10800,'108-Weekday-1-26-09-1110100',1504,,216292,16,,,1
10800,'108-Weekday-1-26-09-1111100',541,,216293,16,,,1,60,,216294,16,,,1,20,,216295,16,,,1,21,,216348,16,,,1,10,,216296,16,,,1,50,,216350,16,,,1,10,,216297,16,,,1,10,,216298,16,,,1,10,,216300,16,,,1,10,,216299,16,,,1,10,,216302,16,,,1,50,,216303,16,,,1,2,,216357,16,,,1,8,,216301,16,,,1,16,,216351,16,,,1,17,,216352,16,,,1,57,,216304,16,,,1,20,,216305,16,,,1,20,,216306,16,,,1,60,,216307,16,,,1,20,,216308,16,,,1,20,,216309,16,,,1,60,,216310,16,,,1,20,,216311,16,,,1,20,,216312,16,,,1,60,,216313,16,,,1,20,,216314,16,,,1,20,,216315,16,,,1,60,,216316,16,,,1,20,,216317,16,,,1,20,,216318,16,,,1,60,,216319,16,,,1,20,,216320,16,,,1,20,,216358,16,,,1,10,,216359,16,,,1,51,,216360,16,,,1,10,,216361,16,,,1,10,,216321,16,,,1,10,,216322,16,,,1,10,,216323,16,,,1,10,,216353,16,,,1,50,,216324,16,,,1,10,,216325,16,,,1,10,,216354,16,,,1,10,,216326,16,,,1,10,,216327,16,,,1,10,,216355,16,,,1,50,,216328,16,,,1,10,,216329,16,,,1,10,,216331,16,,,1,10,,216330,16,,,1,17,,216356,16,,,1,58,,216332,16,,,1,20,,216333,16,,,1,19,,216334,16,,,1,60,,216335,16,,,1,20,,216336,16,,,1,20,,216337,16,,,1,60,,216338,16,,,1,20,,216339,16,,,1,20,,216340,16,,,1,60,,216341,16,,,1,20,,216342,16,,,1,20,,216343,16,,,1,60,,216349,16,,,1,30,,216344,16,,,1,70,,216345,16,,,1,30,,216346,16,,,1,70,,216347,16,,,1
10800,'108-Weekday-2-26-09-1110100',1504,,216362,16,,,1
10800,'108-Weekday-2-26-09-1111100',541,,216363,16,,,1,60,,216364,16,,,1,20,,216365,16,,,1,21,,216418,16,,,1,10,,216366,16,,,1,50,,216420,16,,,1,10,,216367,16,,,1,10,,216368,16,,,1,10,,216370,16,,,1,10,,216369,16,,,1,10,,216372,16,,,1,50,,216373,16,,,1,2,,216427,16,,,1,8,,216371,16,,,1,16,,216421,16,,,1,17,,216422,16,,,1,57,,216374,16,,,1,20,,216375,16,,,1,20,,216376,16,,,1,60,,216377,16,,,1,20,,216378,16,,,1,20,,216379,16,,,1,60,,216380,16,,,1,20,,216381,16,,,1,20,,216382,16,,,1,60,,216383,16,,,1,20,,216384,16,,,1,20,,216385,16,,,1,60,,216386,16,,,1,20,,216387,16,,,1,20,,216388,16,,,1,60,,216389,16,,,1,20,,216390,16,,,1,20,,216428,16,,,1,10,,216429,16,,,1,51,,216430,16,,,1,10,,216431,16,,,1,10,,216391,16,,,1,10,,216392,16,,,1,10,,216393,16,,,1,10,,216423,16,,,1,50,,216394,16,,,1,10,,216395,16,,,1,10,,216424,16,,,1,10,,216396,16,,,1,10,,216397,16,,,1,10,,216425,16,,,1,50,,216398,16,,,1,10,,216399,16,,,1,10,,216401,16,,,1,10,,216400,16,,,1,17,,216426,16,,,1,58,,216402,16,,,1,20,,216403,16,,,1,19,,216404,16,,,1,60,,216405,16,,,1,20,,216406,16,,,1,20,,216407,16,,,1,60,,216408,16,,,1,20,,216409,16,,,1,20,,216410,16,,,1,60,,216411,16,,,1,20,,216412,16,,,1,20,,216413,16,,,1,60,,216419,16,,,1,30,,216414,16,,,1,70,,216415,16,,,1,30,,216416,16,,,1,70,,216417,16,,,1
10800,'108-Weekday-3-26-09-1111100',541,,259843,16,,,1,60,,259844,16,,,1,20,,259845,16,,,1,21,,259898,16,,,1,10,,259846,16,,,1,50,,259900,16,,,1,10,,259847,16,,,1,10,,259848,16,,,1,10,,259850,16,,,1,10,,259849,16,,,1,10,,259852,16,,,1,50,,259853,16,,,1,10,,259851,16,,,1,16,,259901,16,,,1,17,,259902,16,,,1,57,,259854,16,,,1,20,,259855,16,,,1,20,,259856,16,,,1,60,,259857,16,,,1,20,,259858,16,,,1,20,,259859,16,,,1,60,,259860,16,,,1,20,,259861,16,,,1,20,,259862,16,,,1,60,,259863,16,,,1,20,,259864,16,,,1,20,,259865,16,,,1,60,,259866,16,,,1,20,,259867,16,,,1,20,,259868,16,,,1,60,,259869,16,,,1,20,,259870,16,,,1,20,,259907,16,,,1,10,,259908,16,,,1,51,,259909,16,,,1,10,,259910,16,,,1,10,,259871,16,,,1,10,,259872,16,,,1,10,,259873,16,,,1,10,,259903,16,,,1,50,,259874,16,,,1,10,,259875,16,,,1,10,,259904,16,,,1,10,,259876,16,,,1,10,,259877,16,,,1,10,,259905,16,,,1,50,,259878,16,,,1,10,,259879,16,,,1,10,,259881,16,,,1,10,,259880,16,,,1,17,,259906,16,,,1,58,,259882,16,,,1,20,,259883,16,,,1,19,,259884,16,,,1,60,,259885,16,,,1,20,,259886,16,,,1,20,,259887,16,,,1,60,,259888,16,,,1,20,,259889,16,,,1,20,,259890,16,,,1,60,,259891,16,,,1,20,,259892,16,,,1,20,,259893,16,,,1,60,,259899,16,,,1,30,,259894,16,,,1,70,,259895,16,,,1,30,,259896,16,,,1,70,,259897,16,,,1
10800,'108-Weekday-4-26-09-1111100',541,,216432,16,,,1,60,,216433,16,,,1,20,,216434,16,,,1,21,,216487,16,,,1,10,,216435,16,,,1,50,,216489,16,,,1,10,,216436,16,,,1,10,,216437,16,,,1,10,,216439,16,,,1,10,,216438,16,,,1,10,,216441,16,,,1,50,,216442,16,,,1,10,,216440,16,,,1,16,,216490,16,,,1,17,,216491,16,,,1,57,,216443,16,,,1,20,,216444,16,,,1,20,,216445,16,,,1,60,,216446,16,,,1,20,,216447,16,,,1,20,,216448,16,,,1,60,,216449,16,,,1,20,,216450,16,,,1,20,,216451,16,,,1,60,,216452,16,,,1,20,,216453,16,,,1,20,,216454,16,,,1,60,,216455,16,,,1,20,,216456,16,,,1,20,,216457,16,,,1,60,,216458,16,,,1,20,,216459,16,,,1,20,,216496,16,,,1,10,,216497,16,,,1,51,,216498,16,,,1,10,,216499,16,,,1,10,,216460,16,,,1,10,,216461,16,,,1,10,,216462,16,,,1,10,,216492,16,,,1,50,,216463,16,,,1,10,,216464,16,,,1,10,,216493,16,,,1,10,,216465,16,,,1,10,,216466,16,,,1,10,,216494,16,,,1,50,,216467,16,,,1,10,,216468,16,,,1,10,,216470,16,,,1,10,,216469,16,,,1,17,,216495,16,,,1,58,,216471,16,,,1,20,,216472,16,,,1,19,,216473,16,,,1,60,,216474,16,,,1,20,,216475,16,,,1,20,,216476,16,,,1,60,,216477,16,,,1,20,,216478,16,,,1,20,,216479,16,,,1,60,,216480,16,,,1,20,,216481,16,,,1,20,,216482,16,,,1,60,,216488,16,,,1,30,,216483,16,,,1,70,,216484,16,,,1,30,,216485,16,,,1,70,,216486,16,,,1
10800,'108-Weekday-5-26-09-1111100',541,,259911,16,,,1,60,,259912,16,,,1,20,,259913,16,,,1,21,,259966,16,,,1,10,,259914,16,,,1,50,,259968,16,,,1,10,,259915,16,,,1,10,,259916,16,,,1,10,,259918,16,,,1,10,,259917,16,,,1,10,,259920,16,,,1,50,,259921,16,,,1,10,,259919,16,,,1,16,,259969,16,,,1,17,,259970,16,,,1,57,,259922,16,,,1,20,,259923,16,,,1,20,,259924,16,,,1,60,,259925,16,,,1,20,,259926,16,,,1,20,,259927,16,,,1,60,,259928,16,,,1,20,,259929,16,,,1,20,,259930,16,,,1,60,,259931,16,,,1,20,,259932,16,,,1,20,,259933,16,,,1,60,,259934,16,,,1,20,,259935,16,,,1,20,,259936,16,,,1,60,,259937,16,,,1,20,,259938,16,,,1,20,,259975,16,,,1,10,,259976,16,,,1,51,,259977,16,,,1,10,,259978,16,,,1,10,,259939,16,,,1,10,,259940,16,,,1,10,,259941,16,,,1,10,,259971,16,,,1,50,,259942,16,,,1,10,,259943,16,,,1,10,,259972,16,,,1,10,,259944,16,,,1,10,,259945,16,,,1,10,,259973,16,,,1,50,,259946,16,,,1,10,,259947,16,,,1,10,,259949,16,,,1,10,,259948,16,,,1,17,,259974,16,,,1,58,,259950,16,,,1,20,,259951,16,,,1,19,,259952,16,,,1,60,,259953,16,,,1,20,,259954,16,,,1,20,,259955,16,,,1,60,,259956,16,,,1,20,,259957,16,,,1,20,,259958,16,,,1,60,,259959,16,,,1,20,,259960,16,,,1,20,,259961,16,,,1,60,,259967,16,,,1,30,,259962,16,,,1,70,,259963,16,,,1,30,,259964,16,,,1,70,,259965,16,,,1
10800,'108-Weekday-6-26-09-1110100',1504,,259979,16,,,1
10800,'108-Weekday-6-26-09-1111100',541,,259980,16,,,1,60,,259981,16,,,1,20,,259982,16,,,1,21,,260035,16,,,1,10,,259983,16,,,1,50,,260037,16,,,1,10,,259984,16,,,1,10,,259985,16,,,1,10,,259987,16,,,1,10,,259986,16,,,1,10,,259989,16,,,1,50,,259990,16,,,1,2,,260044,16,,,1,8,,259988,16,,,1,16,,260038,16,,,1,17,,260039,16,,,1,57,,259991,16,,,1,20,,259992,16,,,1,20,,259993,16,,,1,60,,259994,16,,,1,20,,259995,16,,,1,20,,259996,16,,,1,60,,259997,16,,,1,20,,259998,16,,,1,20,,259999,16,,,1,60,,260000,16,,,1,20,,260001,16,,,1,20,,260002,16,,,1,60,,260003,16,,,1,20,,260004,16,,,1,20,,260005,16,,,1,60,,260006,16,,,1,20,,260007,16,,,1,20,,260045,16,,,1,10,,260046,16,,,1,51,,260047,16,,,1,10,,260048,16,,,1,10,,260008,16,,,1,10,,260009,16,,,1,10,,260010,16,,,1,10,,260040,16,,,1,50,,260011,16,,,1,10,,260012,16,,,1,10,,260041,16,,,1,10,,260013,16,,,1,10,,260014,16,,,1,10,,260042,16,,,1,50,,260015,16,,,1,10,,260016,16,,,1,10,,260018,16,,,1,10,,260017,16,,,1,17,,260043,16,,,1,58,,260019,16,,,1,20,,260020,16,,,1,19,,260021,16,,,1,60,,260022,16,,,1,20,,260023,16,,,1,20,,260024,16,,,1,60,,260025,16,,,1,20,,260026,16,,,1,20,,260027,16,,,1,60,,260028,16,,,1,20,,260029,16,,,1,20,,260030,16,,,1,60,,260036,16,,,1,30,,260031,16,,,1,70,,260032,16,,,1,30,,260033,16,,,1,70,,260034,16,,,1
10800,'108-Weekday-7-26-09-1111100',541,,260049,16,,,1,60,,260050,16,,,1,20,,260051,16,,,1,21,,260104,16,,,1,10,,260052,16,,,1,50,,260106,16,,,1,10,,260053,16,,,1,10,,260054,16,,,1,10,,260056,16,,,1,10,,260055,16,,,1,10,,260058,16,,,1,50,,260059,16,,,1,10,,260057,16,,,1,16,,260107,16,,,1,17,,260108,16,,,1,57,,260060,16,,,1,20,,260061,16,,,1,20,,260062,16,,,1,60,,260063,16,,,1,20,,260064,16,,,1,20,,260065,16,,,1,60,,260066,16,,,1,20,,260067,16,,,1,20,,260068,16,,,1,60,,260069,16,,,1,20,,260070,16,,,1,20,,260071,16,,,1,60,,260072,16,,,1,20,,260073,16,,,1,20,,260074,16,,,1,60,,260075,16,,,1,20,,260076,16,,,1,20,,260113,16,,,1,10,,260114,16,,,1,51,,260115,16,,,1,10,,260116,16,,,1,10,,260077,16,,,1,10,,260078,16,,,1,10,,260079,16,,,1,10,,260109,16,,,1,50,,260080,16,,,1,10,,260081,16,,,1,10,,260110,16,,,1,10,,260082,16,,,1,10,,260083,16,,,1,10,,260111,16,,,1,50,,260084,16,,,1,10,,260085,16,,,1,10,,260087,16,,,1,10,,260086,16,,,1,17,,260112,16,,,1,58,,260088,16,,,1,20,,260089,16,,,1,19,,260090,16,,,1,60,,260091,16,,,1,20,,260092,16,,,1,20,,260093,16,,,1,60,,260094,16,,,1,20,,260095,16,,,1,20,,260096,16,,,1,60,,260097,16,,,1,20,,260098,16,,,1,20,,260099,16,,,1,60,,260105,16,,,1,30,,260100,16,,,1,70,,260101,16,,,1,30,,260102,16,,,1,70,,260103,16,,,1
10800,'108-Saturday-1-26-09-0000010',546,,216500,16,,,1,70,,216501,16,,,1,30,,216502,16,,,1,70,,216503,16,,,1,30,,216504,16,,,1,70,,216505,16,,,1,27,,216506,16,,,1,68,,216507,16,,,1,30,,216508,16,,,1,70,,216509,16,,,1,30,,216510,16,,,1,70,,216511,16,,,1,30,,216512,16,,,1,70,,216513,16,,,1,30,,216514,16,,,1,70,,216515,16,,,1,30,,216516,16,,,1,70,,216517,16,,,1,30,,216518,16,,,1,70,,216519,16,,,1,30,,216520,16,,,1,70,,216521,16,,,1,32,,216522,16,,,1,71,,216523,16,,,1,30,,216524,16,,,1,70,,216525,16,,,1,30,,216526,16,,,1,70,,216527,16,,,1,30,,216528,16,,,1,70,,216529,16,,,1,30,,216530,16,,,1,70,,216531,16,,,1,30,,216532,16,,,1,70,,216533,16,,,1,28,,216534,16,,,1,70,,216535,16,,,1,30,,216536,16,,,1
10800,'108-Sunday-1-26-09-0000001',601,,216537,16,,,1,27,,216538,16,,,1,30,,216539,16,,,1,70,,216540,16,,,1,30,,216541,16,,,1,70,,216542,16,,,1,30,,216543,16,,,1,70,,216544,16,,,1,30,,216545,16,,,1,70,,216546,16,,,1,30,,216547,16,,,1,70,,216548,16,,,1,30,,216549,16,,,1,70,,216550,16,,,1,30,,216551,16,,,1,70,,216552,16,,,1,30,,216553,16,,,1,70,,216554,16,,,1,30,,216555,16,,,1,70,,216556,16,,,1,30,,216557,16,,,1,69,,216558,16,,,1,31,,216559,16,,,1,70,,216560,16,,,1,30,,216561,16,,,1,70,,216562,16,,,1,30,,216563,16,,,1,70,,216564,16,,,1,30,,216565,16,,,1,70,,216566,16,,,1,30,,216567,16,,,1,70,,216568,16,,,1,30,,216569,16,,,1,70,,216570,16,,,1,30,,216571,16,,,1,73,,216572,16,,,1,70,,216573,16,,,1
62700,'627-Weekday-1-26-09-1111100',1531,,227562,27,,,1
62700,'627-Weekday-3-26-09-1111100',1531,,227563,27,,,1
62700,'627-Weekday-7-26-09-1111100',1531,,270393,27,,,1
