10701,'107-Weekday-1-26-09-1111100',544,,216055,24,,,1,70,,216056,24,,,1,32,,216057,24,,,1,10,,216076,24,,,1,50,,216106,24,,,1,10,,216058,24,,,1,10,,216077,24,,,1,10,,216107,24,,,1,10,,216059,24,,,1,10,,216078,24,,,1,45,,216113,24,,,1,5,,216108,24,,,1,10,,216060,24,,,1,5,,216114,24,,,1,5,,216061,24,,,1,10,,216109,24,,,1,10,,216062,24,,,1,13,,216110,24,,,1,52,,216105,24,,,1,13,,216063,24,,,1,20,,216064,24,,,1,60,,216079,24,,,1,20,,216080,24,,,1,20,,216081,24,,,1,60,,216082,24,,,1,20,,216083,24,,,1,20,,216084,24,,,1,60,,216085,24,,,1,20,,216086,24,,,1,20,,216087,24,,,1,60,,216088,24,,,1,20,,216089,24,,,1,20,,216090,24,,,1,60,,216091,24,,,1,20,,216092,24,,,1,20,,216093,24,,,1,61,,216102,24,,,1,16,,216075,24,,,1,15,,216094,24,,,1,15,,216095,24,,,1,55,,216096,24,,,1,15,,216065,24,,,1,15,,216066,24,,,1,15,,216067,24,,,1,55,,216068,24,,,1,15,,216069,24,,,1,15,,216070,24,,,1,20,,216103,24,,,1,61,,216104,24,,,1,20,,216071,24,,,1,69,,216098,24,,,1,30,,216099,24,,,1,70,,216100,24,,,1,30,,216101,24,,,1,70,,216072,24,,,1,30,,216074,24,,,1,70,,216073,24,,,1,30,,216097,24,,,1,100,,216111,24,,,1,100,,216112,24,,,1
10701,'107-Weekday-2-26-09-1111100',544,,216115,24,,,1,70,,216116,24,,,1,32,,216117,24,,,1,10,,216136,24,,,1,50,,216166,24,,,1,10,,216118,24,,,1,10,,216137,24,,,1,10,,216167,24,,,1,10,,216119,24,,,1,10,,216138,24,,,1,45,,216173,24,,,1,5,,216168,24,,,1,10,,216120,24,,,1,5,,216174,24,,,1,5,,216121,24,,,1,10,,216169,24,,,1,10,,216122,24,,,1,13,,216170,24,,,1,52,,216165,24,,,1,13,,216123,24,,,1,20,,216124,24,,,1,60,,216139,24,,,1,20,,216140,24,,,1,20,,216141,24,,,1,60,,216142,24,,,1,20,,216143,24,,,1,20,,216144,24,,,1,60,,216145,24,,,1,20,,216146,24,,,1,20,,216147,24,,,1,60,,216148,24,,,1,20,,216149,24,,,1,20,,216150,24,,,1,60,,216151,24,,,1,20,,216152,24,,,1,20,,216153,24,,,1,61,,216162,24,,,1,16,,216135,24,,,1,15,,216154,24,,,1,15,,216155,24,,,1,55,,216156,24,,,1,15,,216125,24,,,1,15,,216126,24,,,1,15,,216127,24,,,1,55,,216128,24,,,1,15,,216129,24,,,1,15,,216130,24,,,1,20,,216163,24,,,1,61,,216164,24,,,1,20,,216131,24,,,1,69,,216158,24,,,1,30,,216159,24,,,1,70,,216160,24,,,1,30,,216161,24,,,1,70,,216132,24,,,1,30,,216134,24,,,1,70,,216133,24,,,1,30,,216157,24,,,1,100,,216171,24,,,1,100,,216172,24,,,1
10701,'107-Weekday-3-26-09-1111100',544,,259607,24,,,1,70,,259608,24,,,1,32,,259609,24,,,1,10,,259628,24,,,1,50,,259658,24,,,1,10,,259610,24,,,1,10,,259629,24,,,1,10,,259659,24,,,1,10,,259611,24,,,1,10,,259630,24,,,1,45,,259665,24,,,1,5,,259660,24,,,1,10,,259612,24,,,1,5,,259666,24,,,1,5,,259613,24,,,1,10,,259661,24,,,1,10,,259614,24,,,1,13,,259662,24,,,1,52,,259657,24,,,1,13,,259615,24,,,1,20,,259616,24,,,1,60,,259631,24,,,1,20,,259632,24,,,1,20,,259633,24,,,1,60,,259634,24,,,1,20,,259635,24,,,1,20,,259636,24,,,1,60,,259637,24,,,1,20,,259638,24,,,1,20,,259639,24,,,1,60,,259640,24,,,1,20,,259641,24,,,1,20,,259642,24,,,1,60,,259643,24,,,1,20,,259644,24,,,1,20,,259645,24,,,1,61,,259654,24,,,1,16,,259627,24,,,1,15,,259646,24,,,1,15,,259647,24,,,1,55,,259648,24,,,1,15,,259617,24,,,1,15,,259618,24,,,1,15,,259619,24,,,1,55,,259620,24,,,1,15,,259621,24,,,1,15,,259622,24,,,1,20,,259655,24,,,1,61,,259656,24,,,1,20,,259623,24,,,1,69,,259650,24,,,1,30,,259651,24,,,1,70,,259652,24,,,1,30,,259653,24,,,1,70,,259624,24,,,1,30,,259626,24,,,1,70,,259625,24,,,1,30,,259649,24,,,1,100,,259663,24,,,1,100,,259664,24,,,1
10701,'107-Weekday-4-26-09-1111100',544,,216175,24,,,1,70,,216176,24,,,1,32,,216177,24,,,1,10,,216196,24,,,1,50,,216226,24,,,1,10,,216178,24,,,1,10,,216197,24,,,1,10,,216227,24,,,1,10,,216179,24,,,1,10,,216198,24,,,1,50,,216228,24,,,1,10,,216180,24,,,1,10,,216181,24,,,1,10,,216229,24,,,1,10,,216182,24,,,1,13,,216230,24,,,1,52,,216225,24,,,1,13,,216183,24,,,1,20,,216184,24,,,1,60,,216199,24,,,1,20,,216200,24,,,1,20,,216201,24,,,1,60,,216202,24,,,1,20,,216203,24,,,1,20,,216204,24,,,1,60,,216205,24,,,1,20,,216206,24,,,1,20,,216207,24,,,1,60,,216208,24,,,1,20,,216209,24,,,1,20,,216210,24,,,1,60,,216211,24,,,1,20,,216212,24,,,1,20,,216213,24,,,1,61,,216222,24,,,1,16,,216195,24,,,1,15,,216214,24,,,1,15,,216215,24,,,1,55,,216216,24,,,1,15,,216185,24,,,1,15,,216186,24,,,1,15,,216187,24,,,1,55,,216188,24,,,1,15,,216189,24,,,1,15,,216190,24,,,1,20,,216223,24,,,1,61,,216224,24,,,1,20,,216191,24,,,1,69,,216218,24,,,1,30,,216219,24,,,1,70,,216220,24,,,1,30,,216221,24,,,1,70,,216192,24,,,1,30,,216194,24,,,1,70,,216193,24,,,1,30,,216217,24,,,1,100,,216231,24,,,1,100,,216232,24,,,1
10701,'107-Weekday-5-26-09-1111100',544,,259667,24,,,1,70,,259668,24,,,1,32,,259669,24,,,1,10,,259688,24,,,1,50,,259718,24,,,1,10,,259670,24,,,1,10,,259689,24,,,1,10,,259719,24,,,1,10,,259671,24,,,1,10,,259690,24,,,1,50,,259720,24,,,1,10,,259672,24,,,1,10,,259673,24,,,1,10,,259721,24,,,1,10,,259674,24,,,1,13,,259722,24,,,1,52,,259717,24,,,1,13,,259675,24,,,1,20,,259676,24,,,1,60,,259691,24,,,1,20,,259692,24,,,1,20,,259693,24,,,1,60,,259694,24,,,1,20,,259695,24,,,1,20,,259696,24,,,1,60,,259697,24,,,1,20,,259698,24,,,1,20,,259699,24,,,1,60,,259700,24,,,1,20,,259701,24,,,1,20,,259702,24,,,1,60,,259703,24,,,1,20,,259704,24,,,1,20,,259705,24,,,1,61,,259714,24,,,1,16,,259687,24,,,1,15,,259706,24,,,1,15,,259707,24,,,1,55,,259708,24,,,1,15,,259677,24,,,1,15,,259678,24,,,1,15,,259679,24,,,1,55,,259680,24,,,1,15,,259681,24,,,1,15,,259682,24,,,1,20,,259715,24,,,1,61,,259716,24,,,1,20,,259683,24,,,1,69,,259710,24,,,1,30,,259711,24,,,1,70,,259712,24,,,1,30,,259713,24,,,1,70,,259684,24,,,1,30,,259686,24,,,1,70,,259685,24,,,1,30,,259709,24,,,1,100,,259723,24,,,1,100,,259724,24,,,1
10701,'107-Weekday-6-26-09-1111100',544,,259725,24,,,1,70,,259726,24,,,1,32,,259727,24,,,1,10,,259746,24,,,1,50,,259776,24,,,1,10,,259728,24,,,1,10,,259747,24,,,1,10,,259777,24,,,1,10,,259729,24,,,1,10,,259748,24,,,1,45,,259783,24,,,1,5,,259778,24,,,1,10,,259730,24,,,1,5,,259784,24,,,1,5,,259731,24,,,1,10,,259779,24,,,1,10,,259732,24,,,1,13,,259780,24,,,1,52,,259775,24,,,1,13,,259733,24,,,1,20,,259734,24,,,1,60,,259749,24,,,1,20,,259750,24,,,1,20,,259751,24,,,1,60,,259752,24,,,1,20,,259753,24,,,1,20,,259754,24,,,1,60,,259755,24,,,1,20,,259756,24,,,1,20,,259757,24,,,1,60,,259758,24,,,1,20,,259759,24,,,1,20,,259760,24,,,1,60,,259761,24,,,1,20,,259762,24,,,1,20,,259763,24,,,1,61,,259772,24,,,1,16,,259745,24,,,1,15,,259764,24,,,1,15,,259765,24,,,1,55,,259766,24,,,1,15,,259735,24,,,1,15,,259736,24,,,1,15,,259737,24,,,1,55,,259738,24,,,1,15,,259739,24,,,1,15,,259740,24,,,1,20,,259773,24,,,1,61,,259774,24,,,1,20,,259741,24,,,1,69,,259768,24,,,1,30,,259769,24,,,1,70,,259770,24,,,1,30,,259771,24,,,1,70,,259742,24,,,1,30,,259744,24,,,1,70,,259743,24,,,1,30,,259767,24,,,1,100,,259781,24,,,1,100,,259782,24,,,1
10701,'107-Weekday-7-26-09-1111100',544,,259785,24,,,1,70,,259786,24,,,1,32,,259787,24,,,1,10,,259806,24,,,1,50,,259836,24,,,1,10,,259788,24,,,1,10,,259807,24,,,1,10,,259837,24,,,1,10,,259789,24,,,1,10,,259808,24,,,1,50,,259838,24,,,1,10,,259790,24,,,1,10,,259791,24,,,1,10,,259839,24,,,1,10,,259792,24,,,1,13,,259840,24,,,1,52,,259835,24,,,1,13,,259793,24,,,1,20,,259794,24,,,1,60,,259809,24,,,1,20,,259810,24,,,1,20,,259811,24,,,1,60,,259812,24,,,1,20,,259813,24,,,1,20,,259814,24,,,1,60,,259815,24,,,1,20,,259816,24,,,1,20,,259817,24,,,1,60,,259818,24,,,1,20,,259819,24,,,1,20,,259820,24,,,1,60,,259821,24,,,1,20,,259822,24,,,1,20,,259823,24,,,1,61,,259832,24,,,1,16,,259805,24,,,1,15,,259824,24,,,1,15,,259825,24,,,1,55,,259826,24,,,1,15,,259795,24,,,1,15,,259796,24,,,1,15,,259797,24,,,1,55,,259798,24,,,1,15,,259799,24,,,1,15,,259800,24,,,1,20,,259833,24,,,1,61,,259834,24,,,1,20,,259801,24,,,1,69,,259828,24,,,1,30,,259829,24,,,1,70,,259830,24,,,1,30,,259831,24,,,1,70,,259802,24,,,1,30,,259804,24,,,1,70,,259803,24,,,1,30,,259827,24,,,1,100,,259841,24,,,1,100,,259842,24,,,1
10701,'107-Saturday-1-26-09-0000010',607,,216256,24,,,1,100,,216257,24,,,1,100,,216258,24,,,1,30,,216259,24,,,1,70,,216233,24,,,1,31,,216236,24,,,1,70,,216237,24,,,1,30,,216238,24,,,1,70,,216239,24,,,1,30,,216240,24,,,1,70,,216241,24,,,1,30,,216242,24,,,1,70,,216243,24,,,1,30,,216244,24,,,1,70,,216245,24,,,1,30,,216246,24,,,1,70,,216247,24,,,1,30,,216248,24,,,1,70,,216249,24,,,1,30,,216250,24,,,1,71,,216234,24,,,1,28,,216235,24,,,1,70,,216251,24,,,1,30,,216260,24,,,1,70,,216261,24,,,1,30,,216262,24,,,1,70,,216263,24,,,1,100,,216252,24,,,1,100,,216253,24,,,1,100,,216254,24,,,1,100,,216255,24,,,1
10701,'107-Sunday-1-26-09-0000001',553,,216291,24,,,1,100,,216284,24,,,1,100,,216285,24,,,1,100,,216265,24,,,1,103,,216264,24,,,1,100,,216266,24,,,1,70,,216267,24,,,1,30,,216268,24,,,1,70,,216269,24,,,1,30,,216270,24,,,1,70,,216271,24,,,1,30,,216272,24,,,1,70,,216273,24,,,1,30,,216274,24,,,1,70,,216275,24,,,1,30,,216276,24,,,1,70,,216277,24,,,1,30,,216278,24,,,1,69,,216279,24,,,1,30,,216280,24,,,1,70,,216281,24,,,1,30,,216282,24,,,1,70,,216283,24,,,1,30,,216286,24,,,1,100,,216287,24,,,1,100,,216288,24,,,1,100,,216289,24,,,1,100,,216290,24,,,1
62601,'626-Weekday-1-26-09-1111100',715,,227558,11,,,1,5,,227559,11,,,1,5,,227560,11,,,1,5,,227561,11,,,1
62601,'626-Weekday-4-26-09-1111100',715,,270385,11,,,1,5,,270386,11,,,1,5,,270387,11,,,1,5,,270388,11,,,1
62601,'626-Weekday-7-26-09-1111100',715,,270389,11,,,1,5,,270390,11,,,1,5,,270391,11,,,1,5,,270392,11,,,1
62801,'628-Weekday-1-26-09-1111100',807,,227568,11,,,1
62801,'628-Weekday-3-26-09-1111100',807,,227569,11,,,1
62801,'628-Weekday-7-26-09-1111100',807,,270396,11,,,1
