11101,'111-Weekday-1-26-09-1111100',1029,,217243,71,0,17,1,100,,217244,71,0,17,1,100,,217245,71,0,17,1,100,,217246,71,0,17,1,100,,217247,71,0,17,1,101,,217248,71,0,17,1,100,,217249,71,0,17,1
11101,'111-Weekday-2-26-09-1111100',1029,,217250,71,0,17,1,100,,217251,71,0,17,1,100,,217252,71,0,17,1,100,,217253,71,0,17,1,100,,217254,71,0,17,1,101,,217255,71,0,17,1,100,,217256,71,0,17,1
11101,'111-Weekday-3-26-09-1111100',1029,,260774,71,0,17,1,100,,260775,71,0,17,1,100,,260776,71,0,17,1,100,,260777,71,0,17,1,100,,260778,71,0,17,1,101,,260779,71,0,17,1,100,,260780,71,0,17,1
11101,'111-Weekday-4-26-09-1111100',1029,,217257,71,0,17,1,100,,217258,71,0,17,1,100,,217259,71,0,17,1,100,,217260,71,0,17,1,100,,217261,71,0,17,1,101,,217262,71,0,17,1,100,,217263,71,0,17,1
11101,'111-Weekday-5-26-09-1111100',1029,,260781,71,0,17,1,100,,260782,71,0,17,1,100,,260783,71,0,17,1,100,,260784,71,0,17,1,100,,260785,71,0,17,1,101,,260786,71,0,17,1,100,,260787,71,0,17,1
11101,'111-Weekday-6-26-09-1111100',1029,,260788,71,0,17,1,100,,260789,71,0,17,1,100,,260790,71,0,17,1,100,,260791,71,0,17,1,100,,260792,71,0,17,1,101,,260793,71,0,17,1,100,,260794,71,0,17,1
11101,'111-Weekday-7-26-09-1111100',1029,,260795,71,0,17,1,100,,260796,71,0,17,1,100,,260797,71,0,17,1,100,,260798,71,0,17,1,100,,260799,71,0,17,1,101,,260800,71,0,17,1,100,,260801,71,0,17,1
11101,'111-Saturday-1-26-09-0000010',1012,,217264,64,0,17,1,100,,217266,64,0,17,1,100,,217267,64,0,17,1,100,,217268,64,0,17,1,100,,217269,64,0,17,1,100,,217270,64,0,17,1,100,,217265,64,0,17,1
90900,'909-Weekday-1-26-09-1111100',616,,238362,17,,,1,32,,238365,17,,,1,63,,238331,17,,,1,20,,238358,17,,,1,20,,238332,17,,,1,60,,238366,17,,,1,20,,238357,17,,,1,20,,238367,17,,,1,60,,238364,17,,,1,20,,238333,17,,,1,23,,238334,17,,,1,70,,238335,17,,,1,30,,238336,17,,,1,70,,238337,17,,,1,30,,238338,17,,,1,70,,238339,17,,,1,30,,238340,17,,,1,70,,238341,17,,,1,30,,238342,17,,,1,70,,238343,17,,,1,30,,238344,17,,,1,71,,238363,17,,,1,28,,238359,17,,,1,60,,238345,17,,,1,20,,238346,17,,,1,20,,238356,17,,,1,60,,238347,17,,,1,20,,238368,17,,,1,20,,238355,17,,,1,60,,238369,17,,,1,28,,238370,17,,,1,70,,238349,17,,,1,30,,238350,17,,,1,70,,238351,17,,,1,30,,238352,17,,,1,70,,238353,17,,,1,30,,238348,17,,,1,70,,238354,17,,,1,100,,238360,17,,,1,100,,238361,17,,,1
90900,'909-Weekday-2-26-09-1111100',616,,238402,17,,,1,32,,238405,17,,,1,63,,238371,17,,,1,20,,238398,17,,,1,20,,238372,17,,,1,60,,238406,17,,,1,20,,238397,17,,,1,20,,238407,17,,,1,60,,238404,17,,,1,20,,238373,17,,,1,23,,238374,17,,,1,70,,238375,17,,,1,30,,238376,17,,,1,70,,238377,17,,,1,30,,238378,17,,,1,70,,238379,17,,,1,30,,238380,17,,,1,70,,238381,17,,,1,30,,238382,17,,,1,70,,238383,17,,,1,30,,238384,17,,,1,71,,238403,17,,,1,28,,238399,17,,,1,60,,238385,17,,,1,20,,238386,17,,,1,20,,238396,17,,,1,60,,238387,17,,,1,20,,238408,17,,,1,20,,238395,17,,,1,60,,238409,17,,,1,28,,238410,17,,,1,70,,238389,17,,,1,30,,238390,17,,,1,70,,238391,17,,,1,30,,238392,17,,,1,70,,238393,17,,,1,30,,238388,17,,,1,70,,238394,17,,,1,100,,238400,17,,,1,100,,238401,17,,,1
90900,'909-Weekday-3-26-09-1111100',616,,281021,17,,,1,32,,281024,17,,,1,63,,280990,17,,,1,20,,281017,17,,,1,20,,280991,17,,,1,60,,281025,17,,,1,20,,281016,17,,,1,20,,281026,17,,,1,60,,281023,17,,,1,20,,280992,17,,,1,23,,280993,17,,,1,70,,280994,17,,,1,30,,280995,17,,,1,70,,280996,17,,,1,30,,280997,17,,,1,70,,280998,17,,,1,30,,280999,17,,,1,70,,281000,17,,,1,30,,281001,17,,,1,70,,281002,17,,,1,30,,281003,17,,,1,71,,281022,17,,,1,28,,281018,17,,,1,60,,281004,17,,,1,20,,281005,17,,,1,20,,281015,17,,,1,60,,281006,17,,,1,20,,281027,17,,,1,20,,281014,17,,,1,60,,281028,17,,,1,28,,281029,17,,,1,70,,281008,17,,,1,30,,281009,17,,,1,70,,281010,17,,,1,30,,281011,17,,,1,70,,281012,17,,,1,30,,281007,17,,,1,70,,281013,17,,,1,100,,281019,17,,,1,100,,281020,17,,,1
90900,'909-Weekday-4-26-09-1111100',616,,238442,17,,,1,32,,238445,17,,,1,63,,238411,17,,,1,20,,238438,17,,,1,20,,238412,17,,,1,60,,238446,17,,,1,20,,238437,17,,,1,20,,238447,17,,,1,60,,238444,17,,,1,20,,238413,17,,,1,23,,238414,17,,,1,70,,238415,17,,,1,30,,238416,17,,,1,70,,238417,17,,,1,30,,238418,17,,,1,70,,238419,17,,,1,30,,238420,17,,,1,70,,238421,17,,,1,30,,238422,17,,,1,70,,238423,17,,,1,30,,238424,17,,,1,71,,238443,17,,,1,28,,238439,17,,,1,60,,238425,17,,,1,20,,238426,17,,,1,20,,238436,17,,,1,60,,238427,17,,,1,20,,238448,17,,,1,20,,238435,17,,,1,60,,238449,17,,,1,28,,238450,17,,,1,70,,238429,17,,,1,30,,238430,17,,,1,70,,238431,17,,,1,30,,238432,17,,,1,70,,238433,17,,,1,30,,238428,17,,,1,70,,238434,17,,,1,100,,238440,17,,,1,100,,238441,17,,,1
90900,'909-Weekday-5-26-09-1111100',616,,281061,17,,,1,32,,281064,17,,,1,63,,281030,17,,,1,20,,281057,17,,,1,20,,281031,17,,,1,60,,281065,17,,,1,20,,281056,17,,,1,20,,281066,17,,,1,60,,281063,17,,,1,20,,281032,17,,,1,23,,281033,17,,,1,70,,281034,17,,,1,30,,281035,17,,,1,70,,281036,17,,,1,30,,281037,17,,,1,70,,281038,17,,,1,30,,281039,17,,,1,70,,281040,17,,,1,30,,281041,17,,,1,70,,281042,17,,,1,30,,281043,17,,,1,71,,281062,17,,,1,28,,281058,17,,,1,60,,281044,17,,,1,20,,281045,17,,,1,20,,281055,17,,,1,60,,281046,17,,,1,20,,281067,17,,,1,20,,281054,17,,,1,60,,281068,17,,,1,28,,281069,17,,,1,70,,281048,17,,,1,30,,281049,17,,,1,70,,281050,17,,,1,30,,281051,17,,,1,70,,281052,17,,,1,30,,281047,17,,,1,70,,281053,17,,,1,100,,281059,17,,,1,100,,281060,17,,,1
90900,'909-Weekday-6-26-09-1111100',616,,281101,17,,,1,32,,281104,17,,,1,63,,281070,17,,,1,20,,281097,17,,,1,20,,281071,17,,,1,60,,281105,17,,,1,20,,281096,17,,,1,20,,281106,17,,,1,60,,281103,17,,,1,20,,281072,17,,,1,23,,281073,17,,,1,70,,281074,17,,,1,30,,281075,17,,,1,70,,281076,17,,,1,30,,281077,17,,,1,70,,281078,17,,,1,30,,281079,17,,,1,70,,281080,17,,,1,30,,281081,17,,,1,70,,281082,17,,,1,30,,281083,17,,,1,71,,281102,17,,,1,28,,281098,17,,,1,60,,281084,17,,,1,20,,281085,17,,,1,20,,281095,17,,,1,60,,281086,17,,,1,20,,281107,17,,,1,20,,281094,17,,,1,60,,281108,17,,,1,28,,281109,17,,,1,70,,281088,17,,,1,30,,281089,17,,,1,70,,281090,17,,,1,30,,281091,17,,,1,70,,281092,17,,,1,30,,281087,17,,,1,70,,281093,17,,,1,100,,281099,17,,,1,100,,281100,17,,,1
90900,'909-Weekday-7-26-09-1111100',616,,281141,17,,,1,32,,281144,17,,,1,63,,281110,17,,,1,20,,281137,17,,,1,20,,281111,17,,,1,60,,281145,17,,,1,20,,281136,17,,,1,20,,281146,17,,,1,60,,281143,17,,,1,20,,281112,17,,,1,23,,281113,17,,,1,70,,281114,17,,,1,30,,281115,17,,,1,70,,281116,17,,,1,30,,281117,17,,,1,70,,281118,17,,,1,30,,281119,17,,,1,70,,281120,17,,,1,30,,281121,17,,,1,70,,281122,17,,,1,30,,281123,17,,,1,71,,281142,17,,,1,28,,281138,17,,,1,60,,281124,17,,,1,20,,281125,17,,,1,20,,281135,17,,,1,60,,281126,17,,,1,20,,281147,17,,,1,20,,281134,17,,,1,60,,281148,17,,,1,28,,281149,17,,,1,70,,281128,17,,,1,30,,281129,17,,,1,70,,281130,17,,,1,30,,281131,17,,,1,70,,281132,17,,,1,30,,281127,17,,,1,70,,281133,17,,,1,100,,281139,17,,,1,100,,281140,17,,,1
90900,'909-Saturday-1-26-09-0000010',647,,238451,17,,,1,100,,238452,17,,,1,70,,238453,17,,,1,30,,238454,17,,,1,70,,238455,17,,,1,30,,238456,17,,,1,70,,238457,17,,,1,30,,238458,17,,,1,70,,238459,17,,,1,30,,238460,17,,,1,70,,238461,17,,,1,30,,238462,17,,,1,70,,238463,17,,,1,30,,238464,17,,,1,70,,238465,17,,,1,30,,238466,17,,,1,70,,238467,17,,,1,30,,238468,17,,,1,70,,238469,17,,,1,30,,238470,17,,,1,71,,238471,17,,,1,30,,238472,17,,,1,70,,238473,17,,,1,30,,238474,17,,,1,100,,238477,17,,,1,100,,238476,17,,,1,100,,238475,17,,,1
90900,'909-Sunday-1-26-09-0000001',649,,238478,17,,,1,100,,238479,17,,,1,100,,238480,17,,,1,101,,238481,17,,,1,70,,238482,17,,,1,30,,238483,17,,,1,70,,238484,17,,,1,30,,238485,17,,,1,70,,238486,17,,,1,30,,238487,17,,,1,70,,238488,17,,,1,30,,238489,17,,,1,70,,238490,17,,,1,30,,238491,17,,,1,70,,238492,17,,,1,30,,238493,17,,,1,70,,238494,17,,,1,30,,238495,17,,,1,69,,238496,17,,,1,30,,238497,17,,,1,70,,238498,17,,,1,30,,238499,17,,,1,70,,238500,17,,,1,30,,238502,17,,,1,100,,238501,17,,,1
