50600,'506-Weekday-1-26-09-1111100',520,,221936,5,4,,1,29,,221918,29,4,,1,70,,221919,29,4,,1,33,,221920,29,4,,1,56,,221921,29,4,,1,15,,221937,29,4,,1,15,,221922,29,4,,1,15,,221923,29,4,,1,55,,221924,29,4,,1,15,,221960,29,4,,1,15,,221961,29,4,,1,15,,221939,29,4,,1,69,,221925,29,4,,1,30,,221948,29,4,,1,70,,221949,29,4,,1,30,,221950,29,4,,1,70,,221951,29,4,,1,30,,221952,29,4,,1,70,,221947,29,4,,1,30,,221946,29,4,,1,70,,221945,29,4,,1,30,,221944,29,4,,1,70,,221943,29,4,,1,30,,221942,29,4,,1,61,,221965,9,4,,1,13,,221941,29,4,,1,30,,221940,29,4,,1,47,,221964,29,4,,1,8,,221927,29,4,,1,15,,221938,29,4,,1,15,,221928,29,4,,1,15,,221929,29,4,,1,55,,221930,29,4,,1,15,,221962,29,4,,1,15,,221963,29,4,,1,15,,221926,29,4,,1,70,,221931,29,4,,1,26,,221932,29,4,,1,69,,221953,29,4,,1,30,,221954,29,4,,1,70,,221955,29,4,,1,30,,221956,29,4,,1,70,,221957,29,4,,1,30,,221958,29,4,,1,67,,221959,29,4,,1,30,,221933,29,4,,1,100,,221934,29,4,,1,100,,221935,29,4,,1
50600,'506-Weekday-2-26-09-1111100',520,,221984,5,4,,1,29,,221966,29,4,,1,70,,221967,29,4,,1,33,,221968,29,4,,1,56,,221969,29,4,,1,15,,221985,29,4,,1,15,,221970,29,4,,1,15,,221971,29,4,,1,55,,221972,29,4,,1,15,,222008,29,4,,1,15,,222009,29,4,,1,15,,221987,29,4,,1,69,,221973,29,4,,1,30,,221996,29,4,,1,70,,221997,29,4,,1,30,,221998,29,4,,1,70,,221999,29,4,,1,30,,222000,29,4,,1,70,,221995,29,4,,1,30,,221994,29,4,,1,70,,221993,29,4,,1,30,,221992,29,4,,1,70,,221991,29,4,,1,30,,221990,29,4,,1,61,,222013,9,4,,1,13,,221989,29,4,,1,30,,221988,29,4,,1,47,,222012,29,4,,1,8,,221975,29,4,,1,15,,221986,29,4,,1,15,,221976,29,4,,1,15,,221977,29,4,,1,55,,221978,29,4,,1,15,,222010,29,4,,1,15,,222011,29,4,,1,15,,221974,29,4,,1,70,,221979,29,4,,1,26,,221980,29,4,,1,69,,222001,29,4,,1,30,,222002,29,4,,1,70,,222003,29,4,,1,30,,222004,29,4,,1,70,,222005,29,4,,1,30,,222006,29,4,,1,67,,222007,29,4,,1,30,,221981,29,4,,1,100,,221982,29,4,,1,100,,221983,29,4,,1
50600,'506-Weekday-3-26-09-1111100',520,,265276,5,4,,1,29,,265258,29,4,,1,70,,265259,29,4,,1,33,,265260,29,4,,1,56,,265261,29,4,,1,15,,265277,29,4,,1,15,,265262,29,4,,1,15,,265263,29,4,,1,55,,265264,29,4,,1,15,,265300,29,4,,1,15,,265301,29,4,,1,15,,265279,29,4,,1,69,,265265,29,4,,1,30,,265288,29,4,,1,70,,265289,29,4,,1,30,,265290,29,4,,1,70,,265291,29,4,,1,30,,265292,29,4,,1,70,,265287,29,4,,1,30,,265286,29,4,,1,70,,265285,29,4,,1,30,,265284,29,4,,1,70,,265283,29,4,,1,30,,265282,29,4,,1,74,,265281,29,4,,1,30,,265280,29,4,,1,55,,265267,29,4,,1,15,,265278,29,4,,1,15,,265268,29,4,,1,15,,265269,29,4,,1,55,,265270,29,4,,1,15,,265302,29,4,,1,15,,265303,29,4,,1,15,,265266,29,4,,1,70,,265271,29,4,,1,26,,265272,29,4,,1,69,,265293,29,4,,1,30,,265294,29,4,,1,70,,265295,29,4,,1,30,,265296,29,4,,1,70,,265297,29,4,,1,30,,265298,29,4,,1,67,,265299,29,4,,1,30,,265273,29,4,,1,100,,265274,29,4,,1,100,,265275,29,4,,1
50600,'506-Weekday-4-26-09-1111100',520,,222032,5,4,,1,29,,222014,29,4,,1,70,,222015,29,4,,1,33,,222016,29,4,,1,56,,222017,29,4,,1,15,,222033,29,4,,1,15,,222018,29,4,,1,15,,222019,29,4,,1,55,,222020,29,4,,1,15,,222056,29,4,,1,15,,222057,29,4,,1,15,,222035,29,4,,1,69,,222021,29,4,,1,30,,222044,29,4,,1,70,,222045,29,4,,1,30,,222046,29,4,,1,70,,222047,29,4,,1,30,,222048,29,4,,1,70,,222043,29,4,,1,30,,222042,29,4,,1,70,,222041,29,4,,1,30,,222040,29,4,,1,70,,222039,29,4,,1,30,,222038,29,4,,1,74,,222037,29,4,,1,30,,222036,29,4,,1,55,,222023,29,4,,1,15,,222034,29,4,,1,15,,222024,29,4,,1,15,,222025,29,4,,1,55,,222026,29,4,,1,15,,222058,29,4,,1,15,,222059,29,4,,1,15,,222022,29,4,,1,70,,222027,29,4,,1,26,,222028,29,4,,1,69,,222049,29,4,,1,30,,222050,29,4,,1,70,,222051,29,4,,1,30,,222052,29,4,,1,70,,222053,29,4,,1,30,,222054,29,4,,1,67,,222055,29,4,,1,30,,222029,29,4,,1,100,,222030,29,4,,1,100,,222031,29,4,,1
50600,'506-Weekday-5-26-09-1111100',520,,265322,5,4,,1,29,,265304,29,4,,1,70,,265305,29,4,,1,33,,265306,29,4,,1,56,,265307,29,4,,1,15,,265323,29,4,,1,15,,265308,29,4,,1,15,,265309,29,4,,1,55,,265310,29,4,,1,15,,265346,29,4,,1,15,,265347,29,4,,1,15,,265325,29,4,,1,69,,265311,29,4,,1,30,,265334,29,4,,1,70,,265335,29,4,,1,30,,265336,29,4,,1,70,,265337,29,4,,1,30,,265338,29,4,,1,70,,265333,29,4,,1,30,,265332,29,4,,1,70,,265331,29,4,,1,30,,265330,29,4,,1,70,,265329,29,4,,1,30,,265328,29,4,,1,74,,265327,29,4,,1,30,,265326,29,4,,1,55,,265313,29,4,,1,15,,265324,29,4,,1,15,,265314,29,4,,1,15,,265315,29,4,,1,55,,265316,29,4,,1,15,,265348,29,4,,1,15,,265349,29,4,,1,15,,265312,29,4,,1,70,,265317,29,4,,1,26,,265318,29,4,,1,69,,265339,29,4,,1,30,,265340,29,4,,1,70,,265341,29,4,,1,30,,265342,29,4,,1,70,,265343,29,4,,1,30,,265344,29,4,,1,67,,265345,29,4,,1,30,,265319,29,4,,1,100,,265320,29,4,,1,100,,265321,29,4,,1
50600,'506-Weekday-6-26-09-1111100',520,,265368,5,4,,1,29,,265350,29,4,,1,70,,265351,29,4,,1,33,,265352,29,4,,1,56,,265353,29,4,,1,15,,265369,29,4,,1,15,,265354,29,4,,1,15,,265355,29,4,,1,55,,265356,29,4,,1,15,,265392,29,4,,1,15,,265393,29,4,,1,15,,265371,29,4,,1,69,,265357,29,4,,1,30,,265380,29,4,,1,70,,265381,29,4,,1,30,,265382,29,4,,1,70,,265383,29,4,,1,30,,265384,29,4,,1,70,,265379,29,4,,1,30,,265378,29,4,,1,70,,265377,29,4,,1,30,,265376,29,4,,1,70,,265375,29,4,,1,30,,265374,29,4,,1,61,,265397,9,4,,1,13,,265373,29,4,,1,30,,265372,29,4,,1,47,,265396,29,4,,1,8,,265359,29,4,,1,15,,265370,29,4,,1,15,,265360,29,4,,1,15,,265361,29,4,,1,55,,265362,29,4,,1,15,,265394,29,4,,1,15,,265395,29,4,,1,15,,265358,29,4,,1,70,,265363,29,4,,1,26,,265364,29,4,,1,69,,265385,29,4,,1,30,,265386,29,4,,1,70,,265387,29,4,,1,30,,265388,29,4,,1,70,,265389,29,4,,1,30,,265390,29,4,,1,67,,265391,29,4,,1,30,,265365,29,4,,1,100,,265366,29,4,,1,100,,265367,29,4,,1
50600,'506-Weekday-7-26-09-1111100',520,,265416,5,4,,1,29,,265398,29,4,,1,70,,265399,29,4,,1,33,,265400,29,4,,1,56,,265401,29,4,,1,15,,265417,29,4,,1,15,,265402,29,4,,1,15,,265403,29,4,,1,55,,265404,29,4,,1,15,,265440,29,4,,1,15,,265441,29,4,,1,15,,265419,29,4,,1,69,,265405,29,4,,1,30,,265428,29,4,,1,70,,265429,29,4,,1,30,,265430,29,4,,1,70,,265431,29,4,,1,30,,265432,29,4,,1,70,,265427,29,4,,1,30,,265426,29,4,,1,70,,265425,29,4,,1,30,,265424,29,4,,1,70,,265423,29,4,,1,30,,265422,29,4,,1,74,,265421,29,4,,1,30,,265420,29,4,,1,55,,265407,29,4,,1,15,,265418,29,4,,1,15,,265408,29,4,,1,15,,265409,29,4,,1,55,,265410,29,4,,1,15,,265442,29,4,,1,15,,265443,29,4,,1,15,,265406,29,4,,1,70,,265411,29,4,,1,26,,265412,29,4,,1,69,,265433,29,4,,1,30,,265434,29,4,,1,70,,265435,29,4,,1,30,,265436,29,4,,1,70,,265437,29,4,,1,30,,265438,29,4,,1,67,,265439,29,4,,1,30,,265413,29,4,,1,100,,265414,29,4,,1,100,,265415,29,4,,1
50600,'506-Saturday-1-26-09-0000010',537,,222090,5,4,,1,100,,222060,29,4,,1,100,,222061,29,4,,1,70,,222091,5,4,,1,28,,222062,29,4,,1,69,,222063,29,4,,1,33,,222064,29,4,,1,70,,222065,29,4,,1,30,,222066,29,4,,1,70,,222067,29,4,,1,30,,222068,29,4,,1,70,,222069,29,4,,1,30,,222070,29,4,,1,70,,222071,29,4,,1,30,,222072,29,4,,1,70,,222073,29,4,,1,30,,222074,29,4,,1,70,,222075,29,4,,1,30,,222076,29,4,,1,70,,222077,29,4,,1,30,,222078,29,4,,1,71,,222079,29,4,,1,29,,222080,29,4,,1,70,,222081,29,4,,1,30,,222082,29,4,,1,70,,222083,29,4,,1,30,,222084,29,4,,1,85,,222085,29,4,,1,100,,222086,29,4,,1,100,,222087,29,4,,1,100,,222088,29,4,,1,100,,222089,29,4,,1
50600,'506-Sunday-1-26-09-0000001',541,,222119,5,4,,1,98,,222092,29,4,,1,100,,222093,29,4,,1,100,,222094,29,4,,1,99,,222095,29,4,,1,70,,222118,5,4,,1,30,,222096,29,4,,1,70,,222097,29,4,,1,30,,222098,29,4,,1,70,,222099,29,4,,1,30,,222100,29,4,,1,70,,222101,29,4,,1,30,,222102,29,4,,1,70,,222103,29,4,,1,30,,222104,29,4,,1,70,,222105,29,4,,1,30,,222106,29,4,,1,70,,222107,29,4,,1,30,,222108,29,4,,1,70,,222109,29,4,,1,31,,222110,29,4,,1,70,,222111,29,4,,1,30,,222112,29,4,,1,85,,222113,29,4,,1,100,,222114,29,4,,1,100,,222115,29,4,,1,100,,222116,29,4,,1,100,,222117,29,4,,1
50601,'506-Weekday-1-26-09-1111100',520,,222159,1,,,1,29,,222120,1,,,1,70,,222121,1,,,1,33,,222122,1,,,1,56,,222123,1,,,1,15,,222160,1,,,1,15,,222124,1,,,1,15,,222125,1,,,1,55,,222126,1,,,1,15,,222162,1,,,1,15,,222163,1,,,1,15,,222127,1,,,1,69,,222128,1,,,1,30,,222129,1,,,1,70,,222130,1,,,1,30,,222131,1,,,1,70,,222132,1,,,1,30,,222133,1,,,1,70,,222134,1,,,1,30,,222135,1,,,1,70,,222136,1,,,1,30,,222137,1,,,1,70,,222138,1,,,1,30,,222139,1,,,1,61,,222166,1,0,48,1,13,,222140,1,,,1,30,,222141,1,,,1,47,,222167,1,0,48,1,8,,222142,1,,,1,15,,222161,1,,,1,15,,222143,1,,,1,15,,222144,1,,,1,55,,222145,1,,,1,15,,222164,1,,,1,15,,222165,1,,,1,15,,222146,1,,,1,70,,222147,1,,,1,26,,222148,1,,,1,69,,222149,1,,,1,30,,222150,1,,,1,70,,222151,1,,,1,30,,222152,1,,,1,70,,222153,1,,,1,30,,222154,1,,,1,68,,222155,1,,,1,29,,222156,1,,,1,100,,222157,1,,,1,100,,222158,1,0,48,1
50601,'506-Weekday-2-26-09-1111100',520,,222207,1,,,1,29,,222168,1,,,1,70,,222169,1,,,1,33,,222170,1,,,1,56,,222171,1,,,1,15,,222208,1,,,1,15,,222172,1,,,1,15,,222173,1,,,1,55,,222174,1,,,1,15,,222210,1,,,1,15,,222211,1,,,1,15,,222175,1,,,1,69,,222176,1,,,1,30,,222177,1,,,1,70,,222178,1,,,1,30,,222179,1,,,1,70,,222180,1,,,1,30,,222181,1,,,1,70,,222182,1,,,1,30,,222183,1,,,1,70,,222184,1,,,1,30,,222185,1,,,1,70,,222186,1,,,1,30,,222187,1,,,1,61,,222214,1,0,48,1,13,,222188,1,,,1,30,,222189,1,,,1,47,,222215,1,0,48,1,8,,222190,1,,,1,15,,222209,1,,,1,15,,222191,1,,,1,15,,222192,1,,,1,55,,222193,1,,,1,15,,222212,1,,,1,15,,222213,1,,,1,15,,222194,1,,,1,70,,222195,1,,,1,26,,222196,1,,,1,69,,222197,1,,,1,30,,222198,1,,,1,70,,222199,1,,,1,30,,222200,1,,,1,70,,222201,1,,,1,30,,222202,1,,,1,68,,222203,1,,,1,29,,222204,1,,,1,100,,222205,1,,,1,100,,222206,1,0,48,1
50601,'506-Weekday-3-26-09-1111100',520,,265483,1,,,1,29,,265444,1,,,1,70,,265445,1,,,1,33,,265446,1,,,1,56,,265447,1,,,1,15,,265484,1,,,1,15,,265448,1,,,1,15,,265449,1,,,1,55,,265450,1,,,1,15,,265486,1,,,1,15,,265487,1,,,1,15,,265451,1,,,1,69,,265452,1,,,1,30,,265453,1,,,1,70,,265454,1,,,1,30,,265455,1,,,1,70,,265456,1,,,1,30,,265457,1,,,1,70,,265458,1,,,1,30,,265459,1,,,1,70,,265460,1,,,1,30,,265461,1,,,1,70,,265462,1,,,1,30,,265463,1,,,1,74,,265464,1,,,1,30,,265465,1,,,1,55,,265466,1,,,1,15,,265485,1,,,1,15,,265467,1,,,1,15,,265468,1,,,1,55,,265469,1,,,1,15,,265488,1,,,1,15,,265489,1,,,1,15,,265470,1,,,1,70,,265471,1,,,1,26,,265472,1,,,1,69,,265473,1,,,1,30,,265474,1,,,1,70,,265475,1,,,1,30,,265476,1,,,1,70,,265477,1,,,1,30,,265478,1,,,1,68,,265479,1,,,1,29,,265480,1,,,1,100,,265481,1,,,1,100,,265482,1,0,48,1
50601,'506-Weekday-4-26-09-1111100',520,,222255,1,,,1,29,,222216,1,,,1,70,,222217,1,,,1,33,,222218,1,,,1,56,,222219,1,,,1,15,,222256,1,,,1,15,,222220,1,,,1,15,,222221,1,,,1,55,,222222,1,,,1,15,,222258,1,,,1,15,,222259,1,,,1,15,,222223,1,,,1,69,,222224,1,,,1,30,,222225,1,,,1,70,,222226,1,,,1,30,,222227,1,,,1,70,,222228,1,,,1,30,,222229,1,,,1,70,,222230,1,,,1,30,,222231,1,,,1,70,,222232,1,,,1,30,,222233,1,,,1,70,,222234,1,,,1,30,,222235,1,,,1,74,,222236,1,,,1,30,,222237,1,,,1,55,,222238,1,,,1,15,,222257,1,,,1,15,,222239,1,,,1,15,,222240,1,,,1,55,,222241,1,,,1,15,,222260,1,,,1,15,,222261,1,,,1,15,,222242,1,,,1,70,,222243,1,,,1,26,,222244,1,,,1,69,,222245,1,,,1,30,,222246,1,,,1,70,,222247,1,,,1,30,,222248,1,,,1,70,,222249,1,,,1,30,,222250,1,,,1,68,,222251,1,,,1,29,,222252,1,,,1,100,,222253,1,,,1,100,,222254,1,0,48,1
50601,'506-Weekday-5-26-09-1111100',520,,265529,1,,,1,29,,265490,1,,,1,70,,265491,1,,,1,33,,265492,1,,,1,56,,265493,1,,,1,15,,265530,1,,,1,15,,265494,1,,,1,15,,265495,1,,,1,55,,265496,1,,,1,15,,265532,1,,,1,15,,265533,1,,,1,15,,265497,1,,,1,69,,265498,1,,,1,30,,265499,1,,,1,70,,265500,1,,,1,30,,265501,1,,,1,70,,265502,1,,,1,30,,265503,1,,,1,70,,265504,1,,,1,30,,265505,1,,,1,70,,265506,1,,,1,30,,265507,1,,,1,70,,265508,1,,,1,30,,265509,1,,,1,74,,265510,1,,,1,30,,265511,1,,,1,55,,265512,1,,,1,15,,265531,1,,,1,15,,265513,1,,,1,15,,265514,1,,,1,55,,265515,1,,,1,15,,265534,1,,,1,15,,265535,1,,,1,15,,265516,1,,,1,70,,265517,1,,,1,26,,265518,1,,,1,69,,265519,1,,,1,30,,265520,1,,,1,70,,265521,1,,,1,30,,265522,1,,,1,70,,265523,1,,,1,30,,265524,1,,,1,68,,265525,1,,,1,29,,265526,1,,,1,100,,265527,1,,,1,100,,265528,1,0,48,1
50601,'506-Weekday-6-26-09-1111100',520,,265575,1,,,1,29,,265536,1,,,1,70,,265537,1,,,1,33,,265538,1,,,1,56,,265539,1,,,1,15,,265576,1,,,1,15,,265540,1,,,1,15,,265541,1,,,1,55,,265542,1,,,1,15,,265578,1,,,1,15,,265579,1,,,1,15,,265543,1,,,1,69,,265544,1,,,1,30,,265545,1,,,1,70,,265546,1,,,1,30,,265547,1,,,1,70,,265548,1,,,1,30,,265549,1,,,1,70,,265550,1,,,1,30,,265551,1,,,1,70,,265552,1,,,1,30,,265553,1,,,1,70,,265554,1,,,1,30,,265555,1,,,1,61,,265582,1,0,48,1,13,,265556,1,,,1,30,,265557,1,,,1,47,,265583,1,0,48,1,8,,265558,1,,,1,15,,265577,1,,,1,15,,265559,1,,,1,15,,265560,1,,,1,55,,265561,1,,,1,15,,265580,1,,,1,15,,265581,1,,,1,15,,265562,1,,,1,70,,265563,1,,,1,26,,265564,1,,,1,69,,265565,1,,,1,30,,265566,1,,,1,70,,265567,1,,,1,30,,265568,1,,,1,70,,265569,1,,,1,30,,265570,1,,,1,68,,265571,1,,,1,29,,265572,1,,,1,100,,265573,1,,,1,100,,265574,1,0,48,1
50601,'506-Weekday-7-26-09-1111100',520,,265623,1,,,1,29,,265584,1,,,1,70,,265585,1,,,1,33,,265586,1,,,1,56,,265587,1,,,1,15,,265624,1,,,1,15,,265588,1,,,1,15,,265589,1,,,1,55,,265590,1,,,1,15,,265626,1,,,1,15,,265627,1,,,1,15,,265591,1,,,1,69,,265592,1,,,1,30,,265593,1,,,1,70,,265594,1,,,1,30,,265595,1,,,1,70,,265596,1,,,1,30,,265597,1,,,1,70,,265598,1,,,1,30,,265599,1,,,1,70,,265600,1,,,1,30,,265601,1,,,1,70,,265602,1,,,1,30,,265603,1,,,1,74,,265604,1,,,1,30,,265605,1,,,1,55,,265606,1,,,1,15,,265625,1,,,1,15,,265607,1,,,1,15,,265608,1,,,1,55,,265609,1,,,1,15,,265628,1,,,1,15,,265629,1,,,1,15,,265610,1,,,1,70,,265611,1,,,1,26,,265612,1,,,1,69,,265613,1,,,1,30,,265614,1,,,1,70,,265615,1,,,1,30,,265616,1,,,1,70,,265617,1,,,1,30,,265618,1,,,1,68,,265619,1,,,1,29,,265620,1,,,1,100,,265621,1,,,1,100,,265622,1,0,48,1
50601,'506-Saturday-1-26-09-0000010',537,,222262,1,,,1,100,,222263,1,,,1,100,,222264,1,,,1,70,,222265,1,,,1,28,,222266,1,,,1,69,,222267,1,,,1,33,,222268,1,,,1,70,,222269,1,,,1,30,,222270,1,,,1,70,,222271,1,,,1,30,,222272,1,,,1,70,,222273,1,,,1,30,,222274,1,,,1,70,,222275,1,,,1,30,,222276,1,,,1,70,,222277,1,,,1,30,,222278,1,,,1,70,,222279,1,,,1,30,,222280,1,,,1,70,,222281,1,,,1,30,,222282,1,,,1,71,,222283,1,,,1,29,,222284,1,,,1,70,,222285,1,,,1,30,,222286,1,,,1,70,,222287,1,,,1,30,,222288,1,,,1,85,,222289,1,,,1,100,,222290,1,,,1,100,,222291,1,,,1,100,,222292,1,,,1,100,,222293,1,0,48,1
50601,'506-Sunday-1-26-09-0000001',541,,222294,1,,,1,98,,222295,1,,,1,100,,222296,1,,,1,100,,222297,1,,,1,99,,222298,1,,,1,70,,222299,1,,,1,30,,222300,1,,,1,70,,222301,1,,,1,30,,222302,1,,,1,70,,222303,1,,,1,30,,222304,1,,,1,70,,222305,1,,,1,30,,222306,1,,,1,70,,222307,1,,,1,30,,222308,1,,,1,70,,222309,1,,,1,30,,222310,1,,,1,70,,222311,1,,,1,30,,222312,1,,,1,70,,222313,1,,,1,31,,222314,1,,,1,70,,222315,1,,,1,30,,222316,1,,,1,85,,222317,1,,,1,100,,222318,1,,,1,100,,222319,1,,,1,100,,222320,1,,,1,100,,222321,1,,,1
63100,'631-Weekday-1-26-09-1111100',726,,227574,2,,,1
63100,'631-Weekday-3-26-09-1111100',726,,227575,2,,,1
63100,'631-Weekday-4-26-09-1111100',726,,270401,2,,,1
63100,'631-Weekday-7-26-09-1111100',726,,270402,2,,,1
63101,'631-Weekday-1-26-09-0001000',1258,,227576,34,,,1
63101,'631-Weekday-1-26-09-1110100',1601,,227577,34,,,1
63101,'631-Weekday-3-26-09-1110100',1601,,227578,34,,,1
63101,'631-Weekday-4-26-09-1110100',1601,,270403,34,,,1
63101,'631-Weekday-7-26-09-1110100',1601,,270404,34,,,1
