91300,'913-Weekday-1-26-09-1111100',546,,238963,32,0,44 7 42,1,70,,238964,32,0,44 7 42,1,33,,239003,32,0,44 7 42,1,55,,238991,32,0,44 7 42,1,15,,239005,32,0,44 7 42,1,15,,238995,32,0,44 7 42,1,15,,238994,32,0,44 7 42,1,55,,238993,32,0,44 7 42,1,15,,238992,32,0,44 7 42,1,15,,239008,32,0,44 7 42,1,15,,239009,32,0,44 7 42,1,60,,238965,32,0,44 7 42,1,20,,238966,32,0,44 7 42,1,20,,238967,32,0,44 7 42,1,60,,238968,32,0,44 7 42,1,20,,238969,32,0,44 7 42,1,20,,238970,32,0,44 7 42,1,60,,238971,32,0,44 7 42,1,20,,238972,32,0,44 7 42,1,20,,238973,32,0,44 7 42,1,60,,238974,32,0,44 7 42,1,20,,238975,32,0,44 7 42,1,20,,238976,32,0,44 7 42,1,60,,238977,32,0,44 7 42,1,20,,238978,32,0,44 7 42,1,20,,238979,32,0,44 7 42,1,60,,238980,32,0,44 7 42,1,20,,238981,32,0,44 7 42,1,20,,238982,32,0,44 7 42,1,60,,238962,32,0,44 7 42,1,18,,238996,32,0,44 7 42,1,15,,239006,32,0,44 7 42,1,15,,238997,32,0,44 7 42,1,55,,238998,32,0,44 7 42,1,15,,238999,32,0,44 7 42,1,15,,239007,32,0,44 7 42,1,15,,239000,32,0,44 7 42,1,55,,239010,32,0,44 7 42,1,20,,239002,32,0,44 7 42,1,70,,239001,32,0,44 7 42,1,30,,238983,32,0,44 7 42,1,26,,238984,32,0,44 7 42,1,70,,238985,32,0,44 7 42,1,30,,238986,32,0,44 7 42,1,70,,238987,32,0,44 7 42,1,30,,238988,32,0,44 7 42,1,70,,238989,32,0,44 7 42,1,30,,239011,32,0,44 7 42,1,98,,238990,32,0,44 7 42,1,100,,239004,32,0,44 7 42,1
91300,'913-Weekday-2-26-09-1111100',546,,239013,32,0,44 7 42,1,70,,239014,32,0,44 7 42,1,33,,239053,32,0,44 7 42,1,55,,239041,32,0,44 7 42,1,15,,239055,32,0,44 7 42,1,15,,239045,32,0,44 7 42,1,15,,239044,32,0,44 7 42,1,55,,239043,32,0,44 7 42,1,15,,239042,32,0,44 7 42,1,15,,239058,32,0,44 7 42,1,15,,239059,32,0,44 7 42,1,60,,239015,32,0,44 7 42,1,20,,239016,32,0,44 7 42,1,20,,239017,32,0,44 7 42,1,60,,239018,32,0,44 7 42,1,20,,239019,32,0,44 7 42,1,20,,239020,32,0,44 7 42,1,60,,239021,32,0,44 7 42,1,20,,239022,32,0,44 7 42,1,20,,239023,32,0,44 7 42,1,60,,239024,32,0,44 7 42,1,20,,239025,32,0,44 7 42,1,20,,239026,32,0,44 7 42,1,60,,239027,32,0,44 7 42,1,20,,239028,32,0,44 7 42,1,20,,239029,32,0,44 7 42,1,60,,239030,32,0,44 7 42,1,20,,239031,32,0,44 7 42,1,20,,239032,32,0,44 7 42,1,60,,239012,32,0,44 7 42,1,18,,239046,32,0,44 7 42,1,15,,239056,32,0,44 7 42,1,15,,239047,32,0,44 7 42,1,55,,239048,32,0,44 7 42,1,15,,239049,32,0,44 7 42,1,15,,239057,32,0,44 7 42,1,15,,239050,32,0,44 7 42,1,55,,239060,32,0,44 7 42,1,20,,239052,32,0,44 7 42,1,70,,239051,32,0,44 7 42,1,30,,239033,32,0,44 7 42,1,26,,239034,32,0,44 7 42,1,70,,239035,32,0,44 7 42,1,30,,239036,32,0,44 7 42,1,70,,239037,32,0,44 7 42,1,30,,239038,32,0,44 7 42,1,70,,239039,32,0,44 7 42,1,30,,239061,32,0,44 7 42,1,98,,239040,32,0,44 7 42,1,100,,239054,32,0,44 7 42,1
91300,'913-Weekday-3-26-09-1111100',546,,281583,32,0,44 7 42,1,70,,281584,32,0,44 7 42,1,33,,281623,32,0,44 7 42,1,55,,281611,32,0,44 7 42,1,15,,281625,32,0,44 7 42,1,15,,281615,32,0,44 7 42,1,15,,281614,32,0,44 7 42,1,55,,281613,32,0,44 7 42,1,15,,281612,32,0,44 7 42,1,15,,281628,32,0,44 7 42,1,15,,281629,32,0,44 7 42,1,60,,281585,32,0,44 7 42,1,20,,281586,32,0,44 7 42,1,20,,281587,32,0,44 7 42,1,60,,281588,32,0,44 7 42,1,20,,281589,32,0,44 7 42,1,20,,281590,32,0,44 7 42,1,60,,281591,32,0,44 7 42,1,20,,281592,32,0,44 7 42,1,20,,281593,32,0,44 7 42,1,60,,281594,32,0,44 7 42,1,20,,281595,32,0,44 7 42,1,20,,281596,32,0,44 7 42,1,60,,281597,32,0,44 7 42,1,20,,281598,32,0,44 7 42,1,20,,281599,32,0,44 7 42,1,60,,281600,32,0,44 7 42,1,20,,281601,32,0,44 7 42,1,20,,281602,32,0,44 7 42,1,60,,281582,32,0,44 7 42,1,18,,281616,32,0,44 7 42,1,15,,281626,32,0,44 7 42,1,15,,281617,32,0,44 7 42,1,55,,281618,32,0,44 7 42,1,15,,281619,32,0,44 7 42,1,15,,281627,32,0,44 7 42,1,15,,281620,32,0,44 7 42,1,55,,281630,32,0,44 7 42,1,20,,281622,32,0,44 7 42,1,70,,281621,32,0,44 7 42,1,30,,281603,32,0,44 7 42,1,26,,281604,32,0,44 7 42,1,70,,281605,32,0,44 7 42,1,30,,281606,32,0,44 7 42,1,70,,281607,32,0,44 7 42,1,30,,281608,32,0,44 7 42,1,70,,281609,32,0,44 7 42,1,30,,281631,32,0,44 7 42,1,98,,281610,32,0,44 7 42,1,100,,281624,32,0,44 7 42,1
91300,'913-Weekday-4-26-09-1111100',546,,239063,32,0,44 7 42,1,70,,239064,32,0,44 7 42,1,33,,239103,32,0,44 7 42,1,55,,239091,32,0,44 7 42,1,15,,239105,32,0,44 7 42,1,15,,239095,32,0,44 7 42,1,15,,239094,32,0,44 7 42,1,55,,239093,32,0,44 7 42,1,15,,239092,32,0,44 7 42,1,15,,239108,32,0,44 7 42,1,15,,239109,32,0,44 7 42,1,60,,239065,32,0,44 7 42,1,20,,239066,32,0,44 7 42,1,20,,239067,32,0,44 7 42,1,60,,239068,32,0,44 7 42,1,20,,239069,32,0,44 7 42,1,20,,239070,32,0,44 7 42,1,60,,239071,32,0,44 7 42,1,20,,239072,32,0,44 7 42,1,20,,239073,32,0,44 7 42,1,60,,239074,32,0,44 7 42,1,20,,239075,32,0,44 7 42,1,20,,239076,32,0,44 7 42,1,60,,239077,32,0,44 7 42,1,20,,239078,32,0,44 7 42,1,20,,239079,32,0,44 7 42,1,60,,239080,32,0,44 7 42,1,20,,239081,32,0,44 7 42,1,20,,239082,32,0,44 7 42,1,60,,239062,32,0,44 7 42,1,18,,239096,32,0,44 7 42,1,15,,239106,32,0,44 7 42,1,15,,239097,32,0,44 7 42,1,55,,239098,32,0,44 7 42,1,15,,239099,32,0,44 7 42,1,15,,239107,32,0,44 7 42,1,15,,239100,32,0,44 7 42,1,55,,239110,32,0,44 7 42,1,20,,239102,32,0,44 7 42,1,70,,239101,32,0,44 7 42,1,30,,239083,32,0,44 7 42,1,26,,239084,32,0,44 7 42,1,70,,239085,32,0,44 7 42,1,30,,239086,32,0,44 7 42,1,70,,239087,32,0,44 7 42,1,30,,239088,32,0,44 7 42,1,70,,239089,32,0,44 7 42,1,30,,239111,32,0,44 7 42,1,98,,239090,32,0,44 7 42,1,100,,239104,32,0,44 7 42,1
91300,'913-Weekday-5-26-09-1111100',546,,281633,32,0,44 7 42,1,70,,281634,32,0,44 7 42,1,33,,281673,32,0,44 7 42,1,55,,281661,32,0,44 7 42,1,15,,281675,32,0,44 7 42,1,15,,281665,32,0,44 7 42,1,15,,281664,32,0,44 7 42,1,55,,281663,32,0,44 7 42,1,15,,281662,32,0,44 7 42,1,15,,281678,32,0,44 7 42,1,15,,281679,32,0,44 7 42,1,60,,281635,32,0,44 7 42,1,20,,281636,32,0,44 7 42,1,20,,281637,32,0,44 7 42,1,60,,281638,32,0,44 7 42,1,20,,281639,32,0,44 7 42,1,20,,281640,32,0,44 7 42,1,60,,281641,32,0,44 7 42,1,20,,281642,32,0,44 7 42,1,20,,281643,32,0,44 7 42,1,60,,281644,32,0,44 7 42,1,20,,281645,32,0,44 7 42,1,20,,281646,32,0,44 7 42,1,60,,281647,32,0,44 7 42,1,20,,281648,32,0,44 7 42,1,20,,281649,32,0,44 7 42,1,60,,281650,32,0,44 7 42,1,20,,281651,32,0,44 7 42,1,20,,281652,32,0,44 7 42,1,60,,281632,32,0,44 7 42,1,18,,281666,32,0,44 7 42,1,15,,281676,32,0,44 7 42,1,15,,281667,32,0,44 7 42,1,55,,281668,32,0,44 7 42,1,15,,281669,32,0,44 7 42,1,15,,281677,32,0,44 7 42,1,15,,281670,32,0,44 7 42,1,55,,281680,32,0,44 7 42,1,20,,281672,32,0,44 7 42,1,70,,281671,32,0,44 7 42,1,30,,281653,32,0,44 7 42,1,26,,281654,32,0,44 7 42,1,70,,281655,32,0,44 7 42,1,30,,281656,32,0,44 7 42,1,70,,281657,32,0,44 7 42,1,30,,281658,32,0,44 7 42,1,70,,281659,32,0,44 7 42,1,30,,281681,32,0,44 7 42,1,98,,281660,32,0,44 7 42,1,100,,281674,32,0,44 7 42,1
91300,'913-Weekday-6-26-09-1111100',546,,281683,32,0,44 7 42,1,70,,281684,32,0,44 7 42,1,33,,281723,32,0,44 7 42,1,55,,281711,32,0,44 7 42,1,15,,281725,32,0,44 7 42,1,15,,281715,32,0,44 7 42,1,15,,281714,32,0,44 7 42,1,55,,281713,32,0,44 7 42,1,15,,281712,32,0,44 7 42,1,15,,281728,32,0,44 7 42,1,15,,281729,32,0,44 7 42,1,60,,281685,32,0,44 7 42,1,20,,281686,32,0,44 7 42,1,20,,281687,32,0,44 7 42,1,60,,281688,32,0,44 7 42,1,20,,281689,32,0,44 7 42,1,20,,281690,32,0,44 7 42,1,60,,281691,32,0,44 7 42,1,20,,281692,32,0,44 7 42,1,20,,281693,32,0,44 7 42,1,60,,281694,32,0,44 7 42,1,20,,281695,32,0,44 7 42,1,20,,281696,32,0,44 7 42,1,60,,281697,32,0,44 7 42,1,20,,281698,32,0,44 7 42,1,20,,281699,32,0,44 7 42,1,60,,281700,32,0,44 7 42,1,20,,281701,32,0,44 7 42,1,20,,281702,32,0,44 7 42,1,60,,281682,32,0,44 7 42,1,18,,281716,32,0,44 7 42,1,15,,281726,32,0,44 7 42,1,15,,281717,32,0,44 7 42,1,55,,281718,32,0,44 7 42,1,15,,281719,32,0,44 7 42,1,15,,281727,32,0,44 7 42,1,15,,281720,32,0,44 7 42,1,55,,281730,32,0,44 7 42,1,20,,281722,32,0,44 7 42,1,70,,281721,32,0,44 7 42,1,30,,281703,32,0,44 7 42,1,26,,281704,32,0,44 7 42,1,70,,281705,32,0,44 7 42,1,30,,281706,32,0,44 7 42,1,70,,281707,32,0,44 7 42,1,30,,281708,32,0,44 7 42,1,70,,281709,32,0,44 7 42,1,30,,281731,32,0,44 7 42,1,98,,281710,32,0,44 7 42,1,100,,281724,32,0,44 7 42,1
91300,'913-Weekday-7-26-09-1111100',546,,281733,32,0,44 7 42,1,70,,281734,32,0,44 7 42,1,33,,281773,32,0,44 7 42,1,55,,281761,32,0,44 7 42,1,15,,281775,32,0,44 7 42,1,15,,281765,32,0,44 7 42,1,15,,281764,32,0,44 7 42,1,55,,281763,32,0,44 7 42,1,15,,281762,32,0,44 7 42,1,15,,281778,32,0,44 7 42,1,15,,281779,32,0,44 7 42,1,60,,281735,32,0,44 7 42,1,20,,281736,32,0,44 7 42,1,20,,281737,32,0,44 7 42,1,60,,281738,32,0,44 7 42,1,20,,281739,32,0,44 7 42,1,20,,281740,32,0,44 7 42,1,60,,281741,32,0,44 7 42,1,20,,281742,32,0,44 7 42,1,20,,281743,32,0,44 7 42,1,60,,281744,32,0,44 7 42,1,20,,281745,32,0,44 7 42,1,20,,281746,32,0,44 7 42,1,60,,281747,32,0,44 7 42,1,20,,281748,32,0,44 7 42,1,20,,281749,32,0,44 7 42,1,60,,281750,32,0,44 7 42,1,20,,281751,32,0,44 7 42,1,20,,281752,32,0,44 7 42,1,60,,281732,32,0,44 7 42,1,18,,281766,32,0,44 7 42,1,15,,281776,32,0,44 7 42,1,15,,281767,32,0,44 7 42,1,55,,281768,32,0,44 7 42,1,15,,281769,32,0,44 7 42,1,15,,281777,32,0,44 7 42,1,15,,281770,32,0,44 7 42,1,55,,281780,32,0,44 7 42,1,20,,281772,32,0,44 7 42,1,70,,281771,32,0,44 7 42,1,30,,281753,32,0,44 7 42,1,26,,281754,32,0,44 7 42,1,70,,281755,32,0,44 7 42,1,30,,281756,32,0,44 7 42,1,70,,281757,32,0,44 7 42,1,30,,281758,32,0,44 7 42,1,70,,281759,32,0,44 7 42,1,30,,281781,32,0,44 7 42,1,98,,281760,32,0,44 7 42,1,100,,281774,32,0,44 7 42,1
91300,'913-Saturday-1-26-09-0000010',608,,239112,32,0,44 7 42,1,100,,239113,32,0,44 7 42,1,100,,239114,32,0,44 7 42,1,30,,239115,32,0,44 7 42,1,71,,239116,32,0,44 7 42,1,32,,239117,32,0,44 7 42,1,70,,239118,32,0,44 7 42,1,30,,239119,32,0,44 7 42,1,70,,239120,32,0,44 7 42,1,30,,239121,32,0,44 7 42,1,70,,239122,32,0,44 7 42,1,30,,239123,32,0,44 7 42,1,70,,239124,32,0,44 7 42,1,30,,239125,32,0,44 7 42,1,70,,239126,32,0,44 7 42,1,30,,239127,32,0,44 7 42,1,70,,239128,32,0,44 7 42,1,30,,239129,32,0,44 7 42,1,70,,239130,32,0,44 7 42,1,30,,239131,32,0,44 7 42,1,69,,239132,32,0,44 7 42,1,30,,239133,32,0,44 7 42,1,70,,239134,32,0,44 7 42,1,30,,239135,32,0,44 7 42,1,70,,239136,32,0,44 7 42,1,100,,239137,32,0,44 7 42,1,100,,239138,32,0,44 7 42,1,100,,239139,32,0,44 7 42,1,100,,239140,32,0,44 7 42,1,100,,239141,32,0,44 7 42,1
91300,'913-Sunday-1-26-09-0000001',615,,239142,32,0,44 7 42,1,100,,239143,32,0,44 7 42,1,100,,239144,32,0,44 7 42,1,103,,239145,32,0,44 7 42,1,100,,239146,32,0,44 7 42,1,30,,239147,32,0,44 7 42,1,70,,239148,32,0,44 7 42,1,30,,239149,32,0,44 7 42,1,70,,239150,32,0,44 7 42,1,30,,239151,32,0,44 7 42,1,70,,239152,32,0,44 7 42,1,30,,239153,32,0,44 7 42,1,70,,239154,32,0,44 7 42,1,30,,239155,32,0,44 7 42,1,70,,239156,32,0,44 7 42,1,30,,239157,32,0,44 7 42,1,70,,239158,32,0,44 7 42,1,30,,239159,32,0,44 7 42,1,68,,239160,32,0,44 7 42,1,30,,239161,32,0,44 7 42,1,70,,239162,32,0,44 7 42,1,30,,239163,32,0,44 7 42,1,70,,239164,32,0,44 7 42,1,100,,239165,32,0,44 7 42,1,100,,239166,32,0,44 7 42,1,100,,239167,32,0,44 7 42,1
24091000,'910X-Weekday-1-26-09-1111100',554,,246227,13,,,1,70,,246229,13,,,1,12,,246230,13,,,1,12,,246231,13,,,1,52,,246234,13,,,1,12,,246232,13,,,1,12,,246228,13,,,1,12,,246224,13,,,1,12,,246223,13,,,1,52,,246235,13,,,1,12,,246222,13,,,1,12,,246233,13,,,1,12,,246225,13,,,1,12,,246226,13,,,1,52,,246236,13,,,1
24091000,'910X-Weekday-2-26-09-1111100',554,,246242,13,,,1,70,,246244,13,,,1,12,,246245,13,,,1,12,,246246,13,,,1,52,,246249,13,,,1,12,,246247,13,,,1,12,,246243,13,,,1,12,,246239,13,,,1,12,,246238,13,,,1,52,,246250,13,,,1,12,,246237,13,,,1,12,,246248,13,,,1,12,,246240,13,,,1,12,,246241,13,,,1,52,,246251,13,,,1
24091000,'910X-Weekday-3-26-09-1111100',554,,289011,13,,,1,70,,289013,13,,,1,12,,289014,13,,,1,12,,289015,13,,,1,52,,289018,13,,,1,12,,289016,13,,,1,12,,289012,13,,,1,12,,289008,13,,,1,12,,289007,13,,,1,52,,289019,13,,,1,12,,289006,13,,,1,12,,289017,13,,,1,12,,289009,13,,,1,12,,289010,13,,,1,52,,289020,13,,,1
24091000,'910X-Weekday-4-26-09-1111100',554,,246257,13,,,1,70,,246259,13,,,1,12,,246260,13,,,1,12,,246261,13,,,1,52,,246264,13,,,1,12,,246262,13,,,1,12,,246258,13,,,1,12,,246254,13,,,1,12,,246253,13,,,1,52,,246265,13,,,1,12,,246252,13,,,1,12,,246263,13,,,1,12,,246255,13,,,1,12,,246256,13,,,1,52,,246266,13,,,1
24091000,'910X-Weekday-5-26-09-1111100',554,,289026,13,,,1,70,,289028,13,,,1,12,,289029,13,,,1,12,,289030,13,,,1,52,,289033,13,,,1,12,,289031,13,,,1,12,,289027,13,,,1,12,,289023,13,,,1,12,,289022,13,,,1,52,,289034,13,,,1,12,,289021,13,,,1,12,,289032,13,,,1,12,,289024,13,,,1,12,,289025,13,,,1,52,,289035,13,,,1
24091000,'910X-Weekday-6-26-09-1111100',554,,289041,13,,,1,70,,289043,13,,,1,12,,289044,13,,,1,12,,289045,13,,,1,52,,289048,13,,,1,12,,289046,13,,,1,12,,289042,13,,,1,12,,289038,13,,,1,12,,289037,13,,,1,52,,289049,13,,,1,12,,289036,13,,,1,12,,289047,13,,,1,12,,289039,13,,,1,12,,289040,13,,,1,52,,289050,13,,,1
24091000,'910X-Weekday-7-26-09-1111100',554,,289056,13,,,1,70,,289058,13,,,1,12,,289059,13,,,1,12,,289060,13,,,1,52,,289063,13,,,1,12,,289061,13,,,1,12,,289057,13,,,1,12,,289053,13,,,1,12,,289052,13,,,1,52,,289064,13,,,1,12,,289051,13,,,1,12,,289062,13,,,1,12,,289054,13,,,1,12,,289055,13,,,1,52,,289065,13,,,1
24091001,'910X-Weekday-1-26-09-1111100',1541,,246267,19,,,1,15,,246268,19,,,1,55,,246275,19,,,1,15,,246273,19,,,1,15,,246269,19,,,1,15,,246270,19,,,1,55,,246276,19,,,1,15,,246274,19,,,1,15,,246271,19,,,1,15,,246272,19,,,1
24091001,'910X-Weekday-2-26-09-1111100',1541,,246277,19,,,1,15,,246278,19,,,1,55,,246285,19,,,1,15,,246283,19,,,1,15,,246279,19,,,1,15,,246280,19,,,1,55,,246286,19,,,1,15,,246284,19,,,1,15,,246281,19,,,1,15,,246282,19,,,1
24091001,'910X-Weekday-3-26-09-1111100',1541,,289066,19,,,1,15,,289067,19,,,1,55,,289074,19,,,1,15,,289072,19,,,1,15,,289068,19,,,1,15,,289069,19,,,1,55,,289075,19,,,1,15,,289073,19,,,1,15,,289070,19,,,1,15,,289071,19,,,1
24091001,'910X-Weekday-4-26-09-1111100',1541,,246287,19,,,1,15,,246288,19,,,1,55,,246295,19,,,1,15,,246293,19,,,1,15,,246289,19,,,1,15,,246290,19,,,1,55,,246296,19,,,1,15,,246294,19,,,1,15,,246291,19,,,1,15,,246292,19,,,1
24091001,'910X-Weekday-5-26-09-1111100',1541,,289076,19,,,1,15,,289077,19,,,1,55,,289084,19,,,1,15,,289082,19,,,1,15,,289078,19,,,1,15,,289079,19,,,1,55,,289085,19,,,1,15,,289083,19,,,1,15,,289080,19,,,1,15,,289081,19,,,1
24091001,'910X-Weekday-6-26-09-1111100',1541,,289086,19,,,1,15,,289087,19,,,1,55,,289094,19,,,1,15,,289092,19,,,1,15,,289088,19,,,1,15,,289089,19,,,1,55,,289095,19,,,1,15,,289093,19,,,1,15,,289090,19,,,1,15,,289091,19,,,1
24091001,'910X-Weekday-7-26-09-1111100',1541,,289096,19,,,1,15,,289097,19,,,1,55,,289104,19,,,1,15,,289102,19,,,1,15,,289098,19,,,1,15,,289099,19,,,1,55,,289105,19,,,1,15,,289103,19,,,1,15,,289100,19,,,1,15,,289101,19,,,1
