70901,'709-Weekday-1-26-09-0001000',1426,,231166,12,,,1,2,,231167,12,,,1,2,,231168,12,,,1
70901,'709-Weekday-1-26-09-1110100',1525,,231170,12,,,1,2,,231169,12,,,1,2,,231171,12,,,1
70901,'709-Weekday-1-26-09-1111100',527,,231172,16,,,1,20,,231173,16,,,1,60,,231177,16,,,1,20,,231196,16,,,1,18,,231197,16,,,1,55,,231226,16,,,1,15,,231198,16,,,1,15,,231199,16,,,1,15,,231200,16,,,1,55,,231227,16,,,1,15,,231201,16,,,1,15,,231202,16,,,1,15,,231203,16,,,1,55,,231228,16,,,1,15,,231204,16,,,1,11,,231207,16,,,1,15,,231208,16,,,1,15,,231229,16,,,1,55,,231209,16,,,1,15,,231210,16,,,1,15,,231211,16,,,1,15,,231230,16,,,1,55,,231212,16,,,1,15,,231213,16,,,1,15,,231214,16,,,1,15,,231231,16,,,1,55,,231215,16,,,1,15,,231216,16,,,1,15,,231217,16,,,1,15,,231232,16,,,1,55,,231218,16,,,1,15,,231219,16,,,1,15,,231220,16,,,1,15,,231233,16,,,1,55,,231221,16,,,1,15,,231222,16,,,1,15,,231223,16,,,1,15,,231225,16,,,1,53,,231174,16,,,1,11,,231175,16,,,1,10,,231176,16,,,1,4,,231243,15,,,1,3,,231244,15,,,1,3,,231178,16,,,1,10,,231180,16,,,1,50,,231179,16,,,1,10,,231234,16,,,1,12,,231235,16,,,1,12,,231236,16,,,1,12,,231237,16,,,1,12,,231238,16,,,1,52,,231239,16,,,1,12,,231240,16,,,1,12,,231241,16,,,1,12,,231242,16,,,1,61,,231189,16,,,1,19,,231188,16,,,1,15,,231187,16,,,1,60,,231186,16,,,1,20,,231185,16,,,1,20,,231184,16,,,1,60,,231183,16,,,1,20,,231182,16,,,1,20,,231181,16,,,1,60,,231192,16,,,1,20,,231193,16,,,1,20,,231194,16,,,1,68,,231224,16,,,1,30,,231195,16,,,1,70,,231190,16,,,1,30,,231206,16,,,1,70,,231205,16,,,1,30,,231191,16,,,1
70901,'709-Weekday-2-26-09-1110100',1525,,231246,12,,,1,2,,231245,12,,,1,2,,231247,12,,,1
70901,'709-Weekday-2-26-09-1111100',527,,231248,16,,,1,20,,231249,16,,,1,60,,231253,16,,,1,20,,231272,16,,,1,18,,231273,16,,,1,55,,231302,16,,,1,15,,231274,16,,,1,15,,231275,16,,,1,15,,231276,16,,,1,55,,231303,16,,,1,15,,231277,16,,,1,15,,231278,16,,,1,15,,231279,16,,,1,55,,231304,16,,,1,15,,231280,16,,,1,11,,231283,16,,,1,15,,231284,16,,,1,15,,231305,16,,,1,55,,231285,16,,,1,15,,231286,16,,,1,15,,231287,16,,,1,15,,231306,16,,,1,55,,231288,16,,,1,15,,231289,16,,,1,15,,231290,16,,,1,15,,231307,16,,,1,55,,231291,16,,,1,15,,231292,16,,,1,15,,231293,16,,,1,15,,231308,16,,,1,55,,231294,16,,,1,15,,231295,16,,,1,15,,231296,16,,,1,15,,231309,16,,,1,55,,231297,16,,,1,15,,231298,16,,,1,15,,231299,16,,,1,15,,231301,16,,,1,53,,231250,16,,,1,11,,231251,16,,,1,10,,231252,16,,,1,4,,231319,15,,,1,3,,231320,15,,,1,3,,231254,16,,,1,10,,231256,16,,,1,50,,231255,16,,,1,10,,231310,16,,,1,12,,231311,16,,,1,12,,231312,16,,,1,12,,231313,16,,,1,12,,231314,16,,,1,52,,231315,16,,,1,12,,231316,16,,,1,12,,231317,16,,,1,12,,231318,16,,,1,61,,231265,16,,,1,19,,231264,16,,,1,15,,231263,16,,,1,60,,231262,16,,,1,20,,231261,16,,,1,20,,231260,16,,,1,60,,231259,16,,,1,20,,231258,16,,,1,20,,231257,16,,,1,60,,231268,16,,,1,20,,231269,16,,,1,20,,231270,16,,,1,68,,231300,16,,,1,30,,231271,16,,,1,70,,231266,16,,,1,30,,231282,16,,,1,70,,231281,16,,,1,30,,231267,16,,,1
70901,'709-Weekday-3-26-09-1111100',527,,273868,16,,,1,20,,273869,16,,,1,60,,273873,16,,,1,20,,273892,16,,,1,18,,273893,16,,,1,55,,273922,16,,,1,15,,273894,16,,,1,15,,273895,16,,,1,15,,273896,16,,,1,55,,273923,16,,,1,15,,273897,16,,,1,15,,273898,16,,,1,15,,273899,16,,,1,55,,273924,16,,,1,15,,273900,16,,,1,11,,273903,16,,,1,15,,273904,16,,,1,15,,273925,16,,,1,55,,273905,16,,,1,15,,273906,16,,,1,15,,273907,16,,,1,15,,273926,16,,,1,55,,273908,16,,,1,15,,273909,16,,,1,15,,273910,16,,,1,15,,273927,16,,,1,55,,273911,16,,,1,15,,273912,16,,,1,15,,273913,16,,,1,15,,273928,16,,,1,55,,273914,16,,,1,15,,273915,16,,,1,15,,273916,16,,,1,15,,273929,16,,,1,55,,273917,16,,,1,15,,273918,16,,,1,15,,273919,16,,,1,15,,273921,16,,,1,53,,273870,16,,,1,11,,273871,16,,,1,10,,273872,16,,,1,10,,273874,16,,,1,10,,273876,16,,,1,50,,273875,16,,,1,10,,273930,16,,,1,12,,273931,16,,,1,12,,273932,16,,,1,12,,273933,16,,,1,12,,273934,16,,,1,52,,273935,16,,,1,12,,273936,16,,,1,12,,273937,16,,,1,12,,273938,16,,,1,61,,273885,16,,,1,19,,273884,16,,,1,15,,273883,16,,,1,60,,273882,16,,,1,20,,273881,16,,,1,20,,273880,16,,,1,60,,273879,16,,,1,20,,273878,16,,,1,20,,273877,16,,,1,60,,273888,16,,,1,20,,273889,16,,,1,20,,273890,16,,,1,68,,273920,16,,,1,30,,273891,16,,,1,70,,273886,16,,,1,30,,273902,16,,,1,70,,273901,16,,,1,30,,273887,16,,,1
70901,'709-Weekday-4-26-09-1111100',527,,231321,16,,,1,20,,231322,16,,,1,60,,231326,16,,,1,20,,231345,16,,,1,18,,231346,16,,,1,55,,231375,16,,,1,15,,231347,16,,,1,15,,231348,16,,,1,15,,231349,16,,,1,55,,231376,16,,,1,15,,231350,16,,,1,15,,231351,16,,,1,15,,231352,16,,,1,55,,231377,16,,,1,15,,231353,16,,,1,11,,231356,16,,,1,15,,231357,16,,,1,15,,231378,16,,,1,55,,231358,16,,,1,15,,231359,16,,,1,15,,231360,16,,,1,15,,231379,16,,,1,55,,231361,16,,,1,15,,231362,16,,,1,15,,231363,16,,,1,15,,231380,16,,,1,55,,231364,16,,,1,15,,231365,16,,,1,15,,231366,16,,,1,15,,231381,16,,,1,55,,231367,16,,,1,15,,231368,16,,,1,15,,231369,16,,,1,15,,231382,16,,,1,55,,231370,16,,,1,15,,231371,16,,,1,15,,231372,16,,,1,15,,231374,16,,,1,53,,231323,16,,,1,11,,231324,16,,,1,10,,231325,16,,,1,10,,231327,16,,,1,10,,231329,16,,,1,50,,231328,16,,,1,10,,231383,16,,,1,12,,231384,16,,,1,12,,231385,16,,,1,12,,231386,16,,,1,12,,231387,16,,,1,52,,231388,16,,,1,12,,231389,16,,,1,12,,231390,16,,,1,12,,231391,16,,,1,61,,231338,16,,,1,19,,231337,16,,,1,15,,231336,16,,,1,60,,231335,16,,,1,20,,231334,16,,,1,20,,231333,16,,,1,60,,231332,16,,,1,20,,231331,16,,,1,20,,231330,16,,,1,60,,231341,16,,,1,20,,231342,16,,,1,20,,231343,16,,,1,68,,231373,16,,,1,30,,231344,16,,,1,70,,231339,16,,,1,30,,231355,16,,,1,70,,231354,16,,,1,30,,231340,16,,,1
70901,'709-Weekday-5-26-09-1111100',527,,273939,16,,,1,20,,273940,16,,,1,60,,273944,16,,,1,20,,273963,16,,,1,18,,273964,16,,,1,55,,273993,16,,,1,15,,273965,16,,,1,15,,273966,16,,,1,15,,273967,16,,,1,55,,273994,16,,,1,15,,273968,16,,,1,15,,273969,16,,,1,15,,273970,16,,,1,55,,273995,16,,,1,15,,273971,16,,,1,11,,273974,16,,,1,15,,273975,16,,,1,15,,273996,16,,,1,55,,273976,16,,,1,15,,273977,16,,,1,15,,273978,16,,,1,15,,273997,16,,,1,55,,273979,16,,,1,15,,273980,16,,,1,15,,273981,16,,,1,15,,273998,16,,,1,55,,273982,16,,,1,15,,273983,16,,,1,15,,273984,16,,,1,15,,273999,16,,,1,55,,273985,16,,,1,15,,273986,16,,,1,15,,273987,16,,,1,15,,274000,16,,,1,55,,273988,16,,,1,15,,273989,16,,,1,15,,273990,16,,,1,15,,273992,16,,,1,53,,273941,16,,,1,11,,273942,16,,,1,10,,273943,16,,,1,10,,273945,16,,,1,10,,273947,16,,,1,50,,273946,16,,,1,10,,274001,16,,,1,12,,274002,16,,,1,12,,274003,16,,,1,12,,274004,16,,,1,12,,274005,16,,,1,52,,274006,16,,,1,12,,274007,16,,,1,12,,274008,16,,,1,12,,274009,16,,,1,61,,273956,16,,,1,19,,273955,16,,,1,15,,273954,16,,,1,60,,273953,16,,,1,20,,273952,16,,,1,20,,273951,16,,,1,60,,273950,16,,,1,20,,273949,16,,,1,20,,273948,16,,,1,60,,273959,16,,,1,20,,273960,16,,,1,20,,273961,16,,,1,68,,273991,16,,,1,30,,273962,16,,,1,70,,273957,16,,,1,30,,273973,16,,,1,70,,273972,16,,,1,30,,273958,16,,,1
70901,'709-Weekday-6-26-09-1110100',1525,,274011,12,,,1,2,,274010,12,,,1,2,,274012,12,,,1
70901,'709-Weekday-6-26-09-1111100',527,,274013,16,,,1,20,,274014,16,,,1,60,,274018,16,,,1,20,,274037,16,,,1,18,,274038,16,,,1,55,,274067,16,,,1,15,,274039,16,,,1,15,,274040,16,,,1,15,,274041,16,,,1,55,,274068,16,,,1,15,,274042,16,,,1,15,,274043,16,,,1,15,,274044,16,,,1,55,,274069,16,,,1,15,,274045,16,,,1,11,,274048,16,,,1,15,,274049,16,,,1,15,,274070,16,,,1,55,,274050,16,,,1,15,,274051,16,,,1,15,,274052,16,,,1,15,,274071,16,,,1,55,,274053,16,,,1,15,,274054,16,,,1,15,,274055,16,,,1,15,,274072,16,,,1,55,,274056,16,,,1,15,,274057,16,,,1,15,,274058,16,,,1,15,,274073,16,,,1,55,,274059,16,,,1,15,,274060,16,,,1,15,,274061,16,,,1,15,,274074,16,,,1,55,,274062,16,,,1,15,,274063,16,,,1,15,,274064,16,,,1,15,,274066,16,,,1,53,,274015,16,,,1,11,,274016,16,,,1,10,,274017,16,,,1,4,,274084,15,,,1,3,,274085,15,,,1,3,,274019,16,,,1,10,,274021,16,,,1,50,,274020,16,,,1,10,,274075,16,,,1,12,,274076,16,,,1,12,,274077,16,,,1,12,,274078,16,,,1,12,,274079,16,,,1,52,,274080,16,,,1,12,,274081,16,,,1,12,,274082,16,,,1,12,,274083,16,,,1,61,,274030,16,,,1,19,,274029,16,,,1,15,,274028,16,,,1,60,,274027,16,,,1,20,,274026,16,,,1,20,,274025,16,,,1,60,,274024,16,,,1,20,,274023,16,,,1,20,,274022,16,,,1,60,,274033,16,,,1,20,,274034,16,,,1,20,,274035,16,,,1,68,,274065,16,,,1,30,,274036,16,,,1,70,,274031,16,,,1,30,,274047,16,,,1,70,,274046,16,,,1,30,,274032,16,,,1
70901,'709-Weekday-7-26-09-1111100',527,,274086,16,,,1,20,,274087,16,,,1,60,,274091,16,,,1,20,,274110,16,,,1,18,,274111,16,,,1,55,,274140,16,,,1,15,,274112,16,,,1,15,,274113,16,,,1,15,,274114,16,,,1,55,,274141,16,,,1,15,,274115,16,,,1,15,,274116,16,,,1,15,,274117,16,,,1,55,,274142,16,,,1,15,,274118,16,,,1,11,,274121,16,,,1,15,,274122,16,,,1,15,,274143,16,,,1,55,,274123,16,,,1,15,,274124,16,,,1,15,,274125,16,,,1,15,,274144,16,,,1,55,,274126,16,,,1,15,,274127,16,,,1,15,,274128,16,,,1,15,,274145,16,,,1,55,,274129,16,,,1,15,,274130,16,,,1,15,,274131,16,,,1,15,,274146,16,,,1,55,,274132,16,,,1,15,,274133,16,,,1,15,,274134,16,,,1,15,,274147,16,,,1,55,,274135,16,,,1,15,,274136,16,,,1,15,,274137,16,,,1,15,,274139,16,,,1,53,,274088,16,,,1,11,,274089,16,,,1,10,,274090,16,,,1,10,,274092,16,,,1,10,,274094,16,,,1,50,,274093,16,,,1,10,,274148,16,,,1,12,,274149,16,,,1,12,,274150,16,,,1,12,,274151,16,,,1,12,,274152,16,,,1,52,,274153,16,,,1,12,,274154,16,,,1,12,,274155,16,,,1,12,,274156,16,,,1,61,,274103,16,,,1,19,,274102,16,,,1,15,,274101,16,,,1,60,,274100,16,,,1,20,,274099,16,,,1,20,,274098,16,,,1,60,,274097,16,,,1,20,,274096,16,,,1,20,,274095,16,,,1,60,,274106,16,,,1,20,,274107,16,,,1,20,,274108,16,,,1,68,,274138,16,,,1,30,,274109,16,,,1,70,,274104,16,,,1,30,,274120,16,,,1,70,,274119,16,,,1,30,,274105,16,,,1
70901,'709-Weekday-8-26-09-0000100',1227,,274157,15,,,1
70901,'709-Weekday-8-26-09-1110100',1525,,274159,12,,,1,2,,274158,12,,,1,2,,274160,12,,,1
70901,'709-Weekday-8-26-09-1111100',527,,274161,16,,,1,20,,274162,16,,,1,60,,274166,16,,,1,20,,274185,16,,,1,18,,274186,16,,,1,55,,274215,16,,,1,15,,274187,16,,,1,15,,274188,16,,,1,15,,274189,16,,,1,55,,274216,16,,,1,15,,274190,16,,,1,15,,274191,16,,,1,15,,274192,16,,,1,55,,274217,16,,,1,15,,274193,16,,,1,11,,274196,16,,,1,15,,274197,16,,,1,15,,274218,16,,,1,55,,274198,16,,,1,15,,274199,16,,,1,15,,274200,16,,,1,15,,274219,16,,,1,55,,274201,16,,,1,15,,274202,16,,,1,15,,274203,16,,,1,15,,274220,16,,,1,55,,274204,16,,,1,15,,274205,16,,,1,15,,274206,16,,,1,15,,274221,16,,,1,55,,274207,16,,,1,15,,274208,16,,,1,15,,274209,16,,,1,15,,274222,16,,,1,55,,274210,16,,,1,15,,274211,16,,,1,15,,274212,16,,,1,15,,274214,16,,,1,53,,274163,16,,,1,11,,274164,16,,,1,10,,274165,16,,,1,4,,274232,15,,,1,3,,274233,15,,,1,3,,274167,16,,,1,10,,274169,16,,,1,50,,274168,16,,,1,10,,274223,16,,,1,12,,274224,16,,,1,12,,274225,16,,,1,12,,274226,16,,,1,12,,274227,16,,,1,52,,274228,16,,,1,12,,274229,16,,,1,12,,274230,16,,,1,12,,274231,16,,,1,61,,274178,16,,,1,19,,274177,16,,,1,15,,274176,16,,,1,60,,274175,16,,,1,20,,274174,16,,,1,20,,274173,16,,,1,60,,274172,16,,,1,20,,274171,16,,,1,20,,274170,16,,,1,60,,274181,16,,,1,20,,274182,16,,,1,20,,274183,16,,,1,68,,274213,16,,,1,30,,274184,16,,,1,70,,274179,16,,,1,30,,274195,16,,,1,70,,274194,16,,,1,30,,274180,16,,,1
70901,'709-Saturday-1-26-09-0000010',608,,231392,16,,,1,30,,231393,16,,,1,70,,231394,16,,,1,30,,231395,16,,,1,70,,231396,16,,,1,30,,231397,16,,,1,20,,231398,16,,,1,60,,231399,16,,,1,20,,231400,16,,,1,20,,231401,16,,,1,60,,231402,16,,,1,20,,231403,16,,,1,20,,231404,16,,,1,60,,231405,16,,,1,20,,231406,16,,,1,20,,231407,16,,,1,60,,231408,16,,,1,20,,231410,16,,,1,20,,231411,16,,,1,60,,231412,16,,,1,20,,231409,16,,,1,20,,231413,16,,,1,60,,231414,16,,,1,20,,231415,16,,,1,20,,231416,16,,,1,60,,231417,16,,,1,20,,231418,16,,,1,20,,231419,16,,,1,60,,231420,16,,,1,20,,231421,16,,,1,20,,231422,16,,,1,59,,231423,16,,,1,18,,231424,16,,,1,20,,231425,16,,,1,60,,231426,16,,,1,20,,231427,16,,,1,20,,231428,16,,,1,60,,231429,16,,,1,25,,231430,16,,,1,70,,231431,16,,,1,30,,231432,16,,,1,70,,231433,16,,,1,30,,231434,16,,,1,70,,231435,16,,,1,30,,231436,16,,,1,70,,231437,16,,,1,30,,231438,16,,,1,70,,231439,16,,,1,30,,231440,16,,,1,70,,231441,16,,,1
70901,'709-Sunday-1-26-09-0000001',621,,231442,16,,,1,30,,231443,16,,,1,70,,231444,16,,,1,30,,231445,16,,,1,70,,231446,16,,,1,30,,231447,16,,,1,72,,231448,16,,,1,30,,231449,16,,,1,70,,231450,16,,,1,30,,231451,16,,,1,70,,231452,16,,,1,30,,231453,16,,,1,70,,231454,16,,,1,30,,231455,16,,,1,70,,231456,16,,,1,30,,231457,16,,,1,70,,231458,16,,,1,30,,231459,16,,,1,70,,231460,16,,,1,30,,231461,16,,,1,70,,231462,16,,,1,30,,231463,16,,,1,70,,231464,16,,,1,30,,231465,16,,,1,70,,231466,16,,,1,30,,231468,16,,,1,70,,231469,16,,,1,30,,231470,16,,,1,70,,231467,16,,,1,30,,231471,16,,,1,70,,231472,16,,,1,30,,231473,16,,,1,70,,231474,16,,,1,30,,231475,16,,,1,70,,231476,16,,,1,30,,231477,16,,,1,70,,231478,16,,,1
