12400,'124-Weekday-1-26-09-1111100',558,,220732,37,,,1,70,,220737,37,,,1,73,,220742,37,,,1,15,,220706,37,,,1,15,,220707,37,,,1,15,,220708,37,,,1,55,,220709,37,,,1,15,,220738,37,,,1,15,,220710,37,,,1,15,,220711,37,,,1,55,,220745,37,,,1,30,,220729,37,,,1,70,,220730,37,,,1,30,,220712,37,,,1,70,,220713,37,,,1,30,,220714,37,,,1,70,,220715,37,,,1,30,,220716,37,,,1,70,,220717,37,,,1,30,,220718,37,,,1,70,,220731,37,,,1,30,,220733,37,,,1,70,,220739,37,,,1,28,,220743,37,,,1,15,,220719,37,,,1,14,,220744,37,,,1,1,,220736,37,,,1,55,,220720,37,,,1,15,,220721,37,,,1,15,,220722,37,,,1,15,,220723,37,,,1,55,,220724,37,,,1,15,,220725,37,,,1,15,,220741,37,,,1,15,,220740,37,,,1,69,,220728,37,,,1,26,,220734,37,,,1,70,,220735,37,,,1,30,,220703,37,,,1,70,,220704,37,,,1,30,,220705,37,,,1,70,,220726,37,,,1,30,,220727,37,,,1
12400,'124-Weekday-2-26-09-1111100',558,,220775,37,,,1,70,,220780,37,,,1,73,,220785,37,,,1,15,,220749,37,,,1,15,,220750,37,,,1,15,,220751,37,,,1,55,,220752,37,,,1,15,,220781,37,,,1,15,,220753,37,,,1,15,,220754,37,,,1,55,,220788,37,,,1,30,,220772,37,,,1,70,,220773,37,,,1,30,,220755,37,,,1,70,,220756,37,,,1,30,,220757,37,,,1,70,,220758,37,,,1,30,,220759,37,,,1,70,,220760,37,,,1,30,,220761,37,,,1,70,,220774,37,,,1,30,,220776,37,,,1,70,,220782,37,,,1,28,,220786,37,,,1,15,,220762,37,,,1,14,,220787,37,,,1,1,,220779,37,,,1,55,,220763,37,,,1,15,,220764,37,,,1,15,,220765,37,,,1,15,,220766,37,,,1,55,,220767,37,,,1,15,,220768,37,,,1,15,,220784,37,,,1,15,,220783,37,,,1,69,,220771,37,,,1,26,,220777,37,,,1,70,,220778,37,,,1,30,,220746,37,,,1,70,,220747,37,,,1,30,,220748,37,,,1,70,,220769,37,,,1,30,,220770,37,,,1
12400,'124-Weekday-3-26-09-1111100',558,,264051,37,,,1,70,,264056,37,,,1,73,,264061,37,,,1,15,,264025,37,,,1,15,,264026,37,,,1,15,,264027,37,,,1,55,,264028,37,,,1,15,,264057,37,,,1,15,,264029,37,,,1,15,,264030,37,,,1,55,,264063,37,,,1,30,,264048,37,,,1,70,,264049,37,,,1,30,,264031,37,,,1,70,,264032,37,,,1,30,,264033,37,,,1,70,,264034,37,,,1,30,,264035,37,,,1,70,,264036,37,,,1,30,,264037,37,,,1,70,,264050,37,,,1,30,,264052,37,,,1,70,,264058,37,,,1,28,,264062,37,,,1,15,,264038,37,,,1,15,,264055,37,,,1,55,,264039,37,,,1,15,,264040,37,,,1,15,,264041,37,,,1,15,,264042,37,,,1,55,,264043,37,,,1,15,,264044,37,,,1,15,,264060,37,,,1,15,,264059,37,,,1,69,,264047,37,,,1,26,,264053,37,,,1,70,,264054,37,,,1,30,,264022,37,,,1,70,,264023,37,,,1,30,,264024,37,,,1,70,,264045,37,,,1,30,,264046,37,,,1
12400,'124-Weekday-4-26-09-1111100',558,,220818,37,,,1,70,,220823,37,,,1,73,,220828,37,,,1,15,,220792,37,,,1,15,,220793,37,,,1,15,,220794,37,,,1,55,,220795,37,,,1,15,,220824,37,,,1,15,,220796,37,,,1,15,,220797,37,,,1,55,,220830,37,,,1,30,,220815,37,,,1,70,,220816,37,,,1,30,,220798,37,,,1,70,,220799,37,,,1,30,,220800,37,,,1,70,,220801,37,,,1,30,,220802,37,,,1,70,,220803,37,,,1,30,,220804,37,,,1,70,,220817,37,,,1,30,,220819,37,,,1,70,,220825,37,,,1,28,,220829,37,,,1,15,,220805,37,,,1,15,,220822,37,,,1,55,,220806,37,,,1,15,,220807,37,,,1,15,,220808,37,,,1,15,,220809,37,,,1,55,,220810,37,,,1,15,,220811,37,,,1,15,,220827,37,,,1,15,,220826,37,,,1,69,,220814,37,,,1,26,,220820,37,,,1,70,,220821,37,,,1,30,,220789,37,,,1,70,,220790,37,,,1,30,,220791,37,,,1,70,,220812,37,,,1,30,,220813,37,,,1
12400,'124-Weekday-5-26-09-1111100',558,,264093,37,,,1,70,,264098,37,,,1,73,,264103,37,,,1,15,,264067,37,,,1,15,,264068,37,,,1,15,,264069,37,,,1,55,,264070,37,,,1,15,,264099,37,,,1,15,,264071,37,,,1,15,,264072,37,,,1,55,,264105,37,,,1,30,,264090,37,,,1,70,,264091,37,,,1,30,,264073,37,,,1,70,,264074,37,,,1,30,,264075,37,,,1,70,,264076,37,,,1,30,,264077,37,,,1,70,,264078,37,,,1,30,,264079,37,,,1,70,,264092,37,,,1,30,,264094,37,,,1,70,,264100,37,,,1,28,,264104,37,,,1,15,,264080,37,,,1,15,,264097,37,,,1,55,,264081,37,,,1,15,,264082,37,,,1,15,,264083,37,,,1,15,,264084,37,,,1,55,,264085,37,,,1,15,,264086,37,,,1,15,,264102,37,,,1,15,,264101,37,,,1,69,,264089,37,,,1,26,,264095,37,,,1,70,,264096,37,,,1,30,,264064,37,,,1,70,,264065,37,,,1,30,,264066,37,,,1,70,,264087,37,,,1,30,,264088,37,,,1
12400,'124-Weekday-6-26-09-1111100',558,,264135,37,,,1,70,,264140,37,,,1,73,,264145,37,,,1,15,,264109,37,,,1,15,,264110,37,,,1,15,,264111,37,,,1,55,,264112,37,,,1,15,,264141,37,,,1,15,,264113,37,,,1,15,,264114,37,,,1,55,,264148,37,,,1,30,,264132,37,,,1,70,,264133,37,,,1,30,,264115,37,,,1,70,,264116,37,,,1,30,,264117,37,,,1,70,,264118,37,,,1,30,,264119,37,,,1,70,,264120,37,,,1,30,,264121,37,,,1,70,,264134,37,,,1,30,,264136,37,,,1,70,,264142,37,,,1,28,,264146,37,,,1,15,,264122,37,,,1,14,,264147,37,,,1,1,,264139,37,,,1,55,,264123,37,,,1,15,,264124,37,,,1,15,,264125,37,,,1,15,,264126,37,,,1,55,,264127,37,,,1,15,,264128,37,,,1,15,,264144,37,,,1,15,,264143,37,,,1,69,,264131,37,,,1,26,,264137,37,,,1,70,,264138,37,,,1,30,,264106,37,,,1,70,,264107,37,,,1,30,,264108,37,,,1,70,,264129,37,,,1,30,,264130,37,,,1
12400,'124-Weekday-7-26-09-1111100',558,,264178,37,,,1,70,,264183,37,,,1,73,,264188,37,,,1,15,,264152,37,,,1,15,,264153,37,,,1,15,,264154,37,,,1,55,,264155,37,,,1,15,,264184,37,,,1,15,,264156,37,,,1,15,,264157,37,,,1,55,,264190,37,,,1,30,,264175,37,,,1,70,,264176,37,,,1,30,,264158,37,,,1,70,,264159,37,,,1,30,,264160,37,,,1,70,,264161,37,,,1,30,,264162,37,,,1,70,,264163,37,,,1,30,,264164,37,,,1,70,,264177,37,,,1,30,,264179,37,,,1,70,,264185,37,,,1,28,,264189,37,,,1,15,,264165,37,,,1,15,,264182,37,,,1,55,,264166,37,,,1,15,,264167,37,,,1,15,,264168,37,,,1,15,,264169,37,,,1,55,,264170,37,,,1,15,,264171,37,,,1,15,,264187,37,,,1,15,,264186,37,,,1,69,,264174,37,,,1,26,,264180,37,,,1,70,,264181,37,,,1,30,,264149,37,,,1,70,,264150,37,,,1,30,,264151,37,,,1,70,,264172,37,,,1,30,,264173,37,,,1
12400,'124-Saturday-1-26-09-0000010',808,,220831,37,,,1,30,,220832,37,,,1,71,,220833,37,,,1,30,,220834,37,,,1,70,,220835,37,,,1,30,,220836,37,,,1,70,,220837,37,,,1,30,,220838,37,,,1,70,,220839,37,,,1,30,,220840,37,,,1,70,,220841,37,,,1,30,,220842,37,,,1,70,,220843,37,,,1,30,,220844,37,,,1,70,,220845,37,,,1,30,,220846,37,,,1,70,,220847,37,,,1,30,,220848,37,,,1,70,,220849,37,,,1,30,,220850,37,,,1,70,,220851,37,,,1,30,,220852,37,,,1,70,,220853,37,,,1
12400,'124-Sunday-1-26-09-0000001',1027,,220854,37,,,1,27,,220855,37,,,1,70,,220856,37,,,1,30,,220857,37,,,1,70,,220858,37,,,1,30,,220859,37,,,1,70,,220860,37,,,1,30,,220861,37,,,1,70,,220862,37,,,1,30,,220863,37,,,1,70,,220864,37,,,1,30,,220865,37,,,1,70,,220866,37,,,1,31,,220867,37,,,1,70,,220868,37,,,1,30,,220869,37,,,1,70,,220870,37,,,1,33,,220871,37,,,1,70,,220872,37,,,1
61500,'615-Weekday-1-26-09-1111100',805,,227426,20,,,1
61500,'615-Weekday-4-26-09-1111100',805,,270284,20,,,1
61500,'615-Weekday-7-26-09-1111100',805,,270285,20,,,1
61800,'618-Weekday-1-26-09-0001000',1252,,227447,28,,,1
61800,'618-Weekday-1-26-09-1110100',1543,,227448,28,,,1
61800,'618-Weekday-4-26-09-1110100',1543,,270297,28,,,1
61800,'618-Weekday-7-26-09-1110100',1543,,270298,28,,,1
68300,'683-Weekday-1-26-09-0001000',1327,,227870,29,,,1,3,,227871,29,,,1
68300,'683-Weekday-1-26-09-1110100',1625,,227873,29,,,1,3,,227872,29,,,1
68300,'683-Weekday-1-26-09-1111100',1612,,227874,29,,,1,5,,227875,29,,,1
68300,'683-Weekday-3-26-09-1111100',1612,,227876,29,,,1,5,,227877,29,,,1
68300,'683-Weekday-4-26-09-1110100',1625,,270635,29,,,1,3,,270634,29,,,1
68300,'683-Weekday-7-26-09-1110100',1625,,270637,29,,,1,3,,270636,29,,,1
68300,'683-Weekday-7-26-09-1111100',1612,,270638,29,,,1,5,,270639,29,,,1
