65900,'659-Weekday-1-26-09-0001000',1236,,227702,6,,,1
65900,'659-Weekday-1-26-09-1110100',1528,,227704,6,,,1,2,,227703,6,,,1
65900,'659-Weekday-4-26-09-1110100',1528,,270498,6,,,1,2,,270497,6,,,1
65900,'659-Weekday-7-26-09-1110100',1528,,270500,6,,,1,2,,270499,6,,,1
66700,'667-Weekday-1-26-09-0001000',1438,,227776,10,,,1,3,,227777,10,,,1
66700,'667-Weekday-1-26-09-1110100',1517,,227778,10,,,1,3,,227779,10,,,1
66700,'667-Weekday-3-26-09-1110100',1517,,227780,10,,,1,3,,227781,10,,,1
66700,'667-Weekday-7-26-09-1110100',1517,,270570,10,,,1,3,,270571,10,,,1
72100,'721-Weekday-1-26-09-0001000',1435,,233912,11,,,1
72100,'721-Weekday-1-26-09-1110100',1518,,233913,11,,,1,3,,233914,11,,,1
72100,'721-Weekday-1-26-09-1111100',508,,233956,17,,,1,20,,233957,17,,,1,20,,233958,17,,,1,60,,233959,17,,,1,18,,233915,11,,,1,12,,233960,17,,,1,10,,233916,11,,,1,52,,233968,17,,,1,12,,233917,11,,,1,8,,233970,17,,,1,7,,233974,11,,,1,8,,233961,17,,,1,8,,233918,11,,,1,8,,233975,17,,,1,8,,233919,11,,,1,47,,233976,17,,,1,8,,233969,11,,,1,7,,233977,17,,,1,8,,233920,11,,,1,7,,233978,17,,,1,7,,233921,11,,,1,14,,233971,11,,,1,54,,233923,11,,,1,16,,233922,11,,,1,18,,233924,11,,,1,60,,233925,11,,,1,20,,233926,11,,,1,20,,233927,11,,,1,60,,233928,11,,,1,20,,233929,11,,,1,20,,233930,11,,,1,60,,233931,11,,,1,20,,233932,11,,,1,20,,233933,11,,,1,60,,233934,11,,,1,20,,233935,11,,,1,20,,233936,11,,,1,60,,233937,11,,,1,20,,233938,11,,,1,20,,233939,11,,,1,60,,233940,11,,,1,26,,233941,11,,,1,22,,233972,11,,,1,60,,233965,11,,,1,20,,233966,11,,,1,20,,233967,11,,,1,60,,233964,11,,,1,20,,233973,11,,,1,17,,233979,11,,,1,60,,233980,11,,,1,20,,233963,11,,,1,20,,233962,11,,,1,57,,233942,11,,,1,20,,233943,11,,,1,20,,233944,11,,,1,60,,233945,11,,,1,20,,233946,11,,,1,20,,233947,11,,,1,60,,233948,11,,,1,20,,233949,11,,,1,20,,233950,11,,,1,59,,233951,11,,,1,30,,233952,11,,,1,70,,233953,11,,,1,30,,233954,11,,,1,70,,233955,11,,,1
72100,'721-Weekday-2-26-09-1110100',1518,,233981,11,,,1,3,,233982,11,,,1
72100,'721-Weekday-2-26-09-1111100',508,,234024,17,,,1,20,,234025,17,,,1,20,,234026,17,,,1,60,,234027,17,,,1,18,,233983,11,,,1,12,,234028,17,,,1,10,,233984,11,,,1,52,,234036,17,,,1,12,,233985,11,,,1,8,,234038,17,,,1,7,,234042,11,,,1,8,,234029,17,,,1,8,,233986,11,,,1,8,,234043,17,,,1,8,,233987,11,,,1,47,,234044,17,,,1,8,,234037,11,,,1,7,,234045,17,,,1,8,,233988,11,,,1,7,,234046,17,,,1,7,,233989,11,,,1,14,,234039,11,,,1,54,,233991,11,,,1,16,,233990,11,,,1,18,,233992,11,,,1,60,,233993,11,,,1,20,,233994,11,,,1,20,,233995,11,,,1,60,,233996,11,,,1,20,,233997,11,,,1,20,,233998,11,,,1,60,,233999,11,,,1,20,,234000,11,,,1,20,,234001,11,,,1,60,,234002,11,,,1,20,,234003,11,,,1,20,,234004,11,,,1,60,,234005,11,,,1,20,,234006,11,,,1,20,,234007,11,,,1,60,,234008,11,,,1,26,,234009,11,,,1,22,,234040,11,,,1,60,,234033,11,,,1,20,,234034,11,,,1,20,,234035,11,,,1,60,,234032,11,,,1,20,,234041,11,,,1,17,,234047,11,,,1,60,,234048,11,,,1,20,,234031,11,,,1,20,,234030,11,,,1,57,,234010,11,,,1,20,,234011,11,,,1,20,,234012,11,,,1,60,,234013,11,,,1,20,,234014,11,,,1,20,,234015,11,,,1,60,,234016,11,,,1,20,,234017,11,,,1,20,,234018,11,,,1,59,,234019,11,,,1,30,,234020,11,,,1,70,,234021,11,,,1,30,,234022,11,,,1,70,,234023,11,,,1
72100,'721-Weekday-3-26-09-1111100',508,,276603,17,,,1,20,,276604,17,,,1,20,,276605,17,,,1,60,,276606,17,,,1,18,,276562,11,,,1,12,,276607,17,,,1,10,,276563,11,,,1,52,,276615,17,,,1,12,,276564,11,,,1,8,,276617,17,,,1,7,,276621,11,,,1,8,,276608,17,,,1,8,,276565,11,,,1,8,,276622,17,,,1,8,,276566,11,,,1,47,,276623,17,,,1,8,,276616,11,,,1,7,,276624,17,,,1,8,,276567,11,,,1,7,,276625,17,,,1,7,,276568,11,,,1,14,,276618,11,,,1,54,,276570,11,,,1,16,,276569,11,,,1,18,,276571,11,,,1,60,,276572,11,,,1,20,,276573,11,,,1,20,,276574,11,,,1,60,,276575,11,,,1,20,,276576,11,,,1,20,,276577,11,,,1,60,,276578,11,,,1,20,,276579,11,,,1,20,,276580,11,,,1,60,,276581,11,,,1,20,,276582,11,,,1,20,,276583,11,,,1,60,,276584,11,,,1,20,,276585,11,,,1,20,,276586,11,,,1,60,,276587,11,,,1,26,,276588,11,,,1,22,,276619,11,,,1,60,,276612,11,,,1,20,,276613,11,,,1,20,,276614,11,,,1,60,,276611,11,,,1,20,,276620,11,,,1,17,,276626,11,,,1,60,,276627,11,,,1,20,,276610,11,,,1,20,,276609,11,,,1,57,,276589,11,,,1,20,,276590,11,,,1,20,,276591,11,,,1,60,,276592,11,,,1,20,,276593,11,,,1,20,,276594,11,,,1,60,,276595,11,,,1,20,,276596,11,,,1,20,,276597,11,,,1,59,,276598,11,,,1,30,,276599,11,,,1,70,,276600,11,,,1,30,,276601,11,,,1,70,,276602,11,,,1
72100,'721-Weekday-4-26-09-1111100',508,,234090,17,,,1,20,,234091,17,,,1,20,,234092,17,,,1,60,,234093,17,,,1,18,,234049,11,,,1,12,,234094,17,,,1,10,,234050,11,,,1,52,,234102,17,,,1,12,,234051,11,,,1,8,,234104,17,,,1,7,,234108,11,,,1,8,,234095,17,,,1,8,,234052,11,,,1,8,,234109,17,,,1,8,,234053,11,,,1,47,,234110,17,,,1,8,,234103,11,,,1,7,,234111,17,,,1,8,,234054,11,,,1,7,,234112,17,,,1,7,,234055,11,,,1,14,,234105,11,,,1,54,,234057,11,,,1,16,,234056,11,,,1,18,,234058,11,,,1,60,,234059,11,,,1,20,,234060,11,,,1,20,,234061,11,,,1,60,,234062,11,,,1,20,,234063,11,,,1,20,,234064,11,,,1,60,,234065,11,,,1,20,,234066,11,,,1,20,,234067,11,,,1,60,,234068,11,,,1,20,,234069,11,,,1,20,,234070,11,,,1,60,,234071,11,,,1,20,,234072,11,,,1,20,,234073,11,,,1,60,,234074,11,,,1,26,,234075,11,,,1,22,,234106,11,,,1,60,,234099,11,,,1,20,,234100,11,,,1,20,,234101,11,,,1,60,,234098,11,,,1,20,,234107,11,,,1,17,,234113,11,,,1,60,,234114,11,,,1,20,,234097,11,,,1,20,,234096,11,,,1,57,,234076,11,,,1,20,,234077,11,,,1,20,,234078,11,,,1,60,,234079,11,,,1,20,,234080,11,,,1,20,,234081,11,,,1,60,,234082,11,,,1,20,,234083,11,,,1,20,,234084,11,,,1,59,,234085,11,,,1,30,,234086,11,,,1,70,,234087,11,,,1,30,,234088,11,,,1,70,,234089,11,,,1
72100,'721-Weekday-5-26-09-1111100',508,,276669,17,,,1,20,,276670,17,,,1,20,,276671,17,,,1,60,,276672,17,,,1,18,,276628,11,,,1,12,,276673,17,,,1,10,,276629,11,,,1,52,,276681,17,,,1,12,,276630,11,,,1,8,,276683,17,,,1,7,,276687,11,,,1,8,,276674,17,,,1,8,,276631,11,,,1,8,,276688,17,,,1,8,,276632,11,,,1,47,,276689,17,,,1,8,,276682,11,,,1,7,,276690,17,,,1,8,,276633,11,,,1,7,,276691,17,,,1,7,,276634,11,,,1,14,,276684,11,,,1,54,,276636,11,,,1,16,,276635,11,,,1,18,,276637,11,,,1,60,,276638,11,,,1,20,,276639,11,,,1,20,,276640,11,,,1,60,,276641,11,,,1,20,,276642,11,,,1,20,,276643,11,,,1,60,,276644,11,,,1,20,,276645,11,,,1,20,,276646,11,,,1,60,,276647,11,,,1,20,,276648,11,,,1,20,,276649,11,,,1,60,,276650,11,,,1,20,,276651,11,,,1,20,,276652,11,,,1,60,,276653,11,,,1,26,,276654,11,,,1,22,,276685,11,,,1,60,,276678,11,,,1,20,,276679,11,,,1,20,,276680,11,,,1,60,,276677,11,,,1,20,,276686,11,,,1,17,,276692,11,,,1,60,,276693,11,,,1,20,,276676,11,,,1,20,,276675,11,,,1,57,,276655,11,,,1,20,,276656,11,,,1,20,,276657,11,,,1,60,,276658,11,,,1,20,,276659,11,,,1,20,,276660,11,,,1,60,,276661,11,,,1,20,,276662,11,,,1,20,,276663,11,,,1,59,,276664,11,,,1,30,,276665,11,,,1,70,,276666,11,,,1,30,,276667,11,,,1,70,,276668,11,,,1
72100,'721-Weekday-6-26-09-1110100',1518,,276694,11,,,1,3,,276695,11,,,1
72100,'721-Weekday-6-26-09-1111100',508,,276737,17,,,1,20,,276738,17,,,1,20,,276739,17,,,1,60,,276740,17,,,1,18,,276696,11,,,1,12,,276741,17,,,1,10,,276697,11,,,1,52,,276749,17,,,1,12,,276698,11,,,1,8,,276751,17,,,1,7,,276755,11,,,1,8,,276742,17,,,1,8,,276699,11,,,1,8,,276756,17,,,1,8,,276700,11,,,1,47,,276757,17,,,1,8,,276750,11,,,1,7,,276758,17,,,1,8,,276701,11,,,1,7,,276759,17,,,1,7,,276702,11,,,1,14,,276752,11,,,1,54,,276704,11,,,1,16,,276703,11,,,1,18,,276705,11,,,1,60,,276706,11,,,1,20,,276707,11,,,1,20,,276708,11,,,1,60,,276709,11,,,1,20,,276710,11,,,1,20,,276711,11,,,1,60,,276712,11,,,1,20,,276713,11,,,1,20,,276714,11,,,1,60,,276715,11,,,1,20,,276716,11,,,1,20,,276717,11,,,1,60,,276718,11,,,1,20,,276719,11,,,1,20,,276720,11,,,1,60,,276721,11,,,1,26,,276722,11,,,1,22,,276753,11,,,1,60,,276746,11,,,1,20,,276747,11,,,1,20,,276748,11,,,1,60,,276745,11,,,1,20,,276754,11,,,1,17,,276760,11,,,1,60,,276761,11,,,1,20,,276744,11,,,1,20,,276743,11,,,1,57,,276723,11,,,1,20,,276724,11,,,1,20,,276725,11,,,1,60,,276726,11,,,1,20,,276727,11,,,1,20,,276728,11,,,1,60,,276729,11,,,1,20,,276730,11,,,1,20,,276731,11,,,1,59,,276732,11,,,1,30,,276733,11,,,1,70,,276734,11,,,1,30,,276735,11,,,1,70,,276736,11,,,1
72100,'721-Weekday-7-26-09-1111100',508,,276803,17,,,1,20,,276804,17,,,1,20,,276805,17,,,1,60,,276806,17,,,1,18,,276762,11,,,1,12,,276807,17,,,1,10,,276763,11,,,1,52,,276815,17,,,1,12,,276764,11,,,1,8,,276817,17,,,1,7,,276821,11,,,1,8,,276808,17,,,1,8,,276765,11,,,1,8,,276822,17,,,1,8,,276766,11,,,1,47,,276823,17,,,1,8,,276816,11,,,1,7,,276824,17,,,1,8,,276767,11,,,1,7,,276825,17,,,1,7,,276768,11,,,1,14,,276818,11,,,1,54,,276770,11,,,1,16,,276769,11,,,1,18,,276771,11,,,1,60,,276772,11,,,1,20,,276773,11,,,1,20,,276774,11,,,1,60,,276775,11,,,1,20,,276776,11,,,1,20,,276777,11,,,1,60,,276778,11,,,1,20,,276779,11,,,1,20,,276780,11,,,1,60,,276781,11,,,1,20,,276782,11,,,1,20,,276783,11,,,1,60,,276784,11,,,1,20,,276785,11,,,1,20,,276786,11,,,1,60,,276787,11,,,1,26,,276788,11,,,1,22,,276819,11,,,1,60,,276812,11,,,1,20,,276813,11,,,1,20,,276814,11,,,1,60,,276811,11,,,1,20,,276820,11,,,1,17,,276826,11,,,1,60,,276827,11,,,1,20,,276810,11,,,1,20,,276809,11,,,1,57,,276789,11,,,1,20,,276790,11,,,1,20,,276791,11,,,1,60,,276792,11,,,1,20,,276793,11,,,1,20,,276794,11,,,1,60,,276795,11,,,1,20,,276796,11,,,1,20,,276797,11,,,1,59,,276798,11,,,1,30,,276799,11,,,1,70,,276800,11,,,1,30,,276801,11,,,1,70,,276802,11,,,1
72100,'721-Saturday-1-26-09-0000010',552,,234162,17,,,1,70,,234115,17,,,1,30,,234116,17,,,1,70,,234117,17,,,1,30,,234118,17,,,1,70,,234119,17,,,1,25,,234120,17,,,1,61,,234121,17,,,1,24,,234122,17,,,1,20,,234123,17,,,1,60,,234124,17,,,1,20,,234125,17,,,1,20,,234126,17,,,1,60,,234127,17,,,1,20,,234128,17,,,1,20,,234129,17,,,1,60,,234130,17,,,1,20,,234131,17,,,1,20,,234132,17,,,1,60,,234133,17,,,1,20,,234134,17,,,1,20,,234135,17,,,1,60,,234136,17,,,1,20,,234137,17,,,1,21,,234138,17,,,1,61,,234139,17,,,1,20,,234140,17,,,1,20,,234141,17,,,1,60,,234142,17,,,1,20,,234143,17,,,1,20,,234144,17,,,1,58,,234145,17,,,1,18,,234146,17,,,1,20,,234147,17,,,1,60,,234148,17,,,1,20,,234149,17,,,1,20,,234150,17,,,1,60,,234151,17,,,1,30,,234152,17,,,1,70,,234153,17,,,1,30,,234154,17,,,1,70,,234155,17,,,1,30,,234156,17,,,1,70,,234157,17,,,1,30,,234158,17,,,1,70,,234159,17,,,1,30,,234160,17,,,1
72100,'721-Sunday-1-26-09-0000001',614,,234198,17,,,1,30,,234187,17,,,1,70,,234182,17,,,1,30,,234181,17,,,1,70,,234183,17,,,1,30,,234180,17,,,1,68,,234186,17,,,1,31,,234184,17,,,1,70,,234172,17,,,1,30,,234192,17,,,1,70,,234167,17,,,1,30,,234165,17,,,1,70,,234171,17,,,1,30,,234170,17,,,1,67,,234164,17,,,1,30,,234168,17,,,1,70,,234169,17,,,1,30,,234195,17,,,1,70,,234177,17,,,1,30,,234197,17,,,1,70,,234194,17,,,1,30,,234191,17,,,1,70,,234188,17,,,1,31,,234189,17,,,1,70,,234185,17,,,1,30,,234196,17,,,1,70,,234190,17,,,1,30,,234193,17,,,1,70,,234173,17,,,1,30,,234176,17,,,1,70,,234175,17,,,1,30,,234174,17,,,1,85,,234179,17,,,1,100,,234178,17,,,1,100,,234166,17,,,1
