90601,'906-Weekday-1-26-09-1111100',624,,237864,15,,,1,30,,237865,15,,,1,70,,237866,15,,,1,30,,237867,15,,,1,70,,237868,15,,,1,30,,237869,15,,,1,670,,237870,15,,,1,30,,237871,15,,,1,70,,237872,15,,,1,30,,237873,15,,,1,70,,237874,15,,,1,30,,237875,15,,,1
90601,'906-Weekday-2-26-09-1111100',624,,237876,15,,,1,30,,237877,15,,,1,70,,237878,15,,,1,30,,237879,15,,,1,70,,237880,15,,,1,30,,237881,15,,,1,670,,237882,15,,,1,30,,237883,15,,,1,70,,237884,15,,,1,30,,237885,15,,,1,70,,237886,15,,,1,30,,237887,15,,,1
90601,'906-Weekday-3-26-09-1111100',624,,280490,15,,,1,30,,280491,15,,,1,70,,280492,15,,,1,30,,280493,15,,,1,70,,280494,15,,,1,30,,280495,15,,,1,670,,280496,15,,,1,30,,280497,15,,,1,70,,280498,15,,,1,30,,280499,15,,,1,70,,280500,15,,,1,30,,280501,15,,,1
90601,'906-Weekday-4-26-09-1111100',624,,237888,15,,,1,30,,237889,15,,,1,70,,237890,15,,,1,30,,237891,15,,,1,70,,237892,15,,,1,30,,237893,15,,,1,670,,237894,15,,,1,30,,237895,15,,,1,70,,237896,15,,,1,30,,237897,15,,,1,70,,237898,15,,,1,30,,237899,15,,,1
90601,'906-Weekday-5-26-09-1111100',624,,280502,15,,,1,30,,280503,15,,,1,70,,280504,15,,,1,30,,280505,15,,,1,70,,280506,15,,,1,30,,280507,15,,,1,670,,280508,15,,,1,30,,280509,15,,,1,70,,280510,15,,,1,30,,280511,15,,,1,70,,280512,15,,,1,30,,280513,15,,,1
90601,'906-Weekday-6-26-09-1111100',624,,280514,15,,,1,30,,280515,15,,,1,70,,280516,15,,,1,30,,280517,15,,,1,70,,280518,15,,,1,30,,280519,15,,,1,670,,280520,15,,,1,30,,280521,15,,,1,70,,280522,15,,,1,30,,280523,15,,,1,70,,280524,15,,,1,30,,280525,15,,,1
90601,'906-Weekday-7-26-09-1111100',624,,280526,15,,,1,30,,280527,15,,,1,70,,280528,15,,,1,30,,280529,15,,,1,70,,280530,15,,,1,30,,280531,15,,,1,670,,280532,15,,,1,30,,280533,15,,,1,70,,280534,15,,,1,30,,280535,15,,,1,70,,280536,15,,,1,30,,280537,15,,,1
90701,'907-Weekday-1-26-09-1111100',537,,238078,16,,,1,70,,238079,16,,,1,27,,238080,16,,,1,16,,238081,16,,,1,55,,238082,16,,,1,15,,238083,16,,,1,15,,238084,16,,,1,15,,238085,16,,,1,55,,238086,16,,,1,15,,238087,16,,,1,15,,238088,16,,,1,71,,238089,16,,,1,30,,238090,16,,,1,70,,238091,16,,,1,30,,238092,16,,,1,70,,238093,16,,,1,30,,238094,16,,,1,70,,238095,16,,,1,30,,238096,16,,,1,70,,238097,16,,,1,30,,238098,16,,,1,70,,238099,16,,,1,30,,238100,16,,,1,71,,238101,16,,,1,22,,238102,16,,,1,17,,238103,16,,,1,55,,238104,16,,,1,15,,238105,16,,,1,15,,238106,16,,,1,15,,238107,16,,,1,55,,238108,16,,,1,15,,238109,16,,,1,15,,238110,16,,,1,15,,238111,16,,,1,67,,238112,16,,,1,24,,238113,16,,,1,70,,238114,16,,,1,30,,238115,16,,,1,70,,238116,16,,,1,30,,238117,16,,,1,70,,238118,16,,,1,30,,238119,16,,,1,72,,238120,16,,,1,100,,238121,16,,,1,100,,238122,16,,,1
90701,'907-Weekday-2-26-09-1111100',537,,238123,16,,,1,70,,238124,16,,,1,27,,238125,16,,,1,16,,238126,16,,,1,55,,238127,16,,,1,15,,238128,16,,,1,15,,238129,16,,,1,15,,238130,16,,,1,55,,238131,16,,,1,15,,238132,16,,,1,15,,238133,16,,,1,71,,238134,16,,,1,30,,238135,16,,,1,70,,238136,16,,,1,30,,238137,16,,,1,70,,238138,16,,,1,30,,238139,16,,,1,70,,238140,16,,,1,30,,238141,16,,,1,70,,238142,16,,,1,30,,238143,16,,,1,70,,238144,16,,,1,30,,238145,16,,,1,71,,238146,16,,,1,22,,238147,16,,,1,17,,238148,16,,,1,55,,238149,16,,,1,15,,238150,16,,,1,15,,238151,16,,,1,15,,238152,16,,,1,55,,238153,16,,,1,15,,238154,16,,,1,15,,238155,16,,,1,15,,238156,16,,,1,67,,238157,16,,,1,24,,238158,16,,,1,70,,238159,16,,,1,30,,238160,16,,,1,70,,238161,16,,,1,30,,238162,16,,,1,70,,238163,16,,,1,30,,238164,16,,,1,72,,238165,16,,,1,100,,238166,16,,,1,100,,238167,16,,,1
90701,'907-Weekday-3-26-09-1111100',537,,280714,16,,,1,70,,280715,16,,,1,27,,280716,16,,,1,16,,280717,16,,,1,55,,280718,16,,,1,15,,280719,16,,,1,15,,280720,16,,,1,15,,280721,16,,,1,55,,280722,16,,,1,15,,280723,16,,,1,15,,280724,16,,,1,71,,280725,16,,,1,30,,280726,16,,,1,70,,280727,16,,,1,30,,280728,16,,,1,70,,280729,16,,,1,30,,280730,16,,,1,70,,280731,16,,,1,30,,280732,16,,,1,70,,280733,16,,,1,30,,280734,16,,,1,70,,280735,16,,,1,30,,280736,16,,,1,71,,280737,16,,,1,22,,280738,16,,,1,17,,280739,16,,,1,55,,280740,16,,,1,15,,280741,16,,,1,15,,280742,16,,,1,15,,280743,16,,,1,55,,280744,16,,,1,15,,280745,16,,,1,15,,280746,16,,,1,15,,280747,16,,,1,67,,280748,16,,,1,24,,280749,16,,,1,70,,280750,16,,,1,30,,280751,16,,,1,70,,280752,16,,,1,30,,280753,16,,,1,70,,280754,16,,,1,30,,280755,16,,,1,72,,280756,16,,,1,100,,280757,16,,,1,100,,280758,16,,,1
90701,'907-Weekday-4-26-09-1111100',537,,238168,16,,,1,70,,238169,16,,,1,27,,238170,16,,,1,16,,238171,16,,,1,55,,238172,16,,,1,15,,238173,16,,,1,15,,238174,16,,,1,15,,238175,16,,,1,55,,238176,16,,,1,15,,238177,16,,,1,15,,238178,16,,,1,71,,238179,16,,,1,30,,238180,16,,,1,70,,238181,16,,,1,30,,238182,16,,,1,70,,238183,16,,,1,30,,238184,16,,,1,70,,238185,16,,,1,30,,238186,16,,,1,70,,238187,16,,,1,30,,238188,16,,,1,70,,238189,16,,,1,30,,238190,16,,,1,71,,238191,16,,,1,22,,238192,16,,,1,17,,238193,16,,,1,55,,238194,16,,,1,15,,238195,16,,,1,15,,238196,16,,,1,15,,238197,16,,,1,55,,238198,16,,,1,15,,238199,16,,,1,15,,238200,16,,,1,15,,238201,16,,,1,67,,238202,16,,,1,24,,238203,16,,,1,70,,238204,16,,,1,30,,238205,16,,,1,70,,238206,16,,,1,30,,238207,16,,,1,70,,238208,16,,,1,30,,238209,16,,,1,72,,238210,16,,,1,100,,238211,16,,,1,100,,238212,16,,,1
90701,'907-Weekday-5-26-09-1111100',537,,280759,16,,,1,70,,280760,16,,,1,27,,280761,16,,,1,16,,280762,16,,,1,55,,280763,16,,,1,15,,280764,16,,,1,15,,280765,16,,,1,15,,280766,16,,,1,55,,280767,16,,,1,15,,280768,16,,,1,15,,280769,16,,,1,71,,280770,16,,,1,30,,280771,16,,,1,70,,280772,16,,,1,30,,280773,16,,,1,70,,280774,16,,,1,30,,280775,16,,,1,70,,280776,16,,,1,30,,280777,16,,,1,70,,280778,16,,,1,30,,280779,16,,,1,70,,280780,16,,,1,30,,280781,16,,,1,71,,280782,16,,,1,22,,280783,16,,,1,17,,280784,16,,,1,55,,280785,16,,,1,15,,280786,16,,,1,15,,280787,16,,,1,15,,280788,16,,,1,55,,280789,16,,,1,15,,280790,16,,,1,15,,280791,16,,,1,15,,280792,16,,,1,67,,280793,16,,,1,24,,280794,16,,,1,70,,280795,16,,,1,30,,280796,16,,,1,70,,280797,16,,,1,30,,280798,16,,,1,70,,280799,16,,,1,30,,280800,16,,,1,72,,280801,16,,,1,100,,280802,16,,,1,100,,280803,16,,,1
90701,'907-Weekday-6-26-09-1111100',537,,280804,16,,,1,70,,280805,16,,,1,27,,280806,16,,,1,16,,280807,16,,,1,55,,280808,16,,,1,15,,280809,16,,,1,15,,280810,16,,,1,15,,280811,16,,,1,55,,280812,16,,,1,15,,280813,16,,,1,15,,280814,16,,,1,71,,280815,16,,,1,30,,280816,16,,,1,70,,280817,16,,,1,30,,280818,16,,,1,70,,280819,16,,,1,30,,280820,16,,,1,70,,280821,16,,,1,30,,280822,16,,,1,70,,280823,16,,,1,30,,280824,16,,,1,70,,280825,16,,,1,30,,280826,16,,,1,71,,280827,16,,,1,22,,280828,16,,,1,17,,280829,16,,,1,55,,280830,16,,,1,15,,280831,16,,,1,15,,280832,16,,,1,15,,280833,16,,,1,55,,280834,16,,,1,15,,280835,16,,,1,15,,280836,16,,,1,15,,280837,16,,,1,67,,280838,16,,,1,24,,280839,16,,,1,70,,280840,16,,,1,30,,280841,16,,,1,70,,280842,16,,,1,30,,280843,16,,,1,70,,280844,16,,,1,30,,280845,16,,,1,72,,280846,16,,,1,100,,280847,16,,,1,100,,280848,16,,,1
90701,'907-Weekday-7-26-09-1111100',537,,280849,16,,,1,70,,280850,16,,,1,27,,280851,16,,,1,16,,280852,16,,,1,55,,280853,16,,,1,15,,280854,16,,,1,15,,280855,16,,,1,15,,280856,16,,,1,55,,280857,16,,,1,15,,280858,16,,,1,15,,280859,16,,,1,71,,280860,16,,,1,30,,280861,16,,,1,70,,280862,16,,,1,30,,280863,16,,,1,70,,280864,16,,,1,30,,280865,16,,,1,70,,280866,16,,,1,30,,280867,16,,,1,70,,280868,16,,,1,30,,280869,16,,,1,70,,280870,16,,,1,30,,280871,16,,,1,71,,280872,16,,,1,22,,280873,16,,,1,17,,280874,16,,,1,55,,280875,16,,,1,15,,280876,16,,,1,15,,280877,16,,,1,15,,280878,16,,,1,55,,280879,16,,,1,15,,280880,16,,,1,15,,280881,16,,,1,15,,280882,16,,,1,67,,280883,16,,,1,24,,280884,16,,,1,70,,280885,16,,,1,30,,280886,16,,,1,70,,280887,16,,,1,30,,280888,16,,,1,70,,280889,16,,,1,30,,280890,16,,,1,72,,280891,16,,,1,100,,280892,16,,,1,100,,280893,16,,,1
90701,'907-Saturday-1-26-09-0000010',640,,238213,16,,,1,100,,238214,16,,,1,100,,238215,16,,,1,67,,238216,16,,,1,30,,238217,16,,,1,70,,238218,16,,,1,30,,238219,16,,,1,70,,238220,16,,,1,30,,238221,16,,,1,70,,238222,16,,,1,30,,238223,16,,,1,70,,238224,16,,,1,30,,238225,16,,,1,70,,238226,16,,,1,30,,238227,16,,,1,70,,238228,16,,,1,30,,238229,16,,,1,70,,238230,16,,,1,30,,238231,16,,,1,71,,238232,16,,,1,30,,238233,16,,,1,70,,238234,16,,,1,30,,238235,16,,,1,70,,238236,16,,,1,100,,238237,16,,,1,100,,238238,16,,,1,100,,238239,16,,,1
90701,'907-Sunday-1-26-09-0000001',1041,,238240,16,,,1,70,,238241,16,,,1,30,,238242,16,,,1,70,,238243,16,,,1,30,,238244,16,,,1,70,,238245,16,,,1,30,,238246,16,,,1,70,,238247,16,,,1,30,,238248,16,,,1,70,,238249,16,,,1,30,,238250,16,,,1,70,,238251,16,,,1,30,,238252,16,,,1,70,,238253,16,,,1,30,,238254,16,,,1,70,,238255,16,,,1,30,,238256,16,,,1,70,,238257,16,,,1,30,,238258,16,,,1
