52101,'521-Weekday-1-26-09-1111100',604,,225883,42,,,1,33,,225884,42,,,1,14,,225885,42,,,1,55,,225886,42,,,1,14,,225927,42,,,1,12,,225922,42,,,1,12,,225887,42,,,1,12,,225888,42,,,1,52,,225889,42,,,1,12,,225928,42,,,1,12,,225921,42,,,1,12,,225890,42,,,1,12,,225891,42,,,1,50,,225926,42,,,1,25,,225892,42,,,1,69,,225893,42,,,1,30,,225894,42,,,1,70,,225895,42,,,1,30,,225896,42,,,1,70,,225897,42,,,1,30,,225898,42,,,1,70,,225899,42,,,1,30,,225900,42,,,1,70,,225901,42,,,1,30,,225902,42,,,1,73,,225903,42,,,1,40,,225925,42,,,1,75,,225924,42,,,1,15,,225904,42,,,1,1,,225931,42,,,1,14,,225905,42,,,1,55,,225906,42,,,1,15,,225907,42,,,1,15,,225908,42,,,1,15,,225909,42,,,1,55,,225910,42,,,1,15,,225911,42,,,1,12,,225912,42,,,1,12,,225913,42,,,1,62,,225923,42,,,1,28,,225914,42,,,1,70,,225915,42,,,1,30,,225916,42,,,1,70,,225917,42,,,1,30,,225918,42,,,1,70,,225919,42,,,1,28,,225920,42,,,1,100,,225929,42,,,1,100,,225930,42,,,1
52101,'521-Weekday-2-26-09-1111100',604,,225932,42,,,1,33,,225933,42,,,1,14,,225934,42,,,1,55,,225935,42,,,1,14,,225976,42,,,1,12,,225971,42,,,1,12,,225936,42,,,1,12,,225937,42,,,1,52,,225938,42,,,1,12,,225977,42,,,1,12,,225970,42,,,1,12,,225939,42,,,1,12,,225940,42,,,1,50,,225975,42,,,1,25,,225941,42,,,1,69,,225942,42,,,1,30,,225943,42,,,1,70,,225944,42,,,1,30,,225945,42,,,1,70,,225946,42,,,1,30,,225947,42,,,1,70,,225948,42,,,1,30,,225949,42,,,1,70,,225950,42,,,1,30,,225951,42,,,1,73,,225952,42,,,1,40,,225974,42,,,1,75,,225973,42,,,1,15,,225953,42,,,1,1,,225980,42,,,1,14,,225954,42,,,1,55,,225955,42,,,1,15,,225956,42,,,1,15,,225957,42,,,1,15,,225958,42,,,1,55,,225959,42,,,1,15,,225960,42,,,1,12,,225961,42,,,1,12,,225962,42,,,1,62,,225972,42,,,1,28,,225963,42,,,1,70,,225964,42,,,1,30,,225965,42,,,1,70,,225966,42,,,1,30,,225967,42,,,1,70,,225968,42,,,1,28,,225969,42,,,1,100,,225978,42,,,1,100,,225979,42,,,1
52101,'521-Weekday-3-26-09-1111100',604,,268915,42,,,1,33,,268916,42,,,1,14,,268917,42,,,1,55,,268918,42,,,1,14,,268959,42,,,1,12,,268954,42,,,1,12,,268919,42,,,1,12,,268920,42,,,1,52,,268921,42,,,1,12,,268960,42,,,1,12,,268953,42,,,1,12,,268922,42,,,1,12,,268923,42,,,1,50,,268958,42,,,1,25,,268924,42,,,1,69,,268925,42,,,1,30,,268926,42,,,1,70,,268927,42,,,1,30,,268928,42,,,1,70,,268929,42,,,1,30,,268930,42,,,1,70,,268931,42,,,1,30,,268932,42,,,1,70,,268933,42,,,1,30,,268934,42,,,1,73,,268935,42,,,1,40,,268957,42,,,1,75,,268956,42,,,1,15,,268936,42,,,1,1,,268963,42,,,1,14,,268937,42,,,1,55,,268938,42,,,1,15,,268939,42,,,1,15,,268940,42,,,1,15,,268941,42,,,1,55,,268942,42,,,1,15,,268943,42,,,1,12,,268944,42,,,1,12,,268945,42,,,1,62,,268955,42,,,1,28,,268946,42,,,1,70,,268947,42,,,1,30,,268948,42,,,1,70,,268949,42,,,1,30,,268950,42,,,1,70,,268951,42,,,1,28,,268952,42,,,1,100,,268961,42,,,1,100,,268962,42,,,1
52101,'521-Weekday-4-26-09-1111100',604,,225981,42,,,1,33,,225982,42,,,1,14,,225983,42,,,1,55,,225984,42,,,1,14,,226025,42,,,1,12,,226020,42,,,1,12,,225985,42,,,1,12,,225986,42,,,1,52,,225987,42,,,1,12,,226026,42,,,1,12,,226019,42,,,1,12,,225988,42,,,1,12,,225989,42,,,1,50,,226024,42,,,1,25,,225990,42,,,1,69,,225991,42,,,1,30,,225992,42,,,1,70,,225993,42,,,1,30,,225994,42,,,1,70,,225995,42,,,1,30,,225996,42,,,1,70,,225997,42,,,1,30,,225998,42,,,1,70,,225999,42,,,1,30,,226000,42,,,1,73,,226001,42,,,1,40,,226023,42,,,1,75,,226022,42,,,1,15,,226002,42,,,1,15,,226003,42,,,1,55,,226004,42,,,1,15,,226005,42,,,1,15,,226006,42,,,1,15,,226007,42,,,1,55,,226008,42,,,1,15,,226009,42,,,1,12,,226010,42,,,1,12,,226011,42,,,1,62,,226021,42,,,1,28,,226012,42,,,1,70,,226013,42,,,1,30,,226014,42,,,1,70,,226015,42,,,1,30,,226016,42,,,1,70,,226017,42,,,1,28,,226018,42,,,1,100,,226027,42,,,1,100,,226028,42,,,1
52101,'521-Weekday-5-26-09-1111100',604,,268964,42,,,1,33,,268965,42,,,1,14,,268966,42,,,1,55,,268967,42,,,1,14,,269008,42,,,1,12,,269003,42,,,1,12,,268968,42,,,1,12,,268969,42,,,1,52,,268970,42,,,1,12,,269009,42,,,1,12,,269002,42,,,1,12,,268971,42,,,1,12,,268972,42,,,1,50,,269007,42,,,1,25,,268973,42,,,1,69,,268974,42,,,1,30,,268975,42,,,1,70,,268976,42,,,1,30,,268977,42,,,1,70,,268978,42,,,1,30,,268979,42,,,1,70,,268980,42,,,1,30,,268981,42,,,1,70,,268982,42,,,1,30,,268983,42,,,1,73,,268984,42,,,1,40,,269006,42,,,1,75,,269005,42,,,1,15,,268985,42,,,1,15,,268986,42,,,1,55,,268987,42,,,1,15,,268988,42,,,1,15,,268989,42,,,1,15,,268990,42,,,1,55,,268991,42,,,1,15,,268992,42,,,1,12,,268993,42,,,1,12,,268994,42,,,1,62,,269004,42,,,1,28,,268995,42,,,1,70,,268996,42,,,1,30,,268997,42,,,1,70,,268998,42,,,1,30,,268999,42,,,1,70,,269000,42,,,1,28,,269001,42,,,1,100,,269010,42,,,1,100,,269011,42,,,1
52101,'521-Weekday-6-26-09-1111100',604,,269012,42,,,1,33,,269013,42,,,1,14,,269014,42,,,1,55,,269015,42,,,1,14,,269056,42,,,1,12,,269051,42,,,1,12,,269016,42,,,1,12,,269017,42,,,1,52,,269018,42,,,1,12,,269057,42,,,1,12,,269050,42,,,1,12,,269019,42,,,1,12,,269020,42,,,1,50,,269055,42,,,1,25,,269021,42,,,1,69,,269022,42,,,1,30,,269023,42,,,1,70,,269024,42,,,1,30,,269025,42,,,1,70,,269026,42,,,1,30,,269027,42,,,1,70,,269028,42,,,1,30,,269029,42,,,1,70,,269030,42,,,1,30,,269031,42,,,1,73,,269032,42,,,1,40,,269054,42,,,1,75,,269053,42,,,1,15,,269033,42,,,1,1,,269060,42,,,1,14,,269034,42,,,1,55,,269035,42,,,1,15,,269036,42,,,1,15,,269037,42,,,1,15,,269038,42,,,1,55,,269039,42,,,1,15,,269040,42,,,1,12,,269041,42,,,1,12,,269042,42,,,1,62,,269052,42,,,1,28,,269043,42,,,1,70,,269044,42,,,1,30,,269045,42,,,1,70,,269046,42,,,1,30,,269047,42,,,1,70,,269048,42,,,1,28,,269049,42,,,1,100,,269058,42,,,1,100,,269059,42,,,1
52101,'521-Weekday-7-26-09-1111100',604,,269061,42,,,1,33,,269062,42,,,1,14,,269063,42,,,1,55,,269064,42,,,1,14,,269105,42,,,1,12,,269100,42,,,1,12,,269065,42,,,1,12,,269066,42,,,1,52,,269067,42,,,1,12,,269106,42,,,1,12,,269099,42,,,1,12,,269068,42,,,1,12,,269069,42,,,1,50,,269104,42,,,1,25,,269070,42,,,1,69,,269071,42,,,1,30,,269072,42,,,1,70,,269073,42,,,1,30,,269074,42,,,1,70,,269075,42,,,1,30,,269076,42,,,1,70,,269077,42,,,1,30,,269078,42,,,1,70,,269079,42,,,1,30,,269080,42,,,1,73,,269081,42,,,1,40,,269103,42,,,1,75,,269102,42,,,1,15,,269082,42,,,1,15,,269083,42,,,1,55,,269084,42,,,1,15,,269085,42,,,1,15,,269086,42,,,1,15,,269087,42,,,1,55,,269088,42,,,1,15,,269089,42,,,1,12,,269090,42,,,1,12,,269091,42,,,1,62,,269101,42,,,1,28,,269092,42,,,1,70,,269093,42,,,1,30,,269094,42,,,1,70,,269095,42,,,1,30,,269096,42,,,1,70,,269097,42,,,1,28,,269098,42,,,1,100,,269107,42,,,1,100,,269108,42,,,1
52101,'521-Saturday-1-26-09-0000010',829,,226029,42,,,1,71,,226030,42,,,1,31,,226031,42,,,1,72,,226032,42,,,1,30,,226033,42,,,1,70,,226034,42,,,1,30,,226035,42,,,1,70,,226036,42,,,1,30,,226037,42,,,1,70,,226038,42,,,1,30,,226039,42,,,1,70,,226040,42,,,1,30,,226041,42,,,1,70,,226042,42,,,1,30,,226043,42,,,1,70,,226044,42,,,1,30,,226045,42,,,1,70,,226046,42,,,1,30,,226047,42,,,1,70,,226048,42,,,1,30,,226049,42,,,1,70,,226050,42,,,1,30,,226051,42,,,1
52101,'521-Sunday-1-26-09-0000001',1033,,226052,42,,,1,70,,226053,42,,,1,30,,226054,42,,,1,70,,226055,42,,,1,30,,226056,42,,,1,70,,226057,42,,,1,30,,226058,42,,,1,70,,226059,42,,,1,30,,226060,42,,,1,70,,226061,42,,,1,30,,226062,42,,,1,70,,226063,42,,,1,30,,226064,42,,,1,70,,226065,42,,,1,29,,226066,42,,,1,70,,226067,42,,,1,30,,226068,42,,,1,70,,226069,42,,,1,30,,226070,42,,,1
72100,'721-Weekday-1-26-09-0001000',1441,,233912,21,,,1
72100,'721-Weekday-1-26-09-1110100',1526,,233913,21,,,1,3,,233914,21,,,1
72100,'721-Weekday-1-26-09-1111100',513,,233956,27,,,1,20,,233957,27,,,1,20,,233958,27,,,1,60,,233959,27,,,1,20,,233915,21,,,1,13,,233960,27,,,1,10,,233916,21,,,1,52,,233968,27,,,1,12,,233917,21,,,1,8,,233970,27,,,1,7,,233974,21,,,1,8,,233961,27,,,1,8,,233918,21,,,1,8,,233975,27,,,1,48,,233919,21,,,1,7,,233976,27,,,1,8,,233969,21,,,1,7,,233977,27,,,1,8,,233920,21,,,1,7,,233978,27,,,1,7,,233921,21,,,1,53,,233971,21,,,1,13,,233923,21,,,1,16,,233922,21,,,1,18,,233924,21,,,1,60,,233925,21,,,1,20,,233926,21,,,1,20,,233927,21,,,1,60,,233928,21,,,1,20,,233929,21,,,1,20,,233930,21,,,1,60,,233931,21,,,1,20,,233932,21,,,1,20,,233933,21,,,1,60,,233934,21,,,1,20,,233935,21,,,1,20,,233936,21,,,1,60,,233937,21,,,1,20,,233938,21,,,1,20,,233939,21,,,1,62,,233940,21,,,1,26,,233941,21,,,1,62,,233972,21,,,1,20,,233965,21,,,1,20,,233966,21,,,1,60,,233967,21,,,1,20,,233964,21,,,1,20,,233973,21,,,1,17,,233979,21,,,1,60,,233980,21,,,1,17,,233963,21,,,1,20,,233962,21,,,1,57,,233942,21,,,1,20,,233943,21,,,1,20,,233944,21,,,1,60,,233945,21,,,1,20,,233946,21,,,1,20,,233947,21,,,1,60,,233948,21,,,1,20,,233949,21,,,1,20,,233950,21,,,1,59,,233951,21,,,1,30,,233952,21,,,1,70,,233953,21,,,1,30,,233954,21,,,1,70,,233955,21,,,1
72100,'721-Weekday-2-26-09-1110100',1526,,233981,21,,,1,3,,233982,21,,,1
72100,'721-Weekday-2-26-09-1111100',513,,234024,27,,,1,20,,234025,27,,,1,20,,234026,27,,,1,60,,234027,27,,,1,20,,233983,21,,,1,13,,234028,27,,,1,10,,233984,21,,,1,52,,234036,27,,,1,12,,233985,21,,,1,8,,234038,27,,,1,7,,234042,21,,,1,8,,234029,27,,,1,8,,233986,21,,,1,8,,234043,27,,,1,48,,233987,21,,,1,7,,234044,27,,,1,8,,234037,21,,,1,7,,234045,27,,,1,8,,233988,21,,,1,7,,234046,27,,,1,7,,233989,21,,,1,53,,234039,21,,,1,13,,233991,21,,,1,16,,233990,21,,,1,18,,233992,21,,,1,60,,233993,21,,,1,20,,233994,21,,,1,20,,233995,21,,,1,60,,233996,21,,,1,20,,233997,21,,,1,20,,233998,21,,,1,60,,233999,21,,,1,20,,234000,21,,,1,20,,234001,21,,,1,60,,234002,21,,,1,20,,234003,21,,,1,20,,234004,21,,,1,60,,234005,21,,,1,20,,234006,21,,,1,20,,234007,21,,,1,62,,234008,21,,,1,26,,234009,21,,,1,62,,234040,21,,,1,20,,234033,21,,,1,20,,234034,21,,,1,60,,234035,21,,,1,20,,234032,21,,,1,20,,234041,21,,,1,17,,234047,21,,,1,60,,234048,21,,,1,17,,234031,21,,,1,20,,234030,21,,,1,57,,234010,21,,,1,20,,234011,21,,,1,20,,234012,21,,,1,60,,234013,21,,,1,20,,234014,21,,,1,20,,234015,21,,,1,60,,234016,21,,,1,20,,234017,21,,,1,20,,234018,21,,,1,59,,234019,21,,,1,30,,234020,21,,,1,70,,234021,21,,,1,30,,234022,21,,,1,70,,234023,21,,,1
72100,'721-Weekday-3-26-09-1111100',513,,276603,27,,,1,20,,276604,27,,,1,20,,276605,27,,,1,60,,276606,27,,,1,20,,276562,21,,,1,13,,276607,27,,,1,10,,276563,21,,,1,52,,276615,27,,,1,12,,276564,21,,,1,8,,276617,27,,,1,7,,276621,21,,,1,8,,276608,27,,,1,8,,276565,21,,,1,8,,276622,27,,,1,48,,276566,21,,,1,7,,276623,27,,,1,8,,276616,21,,,1,7,,276624,27,,,1,8,,276567,21,,,1,7,,276625,27,,,1,7,,276568,21,,,1,53,,276618,21,,,1,13,,276570,21,,,1,16,,276569,21,,,1,18,,276571,21,,,1,60,,276572,21,,,1,20,,276573,21,,,1,20,,276574,21,,,1,60,,276575,21,,,1,20,,276576,21,,,1,20,,276577,21,,,1,60,,276578,21,,,1,20,,276579,21,,,1,20,,276580,21,,,1,60,,276581,21,,,1,20,,276582,21,,,1,20,,276583,21,,,1,60,,276584,21,,,1,20,,276585,21,,,1,20,,276586,21,,,1,62,,276587,21,,,1,26,,276588,21,,,1,62,,276619,21,,,1,20,,276612,21,,,1,20,,276613,21,,,1,60,,276614,21,,,1,20,,276611,21,,,1,20,,276620,21,,,1,17,,276626,21,,,1,60,,276627,21,,,1,17,,276610,21,,,1,20,,276609,21,,,1,57,,276589,21,,,1,20,,276590,21,,,1,20,,276591,21,,,1,60,,276592,21,,,1,20,,276593,21,,,1,20,,276594,21,,,1,60,,276595,21,,,1,20,,276596,21,,,1,20,,276597,21,,,1,59,,276598,21,,,1,30,,276599,21,,,1,70,,276600,21,,,1,30,,276601,21,,,1,70,,276602,21,,,1
72100,'721-Weekday-4-26-09-1111100',513,,234090,27,,,1,20,,234091,27,,,1,20,,234092,27,,,1,60,,234093,27,,,1,20,,234049,21,,,1,13,,234094,27,,,1,10,,234050,21,,,1,52,,234102,27,,,1,12,,234051,21,,,1,8,,234104,27,,,1,7,,234108,21,,,1,8,,234095,27,,,1,8,,234052,21,,,1,8,,234109,27,,,1,48,,234053,21,,,1,7,,234110,27,,,1,8,,234103,21,,,1,7,,234111,27,,,1,8,,234054,21,,,1,7,,234112,27,,,1,7,,234055,21,,,1,53,,234105,21,,,1,13,,234057,21,,,1,16,,234056,21,,,1,18,,234058,21,,,1,60,,234059,21,,,1,20,,234060,21,,,1,20,,234061,21,,,1,60,,234062,21,,,1,20,,234063,21,,,1,20,,234064,21,,,1,60,,234065,21,,,1,20,,234066,21,,,1,20,,234067,21,,,1,60,,234068,21,,,1,20,,234069,21,,,1,20,,234070,21,,,1,60,,234071,21,,,1,20,,234072,21,,,1,20,,234073,21,,,1,62,,234074,21,,,1,26,,234075,21,,,1,62,,234106,21,,,1,20,,234099,21,,,1,20,,234100,21,,,1,60,,234101,21,,,1,20,,234098,21,,,1,20,,234107,21,,,1,17,,234113,21,,,1,60,,234114,21,,,1,17,,234097,21,,,1,20,,234096,21,,,1,57,,234076,21,,,1,20,,234077,21,,,1,20,,234078,21,,,1,60,,234079,21,,,1,20,,234080,21,,,1,20,,234081,21,,,1,60,,234082,21,,,1,20,,234083,21,,,1,20,,234084,21,,,1,59,,234085,21,,,1,30,,234086,21,,,1,70,,234087,21,,,1,30,,234088,21,,,1,70,,234089,21,,,1
72100,'721-Weekday-5-26-09-1111100',513,,276669,27,,,1,20,,276670,27,,,1,20,,276671,27,,,1,60,,276672,27,,,1,20,,276628,21,,,1,13,,276673,27,,,1,10,,276629,21,,,1,52,,276681,27,,,1,12,,276630,21,,,1,8,,276683,27,,,1,7,,276687,21,,,1,8,,276674,27,,,1,8,,276631,21,,,1,8,,276688,27,,,1,48,,276632,21,,,1,7,,276689,27,,,1,8,,276682,21,,,1,7,,276690,27,,,1,8,,276633,21,,,1,7,,276691,27,,,1,7,,276634,21,,,1,53,,276684,21,,,1,13,,276636,21,,,1,16,,276635,21,,,1,18,,276637,21,,,1,60,,276638,21,,,1,20,,276639,21,,,1,20,,276640,21,,,1,60,,276641,21,,,1,20,,276642,21,,,1,20,,276643,21,,,1,60,,276644,21,,,1,20,,276645,21,,,1,20,,276646,21,,,1,60,,276647,21,,,1,20,,276648,21,,,1,20,,276649,21,,,1,60,,276650,21,,,1,20,,276651,21,,,1,20,,276652,21,,,1,62,,276653,21,,,1,26,,276654,21,,,1,62,,276685,21,,,1,20,,276678,21,,,1,20,,276679,21,,,1,60,,276680,21,,,1,20,,276677,21,,,1,20,,276686,21,,,1,17,,276692,21,,,1,60,,276693,21,,,1,17,,276676,21,,,1,20,,276675,21,,,1,57,,276655,21,,,1,20,,276656,21,,,1,20,,276657,21,,,1,60,,276658,21,,,1,20,,276659,21,,,1,20,,276660,21,,,1,60,,276661,21,,,1,20,,276662,21,,,1,20,,276663,21,,,1,59,,276664,21,,,1,30,,276665,21,,,1,70,,276666,21,,,1,30,,276667,21,,,1,70,,276668,21,,,1
72100,'721-Weekday-6-26-09-1110100',1526,,276694,21,,,1,3,,276695,21,,,1
72100,'721-Weekday-6-26-09-1111100',513,,276737,27,,,1,20,,276738,27,,,1,20,,276739,27,,,1,60,,276740,27,,,1,20,,276696,21,,,1,13,,276741,27,,,1,10,,276697,21,,,1,52,,276749,27,,,1,12,,276698,21,,,1,8,,276751,27,,,1,7,,276755,21,,,1,8,,276742,27,,,1,8,,276699,21,,,1,8,,276756,27,,,1,48,,276700,21,,,1,7,,276757,27,,,1,8,,276750,21,,,1,7,,276758,27,,,1,8,,276701,21,,,1,7,,276759,27,,,1,7,,276702,21,,,1,53,,276752,21,,,1,13,,276704,21,,,1,16,,276703,21,,,1,18,,276705,21,,,1,60,,276706,21,,,1,20,,276707,21,,,1,20,,276708,21,,,1,60,,276709,21,,,1,20,,276710,21,,,1,20,,276711,21,,,1,60,,276712,21,,,1,20,,276713,21,,,1,20,,276714,21,,,1,60,,276715,21,,,1,20,,276716,21,,,1,20,,276717,21,,,1,60,,276718,21,,,1,20,,276719,21,,,1,20,,276720,21,,,1,62,,276721,21,,,1,26,,276722,21,,,1,62,,276753,21,,,1,20,,276746,21,,,1,20,,276747,21,,,1,60,,276748,21,,,1,20,,276745,21,,,1,20,,276754,21,,,1,17,,276760,21,,,1,60,,276761,21,,,1,17,,276744,21,,,1,20,,276743,21,,,1,57,,276723,21,,,1,20,,276724,21,,,1,20,,276725,21,,,1,60,,276726,21,,,1,20,,276727,21,,,1,20,,276728,21,,,1,60,,276729,21,,,1,20,,276730,21,,,1,20,,276731,21,,,1,59,,276732,21,,,1,30,,276733,21,,,1,70,,276734,21,,,1,30,,276735,21,,,1,70,,276736,21,,,1
72100,'721-Weekday-7-26-09-1111100',513,,276803,27,,,1,20,,276804,27,,,1,20,,276805,27,,,1,60,,276806,27,,,1,20,,276762,21,,,1,13,,276807,27,,,1,10,,276763,21,,,1,52,,276815,27,,,1,12,,276764,21,,,1,8,,276817,27,,,1,7,,276821,21,,,1,8,,276808,27,,,1,8,,276765,21,,,1,8,,276822,27,,,1,48,,276766,21,,,1,7,,276823,27,,,1,8,,276816,21,,,1,7,,276824,27,,,1,8,,276767,21,,,1,7,,276825,27,,,1,7,,276768,21,,,1,53,,276818,21,,,1,13,,276770,21,,,1,16,,276769,21,,,1,18,,276771,21,,,1,60,,276772,21,,,1,20,,276773,21,,,1,20,,276774,21,,,1,60,,276775,21,,,1,20,,276776,21,,,1,20,,276777,21,,,1,60,,276778,21,,,1,20,,276779,21,,,1,20,,276780,21,,,1,60,,276781,21,,,1,20,,276782,21,,,1,20,,276783,21,,,1,60,,276784,21,,,1,20,,276785,21,,,1,20,,276786,21,,,1,62,,276787,21,,,1,26,,276788,21,,,1,62,,276819,21,,,1,20,,276812,21,,,1,20,,276813,21,,,1,60,,276814,21,,,1,20,,276811,21,,,1,20,,276820,21,,,1,17,,276826,21,,,1,60,,276827,21,,,1,17,,276810,21,,,1,20,,276809,21,,,1,57,,276789,21,,,1,20,,276790,21,,,1,20,,276791,21,,,1,60,,276792,21,,,1,20,,276793,21,,,1,20,,276794,21,,,1,60,,276795,21,,,1,20,,276796,21,,,1,20,,276797,21,,,1,59,,276798,21,,,1,30,,276799,21,,,1,70,,276800,21,,,1,30,,276801,21,,,1,70,,276802,21,,,1
72100,'721-Saturday-1-26-09-0000010',557,,234162,27,,,1,70,,234115,27,,,1,30,,234116,27,,,1,70,,234117,27,,,1,30,,234118,27,,,1,70,,234119,27,,,1,25,,234120,27,,,1,62,,234121,27,,,1,24,,234122,27,,,1,20,,234123,27,,,1,60,,234124,27,,,1,20,,234125,27,,,1,20,,234126,27,,,1,60,,234127,27,,,1,20,,234128,27,,,1,20,,234129,27,,,1,60,,234130,27,,,1,20,,234131,27,,,1,20,,234132,27,,,1,60,,234133,27,,,1,20,,234134,27,,,1,20,,234135,27,,,1,60,,234136,27,,,1,20,,234137,27,,,1,21,,234138,27,,,1,61,,234139,27,,,1,20,,234140,27,,,1,60,,234141,27,,,1,20,,234142,27,,,1,20,,234143,27,,,1,19,,234144,27,,,1,58,,234145,27,,,1,18,,234146,27,,,1,20,,234147,27,,,1,60,,234148,27,,,1,20,,234149,27,,,1,20,,234150,27,,,1,60,,234151,27,,,1,30,,234152,27,,,1,70,,234153,27,,,1,30,,234154,27,,,1,70,,234155,27,,,1,30,,234156,27,,,1,70,,234157,27,,,1,30,,234158,27,,,1,70,,234159,27,,,1,30,,234160,27,,,1
72100,'721-Sunday-1-26-09-0000001',619,,234198,27,,,1,30,,234187,27,,,1,70,,234182,27,,,1,30,,234181,27,,,1,70,,234183,27,,,1,30,,234180,27,,,1,69,,234186,27,,,1,31,,234184,27,,,1,70,,234172,27,,,1,30,,234192,27,,,1,70,,234167,27,,,1,30,,234165,27,,,1,70,,234171,27,,,1,30,,234170,27,,,1,67,,234164,27,,,1,30,,234168,27,,,1,70,,234169,27,,,1,30,,234195,27,,,1,70,,234177,27,,,1,30,,234197,27,,,1,70,,234194,27,,,1,30,,234191,27,,,1,69,,234188,27,,,1,31,,234189,27,,,1,70,,234185,27,,,1,30,,234196,27,,,1,70,,234190,27,,,1,30,,234193,27,,,1,70,,234173,27,,,1,30,,234176,27,,,1,70,,234175,27,,,1,30,,234174,27,,,1,85,,234179,27,,,1,100,,234178,27,,,1,100,,234166,27,,,1
72200,'722-Weekday-1-26-09-1111100',538,,234534,26,,,1,20,,234535,26,,,1,60,,234481,26,,,1,23,,234482,26,,,1,60,,234529,26,,,1,7,,234483,26,,,1,8,,234544,26,,,1,8,,234539,26,,,1,10,,234530,26,,,1,7,,234484,26,,,1,8,,234531,26,,,1,7,,234485,26,,,1,48,,234545,26,,,1,7,,234540,26,,,1,7,,234532,26,,,1,6,,234486,26,,,1,8,,234533,26,,,1,6,,234487,26,,,1,8,,234538,26,,,1,7,,234541,26,,,1,53,,234491,26,,,1,17,,234488,26,,,1,17,,234489,26,,,1,60,,234490,26,,,1,20,,234492,26,,,1,20,,234493,26,,,1,60,,234494,26,,,1,20,,234495,26,,,1,20,,234496,26,,,1,60,,234497,26,,,1,20,,234498,26,,,1,20,,234499,26,,,1,60,,234500,26,,,1,20,,234501,26,,,1,20,,234502,26,,,1,60,,234503,26,,,1,20,,234504,26,,,1,20,,234505,26,,,1,61,,234506,26,,,1,21,,234507,26,,,1,28,,234508,26,,,1,62,,234509,26,,,1,20,,234536,26,,,1,20,,234542,26,,,1,60,,234510,26,,,1,20,,234512,26,,,1,19,,234511,26,,,1,59,,234537,26,,,1,19,,234543,26,,,1,12,,234513,26,,,1,17,,234514,26,,,1,60,,234515,26,,,1,20,,234516,26,,,1,20,,234517,26,,,1,60,,234518,26,,,1,20,,234519,26,,,1,20,,234520,26,,,1,60,,234521,26,,,1,20,,234522,26,,,1,20,,234523,26,,,1,60,,234524,26,,,1,30,,234525,26,,,1,70,,234526,26,,,1,30,,234527,26,,,1,70,,234528,26,,,1
72200,'722-Weekday-2-26-09-1111100',538,,234599,26,,,1,20,,234600,26,,,1,60,,234546,26,,,1,23,,234547,26,,,1,60,,234594,26,,,1,7,,234548,26,,,1,8,,234609,26,,,1,8,,234604,26,,,1,10,,234595,26,,,1,7,,234549,26,,,1,8,,234596,26,,,1,7,,234550,26,,,1,48,,234610,26,,,1,7,,234605,26,,,1,7,,234597,26,,,1,6,,234551,26,,,1,8,,234598,26,,,1,6,,234552,26,,,1,8,,234603,26,,,1,7,,234606,26,,,1,53,,234556,26,,,1,17,,234553,26,,,1,17,,234554,26,,,1,60,,234555,26,,,1,20,,234557,26,,,1,20,,234558,26,,,1,60,,234559,26,,,1,20,,234560,26,,,1,20,,234561,26,,,1,60,,234562,26,,,1,20,,234563,26,,,1,20,,234564,26,,,1,60,,234565,26,,,1,20,,234566,26,,,1,20,,234567,26,,,1,60,,234568,26,,,1,20,,234569,26,,,1,20,,234570,26,,,1,61,,234571,26,,,1,21,,234572,26,,,1,28,,234573,26,,,1,62,,234574,26,,,1,20,,234601,26,,,1,20,,234607,26,,,1,60,,234575,26,,,1,20,,234577,26,,,1,19,,234576,26,,,1,59,,234602,26,,,1,19,,234608,26,,,1,12,,234578,26,,,1,17,,234579,26,,,1,60,,234580,26,,,1,20,,234581,26,,,1,20,,234582,26,,,1,60,,234583,26,,,1,20,,234584,26,,,1,20,,234585,26,,,1,60,,234586,26,,,1,20,,234587,26,,,1,20,,234588,26,,,1,60,,234589,26,,,1,30,,234590,26,,,1,70,,234591,26,,,1,30,,234592,26,,,1,70,,234593,26,,,1
72200,'722-Weekday-3-26-09-1111100',538,,277146,26,,,1,20,,277147,26,,,1,60,,277093,26,,,1,23,,277094,26,,,1,60,,277141,26,,,1,7,,277095,26,,,1,8,,277156,26,,,1,8,,277151,26,,,1,10,,277142,26,,,1,7,,277096,26,,,1,8,,277143,26,,,1,7,,277097,26,,,1,48,,277157,26,,,1,7,,277152,26,,,1,7,,277144,26,,,1,6,,277098,26,,,1,8,,277145,26,,,1,6,,277099,26,,,1,8,,277150,26,,,1,7,,277153,26,,,1,53,,277103,26,,,1,17,,277100,26,,,1,17,,277101,26,,,1,60,,277102,26,,,1,20,,277104,26,,,1,20,,277105,26,,,1,60,,277106,26,,,1,20,,277107,26,,,1,20,,277108,26,,,1,60,,277109,26,,,1,20,,277110,26,,,1,20,,277111,26,,,1,60,,277112,26,,,1,20,,277113,26,,,1,20,,277114,26,,,1,60,,277115,26,,,1,20,,277116,26,,,1,20,,277117,26,,,1,61,,277118,26,,,1,21,,277119,26,,,1,28,,277120,26,,,1,62,,277121,26,,,1,20,,277148,26,,,1,20,,277154,26,,,1,60,,277122,26,,,1,20,,277124,26,,,1,19,,277123,26,,,1,59,,277149,26,,,1,19,,277155,26,,,1,12,,277125,26,,,1,17,,277126,26,,,1,60,,277127,26,,,1,20,,277128,26,,,1,20,,277129,26,,,1,60,,277130,26,,,1,20,,277131,26,,,1,20,,277132,26,,,1,60,,277133,26,,,1,20,,277134,26,,,1,20,,277135,26,,,1,60,,277136,26,,,1,30,,277137,26,,,1,70,,277138,26,,,1,30,,277139,26,,,1,70,,277140,26,,,1
72200,'722-Weekday-4-26-09-1111100',538,,234664,26,,,1,20,,234665,26,,,1,60,,234611,26,,,1,23,,234612,26,,,1,60,,234659,26,,,1,7,,234613,26,,,1,8,,234674,26,,,1,8,,234669,26,,,1,10,,234660,26,,,1,7,,234614,26,,,1,8,,234661,26,,,1,7,,234615,26,,,1,48,,234675,26,,,1,7,,234670,26,,,1,7,,234662,26,,,1,6,,234616,26,,,1,8,,234663,26,,,1,6,,234617,26,,,1,8,,234668,26,,,1,7,,234671,26,,,1,53,,234621,26,,,1,17,,234618,26,,,1,17,,234619,26,,,1,60,,234620,26,,,1,20,,234622,26,,,1,20,,234623,26,,,1,60,,234624,26,,,1,20,,234625,26,,,1,20,,234626,26,,,1,60,,234627,26,,,1,20,,234628,26,,,1,20,,234629,26,,,1,60,,234630,26,,,1,20,,234631,26,,,1,20,,234632,26,,,1,60,,234633,26,,,1,20,,234634,26,,,1,20,,234635,26,,,1,61,,234636,26,,,1,21,,234637,26,,,1,28,,234638,26,,,1,62,,234639,26,,,1,20,,234666,26,,,1,20,,234672,26,,,1,60,,234640,26,,,1,20,,234642,26,,,1,19,,234641,26,,,1,59,,234667,26,,,1,19,,234673,26,,,1,12,,234643,26,,,1,17,,234644,26,,,1,60,,234645,26,,,1,20,,234646,26,,,1,20,,234647,26,,,1,60,,234648,26,,,1,20,,234649,26,,,1,20,,234650,26,,,1,60,,234651,26,,,1,20,,234652,26,,,1,20,,234653,26,,,1,60,,234654,26,,,1,30,,234655,26,,,1,70,,234656,26,,,1,30,,234657,26,,,1,70,,234658,26,,,1
72200,'722-Weekday-5-26-09-1111100',538,,277211,26,,,1,20,,277212,26,,,1,60,,277158,26,,,1,23,,277159,26,,,1,60,,277206,26,,,1,7,,277160,26,,,1,8,,277221,26,,,1,8,,277216,26,,,1,10,,277207,26,,,1,7,,277161,26,,,1,8,,277208,26,,,1,7,,277162,26,,,1,48,,277222,26,,,1,7,,277217,26,,,1,7,,277209,26,,,1,6,,277163,26,,,1,8,,277210,26,,,1,6,,277164,26,,,1,8,,277215,26,,,1,7,,277218,26,,,1,53,,277168,26,,,1,17,,277165,26,,,1,17,,277166,26,,,1,60,,277167,26,,,1,20,,277169,26,,,1,20,,277170,26,,,1,60,,277171,26,,,1,20,,277172,26,,,1,20,,277173,26,,,1,60,,277174,26,,,1,20,,277175,26,,,1,20,,277176,26,,,1,60,,277177,26,,,1,20,,277178,26,,,1,20,,277179,26,,,1,60,,277180,26,,,1,20,,277181,26,,,1,20,,277182,26,,,1,61,,277183,26,,,1,21,,277184,26,,,1,28,,277185,26,,,1,62,,277186,26,,,1,20,,277213,26,,,1,20,,277219,26,,,1,60,,277187,26,,,1,20,,277189,26,,,1,19,,277188,26,,,1,59,,277214,26,,,1,19,,277220,26,,,1,12,,277190,26,,,1,17,,277191,26,,,1,60,,277192,26,,,1,20,,277193,26,,,1,20,,277194,26,,,1,60,,277195,26,,,1,20,,277196,26,,,1,20,,277197,26,,,1,60,,277198,26,,,1,20,,277199,26,,,1,20,,277200,26,,,1,60,,277201,26,,,1,30,,277202,26,,,1,70,,277203,26,,,1,30,,277204,26,,,1,70,,277205,26,,,1
72200,'722-Weekday-6-26-09-1111100',538,,277276,26,,,1,20,,277277,26,,,1,60,,277223,26,,,1,23,,277224,26,,,1,60,,277271,26,,,1,7,,277225,26,,,1,8,,277286,26,,,1,8,,277281,26,,,1,10,,277272,26,,,1,7,,277226,26,,,1,8,,277273,26,,,1,7,,277227,26,,,1,48,,277287,26,,,1,7,,277282,26,,,1,7,,277274,26,,,1,6,,277228,26,,,1,8,,277275,26,,,1,6,,277229,26,,,1,8,,277280,26,,,1,7,,277283,26,,,1,53,,277233,26,,,1,17,,277230,26,,,1,17,,277231,26,,,1,60,,277232,26,,,1,20,,277234,26,,,1,20,,277235,26,,,1,60,,277236,26,,,1,20,,277237,26,,,1,20,,277238,26,,,1,60,,277239,26,,,1,20,,277240,26,,,1,20,,277241,26,,,1,60,,277242,26,,,1,20,,277243,26,,,1,20,,277244,26,,,1,60,,277245,26,,,1,20,,277246,26,,,1,20,,277247,26,,,1,61,,277248,26,,,1,21,,277249,26,,,1,28,,277250,26,,,1,62,,277251,26,,,1,20,,277278,26,,,1,20,,277284,26,,,1,60,,277252,26,,,1,20,,277254,26,,,1,19,,277253,26,,,1,59,,277279,26,,,1,19,,277285,26,,,1,12,,277255,26,,,1,17,,277256,26,,,1,60,,277257,26,,,1,20,,277258,26,,,1,20,,277259,26,,,1,60,,277260,26,,,1,20,,277261,26,,,1,20,,277262,26,,,1,60,,277263,26,,,1,20,,277264,26,,,1,20,,277265,26,,,1,60,,277266,26,,,1,30,,277267,26,,,1,70,,277268,26,,,1,30,,277269,26,,,1,70,,277270,26,,,1
72200,'722-Weekday-7-26-09-1111100',538,,277341,26,,,1,20,,277342,26,,,1,60,,277288,26,,,1,23,,277289,26,,,1,60,,277336,26,,,1,7,,277290,26,,,1,8,,277351,26,,,1,8,,277346,26,,,1,10,,277337,26,,,1,7,,277291,26,,,1,8,,277338,26,,,1,7,,277292,26,,,1,48,,277352,26,,,1,7,,277347,26,,,1,7,,277339,26,,,1,6,,277293,26,,,1,8,,277340,26,,,1,6,,277294,26,,,1,8,,277345,26,,,1,7,,277348,26,,,1,53,,277298,26,,,1,17,,277295,26,,,1,17,,277296,26,,,1,60,,277297,26,,,1,20,,277299,26,,,1,20,,277300,26,,,1,60,,277301,26,,,1,20,,277302,26,,,1,20,,277303,26,,,1,60,,277304,26,,,1,20,,277305,26,,,1,20,,277306,26,,,1,60,,277307,26,,,1,20,,277308,26,,,1,20,,277309,26,,,1,60,,277310,26,,,1,20,,277311,26,,,1,20,,277312,26,,,1,61,,277313,26,,,1,21,,277314,26,,,1,28,,277315,26,,,1,62,,277316,26,,,1,20,,277343,26,,,1,20,,277349,26,,,1,60,,277317,26,,,1,20,,277319,26,,,1,19,,277318,26,,,1,59,,277344,26,,,1,19,,277350,26,,,1,12,,277320,26,,,1,17,,277321,26,,,1,60,,277322,26,,,1,20,,277323,26,,,1,20,,277324,26,,,1,60,,277325,26,,,1,20,,277326,26,,,1,20,,277327,26,,,1,60,,277328,26,,,1,20,,277329,26,,,1,20,,277330,26,,,1,60,,277331,26,,,1,30,,277332,26,,,1,70,,277333,26,,,1,30,,277334,26,,,1,70,,277335,26,,,1
72200,'722-Saturday-1-26-09-0000010',540,,234723,14,,,1,70,,234724,14,,,1,30,,234676,26,,,1,70,,234677,26,,,1,30,,234678,26,,,1,70,,234679,26,,,1,30,,234680,26,,,1,61,,234681,26,,,1,21,,234682,26,,,1,19,,234683,26,,,1,60,,234684,26,,,1,20,,234685,26,,,1,20,,234686,26,,,1,60,,234687,26,,,1,20,,234688,26,,,1,20,,234689,26,,,1,60,,234690,26,,,1,20,,234691,26,,,1,20,,234692,26,,,1,60,,234693,26,,,1,20,,234694,26,,,1,20,,234695,26,,,1,60,,234696,26,,,1,20,,234697,26,,,1,20,,234698,26,,,1,60,,234699,26,,,1,20,,234700,26,,,1,20,,234701,26,,,1,60,,234702,26,,,1,20,,234703,26,,,1,20,,234704,26,,,1,59,,234705,26,,,1,19,,234706,26,,,1,21,,234707,26,,,1,60,,234708,26,,,1,20,,234709,26,,,1,20,,234710,26,,,1,60,,234711,26,,,1,20,,234712,26,,,1,20,,234713,26,,,1,70,,234714,26,,,1,30,,234715,26,,,1,70,,234716,26,,,1,30,,234717,26,,,1,70,,234718,26,,,1,30,,234719,26,,,1,70,,234720,26,,,1,30,,234721,26,,,1,70,,234722,26,,,1
72200,'722-Sunday-1-26-09-0000001',631,,234725,26,,,1,70,,234726,26,,,1,30,,234727,26,,,1,70,,234728,26,,,1,30,,234729,26,,,1,71,,234730,26,,,1,31,,234731,26,,,1,70,,234732,26,,,1,30,,234733,26,,,1,70,,234734,26,,,1,30,,234735,26,,,1,70,,234736,26,,,1,30,,234737,26,,,1,70,,234738,26,,,1,30,,234739,26,,,1,70,,234740,26,,,1,30,,234741,26,,,1,70,,234742,26,,,1,30,,234743,26,,,1,70,,234744,26,,,1,30,,234745,26,,,1,70,,234746,26,,,1,31,,234747,26,,,1,70,,234748,26,,,1,30,,234749,26,,,1,70,,234750,26,,,1,30,,234751,26,,,1,70,,234752,26,,,1,30,,234753,26,,,1,70,,234754,26,,,1,30,,234755,26,,,1,100,,234756,26,,,1,100,,234757,26,,,1
