71300,'713-Weekday-1-26-09-1111100',541,,231634,11,,,1,70,,231635,11,,,1,33,,231636,11,,,1,15,,231637,11,,,1,55,,231638,11,,,1,15,,231639,11,,,1,15,,231675,11,,,1,15,,231641,11,,,1,55,,231640,11,,,1,15,,231642,11,,,1,15,,231674,11,,,1,14,,231643,11,,,1,53,,231644,11,,,1,30,,231645,11,,,1,70,,231646,11,,,1,30,,231647,11,,,1,70,,231648,11,,,1,30,,231649,11,,,1,70,,231650,11,,,1,30,,231651,11,,,1,70,,231652,11,,,1,30,,231653,11,,,1,70,,231654,11,,,1,30,,231655,11,,,1,77,,231656,11,,,1,20,,231657,11,,,1,20,,231658,11,,,1,60,,231659,11,,,1,20,,231660,11,,,1,20,,231661,11,,,1,60,,231662,11,,,1,20,,231663,11,,,1,17,,231664,11,,,1,60,,231665,11,,,1,26,,231666,11,,,1,70,,231667,11,,,1,30,,231668,11,,,1,70,,231669,11,,,1,30,,231670,11,,,1,70,,231671,11,,,1,30,,231672,11,,,1,69,,231673,11,,,1
71300,'713-Weekday-2-26-09-1111100',541,,231676,11,,,1,70,,231677,11,,,1,33,,231678,11,,,1,15,,231679,11,,,1,55,,231680,11,,,1,15,,231681,11,,,1,15,,231717,11,,,1,15,,231683,11,,,1,55,,231682,11,,,1,15,,231684,11,,,1,15,,231716,11,,,1,14,,231685,11,,,1,53,,231686,11,,,1,30,,231687,11,,,1,70,,231688,11,,,1,30,,231689,11,,,1,70,,231690,11,,,1,30,,231691,11,,,1,70,,231692,11,,,1,30,,231693,11,,,1,70,,231694,11,,,1,30,,231695,11,,,1,70,,231696,11,,,1,30,,231697,11,,,1,77,,231698,11,,,1,20,,231699,11,,,1,20,,231700,11,,,1,60,,231701,11,,,1,20,,231702,11,,,1,20,,231703,11,,,1,60,,231704,11,,,1,20,,231705,11,,,1,17,,231706,11,,,1,60,,231707,11,,,1,26,,231708,11,,,1,70,,231709,11,,,1,30,,231710,11,,,1,70,,231711,11,,,1,30,,231712,11,,,1,70,,231713,11,,,1,30,,231714,11,,,1,69,,231715,11,,,1
71300,'713-Weekday-3-26-09-1111100',541,,274384,11,,,1,70,,274385,11,,,1,33,,274386,11,,,1,15,,274387,11,,,1,55,,274388,11,,,1,15,,274389,11,,,1,15,,274425,11,,,1,15,,274391,11,,,1,55,,274390,11,,,1,15,,274392,11,,,1,15,,274424,11,,,1,14,,274393,11,,,1,53,,274394,11,,,1,30,,274395,11,,,1,70,,274396,11,,,1,30,,274397,11,,,1,70,,274398,11,,,1,30,,274399,11,,,1,70,,274400,11,,,1,30,,274401,11,,,1,70,,274402,11,,,1,30,,274403,11,,,1,70,,274404,11,,,1,30,,274405,11,,,1,77,,274406,11,,,1,20,,274407,11,,,1,20,,274408,11,,,1,60,,274409,11,,,1,20,,274410,11,,,1,20,,274411,11,,,1,60,,274412,11,,,1,20,,274413,11,,,1,17,,274414,11,,,1,60,,274415,11,,,1,26,,274416,11,,,1,70,,274417,11,,,1,30,,274418,11,,,1,70,,274419,11,,,1,30,,274420,11,,,1,70,,274421,11,,,1,30,,274422,11,,,1,69,,274423,11,,,1
71300,'713-Weekday-4-26-09-1111100',541,,231718,11,,,1,70,,231719,11,,,1,33,,231720,11,,,1,15,,231721,11,,,1,55,,231722,11,,,1,15,,231723,11,,,1,15,,231759,11,,,1,15,,231725,11,,,1,55,,231724,11,,,1,15,,231726,11,,,1,15,,231758,11,,,1,14,,231727,11,,,1,53,,231728,11,,,1,30,,231729,11,,,1,70,,231730,11,,,1,30,,231731,11,,,1,70,,231732,11,,,1,30,,231733,11,,,1,70,,231734,11,,,1,30,,231735,11,,,1,70,,231736,11,,,1,30,,231737,11,,,1,70,,231738,11,,,1,30,,231739,11,,,1,77,,231740,11,,,1,20,,231741,11,,,1,20,,231742,11,,,1,60,,231743,11,,,1,20,,231744,11,,,1,20,,231745,11,,,1,60,,231746,11,,,1,20,,231747,11,,,1,17,,231748,11,,,1,60,,231749,11,,,1,26,,231750,11,,,1,70,,231751,11,,,1,30,,231752,11,,,1,70,,231753,11,,,1,30,,231754,11,,,1,70,,231755,11,,,1,30,,231756,11,,,1,69,,231757,11,,,1
71300,'713-Weekday-5-26-09-1111100',541,,274426,11,,,1,70,,274427,11,,,1,33,,274428,11,,,1,15,,274429,11,,,1,55,,274430,11,,,1,15,,274431,11,,,1,15,,274467,11,,,1,15,,274433,11,,,1,55,,274432,11,,,1,15,,274434,11,,,1,15,,274466,11,,,1,14,,274435,11,,,1,53,,274436,11,,,1,30,,274437,11,,,1,70,,274438,11,,,1,30,,274439,11,,,1,70,,274440,11,,,1,30,,274441,11,,,1,70,,274442,11,,,1,30,,274443,11,,,1,70,,274444,11,,,1,30,,274445,11,,,1,70,,274446,11,,,1,30,,274447,11,,,1,77,,274448,11,,,1,20,,274449,11,,,1,20,,274450,11,,,1,60,,274451,11,,,1,20,,274452,11,,,1,20,,274453,11,,,1,60,,274454,11,,,1,20,,274455,11,,,1,17,,274456,11,,,1,60,,274457,11,,,1,26,,274458,11,,,1,70,,274459,11,,,1,30,,274460,11,,,1,70,,274461,11,,,1,30,,274462,11,,,1,70,,274463,11,,,1,30,,274464,11,,,1,69,,274465,11,,,1
71300,'713-Weekday-6-26-09-1111100',541,,274468,11,,,1,70,,274469,11,,,1,33,,274470,11,,,1,15,,274471,11,,,1,55,,274472,11,,,1,15,,274473,11,,,1,15,,274509,11,,,1,15,,274475,11,,,1,55,,274474,11,,,1,15,,274476,11,,,1,15,,274508,11,,,1,14,,274477,11,,,1,53,,274478,11,,,1,30,,274479,11,,,1,70,,274480,11,,,1,30,,274481,11,,,1,70,,274482,11,,,1,30,,274483,11,,,1,70,,274484,11,,,1,30,,274485,11,,,1,70,,274486,11,,,1,30,,274487,11,,,1,70,,274488,11,,,1,30,,274489,11,,,1,77,,274490,11,,,1,20,,274491,11,,,1,20,,274492,11,,,1,60,,274493,11,,,1,20,,274494,11,,,1,20,,274495,11,,,1,60,,274496,11,,,1,20,,274497,11,,,1,17,,274498,11,,,1,60,,274499,11,,,1,26,,274500,11,,,1,70,,274501,11,,,1,30,,274502,11,,,1,70,,274503,11,,,1,30,,274504,11,,,1,70,,274505,11,,,1,30,,274506,11,,,1,69,,274507,11,,,1
71300,'713-Weekday-7-26-09-1111100',541,,274510,11,,,1,70,,274511,11,,,1,33,,274512,11,,,1,15,,274513,11,,,1,55,,274514,11,,,1,15,,274515,11,,,1,15,,274551,11,,,1,15,,274517,11,,,1,55,,274516,11,,,1,15,,274518,11,,,1,15,,274550,11,,,1,14,,274519,11,,,1,53,,274520,11,,,1,30,,274521,11,,,1,70,,274522,11,,,1,30,,274523,11,,,1,70,,274524,11,,,1,30,,274525,11,,,1,70,,274526,11,,,1,30,,274527,11,,,1,70,,274528,11,,,1,30,,274529,11,,,1,70,,274530,11,,,1,30,,274531,11,,,1,77,,274532,11,,,1,20,,274533,11,,,1,20,,274534,11,,,1,60,,274535,11,,,1,20,,274536,11,,,1,20,,274537,11,,,1,60,,274538,11,,,1,20,,274539,11,,,1,17,,274540,11,,,1,60,,274541,11,,,1,26,,274542,11,,,1,70,,274543,11,,,1,30,,274544,11,,,1,70,,274545,11,,,1,30,,274546,11,,,1,70,,274547,11,,,1,30,,274548,11,,,1,69,,274549,11,,,1
71300,'713-Saturday-1-26-09-0000010',812,,231760,11,,,1,30,,231761,11,,,1,71,,231762,11,,,1,30,,231763,11,,,1,70,,231764,11,,,1,30,,231765,11,,,1,70,,231766,11,,,1,30,,231767,11,,,1,70,,231768,11,,,1,30,,231769,11,,,1,70,,231770,11,,,1,30,,231771,11,,,1,70,,231772,11,,,1,30,,231773,11,,,1,70,,231774,11,,,1,30,,231775,11,,,1,70,,231776,11,,,1,30,,231777,11,,,1,69,,231778,11,,,1,30,,231779,11,,,1,70,,231780,11,,,1,30,,231781,11,,,1,70,,231782,11,,,1,100,,231783,11,,,1,100,,231784,11,,,1,100,,231785,11,,,1
71300,'713-Sunday-1-26-09-0000001',809,,231786,11,,,1,101,,231787,11,,,1,100,,231788,11,,,1,48,,231789,11,,,1,70,,231790,11,,,1,30,,231791,11,,,1,70,,231792,11,,,1,30,,231793,11,,,1,70,,231794,11,,,1,30,,231795,11,,,1,70,,231796,11,,,1,30,,231797,11,,,1,70,,231798,11,,,1,30,,231799,11,,,1,70,,231800,11,,,1,30,,231801,11,,,1,71,,231802,11,,,1,30,,231803,11,,,1,70,,231804,11,,,1,30,,231805,11,,,1
71301,'713-Weekday-1-26-09-1110100',1550,,231806,16,,,1
71301,'713-Weekday-2-26-09-1110100',1550,,231849,16,,,1
71301,'713-Weekday-6-26-09-1110100',1550,,274636,16,,,1
