51801,'518-Weekday-1-26-09-1111100',526,,225077,10,,,1,30,,225078,10,,,1,70,,225121,10,,,1,19,,225079,10,,,1,12,,225080,10,,,1,52,,225081,10,,,1,12,,225122,10,,,1,12,,225082,10,,,1,12,,225083,10,,,1,12,,225084,10,,,1,52,,225085,10,,,1,12,,225123,10,,,1,12,,225086,10,,,1,12,,225125,10,,,1,12,,225126,10,,,1,70,,225087,10,,,1,30,,225088,10,,,1,70,,225089,10,,,1,30,,225090,10,,,1,70,,225091,10,,,1,30,,225092,10,,,1,70,,225093,10,,,1,30,,225094,10,,,1,70,,225095,10,,,1,30,,225096,10,,,1,70,,225097,10,,,1,31,,225098,10,,,1,63,,225099,10,,,1,12,,225100,10,,,1,12,,225119,10,,,1,8,,225124,10,,,1,4,,225101,10,,,1,52,,225102,10,,,1,12,,225103,10,,,1,12,,225104,10,,,1,12,,225120,10,,,1,12,,225105,10,,,1,52,,225106,10,,,1,12,,225107,10,,,1,12,,225127,10,,,1,12,,225128,10,,,1,12,,225108,10,,,1,52,,225129,10,,,1,20,,225109,10,,,1,28,,225110,10,,,1,70,,225111,10,,,1,30,,225112,10,,,1,70,,225113,10,,,1,30,,225114,10,,,1,70,,225115,10,,,1,30,,225116,10,,,1,99,,225117,10,,,1,100,,225118,10,,,1
51801,'518-Weekday-2-26-09-1111100',526,,225130,10,,,1,30,,225131,10,,,1,70,,225174,10,,,1,19,,225132,10,,,1,12,,225133,10,,,1,52,,225134,10,,,1,12,,225175,10,,,1,12,,225135,10,,,1,12,,225136,10,,,1,12,,225137,10,,,1,52,,225138,10,,,1,12,,225176,10,,,1,12,,225139,10,,,1,12,,225178,10,,,1,12,,225179,10,,,1,70,,225140,10,,,1,30,,225141,10,,,1,70,,225142,10,,,1,30,,225143,10,,,1,70,,225144,10,,,1,30,,225145,10,,,1,70,,225146,10,,,1,30,,225147,10,,,1,70,,225148,10,,,1,30,,225149,10,,,1,70,,225150,10,,,1,31,,225151,10,,,1,63,,225152,10,,,1,12,,225153,10,,,1,12,,225172,10,,,1,8,,225177,10,,,1,4,,225154,10,,,1,52,,225155,10,,,1,12,,225156,10,,,1,12,,225157,10,,,1,12,,225173,10,,,1,12,,225158,10,,,1,52,,225159,10,,,1,12,,225160,10,,,1,12,,225180,10,,,1,12,,225181,10,,,1,12,,225161,10,,,1,52,,225182,10,,,1,20,,225162,10,,,1,28,,225163,10,,,1,70,,225164,10,,,1,30,,225165,10,,,1,70,,225166,10,,,1,30,,225167,10,,,1,70,,225168,10,,,1,30,,225169,10,,,1,99,,225170,10,,,1,100,,225171,10,,,1
51801,'518-Weekday-3-26-09-1111100',526,,268133,10,,,1,30,,268134,10,,,1,70,,268177,10,,,1,19,,268135,10,,,1,12,,268136,10,,,1,52,,268137,10,,,1,12,,268178,10,,,1,12,,268138,10,,,1,12,,268139,10,,,1,12,,268140,10,,,1,52,,268141,10,,,1,12,,268179,10,,,1,12,,268142,10,,,1,12,,268181,10,,,1,12,,268182,10,,,1,70,,268143,10,,,1,30,,268144,10,,,1,70,,268145,10,,,1,30,,268146,10,,,1,70,,268147,10,,,1,30,,268148,10,,,1,70,,268149,10,,,1,30,,268150,10,,,1,70,,268151,10,,,1,30,,268152,10,,,1,70,,268153,10,,,1,31,,268154,10,,,1,63,,268155,10,,,1,12,,268156,10,,,1,12,,268175,10,,,1,8,,268180,10,,,1,4,,268157,10,,,1,52,,268158,10,,,1,12,,268159,10,,,1,12,,268160,10,,,1,12,,268176,10,,,1,12,,268161,10,,,1,52,,268162,10,,,1,12,,268163,10,,,1,12,,268183,10,,,1,12,,268184,10,,,1,12,,268164,10,,,1,52,,268185,10,,,1,20,,268165,10,,,1,28,,268166,10,,,1,70,,268167,10,,,1,30,,268168,10,,,1,70,,268169,10,,,1,30,,268170,10,,,1,70,,268171,10,,,1,30,,268172,10,,,1,99,,268173,10,,,1,100,,268174,10,,,1
51801,'518-Weekday-4-26-09-1111100',526,,225183,10,,,1,30,,225184,10,,,1,70,,225227,10,,,1,19,,225185,10,,,1,12,,225186,10,,,1,52,,225187,10,,,1,12,,225228,10,,,1,12,,225188,10,,,1,12,,225189,10,,,1,12,,225190,10,,,1,52,,225191,10,,,1,12,,225229,10,,,1,12,,225192,10,,,1,12,,225230,10,,,1,12,,225231,10,,,1,70,,225193,10,,,1,30,,225194,10,,,1,70,,225195,10,,,1,30,,225196,10,,,1,70,,225197,10,,,1,30,,225198,10,,,1,70,,225199,10,,,1,30,,225200,10,,,1,70,,225201,10,,,1,30,,225202,10,,,1,70,,225203,10,,,1,31,,225204,10,,,1,63,,225205,10,,,1,12,,225206,10,,,1,12,,225225,10,,,1,12,,225207,10,,,1,52,,225208,10,,,1,12,,225209,10,,,1,12,,225210,10,,,1,12,,225226,10,,,1,12,,225211,10,,,1,52,,225212,10,,,1,12,,225213,10,,,1,12,,225232,10,,,1,12,,225233,10,,,1,12,,225214,10,,,1,52,,225234,10,,,1,20,,225215,10,,,1,28,,225216,10,,,1,70,,225217,10,,,1,30,,225218,10,,,1,70,,225219,10,,,1,30,,225220,10,,,1,70,,225221,10,,,1,30,,225222,10,,,1,99,,225223,10,,,1,100,,225224,10,,,1
51801,'518-Weekday-5-26-09-1111100',526,,268186,10,,,1,30,,268187,10,,,1,70,,268230,10,,,1,19,,268188,10,,,1,12,,268189,10,,,1,52,,268190,10,,,1,12,,268231,10,,,1,12,,268191,10,,,1,12,,268192,10,,,1,12,,268193,10,,,1,52,,268194,10,,,1,12,,268232,10,,,1,12,,268195,10,,,1,12,,268233,10,,,1,12,,268234,10,,,1,70,,268196,10,,,1,30,,268197,10,,,1,70,,268198,10,,,1,30,,268199,10,,,1,70,,268200,10,,,1,30,,268201,10,,,1,70,,268202,10,,,1,30,,268203,10,,,1,70,,268204,10,,,1,30,,268205,10,,,1,70,,268206,10,,,1,31,,268207,10,,,1,63,,268208,10,,,1,12,,268209,10,,,1,12,,268228,10,,,1,12,,268210,10,,,1,52,,268211,10,,,1,12,,268212,10,,,1,12,,268213,10,,,1,12,,268229,10,,,1,12,,268214,10,,,1,52,,268215,10,,,1,12,,268216,10,,,1,12,,268235,10,,,1,12,,268236,10,,,1,12,,268217,10,,,1,52,,268237,10,,,1,20,,268218,10,,,1,28,,268219,10,,,1,70,,268220,10,,,1,30,,268221,10,,,1,70,,268222,10,,,1,30,,268223,10,,,1,70,,268224,10,,,1,30,,268225,10,,,1,99,,268226,10,,,1,100,,268227,10,,,1
51801,'518-Weekday-6-26-09-1111100',526,,268238,10,,,1,30,,268239,10,,,1,70,,268282,10,,,1,19,,268240,10,,,1,12,,268241,10,,,1,52,,268242,10,,,1,12,,268283,10,,,1,12,,268243,10,,,1,12,,268244,10,,,1,12,,268245,10,,,1,52,,268246,10,,,1,12,,268284,10,,,1,12,,268247,10,,,1,12,,268286,10,,,1,12,,268287,10,,,1,70,,268248,10,,,1,30,,268249,10,,,1,70,,268250,10,,,1,30,,268251,10,,,1,70,,268252,10,,,1,30,,268253,10,,,1,70,,268254,10,,,1,30,,268255,10,,,1,70,,268256,10,,,1,30,,268257,10,,,1,70,,268258,10,,,1,31,,268259,10,,,1,63,,268260,10,,,1,12,,268261,10,,,1,12,,268280,10,,,1,8,,268285,10,,,1,4,,268262,10,,,1,52,,268263,10,,,1,12,,268264,10,,,1,12,,268265,10,,,1,12,,268281,10,,,1,12,,268266,10,,,1,52,,268267,10,,,1,12,,268268,10,,,1,12,,268288,10,,,1,12,,268289,10,,,1,12,,268269,10,,,1,52,,268290,10,,,1,20,,268270,10,,,1,28,,268271,10,,,1,70,,268272,10,,,1,30,,268273,10,,,1,70,,268274,10,,,1,30,,268275,10,,,1,70,,268276,10,,,1,30,,268277,10,,,1,99,,268278,10,,,1,100,,268279,10,,,1
51801,'518-Weekday-7-26-09-1111100',526,,268291,10,,,1,30,,268292,10,,,1,70,,268335,10,,,1,19,,268293,10,,,1,12,,268294,10,,,1,52,,268295,10,,,1,12,,268336,10,,,1,12,,268296,10,,,1,12,,268297,10,,,1,12,,268298,10,,,1,52,,268299,10,,,1,12,,268337,10,,,1,12,,268300,10,,,1,12,,268338,10,,,1,12,,268339,10,,,1,70,,268301,10,,,1,30,,268302,10,,,1,70,,268303,10,,,1,30,,268304,10,,,1,70,,268305,10,,,1,30,,268306,10,,,1,70,,268307,10,,,1,30,,268308,10,,,1,70,,268309,10,,,1,30,,268310,10,,,1,70,,268311,10,,,1,31,,268312,10,,,1,63,,268313,10,,,1,12,,268314,10,,,1,12,,268333,10,,,1,12,,268315,10,,,1,52,,268316,10,,,1,12,,268317,10,,,1,12,,268318,10,,,1,12,,268334,10,,,1,12,,268319,10,,,1,52,,268320,10,,,1,12,,268321,10,,,1,12,,268340,10,,,1,12,,268341,10,,,1,12,,268322,10,,,1,52,,268342,10,,,1,20,,268323,10,,,1,28,,268324,10,,,1,70,,268325,10,,,1,30,,268326,10,,,1,70,,268327,10,,,1,30,,268328,10,,,1,70,,268329,10,,,1,30,,268330,10,,,1,99,,268331,10,,,1,100,,268332,10,,,1
51801,'518-Saturday-1-26-09-0000010',626,,225235,10,,,1,97,,225236,10,,,1,88,,225237,10,,,1,30,,225238,10,,,1,72,,225239,10,,,1,30,,225240,10,,,1,70,,225241,10,,,1,30,,225242,10,,,1,70,,225243,10,,,1,30,,225244,10,,,1,70,,225245,10,,,1,30,,225246,10,,,1,70,,225247,10,,,1,30,,225248,10,,,1,70,,225249,10,,,1,30,,225250,10,,,1,70,,225251,10,,,1,30,,225252,10,,,1,70,,225253,10,,,1,30,,225254,10,,,1,70,,225255,10,,,1,30,,225256,10,,,1,70,,225257,10,,,1,30,,225258,10,,,1,70,,225259,10,,,1,30,,225264,10,,,1,70,,225260,10,,,1,30,,225265,10,,,1,70,,225261,10,,,1,30,,225266,10,,,1,70,,225262,10,,,1,100,,225263,10,,,1,100,,225267,10,,,1
51801,'518-Sunday-1-26-09-0000001',626,,225289,10,,,1,100,,225290,10,,,1,100,,225291,10,,,1,102,,225292,10,,,1,85,,225268,10,,,1,30,,225269,10,,,1,70,,225270,10,,,1,30,,225271,10,,,1,70,,225272,10,,,1,30,,225273,10,,,1,70,,225274,10,,,1,30,,225275,10,,,1,70,,225276,10,,,1,30,,225277,10,,,1,70,,225278,10,,,1,30,,225279,10,,,1,70,,225280,10,,,1,30,,225281,10,,,1,70,,225282,10,,,1,30,,225283,10,,,1,70,,225284,10,,,1,30,,225285,10,,,1,85,,225286,10,,,1,100,,225287,10,,,1,100,,225288,10,,,1,100,,225293,10,,,1,100,,225294,10,,,1
66501,'665-Weekday-1-26-09-1111100',758,,227772,3,,,1,42,,227773,3,,,1
66501,'665-Weekday-3-26-09-1111100',758,,227774,3,,,1,42,,227775,3,,,1
66501,'665-Weekday-7-26-09-1111100',758,,270568,3,,,1,42,,270569,3,,,1
