12401,'124-Weekday-1-26-09-1111100',534,,220879,19,,,1,70,,220917,19,,,1,33,,220874,19,,,1,17,,220902,19,,,1,55,,220903,19,,,1,15,,220904,19,,,1,15,,220905,19,,,1,13,,220914,7,,,1,2,,220906,19,,,1,47,,220915,7,,,1,8,,220907,19,,,1,15,,220908,19,,,1,15,,220909,19,,,1,70,,220875,19,,,1,29,,220876,19,,,1,70,,220877,19,,,1,30,,220878,19,,,1,70,,220895,19,,,1,30,,220901,19,,,1,70,,220900,19,,,1,30,,220899,19,,,1,70,,220898,19,,,1,30,,220889,19,,,1,70,,220897,19,,,1,30,,220896,19,,,1,70,,220916,19,,,1,16,,220913,19,,,1,15,,220912,19,,,1,15,,220880,19,,,1,55,,220881,19,,,1,15,,220882,19,,,1,15,,220883,19,,,1,15,,220884,19,,,1,55,,220885,19,,,1,15,,220886,19,,,1,15,,220887,19,,,1,15,,220873,19,,,1,72,,220910,19,,,1,31,,220911,19,,,1,70,,220888,19,,,1,30,,220894,19,,,1,70,,220893,19,,,1,30,,220892,19,,,1,70,,220891,19,,,1,30,,220890,19,,,1
12401,'124-Weekday-2-26-09-1111100',534,,220924,19,,,1,70,,220962,19,,,1,33,,220919,19,,,1,17,,220947,19,,,1,55,,220948,19,,,1,15,,220949,19,,,1,15,,220950,19,,,1,13,,220959,7,,,1,2,,220951,19,,,1,47,,220960,7,,,1,8,,220952,19,,,1,15,,220953,19,,,1,15,,220954,19,,,1,70,,220920,19,,,1,29,,220921,19,,,1,70,,220922,19,,,1,30,,220923,19,,,1,70,,220940,19,,,1,30,,220946,19,,,1,70,,220945,19,,,1,30,,220944,19,,,1,70,,220943,19,,,1,30,,220934,19,,,1,70,,220942,19,,,1,30,,220941,19,,,1,70,,220961,19,,,1,16,,220958,19,,,1,15,,220957,19,,,1,15,,220925,19,,,1,55,,220926,19,,,1,15,,220927,19,,,1,15,,220928,19,,,1,15,,220929,19,,,1,55,,220930,19,,,1,15,,220931,19,,,1,15,,220932,19,,,1,15,,220918,19,,,1,72,,220955,19,,,1,31,,220956,19,,,1,70,,220933,19,,,1,30,,220939,19,,,1,70,,220938,19,,,1,30,,220937,19,,,1,70,,220936,19,,,1,30,,220935,19,,,1
12401,'124-Weekday-3-26-09-1111100',534,,264197,19,,,1,70,,264233,19,,,1,33,,264192,19,,,1,17,,264220,19,,,1,55,,264221,19,,,1,15,,264222,19,,,1,15,,264223,19,,,1,15,,264224,19,,,1,55,,264225,19,,,1,15,,264226,19,,,1,15,,264227,19,,,1,70,,264193,19,,,1,29,,264194,19,,,1,70,,264195,19,,,1,30,,264196,19,,,1,70,,264213,19,,,1,30,,264219,19,,,1,70,,264218,19,,,1,30,,264217,19,,,1,70,,264216,19,,,1,30,,264207,19,,,1,70,,264215,19,,,1,30,,264214,19,,,1,70,,264232,19,,,1,16,,264231,19,,,1,15,,264230,19,,,1,15,,264198,19,,,1,55,,264199,19,,,1,15,,264200,19,,,1,15,,264201,19,,,1,15,,264202,19,,,1,55,,264203,19,,,1,15,,264204,19,,,1,15,,264205,19,,,1,15,,264191,19,,,1,72,,264228,19,,,1,31,,264229,19,,,1,70,,264206,19,,,1,30,,264212,19,,,1,70,,264211,19,,,1,30,,264210,19,,,1,70,,264209,19,,,1,30,,264208,19,,,1
12401,'124-Weekday-4-26-09-1111100',534,,220969,19,,,1,70,,221005,19,,,1,33,,220964,19,,,1,17,,220992,19,,,1,55,,220993,19,,,1,15,,220994,19,,,1,15,,220995,19,,,1,15,,220996,19,,,1,55,,220997,19,,,1,15,,220998,19,,,1,15,,220999,19,,,1,70,,220965,19,,,1,29,,220966,19,,,1,70,,220967,19,,,1,30,,220968,19,,,1,70,,220985,19,,,1,30,,220991,19,,,1,70,,220990,19,,,1,30,,220989,19,,,1,70,,220988,19,,,1,30,,220979,19,,,1,70,,220987,19,,,1,30,,220986,19,,,1,70,,221004,19,,,1,16,,221003,19,,,1,15,,221002,19,,,1,15,,220970,19,,,1,55,,220971,19,,,1,15,,220972,19,,,1,15,,220973,19,,,1,15,,220974,19,,,1,55,,220975,19,,,1,15,,220976,19,,,1,15,,220977,19,,,1,15,,220963,19,,,1,72,,221000,19,,,1,31,,221001,19,,,1,70,,220978,19,,,1,30,,220984,19,,,1,70,,220983,19,,,1,30,,220982,19,,,1,70,,220981,19,,,1,30,,220980,19,,,1
12401,'124-Weekday-5-26-09-1111100',534,,264240,19,,,1,70,,264276,19,,,1,33,,264235,19,,,1,17,,264263,19,,,1,55,,264264,19,,,1,15,,264265,19,,,1,15,,264266,19,,,1,15,,264267,19,,,1,55,,264268,19,,,1,15,,264269,19,,,1,15,,264270,19,,,1,70,,264236,19,,,1,29,,264237,19,,,1,70,,264238,19,,,1,30,,264239,19,,,1,70,,264256,19,,,1,30,,264262,19,,,1,70,,264261,19,,,1,30,,264260,19,,,1,70,,264259,19,,,1,30,,264250,19,,,1,70,,264258,19,,,1,30,,264257,19,,,1,70,,264275,19,,,1,16,,264274,19,,,1,15,,264273,19,,,1,15,,264241,19,,,1,55,,264242,19,,,1,15,,264243,19,,,1,15,,264244,19,,,1,15,,264245,19,,,1,55,,264246,19,,,1,15,,264247,19,,,1,15,,264248,19,,,1,15,,264234,19,,,1,72,,264271,19,,,1,31,,264272,19,,,1,70,,264249,19,,,1,30,,264255,19,,,1,70,,264254,19,,,1,30,,264253,19,,,1,70,,264252,19,,,1,30,,264251,19,,,1
12401,'124-Weekday-6-26-09-1111100',534,,264283,19,,,1,70,,264321,19,,,1,33,,264278,19,,,1,17,,264306,19,,,1,55,,264307,19,,,1,15,,264308,19,,,1,15,,264309,19,,,1,13,,264318,7,,,1,2,,264310,19,,,1,47,,264319,7,,,1,8,,264311,19,,,1,15,,264312,19,,,1,15,,264313,19,,,1,70,,264279,19,,,1,29,,264280,19,,,1,70,,264281,19,,,1,30,,264282,19,,,1,70,,264299,19,,,1,30,,264305,19,,,1,70,,264304,19,,,1,30,,264303,19,,,1,70,,264302,19,,,1,30,,264293,19,,,1,70,,264301,19,,,1,30,,264300,19,,,1,70,,264320,19,,,1,16,,264317,19,,,1,15,,264316,19,,,1,15,,264284,19,,,1,55,,264285,19,,,1,15,,264286,19,,,1,15,,264287,19,,,1,15,,264288,19,,,1,55,,264289,19,,,1,15,,264290,19,,,1,15,,264291,19,,,1,15,,264277,19,,,1,72,,264314,19,,,1,31,,264315,19,,,1,70,,264292,19,,,1,30,,264298,19,,,1,70,,264297,19,,,1,30,,264296,19,,,1,70,,264295,19,,,1,30,,264294,19,,,1
12401,'124-Weekday-7-26-09-1111100',534,,264328,19,,,1,70,,264364,19,,,1,33,,264323,19,,,1,17,,264351,19,,,1,55,,264352,19,,,1,15,,264353,19,,,1,15,,264354,19,,,1,15,,264355,19,,,1,55,,264356,19,,,1,15,,264357,19,,,1,15,,264358,19,,,1,70,,264324,19,,,1,29,,264325,19,,,1,70,,264326,19,,,1,30,,264327,19,,,1,70,,264344,19,,,1,30,,264350,19,,,1,70,,264349,19,,,1,30,,264348,19,,,1,70,,264347,19,,,1,30,,264338,19,,,1,70,,264346,19,,,1,30,,264345,19,,,1,70,,264363,19,,,1,16,,264362,19,,,1,15,,264361,19,,,1,15,,264329,19,,,1,55,,264330,19,,,1,15,,264331,19,,,1,15,,264332,19,,,1,15,,264333,19,,,1,55,,264334,19,,,1,15,,264335,19,,,1,15,,264336,19,,,1,15,,264322,19,,,1,72,,264359,19,,,1,31,,264360,19,,,1,70,,264337,19,,,1,30,,264343,19,,,1,70,,264342,19,,,1,30,,264341,19,,,1,70,,264340,19,,,1,30,,264339,19,,,1
12401,'124-Saturday-1-26-09-0000010',810,,221006,19,,,1,30,,221007,19,,,1,72,,221008,19,,,1,30,,221009,19,,,1,70,,221010,19,,,1,30,,221011,19,,,1,70,,221012,19,,,1,30,,221013,19,,,1,70,,221014,19,,,1,30,,221015,19,,,1,70,,221016,19,,,1,30,,221017,19,,,1,70,,221018,19,,,1,30,,221019,19,,,1,70,,221020,19,,,1,30,,221021,19,,,1,70,,221022,19,,,1,30,,221023,19,,,1,69,,221024,19,,,1,36,,221025,19,,,1,70,,221026,19,,,1,28,,221027,19,,,1,69,,221028,19,,,1
12401,'124-Sunday-1-26-09-0000001',1000,,221029,19,,,1,30,,221030,19,,,1,70,,221031,19,,,1,29,,221032,19,,,1,30,,221033,19,,,1,70,,221034,19,,,1,30,,221035,19,,,1,70,,221036,19,,,1,30,,221037,19,,,1,70,,221038,19,,,1,30,,221039,19,,,1,70,,221040,19,,,1,30,,221041,19,,,1,70,,221042,19,,,1,29,,221043,19,,,1,71,,221044,19,,,1,30,,221045,19,,,1,70,,221046,19,,,1,71,,221047,19,,,1
61501,'615-Weekday-1-26-09-0001000',1233,,227427,7,,,1
61501,'615-Weekday-1-26-09-1110100',1537,,227428,7,,,1
61501,'615-Weekday-4-26-09-1110100',1537,,270286,7,,,1
61501,'615-Weekday-7-26-09-1110100',1537,,270287,7,,,1
24015000,'150X-Weekday-1-26-09-1111100',1533,,245085,35,,,1,20,,245086,35,,,1,62,,245087,35,,,1,22,,245088,35,,,1,20,,245089,35,,,1,59,,245090,35,,,1,18,,245091,35,,,1,19,,245092,35,,,1,60,,245093,35,,,1
24015000,'150X-Weekday-2-26-09-1111100',1533,,245094,35,,,1,20,,245095,35,,,1,62,,245096,35,,,1,22,,245097,35,,,1,20,,245098,35,,,1,59,,245099,35,,,1,18,,245100,35,,,1,19,,245101,35,,,1,60,,245102,35,,,1
24015000,'150X-Weekday-3-26-09-1111100',1533,,287594,35,,,1,20,,287595,35,,,1,62,,287596,35,,,1,22,,287597,35,,,1,20,,287598,35,,,1,59,,287599,35,,,1,18,,287600,35,,,1,19,,287601,35,,,1,60,,287602,35,,,1
24015000,'150X-Weekday-4-26-09-1111100',1533,,245103,35,,,1,20,,245104,35,,,1,62,,245105,35,,,1,22,,245106,35,,,1,20,,245107,35,,,1,59,,245108,35,,,1,18,,245109,35,,,1,19,,245110,35,,,1,60,,245111,35,,,1
24015000,'150X-Weekday-5-26-09-1111100',1533,,287603,35,,,1,20,,287604,35,,,1,62,,287605,35,,,1,22,,287606,35,,,1,20,,287607,35,,,1,59,,287608,35,,,1,18,,287609,35,,,1,19,,287610,35,,,1,60,,287611,35,,,1
24015000,'150X-Weekday-6-26-09-1111100',1533,,287612,35,,,1,20,,287613,35,,,1,62,,287614,35,,,1,22,,287615,35,,,1,20,,287616,35,,,1,59,,287617,35,,,1,18,,287618,35,,,1,19,,287619,35,,,1,60,,287620,35,,,1
24015000,'150X-Weekday-7-26-09-1111100',1533,,287621,35,,,1,20,,287622,35,,,1,62,,287623,35,,,1,22,,287624,35,,,1,20,,287625,35,,,1,59,,287626,35,,,1,18,,287627,35,,,1,19,,287628,35,,,1,60,,287629,35,,,1
