90300,'903-Weekday-1-26-09-1111100',522,,236928,20,,,1,30,,236929,20,,,1,70,,236930,20,,,1,24,,236931,20,,,1,63,,236932,20,,,1,22,,236933,20,,,1,20,,236934,20,,,1,60,,236935,20,,,1,20,,236936,20,,,1,20,,236937,20,,,1,59,,236938,20,,,1,20,,236939,20,,,1,19,,236940,20,,,1,60,,236941,20,,,1,20,,236942,20,,,1,20,,236943,20,,,1,60,,236944,20,,,1,20,,236945,20,,,1,20,,236946,20,,,1,60,,236947,20,,,1,20,,236948,20,,,1,20,,236949,20,,,1,60,,236950,20,,,1,20,,236951,20,,,1,20,,236952,20,,,1,60,,236953,20,,,1,20,,236954,20,,,1,20,,236955,20,,,1,61,,236956,20,,,1,16,,236957,20,,,1,17,,236958,20,,,1,15,,236959,20,,,1,55,,236960,20,,,1,15,,236961,20,,,1,15,,236962,20,,,1,15,,236963,20,,,1,55,,236964,20,,,1,15,,236968,20,,,1,15,,236969,20,,,1,63,,236965,20,,,1,24,,236966,20,,,1,20,,236967,20,,,1,65,,236976,20,,,1,30,,236977,20,,,1,70,,236972,20,,,1,30,,236973,20,,,1,70,,236974,20,,,1,99,,236975,20,,,1,100,,236971,20,,,1,100,,236970,20,,,1,100,,236978,20,,,1
90300,'903-Weekday-2-26-09-1111100',522,,236979,20,,,1,30,,236980,20,,,1,70,,236981,20,,,1,24,,236982,20,,,1,63,,236983,20,,,1,22,,236984,20,,,1,20,,236985,20,,,1,60,,236986,20,,,1,20,,236987,20,,,1,20,,236988,20,,,1,59,,236989,20,,,1,20,,236990,20,,,1,19,,236991,20,,,1,60,,236992,20,,,1,20,,236993,20,,,1,20,,236994,20,,,1,60,,236995,20,,,1,20,,236996,20,,,1,20,,236997,20,,,1,60,,236998,20,,,1,20,,236999,20,,,1,20,,237000,20,,,1,60,,237001,20,,,1,20,,237002,20,,,1,20,,237003,20,,,1,60,,237004,20,,,1,20,,237005,20,,,1,20,,237006,20,,,1,61,,237007,20,,,1,16,,237008,20,,,1,17,,237009,20,,,1,15,,237010,20,,,1,55,,237011,20,,,1,15,,237012,20,,,1,15,,237013,20,,,1,15,,237014,20,,,1,55,,237015,20,,,1,15,,237019,20,,,1,15,,237020,20,,,1,63,,237016,20,,,1,24,,237017,20,,,1,20,,237018,20,,,1,65,,237027,20,,,1,30,,237028,20,,,1,70,,237023,20,,,1,30,,237024,20,,,1,70,,237025,20,,,1,99,,237026,20,,,1,100,,237022,20,,,1,100,,237021,20,,,1,100,,237029,20,,,1
90300,'903-Weekday-3-26-09-1111100',522,,279577,20,,,1,30,,279578,20,,,1,70,,279579,20,,,1,24,,279580,20,,,1,63,,279581,20,,,1,22,,279582,20,,,1,20,,279583,20,,,1,60,,279584,20,,,1,20,,279585,20,,,1,20,,279586,20,,,1,59,,279587,20,,,1,20,,279588,20,,,1,19,,279589,20,,,1,60,,279590,20,,,1,20,,279591,20,,,1,20,,279592,20,,,1,60,,279593,20,,,1,20,,279594,20,,,1,20,,279595,20,,,1,60,,279596,20,,,1,20,,279597,20,,,1,20,,279598,20,,,1,60,,279599,20,,,1,20,,279600,20,,,1,20,,279601,20,,,1,60,,279602,20,,,1,20,,279603,20,,,1,20,,279604,20,,,1,61,,279605,20,,,1,16,,279606,20,,,1,17,,279607,20,,,1,15,,279608,20,,,1,55,,279609,20,,,1,15,,279610,20,,,1,15,,279611,20,,,1,15,,279612,20,,,1,55,,279613,20,,,1,15,,279617,20,,,1,15,,279618,20,,,1,63,,279614,20,,,1,24,,279615,20,,,1,20,,279616,20,,,1,65,,279625,20,,,1,30,,279626,20,,,1,70,,279621,20,,,1,30,,279622,20,,,1,70,,279623,20,,,1,99,,279624,20,,,1,100,,279620,20,,,1,100,,279619,20,,,1,100,,279627,20,,,1
90300,'903-Weekday-4-26-09-1111100',522,,237030,20,,,1,30,,237031,20,,,1,70,,237032,20,,,1,24,,237033,20,,,1,63,,237034,20,,,1,22,,237035,20,,,1,20,,237036,20,,,1,60,,237037,20,,,1,20,,237038,20,,,1,20,,237039,20,,,1,59,,237040,20,,,1,20,,237041,20,,,1,19,,237042,20,,,1,60,,237043,20,,,1,20,,237044,20,,,1,20,,237045,20,,,1,60,,237046,20,,,1,20,,237047,20,,,1,20,,237048,20,,,1,60,,237049,20,,,1,20,,237050,20,,,1,20,,237051,20,,,1,60,,237052,20,,,1,20,,237053,20,,,1,20,,237054,20,,,1,60,,237055,20,,,1,20,,237056,20,,,1,20,,237057,20,,,1,61,,237058,20,,,1,16,,237059,20,,,1,17,,237060,20,,,1,15,,237061,20,,,1,55,,237062,20,,,1,15,,237063,20,,,1,15,,237064,20,,,1,15,,237065,20,,,1,55,,237066,20,,,1,15,,237070,20,,,1,15,,237071,20,,,1,63,,237067,20,,,1,24,,237068,20,,,1,20,,237069,20,,,1,65,,237078,20,,,1,30,,237079,20,,,1,70,,237074,20,,,1,30,,237075,20,,,1,70,,237076,20,,,1,99,,237077,20,,,1,100,,237073,20,,,1,100,,237072,20,,,1,100,,237080,20,,,1
90300,'903-Weekday-5-26-09-1111100',522,,279628,20,,,1,30,,279629,20,,,1,70,,279630,20,,,1,24,,279631,20,,,1,63,,279632,20,,,1,22,,279633,20,,,1,20,,279634,20,,,1,60,,279635,20,,,1,20,,279636,20,,,1,20,,279637,20,,,1,59,,279638,20,,,1,20,,279639,20,,,1,19,,279640,20,,,1,60,,279641,20,,,1,20,,279642,20,,,1,20,,279643,20,,,1,60,,279644,20,,,1,20,,279645,20,,,1,20,,279646,20,,,1,60,,279647,20,,,1,20,,279648,20,,,1,20,,279649,20,,,1,60,,279650,20,,,1,20,,279651,20,,,1,20,,279652,20,,,1,60,,279653,20,,,1,20,,279654,20,,,1,20,,279655,20,,,1,61,,279656,20,,,1,16,,279657,20,,,1,17,,279658,20,,,1,15,,279659,20,,,1,55,,279660,20,,,1,15,,279661,20,,,1,15,,279662,20,,,1,15,,279663,20,,,1,55,,279664,20,,,1,15,,279668,20,,,1,15,,279669,20,,,1,63,,279665,20,,,1,24,,279666,20,,,1,20,,279667,20,,,1,65,,279676,20,,,1,30,,279677,20,,,1,70,,279672,20,,,1,30,,279673,20,,,1,70,,279674,20,,,1,99,,279675,20,,,1,100,,279671,20,,,1,100,,279670,20,,,1,100,,279678,20,,,1
90300,'903-Weekday-6-26-09-1111100',522,,279679,20,,,1,30,,279680,20,,,1,70,,279681,20,,,1,24,,279682,20,,,1,63,,279683,20,,,1,22,,279684,20,,,1,20,,279685,20,,,1,60,,279686,20,,,1,20,,279687,20,,,1,20,,279688,20,,,1,59,,279689,20,,,1,20,,279690,20,,,1,19,,279691,20,,,1,60,,279692,20,,,1,20,,279693,20,,,1,20,,279694,20,,,1,60,,279695,20,,,1,20,,279696,20,,,1,20,,279697,20,,,1,60,,279698,20,,,1,20,,279699,20,,,1,20,,279700,20,,,1,60,,279701,20,,,1,20,,279702,20,,,1,20,,279703,20,,,1,60,,279704,20,,,1,20,,279705,20,,,1,20,,279706,20,,,1,61,,279707,20,,,1,16,,279708,20,,,1,17,,279709,20,,,1,15,,279710,20,,,1,55,,279711,20,,,1,15,,279712,20,,,1,15,,279713,20,,,1,15,,279714,20,,,1,55,,279715,20,,,1,15,,279719,20,,,1,15,,279720,20,,,1,63,,279716,20,,,1,24,,279717,20,,,1,20,,279718,20,,,1,65,,279727,20,,,1,30,,279728,20,,,1,70,,279723,20,,,1,30,,279724,20,,,1,70,,279725,20,,,1,99,,279726,20,,,1,100,,279722,20,,,1,100,,279721,20,,,1,100,,279729,20,,,1
90300,'903-Weekday-7-26-09-1111100',522,,279730,20,,,1,30,,279731,20,,,1,70,,279732,20,,,1,24,,279733,20,,,1,63,,279734,20,,,1,22,,279735,20,,,1,20,,279736,20,,,1,60,,279737,20,,,1,20,,279738,20,,,1,20,,279739,20,,,1,59,,279740,20,,,1,20,,279741,20,,,1,19,,279742,20,,,1,60,,279743,20,,,1,20,,279744,20,,,1,20,,279745,20,,,1,60,,279746,20,,,1,20,,279747,20,,,1,20,,279748,20,,,1,60,,279749,20,,,1,20,,279750,20,,,1,20,,279751,20,,,1,60,,279752,20,,,1,20,,279753,20,,,1,20,,279754,20,,,1,60,,279755,20,,,1,20,,279756,20,,,1,20,,279757,20,,,1,61,,279758,20,,,1,16,,279759,20,,,1,17,,279760,20,,,1,15,,279761,20,,,1,55,,279762,20,,,1,15,,279763,20,,,1,15,,279764,20,,,1,15,,279765,20,,,1,55,,279766,20,,,1,15,,279770,20,,,1,15,,279771,20,,,1,63,,279767,20,,,1,24,,279768,20,,,1,20,,279769,20,,,1,65,,279778,20,,,1,30,,279779,20,,,1,70,,279774,20,,,1,30,,279775,20,,,1,70,,279776,20,,,1,99,,279777,20,,,1,100,,279773,20,,,1,100,,279772,20,,,1,100,,279780,20,,,1
90300,'903-Saturday-1-26-09-0000010',555,,237090,20,,,1,100,,237091,20,,,1,89,,237089,20,,,1,70,,237092,20,,,1,20,,237093,20,,,1,20,,237086,20,,,1,60,,237094,20,,,1,20,,237095,20,,,1,20,,237096,20,,,1,60,,237097,20,,,1,20,,237098,20,,,1,20,,237099,20,,,1,60,,237100,20,,,1,20,,237101,20,,,1,20,,237102,20,,,1,60,,237103,20,,,1,20,,237104,20,,,1,20,,237105,20,,,1,60,,237106,20,,,1,20,,237107,20,,,1,20,,237108,20,,,1,60,,237109,20,,,1,20,,237110,20,,,1,20,,237111,20,,,1,60,,237112,20,,,1,20,,237113,20,,,1,20,,237114,20,,,1,60,,237115,20,,,1,20,,237116,20,,,1,20,,237117,20,,,1,60,,237118,20,,,1,20,,237119,20,,,1,20,,237084,20,,,1,60,,237081,20,,,1,20,,237085,20,,,1,20,,237087,20,,,1,60,,237088,20,,,1,30,,237120,20,,,1,70,,237121,20,,,1,30,,237122,20,,,1,70,,237082,20,,,1,30,,237083,20,,,1,100,,237123,20,,,1,100,,237124,20,,,1
90300,'903-Sunday-1-26-09-0000001',612,,237127,20,,,1,96,,237128,20,,,1,100,,237129,20,,,1,98,,237130,20,,,1,31,,237131,20,,,1,70,,237132,20,,,1,30,,237133,20,,,1,70,,237134,20,,,1,30,,237135,20,,,1,70,,237136,20,,,1,30,,237137,20,,,1,70,,237138,20,,,1,30,,237139,20,,,1,70,,237140,20,,,1,30,,237141,20,,,1,70,,237142,20,,,1,30,,237143,20,,,1,70,,237144,20,,,1,30,,237145,20,,,1,70,,237146,20,,,1,29,,237147,20,,,1,70,,237148,20,,,1,30,,237149,20,,,1,70,,237150,20,,,1,30,,237151,20,,,1,70,,237152,20,,,1,30,,237153,20,,,1,70,,237154,20,,,1,30,,237155,20,,,1,72,,237156,20,,,1,102,,237125,20,,,1,100,,237126,20,,,1
90700,'907-Weekday-1-26-09-1111100',553,,237900,43,,,1,70,,237901,43,,,1,36,,237902,43,,,1,55,,237903,43,,,1,15,,237904,43,,,1,15,,237905,43,,,1,15,,237906,43,,,1,55,,237907,43,,,1,15,,237908,43,,,1,15,,237909,43,,,1,15,,237910,43,,,1,67,,237911,43,,,1,30,,237912,43,,,1,70,,237913,43,,,1,30,,237914,43,,,1,70,,237915,43,,,1,30,,237916,43,,,1,70,,237917,43,,,1,30,,237918,43,,,1,70,,237919,43,,,1,30,,237920,43,,,1,70,,237921,43,,,1,30,,237922,43,,,1,74,,237923,43,,,1,70,,237924,43,,,1,15,,237925,43,,,1,15,,237926,43,,,1,15,,237927,43,,,1,55,,237928,43,,,1,15,,237929,43,,,1,15,,237930,43,,,1,15,,237931,43,,,1,55,,237932,43,,,1,30,,237933,43,,,1,23,,237934,43,,,1,70,,237935,43,,,1,30,,237936,43,,,1,70,,237937,43,,,1,30,,237938,43,,,1,70,,237939,43,,,1,30,,237940,43,,,1,70,,237941,43,,,1,100,,237942,43,,,1,100,,237943,43,,,1
90700,'907-Weekday-2-26-09-1111100',553,,237944,43,,,1,70,,237945,43,,,1,36,,237946,43,,,1,55,,237947,43,,,1,15,,237948,43,,,1,15,,237949,43,,,1,15,,237950,43,,,1,55,,237951,43,,,1,15,,237952,43,,,1,15,,237953,43,,,1,15,,237954,43,,,1,67,,237955,43,,,1,30,,237956,43,,,1,70,,237957,43,,,1,30,,237958,43,,,1,70,,237959,43,,,1,30,,237960,43,,,1,70,,237961,43,,,1,30,,237962,43,,,1,70,,237963,43,,,1,30,,237964,43,,,1,70,,237965,43,,,1,30,,237966,43,,,1,74,,237967,43,,,1,70,,237968,43,,,1,15,,237969,43,,,1,15,,237970,43,,,1,15,,237971,43,,,1,55,,237972,43,,,1,15,,237973,43,,,1,15,,237974,43,,,1,15,,237975,43,,,1,55,,237976,43,,,1,30,,237977,43,,,1,23,,237978,43,,,1,70,,237979,43,,,1,30,,237980,43,,,1,70,,237981,43,,,1,30,,237982,43,,,1,70,,237983,43,,,1,30,,237984,43,,,1,70,,237985,43,,,1,100,,237986,43,,,1,100,,237987,43,,,1
90700,'907-Weekday-3-26-09-1111100',553,,280538,43,,,1,70,,280539,43,,,1,36,,280540,43,,,1,55,,280541,43,,,1,15,,280542,43,,,1,15,,280543,43,,,1,15,,280544,43,,,1,55,,280545,43,,,1,15,,280546,43,,,1,15,,280547,43,,,1,15,,280548,43,,,1,67,,280549,43,,,1,30,,280550,43,,,1,70,,280551,43,,,1,30,,280552,43,,,1,70,,280553,43,,,1,30,,280554,43,,,1,70,,280555,43,,,1,30,,280556,43,,,1,70,,280557,43,,,1,30,,280558,43,,,1,70,,280559,43,,,1,30,,280560,43,,,1,74,,280561,43,,,1,70,,280562,43,,,1,15,,280563,43,,,1,15,,280564,43,,,1,15,,280565,43,,,1,55,,280566,43,,,1,15,,280567,43,,,1,15,,280568,43,,,1,15,,280569,43,,,1,55,,280570,43,,,1,30,,280571,43,,,1,23,,280572,43,,,1,70,,280573,43,,,1,30,,280574,43,,,1,70,,280575,43,,,1,30,,280576,43,,,1,70,,280577,43,,,1,30,,280578,43,,,1,70,,280579,43,,,1,100,,280580,43,,,1,100,,280581,43,,,1
90700,'907-Weekday-4-26-09-1111100',553,,237988,43,,,1,70,,237989,43,,,1,36,,237990,43,,,1,55,,237991,43,,,1,15,,237992,43,,,1,15,,237993,43,,,1,15,,237994,43,,,1,55,,237995,43,,,1,15,,237996,43,,,1,15,,237997,43,,,1,15,,237998,43,,,1,67,,237999,43,,,1,30,,238000,43,,,1,70,,238001,43,,,1,30,,238002,43,,,1,70,,238003,43,,,1,30,,238004,43,,,1,70,,238005,43,,,1,30,,238006,43,,,1,70,,238007,43,,,1,30,,238008,43,,,1,70,,238009,43,,,1,30,,238010,43,,,1,74,,238011,43,,,1,70,,238012,43,,,1,15,,238013,43,,,1,15,,238014,43,,,1,15,,238015,43,,,1,55,,238016,43,,,1,15,,238017,43,,,1,15,,238018,43,,,1,15,,238019,43,,,1,55,,238020,43,,,1,30,,238021,43,,,1,23,,238022,43,,,1,70,,238023,43,,,1,30,,238024,43,,,1,70,,238025,43,,,1,30,,238026,43,,,1,70,,238027,43,,,1,30,,238028,43,,,1,70,,238029,43,,,1,100,,238030,43,,,1,100,,238031,43,,,1
90700,'907-Weekday-5-26-09-1111100',553,,280582,43,,,1,70,,280583,43,,,1,36,,280584,43,,,1,55,,280585,43,,,1,15,,280586,43,,,1,15,,280587,43,,,1,15,,280588,43,,,1,55,,280589,43,,,1,15,,280590,43,,,1,15,,280591,43,,,1,15,,280592,43,,,1,67,,280593,43,,,1,30,,280594,43,,,1,70,,280595,43,,,1,30,,280596,43,,,1,70,,280597,43,,,1,30,,280598,43,,,1,70,,280599,43,,,1,30,,280600,43,,,1,70,,280601,43,,,1,30,,280602,43,,,1,70,,280603,43,,,1,30,,280604,43,,,1,74,,280605,43,,,1,70,,280606,43,,,1,15,,280607,43,,,1,15,,280608,43,,,1,15,,280609,43,,,1,55,,280610,43,,,1,15,,280611,43,,,1,15,,280612,43,,,1,15,,280613,43,,,1,55,,280614,43,,,1,30,,280615,43,,,1,23,,280616,43,,,1,70,,280617,43,,,1,30,,280618,43,,,1,70,,280619,43,,,1,30,,280620,43,,,1,70,,280621,43,,,1,30,,280622,43,,,1,70,,280623,43,,,1,100,,280624,43,,,1,100,,280625,43,,,1
90700,'907-Weekday-6-26-09-1111100',553,,280626,43,,,1,70,,280627,43,,,1,36,,280628,43,,,1,55,,280629,43,,,1,15,,280630,43,,,1,15,,280631,43,,,1,15,,280632,43,,,1,55,,280633,43,,,1,15,,280634,43,,,1,15,,280635,43,,,1,15,,280636,43,,,1,67,,280637,43,,,1,30,,280638,43,,,1,70,,280639,43,,,1,30,,280640,43,,,1,70,,280641,43,,,1,30,,280642,43,,,1,70,,280643,43,,,1,30,,280644,43,,,1,70,,280645,43,,,1,30,,280646,43,,,1,70,,280647,43,,,1,30,,280648,43,,,1,74,,280649,43,,,1,70,,280650,43,,,1,15,,280651,43,,,1,15,,280652,43,,,1,15,,280653,43,,,1,55,,280654,43,,,1,15,,280655,43,,,1,15,,280656,43,,,1,15,,280657,43,,,1,55,,280658,43,,,1,30,,280659,43,,,1,23,,280660,43,,,1,70,,280661,43,,,1,30,,280662,43,,,1,70,,280663,43,,,1,30,,280664,43,,,1,70,,280665,43,,,1,30,,280666,43,,,1,70,,280667,43,,,1,100,,280668,43,,,1,100,,280669,43,,,1
90700,'907-Weekday-7-26-09-1111100',553,,280670,43,,,1,70,,280671,43,,,1,36,,280672,43,,,1,55,,280673,43,,,1,15,,280674,43,,,1,15,,280675,43,,,1,15,,280676,43,,,1,55,,280677,43,,,1,15,,280678,43,,,1,15,,280679,43,,,1,15,,280680,43,,,1,67,,280681,43,,,1,30,,280682,43,,,1,70,,280683,43,,,1,30,,280684,43,,,1,70,,280685,43,,,1,30,,280686,43,,,1,70,,280687,43,,,1,30,,280688,43,,,1,70,,280689,43,,,1,30,,280690,43,,,1,70,,280691,43,,,1,30,,280692,43,,,1,74,,280693,43,,,1,70,,280694,43,,,1,15,,280695,43,,,1,15,,280696,43,,,1,15,,280697,43,,,1,55,,280698,43,,,1,15,,280699,43,,,1,15,,280700,43,,,1,15,,280701,43,,,1,55,,280702,43,,,1,30,,280703,43,,,1,23,,280704,43,,,1,70,,280705,43,,,1,30,,280706,43,,,1,70,,280707,43,,,1,30,,280708,43,,,1,70,,280709,43,,,1,30,,280710,43,,,1,70,,280711,43,,,1,100,,280712,43,,,1,100,,280713,43,,,1
90700,'907-Saturday-1-26-09-0000010',723,,238032,43,,,1,100,,238033,43,,,1,30,,238038,43,,,1,74,,238039,43,,,1,30,,238040,43,,,1,70,,238041,43,,,1,30,,238042,43,,,1,70,,238043,43,,,1,30,,238044,43,,,1,72,,238045,43,,,1,30,,238046,43,,,1,70,,238047,43,,,1,30,,238048,43,,,1,70,,238049,43,,,1,30,,238050,43,,,1,70,,238051,43,,,1,30,,238052,43,,,1,70,,238053,43,,,1,30,,238054,43,,,1,70,,238055,43,,,1,30,,238056,43,,,1,70,,238057,43,,,1,30,,238058,43,,,1,68,,238034,43,,,1,100,,238035,43,,,1,100,,238036,43,,,1,100,,238037,43,,,1
90700,'907-Sunday-1-26-09-0000001',1030,,238059,43,,,1,70,,238060,43,,,1,30,,238061,43,,,1,70,,238062,43,,,1,30,,238063,43,,,1,70,,238064,43,,,1,30,,238065,43,,,1,70,,238066,43,,,1,30,,238067,43,,,1,70,,238068,43,,,1,30,,238069,43,,,1,70,,238070,43,,,1,30,,238071,43,,,1,70,,238072,43,,,1,29,,238073,43,,,1,30,,238074,43,,,1,70,,238075,43,,,1,30,,238076,43,,,1,70,,238077,43,,,1
