71600,'716-Weekday-1-26-09-1111100',543,,232353,21,,,1,70,,232354,21,,,1,33,,232355,21,,,1,61,,232356,21,,,1,20,,232357,21,,,1,20,,232358,21,,,1,60,,232386,21,,,1,20,,232359,21,,,1,24,,232389,21,,,1,64,,232390,21,,,1,25,,232360,21,,,1,70,,232361,21,,,1,30,,232362,21,,,1,70,,232363,21,,,1,30,,232364,21,,,1,70,,232365,21,,,1,30,,232366,21,,,1,70,,232367,21,,,1,30,,232368,21,,,1,70,,232369,21,,,1,30,,232370,21,,,1,72,,232371,21,,,1,33,,232372,21,,,1,70,,232373,21,,,1,30,,232374,21,,,1,70,,232387,21,,,1,28,,232388,21,,,1,68,,232375,21,,,1,27,,232376,21,,,1,67,,232377,21,,,1,30,,232378,21,,,1,70,,232379,21,,,1,30,,232380,21,,,1,70,,232381,21,,,1,30,,232382,21,,,1,99,,232383,21,,,1,100,,232384,21,,,1,100,,232385,21,,,1
71600,'716-Weekday-2-26-09-1111100',543,,232391,21,,,1,70,,232392,21,,,1,33,,232393,21,,,1,61,,232394,21,,,1,20,,232395,21,,,1,20,,232396,21,,,1,60,,232424,21,,,1,20,,232397,21,,,1,24,,232427,21,,,1,64,,232428,21,,,1,25,,232398,21,,,1,70,,232399,21,,,1,30,,232400,21,,,1,70,,232401,21,,,1,30,,232402,21,,,1,70,,232403,21,,,1,30,,232404,21,,,1,70,,232405,21,,,1,30,,232406,21,,,1,70,,232407,21,,,1,30,,232408,21,,,1,72,,232409,21,,,1,33,,232410,21,,,1,70,,232411,21,,,1,30,,232412,21,,,1,70,,232425,21,,,1,28,,232426,21,,,1,68,,232413,21,,,1,27,,232414,21,,,1,67,,232415,21,,,1,30,,232416,21,,,1,70,,232417,21,,,1,30,,232418,21,,,1,70,,232419,21,,,1,30,,232420,21,,,1,99,,232421,21,,,1,100,,232422,21,,,1,100,,232423,21,,,1
71600,'716-Weekday-3-26-09-1111100',543,,275060,21,,,1,70,,275061,21,,,1,33,,275062,21,,,1,61,,275063,21,,,1,20,,275064,21,,,1,20,,275065,21,,,1,60,,275093,21,,,1,20,,275066,21,,,1,24,,275096,21,,,1,64,,275097,21,,,1,25,,275067,21,,,1,70,,275068,21,,,1,30,,275069,21,,,1,70,,275070,21,,,1,30,,275071,21,,,1,70,,275072,21,,,1,30,,275073,21,,,1,70,,275074,21,,,1,30,,275075,21,,,1,70,,275076,21,,,1,30,,275077,21,,,1,72,,275078,21,,,1,33,,275079,21,,,1,70,,275080,21,,,1,30,,275081,21,,,1,70,,275094,21,,,1,28,,275095,21,,,1,68,,275082,21,,,1,27,,275083,21,,,1,67,,275084,21,,,1,30,,275085,21,,,1,70,,275086,21,,,1,30,,275087,21,,,1,70,,275088,21,,,1,30,,275089,21,,,1,99,,275090,21,,,1,100,,275091,21,,,1,100,,275092,21,,,1
71600,'716-Weekday-4-26-09-1111100',543,,232429,21,,,1,70,,232430,21,,,1,33,,232431,21,,,1,61,,232432,21,,,1,20,,232433,21,,,1,20,,232434,21,,,1,60,,232462,21,,,1,20,,232435,21,,,1,24,,232465,21,,,1,64,,232466,21,,,1,25,,232436,21,,,1,70,,232437,21,,,1,30,,232438,21,,,1,70,,232439,21,,,1,30,,232440,21,,,1,70,,232441,21,,,1,30,,232442,21,,,1,70,,232443,21,,,1,30,,232444,21,,,1,70,,232445,21,,,1,30,,232446,21,,,1,72,,232447,21,,,1,33,,232448,21,,,1,70,,232449,21,,,1,30,,232450,21,,,1,70,,232463,21,,,1,28,,232464,21,,,1,68,,232451,21,,,1,27,,232452,21,,,1,67,,232453,21,,,1,30,,232454,21,,,1,70,,232455,21,,,1,30,,232456,21,,,1,70,,232457,21,,,1,30,,232458,21,,,1,99,,232459,21,,,1,100,,232460,21,,,1,100,,232461,21,,,1
71600,'716-Weekday-5-26-09-1111100',543,,275098,21,,,1,70,,275099,21,,,1,33,,275100,21,,,1,61,,275101,21,,,1,20,,275102,21,,,1,20,,275103,21,,,1,60,,275131,21,,,1,20,,275104,21,,,1,24,,275134,21,,,1,64,,275135,21,,,1,25,,275105,21,,,1,70,,275106,21,,,1,30,,275107,21,,,1,70,,275108,21,,,1,30,,275109,21,,,1,70,,275110,21,,,1,30,,275111,21,,,1,70,,275112,21,,,1,30,,275113,21,,,1,70,,275114,21,,,1,30,,275115,21,,,1,72,,275116,21,,,1,33,,275117,21,,,1,70,,275118,21,,,1,30,,275119,21,,,1,70,,275132,21,,,1,28,,275133,21,,,1,68,,275120,21,,,1,27,,275121,21,,,1,67,,275122,21,,,1,30,,275123,21,,,1,70,,275124,21,,,1,30,,275125,21,,,1,70,,275126,21,,,1,30,,275127,21,,,1,99,,275128,21,,,1,100,,275129,21,,,1,100,,275130,21,,,1
71600,'716-Weekday-6-26-09-1111100',543,,275136,21,,,1,70,,275137,21,,,1,33,,275138,21,,,1,61,,275139,21,,,1,20,,275140,21,,,1,20,,275141,21,,,1,60,,275169,21,,,1,20,,275142,21,,,1,24,,275172,21,,,1,64,,275173,21,,,1,25,,275143,21,,,1,70,,275144,21,,,1,30,,275145,21,,,1,70,,275146,21,,,1,30,,275147,21,,,1,70,,275148,21,,,1,30,,275149,21,,,1,70,,275150,21,,,1,30,,275151,21,,,1,70,,275152,21,,,1,30,,275153,21,,,1,72,,275154,21,,,1,33,,275155,21,,,1,70,,275156,21,,,1,30,,275157,21,,,1,70,,275170,21,,,1,28,,275171,21,,,1,68,,275158,21,,,1,27,,275159,21,,,1,67,,275160,21,,,1,30,,275161,21,,,1,70,,275162,21,,,1,30,,275163,21,,,1,70,,275164,21,,,1,30,,275165,21,,,1,99,,275166,21,,,1,100,,275167,21,,,1,100,,275168,21,,,1
71600,'716-Weekday-7-26-09-1111100',543,,275174,21,,,1,70,,275175,21,,,1,33,,275176,21,,,1,61,,275177,21,,,1,20,,275178,21,,,1,20,,275179,21,,,1,60,,275207,21,,,1,20,,275180,21,,,1,24,,275210,21,,,1,64,,275211,21,,,1,25,,275181,21,,,1,70,,275182,21,,,1,30,,275183,21,,,1,70,,275184,21,,,1,30,,275185,21,,,1,70,,275186,21,,,1,30,,275187,21,,,1,70,,275188,21,,,1,30,,275189,21,,,1,70,,275190,21,,,1,30,,275191,21,,,1,72,,275192,21,,,1,33,,275193,21,,,1,70,,275194,21,,,1,30,,275195,21,,,1,70,,275208,21,,,1,28,,275209,21,,,1,68,,275196,21,,,1,27,,275197,21,,,1,67,,275198,21,,,1,30,,275199,21,,,1,70,,275200,21,,,1,30,,275201,21,,,1,70,,275202,21,,,1,30,,275203,21,,,1,99,,275204,21,,,1,100,,275205,21,,,1,100,,275206,21,,,1
71600,'716-Saturday-1-26-09-0000010',635,,232467,21,,,1,100,,232468,21,,,1,100,,232469,21,,,1,70,,232470,21,,,1,30,,232471,21,,,1,70,,232472,21,,,1,30,,232473,21,,,1,70,,232474,21,,,1,30,,232475,21,,,1,70,,232476,21,,,1,30,,232477,21,,,1,70,,232478,21,,,1,30,,232479,21,,,1,70,,232480,21,,,1,30,,232481,21,,,1,70,,232482,21,,,1,30,,232483,21,,,1,70,,232484,21,,,1,30,,232485,21,,,1,71,,232486,21,,,1,29,,232487,21,,,1,70,,232488,21,,,1,30,,232489,21,,,1,70,,232490,21,,,1,30,,232491,21,,,1,100,,232492,21,,,1,100,,232493,21,,,1,100,,232494,21,,,1,100,,232495,21,,,1,100,,232496,21,,,1
71600,'716-Sunday-1-26-09-0000001',630,,232497,21,,,1,100,,232498,21,,,1,100,,232499,21,,,1,100,,232500,21,,,1,100,,232501,21,,,1,70,,232502,21,,,1,30,,232503,21,,,1,70,,232504,21,,,1,30,,232505,21,,,1,70,,232506,21,,,1,30,,232507,21,,,1,70,,232508,21,,,1,30,,232509,21,,,1,70,,232510,21,,,1,30,,232511,21,,,1,70,,232512,21,,,1,30,,232513,21,,,1,73,,232514,21,,,1,29,,232515,21,,,1,70,,232516,21,,,1,30,,232517,21,,,1,70,,232518,21,,,1,30,,232519,21,,,1,100,,232520,21,,,1,100,,232521,21,,,1,100,,232522,21,,,1,100,,232523,21,,,1
71700,'717-Weekday-1-26-09-1111100',525,,232698,32,,,1,30,,232699,32,,,1,71,,232732,32,,,1,17,,232700,32,,,1,59,,232734,32,,,1,15,,232701,32,,,1,15,,232702,32,,,1,15,,232703,32,,,1,55,,232735,32,,,1,15,,232704,32,,,1,15,,232705,32,,,1,15,,232706,32,,,1,56,,232736,32,,,1,22,,232733,32,,,1,27,,232707,32,,,1,70,,232708,32,,,1,30,,232709,32,,,1,70,,232710,32,,,1,30,,232711,32,,,1,70,,232712,32,,,1,30,,232713,32,,,1,70,,232714,32,,,1,30,,232715,32,,,1,70,,232716,32,,,1,30,,232717,32,,,1,73,,232718,32,,,1,32,,232719,32,,,1,70,,232720,32,,,1,30,,232721,32,,,1,70,,232722,32,,,1,30,,232723,32,,,1,69,,232724,32,,,1,26,,232725,32,,,1,66,,232726,32,,,1,30,,232727,32,,,1,70,,232728,32,,,1,30,,232729,32,,,1,70,,232730,32,,,1,30,,232731,32,,,1
71700,'717-Weekday-2-26-09-1111100',525,,232740,32,,,1,30,,232741,32,,,1,71,,232774,32,,,1,17,,232742,32,,,1,59,,232776,32,,,1,15,,232743,32,,,1,15,,232744,32,,,1,15,,232745,32,,,1,55,,232777,32,,,1,15,,232746,32,,,1,15,,232747,32,,,1,15,,232748,32,,,1,56,,232778,32,,,1,22,,232775,32,,,1,27,,232749,32,,,1,70,,232750,32,,,1,30,,232751,32,,,1,70,,232752,32,,,1,30,,232753,32,,,1,70,,232754,32,,,1,30,,232755,32,,,1,70,,232756,32,,,1,30,,232757,32,,,1,70,,232758,32,,,1,30,,232759,32,,,1,73,,232760,32,,,1,32,,232761,32,,,1,70,,232762,32,,,1,30,,232763,32,,,1,70,,232764,32,,,1,30,,232765,32,,,1,69,,232766,32,,,1,26,,232767,32,,,1,66,,232768,32,,,1,30,,232769,32,,,1,70,,232770,32,,,1,30,,232771,32,,,1,70,,232772,32,,,1,30,,232773,32,,,1
71700,'717-Weekday-3-26-09-1111100',525,,275368,32,,,1,30,,275369,32,,,1,71,,275402,32,,,1,17,,275370,32,,,1,59,,275404,32,,,1,15,,275371,32,,,1,15,,275372,32,,,1,15,,275373,32,,,1,55,,275405,32,,,1,15,,275374,32,,,1,15,,275375,32,,,1,15,,275376,32,,,1,56,,275406,32,,,1,22,,275403,32,,,1,27,,275377,32,,,1,70,,275378,32,,,1,30,,275379,32,,,1,70,,275380,32,,,1,30,,275381,32,,,1,70,,275382,32,,,1,30,,275383,32,,,1,70,,275384,32,,,1,30,,275385,32,,,1,70,,275386,32,,,1,30,,275387,32,,,1,73,,275388,32,,,1,32,,275389,32,,,1,70,,275390,32,,,1,30,,275391,32,,,1,70,,275392,32,,,1,30,,275393,32,,,1,69,,275394,32,,,1,26,,275395,32,,,1,66,,275396,32,,,1,30,,275397,32,,,1,70,,275398,32,,,1,30,,275399,32,,,1,70,,275400,32,,,1,30,,275401,32,,,1
71700,'717-Weekday-4-26-09-1111100',525,,232782,32,,,1,30,,232783,32,,,1,71,,232816,32,,,1,17,,232784,32,,,1,59,,232818,32,,,1,15,,232785,32,,,1,15,,232786,32,,,1,15,,232787,32,,,1,55,,232819,32,,,1,15,,232788,32,,,1,15,,232789,32,,,1,15,,232790,32,,,1,56,,232820,32,,,1,22,,232817,32,,,1,27,,232791,32,,,1,70,,232792,32,,,1,30,,232793,32,,,1,70,,232794,32,,,1,30,,232795,32,,,1,70,,232796,32,,,1,30,,232797,32,,,1,70,,232798,32,,,1,30,,232799,32,,,1,70,,232800,32,,,1,30,,232801,32,,,1,73,,232802,32,,,1,32,,232803,32,,,1,70,,232804,32,,,1,30,,232805,32,,,1,70,,232806,32,,,1,30,,232807,32,,,1,69,,232808,32,,,1,26,,232809,32,,,1,66,,232810,32,,,1,30,,232811,32,,,1,70,,232812,32,,,1,30,,232813,32,,,1,70,,232814,32,,,1,30,,232815,32,,,1
71700,'717-Weekday-5-26-09-1111100',525,,275407,32,,,1,30,,275408,32,,,1,71,,275441,32,,,1,17,,275409,32,,,1,59,,275443,32,,,1,15,,275410,32,,,1,15,,275411,32,,,1,15,,275412,32,,,1,55,,275444,32,,,1,15,,275413,32,,,1,15,,275414,32,,,1,15,,275415,32,,,1,56,,275445,32,,,1,22,,275442,32,,,1,27,,275416,32,,,1,70,,275417,32,,,1,30,,275418,32,,,1,70,,275419,32,,,1,30,,275420,32,,,1,70,,275421,32,,,1,30,,275422,32,,,1,70,,275423,32,,,1,30,,275424,32,,,1,70,,275425,32,,,1,30,,275426,32,,,1,73,,275427,32,,,1,32,,275428,32,,,1,70,,275429,32,,,1,30,,275430,32,,,1,70,,275431,32,,,1,30,,275432,32,,,1,69,,275433,32,,,1,26,,275434,32,,,1,66,,275435,32,,,1,30,,275436,32,,,1,70,,275437,32,,,1,30,,275438,32,,,1,70,,275439,32,,,1,30,,275440,32,,,1
71700,'717-Weekday-6-26-09-1111100',525,,275446,32,,,1,30,,275447,32,,,1,71,,275480,32,,,1,17,,275448,32,,,1,59,,275482,32,,,1,15,,275449,32,,,1,15,,275450,32,,,1,15,,275451,32,,,1,55,,275483,32,,,1,15,,275452,32,,,1,15,,275453,32,,,1,15,,275454,32,,,1,56,,275484,32,,,1,22,,275481,32,,,1,27,,275455,32,,,1,70,,275456,32,,,1,30,,275457,32,,,1,70,,275458,32,,,1,30,,275459,32,,,1,70,,275460,32,,,1,30,,275461,32,,,1,70,,275462,32,,,1,30,,275463,32,,,1,70,,275464,32,,,1,30,,275465,32,,,1,73,,275466,32,,,1,32,,275467,32,,,1,70,,275468,32,,,1,30,,275469,32,,,1,70,,275470,32,,,1,30,,275471,32,,,1,69,,275472,32,,,1,26,,275473,32,,,1,66,,275474,32,,,1,30,,275475,32,,,1,70,,275476,32,,,1,30,,275477,32,,,1,70,,275478,32,,,1,30,,275479,32,,,1
71700,'717-Weekday-7-26-09-1111100',525,,275488,32,,,1,30,,275489,32,,,1,71,,275522,32,,,1,17,,275490,32,,,1,59,,275524,32,,,1,15,,275491,32,,,1,15,,275492,32,,,1,15,,275493,32,,,1,55,,275525,32,,,1,15,,275494,32,,,1,15,,275495,32,,,1,15,,275496,32,,,1,56,,275526,32,,,1,22,,275523,32,,,1,27,,275497,32,,,1,70,,275498,32,,,1,30,,275499,32,,,1,70,,275500,32,,,1,30,,275501,32,,,1,70,,275502,32,,,1,30,,275503,32,,,1,70,,275504,32,,,1,30,,275505,32,,,1,70,,275506,32,,,1,30,,275507,32,,,1,73,,275508,32,,,1,32,,275509,32,,,1,70,,275510,32,,,1,30,,275511,32,,,1,70,,275512,32,,,1,30,,275513,32,,,1,69,,275514,32,,,1,26,,275515,32,,,1,66,,275516,32,,,1,30,,275517,32,,,1,70,,275518,32,,,1,30,,275519,32,,,1,70,,275520,32,,,1,30,,275521,32,,,1
71700,'717-Saturday-1-26-09-0000010',852,,232821,32,,,1,69,,232822,32,,,1,30,,232823,32,,,1,70,,232824,32,,,1,30,,232825,32,,,1,70,,232826,32,,,1,30,,232827,32,,,1,70,,232828,32,,,1,30,,232829,32,,,1,70,,232830,32,,,1,30,,232831,32,,,1,70,,232832,32,,,1,30,,232833,32,,,1,70,,232834,32,,,1,30,,232835,32,,,1,70,,232836,32,,,1,30,,232837,32,,,1,72,,232838,32,,,1,30,,232839,32,,,1,70,,232840,32,,,1,30,,232841,32,,,1,70,,232842,32,,,1
71700,'717-Sunday-1-26-09-0000001',1052,,232843,32,,,1,70,,232844,32,,,1,30,,232845,32,,,1,70,,232846,32,,,1,30,,232847,32,,,1,70,,232848,32,,,1,30,,232849,32,,,1,70,,232850,32,,,1,30,,232851,32,,,1,70,,232852,32,,,1,30,,232854,32,,,1,70,,232855,32,,,1,30,,232856,32,,,1,72,,232853,32,,,1,31,,232857,32,,,1,70,,232858,32,,,1,30,,232859,32,,,1,70,,232860,32,,,1
