11200,'112-Weekday-1-26-09-0001000',1232,,217271,27,,,1
11200,'112-Weekday-1-26-09-1110100',1540,,217272,27,,,1
11200,'112-Weekday-1-26-09-1111100',533,,217273,27,,,1,70,,217274,27,,,1,31,,217275,27,,,1,71,,217302,27,,,1,20,,217301,27,,,1,20,,217304,27,,,1,60,,217276,27,,,1,20,,217305,27,,,1,20,,217303,27,,,1,60,,217277,27,,,1,30,,217278,27,,,1,70,,217279,27,,,1,30,,217280,27,,,1,70,,217281,27,,,1,30,,217282,27,,,1,70,,217283,27,,,1,30,,217300,27,,,1,70,,217284,27,,,1,30,,217285,27,,,1,70,,217299,27,,,1,30,,217286,27,,,1,70,,217287,27,,,1,31,,217308,27,,,1,20,,217288,27,,,1,60,,217289,27,,,1,20,,217290,27,,,1,20,,217291,27,,,1,60,,217309,27,,,1,20,,217306,27,,,1,70,,217307,27,,,1,30,,217292,27,,,1,69,,217293,27,,,1,30,,217294,27,,,1,70,,217295,27,,,1,30,,217296,27,,,1,70,,217297,27,,,1,30,,217298,27,,,1
11200,'112-Weekday-2-26-09-1111100',533,,217310,27,,,1,70,,217311,27,,,1,31,,217312,27,,,1,71,,217339,27,,,1,20,,217338,27,,,1,20,,217341,27,,,1,60,,217313,27,,,1,20,,217342,27,,,1,20,,217340,27,,,1,60,,217314,27,,,1,30,,217315,27,,,1,70,,217316,27,,,1,30,,217317,27,,,1,70,,217318,27,,,1,30,,217319,27,,,1,70,,217320,27,,,1,30,,217337,27,,,1,70,,217321,27,,,1,30,,217322,27,,,1,70,,217336,27,,,1,30,,217323,27,,,1,70,,217324,27,,,1,31,,217345,27,,,1,20,,217325,27,,,1,60,,217326,27,,,1,20,,217327,27,,,1,20,,217328,27,,,1,60,,217346,27,,,1,20,,217343,27,,,1,70,,217344,27,,,1,30,,217329,27,,,1,69,,217330,27,,,1,30,,217331,27,,,1,70,,217332,27,,,1,30,,217333,27,,,1,70,,217334,27,,,1,30,,217335,27,,,1
11200,'112-Weekday-3-26-09-1110100',1540,,260802,27,,,1
11200,'112-Weekday-3-26-09-1111100',533,,260803,27,,,1,70,,260804,27,,,1,31,,260805,27,,,1,71,,260832,27,,,1,20,,260831,27,,,1,20,,260834,27,,,1,60,,260806,27,,,1,20,,260835,27,,,1,20,,260833,27,,,1,60,,260807,27,,,1,30,,260808,27,,,1,70,,260809,27,,,1,30,,260810,27,,,1,70,,260811,27,,,1,30,,260812,27,,,1,70,,260813,27,,,1,30,,260830,27,,,1,70,,260814,27,,,1,30,,260815,27,,,1,70,,260829,27,,,1,30,,260816,27,,,1,70,,260817,27,,,1,31,,260838,27,,,1,20,,260818,27,,,1,60,,260819,27,,,1,20,,260820,27,,,1,20,,260821,27,,,1,60,,260839,27,,,1,20,,260836,27,,,1,70,,260837,27,,,1,30,,260822,27,,,1,69,,260823,27,,,1,30,,260824,27,,,1,70,,260825,27,,,1,30,,260826,27,,,1,70,,260827,27,,,1,30,,260828,27,,,1
11200,'112-Weekday-4-26-09-1111100',533,,217347,27,,,1,70,,217348,27,,,1,31,,217349,27,,,1,71,,217376,27,,,1,20,,217375,27,,,1,20,,217378,27,,,1,60,,217350,27,,,1,20,,217379,27,,,1,20,,217377,27,,,1,60,,217351,27,,,1,30,,217352,27,,,1,70,,217353,27,,,1,30,,217354,27,,,1,70,,217355,27,,,1,30,,217356,27,,,1,70,,217357,27,,,1,30,,217374,27,,,1,70,,217358,27,,,1,30,,217359,27,,,1,70,,217373,27,,,1,30,,217360,27,,,1,70,,217361,27,,,1,31,,217382,27,,,1,20,,217362,27,,,1,60,,217363,27,,,1,20,,217364,27,,,1,20,,217365,27,,,1,60,,217383,27,,,1,20,,217380,27,,,1,70,,217381,27,,,1,30,,217366,27,,,1,69,,217367,27,,,1,30,,217368,27,,,1,70,,217369,27,,,1,30,,217370,27,,,1,70,,217371,27,,,1,30,,217372,27,,,1
11200,'112-Weekday-5-26-09-1111100',533,,260840,27,,,1,70,,260841,27,,,1,31,,260842,27,,,1,71,,260869,27,,,1,20,,260868,27,,,1,20,,260871,27,,,1,60,,260843,27,,,1,20,,260872,27,,,1,20,,260870,27,,,1,60,,260844,27,,,1,30,,260845,27,,,1,70,,260846,27,,,1,30,,260847,27,,,1,70,,260848,27,,,1,30,,260849,27,,,1,70,,260850,27,,,1,30,,260867,27,,,1,70,,260851,27,,,1,30,,260852,27,,,1,70,,260866,27,,,1,30,,260853,27,,,1,70,,260854,27,,,1,31,,260875,27,,,1,20,,260855,27,,,1,60,,260856,27,,,1,20,,260857,27,,,1,20,,260858,27,,,1,60,,260876,27,,,1,20,,260873,27,,,1,70,,260874,27,,,1,30,,260859,27,,,1,69,,260860,27,,,1,30,,260861,27,,,1,70,,260862,27,,,1,30,,260863,27,,,1,70,,260864,27,,,1,30,,260865,27,,,1
11200,'112-Weekday-6-26-09-1110100',1540,,260877,27,,,1
11200,'112-Weekday-6-26-09-1111100',533,,260878,27,,,1,70,,260879,27,,,1,31,,260880,27,,,1,71,,260907,27,,,1,20,,260906,27,,,1,20,,260909,27,,,1,60,,260881,27,,,1,20,,260910,27,,,1,20,,260908,27,,,1,60,,260882,27,,,1,30,,260883,27,,,1,70,,260884,27,,,1,30,,260885,27,,,1,70,,260886,27,,,1,30,,260887,27,,,1,70,,260888,27,,,1,30,,260905,27,,,1,70,,260889,27,,,1,30,,260890,27,,,1,70,,260904,27,,,1,30,,260891,27,,,1,70,,260892,27,,,1,31,,260913,27,,,1,20,,260893,27,,,1,60,,260894,27,,,1,20,,260895,27,,,1,20,,260896,27,,,1,60,,260914,27,,,1,20,,260911,27,,,1,70,,260912,27,,,1,30,,260897,27,,,1,69,,260898,27,,,1,30,,260899,27,,,1,70,,260900,27,,,1,30,,260901,27,,,1,70,,260902,27,,,1,30,,260903,27,,,1
11200,'112-Weekday-7-26-09-1111100',533,,260915,27,,,1,70,,260916,27,,,1,31,,260917,27,,,1,71,,260944,27,,,1,20,,260943,27,,,1,20,,260946,27,,,1,60,,260918,27,,,1,20,,260947,27,,,1,20,,260945,27,,,1,60,,260919,27,,,1,30,,260920,27,,,1,70,,260921,27,,,1,30,,260922,27,,,1,70,,260923,27,,,1,30,,260924,27,,,1,70,,260925,27,,,1,30,,260942,27,,,1,70,,260926,27,,,1,30,,260927,27,,,1,70,,260941,27,,,1,30,,260928,27,,,1,70,,260929,27,,,1,31,,260950,27,,,1,20,,260930,27,,,1,60,,260931,27,,,1,20,,260932,27,,,1,20,,260933,27,,,1,60,,260951,27,,,1,20,,260948,27,,,1,70,,260949,27,,,1,30,,260934,27,,,1,69,,260935,27,,,1,30,,260936,27,,,1,70,,260937,27,,,1,30,,260938,27,,,1,70,,260939,27,,,1,30,,260940,27,,,1
11200,'112-Saturday-1-26-09-0000010',806,,217384,27,,,1,30,,217385,27,,,1,70,,217386,27,,,1,30,,217387,27,,,1,70,,217388,27,,,1,30,,217389,27,,,1,70,,217390,27,,,1,30,,217391,27,,,1,70,,217392,27,,,1,30,,217393,27,,,1,70,,217394,27,,,1,30,,217395,27,,,1,70,,217396,27,,,1,30,,217397,27,,,1,70,,217398,27,,,1,30,,217399,27,,,1,70,,217400,27,,,1,30,,217401,27,,,1,70,,217402,27,,,1,30,,217403,27,,,1,70,,217404,27,,,1,30,,217405,27,,,1,70,,217406,27,,,1
11200,'112-Sunday-1-26-09-0000001',1020,,217407,27,,,1,30,,217408,27,,,1,70,,217409,27,,,1,30,,217410,27,,,1,70,,217411,27,,,1,30,,217412,27,,,1,70,,217413,27,,,1,30,,217414,27,,,1,70,,217415,27,,,1,30,,217416,27,,,1,70,,217417,27,,,1,30,,217418,27,,,1,70,,217419,27,,,1,30,,217420,27,,,1,68,,217421,27,,,1,30,,217422,27,,,1,70,,217423,27,,,1,30,,217424,27,,,1
