65200,'652-Weekday-1-26-09-1111100',803,,227654,4,,,1,15,,227655,4,,,1,1,,227656,4,,,1
65200,'652-Weekday-3-26-09-1111100',803,,227657,4,,,1,15,,227658,4,,,1,1,,227659,4,,,1
70100,'701-Weekday-1-26-09-1111100',539,,227909,6,,,1,69,,227910,6,,,1,32,,227911,6,,,1,15,,227912,6,,,1,55,,227913,6,,,1,15,,227914,6,,,1,15,,227915,6,,,1,15,,227916,6,,,1,55,,227917,6,,,1,15,,227918,6,,,1,15,,227919,6,,,1,71,,227921,6,,,1,30,,227923,6,,,1,70,,227925,6,,,1,30,,227927,6,,,1,70,,227929,6,,,1,30,,227931,6,,,1,70,,227933,6,,,1,30,,227935,6,,,1,70,,227937,6,,,1,30,,227939,6,,,1,70,,227941,6,,,1,14,,227942,6,,,1,15,,227943,6,,,1,16,,227944,6,,,1,55,,227945,6,,,1,16,,227946,6,,,1,15,,227947,6,,,1,15,,227948,6,,,1,54,,227949,6,,,1,16,,227950,6,,,1,15,,227951,6,,,1,15,,227952,6,,,1,70,,227953,6,,,1,29,,227954,6,,,1,69,,227955,6,,,1,31,,227956,6,,,1,70,,227957,6,,,1,30,,227958,6,,,1,70,,227959,6,,,1,30,,227960,6,,,1,70,,227961,6,,,1,29,,227962,6,,,1,100,,227963,6,,,1
70100,'701-Weekday-10-26-09-1111100',539,,246972,6,,,1,69,,246973,6,,,1,32,,246974,6,,,1,15,,246975,6,,,1,55,,246976,6,,,1,15,,246977,6,,,1,15,,246978,6,,,1,15,,246979,6,,,1,55,,246980,6,,,1,15,,246981,6,,,1,15,,246982,6,,,1,71,,246984,6,,,1,30,,246986,6,,,1,70,,246988,6,,,1,30,,246990,6,,,1,70,,246992,6,,,1,30,,246994,6,,,1,70,,246996,6,,,1,30,,246998,6,,,1,70,,247000,6,,,1,30,,247002,6,,,1,70,,247004,6,,,1,14,,247005,6,,,1,15,,247006,6,,,1,16,,247007,6,,,1,55,,247008,6,,,1,16,,247009,6,,,1,15,,247010,6,,,1,15,,247011,6,,,1,54,,247012,6,,,1,16,,247013,6,,,1,15,,247014,6,,,1,15,,247015,6,,,1,70,,247016,6,,,1,29,,247017,6,,,1,69,,247018,6,,,1,31,,247019,6,,,1,70,,247020,6,,,1,30,,247021,6,,,1,70,,247022,6,,,1,30,,247023,6,,,1,70,,247024,6,,,1,29,,247025,6,,,1,100,,247026,6,,,1
70100,'701-Weekday-3-26-09-1111100',539,,227965,6,,,1,69,,227966,6,,,1,32,,227967,6,,,1,15,,227968,6,,,1,55,,227969,6,,,1,15,,227970,6,,,1,15,,227971,6,,,1,15,,227972,6,,,1,55,,227973,6,,,1,15,,227974,6,,,1,15,,227975,6,,,1,71,,227977,6,,,1,30,,227979,6,,,1,70,,227981,6,,,1,30,,227983,6,,,1,70,,227985,6,,,1,30,,227987,6,,,1,70,,227989,6,,,1,30,,227991,6,,,1,70,,227993,6,,,1,30,,227995,6,,,1,70,,227997,6,,,1,14,,227998,6,,,1,15,,227999,6,,,1,16,,228000,6,,,1,55,,228001,6,,,1,16,,228002,6,,,1,15,,228003,6,,,1,15,,228004,6,,,1,54,,228005,6,,,1,16,,228006,6,,,1,15,,228007,6,,,1,15,,228008,6,,,1,70,,228009,6,,,1,29,,228010,6,,,1,69,,228011,6,,,1,31,,228012,6,,,1,70,,228013,6,,,1,30,,228014,6,,,1,70,,228015,6,,,1,30,,228016,6,,,1,70,,228017,6,,,1,29,,228018,6,,,1,100,,228019,6,,,1
70100,'701-Weekday-5-26-09-1111100',539,,228021,6,,,1,69,,228022,6,,,1,32,,228023,6,,,1,15,,228024,6,,,1,55,,228025,6,,,1,15,,228026,6,,,1,15,,228027,6,,,1,15,,228028,6,,,1,55,,228029,6,,,1,15,,228030,6,,,1,15,,228031,6,,,1,71,,228033,6,,,1,30,,228035,6,,,1,70,,228037,6,,,1,30,,228039,6,,,1,70,,228041,6,,,1,30,,228043,6,,,1,70,,228045,6,,,1,30,,228047,6,,,1,70,,228049,6,,,1,30,,228051,6,,,1,70,,228053,6,,,1,14,,228054,6,,,1,15,,228055,6,,,1,16,,228056,6,,,1,55,,228057,6,,,1,16,,228058,6,,,1,15,,228059,6,,,1,15,,228060,6,,,1,54,,228061,6,,,1,16,,228062,6,,,1,15,,228063,6,,,1,15,,228064,6,,,1,70,,228065,6,,,1,29,,228066,6,,,1,69,,228067,6,,,1,31,,228068,6,,,1,70,,228069,6,,,1,30,,228070,6,,,1,70,,228071,6,,,1,30,,228072,6,,,1,70,,228073,6,,,1,29,,228074,6,,,1,100,,228075,6,,,1
70100,'701-Weekday-9-26-09-1111100',539,,247028,6,,,1,69,,247029,6,,,1,32,,247030,6,,,1,15,,247031,6,,,1,55,,247032,6,,,1,15,,247033,6,,,1,15,,247034,6,,,1,15,,247035,6,,,1,55,,247036,6,,,1,15,,247037,6,,,1,15,,247038,6,,,1,71,,247040,6,,,1,30,,247042,6,,,1,70,,247044,6,,,1,30,,247046,6,,,1,70,,247048,6,,,1,30,,247050,6,,,1,70,,247052,6,,,1,30,,247054,6,,,1,70,,247056,6,,,1,30,,247058,6,,,1,70,,247060,6,,,1,14,,247061,6,,,1,15,,247062,6,,,1,16,,247063,6,,,1,55,,247064,6,,,1,16,,247065,6,,,1,15,,247066,6,,,1,15,,247067,6,,,1,54,,247068,6,,,1,16,,247069,6,,,1,15,,247070,6,,,1,15,,247071,6,,,1,70,,247072,6,,,1,29,,247073,6,,,1,69,,247074,6,,,1,31,,247075,6,,,1,70,,247076,6,,,1,30,,247077,6,,,1,70,,247078,6,,,1,30,,247079,6,,,1,70,,247080,6,,,1,29,,247081,6,,,1,100,,247082,6,,,1
70100,'701-Saturday-1-26-09-0000010',724,,228077,6,,,1,97,,228078,6,,,1,25,,228079,6,,,1,69,,228080,6,,,1,30,,228081,6,,,1,70,,228082,6,,,1,30,,228083,6,,,1,70,,228084,6,,,1,30,,228085,6,,,1,70,,228086,6,,,1,30,,228087,6,,,1,70,,228088,6,,,1,30,,228089,6,,,1,70,,228090,6,,,1,30,,228091,6,,,1,70,,228092,6,,,1,30,,228093,6,,,1,70,,228094,6,,,1,32,,228095,6,,,1,71,,228096,6,,,1,30,,228097,6,,,1,70,,228098,6,,,1,30,,228099,6,,,1,73,,228100,6,,,1,100,,228101,6,,,1,100,,228102,6,,,1,100,,228103,6,,,1,100,,228105,6,,,1
70100,'701-Saturday-3-26-09-0000010',724,,247084,6,,,1,97,,247085,6,,,1,25,,247086,6,,,1,69,,247087,6,,,1,30,,247088,6,,,1,70,,247089,6,,,1,30,,247090,6,,,1,70,,247091,6,,,1,30,,247092,6,,,1,70,,247093,6,,,1,30,,247094,6,,,1,70,,247095,6,,,1,30,,247096,6,,,1,70,,247097,6,,,1,30,,247098,6,,,1,70,,247099,6,,,1,30,,247100,6,,,1,70,,247101,6,,,1,32,,247102,6,,,1,71,,247103,6,,,1,30,,247104,6,,,1,70,,247105,6,,,1,30,,247106,6,,,1,73,,247107,6,,,1,100,,247108,6,,,1,100,,247109,6,,,1,100,,247110,6,,,1,100,,247112,6,,,1
70100,'701-Sunday-1-26-09-0000001',810,,228108,6,,,1,99,,228109,6,,,1,100,,228110,6,,,1,30,,228111,6,,,1,70,,228112,6,,,1,30,,228113,6,,,1,70,,228114,6,,,1,30,,228115,6,,,1,70,,228116,6,,,1,30,,228117,6,,,1,70,,228118,6,,,1,30,,228119,6,,,1,70,,228120,6,,,1,30,,228121,6,,,1,70,,228122,6,,,1,27,,228123,6,,,1,75,,228124,6,,,1,30,,228125,6,,,1,70,,228126,6,,,1,30,,228127,6,,,1,70,,228128,6,,,1,100,,228129,6,,,1,100,,228130,6,,,1,100,,228131,6,,,1
70100,'701-Sunday-3-26-09-0000001',810,,247115,6,,,1,99,,247116,6,,,1,100,,247117,6,,,1,30,,247118,6,,,1,70,,247119,6,,,1,30,,247120,6,,,1,70,,247121,6,,,1,30,,247122,6,,,1,70,,247123,6,,,1,30,,247124,6,,,1,70,,247125,6,,,1,30,,247126,6,,,1,70,,247127,6,,,1,30,,247128,6,,,1,70,,247129,6,,,1,27,,247130,6,,,1,75,,247131,6,,,1,30,,247132,6,,,1,70,,247133,6,,,1,30,,247134,6,,,1,70,,247135,6,,,1,100,,247136,6,,,1,100,,247137,6,,,1,100,,247138,6,,,1
70100,'701-Sunday-4-26-09-0000001',810,,247145,6,,,1,99,,247146,6,,,1,100,,247147,6,,,1,30,,247148,6,,,1,70,,247149,6,,,1,30,,247150,6,,,1,70,,247151,6,,,1,30,,247152,6,,,1,70,,247153,6,,,1,30,,247154,6,,,1,70,,247155,6,,,1,30,,247156,6,,,1,70,,247157,6,,,1,30,,247158,6,,,1,70,,247159,6,,,1,27,,247160,6,,,1,75,,247161,6,,,1,30,,247162,6,,,1,70,,247163,6,,,1,30,,247164,6,,,1,70,,247165,6,,,1,100,,247166,6,,,1,100,,247167,6,,,1,100,,247168,6,,,1
