301,'003-Weekday-1-26-09-1111100',514,,204798,19,,,1,20,,204870,19,,,1,20,,204871,19,,,1,60,,204867,19,,,1,16,,204829,19,,,1,19,,204830,19,,,1,55,,204831,19,,,1,12,,204872,19,,,1,12,,204873,19,,,1,14,,204874,19,,,1,12,,204864,19,,,1,52,,204863,19,,,1,12,,204862,19,,,1,12,,204861,19,,,1,12,,204860,19,,,1,12,,204859,19,,,1,52,,204858,19,,,1,12,,204799,19,,,1,11,,204800,19,,,1,15,,204801,19,,,1,15,,204802,19,,,1,55,,204803,19,,,1,15,,204804,19,,,1,15,,204805,19,,,1,15,,204806,19,,,1,55,,204807,19,,,1,15,,204808,19,,,1,15,,204809,19,,,1,15,,204810,19,,,1,55,,204811,19,,,1,15,,204812,19,,,1,15,,204813,19,,,1,15,,204814,19,,,1,55,,204815,19,,,1,15,,204816,19,,,1,15,,204817,19,,,1,15,,204818,19,,,1,55,,204819,19,,,1,15,,204820,19,,,1,15,,204821,19,,,1,15,,204822,19,,,1,56,,204823,19,,,1,15,,204866,19,,,1,14,,204865,19,,,1,14,,204824,19,,,1,52,,204825,19,,,1,12,,204826,19,,,1,12,,204827,19,,,1,12,,204828,19,,,1,55,,204869,19,,,1,15,,204868,19,,,1,15,,204851,19,,,1,15,,204852,19,,,1,55,,204853,19,,,1,15,,204854,19,,,1,14,,204855,19,,,1,13,,204856,19,,,1,12,,204857,19,,,1,53,,204837,19,,,1,15,,204838,19,,,1,15,,204839,19,,,1,15,,204840,19,,,1,55,,204841,19,,,1,15,,204842,19,,,1,15,,204843,19,,,1,15,,204844,19,,,1,55,,204845,19,,,1,15,,204833,19,,,1,15,,204834,19,,,1,15,,204835,19,,,1,53,,204836,19,,,1,14,,204832,19,,,1,15,,204850,19,,,1,18,,204846,19,,,1,60,,204847,19,,,1,20,,204848,19,,,1,20,,204849,19,,,1
301,'003-Weekday-2-26-09-1111100',514,,204875,19,,,1,20,,204947,19,,,1,20,,204948,19,,,1,60,,204944,19,,,1,16,,204906,19,,,1,19,,204907,19,,,1,55,,204908,19,,,1,12,,204949,19,,,1,12,,204950,19,,,1,14,,204951,19,,,1,12,,204941,19,,,1,52,,204940,19,,,1,12,,204939,19,,,1,12,,204938,19,,,1,12,,204937,19,,,1,12,,204936,19,,,1,52,,204935,19,,,1,12,,204876,19,,,1,11,,204877,19,,,1,15,,204878,19,,,1,15,,204879,19,,,1,55,,204880,19,,,1,15,,204881,19,,,1,15,,204882,19,,,1,15,,204883,19,,,1,55,,204884,19,,,1,15,,204885,19,,,1,15,,204886,19,,,1,15,,204887,19,,,1,55,,204888,19,,,1,15,,204889,19,,,1,15,,204890,19,,,1,15,,204891,19,,,1,55,,204892,19,,,1,15,,204893,19,,,1,15,,204894,19,,,1,15,,204895,19,,,1,55,,204896,19,,,1,15,,204897,19,,,1,15,,204898,19,,,1,15,,204899,19,,,1,56,,204900,19,,,1,15,,204943,19,,,1,14,,204942,19,,,1,14,,204901,19,,,1,52,,204902,19,,,1,12,,204903,19,,,1,12,,204904,19,,,1,12,,204905,19,,,1,55,,204946,19,,,1,15,,204945,19,,,1,15,,204928,19,,,1,15,,204929,19,,,1,55,,204930,19,,,1,15,,204931,19,,,1,14,,204932,19,,,1,13,,204933,19,,,1,12,,204934,19,,,1,53,,204914,19,,,1,15,,204915,19,,,1,15,,204916,19,,,1,15,,204917,19,,,1,55,,204918,19,,,1,15,,204919,19,,,1,15,,204920,19,,,1,15,,204921,19,,,1,55,,204922,19,,,1,15,,204910,19,,,1,15,,204911,19,,,1,15,,204912,19,,,1,53,,204913,19,,,1,14,,204909,19,,,1,15,,204927,19,,,1,18,,204923,19,,,1,60,,204924,19,,,1,20,,204925,19,,,1,20,,204926,19,,,1
301,'003-Weekday-3-26-09-1111100',514,,248687,19,,,1,20,,248759,19,,,1,20,,248760,19,,,1,60,,248756,19,,,1,16,,248718,19,,,1,19,,248719,19,,,1,55,,248720,19,,,1,12,,248761,19,,,1,12,,248762,19,,,1,14,,248763,19,,,1,12,,248753,19,,,1,52,,248752,19,,,1,12,,248751,19,,,1,12,,248750,19,,,1,12,,248749,19,,,1,12,,248748,19,,,1,52,,248747,19,,,1,12,,248688,19,,,1,11,,248689,19,,,1,15,,248690,19,,,1,15,,248691,19,,,1,55,,248692,19,,,1,15,,248693,19,,,1,15,,248694,19,,,1,15,,248695,19,,,1,55,,248696,19,,,1,15,,248697,19,,,1,15,,248698,19,,,1,15,,248699,19,,,1,55,,248700,19,,,1,15,,248701,19,,,1,15,,248702,19,,,1,15,,248703,19,,,1,55,,248704,19,,,1,15,,248705,19,,,1,15,,248706,19,,,1,15,,248707,19,,,1,55,,248708,19,,,1,15,,248709,19,,,1,15,,248710,19,,,1,15,,248711,19,,,1,56,,248712,19,,,1,15,,248755,19,,,1,14,,248754,19,,,1,14,,248713,19,,,1,52,,248714,19,,,1,12,,248715,19,,,1,12,,248716,19,,,1,12,,248717,19,,,1,55,,248758,19,,,1,15,,248757,19,,,1,15,,248740,19,,,1,15,,248741,19,,,1,55,,248742,19,,,1,15,,248743,19,,,1,14,,248744,19,,,1,13,,248745,19,,,1,12,,248746,19,,,1,53,,248726,19,,,1,15,,248727,19,,,1,15,,248728,19,,,1,15,,248729,19,,,1,55,,248730,19,,,1,15,,248731,19,,,1,15,,248732,19,,,1,15,,248733,19,,,1,55,,248734,19,,,1,15,,248722,19,,,1,15,,248723,19,,,1,15,,248724,19,,,1,53,,248725,19,,,1,14,,248721,19,,,1,15,,248739,19,,,1,18,,248735,19,,,1,60,,248736,19,,,1,20,,248737,19,,,1,20,,248738,19,,,1
301,'003-Weekday-4-26-09-1111100',514,,204952,19,,,1,20,,205024,19,,,1,20,,205025,19,,,1,60,,205021,19,,,1,16,,204983,19,,,1,19,,204984,19,,,1,55,,204985,19,,,1,12,,205026,19,,,1,12,,205027,19,,,1,14,,205028,19,,,1,12,,205018,19,,,1,52,,205017,19,,,1,12,,205016,19,,,1,12,,205015,19,,,1,12,,205014,19,,,1,12,,205013,19,,,1,52,,205012,19,,,1,12,,204953,19,,,1,11,,204954,19,,,1,15,,204955,19,,,1,15,,204956,19,,,1,55,,204957,19,,,1,15,,204958,19,,,1,15,,204959,19,,,1,15,,204960,19,,,1,55,,204961,19,,,1,15,,204962,19,,,1,15,,204963,19,,,1,15,,204964,19,,,1,55,,204965,19,,,1,15,,204966,19,,,1,15,,204967,19,,,1,15,,204968,19,,,1,55,,204969,19,,,1,15,,204970,19,,,1,15,,204971,19,,,1,15,,204972,19,,,1,55,,204973,19,,,1,15,,204974,19,,,1,15,,204975,19,,,1,15,,204976,19,,,1,56,,204977,19,,,1,15,,205020,19,,,1,14,,205019,19,,,1,14,,204978,19,,,1,52,,204979,19,,,1,12,,204980,19,,,1,12,,204981,19,,,1,12,,204982,19,,,1,55,,205023,19,,,1,15,,205022,19,,,1,15,,205005,19,,,1,15,,205006,19,,,1,55,,205007,19,,,1,15,,205008,19,,,1,14,,205009,19,,,1,13,,205010,19,,,1,12,,205011,19,,,1,53,,204991,19,,,1,15,,204992,19,,,1,15,,204993,19,,,1,15,,204994,19,,,1,55,,204995,19,,,1,15,,204996,19,,,1,15,,204997,19,,,1,15,,204998,19,,,1,55,,204999,19,,,1,15,,204987,19,,,1,15,,204988,19,,,1,15,,204989,19,,,1,53,,204990,19,,,1,14,,204986,19,,,1,15,,205004,19,,,1,18,,205000,19,,,1,60,,205001,19,,,1,20,,205002,19,,,1,20,,205003,19,,,1
301,'003-Weekday-5-26-09-1111100',514,,248764,19,,,1,20,,248836,19,,,1,20,,248837,19,,,1,60,,248833,19,,,1,16,,248795,19,,,1,19,,248796,19,,,1,55,,248797,19,,,1,12,,248838,19,,,1,12,,248839,19,,,1,14,,248840,19,,,1,12,,248830,19,,,1,52,,248829,19,,,1,12,,248828,19,,,1,12,,248827,19,,,1,12,,248826,19,,,1,12,,248825,19,,,1,52,,248824,19,,,1,12,,248765,19,,,1,11,,248766,19,,,1,15,,248767,19,,,1,15,,248768,19,,,1,55,,248769,19,,,1,15,,248770,19,,,1,15,,248771,19,,,1,15,,248772,19,,,1,55,,248773,19,,,1,15,,248774,19,,,1,15,,248775,19,,,1,15,,248776,19,,,1,55,,248777,19,,,1,15,,248778,19,,,1,15,,248779,19,,,1,15,,248780,19,,,1,55,,248781,19,,,1,15,,248782,19,,,1,15,,248783,19,,,1,15,,248784,19,,,1,55,,248785,19,,,1,15,,248786,19,,,1,15,,248787,19,,,1,15,,248788,19,,,1,56,,248789,19,,,1,15,,248832,19,,,1,14,,248831,19,,,1,14,,248790,19,,,1,52,,248791,19,,,1,12,,248792,19,,,1,12,,248793,19,,,1,12,,248794,19,,,1,55,,248835,19,,,1,15,,248834,19,,,1,15,,248817,19,,,1,15,,248818,19,,,1,55,,248819,19,,,1,15,,248820,19,,,1,14,,248821,19,,,1,13,,248822,19,,,1,12,,248823,19,,,1,53,,248803,19,,,1,15,,248804,19,,,1,15,,248805,19,,,1,15,,248806,19,,,1,55,,248807,19,,,1,15,,248808,19,,,1,15,,248809,19,,,1,15,,248810,19,,,1,55,,248811,19,,,1,15,,248799,19,,,1,15,,248800,19,,,1,15,,248801,19,,,1,53,,248802,19,,,1,14,,248798,19,,,1,15,,248816,19,,,1,18,,248812,19,,,1,60,,248813,19,,,1,20,,248814,19,,,1,20,,248815,19,,,1
301,'003-Weekday-6-26-09-1111100',514,,248841,19,,,1,20,,248913,19,,,1,20,,248914,19,,,1,60,,248910,19,,,1,16,,248872,19,,,1,19,,248873,19,,,1,55,,248874,19,,,1,12,,248915,19,,,1,12,,248916,19,,,1,14,,248917,19,,,1,12,,248907,19,,,1,52,,248906,19,,,1,12,,248905,19,,,1,12,,248904,19,,,1,12,,248903,19,,,1,12,,248902,19,,,1,52,,248901,19,,,1,12,,248842,19,,,1,11,,248843,19,,,1,15,,248844,19,,,1,15,,248845,19,,,1,55,,248846,19,,,1,15,,248847,19,,,1,15,,248848,19,,,1,15,,248849,19,,,1,55,,248850,19,,,1,15,,248851,19,,,1,15,,248852,19,,,1,15,,248853,19,,,1,55,,248854,19,,,1,15,,248855,19,,,1,15,,248856,19,,,1,15,,248857,19,,,1,55,,248858,19,,,1,15,,248859,19,,,1,15,,248860,19,,,1,15,,248861,19,,,1,55,,248862,19,,,1,15,,248863,19,,,1,15,,248864,19,,,1,15,,248865,19,,,1,56,,248866,19,,,1,15,,248909,19,,,1,14,,248908,19,,,1,14,,248867,19,,,1,52,,248868,19,,,1,12,,248869,19,,,1,12,,248870,19,,,1,12,,248871,19,,,1,55,,248912,19,,,1,15,,248911,19,,,1,15,,248894,19,,,1,15,,248895,19,,,1,55,,248896,19,,,1,15,,248897,19,,,1,14,,248898,19,,,1,13,,248899,19,,,1,12,,248900,19,,,1,53,,248880,19,,,1,15,,248881,19,,,1,15,,248882,19,,,1,15,,248883,19,,,1,55,,248884,19,,,1,15,,248885,19,,,1,15,,248886,19,,,1,15,,248887,19,,,1,55,,248888,19,,,1,15,,248876,19,,,1,15,,248877,19,,,1,15,,248878,19,,,1,53,,248879,19,,,1,14,,248875,19,,,1,15,,248893,19,,,1,18,,248889,19,,,1,60,,248890,19,,,1,20,,248891,19,,,1,20,,248892,19,,,1
301,'003-Weekday-7-26-09-1111100',514,,248918,19,,,1,20,,248990,19,,,1,20,,248991,19,,,1,60,,248987,19,,,1,16,,248949,19,,,1,19,,248950,19,,,1,55,,248951,19,,,1,12,,248992,19,,,1,12,,248993,19,,,1,14,,248994,19,,,1,12,,248984,19,,,1,52,,248983,19,,,1,12,,248982,19,,,1,12,,248981,19,,,1,12,,248980,19,,,1,12,,248979,19,,,1,52,,248978,19,,,1,12,,248919,19,,,1,11,,248920,19,,,1,15,,248921,19,,,1,15,,248922,19,,,1,55,,248923,19,,,1,15,,248924,19,,,1,15,,248925,19,,,1,15,,248926,19,,,1,55,,248927,19,,,1,15,,248928,19,,,1,15,,248929,19,,,1,15,,248930,19,,,1,55,,248931,19,,,1,15,,248932,19,,,1,15,,248933,19,,,1,15,,248934,19,,,1,55,,248935,19,,,1,15,,248936,19,,,1,15,,248937,19,,,1,15,,248938,19,,,1,55,,248939,19,,,1,15,,248940,19,,,1,15,,248941,19,,,1,15,,248942,19,,,1,56,,248943,19,,,1,15,,248986,19,,,1,14,,248985,19,,,1,14,,248944,19,,,1,52,,248945,19,,,1,12,,248946,19,,,1,12,,248947,19,,,1,12,,248948,19,,,1,55,,248989,19,,,1,15,,248988,19,,,1,15,,248971,19,,,1,15,,248972,19,,,1,55,,248973,19,,,1,15,,248974,19,,,1,14,,248975,19,,,1,13,,248976,19,,,1,12,,248977,19,,,1,53,,248957,19,,,1,15,,248958,19,,,1,15,,248959,19,,,1,15,,248960,19,,,1,55,,248961,19,,,1,15,,248962,19,,,1,15,,248963,19,,,1,15,,248964,19,,,1,55,,248965,19,,,1,15,,248953,19,,,1,15,,248954,19,,,1,15,,248955,19,,,1,53,,248956,19,,,1,14,,248952,19,,,1,15,,248970,19,,,1,18,,248966,19,,,1,60,,248967,19,,,1,20,,248968,19,,,1,20,,248969,19,,,1
301,'003-Saturday-1-26-09-0000010',559,,205094,19,,,1,60,,205029,19,,,1,20,,205030,19,,,1,20,,205031,19,,,1,60,,205032,19,,,1,20,,205033,19,,,1,20,,205034,19,,,1,60,,205035,19,,,1,15,,205036,19,,,1,15,,205037,19,,,1,56,,205038,19,,,1,16,,205039,19,,,1,17,,205040,19,,,1,15,,205041,19,,,1,55,,205042,19,,,1,15,,205043,19,,,1,15,,205044,19,,,1,15,,205045,19,,,1,55,,205046,19,,,1,15,,205047,19,,,1,15,,205048,19,,,1,15,,205049,19,,,1,55,,205050,19,,,1,15,,205051,19,,,1,15,,205052,19,,,1,15,,205053,19,,,1,55,,205054,19,,,1,15,,205055,19,,,1,15,,205056,19,,,1,15,,205057,19,,,1,55,,205058,19,,,1,15,,205059,19,,,1,15,,205060,19,,,1,15,,205061,19,,,1,55,,205062,19,,,1,15,,205063,19,,,1,15,,205064,19,,,1,15,,205065,19,,,1,55,,205066,19,,,1,15,,205067,19,,,1,15,,205068,19,,,1,15,,205069,19,,,1,55,,205070,19,,,1,14,,205071,19,,,1,13,,205072,19,,,1,15,,205073,19,,,1,55,,205074,19,,,1,15,,205075,19,,,1,15,,205076,19,,,1,15,,205077,19,,,1,55,,205078,19,,,1,15,,205079,19,,,1,15,,205080,19,,,1,20,,205081,19,,,1,60,,205082,19,,,1,20,,205083,19,,,1,20,,205084,19,,,1,60,,205085,19,,,1,20,,205086,19,,,1,20,,205087,19,,,1,60,,205088,19,,,1,20,,205089,19,,,1,20,,205090,19,,,1,60,,205091,19,,,1,20,,205092,19,,,1,20,,205093,19,,,1
301,'003-Sunday-1-26-09-0000001',603,,205159,19,,,1,20,,205095,19,,,1,20,,205096,19,,,1,60,,205097,19,,,1,20,,205098,19,,,1,20,,205099,19,,,1,60,,205100,19,,,1,20,,205101,19,,,1,20,,205102,19,,,1,61,,205103,19,,,1,21,,205104,19,,,1,20,,205105,19,,,1,62,,205106,19,,,1,20,,205107,19,,,1,15,,205108,19,,,1,15,,205109,19,,,1,55,,205110,19,,,1,15,,205111,19,,,1,15,,205112,19,,,1,15,,205113,19,,,1,55,,205114,19,,,1,15,,205115,19,,,1,15,,205116,19,,,1,15,,205117,19,,,1,55,,205118,19,,,1,15,,205119,19,,,1,15,,205120,19,,,1,15,,205121,19,,,1,55,,205122,19,,,1,15,,205123,19,,,1,15,,205124,19,,,1,15,,205125,19,,,1,55,,205126,19,,,1,15,,205127,19,,,1,15,,205128,19,,,1,15,,205129,19,,,1,55,,205130,19,,,1,15,,205131,19,,,1,15,,205132,19,,,1,15,,205133,19,,,1,55,,205134,19,,,1,14,,205135,19,,,1,15,,205136,19,,,1,15,,205137,19,,,1,55,,205138,19,,,1,15,,205139,19,,,1,15,,205140,19,,,1,15,,205141,19,,,1,55,,205142,19,,,1,15,,205143,19,,,1,15,,205144,19,,,1,15,,205145,19,,,1,60,,205146,19,,,1,20,,205147,19,,,1,20,,205148,19,,,1,60,,205149,19,,,1,20,,205150,19,,,1,20,,205151,19,,,1,60,,205152,19,,,1,20,,205153,19,,,1,20,,205154,19,,,1,60,,205155,19,,,1,20,,205156,19,,,1,20,,205157,19,,,1,60,,205158,19,,,1
11101,'111-Weekday-1-26-09-1111100',1013,,217243,54,,,1,100,,217244,54,,,1,100,,217245,54,,,1,100,,217246,54,,,1,100,,217247,54,,,1,100,,217248,54,,,1,100,,217249,54,,,1
11101,'111-Weekday-2-26-09-1111100',1013,,217250,54,,,1,100,,217251,54,,,1,100,,217252,54,,,1,100,,217253,54,,,1,100,,217254,54,,,1,100,,217255,54,,,1,100,,217256,54,,,1
11101,'111-Weekday-3-26-09-1111100',1013,,260774,54,,,1,100,,260775,54,,,1,100,,260776,54,,,1,100,,260777,54,,,1,100,,260778,54,,,1,100,,260779,54,,,1,100,,260780,54,,,1
11101,'111-Weekday-4-26-09-1111100',1013,,217257,54,,,1,100,,217258,54,,,1,100,,217259,54,,,1,100,,217260,54,,,1,100,,217261,54,,,1,100,,217262,54,,,1,100,,217263,54,,,1
11101,'111-Weekday-5-26-09-1111100',1013,,260781,54,,,1,100,,260782,54,,,1,100,,260783,54,,,1,100,,260784,54,,,1,100,,260785,54,,,1,100,,260786,54,,,1,100,,260787,54,,,1
11101,'111-Weekday-6-26-09-1111100',1013,,260788,54,,,1,100,,260789,54,,,1,100,,260790,54,,,1,100,,260791,54,,,1,100,,260792,54,,,1,100,,260793,54,,,1,100,,260794,54,,,1
11101,'111-Weekday-7-26-09-1111100',1013,,260795,54,,,1,100,,260796,54,,,1,100,,260797,54,,,1,100,,260798,54,,,1,100,,260799,54,,,1,100,,260800,54,,,1,100,,260801,54,,,1
11101,'111-Saturday-1-26-09-0000010',956,,217264,47,,,1,100,,217266,47,,,1,100,,217267,47,,,1,100,,217268,47,,,1,100,,217269,47,,,1,100,,217270,47,,,1,100,,217265,47,,,1
