63301,'633-Weekday-1-26-09-1111100',750,,227586,21,,,1,6,,227587,21,,,1,44,,227588,21,,,1,4,,227589,21,,,1
63301,'633-Weekday-4-26-09-1111100',750,,270420,21,,,1,6,,270421,21,,,1,44,,270422,21,,,1,4,,270423,21,,,1
63301,'633-Weekday-7-26-09-1111100',750,,270424,21,,,1,6,,270425,21,,,1,44,,270426,21,,,1,4,,270427,21,,,1
1000100,'001-Weekday-1-26-09-1111100',512,,242650,22,,,1,40,,242651,22,,,1,81,,242652,22,,,1,83,,242653,22,,,1,20,,242654,22,,,1,20,,242655,22,,,1,60,,242656,22,,,1,20,,242657,22,,,1,64,,242658,22,,,1,31,,242659,22,,,1,70,,242660,22,,,1,30,,242661,22,,,1,70,,242662,22,,,1,30,,242663,22,,,1,70,,242664,22,,,1,30,,242665,22,,,1,70,,242666,22,,,1,30,,242667,22,,,1,70,,242668,22,,,1,30,,242669,22,,,1,71,,242670,22,,,1,29,,242671,22,,,1,16,,242690,11,,,1,4,,242672,22,,,1,60,,242673,22,,,1,20,,242674,22,,,1,20,,242675,22,,,1,60,,242676,22,,,1,25,,242677,22,,,1,70,,242678,22,,,1,29,,242679,22,,,1,68,,242680,22,,,1,30,,242681,22,,,1,70,,242682,22,,,1,30,,242683,22,,,1,70,,242684,22,,,1,30,,242685,22,,,1,67,,242686,22,,,1,37,,242687,22,,,1,80,,242688,22,,,1,40,,242689,22,,,1
1000100,'001-Weekday-2-26-09-1111100',512,,242691,22,,,1,40,,242692,22,,,1,81,,242693,22,,,1,83,,242694,22,,,1,20,,242695,22,,,1,20,,242696,22,,,1,60,,242697,22,,,1,20,,242698,22,,,1,64,,242699,22,,,1,31,,242700,22,,,1,70,,242701,22,,,1,30,,242702,22,,,1,70,,242703,22,,,1,30,,242704,22,,,1,70,,242705,22,,,1,30,,242706,22,,,1,70,,242707,22,,,1,30,,242708,22,,,1,70,,242709,22,,,1,30,,242710,22,,,1,71,,242711,22,,,1,29,,242712,22,,,1,16,,242731,11,,,1,4,,242713,22,,,1,60,,242714,22,,,1,20,,242715,22,,,1,20,,242716,22,,,1,60,,242717,22,,,1,25,,242718,22,,,1,70,,242719,22,,,1,29,,242720,22,,,1,68,,242721,22,,,1,30,,242722,22,,,1,70,,242723,22,,,1,30,,242724,22,,,1,70,,242725,22,,,1,30,,242726,22,,,1,67,,242727,22,,,1,37,,242728,22,,,1,80,,242729,22,,,1,40,,242730,22,,,1
1000100,'001-Weekday-3-26-09-1111100',512,,285173,22,,,1,40,,285174,22,,,1,81,,285175,22,,,1,83,,285176,22,,,1,20,,285177,22,,,1,20,,285178,22,,,1,60,,285179,22,,,1,20,,285180,22,,,1,64,,285181,22,,,1,31,,285182,22,,,1,70,,285183,22,,,1,30,,285184,22,,,1,70,,285185,22,,,1,30,,285186,22,,,1,70,,285187,22,,,1,30,,285188,22,,,1,70,,285189,22,,,1,30,,285190,22,,,1,70,,285191,22,,,1,30,,285192,22,,,1,71,,285193,22,,,1,29,,285194,22,,,1,20,,285195,22,,,1,60,,285196,22,,,1,20,,285197,22,,,1,20,,285198,22,,,1,60,,285199,22,,,1,25,,285200,22,,,1,70,,285201,22,,,1,29,,285202,22,,,1,68,,285203,22,,,1,30,,285204,22,,,1,70,,285205,22,,,1,30,,285206,22,,,1,70,,285207,22,,,1,30,,285208,22,,,1,67,,285209,22,,,1,37,,285210,22,,,1,80,,285211,22,,,1,40,,285212,22,,,1
1000100,'001-Weekday-4-26-09-1111100',512,,242732,22,,,1,40,,242733,22,,,1,81,,242734,22,,,1,83,,242735,22,,,1,20,,242736,22,,,1,20,,242737,22,,,1,60,,242738,22,,,1,20,,242739,22,,,1,64,,242740,22,,,1,31,,242741,22,,,1,70,,242742,22,,,1,30,,242743,22,,,1,70,,242744,22,,,1,30,,242745,22,,,1,70,,242746,22,,,1,30,,242747,22,,,1,70,,242748,22,,,1,30,,242749,22,,,1,70,,242750,22,,,1,30,,242751,22,,,1,71,,242752,22,,,1,29,,242753,22,,,1,20,,242754,22,,,1,60,,242755,22,,,1,20,,242756,22,,,1,20,,242757,22,,,1,60,,242758,22,,,1,25,,242759,22,,,1,70,,242760,22,,,1,29,,242761,22,,,1,68,,242762,22,,,1,30,,242763,22,,,1,70,,242764,22,,,1,30,,242765,22,,,1,70,,242766,22,,,1,30,,242767,22,,,1,67,,242768,22,,,1,37,,242769,22,,,1,80,,242770,22,,,1,40,,242771,22,,,1
1000100,'001-Weekday-5-26-09-1111100',512,,285213,22,,,1,40,,285214,22,,,1,81,,285215,22,,,1,83,,285216,22,,,1,20,,285217,22,,,1,20,,285218,22,,,1,60,,285219,22,,,1,20,,285220,22,,,1,64,,285221,22,,,1,31,,285222,22,,,1,70,,285223,22,,,1,30,,285224,22,,,1,70,,285225,22,,,1,30,,285226,22,,,1,70,,285227,22,,,1,30,,285228,22,,,1,70,,285229,22,,,1,30,,285230,22,,,1,70,,285231,22,,,1,30,,285232,22,,,1,71,,285233,22,,,1,29,,285234,22,,,1,20,,285235,22,,,1,60,,285236,22,,,1,20,,285237,22,,,1,20,,285238,22,,,1,60,,285239,22,,,1,25,,285240,22,,,1,70,,285241,22,,,1,29,,285242,22,,,1,68,,285243,22,,,1,30,,285244,22,,,1,70,,285245,22,,,1,30,,285246,22,,,1,70,,285247,22,,,1,30,,285248,22,,,1,67,,285249,22,,,1,37,,285250,22,,,1,80,,285251,22,,,1,40,,285252,22,,,1
1000100,'001-Weekday-6-26-09-1111100',512,,285253,22,,,1,40,,285254,22,,,1,81,,285255,22,,,1,83,,285256,22,,,1,20,,285257,22,,,1,20,,285258,22,,,1,60,,285259,22,,,1,20,,285260,22,,,1,64,,285261,22,,,1,31,,285262,22,,,1,70,,285263,22,,,1,30,,285264,22,,,1,70,,285265,22,,,1,30,,285266,22,,,1,70,,285267,22,,,1,30,,285268,22,,,1,70,,285269,22,,,1,30,,285270,22,,,1,70,,285271,22,,,1,30,,285272,22,,,1,71,,285273,22,,,1,29,,285274,22,,,1,16,,285293,11,,,1,4,,285275,22,,,1,60,,285276,22,,,1,20,,285277,22,,,1,20,,285278,22,,,1,60,,285279,22,,,1,25,,285280,22,,,1,70,,285281,22,,,1,29,,285282,22,,,1,68,,285283,22,,,1,30,,285284,22,,,1,70,,285285,22,,,1,30,,285286,22,,,1,70,,285287,22,,,1,30,,285288,22,,,1,67,,285289,22,,,1,37,,285290,22,,,1,80,,285291,22,,,1,40,,285292,22,,,1
1000100,'001-Weekday-7-26-09-1111100',512,,285294,22,,,1,40,,285295,22,,,1,81,,285296,22,,,1,83,,285297,22,,,1,20,,285298,22,,,1,20,,285299,22,,,1,60,,285300,22,,,1,20,,285301,22,,,1,64,,285302,22,,,1,31,,285303,22,,,1,70,,285304,22,,,1,30,,285305,22,,,1,70,,285306,22,,,1,30,,285307,22,,,1,70,,285308,22,,,1,30,,285309,22,,,1,70,,285310,22,,,1,30,,285311,22,,,1,70,,285312,22,,,1,30,,285313,22,,,1,71,,285314,22,,,1,29,,285315,22,,,1,20,,285316,22,,,1,60,,285317,22,,,1,20,,285318,22,,,1,20,,285319,22,,,1,60,,285320,22,,,1,25,,285321,22,,,1,70,,285322,22,,,1,29,,285323,22,,,1,68,,285324,22,,,1,30,,285325,22,,,1,70,,285326,22,,,1,30,,285327,22,,,1,70,,285328,22,,,1,30,,285329,22,,,1,67,,285330,22,,,1,37,,285331,22,,,1,80,,285332,22,,,1,40,,285333,22,,,1
1000100,'001-Saturday-1-26-09-0000010',634,,242772,22,,,1,80,,242773,22,,,1,40,,242774,22,,,1,75,,242775,22,,,1,30,,242776,22,,,1,72,,242777,22,,,1,70,,242778,22,,,1,30,,242779,22,,,1,70,,242780,22,,,1,30,,242781,22,,,1,70,,242782,22,,,1,30,,242783,22,,,1,70,,242784,22,,,1,30,,242785,22,,,1,70,,242786,22,,,1,30,,242787,22,,,1,70,,242788,22,,,1,30,,242789,22,,,1,70,,242790,22,,,1,30,,242791,22,,,1,70,,242792,22,,,1,29,,242793,22,,,1,70,,242794,22,,,1,30,,242795,22,,,1,28,,242796,22,,,1,72,,242797,22,,,1,70,,242798,22,,,1,29,,242799,22,,,1,71,,242800,22,,,1,30,,242801,22,,,1,70,,242802,22,,,1,30,,242803,22,,,1,70,,242804,22,,,1,35,,242805,22,,,1,80,,242806,22,,,1
1000100,'001-Sunday-1-26-09-0000001',610,,242807,22,,,1,40,,242808,22,,,1,80,,242809,22,,,1,80,,242810,22,,,1,40,,242811,22,,,1,82,,242812,22,,,1,80,,242813,22,,,1,35,,242814,22,,,1,70,,242815,22,,,1,30,,242816,22,,,1,70,,242817,22,,,1,30,,242818,22,,,1,70,,242819,22,,,1,30,,242820,22,,,1,70,,242821,22,,,1,30,,242822,22,,,1,70,,242823,22,,,1,30,,242824,22,,,1,70,,242825,22,,,1,30,,242826,22,,,1,69,,242827,22,,,1,30,,242828,22,,,1,70,,242829,22,,,1,30,,242830,22,,,1,68,,242831,22,,,1,40,,242832,22,,,1,80,,242833,22,,,1,80,,242834,22,,,1,40,,242835,22,,,1,80,,242836,22,,,1,80,,242837,22,,,1,40,,242838,22,,,1
