801,'008-Weekday-1-26-09-1111100',457,,209243,16,,,1,60,,209244,16,,,1,20,,209245,16,,,1,20,,209246,16,,,1,60,,209247,16,,,1,22,,209248,16,,,1,12,,209318,16,,,1,52,,209317,16,,,1,12,,209249,16,,,1,12,,209319,16,,,1,12,,209250,16,,,1,12,,209251,16,,,1,52,,209315,16,,,1,12,,209252,16,,,1,12,,209320,16,,,1,12,,209253,16,,,1,12,,209254,16,,,1,52,,209255,16,,,1,12,,209256,16,,,1,15,,209257,16,,,1,15,,209258,16,,,1,55,,209259,16,,,1,15,,209260,16,,,1,15,,209261,16,,,1,15,,209262,16,,,1,55,,209263,16,,,1,15,,209264,16,,,1,15,,209265,16,,,1,15,,209266,16,,,1,57,,209267,16,,,1,17,,209268,16,,,1,15,,209269,16,,,1,15,,209270,16,,,1,55,,209271,16,,,1,15,,209272,16,,,1,15,,209273,16,,,1,15,,209274,16,,,1,55,,209275,16,,,1,12,,209276,16,,,1,12,,209277,16,,,1,12,,209278,16,,,1,12,,209279,16,,,1,53,,209280,16,,,1,12,,209281,16,,,1,12,,209282,16,,,1,12,,209283,16,,,1,12,,209284,16,,,1,52,,209285,16,,,1,12,,209286,16,,,1,12,,209287,16,,,1,12,,209288,16,,,1,12,,209289,16,,,1,52,,209290,16,,,1,15,,209291,16,,,1,15,,209292,16,,,1,15,,209293,16,,,1,55,,209294,16,,,1,15,,209295,16,,,1,14,,209296,16,,,1,14,,209297,16,,,1,55,,209298,16,,,1,15,,209299,16,,,1,15,,209300,16,,,1,15,,209301,16,,,1,55,,209302,16,,,1,15,,209303,16,,,1,15,,209304,16,,,1,15,,209305,16,,,1,55,,209306,16,,,1,15,,209307,16,,,1,15,,209308,16,,,1,15,,209309,16,,,1,59,,209316,16,,,1,20,,209310,16,,,1,20,,209311,16,,,1,60,,209312,16,,,1,20,,209313,16,,,1,20,,209314,16,,,1,57,,209237,16,,,1,30,,209238,16,,,1,70,,209239,16,,,1,30,,209240,16,,,1,70,,209241,16,,,1,30,,209242,16,,,1
801,'008-Weekday-2-26-09-1111100',457,,209327,16,,,1,60,,209328,16,,,1,20,,209329,16,,,1,20,,209330,16,,,1,60,,209331,16,,,1,22,,209332,16,,,1,12,,209402,16,,,1,52,,209401,16,,,1,12,,209333,16,,,1,12,,209403,16,,,1,12,,209334,16,,,1,12,,209335,16,,,1,52,,209399,16,,,1,12,,209336,16,,,1,12,,209404,16,,,1,12,,209337,16,,,1,12,,209338,16,,,1,52,,209339,16,,,1,12,,209340,16,,,1,15,,209341,16,,,1,15,,209342,16,,,1,55,,209343,16,,,1,15,,209344,16,,,1,15,,209345,16,,,1,15,,209346,16,,,1,55,,209347,16,,,1,15,,209348,16,,,1,15,,209349,16,,,1,15,,209350,16,,,1,57,,209351,16,,,1,17,,209352,16,,,1,15,,209353,16,,,1,15,,209354,16,,,1,55,,209355,16,,,1,15,,209356,16,,,1,15,,209357,16,,,1,15,,209358,16,,,1,55,,209359,16,,,1,12,,209360,16,,,1,12,,209361,16,,,1,12,,209362,16,,,1,12,,209363,16,,,1,53,,209364,16,,,1,12,,209365,16,,,1,12,,209366,16,,,1,12,,209367,16,,,1,12,,209368,16,,,1,52,,209369,16,,,1,12,,209370,16,,,1,12,,209371,16,,,1,12,,209372,16,,,1,12,,209373,16,,,1,52,,209374,16,,,1,15,,209375,16,,,1,15,,209376,16,,,1,15,,209377,16,,,1,55,,209378,16,,,1,15,,209379,16,,,1,14,,209380,16,,,1,14,,209381,16,,,1,55,,209382,16,,,1,15,,209383,16,,,1,15,,209384,16,,,1,15,,209385,16,,,1,55,,209386,16,,,1,15,,209387,16,,,1,15,,209388,16,,,1,15,,209389,16,,,1,55,,209390,16,,,1,15,,209391,16,,,1,15,,209392,16,,,1,15,,209393,16,,,1,59,,209400,16,,,1,20,,209394,16,,,1,20,,209395,16,,,1,60,,209396,16,,,1,20,,209397,16,,,1,20,,209398,16,,,1,57,,209321,16,,,1,30,,209322,16,,,1,70,,209323,16,,,1,30,,209324,16,,,1,70,,209325,16,,,1,30,,209326,16,,,1
801,'008-Weekday-3-26-09-1111100',457,,252571,16,,,1,60,,252572,16,,,1,20,,252573,16,,,1,20,,252574,16,,,1,60,,252575,16,,,1,22,,252576,16,,,1,12,,252646,16,,,1,52,,252645,16,,,1,12,,252577,16,,,1,12,,252647,16,,,1,12,,252578,16,,,1,12,,252579,16,,,1,52,,252643,16,,,1,12,,252580,16,,,1,12,,252648,16,,,1,12,,252581,16,,,1,12,,252582,16,,,1,52,,252583,16,,,1,12,,252584,16,,,1,15,,252585,16,,,1,15,,252586,16,,,1,55,,252587,16,,,1,15,,252588,16,,,1,15,,252589,16,,,1,15,,252590,16,,,1,55,,252591,16,,,1,15,,252592,16,,,1,15,,252593,16,,,1,15,,252594,16,,,1,57,,252595,16,,,1,17,,252596,16,,,1,15,,252597,16,,,1,15,,252598,16,,,1,55,,252599,16,,,1,15,,252600,16,,,1,15,,252601,16,,,1,15,,252602,16,,,1,55,,252603,16,,,1,12,,252604,16,,,1,12,,252605,16,,,1,12,,252606,16,,,1,12,,252607,16,,,1,53,,252608,16,,,1,12,,252609,16,,,1,12,,252610,16,,,1,12,,252611,16,,,1,12,,252612,16,,,1,52,,252613,16,,,1,12,,252614,16,,,1,12,,252615,16,,,1,12,,252616,16,,,1,12,,252617,16,,,1,52,,252618,16,,,1,15,,252619,16,,,1,15,,252620,16,,,1,15,,252621,16,,,1,55,,252622,16,,,1,15,,252623,16,,,1,14,,252624,16,,,1,14,,252625,16,,,1,55,,252626,16,,,1,15,,252627,16,,,1,15,,252628,16,,,1,15,,252629,16,,,1,55,,252630,16,,,1,15,,252631,16,,,1,15,,252632,16,,,1,15,,252633,16,,,1,55,,252634,16,,,1,15,,252635,16,,,1,15,,252636,16,,,1,15,,252637,16,,,1,59,,252644,16,,,1,20,,252638,16,,,1,20,,252639,16,,,1,60,,252640,16,,,1,20,,252641,16,,,1,20,,252642,16,,,1,57,,252565,16,,,1,30,,252566,16,,,1,70,,252567,16,,,1,30,,252568,16,,,1,70,,252569,16,,,1,30,,252570,16,,,1
801,'008-Weekday-4-26-09-1111100',457,,209411,16,,,1,60,,209412,16,,,1,20,,209413,16,,,1,20,,209414,16,,,1,60,,209415,16,,,1,22,,209416,16,,,1,12,,209486,16,,,1,52,,209485,16,,,1,12,,209417,16,,,1,12,,209487,16,,,1,12,,209418,16,,,1,12,,209419,16,,,1,52,,209483,16,,,1,12,,209420,16,,,1,12,,209488,16,,,1,12,,209421,16,,,1,12,,209422,16,,,1,52,,209423,16,,,1,12,,209424,16,,,1,15,,209425,16,,,1,15,,209426,16,,,1,55,,209427,16,,,1,15,,209428,16,,,1,15,,209429,16,,,1,15,,209430,16,,,1,55,,209431,16,,,1,15,,209432,16,,,1,15,,209433,16,,,1,15,,209434,16,,,1,57,,209435,16,,,1,17,,209436,16,,,1,15,,209437,16,,,1,15,,209438,16,,,1,55,,209439,16,,,1,15,,209440,16,,,1,15,,209441,16,,,1,15,,209442,16,,,1,55,,209443,16,,,1,12,,209444,16,,,1,12,,209445,16,,,1,12,,209446,16,,,1,12,,209447,16,,,1,53,,209448,16,,,1,12,,209449,16,,,1,12,,209450,16,,,1,12,,209451,16,,,1,12,,209452,16,,,1,52,,209453,16,,,1,12,,209454,16,,,1,12,,209455,16,,,1,12,,209456,16,,,1,12,,209457,16,,,1,52,,209458,16,,,1,15,,209459,16,,,1,15,,209460,16,,,1,15,,209461,16,,,1,55,,209462,16,,,1,15,,209463,16,,,1,14,,209464,16,,,1,14,,209465,16,,,1,55,,209466,16,,,1,15,,209467,16,,,1,15,,209468,16,,,1,15,,209469,16,,,1,55,,209470,16,,,1,15,,209471,16,,,1,15,,209472,16,,,1,15,,209473,16,,,1,55,,209474,16,,,1,15,,209475,16,,,1,15,,209476,16,,,1,15,,209477,16,,,1,59,,209484,16,,,1,20,,209478,16,,,1,20,,209479,16,,,1,60,,209480,16,,,1,20,,209481,16,,,1,20,,209482,16,,,1,57,,209405,16,,,1,30,,209406,16,,,1,70,,209407,16,,,1,30,,209408,16,,,1,70,,209409,16,,,1,30,,209410,16,,,1
801,'008-Weekday-5-26-09-1111100',457,,252655,16,,,1,60,,252656,16,,,1,20,,252657,16,,,1,20,,252658,16,,,1,60,,252659,16,,,1,22,,252660,16,,,1,12,,252730,16,,,1,52,,252729,16,,,1,12,,252661,16,,,1,12,,252731,16,,,1,12,,252662,16,,,1,12,,252663,16,,,1,52,,252727,16,,,1,12,,252664,16,,,1,12,,252732,16,,,1,12,,252665,16,,,1,12,,252666,16,,,1,52,,252667,16,,,1,12,,252668,16,,,1,15,,252669,16,,,1,15,,252670,16,,,1,55,,252671,16,,,1,15,,252672,16,,,1,15,,252673,16,,,1,15,,252674,16,,,1,55,,252675,16,,,1,15,,252676,16,,,1,15,,252677,16,,,1,15,,252678,16,,,1,57,,252679,16,,,1,17,,252680,16,,,1,15,,252681,16,,,1,15,,252682,16,,,1,55,,252683,16,,,1,15,,252684,16,,,1,15,,252685,16,,,1,15,,252686,16,,,1,55,,252687,16,,,1,12,,252688,16,,,1,12,,252689,16,,,1,12,,252690,16,,,1,12,,252691,16,,,1,53,,252692,16,,,1,12,,252693,16,,,1,12,,252694,16,,,1,12,,252695,16,,,1,12,,252696,16,,,1,52,,252697,16,,,1,12,,252698,16,,,1,12,,252699,16,,,1,12,,252700,16,,,1,12,,252701,16,,,1,52,,252702,16,,,1,15,,252703,16,,,1,15,,252704,16,,,1,15,,252705,16,,,1,55,,252706,16,,,1,15,,252707,16,,,1,14,,252708,16,,,1,14,,252709,16,,,1,55,,252710,16,,,1,15,,252711,16,,,1,15,,252712,16,,,1,15,,252713,16,,,1,55,,252714,16,,,1,15,,252715,16,,,1,15,,252716,16,,,1,15,,252717,16,,,1,55,,252718,16,,,1,15,,252719,16,,,1,15,,252720,16,,,1,15,,252721,16,,,1,59,,252728,16,,,1,20,,252722,16,,,1,20,,252723,16,,,1,60,,252724,16,,,1,20,,252725,16,,,1,20,,252726,16,,,1,57,,252649,16,,,1,30,,252650,16,,,1,70,,252651,16,,,1,30,,252652,16,,,1,70,,252653,16,,,1,30,,252654,16,,,1
801,'008-Weekday-6-26-09-1111100',457,,252739,16,,,1,60,,252740,16,,,1,20,,252741,16,,,1,20,,252742,16,,,1,60,,252743,16,,,1,22,,252744,16,,,1,12,,252814,16,,,1,52,,252813,16,,,1,12,,252745,16,,,1,12,,252815,16,,,1,12,,252746,16,,,1,12,,252747,16,,,1,52,,252811,16,,,1,12,,252748,16,,,1,12,,252816,16,,,1,12,,252749,16,,,1,12,,252750,16,,,1,52,,252751,16,,,1,12,,252752,16,,,1,15,,252753,16,,,1,15,,252754,16,,,1,55,,252755,16,,,1,15,,252756,16,,,1,15,,252757,16,,,1,15,,252758,16,,,1,55,,252759,16,,,1,15,,252760,16,,,1,15,,252761,16,,,1,15,,252762,16,,,1,57,,252763,16,,,1,17,,252764,16,,,1,15,,252765,16,,,1,15,,252766,16,,,1,55,,252767,16,,,1,15,,252768,16,,,1,15,,252769,16,,,1,15,,252770,16,,,1,55,,252771,16,,,1,12,,252772,16,,,1,12,,252773,16,,,1,12,,252774,16,,,1,12,,252775,16,,,1,53,,252776,16,,,1,12,,252777,16,,,1,12,,252778,16,,,1,12,,252779,16,,,1,12,,252780,16,,,1,52,,252781,16,,,1,12,,252782,16,,,1,12,,252783,16,,,1,12,,252784,16,,,1,12,,252785,16,,,1,52,,252786,16,,,1,15,,252787,16,,,1,15,,252788,16,,,1,15,,252789,16,,,1,55,,252790,16,,,1,15,,252791,16,,,1,14,,252792,16,,,1,14,,252793,16,,,1,55,,252794,16,,,1,15,,252795,16,,,1,15,,252796,16,,,1,15,,252797,16,,,1,55,,252798,16,,,1,15,,252799,16,,,1,15,,252800,16,,,1,15,,252801,16,,,1,55,,252802,16,,,1,15,,252803,16,,,1,15,,252804,16,,,1,15,,252805,16,,,1,59,,252812,16,,,1,20,,252806,16,,,1,20,,252807,16,,,1,60,,252808,16,,,1,20,,252809,16,,,1,20,,252810,16,,,1,57,,252733,16,,,1,30,,252734,16,,,1,70,,252735,16,,,1,30,,252736,16,,,1,70,,252737,16,,,1,30,,252738,16,,,1
801,'008-Weekday-7-26-09-1111100',457,,252823,16,,,1,60,,252824,16,,,1,20,,252825,16,,,1,20,,252826,16,,,1,60,,252827,16,,,1,22,,252828,16,,,1,12,,252898,16,,,1,52,,252897,16,,,1,12,,252829,16,,,1,12,,252899,16,,,1,12,,252830,16,,,1,12,,252831,16,,,1,52,,252895,16,,,1,12,,252832,16,,,1,12,,252900,16,,,1,12,,252833,16,,,1,12,,252834,16,,,1,52,,252835,16,,,1,12,,252836,16,,,1,15,,252837,16,,,1,15,,252838,16,,,1,55,,252839,16,,,1,15,,252840,16,,,1,15,,252841,16,,,1,15,,252842,16,,,1,55,,252843,16,,,1,15,,252844,16,,,1,15,,252845,16,,,1,15,,252846,16,,,1,57,,252847,16,,,1,17,,252848,16,,,1,15,,252849,16,,,1,15,,252850,16,,,1,55,,252851,16,,,1,15,,252852,16,,,1,15,,252853,16,,,1,15,,252854,16,,,1,55,,252855,16,,,1,12,,252856,16,,,1,12,,252857,16,,,1,12,,252858,16,,,1,12,,252859,16,,,1,53,,252860,16,,,1,12,,252861,16,,,1,12,,252862,16,,,1,12,,252863,16,,,1,12,,252864,16,,,1,52,,252865,16,,,1,12,,252866,16,,,1,12,,252867,16,,,1,12,,252868,16,,,1,12,,252869,16,,,1,52,,252870,16,,,1,15,,252871,16,,,1,15,,252872,16,,,1,15,,252873,16,,,1,55,,252874,16,,,1,15,,252875,16,,,1,14,,252876,16,,,1,14,,252877,16,,,1,55,,252878,16,,,1,15,,252879,16,,,1,15,,252880,16,,,1,15,,252881,16,,,1,55,,252882,16,,,1,15,,252883,16,,,1,15,,252884,16,,,1,15,,252885,16,,,1,55,,252886,16,,,1,15,,252887,16,,,1,15,,252888,16,,,1,15,,252889,16,,,1,59,,252896,16,,,1,20,,252890,16,,,1,20,,252891,16,,,1,60,,252892,16,,,1,20,,252893,16,,,1,20,,252894,16,,,1,57,,252817,16,,,1,30,,252818,16,,,1,70,,252819,16,,,1,30,,252820,16,,,1,70,,252821,16,,,1,30,,252822,16,,,1
801,'008-Saturday-1-26-09-0000010',531,,209489,16,,,1,20,,209490,16,,,1,60,,209491,16,,,1,20,,209492,16,,,1,20,,209493,16,,,1,60,,209494,16,,,1,20,,209495,16,,,1,20,,209496,16,,,1,60,,209497,16,,,1,19,,209498,16,,,1,15,,209499,16,,,1,56,,209500,16,,,1,16,,209501,16,,,1,15,,209502,16,,,1,15,,209503,16,,,1,55,,209504,16,,,1,15,,209505,16,,,1,15,,209506,16,,,1,15,,209507,16,,,1,55,,209508,16,,,1,15,,209509,16,,,1,15,,209510,16,,,1,15,,209511,16,,,1,55,,209512,16,,,1,15,,209513,16,,,1,15,,209514,16,,,1,15,,209515,16,,,1,55,,209516,16,,,1,15,,209517,16,,,1,15,,209518,16,,,1,15,,209519,16,,,1,55,,209520,16,,,1,15,,209521,16,,,1,15,,209522,16,,,1,15,,209523,16,,,1,55,,209524,16,,,1,15,,209525,16,,,1,15,,209526,16,,,1,15,,209527,16,,,1,55,,209528,16,,,1,15,,209529,16,,,1,16,,209530,16,,,1,16,,209531,16,,,1,54,,209532,16,,,1,17,,209533,16,,,1,16,,209534,16,,,1,16,,209535,16,,,1,56,,209536,16,,,1,15,,209537,16,,,1,15,,209538,16,,,1,15,,209539,16,,,1,55,,209541,16,,,1,15,,209542,16,,,1,15,,209543,16,,,1,15,,209540,16,,,1,55,,209544,16,,,1,15,,209545,16,,,1,15,,209546,16,,,1,15,,209547,16,,,1,55,,209549,16,,,1,15,,209550,16,,,1,15,,209551,16,,,1,15,,209548,16,,,1,61,,209552,16,,,1,21,,209553,16,,,1,21,,209554,16,,,1,60,,209555,16,,,1,20,,209556,16,,,1,66,,209557,16,,,1,30,,209558,16,,,1,70,,209559,16,,,1,30,,209560,16,,,1,70,,209561,16,,,1,30,,209562,16,,,1
801,'008-Sunday-1-26-09-0000001',542,,209563,16,,,1,60,,209564,16,,,1,20,,209565,16,,,1,20,,209566,16,,,1,60,,209567,16,,,1,20,,209568,16,,,1,20,,209569,16,,,1,60,,209570,16,,,1,20,,209571,16,,,1,17,,209572,16,,,1,15,,209573,16,,,1,56,,209574,16,,,1,15,,209575,16,,,1,15,,209576,16,,,1,15,,209625,16,,,1,55,,209577,16,,,1,15,,209578,16,,,1,15,,209579,16,,,1,15,,209580,16,,,1,55,,209581,16,,,1,15,,209582,16,,,1,15,,209583,16,,,1,15,,209584,16,,,1,55,,209585,16,,,1,15,,209586,16,,,1,15,,209587,16,,,1,15,,209588,16,,,1,55,,209589,16,,,1,15,,209590,16,,,1,15,,209591,16,,,1,15,,209592,16,,,1,55,,209593,16,,,1,15,,209594,16,,,1,15,,209595,16,,,1,15,,209596,16,,,1,55,,209597,16,,,1,15,,209598,16,,,1,15,,209599,16,,,1,15,,209600,16,,,1,55,,209601,16,,,1,16,,209602,16,,,1,14,,209603,16,,,1,15,,209604,16,,,1,55,,209605,16,,,1,16,,209606,16,,,1,15,,209607,16,,,1,15,,209608,16,,,1,55,,209609,16,,,1,15,,209610,16,,,1,15,,209611,16,,,1,14,,209612,16,,,1,55,,209613,16,,,1,16,,209634,16,,,1,20,,209633,16,,,1,60,,209632,16,,,1,20,,209631,16,,,1,20,,209627,16,,,1,60,,209630,16,,,1,20,,209629,16,,,1,20,,209628,16,,,1,61,,209614,16,,,1,20,,209615,16,,,1,20,,209616,16,,,1,60,,209624,16,,,1,20,,209617,16,,,1,17,,209618,16,,,1,60,,209626,16,,,1,30,,209619,16,,,1,70,,209620,16,,,1,30,,209621,16,,,1,70,,209622,16,,,1,30,,209623,16,,,1
10201,'102-Weekday-1-26-09-1111100',549,,214360,27,,,1,70,,214337,27,,,1,27,,214338,27,,,1,55,,214339,27,,,1,15,,214369,27,,,1,15,,214361,27,,,1,15,,214340,27,,,1,55,,214341,27,,,1,15,,214368,27,,,1,15,,214359,27,,,1,15,,214342,27,,,1,55,,214358,27,,,1,19,,214372,27,,,1,19,,214370,27,,,1,20,,214343,27,,,1,70,,214344,27,,,1,30,,214345,27,,,1,70,,214346,27,,,1,30,,214347,27,,,1,70,,214348,27,,,1,30,,214349,27,,,1,70,,214350,27,,,1,30,,214351,27,,,1,70,,214352,27,,,1,30,,214353,27,,,1,72,,214371,27,,,1,72,,214357,27,,,1,30,,214356,27,,,1,70,,214355,27,,,1,30,,214354,27,,,1,70,,214373,27,,,1,30,,214374,27,,,1,69,,214375,27,,,1,30,,214362,27,,,1,70,,214363,27,,,1,30,,214364,27,,,1,70,,214365,27,,,1,30,,214366,27,,,1,70,,214367,27,,,1
10201,'102-Weekday-2-26-09-1111100',549,,214399,27,,,1,70,,214376,27,,,1,27,,214377,27,,,1,55,,214378,27,,,1,15,,214408,27,,,1,15,,214400,27,,,1,15,,214379,27,,,1,55,,214380,27,,,1,15,,214407,27,,,1,15,,214398,27,,,1,15,,214381,27,,,1,55,,214397,27,,,1,19,,214411,27,,,1,19,,214409,27,,,1,20,,214382,27,,,1,70,,214383,27,,,1,30,,214384,27,,,1,70,,214385,27,,,1,30,,214386,27,,,1,70,,214387,27,,,1,30,,214388,27,,,1,70,,214389,27,,,1,30,,214390,27,,,1,70,,214391,27,,,1,30,,214392,27,,,1,72,,214410,27,,,1,72,,214396,27,,,1,30,,214395,27,,,1,70,,214394,27,,,1,30,,214393,27,,,1,70,,214412,27,,,1,30,,214413,27,,,1,69,,214414,27,,,1,30,,214401,27,,,1,70,,214402,27,,,1,30,,214403,27,,,1,70,,214404,27,,,1,30,,214405,27,,,1,70,,214406,27,,,1
10201,'102-Weekday-3-26-09-1111100',549,,257968,27,,,1,70,,257945,27,,,1,27,,257946,27,,,1,55,,257947,27,,,1,15,,257977,27,,,1,15,,257969,27,,,1,15,,257948,27,,,1,55,,257949,27,,,1,15,,257976,27,,,1,15,,257967,27,,,1,15,,257950,27,,,1,55,,257966,27,,,1,19,,257980,27,,,1,19,,257978,27,,,1,20,,257951,27,,,1,70,,257952,27,,,1,30,,257953,27,,,1,70,,257954,27,,,1,30,,257955,27,,,1,70,,257956,27,,,1,30,,257957,27,,,1,70,,257958,27,,,1,30,,257959,27,,,1,70,,257960,27,,,1,30,,257961,27,,,1,72,,257979,27,,,1,72,,257965,27,,,1,30,,257964,27,,,1,70,,257963,27,,,1,30,,257962,27,,,1,70,,257981,27,,,1,30,,257982,27,,,1,69,,257983,27,,,1,30,,257970,27,,,1,70,,257971,27,,,1,30,,257972,27,,,1,70,,257973,27,,,1,30,,257974,27,,,1,70,,257975,27,,,1
10201,'102-Weekday-4-26-09-1111100',549,,214438,27,,,1,70,,214415,27,,,1,27,,214416,27,,,1,55,,214417,27,,,1,15,,214447,27,,,1,15,,214439,27,,,1,15,,214418,27,,,1,55,,214419,27,,,1,15,,214446,27,,,1,15,,214437,27,,,1,15,,214420,27,,,1,55,,214436,27,,,1,19,,214450,27,,,1,19,,214448,27,,,1,20,,214421,27,,,1,70,,214422,27,,,1,30,,214423,27,,,1,70,,214424,27,,,1,30,,214425,27,,,1,70,,214426,27,,,1,30,,214427,27,,,1,70,,214428,27,,,1,30,,214429,27,,,1,70,,214430,27,,,1,30,,214431,27,,,1,72,,214449,27,,,1,72,,214435,27,,,1,30,,214434,27,,,1,70,,214433,27,,,1,30,,214432,27,,,1,70,,214451,27,,,1,30,,214452,27,,,1,69,,214453,27,,,1,30,,214440,27,,,1,70,,214441,27,,,1,30,,214442,27,,,1,70,,214443,27,,,1,30,,214444,27,,,1,70,,214445,27,,,1
10201,'102-Weekday-5-26-09-1111100',549,,258007,27,,,1,70,,257984,27,,,1,27,,257985,27,,,1,55,,257986,27,,,1,15,,258016,27,,,1,15,,258008,27,,,1,15,,257987,27,,,1,55,,257988,27,,,1,15,,258015,27,,,1,15,,258006,27,,,1,15,,257989,27,,,1,55,,258005,27,,,1,19,,258019,27,,,1,19,,258017,27,,,1,20,,257990,27,,,1,70,,257991,27,,,1,30,,257992,27,,,1,70,,257993,27,,,1,30,,257994,27,,,1,70,,257995,27,,,1,30,,257996,27,,,1,70,,257997,27,,,1,30,,257998,27,,,1,70,,257999,27,,,1,30,,258000,27,,,1,72,,258018,27,,,1,72,,258004,27,,,1,30,,258003,27,,,1,70,,258002,27,,,1,30,,258001,27,,,1,70,,258020,27,,,1,30,,258021,27,,,1,69,,258022,27,,,1,30,,258009,27,,,1,70,,258010,27,,,1,30,,258011,27,,,1,70,,258012,27,,,1,30,,258013,27,,,1,70,,258014,27,,,1
10201,'102-Weekday-6-26-09-1111100',549,,258046,27,,,1,70,,258023,27,,,1,27,,258024,27,,,1,55,,258025,27,,,1,15,,258055,27,,,1,15,,258047,27,,,1,15,,258026,27,,,1,55,,258027,27,,,1,15,,258054,27,,,1,15,,258045,27,,,1,15,,258028,27,,,1,55,,258044,27,,,1,19,,258058,27,,,1,19,,258056,27,,,1,20,,258029,27,,,1,70,,258030,27,,,1,30,,258031,27,,,1,70,,258032,27,,,1,30,,258033,27,,,1,70,,258034,27,,,1,30,,258035,27,,,1,70,,258036,27,,,1,30,,258037,27,,,1,70,,258038,27,,,1,30,,258039,27,,,1,72,,258057,27,,,1,72,,258043,27,,,1,30,,258042,27,,,1,70,,258041,27,,,1,30,,258040,27,,,1,70,,258059,27,,,1,30,,258060,27,,,1,69,,258061,27,,,1,30,,258048,27,,,1,70,,258049,27,,,1,30,,258050,27,,,1,70,,258051,27,,,1,30,,258052,27,,,1,70,,258053,27,,,1
10201,'102-Weekday-7-26-09-1111100',549,,258085,27,,,1,70,,258062,27,,,1,27,,258063,27,,,1,55,,258064,27,,,1,15,,258094,27,,,1,15,,258086,27,,,1,15,,258065,27,,,1,55,,258066,27,,,1,15,,258093,27,,,1,15,,258084,27,,,1,15,,258067,27,,,1,55,,258083,27,,,1,19,,258097,27,,,1,19,,258095,27,,,1,20,,258068,27,,,1,70,,258069,27,,,1,30,,258070,27,,,1,70,,258071,27,,,1,30,,258072,27,,,1,70,,258073,27,,,1,30,,258074,27,,,1,70,,258075,27,,,1,30,,258076,27,,,1,70,,258077,27,,,1,30,,258078,27,,,1,72,,258096,27,,,1,72,,258082,27,,,1,30,,258081,27,,,1,70,,258080,27,,,1,30,,258079,27,,,1,70,,258098,27,,,1,30,,258099,27,,,1,69,,258100,27,,,1,30,,258087,27,,,1,70,,258088,27,,,1,30,,258089,27,,,1,70,,258090,27,,,1,30,,258091,27,,,1,70,,258092,27,,,1
10201,'102-Saturday-1-26-09-0000010',616,,214454,27,,,1,100,,214455,27,,,1,100,,214456,27,,,1,84,,214457,27,,,1,46,,214458,27,,,1,83,,214462,27,,,1,30,,214463,27,,,1,70,,214464,27,,,1,30,,214465,27,,,1,70,,214466,27,,,1,30,,214467,27,,,1,70,,214468,27,,,1,30,,214469,27,,,1,70,,214470,27,,,1,30,,214471,27,,,1,70,,214472,27,,,1,30,,214473,27,,,1,70,,214474,27,,,1,30,,214475,27,,,1,68,,214476,27,,,1,29,,214460,27,,,1,70,,214461,27,,,1,30,,214459,27,,,1,70,,214477,27,,,1
10201,'102-Sunday-1-26-09-0000001',1026,,214478,27,,,1,30,,214479,27,,,1,70,,214480,27,,,1,30,,214481,27,,,1,70,,214482,27,,,1,30,,214483,27,,,1,70,,214484,27,,,1,30,,214485,27,,,1,70,,214486,27,,,1,30,,214487,27,,,1,70,,214488,27,,,1,30,,214489,27,,,1,70,,214490,27,,,1,30,,214491,27,,,1,69,,214492,27,,,1,30,,214493,27,,,1,70,,214494,27,,,1,30,,214495,27,,,1
10401,'104-Weekday-1-26-09-1111100',558,,215130,21,,,1,70,,215131,21,,,1,31,,215155,21,,,1,57,,215154,21,,,1,17,,215153,21,,,1,15,,215132,21,,,1,55,,215140,21,,,1,14,,215150,21,,,1,16,,215152,21,,,1,16,,215158,21,,,1,2,,215151,21,,,1,59,,215149,21,,,1,21,,215159,21,,,1,20,,215160,21,,,1,60,,215161,21,,,1,20,,215162,21,,,1,20,,215163,21,,,1,60,,215164,21,,,1,20,,215165,21,,,1,20,,215166,21,,,1,60,,215167,21,,,1,20,,215168,21,,,1,20,,215169,21,,,1,60,,215170,21,,,1,20,,215171,21,,,1,20,,215172,21,,,1,60,,215173,21,,,1,20,,215174,21,,,1,20,,215175,21,,,1,58,,215176,21,,,1,18,,215157,21,,,1,17,,215141,21,,,1,60,,215133,21,,,1,21,,215134,21,,,1,21,,215142,21,,,1,60,,215135,21,,,1,23,,215156,21,,,1,30,,215139,21,,,1,69,,215136,21,,,1,30,,215137,21,,,1,70,,215138,21,,,1,30,,215143,21,,,1,70,,215144,21,,,1,30,,215145,21,,,1,70,,215146,21,,,1,30,,215147,21,,,1,68,,215148,21,,,1
10401,'104-Weekday-2-26-09-1111100',558,,215177,21,,,1,70,,215178,21,,,1,31,,215202,21,,,1,57,,215201,21,,,1,17,,215200,21,,,1,15,,215179,21,,,1,55,,215187,21,,,1,14,,215197,21,,,1,16,,215199,21,,,1,16,,215205,21,,,1,2,,215198,21,,,1,59,,215196,21,,,1,21,,215206,21,,,1,20,,215207,21,,,1,60,,215208,21,,,1,20,,215209,21,,,1,20,,215210,21,,,1,60,,215211,21,,,1,20,,215212,21,,,1,20,,215213,21,,,1,60,,215214,21,,,1,20,,215215,21,,,1,20,,215216,21,,,1,60,,215217,21,,,1,20,,215218,21,,,1,20,,215219,21,,,1,60,,215220,21,,,1,20,,215221,21,,,1,20,,215222,21,,,1,58,,215223,21,,,1,18,,215204,21,,,1,17,,215188,21,,,1,60,,215180,21,,,1,21,,215181,21,,,1,21,,215189,21,,,1,60,,215182,21,,,1,23,,215203,21,,,1,30,,215186,21,,,1,69,,215183,21,,,1,30,,215184,21,,,1,70,,215185,21,,,1,30,,215190,21,,,1,70,,215191,21,,,1,30,,215192,21,,,1,70,,215193,21,,,1,30,,215194,21,,,1,68,,215195,21,,,1
10401,'104-Weekday-3-26-09-1111100',558,,258692,21,,,1,70,,258693,21,,,1,31,,258716,21,,,1,57,,258715,21,,,1,17,,258714,21,,,1,15,,258694,21,,,1,55,,258702,21,,,1,14,,258712,21,,,1,16,,258713,21,,,1,16,,258719,21,,,1,61,,258711,21,,,1,21,,258720,21,,,1,20,,258721,21,,,1,60,,258722,21,,,1,20,,258723,21,,,1,20,,258724,21,,,1,60,,258725,21,,,1,20,,258726,21,,,1,20,,258727,21,,,1,60,,258728,21,,,1,20,,258729,21,,,1,20,,258730,21,,,1,60,,258731,21,,,1,20,,258732,21,,,1,20,,258733,21,,,1,60,,258734,21,,,1,20,,258735,21,,,1,20,,258736,21,,,1,58,,258737,21,,,1,18,,258718,21,,,1,17,,258703,21,,,1,60,,258695,21,,,1,21,,258696,21,,,1,21,,258704,21,,,1,60,,258697,21,,,1,23,,258717,21,,,1,30,,258701,21,,,1,69,,258698,21,,,1,30,,258699,21,,,1,70,,258700,21,,,1,30,,258705,21,,,1,70,,258706,21,,,1,30,,258707,21,,,1,70,,258708,21,,,1,30,,258709,21,,,1,68,,258710,21,,,1
10401,'104-Weekday-4-26-09-1111100',558,,215224,21,,,1,70,,215225,21,,,1,31,,215248,21,,,1,57,,215247,21,,,1,17,,215246,21,,,1,15,,215226,21,,,1,55,,215234,21,,,1,14,,215244,21,,,1,16,,215245,21,,,1,16,,215251,21,,,1,61,,215243,21,,,1,21,,215252,21,,,1,20,,215253,21,,,1,60,,215254,21,,,1,20,,215255,21,,,1,20,,215256,21,,,1,60,,215257,21,,,1,20,,215258,21,,,1,20,,215259,21,,,1,60,,215260,21,,,1,20,,215261,21,,,1,20,,215262,21,,,1,60,,215263,21,,,1,20,,215264,21,,,1,20,,215265,21,,,1,60,,215266,21,,,1,20,,215267,21,,,1,20,,215268,21,,,1,58,,215269,21,,,1,18,,215250,21,,,1,17,,215235,21,,,1,60,,215227,21,,,1,21,,215228,21,,,1,21,,215236,21,,,1,60,,215229,21,,,1,23,,215249,21,,,1,30,,215233,21,,,1,69,,215230,21,,,1,30,,215231,21,,,1,70,,215232,21,,,1,30,,215237,21,,,1,70,,215238,21,,,1,30,,215239,21,,,1,70,,215240,21,,,1,30,,215241,21,,,1,68,,215242,21,,,1
10401,'104-Weekday-5-26-09-1111100',558,,258738,21,,,1,70,,258739,21,,,1,31,,258762,21,,,1,57,,258761,21,,,1,17,,258760,21,,,1,15,,258740,21,,,1,55,,258748,21,,,1,14,,258758,21,,,1,16,,258759,21,,,1,16,,258765,21,,,1,61,,258757,21,,,1,21,,258766,21,,,1,20,,258767,21,,,1,60,,258768,21,,,1,20,,258769,21,,,1,20,,258770,21,,,1,60,,258771,21,,,1,20,,258772,21,,,1,20,,258773,21,,,1,60,,258774,21,,,1,20,,258775,21,,,1,20,,258776,21,,,1,60,,258777,21,,,1,20,,258778,21,,,1,20,,258779,21,,,1,60,,258780,21,,,1,20,,258781,21,,,1,20,,258782,21,,,1,58,,258783,21,,,1,18,,258764,21,,,1,17,,258749,21,,,1,60,,258741,21,,,1,21,,258742,21,,,1,21,,258750,21,,,1,60,,258743,21,,,1,23,,258763,21,,,1,30,,258747,21,,,1,69,,258744,21,,,1,30,,258745,21,,,1,70,,258746,21,,,1,30,,258751,21,,,1,70,,258752,21,,,1,30,,258753,21,,,1,70,,258754,21,,,1,30,,258755,21,,,1,68,,258756,21,,,1
10401,'104-Weekday-6-26-09-1111100',558,,258784,21,,,1,70,,258785,21,,,1,31,,258809,21,,,1,57,,258808,21,,,1,17,,258807,21,,,1,15,,258786,21,,,1,55,,258794,21,,,1,14,,258804,21,,,1,16,,258806,21,,,1,16,,258812,21,,,1,2,,258805,21,,,1,59,,258803,21,,,1,21,,258813,21,,,1,20,,258814,21,,,1,60,,258815,21,,,1,20,,258816,21,,,1,20,,258817,21,,,1,60,,258818,21,,,1,20,,258819,21,,,1,20,,258820,21,,,1,60,,258821,21,,,1,20,,258822,21,,,1,20,,258823,21,,,1,60,,258824,21,,,1,20,,258825,21,,,1,20,,258826,21,,,1,60,,258827,21,,,1,20,,258828,21,,,1,20,,258829,21,,,1,58,,258830,21,,,1,18,,258811,21,,,1,17,,258795,21,,,1,60,,258787,21,,,1,21,,258788,21,,,1,21,,258796,21,,,1,60,,258789,21,,,1,23,,258810,21,,,1,30,,258793,21,,,1,69,,258790,21,,,1,30,,258791,21,,,1,70,,258792,21,,,1,30,,258797,21,,,1,70,,258798,21,,,1,30,,258799,21,,,1,70,,258800,21,,,1,30,,258801,21,,,1,68,,258802,21,,,1
10401,'104-Weekday-7-26-09-1111100',558,,258831,21,,,1,70,,258832,21,,,1,31,,258855,21,,,1,57,,258854,21,,,1,17,,258853,21,,,1,15,,258833,21,,,1,55,,258841,21,,,1,14,,258851,21,,,1,16,,258852,21,,,1,16,,258858,21,,,1,61,,258850,21,,,1,21,,258859,21,,,1,20,,258860,21,,,1,60,,258861,21,,,1,20,,258862,21,,,1,20,,258863,21,,,1,60,,258864,21,,,1,20,,258865,21,,,1,20,,258866,21,,,1,60,,258867,21,,,1,20,,258868,21,,,1,20,,258869,21,,,1,60,,258870,21,,,1,20,,258871,21,,,1,20,,258872,21,,,1,60,,258873,21,,,1,20,,258874,21,,,1,20,,258875,21,,,1,58,,258876,21,,,1,18,,258857,21,,,1,17,,258842,21,,,1,60,,258834,21,,,1,21,,258835,21,,,1,21,,258843,21,,,1,60,,258836,21,,,1,23,,258856,21,,,1,30,,258840,21,,,1,69,,258837,21,,,1,30,,258838,21,,,1,70,,258839,21,,,1,30,,258844,21,,,1,70,,258845,21,,,1,30,,258846,21,,,1,70,,258847,21,,,1,30,,258848,21,,,1,68,,258849,21,,,1
10401,'104-Saturday-1-26-09-0000010',819,,215270,21,,,1,30,,215271,21,,,1,74,,215272,21,,,1,30,,215273,21,,,1,70,,215274,21,,,1,30,,215275,21,,,1,70,,215276,21,,,1,30,,215277,21,,,1,70,,215278,21,,,1,30,,215279,21,,,1,70,,215280,21,,,1,30,,215281,21,,,1,70,,215282,21,,,1,30,,215283,21,,,1,70,,215284,21,,,1,30,,215285,21,,,1,70,,215286,21,,,1,30,,215287,21,,,1,69,,215288,21,,,1,30,,215289,21,,,1,70,,215290,21,,,1,30,,215291,21,,,1,70,,215292,21,,,1
10401,'104-Sunday-1-26-09-0000001',1004,,215293,21,,,1,30,,215294,21,,,1,70,,215295,21,,,1,30,,215296,21,,,1,70,,215297,21,,,1,30,,215298,21,,,1,70,,215299,21,,,1,30,,215300,21,,,1,70,,215301,21,,,1,30,,215302,21,,,1,70,,215303,21,,,1,30,,215304,21,,,1,70,,215305,21,,,1,30,,215306,21,,,1,69,,215307,21,,,1,29,,215308,21,,,1,70,,215309,21,,,1,30,,215310,21,,,1,70,,215311,21,,,1
62701,'627-Weekday-1-26-09-1111100',858,,227564,47,,,1
62701,'627-Weekday-3-26-09-1111100',858,,227565,47,,,1
62701,'627-Weekday-7-26-09-1111100',858,,270394,47,,,1
