10201,'102-Weekday-1-26-09-1111100',606,,214360,50,,,1,32,,214337,50,,,1,69,,214338,50,,,1,15,,214339,50,,,1,15,,214369,50,,,1,15,,214361,50,,,1,55,,214340,50,,,1,15,,214341,50,,,1,15,,214368,50,,,1,15,,214359,50,,,1,55,,214342,50,,,1,15,,214358,50,,,1,19,,214372,50,,,1,59,,214370,50,,,1,20,,214343,50,,,1,30,,214344,50,,,1,70,,214345,50,,,1,30,,214346,50,,,1,70,,214347,50,,,1,30,,214348,50,,,1,70,,214349,50,,,1,30,,214350,50,,,1,70,,214351,50,,,1,30,,214352,50,,,1,71,,214353,50,,,1,33,,214371,50,,,1,72,,214357,50,,,1,30,,214356,50,,,1,70,,214355,50,,,1,30,,214354,50,,,1,70,,214373,50,,,1,26,,214374,50,,,1,69,,214375,50,,,1,30,,214362,50,,,1,70,,214363,50,,,1,30,,214364,50,,,1,70,,214365,50,,,1,30,,214366,50,,,1,68,,214367,50,,,1
10201,'102-Weekday-2-26-09-1111100',606,,214399,50,,,1,32,,214376,50,,,1,69,,214377,50,,,1,15,,214378,50,,,1,15,,214408,50,,,1,15,,214400,50,,,1,55,,214379,50,,,1,15,,214380,50,,,1,15,,214407,50,,,1,15,,214398,50,,,1,55,,214381,50,,,1,15,,214397,50,,,1,19,,214411,50,,,1,59,,214409,50,,,1,20,,214382,50,,,1,30,,214383,50,,,1,70,,214384,50,,,1,30,,214385,50,,,1,70,,214386,50,,,1,30,,214387,50,,,1,70,,214388,50,,,1,30,,214389,50,,,1,70,,214390,50,,,1,30,,214391,50,,,1,71,,214392,50,,,1,33,,214410,50,,,1,72,,214396,50,,,1,30,,214395,50,,,1,70,,214394,50,,,1,30,,214393,50,,,1,70,,214412,50,,,1,26,,214413,50,,,1,69,,214414,50,,,1,30,,214401,50,,,1,70,,214402,50,,,1,30,,214403,50,,,1,70,,214404,50,,,1,30,,214405,50,,,1,68,,214406,50,,,1
10201,'102-Weekday-3-26-09-1111100',606,,257968,50,,,1,32,,257945,50,,,1,69,,257946,50,,,1,15,,257947,50,,,1,15,,257977,50,,,1,15,,257969,50,,,1,55,,257948,50,,,1,15,,257949,50,,,1,15,,257976,50,,,1,15,,257967,50,,,1,55,,257950,50,,,1,15,,257966,50,,,1,19,,257980,50,,,1,59,,257978,50,,,1,20,,257951,50,,,1,30,,257952,50,,,1,70,,257953,50,,,1,30,,257954,50,,,1,70,,257955,50,,,1,30,,257956,50,,,1,70,,257957,50,,,1,30,,257958,50,,,1,70,,257959,50,,,1,30,,257960,50,,,1,71,,257961,50,,,1,33,,257979,50,,,1,72,,257965,50,,,1,30,,257964,50,,,1,70,,257963,50,,,1,30,,257962,50,,,1,70,,257981,50,,,1,26,,257982,50,,,1,69,,257983,50,,,1,30,,257970,50,,,1,70,,257971,50,,,1,30,,257972,50,,,1,70,,257973,50,,,1,30,,257974,50,,,1,68,,257975,50,,,1
10201,'102-Weekday-4-26-09-1111100',606,,214438,50,,,1,32,,214415,50,,,1,69,,214416,50,,,1,15,,214417,50,,,1,15,,214447,50,,,1,15,,214439,50,,,1,55,,214418,50,,,1,15,,214419,50,,,1,15,,214446,50,,,1,15,,214437,50,,,1,55,,214420,50,,,1,15,,214436,50,,,1,19,,214450,50,,,1,59,,214448,50,,,1,20,,214421,50,,,1,30,,214422,50,,,1,70,,214423,50,,,1,30,,214424,50,,,1,70,,214425,50,,,1,30,,214426,50,,,1,70,,214427,50,,,1,30,,214428,50,,,1,70,,214429,50,,,1,30,,214430,50,,,1,71,,214431,50,,,1,33,,214449,50,,,1,72,,214435,50,,,1,30,,214434,50,,,1,70,,214433,50,,,1,30,,214432,50,,,1,70,,214451,50,,,1,26,,214452,50,,,1,69,,214453,50,,,1,30,,214440,50,,,1,70,,214441,50,,,1,30,,214442,50,,,1,70,,214443,50,,,1,30,,214444,50,,,1,68,,214445,50,,,1
10201,'102-Weekday-5-26-09-1111100',606,,258007,50,,,1,32,,257984,50,,,1,69,,257985,50,,,1,15,,257986,50,,,1,15,,258016,50,,,1,15,,258008,50,,,1,55,,257987,50,,,1,15,,257988,50,,,1,15,,258015,50,,,1,15,,258006,50,,,1,55,,257989,50,,,1,15,,258005,50,,,1,19,,258019,50,,,1,59,,258017,50,,,1,20,,257990,50,,,1,30,,257991,50,,,1,70,,257992,50,,,1,30,,257993,50,,,1,70,,257994,50,,,1,30,,257995,50,,,1,70,,257996,50,,,1,30,,257997,50,,,1,70,,257998,50,,,1,30,,257999,50,,,1,71,,258000,50,,,1,33,,258018,50,,,1,72,,258004,50,,,1,30,,258003,50,,,1,70,,258002,50,,,1,30,,258001,50,,,1,70,,258020,50,,,1,26,,258021,50,,,1,69,,258022,50,,,1,30,,258009,50,,,1,70,,258010,50,,,1,30,,258011,50,,,1,70,,258012,50,,,1,30,,258013,50,,,1,68,,258014,50,,,1
10201,'102-Weekday-6-26-09-1111100',606,,258046,50,,,1,32,,258023,50,,,1,69,,258024,50,,,1,15,,258025,50,,,1,15,,258055,50,,,1,15,,258047,50,,,1,55,,258026,50,,,1,15,,258027,50,,,1,15,,258054,50,,,1,15,,258045,50,,,1,55,,258028,50,,,1,15,,258044,50,,,1,19,,258058,50,,,1,59,,258056,50,,,1,20,,258029,50,,,1,30,,258030,50,,,1,70,,258031,50,,,1,30,,258032,50,,,1,70,,258033,50,,,1,30,,258034,50,,,1,70,,258035,50,,,1,30,,258036,50,,,1,70,,258037,50,,,1,30,,258038,50,,,1,71,,258039,50,,,1,33,,258057,50,,,1,72,,258043,50,,,1,30,,258042,50,,,1,70,,258041,50,,,1,30,,258040,50,,,1,70,,258059,50,,,1,26,,258060,50,,,1,69,,258061,50,,,1,30,,258048,50,,,1,70,,258049,50,,,1,30,,258050,50,,,1,70,,258051,50,,,1,30,,258052,50,,,1,68,,258053,50,,,1
10201,'102-Weekday-7-26-09-1111100',606,,258085,50,,,1,32,,258062,50,,,1,69,,258063,50,,,1,15,,258064,50,,,1,15,,258094,50,,,1,15,,258086,50,,,1,55,,258065,50,,,1,15,,258066,50,,,1,15,,258093,50,,,1,15,,258084,50,,,1,55,,258067,50,,,1,15,,258083,50,,,1,19,,258097,50,,,1,59,,258095,50,,,1,20,,258068,50,,,1,30,,258069,50,,,1,70,,258070,50,,,1,30,,258071,50,,,1,70,,258072,50,,,1,30,,258073,50,,,1,70,,258074,50,,,1,30,,258075,50,,,1,70,,258076,50,,,1,30,,258077,50,,,1,71,,258078,50,,,1,33,,258096,50,,,1,72,,258082,50,,,1,30,,258081,50,,,1,70,,258080,50,,,1,30,,258079,50,,,1,70,,258098,50,,,1,26,,258099,50,,,1,69,,258100,50,,,1,30,,258087,50,,,1,70,,258088,50,,,1,30,,258089,50,,,1,70,,258090,50,,,1,30,,258091,50,,,1,68,,258092,50,,,1
10201,'102-Saturday-1-26-09-0000010',633,,214454,50,,,1,100,,214455,50,,,1,100,,214456,50,,,1,87,,214457,50,,,1,86,,214458,50,,,1,43,,214462,50,,,1,70,,214463,50,,,1,30,,214464,50,,,1,70,,214465,50,,,1,30,,214466,50,,,1,70,,214467,50,,,1,30,,214468,50,,,1,70,,214469,50,,,1,30,,214470,50,,,1,70,,214471,50,,,1,30,,214472,50,,,1,70,,214473,50,,,1,30,,214474,50,,,1,70,,214475,50,,,1,28,,214476,50,,,1,69,,214460,50,,,1,30,,214461,50,,,1,70,,214459,50,,,1,30,,214477,50,,,1
10201,'102-Sunday-1-26-09-0000001',1047,,214478,50,,,1,70,,214479,50,,,1,30,,214480,50,,,1,70,,214481,50,,,1,30,,214482,50,,,1,70,,214483,50,,,1,30,,214484,50,,,1,70,,214485,50,,,1,30,,214486,50,,,1,70,,214487,50,,,1,30,,214488,50,,,1,70,,214489,50,,,1,30,,214490,50,,,1,70,,214491,50,,,1,29,,214492,50,,,1,70,,214493,50,,,1,30,,214494,50,,,1,70,,214495,50,,,1
11100,'111-Weekday-1-26-09-1111100',917,,217215,20,,,1,100,,217216,20,,,1,100,,217217,20,,,1,100,,217218,20,,,1,100,,217219,20,,,1,100,,217220,20,,,1,101,,217221,20,,,1
11100,'111-Weekday-2-26-09-1111100',917,,217222,20,,,1,100,,217223,20,,,1,100,,217224,20,,,1,100,,217225,20,,,1,100,,217226,20,,,1,100,,217227,20,,,1,101,,217228,20,,,1
11100,'111-Weekday-3-26-09-1111100',917,,260746,20,,,1,100,,260747,20,,,1,100,,260748,20,,,1,100,,260749,20,,,1,100,,260750,20,,,1,100,,260751,20,,,1,101,,260752,20,,,1
11100,'111-Weekday-4-26-09-1111100',917,,217229,20,,,1,100,,217230,20,,,1,100,,217231,20,,,1,100,,217232,20,,,1,100,,217233,20,,,1,100,,217234,20,,,1,101,,217235,20,,,1
11100,'111-Weekday-5-26-09-1111100',917,,260753,20,,,1,100,,260754,20,,,1,100,,260755,20,,,1,100,,260756,20,,,1,100,,260757,20,,,1,100,,260758,20,,,1,101,,260759,20,,,1
11100,'111-Weekday-6-26-09-1111100',917,,260760,20,,,1,100,,260761,20,,,1,100,,260762,20,,,1,100,,260763,20,,,1,100,,260764,20,,,1,100,,260765,20,,,1,101,,260766,20,,,1
11100,'111-Weekday-7-26-09-1111100',917,,260767,20,,,1,100,,260768,20,,,1,100,,260769,20,,,1,100,,260770,20,,,1,100,,260771,20,,,1,100,,260772,20,,,1,101,,260773,20,,,1
11100,'111-Saturday-1-26-09-0000010',917,,217241,20,0,34,1,100,,217242,20,0,34,1,100,,217238,20,0,34,1,100,,217239,20,0,34,1,100,,217240,20,0,34,1,100,,217236,20,0,34,1,100,,217237,20,0,34,1
11101,'111-Weekday-1-26-09-1111100',1001,,217243,42,,,1,100,,217244,42,,,1,100,,217245,42,,,1,100,,217246,42,,,1,100,,217247,42,,,1,100,,217248,42,,,1,100,,217249,42,,,1
11101,'111-Weekday-2-26-09-1111100',1001,,217250,42,,,1,100,,217251,42,,,1,100,,217252,42,,,1,100,,217253,42,,,1,100,,217254,42,,,1,100,,217255,42,,,1,100,,217256,42,,,1
11101,'111-Weekday-3-26-09-1111100',1001,,260774,42,,,1,100,,260775,42,,,1,100,,260776,42,,,1,100,,260777,42,,,1,100,,260778,42,,,1,100,,260779,42,,,1,100,,260780,42,,,1
11101,'111-Weekday-4-26-09-1111100',1001,,217257,42,,,1,100,,217258,42,,,1,100,,217259,42,,,1,100,,217260,42,,,1,100,,217261,42,,,1,100,,217262,42,,,1,100,,217263,42,,,1
11101,'111-Weekday-5-26-09-1111100',1001,,260781,42,,,1,100,,260782,42,,,1,100,,260783,42,,,1,100,,260784,42,,,1,100,,260785,42,,,1,100,,260786,42,,,1,100,,260787,42,,,1
11101,'111-Weekday-6-26-09-1111100',1001,,260788,42,,,1,100,,260789,42,,,1,100,,260790,42,,,1,100,,260791,42,,,1,100,,260792,42,,,1,100,,260793,42,,,1,100,,260794,42,,,1
11101,'111-Weekday-7-26-09-1111100',1001,,260795,42,,,1,100,,260796,42,,,1,100,,260797,42,,,1,100,,260798,42,,,1,100,,260799,42,,,1,100,,260800,42,,,1,100,,260801,42,,,1
11101,'111-Saturday-1-26-09-0000010',944,,217264,35,,,1,100,,217266,35,,,1,100,,217267,35,,,1,100,,217268,35,,,1,100,,217269,35,,,1,100,,217270,35,,,1,100,,217265,35,,,1
