900,'009-Weekday-1-26-09-1111100',509,,209636,30,,,1,15,,209637,30,,,1,15,,209638,30,,,1,15,,209639,30,,,1,55,,209640,30,,,1,15,,209641,30,,,1,18,,209642,30,,,1,58,,209643,30,,,1,12,,209635,30,,,1,15,,209644,30,,,1,17,,209646,30,,,1,15,,209648,30,,,1,55,,209650,30,,,1,15,,209652,30,,,1,13,,209654,30,,,1,6,,209744,9,,,1,6,,209655,30,,,1,49,,209745,9,,,1,7,,209656,30,,,1,8,,209746,9,,,1,7,,209657,30,,,1,8,,209747,9,,,1,7,,209658,30,,,1,8,,209748,9,,,1,7,,209659,30,,,1,48,,209749,9,,,1,7,,209660,30,,,1,8,,209750,9,,,1,7,,209661,30,,,1,8,,209751,9,,,1,7,,209662,30,,,1,8,,209752,9,,,1,7,,209663,30,,,1,48,,209753,9,,,1,7,,209664,30,,,1,8,,209754,9,,,1,7,,209665,30,,,1,8,,209755,9,,,1,7,,209666,30,,,1,8,,209756,9,,,1,7,,209667,30,,,1,48,,209757,9,,,1,7,,209668,30,,,1,8,,209669,9,,,1,7,,209670,30,,,1,8,,209671,9,,,1,7,,209672,30,,,1,8,,209673,9,,,1,7,,209674,30,,,1,48,,209675,9,,,1,7,,209676,30,,,1,8,,209677,9,,,1,7,,209678,30,,,1,8,,209679,9,,,1,7,,209680,30,,,1,8,,209681,9,,,1,7,,209682,30,,,1,48,,209683,9,,,1,7,,209684,30,,,1,8,,209685,9,,,1,7,,209686,30,,,1,8,,209687,9,,,1,7,,209688,30,,,1,8,,209689,9,,,1,7,,209690,30,,,1,49,,209691,9,,,1,7,,209692,30,,,1,10,,209693,9,,,1,8,,209694,30,,,1,1,,209758,9,,,1,8,,209695,9,,,1,7,,209696,30,,,1,8,,209697,9,,,1,47,,209698,30,,,1,8,,209699,9,,,1,7,,209700,30,,,1,8,,209701,9,,,1,7,,209702,30,,,1,8,,209703,9,,,1,7,,209704,30,,,1,8,,209705,9,,,1,47,,209706,30,,,1,8,,209707,9,,,1,7,,209708,30,,,1,8,,209742,9,,,1,7,,209709,30,,,1,8,,209743,9,,,1,7,,209710,30,,,1,12,,209711,30,,,1,53,,209712,30,,,1,15,,209713,30,,,1,14,,209714,30,,,1,12,,209715,30,,,1,54,,209716,30,,,1,15,,209717,30,,,1,16,,209718,30,,,1,16,,209719,30,,,1,55,,209720,30,,,1,15,,209721,30,,,1,15,,209722,30,,,1,15,,209723,30,,,1,55,,209724,30,,,1,15,,209725,30,,,1,15,,209726,30,,,1,15,,209727,30,,,1,55,,209728,30,,,1,14,,209729,30,,,1,19,,209730,30,,,1,60,,209731,30,,,1,18,,209732,30,,,1,20,,209733,30,,,1,20,,209734,30,,,1,60,,209741,30,,,1,20,,209735,30,,,1,69,,209736,34,0,28 29 30,1,30,,209737,34,0,28 29 30,1,70,,209738,34,0,28 29 30,1,30,,209739,34,0,28 29 30,1,70,,209740,34,0,28 29 30,1
900,'009-Weekday-2-26-09-1111100',509,,209760,30,,,1,15,,209761,30,,,1,15,,209762,30,,,1,15,,209763,30,,,1,55,,209764,30,,,1,15,,209765,30,,,1,18,,209766,30,,,1,58,,209767,30,,,1,12,,209759,30,,,1,15,,209768,30,,,1,17,,209770,30,,,1,15,,209772,30,,,1,55,,209774,30,,,1,15,,209776,30,,,1,13,,209778,30,,,1,6,,209868,9,,,1,6,,209779,30,,,1,49,,209869,9,,,1,7,,209780,30,,,1,8,,209870,9,,,1,7,,209781,30,,,1,8,,209871,9,,,1,7,,209782,30,,,1,8,,209872,9,,,1,7,,209783,30,,,1,48,,209873,9,,,1,7,,209784,30,,,1,8,,209874,9,,,1,7,,209785,30,,,1,8,,209875,9,,,1,7,,209786,30,,,1,8,,209876,9,,,1,7,,209787,30,,,1,48,,209877,9,,,1,7,,209788,30,,,1,8,,209878,9,,,1,7,,209789,30,,,1,8,,209879,9,,,1,7,,209790,30,,,1,8,,209880,9,,,1,7,,209791,30,,,1,48,,209881,9,,,1,7,,209792,30,,,1,8,,209793,9,,,1,7,,209794,30,,,1,8,,209795,9,,,1,7,,209796,30,,,1,8,,209797,9,,,1,7,,209798,30,,,1,48,,209799,9,,,1,7,,209800,30,,,1,8,,209801,9,,,1,7,,209802,30,,,1,8,,209803,9,,,1,7,,209804,30,,,1,8,,209805,9,,,1,7,,209806,30,,,1,48,,209807,9,,,1,7,,209808,30,,,1,8,,209809,9,,,1,7,,209810,30,,,1,8,,209811,9,,,1,7,,209812,30,,,1,8,,209813,9,,,1,7,,209814,30,,,1,49,,209815,9,,,1,7,,209816,30,,,1,10,,209817,9,,,1,8,,209818,30,,,1,1,,209882,9,,,1,8,,209819,9,,,1,7,,209820,30,,,1,8,,209821,9,,,1,47,,209822,30,,,1,8,,209823,9,,,1,7,,209824,30,,,1,8,,209825,9,,,1,7,,209826,30,,,1,8,,209827,9,,,1,7,,209828,30,,,1,8,,209829,9,,,1,47,,209830,30,,,1,8,,209831,9,,,1,7,,209832,30,,,1,8,,209866,9,,,1,7,,209833,30,,,1,8,,209867,9,,,1,7,,209834,30,,,1,12,,209835,30,,,1,53,,209836,30,,,1,15,,209837,30,,,1,14,,209838,30,,,1,12,,209839,30,,,1,54,,209840,30,,,1,15,,209841,30,,,1,16,,209842,30,,,1,16,,209843,30,,,1,55,,209844,30,,,1,15,,209845,30,,,1,15,,209846,30,,,1,15,,209847,30,,,1,55,,209848,30,,,1,15,,209849,30,,,1,15,,209850,30,,,1,15,,209851,30,,,1,55,,209852,30,,,1,14,,209853,30,,,1,19,,209854,30,,,1,60,,209855,30,,,1,18,,209856,30,,,1,20,,209857,30,,,1,20,,209858,30,,,1,60,,209865,30,,,1,20,,209859,30,,,1,69,,209860,34,0,28 29 30,1,30,,209861,34,0,28 29 30,1,70,,209862,34,0,28 29 30,1,30,,209863,34,0,28 29 30,1,70,,209864,34,0,28 29 30,1
900,'009-Weekday-3-26-09-1111100',509,,252902,30,,,1,15,,252903,30,,,1,15,,252904,30,,,1,15,,252905,30,,,1,55,,252906,30,,,1,15,,252907,30,,,1,18,,252908,30,,,1,58,,252909,30,,,1,12,,252901,30,,,1,15,,252910,30,,,1,17,,252912,30,,,1,15,,252914,30,,,1,55,,252916,30,,,1,15,,252918,30,,,1,13,,252920,30,,,1,6,,253010,9,,,1,6,,252921,30,,,1,49,,253011,9,,,1,7,,252922,30,,,1,8,,253012,9,,,1,7,,252923,30,,,1,8,,253013,9,,,1,7,,252924,30,,,1,8,,253014,9,,,1,7,,252925,30,,,1,48,,253015,9,,,1,7,,252926,30,,,1,8,,253016,9,,,1,7,,252927,30,,,1,8,,253017,9,,,1,7,,252928,30,,,1,8,,253018,9,,,1,7,,252929,30,,,1,48,,253019,9,,,1,7,,252930,30,,,1,8,,253020,9,,,1,7,,252931,30,,,1,8,,253021,9,,,1,7,,252932,30,,,1,8,,253022,9,,,1,7,,252933,30,,,1,48,,253023,9,,,1,7,,252934,30,,,1,8,,252935,9,,,1,7,,252936,30,,,1,8,,252937,9,,,1,7,,252938,30,,,1,8,,252939,9,,,1,7,,252940,30,,,1,48,,252941,9,,,1,7,,252942,30,,,1,8,,252943,9,,,1,7,,252944,30,,,1,8,,252945,9,,,1,7,,252946,30,,,1,8,,252947,9,,,1,7,,252948,30,,,1,48,,252949,9,,,1,7,,252950,30,,,1,8,,252951,9,,,1,7,,252952,30,,,1,8,,252953,9,,,1,7,,252954,30,,,1,8,,252955,9,,,1,7,,252956,30,,,1,49,,252957,9,,,1,7,,252958,30,,,1,10,,252959,9,,,1,8,,252960,30,,,1,9,,252961,9,,,1,7,,252962,30,,,1,8,,252963,9,,,1,47,,252964,30,,,1,8,,252965,9,,,1,7,,252966,30,,,1,8,,252967,9,,,1,7,,252968,30,,,1,8,,252969,9,,,1,7,,252970,30,,,1,8,,252971,9,,,1,47,,252972,30,,,1,8,,252973,9,,,1,7,,252974,30,,,1,8,,253008,9,,,1,7,,252975,30,,,1,8,,253009,9,,,1,7,,252976,30,,,1,12,,252977,30,,,1,53,,252978,30,,,1,15,,252979,30,,,1,14,,252980,30,,,1,12,,252981,30,,,1,54,,252982,30,,,1,15,,252983,30,,,1,16,,252984,30,,,1,16,,252985,30,,,1,55,,252986,30,,,1,15,,252987,30,,,1,15,,252988,30,,,1,15,,252989,30,,,1,55,,252990,30,,,1,15,,252991,30,,,1,15,,252992,30,,,1,15,,252993,30,,,1,55,,252994,30,,,1,14,,252995,30,,,1,19,,252996,30,,,1,60,,252997,30,,,1,18,,252998,30,,,1,20,,252999,30,,,1,20,,253000,30,,,1,60,,253007,30,,,1,20,,253001,30,,,1,69,,253002,34,0,28 29 30,1,30,,253003,34,0,28 29 30,1,70,,253004,34,0,28 29 30,1,30,,253005,34,0,28 29 30,1,70,,253006,34,0,28 29 30,1
900,'009-Weekday-4-26-09-1111100',509,,209884,30,,,1,15,,209885,30,,,1,15,,209886,30,,,1,15,,209887,30,,,1,55,,209888,30,,,1,15,,209889,30,,,1,18,,209890,30,,,1,58,,209891,30,,,1,12,,209883,30,,,1,15,,209892,30,,,1,17,,209894,30,,,1,15,,209896,30,,,1,55,,209898,30,,,1,15,,209900,30,,,1,13,,209902,30,,,1,6,,209992,9,,,1,6,,209903,30,,,1,49,,209993,9,,,1,7,,209904,30,,,1,8,,209994,9,,,1,7,,209905,30,,,1,8,,209995,9,,,1,7,,209906,30,,,1,8,,209996,9,,,1,7,,209907,30,,,1,48,,209997,9,,,1,7,,209908,30,,,1,8,,209998,9,,,1,7,,209909,30,,,1,8,,209999,9,,,1,7,,209910,30,,,1,8,,210000,9,,,1,7,,209911,30,,,1,48,,210001,9,,,1,7,,209912,30,,,1,8,,210002,9,,,1,7,,209913,30,,,1,8,,210003,9,,,1,7,,209914,30,,,1,8,,210004,9,,,1,7,,209915,30,,,1,48,,210005,9,,,1,7,,209916,30,,,1,8,,209917,9,,,1,7,,209918,30,,,1,8,,209919,9,,,1,7,,209920,30,,,1,8,,209921,9,,,1,7,,209922,30,,,1,48,,209923,9,,,1,7,,209924,30,,,1,8,,209925,9,,,1,7,,209926,30,,,1,8,,209927,9,,,1,7,,209928,30,,,1,8,,209929,9,,,1,7,,209930,30,,,1,48,,209931,9,,,1,7,,209932,30,,,1,8,,209933,9,,,1,7,,209934,30,,,1,8,,209935,9,,,1,7,,209936,30,,,1,8,,209937,9,,,1,7,,209938,30,,,1,49,,209939,9,,,1,7,,209940,30,,,1,10,,209941,9,,,1,8,,209942,30,,,1,9,,209943,9,,,1,7,,209944,30,,,1,8,,209945,9,,,1,47,,209946,30,,,1,8,,209947,9,,,1,7,,209948,30,,,1,8,,209949,9,,,1,7,,209950,30,,,1,8,,209951,9,,,1,7,,209952,30,,,1,8,,209953,9,,,1,47,,209954,30,,,1,8,,209955,9,,,1,7,,209956,30,,,1,8,,209990,9,,,1,7,,209957,30,,,1,8,,209991,9,,,1,7,,209958,30,,,1,12,,209959,30,,,1,53,,209960,30,,,1,15,,209961,30,,,1,14,,209962,30,,,1,12,,209963,30,,,1,54,,209964,30,,,1,15,,209965,30,,,1,16,,209966,30,,,1,16,,209967,30,,,1,55,,209968,30,,,1,15,,209969,30,,,1,15,,209970,30,,,1,15,,209971,30,,,1,55,,209972,30,,,1,15,,209973,30,,,1,15,,209974,30,,,1,15,,209975,30,,,1,55,,209976,30,,,1,14,,209977,30,,,1,19,,209978,30,,,1,60,,209979,30,,,1,18,,209980,30,,,1,20,,209981,30,,,1,20,,209982,30,,,1,60,,209989,30,,,1,20,,209983,30,,,1,69,,209984,34,0,28 29 30,1,30,,209985,34,0,28 29 30,1,70,,209986,34,0,28 29 30,1,30,,209987,34,0,28 29 30,1,70,,209988,34,0,28 29 30,1
900,'009-Weekday-5-26-09-1111100',509,,253025,30,,,1,15,,253026,30,,,1,15,,253027,30,,,1,15,,253028,30,,,1,55,,253029,30,,,1,15,,253030,30,,,1,18,,253031,30,,,1,58,,253032,30,,,1,12,,253024,30,,,1,15,,253033,30,,,1,17,,253035,30,,,1,15,,253037,30,,,1,55,,253039,30,,,1,15,,253041,30,,,1,13,,253043,30,,,1,6,,253133,9,,,1,6,,253044,30,,,1,49,,253134,9,,,1,7,,253045,30,,,1,8,,253135,9,,,1,7,,253046,30,,,1,8,,253136,9,,,1,7,,253047,30,,,1,8,,253137,9,,,1,7,,253048,30,,,1,48,,253138,9,,,1,7,,253049,30,,,1,8,,253139,9,,,1,7,,253050,30,,,1,8,,253140,9,,,1,7,,253051,30,,,1,8,,253141,9,,,1,7,,253052,30,,,1,48,,253142,9,,,1,7,,253053,30,,,1,8,,253143,9,,,1,7,,253054,30,,,1,8,,253144,9,,,1,7,,253055,30,,,1,8,,253145,9,,,1,7,,253056,30,,,1,48,,253146,9,,,1,7,,253057,30,,,1,8,,253058,9,,,1,7,,253059,30,,,1,8,,253060,9,,,1,7,,253061,30,,,1,8,,253062,9,,,1,7,,253063,30,,,1,48,,253064,9,,,1,7,,253065,30,,,1,8,,253066,9,,,1,7,,253067,30,,,1,8,,253068,9,,,1,7,,253069,30,,,1,8,,253070,9,,,1,7,,253071,30,,,1,48,,253072,9,,,1,7,,253073,30,,,1,8,,253074,9,,,1,7,,253075,30,,,1,8,,253076,9,,,1,7,,253077,30,,,1,8,,253078,9,,,1,7,,253079,30,,,1,49,,253080,9,,,1,7,,253081,30,,,1,10,,253082,9,,,1,8,,253083,30,,,1,9,,253084,9,,,1,7,,253085,30,,,1,8,,253086,9,,,1,47,,253087,30,,,1,8,,253088,9,,,1,7,,253089,30,,,1,8,,253090,9,,,1,7,,253091,30,,,1,8,,253092,9,,,1,7,,253093,30,,,1,8,,253094,9,,,1,47,,253095,30,,,1,8,,253096,9,,,1,7,,253097,30,,,1,8,,253131,9,,,1,7,,253098,30,,,1,8,,253132,9,,,1,7,,253099,30,,,1,12,,253100,30,,,1,53,,253101,30,,,1,15,,253102,30,,,1,14,,253103,30,,,1,12,,253104,30,,,1,54,,253105,30,,,1,15,,253106,30,,,1,16,,253107,30,,,1,16,,253108,30,,,1,55,,253109,30,,,1,15,,253110,30,,,1,15,,253111,30,,,1,15,,253112,30,,,1,55,,253113,30,,,1,15,,253114,30,,,1,15,,253115,30,,,1,15,,253116,30,,,1,55,,253117,30,,,1,14,,253118,30,,,1,19,,253119,30,,,1,60,,253120,30,,,1,18,,253121,30,,,1,20,,253122,30,,,1,20,,253123,30,,,1,60,,253130,30,,,1,20,,253124,30,,,1,69,,253125,34,0,28 29 30,1,30,,253126,34,0,28 29 30,1,70,,253127,34,0,28 29 30,1,30,,253128,34,0,28 29 30,1,70,,253129,34,0,28 29 30,1
900,'009-Weekday-6-26-09-1111100',509,,253148,30,,,1,15,,253149,30,,,1,15,,253150,30,,,1,15,,253151,30,,,1,55,,253152,30,,,1,15,,253153,30,,,1,18,,253154,30,,,1,58,,253155,30,,,1,12,,253147,30,,,1,15,,253156,30,,,1,17,,253158,30,,,1,15,,253160,30,,,1,55,,253162,30,,,1,15,,253164,30,,,1,13,,253166,30,,,1,6,,253256,9,,,1,6,,253167,30,,,1,49,,253257,9,,,1,7,,253168,30,,,1,8,,253258,9,,,1,7,,253169,30,,,1,8,,253259,9,,,1,7,,253170,30,,,1,8,,253260,9,,,1,7,,253171,30,,,1,48,,253261,9,,,1,7,,253172,30,,,1,8,,253262,9,,,1,7,,253173,30,,,1,8,,253263,9,,,1,7,,253174,30,,,1,8,,253264,9,,,1,7,,253175,30,,,1,48,,253265,9,,,1,7,,253176,30,,,1,8,,253266,9,,,1,7,,253177,30,,,1,8,,253267,9,,,1,7,,253178,30,,,1,8,,253268,9,,,1,7,,253179,30,,,1,48,,253269,9,,,1,7,,253180,30,,,1,8,,253181,9,,,1,7,,253182,30,,,1,8,,253183,9,,,1,7,,253184,30,,,1,8,,253185,9,,,1,7,,253186,30,,,1,48,,253187,9,,,1,7,,253188,30,,,1,8,,253189,9,,,1,7,,253190,30,,,1,8,,253191,9,,,1,7,,253192,30,,,1,8,,253193,9,,,1,7,,253194,30,,,1,48,,253195,9,,,1,7,,253196,30,,,1,8,,253197,9,,,1,7,,253198,30,,,1,8,,253199,9,,,1,7,,253200,30,,,1,8,,253201,9,,,1,7,,253202,30,,,1,49,,253203,9,,,1,7,,253204,30,,,1,10,,253205,9,,,1,8,,253206,30,,,1,1,,253270,9,,,1,8,,253207,9,,,1,7,,253208,30,,,1,8,,253209,9,,,1,47,,253210,30,,,1,8,,253211,9,,,1,7,,253212,30,,,1,8,,253213,9,,,1,7,,253214,30,,,1,8,,253215,9,,,1,7,,253216,30,,,1,8,,253217,9,,,1,47,,253218,30,,,1,8,,253219,9,,,1,7,,253220,30,,,1,8,,253254,9,,,1,7,,253221,30,,,1,8,,253255,9,,,1,7,,253222,30,,,1,12,,253223,30,,,1,53,,253224,30,,,1,15,,253225,30,,,1,14,,253226,30,,,1,12,,253227,30,,,1,54,,253228,30,,,1,15,,253229,30,,,1,16,,253230,30,,,1,16,,253231,30,,,1,55,,253232,30,,,1,15,,253233,30,,,1,15,,253234,30,,,1,15,,253235,30,,,1,55,,253236,30,,,1,15,,253237,30,,,1,15,,253238,30,,,1,15,,253239,30,,,1,55,,253240,30,,,1,14,,253241,30,,,1,19,,253242,30,,,1,60,,253243,30,,,1,18,,253244,30,,,1,20,,253245,30,,,1,20,,253246,30,,,1,60,,253253,30,,,1,20,,253247,30,,,1,69,,253248,34,0,28 29 30,1,30,,253249,34,0,28 29 30,1,70,,253250,34,0,28 29 30,1,30,,253251,34,0,28 29 30,1,70,,253252,34,0,28 29 30,1
900,'009-Weekday-7-26-09-1111100',509,,253272,30,,,1,15,,253273,30,,,1,15,,253274,30,,,1,15,,253275,30,,,1,55,,253276,30,,,1,15,,253277,30,,,1,18,,253278,30,,,1,58,,253279,30,,,1,12,,253271,30,,,1,15,,253280,30,,,1,17,,253282,30,,,1,15,,253284,30,,,1,55,,253286,30,,,1,15,,253288,30,,,1,13,,253290,30,,,1,6,,253380,9,,,1,6,,253291,30,,,1,49,,253381,9,,,1,7,,253292,30,,,1,8,,253382,9,,,1,7,,253293,30,,,1,8,,253383,9,,,1,7,,253294,30,,,1,8,,253384,9,,,1,7,,253295,30,,,1,48,,253385,9,,,1,7,,253296,30,,,1,8,,253386,9,,,1,7,,253297,30,,,1,8,,253387,9,,,1,7,,253298,30,,,1,8,,253388,9,,,1,7,,253299,30,,,1,48,,253389,9,,,1,7,,253300,30,,,1,8,,253390,9,,,1,7,,253301,30,,,1,8,,253391,9,,,1,7,,253302,30,,,1,8,,253392,9,,,1,7,,253303,30,,,1,48,,253393,9,,,1,7,,253304,30,,,1,8,,253305,9,,,1,7,,253306,30,,,1,8,,253307,9,,,1,7,,253308,30,,,1,8,,253309,9,,,1,7,,253310,30,,,1,48,,253311,9,,,1,7,,253312,30,,,1,8,,253313,9,,,1,7,,253314,30,,,1,8,,253315,9,,,1,7,,253316,30,,,1,8,,253317,9,,,1,7,,253318,30,,,1,48,,253319,9,,,1,7,,253320,30,,,1,8,,253321,9,,,1,7,,253322,30,,,1,8,,253323,9,,,1,7,,253324,30,,,1,8,,253325,9,,,1,7,,253326,30,,,1,49,,253327,9,,,1,7,,253328,30,,,1,10,,253329,9,,,1,8,,253330,30,,,1,9,,253331,9,,,1,7,,253332,30,,,1,8,,253333,9,,,1,47,,253334,30,,,1,8,,253335,9,,,1,7,,253336,30,,,1,8,,253337,9,,,1,7,,253338,30,,,1,8,,253339,9,,,1,7,,253340,30,,,1,8,,253341,9,,,1,47,,253342,30,,,1,8,,253343,9,,,1,7,,253344,30,,,1,8,,253378,9,,,1,7,,253345,30,,,1,8,,253379,9,,,1,7,,253346,30,,,1,12,,253347,30,,,1,53,,253348,30,,,1,15,,253349,30,,,1,14,,253350,30,,,1,12,,253351,30,,,1,54,,253352,30,,,1,15,,253353,30,,,1,16,,253354,30,,,1,16,,253355,30,,,1,55,,253356,30,,,1,15,,253357,30,,,1,15,,253358,30,,,1,15,,253359,30,,,1,55,,253360,30,,,1,15,,253361,30,,,1,15,,253362,30,,,1,15,,253363,30,,,1,55,,253364,30,,,1,14,,253365,30,,,1,19,,253366,30,,,1,60,,253367,30,,,1,18,,253368,30,,,1,20,,253369,30,,,1,20,,253370,30,,,1,60,,253377,30,,,1,20,,253371,30,,,1,69,,253372,34,0,28 29 30,1,30,,253373,34,0,28 29 30,1,70,,253374,34,0,28 29 30,1,30,,253375,34,0,28 29 30,1,70,,253376,34,0,28 29 30,1
900,'009-Saturday-1-26-09-0000010',543,,210072,30,,,1,61,,210006,30,,,1,20,,210007,30,,,1,21,,210008,30,,,1,60,,210009,30,,,1,21,,210010,30,,,1,21,,210073,30,,,1,61,,210074,30,,,1,20,,210075,30,,,1,15,,210076,30,,,1,14,,210077,30,,,1,57,,210078,30,,,1,16,,210079,30,,,1,18,,210080,30,,,1,59,,210081,30,,,1,16,,210082,30,,,1,15,,210011,30,,,1,15,,210012,30,,,1,55,,210013,30,,,1,15,,210014,30,,,1,15,,210015,30,,,1,15,,210016,30,,,1,55,,210017,30,,,1,18,,210018,30,,,1,15,,210019,30,,,1,15,,210020,30,,,1,55,,210021,30,,,1,15,,210022,30,,,1,15,,210024,30,,,1,15,,210025,30,,,1,55,,210026,30,,,1,15,,210023,30,,,1,15,,210027,30,,,1,15,,210028,30,,,1,55,,210029,30,,,1,15,,210030,30,,,1,15,,210031,30,,,1,15,,210032,30,,,1,55,,210033,30,,,1,15,,210034,30,,,1,15,,210035,30,,,1,15,,210036,30,,,1,54,,210037,30,,,1,13,,210038,30,,,1,16,,210039,30,,,1,15,,210040,30,,,1,55,,210041,30,,,1,14,,210042,30,,,1,15,,210043,30,,,1,15,,210044,30,,,1,55,,210045,30,,,1,15,,210046,30,,,1,15,,210047,30,,,1,15,,210048,30,,,1,55,,210049,30,,,1,15,,210050,30,,,1,15,,210051,30,,,1,15,,210052,30,,,1,55,,210053,30,,,1,15,,210054,30,,,1,15,,210055,30,,,1,15,,210056,30,,,1,55,,210057,30,,,1,14,,210059,30,,,1,15,,210060,30,,,1,15,,210061,30,,,1,55,,210058,30,,,1,17,,210062,30,,,1,18,,210063,30,,,1,59,,210064,30,,,1,17,,210065,30,,,1,18,,210066,30,,,1,70,,210067,34,0,28 29 30,1,30,,210068,34,0,28 29 30,1,70,,210069,34,0,28 29 30,1,30,,210070,34,0,28 29 30,1,70,,210071,34,0,28 29 30,1
900,'009-Sunday-1-26-09-0000001',549,,210083,30,,,1,60,,210084,30,,,1,20,,210085,30,,,1,20,,210086,30,,,1,60,,210087,30,,,1,20,,210088,30,,,1,20,,210156,30,,,1,60,,210157,30,,,1,17,,210158,30,,,1,15,,210151,30,,,1,15,,210152,30,,,1,59,,210153,30,,,1,15,,210154,30,,,1,15,,210155,30,,,1,55,,210150,30,,,1,17,,210149,30,,,1,18,,210148,30,,,1,15,,210147,30,,,1,55,,210089,30,,,1,14,,210091,30,,,1,15,,210092,30,,,1,14,,210093,30,,,1,54,,210090,30,,,1,15,,210094,30,,,1,16,,210095,30,,,1,15,,210096,30,,,1,55,,210097,30,,,1,15,,210098,30,,,1,15,,210099,30,,,1,15,,210100,30,,,1,55,,210101,30,,,1,15,,210102,30,,,1,15,,210103,30,,,1,15,,210104,30,,,1,55,,210105,30,,,1,15,,210106,30,,,1,15,,210107,30,,,1,15,,210108,30,,,1,55,,210109,30,,,1,15,,210110,30,,,1,15,,210111,30,,,1,16,,210112,30,,,1,55,,210113,30,,,1,15,,210114,30,,,1,15,,210115,30,,,1,15,,210116,30,,,1,57,,210117,30,,,1,20,,210118,30,,,1,15,,210119,30,,,1,15,,210120,30,,,1,55,,210121,30,,,1,15,,210122,30,,,1,15,,210123,30,,,1,15,,210124,30,,,1,55,,210125,30,,,1,15,,210127,30,,,1,15,,210128,30,,,1,15,,210129,30,,,1,55,,210126,30,,,1,15,,210130,30,,,1,15,,210131,30,,,1,15,,210132,30,,,1,56,,210133,30,,,1,16,,210134,30,,,1,16,,210135,30,,,1,15,,210136,30,,,1,57,,210146,30,,,1,21,,210137,30,,,1,21,,210138,30,,,1,58,,210139,30,,,1,20,,210140,30,,,1,70,,210141,34,0,28 29 30,1,30,,210142,34,0,28 29 30,1,70,,210143,34,0,28 29 30,1,30,,210144,34,0,28 29 30,1,70,,210145,34,0,28 29 30,1
10300,'103-Weekday-1-26-09-1111100',518,,214530,3,,,1,30,,214532,3,,,1,70,,214527,3,,,1,30,,214529,3,,,1,70,,214528,3,,,1,24,,214547,3,0,15 16,1,6,,214531,3,,,1,70,,214533,3,,,1,30,,214497,3,,,1,60,,214498,3,,,1,20,,214541,3,,,1,20,,214499,3,,,1,60,,214500,3,,,1,20,,214542,3,,,1,20,,214501,3,,,1,60,,214502,3,,,1,20,,214543,3,,,1,20,,214503,3,,,1,60,,214504,3,,,1,20,,214544,3,,,1,20,,214505,3,,,1,60,,214506,3,,,1,20,,214545,3,,,1,20,,214507,3,,,1,60,,214508,3,,,1,20,,214546,3,,,1,20,,214509,3,,,1,56,,214526,3,0,15 16,1,15,,214521,3,,,1,15,,214514,3,0,15 16,1,15,,214517,3,,,1,55,,214513,3,0,15 16,1,15,,214518,3,,,1,15,,214512,3,0,15 16,1,15,,214519,3,,,1,55,,214511,3,0,15 16,1,15,,214520,3,,,1,15,,214510,3,0,15 16,1,15,,214540,3,,,1,69,,214516,3,,,1,30,,214515,3,,,1,70,,214535,3,,,1,30,,214536,3,,,1,70,,214537,3,,,1,30,,214538,3,,,1,70,,214539,3,,,1,30,,214534,3,,,1,70,,214522,3,,,1,30,,214523,3,,,1,70,,214524,3,,,1,30,,214525,3,,,1
10300,'103-Weekday-2-26-09-1111100',518,,214581,3,,,1,30,,214583,3,,,1,70,,214578,3,,,1,30,,214580,3,,,1,70,,214579,3,,,1,30,,214582,3,,,1,70,,214584,3,,,1,30,,214548,3,,,1,60,,214549,3,,,1,20,,214592,3,,,1,20,,214550,3,,,1,60,,214551,3,,,1,20,,214593,3,,,1,20,,214552,3,,,1,60,,214553,3,,,1,20,,214594,3,,,1,20,,214554,3,,,1,60,,214555,3,,,1,20,,214595,3,,,1,20,,214556,3,,,1,60,,214557,3,,,1,20,,214596,3,,,1,20,,214558,3,,,1,60,,214559,3,,,1,20,,214597,3,,,1,20,,214560,3,,,1,56,,214577,3,0,15 16,1,15,,214572,3,,,1,15,,214565,3,0,15 16,1,15,,214568,3,,,1,55,,214564,3,0,15 16,1,15,,214569,3,,,1,15,,214563,3,0,15 16,1,15,,214570,3,,,1,55,,214562,3,0,15 16,1,15,,214571,3,,,1,15,,214561,3,0,15 16,1,15,,214591,3,,,1,69,,214567,3,,,1,30,,214566,3,,,1,70,,214586,3,,,1,30,,214587,3,,,1,70,,214588,3,,,1,30,,214589,3,,,1,70,,214590,3,,,1,30,,214585,3,,,1,70,,214573,3,,,1,30,,214574,3,,,1,70,,214575,3,,,1,30,,214576,3,,,1
10300,'103-Weekday-3-26-09-1111100',518,,258135,3,,,1,30,,258137,3,,,1,70,,258132,3,,,1,30,,258134,3,,,1,70,,258133,3,,,1,24,,258152,3,0,15 16,1,6,,258136,3,,,1,70,,258138,3,,,1,30,,258102,3,,,1,60,,258103,3,,,1,20,,258146,3,,,1,20,,258104,3,,,1,60,,258105,3,,,1,20,,258147,3,,,1,20,,258106,3,,,1,60,,258107,3,,,1,20,,258148,3,,,1,20,,258108,3,,,1,60,,258109,3,,,1,20,,258149,3,,,1,20,,258110,3,,,1,60,,258111,3,,,1,20,,258150,3,,,1,20,,258112,3,,,1,60,,258113,3,,,1,20,,258151,3,,,1,20,,258114,3,,,1,56,,258131,3,0,15 16,1,15,,258126,3,,,1,15,,258119,3,0,15 16,1,15,,258122,3,,,1,55,,258118,3,0,15 16,1,15,,258123,3,,,1,15,,258117,3,0,15 16,1,15,,258124,3,,,1,55,,258116,3,0,15 16,1,15,,258125,3,,,1,15,,258115,3,0,15 16,1,15,,258145,3,,,1,69,,258121,3,,,1,30,,258120,3,,,1,70,,258140,3,,,1,30,,258141,3,,,1,70,,258142,3,,,1,30,,258143,3,,,1,70,,258144,3,,,1,30,,258139,3,,,1,70,,258127,3,,,1,30,,258128,3,,,1,70,,258129,3,,,1,30,,258130,3,,,1
10300,'103-Weekday-4-26-09-1111100',518,,214631,3,,,1,30,,214633,3,,,1,70,,214628,3,,,1,30,,214630,3,,,1,70,,214629,3,,,1,30,,214632,3,,,1,70,,214634,3,,,1,30,,214598,3,,,1,60,,214599,3,,,1,20,,214642,3,,,1,20,,214600,3,,,1,60,,214601,3,,,1,20,,214643,3,,,1,20,,214602,3,,,1,60,,214603,3,,,1,20,,214644,3,,,1,20,,214604,3,,,1,60,,214605,3,,,1,20,,214645,3,,,1,20,,214606,3,,,1,60,,214607,3,,,1,20,,214646,3,,,1,20,,214608,3,,,1,60,,214609,3,,,1,20,,214647,3,,,1,20,,214610,3,,,1,56,,214627,3,0,15 16,1,15,,214622,3,,,1,15,,214615,3,0,15 16,1,15,,214618,3,,,1,55,,214614,3,0,15 16,1,15,,214619,3,,,1,15,,214613,3,0,15 16,1,15,,214620,3,,,1,55,,214612,3,0,15 16,1,15,,214621,3,,,1,15,,214611,3,0,15 16,1,15,,214641,3,,,1,69,,214617,3,,,1,30,,214616,3,,,1,70,,214636,3,,,1,30,,214637,3,,,1,70,,214638,3,,,1,30,,214639,3,,,1,70,,214640,3,,,1,30,,214635,3,,,1,70,,214623,3,,,1,30,,214624,3,,,1,70,,214625,3,,,1,30,,214626,3,,,1
10300,'103-Weekday-5-26-09-1111100',518,,258186,3,,,1,30,,258188,3,,,1,70,,258183,3,,,1,30,,258185,3,,,1,70,,258184,3,,,1,30,,258187,3,,,1,70,,258189,3,,,1,30,,258153,3,,,1,60,,258154,3,,,1,20,,258197,3,,,1,20,,258155,3,,,1,60,,258156,3,,,1,20,,258198,3,,,1,20,,258157,3,,,1,60,,258158,3,,,1,20,,258199,3,,,1,20,,258159,3,,,1,60,,258160,3,,,1,20,,258200,3,,,1,20,,258161,3,,,1,60,,258162,3,,,1,20,,258201,3,,,1,20,,258163,3,,,1,60,,258164,3,,,1,20,,258202,3,,,1,20,,258165,3,,,1,56,,258182,3,0,15 16,1,15,,258177,3,,,1,15,,258170,3,0,15 16,1,15,,258173,3,,,1,55,,258169,3,0,15 16,1,15,,258174,3,,,1,15,,258168,3,0,15 16,1,15,,258175,3,,,1,55,,258167,3,0,15 16,1,15,,258176,3,,,1,15,,258166,3,0,15 16,1,15,,258196,3,,,1,69,,258172,3,,,1,30,,258171,3,,,1,70,,258191,3,,,1,30,,258192,3,,,1,70,,258193,3,,,1,30,,258194,3,,,1,70,,258195,3,,,1,30,,258190,3,,,1,70,,258178,3,,,1,30,,258179,3,,,1,70,,258180,3,,,1,30,,258181,3,,,1
10300,'103-Weekday-6-26-09-1111100',518,,258237,3,,,1,30,,258239,3,,,1,70,,258234,3,,,1,30,,258236,3,,,1,70,,258235,3,,,1,24,,258254,3,0,15 16,1,6,,258238,3,,,1,70,,258240,3,,,1,30,,258204,3,,,1,60,,258205,3,,,1,20,,258248,3,,,1,20,,258206,3,,,1,60,,258207,3,,,1,20,,258249,3,,,1,20,,258208,3,,,1,60,,258209,3,,,1,20,,258250,3,,,1,20,,258210,3,,,1,60,,258211,3,,,1,20,,258251,3,,,1,20,,258212,3,,,1,60,,258213,3,,,1,20,,258252,3,,,1,20,,258214,3,,,1,60,,258215,3,,,1,20,,258253,3,,,1,20,,258216,3,,,1,56,,258233,3,0,15 16,1,15,,258228,3,,,1,15,,258221,3,0,15 16,1,15,,258224,3,,,1,55,,258220,3,0,15 16,1,15,,258225,3,,,1,15,,258219,3,0,15 16,1,15,,258226,3,,,1,55,,258218,3,0,15 16,1,15,,258227,3,,,1,15,,258217,3,0,15 16,1,15,,258247,3,,,1,69,,258223,3,,,1,30,,258222,3,,,1,70,,258242,3,,,1,30,,258243,3,,,1,70,,258244,3,,,1,30,,258245,3,,,1,70,,258246,3,,,1,30,,258241,3,,,1,70,,258229,3,,,1,30,,258230,3,,,1,70,,258231,3,,,1,30,,258232,3,,,1
10300,'103-Weekday-7-26-09-1111100',518,,258288,3,,,1,30,,258290,3,,,1,70,,258285,3,,,1,30,,258287,3,,,1,70,,258286,3,,,1,30,,258289,3,,,1,70,,258291,3,,,1,30,,258255,3,,,1,60,,258256,3,,,1,20,,258299,3,,,1,20,,258257,3,,,1,60,,258258,3,,,1,20,,258300,3,,,1,20,,258259,3,,,1,60,,258260,3,,,1,20,,258301,3,,,1,20,,258261,3,,,1,60,,258262,3,,,1,20,,258302,3,,,1,20,,258263,3,,,1,60,,258264,3,,,1,20,,258303,3,,,1,20,,258265,3,,,1,60,,258266,3,,,1,20,,258304,3,,,1,20,,258267,3,,,1,56,,258284,3,0,15 16,1,15,,258279,3,,,1,15,,258272,3,0,15 16,1,15,,258275,3,,,1,55,,258271,3,0,15 16,1,15,,258276,3,,,1,15,,258270,3,0,15 16,1,15,,258277,3,,,1,55,,258269,3,0,15 16,1,15,,258278,3,,,1,15,,258268,3,0,15 16,1,15,,258298,3,,,1,69,,258274,3,,,1,30,,258273,3,,,1,70,,258293,3,,,1,30,,258294,3,,,1,70,,258295,3,,,1,30,,258296,3,,,1,70,,258297,3,,,1,30,,258292,3,,,1,70,,258280,3,,,1,30,,258281,3,,,1,70,,258282,3,,,1,30,,258283,3,,,1
10300,'103-Saturday-1-26-09-0000010',622,,214684,3,,,1,30,,214648,3,,,1,70,,214649,3,,,1,30,,214650,3,,,1,70,,214651,3,,,1,30,,214652,3,,,1,72,,214653,3,,,1,33,,214654,3,,,1,70,,214655,3,,,1,30,,214656,3,,,1,70,,214657,3,,,1,30,,214658,3,,,1,70,,214659,3,,,1,30,,214660,3,,,1,70,,214661,3,,,1,30,,214662,3,,,1,70,,214663,3,,,1,30,,214664,3,,,1,70,,214665,3,,,1,30,,214666,3,,,1,70,,214667,3,,,1,30,,214668,3,,,1,68,,214669,3,,,1,29,,214670,3,,,1,70,,214671,3,,,1,30,,214672,3,,,1,70,,214673,3,,,1,30,,214674,3,,,1,70,,214675,3,,,1,30,,214676,3,,,1,70,,214677,3,,,1,30,,214678,3,,,1,70,,214679,3,,,1,30,,214680,3,,,1,70,,214681,3,,,1,30,,214682,3,,,1,70,,214683,3,,,1
10300,'103-Sunday-1-26-09-0000001',617,,214685,3,,,1,30,,214686,3,,,1,70,,214687,3,,,1,30,,214688,3,,,1,70,,214689,3,,,1,31,,214690,3,,,1,69,,214721,3,,,1,34,,214691,3,,,1,70,,214692,3,,,1,30,,214693,3,,,1,70,,214694,3,,,1,30,,214695,3,,,1,70,,214696,3,,,1,30,,214697,3,,,1,70,,214698,3,,,1,30,,214699,3,,,1,70,,214700,3,,,1,30,,214701,3,,,1,70,,214702,3,,,1,30,,214703,3,,,1,70,,214704,3,,,1,30,,214705,3,,,1,67,,214706,3,,,1,27,,214707,3,,,1,70,,214708,3,,,1,30,,214709,3,,,1,70,,214710,3,,,1,30,,214711,3,,,1,70,,214712,3,,,1,30,,214713,3,,,1,70,,214714,3,,,1,30,,214715,3,,,1,70,,214716,3,,,1,30,,214717,3,,,1,70,,214718,3,,,1,30,,214719,3,,,1,70,,214720,3,,,1
