5201,'052-Weekday-1-26-09-1111100',522,,211530,23,,,1,30,,211531,23,,,1,70,,211532,23,,,1,33,,211533,23,,,1,61,,211534,23,,,1,17,,211535,23,,,1,15,,211536,23,,,1,55,,211537,23,,,1,15,,211538,23,,,1,11,,211573,23,0,17,1,4,,211539,23,,,1,14,,211540,23,,,1,60,,211574,23,,,1,29,,211541,23,,,1,70,,211542,23,,,1,30,,211543,23,,,1,70,,211544,23,,,1,30,,211545,23,,,1,70,,211546,23,,,1,30,,211547,23,,,1,70,,211548,23,,,1,30,,211549,23,,,1,70,,211550,23,,,1,30,,211551,23,,,1,18,,211552,23,,,1,58,,211553,23,,,1,18,,211554,23,,,1,15,,211555,23,,,1,14,,211556,23,,,1,55,,211557,23,,,1,15,,211558,23,,,1,15,,211559,23,,,1,15,,211560,23,,,1,55,,211561,23,,,1,25,,211562,23,,,1,69,,211575,23,,,1,28,,211576,23,,,1,67,,211563,23,,,1,30,,211564,23,,,1,70,,211565,23,,,1,30,,211566,23,,,1,70,,211567,23,,,1,30,,211568,23,,,1,70,,211569,23,,,1,99,,211570,23,,,1,100,,211571,23,,,1
5201,'052-Weekday-2-26-09-1111100',522,,211577,23,,,1,30,,211578,23,,,1,70,,211579,23,,,1,33,,211580,23,,,1,61,,211581,23,,,1,17,,211582,23,,,1,15,,211583,23,,,1,55,,211584,23,,,1,15,,211585,23,,,1,11,,211620,23,0,17,1,4,,211586,23,,,1,14,,211587,23,,,1,60,,211621,23,,,1,29,,211588,23,,,1,70,,211589,23,,,1,30,,211590,23,,,1,70,,211591,23,,,1,30,,211592,23,,,1,70,,211593,23,,,1,30,,211594,23,,,1,70,,211595,23,,,1,30,,211596,23,,,1,70,,211597,23,,,1,30,,211598,23,,,1,18,,211599,23,,,1,58,,211600,23,,,1,18,,211601,23,,,1,15,,211602,23,,,1,14,,211603,23,,,1,55,,211604,23,,,1,15,,211605,23,,,1,15,,211606,23,,,1,15,,211607,23,,,1,55,,211608,23,,,1,25,,211609,23,,,1,69,,211622,23,,,1,28,,211623,23,,,1,67,,211610,23,,,1,30,,211611,23,,,1,70,,211612,23,,,1,30,,211613,23,,,1,70,,211614,23,,,1,30,,211615,23,,,1,70,,211616,23,,,1,99,,211617,23,,,1,100,,211618,23,,,1
5201,'052-Weekday-3-26-09-1111100',522,,254790,23,,,1,30,,254791,23,,,1,70,,254792,23,,,1,33,,254793,23,,,1,61,,254794,23,,,1,17,,254795,23,,,1,15,,254796,23,,,1,55,,254797,23,,,1,15,,254798,23,,,1,15,,254799,23,,,1,14,,254800,23,,,1,60,,254832,23,,,1,29,,254801,23,,,1,70,,254802,23,,,1,30,,254803,23,,,1,70,,254804,23,,,1,30,,254805,23,,,1,70,,254806,23,,,1,30,,254807,23,,,1,70,,254808,23,,,1,30,,254809,23,,,1,70,,254810,23,,,1,30,,254811,23,,,1,18,,254812,23,,,1,58,,254813,23,,,1,18,,254814,23,,,1,15,,254815,23,,,1,14,,254816,23,,,1,55,,254817,23,,,1,15,,254818,23,,,1,15,,254819,23,,,1,15,,254820,23,,,1,55,,254821,23,,,1,25,,254822,23,,,1,69,,254833,23,,,1,28,,254834,23,,,1,67,,254823,23,,,1,30,,254824,23,,,1,70,,254825,23,,,1,30,,254826,23,,,1,70,,254827,23,,,1,30,,254828,23,,,1,70,,254829,23,,,1,99,,254830,23,,,1,100,,254831,23,,,1
5201,'052-Weekday-4-26-09-1111100',522,,211624,23,,,1,30,,211625,23,,,1,70,,211626,23,,,1,33,,211627,23,,,1,61,,211628,23,,,1,17,,211629,23,,,1,15,,211630,23,,,1,55,,211631,23,,,1,15,,211632,23,,,1,15,,211633,23,,,1,14,,211634,23,,,1,60,,211666,23,,,1,29,,211635,23,,,1,70,,211636,23,,,1,30,,211637,23,,,1,70,,211638,23,,,1,30,,211639,23,,,1,70,,211640,23,,,1,30,,211641,23,,,1,70,,211642,23,,,1,30,,211643,23,,,1,70,,211644,23,,,1,30,,211645,23,,,1,18,,211646,23,,,1,58,,211647,23,,,1,18,,211648,23,,,1,15,,211649,23,,,1,14,,211650,23,,,1,55,,211651,23,,,1,15,,211652,23,,,1,15,,211653,23,,,1,15,,211654,23,,,1,55,,211655,23,,,1,25,,211656,23,,,1,69,,211667,23,,,1,28,,211668,23,,,1,67,,211657,23,,,1,30,,211658,23,,,1,70,,211659,23,,,1,30,,211660,23,,,1,70,,211661,23,,,1,30,,211662,23,,,1,70,,211663,23,,,1,99,,211664,23,,,1,100,,211665,23,,,1
5201,'052-Weekday-5-26-09-1111100',522,,254835,23,,,1,30,,254836,23,,,1,70,,254837,23,,,1,33,,254838,23,,,1,61,,254839,23,,,1,17,,254840,23,,,1,15,,254841,23,,,1,55,,254842,23,,,1,15,,254843,23,,,1,15,,254844,23,,,1,14,,254845,23,,,1,60,,254877,23,,,1,29,,254846,23,,,1,70,,254847,23,,,1,30,,254848,23,,,1,70,,254849,23,,,1,30,,254850,23,,,1,70,,254851,23,,,1,30,,254852,23,,,1,70,,254853,23,,,1,30,,254854,23,,,1,70,,254855,23,,,1,30,,254856,23,,,1,18,,254857,23,,,1,58,,254858,23,,,1,18,,254859,23,,,1,15,,254860,23,,,1,14,,254861,23,,,1,55,,254862,23,,,1,15,,254863,23,,,1,15,,254864,23,,,1,15,,254865,23,,,1,55,,254866,23,,,1,25,,254867,23,,,1,69,,254878,23,,,1,28,,254879,23,,,1,67,,254868,23,,,1,30,,254869,23,,,1,70,,254870,23,,,1,30,,254871,23,,,1,70,,254872,23,,,1,30,,254873,23,,,1,70,,254874,23,,,1,99,,254875,23,,,1,100,,254876,23,,,1
5201,'052-Weekday-6-26-09-1111100',522,,254880,23,,,1,30,,254881,23,,,1,70,,254882,23,,,1,33,,254883,23,,,1,61,,254884,23,,,1,17,,254885,23,,,1,15,,254886,23,,,1,55,,254887,23,,,1,15,,254888,23,,,1,11,,254923,23,0,17,1,4,,254889,23,,,1,14,,254890,23,,,1,60,,254924,23,,,1,29,,254891,23,,,1,70,,254892,23,,,1,30,,254893,23,,,1,70,,254894,23,,,1,30,,254895,23,,,1,70,,254896,23,,,1,30,,254897,23,,,1,70,,254898,23,,,1,30,,254899,23,,,1,70,,254900,23,,,1,30,,254901,23,,,1,18,,254902,23,,,1,58,,254903,23,,,1,18,,254904,23,,,1,15,,254905,23,,,1,14,,254906,23,,,1,55,,254907,23,,,1,15,,254908,23,,,1,15,,254909,23,,,1,15,,254910,23,,,1,55,,254911,23,,,1,25,,254912,23,,,1,69,,254925,23,,,1,28,,254926,23,,,1,67,,254913,23,,,1,30,,254914,23,,,1,70,,254915,23,,,1,30,,254916,23,,,1,70,,254917,23,,,1,30,,254918,23,,,1,70,,254919,23,,,1,99,,254920,23,,,1,100,,254921,23,,,1
5201,'052-Weekday-7-26-09-1111100',522,,254927,23,,,1,30,,254928,23,,,1,70,,254929,23,,,1,33,,254930,23,,,1,61,,254931,23,,,1,17,,254932,23,,,1,15,,254933,23,,,1,55,,254934,23,,,1,15,,254935,23,,,1,15,,254936,23,,,1,14,,254937,23,,,1,60,,254969,23,,,1,29,,254938,23,,,1,70,,254939,23,,,1,30,,254940,23,,,1,70,,254941,23,,,1,30,,254942,23,,,1,70,,254943,23,,,1,30,,254944,23,,,1,70,,254945,23,,,1,30,,254946,23,,,1,70,,254947,23,,,1,30,,254948,23,,,1,18,,254949,23,,,1,58,,254950,23,,,1,18,,254951,23,,,1,15,,254952,23,,,1,14,,254953,23,,,1,55,,254954,23,,,1,15,,254955,23,,,1,15,,254956,23,,,1,15,,254957,23,,,1,55,,254958,23,,,1,25,,254959,23,,,1,69,,254970,23,,,1,28,,254971,23,,,1,67,,254960,23,,,1,30,,254961,23,,,1,70,,254962,23,,,1,30,,254963,23,,,1,70,,254964,23,,,1,30,,254965,23,,,1,70,,254966,23,,,1,99,,254967,23,,,1,100,,254968,23,,,1
5201,'052-Saturday-1-26-09-0000010',637,,211669,23,,,1,100,,211670,23,,,1,100,,211671,23,,,1,72,,211672,23,,,1,29,,211673,23,,,1,70,,211674,23,,,1,30,,211675,23,,,1,70,,211676,23,,,1,30,,211677,23,,,1,70,,211678,23,,,1,30,,211679,23,,,1,70,,211680,23,,,1,30,,211681,23,,,1,70,,211682,23,,,1,30,,211683,23,,,1,70,,211684,23,,,1,30,,211685,23,,,1,70,,211686,23,,,1,30,,211687,23,,,1,69,,211688,23,,,1,29,,211689,23,,,1,70,,211690,23,,,1,30,,211691,23,,,1,70,,211692,23,,,1,30,,211693,23,,,1,100,,211694,23,,,1,100,,211695,23,,,1,100,,211696,23,,,1,100,,211697,23,,,1
5201,'052-Sunday-1-26-09-0000001',735,,211721,23,,,1,100,,211698,23,,,1,101,,211699,23,,,1,100,,211700,23,,,1,70,,211701,23,,,1,30,,211702,23,,,1,70,,211703,23,,,1,30,,211704,23,,,1,70,,211705,23,,,1,30,,211706,23,,,1,70,,211707,23,,,1,30,,211708,23,,,1,70,,211709,23,,,1,30,,211710,23,,,1,70,,211711,23,,,1,34,,211712,23,,,1,73,,211713,23,,,1,30,,211714,23,,,1,70,,211715,23,,,1,30,,211716,23,,,1,70,,211720,23,,,1,30,,211717,23,,,1,100,,211718,23,,,1,100,,211719,23,,,1,100,,211722,23,,,1
68401,'684-Weekday-1-26-09-1111100',814,,227894,48,,,1,5,,227895,25,0,60 61,1,5,,227896,25,0,60 61,1
68401,'684-Weekday-3-26-09-1111100',814,,227897,48,,,1,5,,227898,25,0,60 61,1,5,,227899,25,0,60 61,1
68401,'684-Weekday-4-26-09-1111100',814,,270654,48,,,1,5,,270655,25,0,60 61,1,5,,270656,25,0,60 61,1
68401,'684-Weekday-7-26-09-1111100',814,,270657,48,,,1,5,,270658,25,0,60 61,1,5,,270659,25,0,60 61,1
