52701,'527-Weekday-1-26-09-1111100',541,,226995,6,,,1,70,,226996,6,,,1,31,,226997,6,,,1,70,,226998,6,,,1,20,,226999,6,,,1,20,,227000,6,,,1,60,,227001,6,,,1,20,,227002,6,,,1,20,,227003,6,,,1,59,,227004,6,,,1,30,,227005,6,,,1,70,,227006,6,,,1,30,,227007,6,,,1,70,,227008,6,,,1,30,,227009,6,,,1,70,,227010,6,,,1,30,,227011,6,,,1,70,,227012,6,,,1,30,,227013,6,,,1,70,,227014,6,,,1,30,,227015,6,,,1,72,,227016,6,,,1,20,,227017,6,,,1,20,,227018,6,,,1,60,,227019,6,,,1,20,,227020,6,,,1,20,,227021,6,,,1,60,,227022,6,,,1,20,,227023,6,,,1,20,,227024,6,,,1,60,,227025,6,,,1,28,,227026,6,,,1,70,,227027,6,,,1,30,,227028,6,,,1,70,,227029,6,,,1,30,,227030,6,,,1,70,,227031,6,,,1,30,,227032,6,,,1
52701,'527-Weekday-2-26-09-1111100',541,,227034,6,,,1,70,,227035,6,,,1,31,,227036,6,,,1,70,,227037,6,,,1,20,,227038,6,,,1,20,,227039,6,,,1,60,,227040,6,,,1,20,,227041,6,,,1,20,,227042,6,,,1,59,,227043,6,,,1,30,,227044,6,,,1,70,,227045,6,,,1,30,,227046,6,,,1,70,,227047,6,,,1,30,,227048,6,,,1,70,,227049,6,,,1,30,,227050,6,,,1,70,,227051,6,,,1,30,,227052,6,,,1,70,,227053,6,,,1,30,,227054,6,,,1,72,,227055,6,,,1,20,,227056,6,,,1,20,,227057,6,,,1,60,,227058,6,,,1,20,,227059,6,,,1,20,,227060,6,,,1,60,,227061,6,,,1,20,,227062,6,,,1,20,,227063,6,,,1,60,,227064,6,,,1,28,,227065,6,,,1,70,,227066,6,,,1,30,,227067,6,,,1,70,,227068,6,,,1,30,,227069,6,,,1,70,,227070,6,,,1,30,,227071,6,,,1
52701,'527-Weekday-3-26-09-1111100',541,,269945,6,,,1,70,,269946,6,,,1,31,,269947,6,,,1,70,,269948,6,,,1,20,,269949,6,,,1,20,,269950,6,,,1,60,,269951,6,,,1,20,,269952,6,,,1,20,,269953,6,,,1,59,,269954,6,,,1,30,,269955,6,,,1,70,,269956,6,,,1,30,,269957,6,,,1,70,,269958,6,,,1,30,,269959,6,,,1,70,,269960,6,,,1,30,,269961,6,,,1,70,,269962,6,,,1,30,,269963,6,,,1,70,,269964,6,,,1,30,,269965,6,,,1,72,,269966,6,,,1,20,,269967,6,,,1,20,,269968,6,,,1,60,,269969,6,,,1,20,,269970,6,,,1,20,,269971,6,,,1,60,,269972,6,,,1,20,,269973,6,,,1,20,,269974,6,,,1,60,,269975,6,,,1,28,,269976,6,,,1,70,,269977,6,,,1,30,,269978,6,,,1,70,,269979,6,,,1,30,,269980,6,,,1,70,,269981,6,,,1,30,,269982,6,,,1
52701,'527-Weekday-4-26-09-1111100',541,,227073,6,,,1,70,,227074,6,,,1,31,,227075,6,,,1,70,,227076,6,,,1,20,,227077,6,,,1,20,,227078,6,,,1,60,,227079,6,,,1,20,,227080,6,,,1,20,,227081,6,,,1,59,,227082,6,,,1,30,,227083,6,,,1,70,,227084,6,,,1,30,,227085,6,,,1,70,,227086,6,,,1,30,,227087,6,,,1,70,,227088,6,,,1,30,,227089,6,,,1,70,,227090,6,,,1,30,,227091,6,,,1,70,,227092,6,,,1,30,,227093,6,,,1,72,,227094,6,,,1,20,,227095,6,,,1,20,,227096,6,,,1,60,,227097,6,,,1,20,,227098,6,,,1,20,,227099,6,,,1,60,,227100,6,,,1,20,,227101,6,,,1,20,,227102,6,,,1,60,,227103,6,,,1,28,,227104,6,,,1,70,,227105,6,,,1,30,,227106,6,,,1,70,,227107,6,,,1,30,,227108,6,,,1,70,,227109,6,,,1,30,,227110,6,,,1
52701,'527-Weekday-5-26-09-1111100',541,,269984,6,,,1,70,,269985,6,,,1,31,,269986,6,,,1,70,,269987,6,,,1,20,,269988,6,,,1,20,,269989,6,,,1,60,,269990,6,,,1,20,,269991,6,,,1,20,,269992,6,,,1,59,,269993,6,,,1,30,,269994,6,,,1,70,,269995,6,,,1,30,,269996,6,,,1,70,,269997,6,,,1,30,,269998,6,,,1,70,,269999,6,,,1,30,,270000,6,,,1,70,,270001,6,,,1,30,,270002,6,,,1,70,,270003,6,,,1,30,,270004,6,,,1,72,,270005,6,,,1,20,,270006,6,,,1,20,,270007,6,,,1,60,,270008,6,,,1,20,,270009,6,,,1,20,,270010,6,,,1,60,,270011,6,,,1,20,,270012,6,,,1,20,,270013,6,,,1,60,,270014,6,,,1,28,,270015,6,,,1,70,,270016,6,,,1,30,,270017,6,,,1,70,,270018,6,,,1,30,,270019,6,,,1,70,,270020,6,,,1,30,,270021,6,,,1
52701,'527-Weekday-6-26-09-1111100',541,,270023,6,,,1,70,,270024,6,,,1,31,,270025,6,,,1,70,,270026,6,,,1,20,,270027,6,,,1,20,,270028,6,,,1,60,,270029,6,,,1,20,,270030,6,,,1,20,,270031,6,,,1,59,,270032,6,,,1,30,,270033,6,,,1,70,,270034,6,,,1,30,,270035,6,,,1,70,,270036,6,,,1,30,,270037,6,,,1,70,,270038,6,,,1,30,,270039,6,,,1,70,,270040,6,,,1,30,,270041,6,,,1,70,,270042,6,,,1,30,,270043,6,,,1,72,,270044,6,,,1,20,,270045,6,,,1,20,,270046,6,,,1,60,,270047,6,,,1,20,,270048,6,,,1,20,,270049,6,,,1,60,,270050,6,,,1,20,,270051,6,,,1,20,,270052,6,,,1,60,,270053,6,,,1,28,,270054,6,,,1,70,,270055,6,,,1,30,,270056,6,,,1,70,,270057,6,,,1,30,,270058,6,,,1,70,,270059,6,,,1,30,,270060,6,,,1
52701,'527-Weekday-7-26-09-1111100',541,,270062,6,,,1,70,,270063,6,,,1,31,,270064,6,,,1,70,,270065,6,,,1,20,,270066,6,,,1,20,,270067,6,,,1,60,,270068,6,,,1,20,,270069,6,,,1,20,,270070,6,,,1,59,,270071,6,,,1,30,,270072,6,,,1,70,,270073,6,,,1,30,,270074,6,,,1,70,,270075,6,,,1,30,,270076,6,,,1,70,,270077,6,,,1,30,,270078,6,,,1,70,,270079,6,,,1,30,,270080,6,,,1,70,,270081,6,,,1,30,,270082,6,,,1,72,,270083,6,,,1,20,,270084,6,,,1,20,,270085,6,,,1,60,,270086,6,,,1,20,,270087,6,,,1,20,,270088,6,,,1,60,,270089,6,,,1,20,,270090,6,,,1,20,,270091,6,,,1,60,,270092,6,,,1,28,,270093,6,,,1,70,,270094,6,,,1,30,,270095,6,,,1,70,,270096,6,,,1,30,,270097,6,,,1,70,,270098,6,,,1,30,,270099,6,,,1
52701,'527-Saturday-1-26-09-0000010',616,,227112,6,,,1,100,,227113,6,,,1,100,,227114,6,,,1,30,,227115,6,,,1,71,,227116,6,,,1,30,,227117,6,,,1,70,,227118,6,,,1,30,,227119,6,,,1,70,,227120,6,,,1,30,,227121,6,,,1,70,,227122,6,,,1,30,,227123,6,,,1,70,,227124,6,,,1,30,,227125,6,,,1,70,,227126,6,,,1,30,,227127,6,,,1,70,,227128,6,,,1,30,,227129,6,,,1,70,,227130,6,,,1,30,,227131,6,,,1,70,,227132,6,,,1,30,,227133,6,,,1,70,,227134,6,,,1,30,,227135,6,,,1
52701,'527-Sunday-1-26-09-0000001',1021,,227136,6,,,1,30,,227137,6,,,1,70,,227138,6,,,1,30,,227139,6,,,1,70,,227140,6,,,1,30,,227141,6,,,1,70,,227142,6,,,1,30,,227143,6,,,1,70,,227144,6,,,1,30,,227145,6,,,1,70,,227146,6,,,1,30,,227147,6,,,1,70,,227148,6,,,1,30,,227149,6,,,1,70,,227150,6,,,1,30,,227151,6,,,1,70,,227152,6,,,1,30,,227153,6,,,1
2050901,'509-Weekday-1-26-09-1111100',546,,243833,30,0,18 19 20,1,70,,243834,30,0,18 19 20,1,33,,243835,30,0,18 19 20,1,64,,243874,30,0,18 19 20,1,15,,243879,30,0,18 19 20,1,15,,243880,30,0,18 19 20,1,15,,243881,30,0,18 19 20,1,55,,243877,30,0,18 19 20,1,5,,243883,30,0,18 19 20,1,10,,243876,30,0,18 19 20,1,15,,243875,30,0,18 19 20,1,15,,243878,30,0,18 19 20,1,58,,243871,30,0,18 19 20,1,20,,243837,30,0,18 19 20,1,20,,243838,30,0,18 19 20,1,60,,243839,30,0,18 19 20,1,20,,243840,30,0,18 19 20,1,20,,243841,30,0,18 19 20,1,60,,243842,30,0,18 19 20,1,20,,243843,30,0,18 19 20,1,20,,243844,30,0,18 19 20,1,60,,243845,30,0,18 19 20,1,20,,243846,30,0,18 19 20,1,20,,243847,30,0,18 19 20,1,60,,243848,30,0,18 19 20,1,20,,243849,30,0,18 19 20,1,20,,243850,30,0,18 19 20,1,60,,243851,30,0,18 19 20,1,20,,243852,30,0,18 19 20,1,20,,243853,30,0,18 19 20,1,62,,243854,30,0,18 19 20,1,21,,243884,30,0,18 19 20,1,1,,243836,30,0,18 19 20,1,60,,243855,30,0,18 19 20,1,15,,243872,30,0,18 19 20,1,15,,243856,30,0,18 19 20,1,15,,243857,30,0,18 19 20,1,55,,243873,30,0,18 19 20,1,15,,243858,30,0,18 19 20,1,15,,243882,30,0,18 19 20,1,15,,243859,30,0,18 19 20,1,55,,243860,30,0,18 19 20,1,30,,243861,30,0,18 19 20,1,26,,243862,30,0,18 19 20,1,70,,243863,30,0,18 19 20,1,30,,243864,30,0,18 19 20,1,70,,243865,30,0,18 19 20,1,30,,243866,30,0,18 19 20,1,70,,243867,30,0,18 19 20,1,30,,243868,30,0,18 19 20,1,77,,243869,30,0,18 19 20,1,85,,243870,30,0,18 19 20,1,85,,243832,30,0,18 19 20,1
2050901,'509-Weekday-2-26-09-1111100',546,,243886,30,0,18 19 20,1,70,,243887,30,0,18 19 20,1,33,,243888,30,0,18 19 20,1,64,,243927,30,0,18 19 20,1,15,,243932,30,0,18 19 20,1,15,,243933,30,0,18 19 20,1,15,,243934,30,0,18 19 20,1,55,,243930,30,0,18 19 20,1,5,,243936,30,0,18 19 20,1,10,,243929,30,0,18 19 20,1,15,,243928,30,0,18 19 20,1,15,,243931,30,0,18 19 20,1,58,,243924,30,0,18 19 20,1,20,,243890,30,0,18 19 20,1,20,,243891,30,0,18 19 20,1,60,,243892,30,0,18 19 20,1,20,,243893,30,0,18 19 20,1,20,,243894,30,0,18 19 20,1,60,,243895,30,0,18 19 20,1,20,,243896,30,0,18 19 20,1,20,,243897,30,0,18 19 20,1,60,,243898,30,0,18 19 20,1,20,,243899,30,0,18 19 20,1,20,,243900,30,0,18 19 20,1,60,,243901,30,0,18 19 20,1,20,,243902,30,0,18 19 20,1,20,,243903,30,0,18 19 20,1,60,,243904,30,0,18 19 20,1,20,,243905,30,0,18 19 20,1,20,,243906,30,0,18 19 20,1,62,,243907,30,0,18 19 20,1,22,,243889,30,0,18 19 20,1,60,,243908,30,0,18 19 20,1,15,,243925,30,0,18 19 20,1,15,,243909,30,0,18 19 20,1,15,,243910,30,0,18 19 20,1,55,,243926,30,0,18 19 20,1,15,,243911,30,0,18 19 20,1,15,,243935,30,0,18 19 20,1,15,,243912,30,0,18 19 20,1,55,,243913,30,0,18 19 20,1,30,,243914,30,0,18 19 20,1,26,,243915,30,0,18 19 20,1,70,,243916,30,0,18 19 20,1,30,,243917,30,0,18 19 20,1,70,,243918,30,0,18 19 20,1,30,,243919,30,0,18 19 20,1,70,,243920,30,0,18 19 20,1,30,,243921,30,0,18 19 20,1,77,,243922,30,0,18 19 20,1,85,,243923,30,0,18 19 20,1,85,,243885,30,0,18 19 20,1
2050901,'509-Weekday-3-26-09-1111100',546,,286220,30,0,18 19 20,1,70,,286221,30,0,18 19 20,1,33,,286222,30,0,18 19 20,1,64,,286261,30,0,18 19 20,1,15,,286266,30,0,18 19 20,1,15,,286267,30,0,18 19 20,1,15,,286268,30,0,18 19 20,1,55,,286264,30,0,18 19 20,1,15,,286263,30,0,18 19 20,1,15,,286262,30,0,18 19 20,1,15,,286265,30,0,18 19 20,1,58,,286258,30,0,18 19 20,1,20,,286224,30,0,18 19 20,1,20,,286225,30,0,18 19 20,1,60,,286226,30,0,18 19 20,1,20,,286227,30,0,18 19 20,1,20,,286228,30,0,18 19 20,1,60,,286229,30,0,18 19 20,1,20,,286230,30,0,18 19 20,1,20,,286231,30,0,18 19 20,1,60,,286232,30,0,18 19 20,1,20,,286233,30,0,18 19 20,1,20,,286234,30,0,18 19 20,1,60,,286235,30,0,18 19 20,1,20,,286236,30,0,18 19 20,1,20,,286237,30,0,18 19 20,1,60,,286238,30,0,18 19 20,1,20,,286239,30,0,18 19 20,1,20,,286240,30,0,18 19 20,1,62,,286241,30,0,18 19 20,1,21,,286270,30,0,18 19 20,1,1,,286223,30,0,18 19 20,1,60,,286242,30,0,18 19 20,1,15,,286259,30,0,18 19 20,1,15,,286243,30,0,18 19 20,1,15,,286244,30,0,18 19 20,1,55,,286260,30,0,18 19 20,1,15,,286245,30,0,18 19 20,1,15,,286269,30,0,18 19 20,1,15,,286246,30,0,18 19 20,1,55,,286247,30,0,18 19 20,1,30,,286248,30,0,18 19 20,1,26,,286249,30,0,18 19 20,1,70,,286250,30,0,18 19 20,1,30,,286251,30,0,18 19 20,1,70,,286252,30,0,18 19 20,1,30,,286253,30,0,18 19 20,1,70,,286254,30,0,18 19 20,1,30,,286255,30,0,18 19 20,1,77,,286256,30,0,18 19 20,1,85,,286257,30,0,18 19 20,1,85,,286219,30,0,18 19 20,1
2050901,'509-Weekday-4-26-09-1111100',546,,243938,30,0,18 19 20,1,70,,243939,30,0,18 19 20,1,33,,243940,30,0,18 19 20,1,64,,243979,30,0,18 19 20,1,15,,243984,30,0,18 19 20,1,15,,243985,30,0,18 19 20,1,15,,243986,30,0,18 19 20,1,55,,243982,30,0,18 19 20,1,15,,243981,30,0,18 19 20,1,15,,243980,30,0,18 19 20,1,15,,243983,30,0,18 19 20,1,58,,243976,30,0,18 19 20,1,20,,243942,30,0,18 19 20,1,20,,243943,30,0,18 19 20,1,60,,243944,30,0,18 19 20,1,20,,243945,30,0,18 19 20,1,20,,243946,30,0,18 19 20,1,60,,243947,30,0,18 19 20,1,20,,243948,30,0,18 19 20,1,20,,243949,30,0,18 19 20,1,60,,243950,30,0,18 19 20,1,20,,243951,30,0,18 19 20,1,20,,243952,30,0,18 19 20,1,60,,243953,30,0,18 19 20,1,20,,243954,30,0,18 19 20,1,20,,243955,30,0,18 19 20,1,60,,243956,30,0,18 19 20,1,20,,243957,30,0,18 19 20,1,20,,243958,30,0,18 19 20,1,62,,243959,30,0,18 19 20,1,22,,243941,30,0,18 19 20,1,60,,243960,30,0,18 19 20,1,15,,243977,30,0,18 19 20,1,15,,243961,30,0,18 19 20,1,15,,243962,30,0,18 19 20,1,55,,243978,30,0,18 19 20,1,15,,243963,30,0,18 19 20,1,15,,243987,30,0,18 19 20,1,15,,243964,30,0,18 19 20,1,55,,243965,30,0,18 19 20,1,30,,243966,30,0,18 19 20,1,26,,243967,30,0,18 19 20,1,70,,243968,30,0,18 19 20,1,30,,243969,30,0,18 19 20,1,70,,243970,30,0,18 19 20,1,30,,243971,30,0,18 19 20,1,70,,243972,30,0,18 19 20,1,30,,243973,30,0,18 19 20,1,77,,243974,30,0,18 19 20,1,85,,243975,30,0,18 19 20,1,85,,243937,30,0,18 19 20,1
2050901,'509-Weekday-5-26-09-1111100',546,,286272,30,0,18 19 20,1,70,,286273,30,0,18 19 20,1,33,,286274,30,0,18 19 20,1,64,,286313,30,0,18 19 20,1,15,,286318,30,0,18 19 20,1,15,,286319,30,0,18 19 20,1,15,,286320,30,0,18 19 20,1,55,,286316,30,0,18 19 20,1,15,,286315,30,0,18 19 20,1,15,,286314,30,0,18 19 20,1,15,,286317,30,0,18 19 20,1,58,,286310,30,0,18 19 20,1,20,,286276,30,0,18 19 20,1,20,,286277,30,0,18 19 20,1,60,,286278,30,0,18 19 20,1,20,,286279,30,0,18 19 20,1,20,,286280,30,0,18 19 20,1,60,,286281,30,0,18 19 20,1,20,,286282,30,0,18 19 20,1,20,,286283,30,0,18 19 20,1,60,,286284,30,0,18 19 20,1,20,,286285,30,0,18 19 20,1,20,,286286,30,0,18 19 20,1,60,,286287,30,0,18 19 20,1,20,,286288,30,0,18 19 20,1,20,,286289,30,0,18 19 20,1,60,,286290,30,0,18 19 20,1,20,,286291,30,0,18 19 20,1,20,,286292,30,0,18 19 20,1,62,,286293,30,0,18 19 20,1,22,,286275,30,0,18 19 20,1,60,,286294,30,0,18 19 20,1,15,,286311,30,0,18 19 20,1,15,,286295,30,0,18 19 20,1,15,,286296,30,0,18 19 20,1,55,,286312,30,0,18 19 20,1,15,,286297,30,0,18 19 20,1,15,,286321,30,0,18 19 20,1,15,,286298,30,0,18 19 20,1,55,,286299,30,0,18 19 20,1,30,,286300,30,0,18 19 20,1,26,,286301,30,0,18 19 20,1,70,,286302,30,0,18 19 20,1,30,,286303,30,0,18 19 20,1,70,,286304,30,0,18 19 20,1,30,,286305,30,0,18 19 20,1,70,,286306,30,0,18 19 20,1,30,,286307,30,0,18 19 20,1,77,,286308,30,0,18 19 20,1,85,,286309,30,0,18 19 20,1,85,,286271,30,0,18 19 20,1
2050901,'509-Weekday-6-26-09-1111100',546,,286323,30,0,18 19 20,1,70,,286324,30,0,18 19 20,1,33,,286325,30,0,18 19 20,1,64,,286364,30,0,18 19 20,1,15,,286369,30,0,18 19 20,1,15,,286370,30,0,18 19 20,1,15,,286371,30,0,18 19 20,1,55,,286367,30,0,18 19 20,1,5,,286373,30,0,18 19 20,1,10,,286366,30,0,18 19 20,1,15,,286365,30,0,18 19 20,1,15,,286368,30,0,18 19 20,1,58,,286361,30,0,18 19 20,1,20,,286327,30,0,18 19 20,1,20,,286328,30,0,18 19 20,1,60,,286329,30,0,18 19 20,1,20,,286330,30,0,18 19 20,1,20,,286331,30,0,18 19 20,1,60,,286332,30,0,18 19 20,1,20,,286333,30,0,18 19 20,1,20,,286334,30,0,18 19 20,1,60,,286335,30,0,18 19 20,1,20,,286336,30,0,18 19 20,1,20,,286337,30,0,18 19 20,1,60,,286338,30,0,18 19 20,1,20,,286339,30,0,18 19 20,1,20,,286340,30,0,18 19 20,1,60,,286341,30,0,18 19 20,1,20,,286342,30,0,18 19 20,1,20,,286343,30,0,18 19 20,1,62,,286344,30,0,18 19 20,1,21,,286374,30,0,18 19 20,1,1,,286326,30,0,18 19 20,1,60,,286345,30,0,18 19 20,1,15,,286362,30,0,18 19 20,1,15,,286346,30,0,18 19 20,1,15,,286347,30,0,18 19 20,1,55,,286363,30,0,18 19 20,1,15,,286348,30,0,18 19 20,1,15,,286372,30,0,18 19 20,1,15,,286349,30,0,18 19 20,1,55,,286350,30,0,18 19 20,1,30,,286351,30,0,18 19 20,1,26,,286352,30,0,18 19 20,1,70,,286353,30,0,18 19 20,1,30,,286354,30,0,18 19 20,1,70,,286355,30,0,18 19 20,1,30,,286356,30,0,18 19 20,1,70,,286357,30,0,18 19 20,1,30,,286358,30,0,18 19 20,1,77,,286359,30,0,18 19 20,1,85,,286360,30,0,18 19 20,1,85,,286322,30,0,18 19 20,1
2050901,'509-Weekday-7-26-09-1111100',546,,286376,30,0,18 19 20,1,70,,286377,30,0,18 19 20,1,33,,286378,30,0,18 19 20,1,64,,286417,30,0,18 19 20,1,15,,286422,30,0,18 19 20,1,15,,286423,30,0,18 19 20,1,15,,286424,30,0,18 19 20,1,55,,286420,30,0,18 19 20,1,15,,286419,30,0,18 19 20,1,15,,286418,30,0,18 19 20,1,15,,286421,30,0,18 19 20,1,58,,286414,30,0,18 19 20,1,20,,286380,30,0,18 19 20,1,20,,286381,30,0,18 19 20,1,60,,286382,30,0,18 19 20,1,20,,286383,30,0,18 19 20,1,20,,286384,30,0,18 19 20,1,60,,286385,30,0,18 19 20,1,20,,286386,30,0,18 19 20,1,20,,286387,30,0,18 19 20,1,60,,286388,30,0,18 19 20,1,20,,286389,30,0,18 19 20,1,20,,286390,30,0,18 19 20,1,60,,286391,30,0,18 19 20,1,20,,286392,30,0,18 19 20,1,20,,286393,30,0,18 19 20,1,60,,286394,30,0,18 19 20,1,20,,286395,30,0,18 19 20,1,20,,286396,30,0,18 19 20,1,62,,286397,30,0,18 19 20,1,22,,286379,30,0,18 19 20,1,60,,286398,30,0,18 19 20,1,15,,286415,30,0,18 19 20,1,15,,286399,30,0,18 19 20,1,15,,286400,30,0,18 19 20,1,55,,286416,30,0,18 19 20,1,15,,286401,30,0,18 19 20,1,15,,286425,30,0,18 19 20,1,15,,286402,30,0,18 19 20,1,55,,286403,30,0,18 19 20,1,30,,286404,30,0,18 19 20,1,26,,286405,30,0,18 19 20,1,70,,286406,30,0,18 19 20,1,30,,286407,30,0,18 19 20,1,70,,286408,30,0,18 19 20,1,30,,286409,30,0,18 19 20,1,70,,286410,30,0,18 19 20,1,30,,286411,30,0,18 19 20,1,77,,286412,30,0,18 19 20,1,85,,286413,30,0,18 19 20,1,85,,286375,30,0,18 19 20,1
2050901,'509-Saturday-1-26-09-0000010',631,,243988,30,0,18 19 20,1,85,,243989,30,0,18 19 20,1,42,,243990,30,0,18 19 20,1,69,,243991,30,0,18 19 20,1,30,,243992,30,0,18 19 20,1,73,,243993,30,0,18 19 20,1,70,,243994,30,0,18 19 20,1,30,,243995,30,0,18 19 20,1,70,,243996,30,0,18 19 20,1,30,,243997,30,0,18 19 20,1,70,,243998,30,0,18 19 20,1,30,,243999,30,0,18 19 20,1,70,,244000,30,0,18 19 20,1,30,,244001,30,0,18 19 20,1,70,,244002,30,0,18 19 20,1,30,,244003,30,0,18 19 20,1,70,,244004,30,0,18 19 20,1,30,,244005,30,0,18 19 20,1,70,,244006,30,0,18 19 20,1,30,,244007,30,0,18 19 20,1,70,,244009,30,0,18 19 20,1,28,,244010,30,0,18 19 20,1,30,,244011,30,0,18 19 20,1,70,,244008,30,0,18 19 20,1,30,,244012,30,0,18 19 20,1,70,,244013,30,0,18 19 20,1,85,,244014,30,0,18 19 20,1,45,,244015,30,0,18 19 20,1,85,,244016,30,0,18 19 20,1,85,,244017,30,0,18 19 20,1,85,,244018,30,0,18 19 20,1,45,,244019,30,0,18 19 20,1,80,,244020,30,0,18 19 20,1
2050901,'509-Sunday-1-26-09-0000001',643,,244021,30,0,18 19 20,1,84,,244022,30,0,18 19 20,1,84,,244023,30,0,18 19 20,1,44,,244024,30,0,18 19 20,1,87,,244025,30,0,18 19 20,1,83,,244026,30,0,18 19 20,1,30,,244027,30,0,18 19 20,1,71,,244028,30,0,18 19 20,1,30,,244029,30,0,18 19 20,1,70,,244030,30,0,18 19 20,1,30,,244031,30,0,18 19 20,1,70,,244032,30,0,18 19 20,1,30,,244033,30,0,18 19 20,1,70,,244034,30,0,18 19 20,1,30,,244035,30,0,18 19 20,1,70,,244036,30,0,18 19 20,1,30,,244038,30,0,18 19 20,1,70,,244039,30,0,18 19 20,1,30,,244040,30,0,18 19 20,1,69,,244037,30,0,18 19 20,1,29,,244041,30,0,18 19 20,1,69,,244042,30,0,18 19 20,1,29,,244043,30,0,18 19 20,1,74,,244044,30,0,18 19 20,1,30,,244045,30,0,18 19 20,1,80,,244046,30,0,18 19 20,1,85,,244047,30,0,18 19 20,1,85,,244048,30,0,18 19 20,1,45,,244049,30,0,18 19 20,1,85,,244050,30,0,18 19 20,1
