11201,'112-Weekday-1-26-09-1111100',605,,217425,26,,,1,30,,217426,26,,,1,71,,217455,26,,,1,20,,217462,26,,,1,20,,217445,26,,,1,60,,217446,26,,,1,5,,217461,26,,,1,15,,217442,26,,,1,20,,217459,26,,,1,70,,217458,26,,,1,19,,217427,26,,,1,70,,217428,26,,,1,30,,217447,26,,,1,70,,217448,26,,,1,30,,217449,26,,,1,70,,217450,26,,,1,30,,217451,26,,,1,70,,217452,26,,,1,30,,217453,26,,,1,70,,217454,26,,,1,30,,217444,26,,,1,70,,217443,26,,,1,30,,217429,26,,,1,20,,217430,26,,,1,60,,217456,26,,,1,20,,217431,26,,,1,20,,217432,26,,,1,60,,217457,26,,,1,12,,217441,26,,,1,20,,217460,26,,,1,60,,217433,26,,,1,29,,217434,26,,,1,69,,217435,26,,,1,29,,217436,26,,,1,70,,217437,26,,,1,30,,217438,26,,,1,70,,217439,26,,,1,30,,217440,26,,,1
11201,'112-Weekday-2-26-09-1111100',605,,217463,26,,,1,30,,217464,26,,,1,71,,217493,26,,,1,20,,217499,26,,,1,20,,217483,26,,,1,60,,217484,26,,,1,20,,217480,26,,,1,20,,217497,26,,,1,70,,217496,26,,,1,19,,217465,26,,,1,70,,217466,26,,,1,30,,217485,26,,,1,70,,217486,26,,,1,30,,217487,26,,,1,70,,217488,26,,,1,30,,217489,26,,,1,70,,217490,26,,,1,30,,217491,26,,,1,70,,217492,26,,,1,30,,217482,26,,,1,70,,217481,26,,,1,30,,217467,26,,,1,20,,217468,26,,,1,60,,217494,26,,,1,20,,217469,26,,,1,20,,217470,26,,,1,60,,217495,26,,,1,12,,217479,26,,,1,20,,217498,26,,,1,60,,217471,26,,,1,29,,217472,26,,,1,69,,217473,26,,,1,29,,217474,26,,,1,70,,217475,26,,,1,30,,217476,26,,,1,70,,217477,26,,,1,30,,217478,26,,,1
11201,'112-Weekday-3-26-09-1111100',605,,260952,26,,,1,30,,260953,26,,,1,71,,260982,26,,,1,20,,260989,26,,,1,20,,260972,26,,,1,60,,260973,26,,,1,5,,260988,26,,,1,15,,260969,26,,,1,20,,260986,26,,,1,70,,260985,26,,,1,19,,260954,26,,,1,70,,260955,26,,,1,30,,260974,26,,,1,70,,260975,26,,,1,30,,260976,26,,,1,70,,260977,26,,,1,30,,260978,26,,,1,70,,260979,26,,,1,30,,260980,26,,,1,70,,260981,26,,,1,30,,260971,26,,,1,70,,260970,26,,,1,30,,260956,26,,,1,20,,260957,26,,,1,60,,260983,26,,,1,20,,260958,26,,,1,20,,260959,26,,,1,60,,260984,26,,,1,12,,260968,26,,,1,20,,260987,26,,,1,60,,260960,26,,,1,29,,260961,26,,,1,69,,260962,26,,,1,29,,260963,26,,,1,70,,260964,26,,,1,30,,260965,26,,,1,70,,260966,26,,,1,30,,260967,26,,,1
11201,'112-Weekday-4-26-09-1111100',605,,217500,26,,,1,30,,217501,26,,,1,71,,217530,26,,,1,20,,217536,26,,,1,20,,217520,26,,,1,60,,217521,26,,,1,20,,217517,26,,,1,20,,217534,26,,,1,70,,217533,26,,,1,19,,217502,26,,,1,70,,217503,26,,,1,30,,217522,26,,,1,70,,217523,26,,,1,30,,217524,26,,,1,70,,217525,26,,,1,30,,217526,26,,,1,70,,217527,26,,,1,30,,217528,26,,,1,70,,217529,26,,,1,30,,217519,26,,,1,70,,217518,26,,,1,30,,217504,26,,,1,20,,217505,26,,,1,60,,217531,26,,,1,20,,217506,26,,,1,20,,217507,26,,,1,60,,217532,26,,,1,12,,217516,26,,,1,20,,217535,26,,,1,60,,217508,26,,,1,29,,217509,26,,,1,69,,217510,26,,,1,29,,217511,26,,,1,70,,217512,26,,,1,30,,217513,26,,,1,70,,217514,26,,,1,30,,217515,26,,,1
11201,'112-Weekday-5-26-09-1111100',605,,260990,26,,,1,30,,260991,26,,,1,71,,261020,26,,,1,20,,261026,26,,,1,20,,261010,26,,,1,60,,261011,26,,,1,20,,261007,26,,,1,20,,261024,26,,,1,70,,261023,26,,,1,19,,260992,26,,,1,70,,260993,26,,,1,30,,261012,26,,,1,70,,261013,26,,,1,30,,261014,26,,,1,70,,261015,26,,,1,30,,261016,26,,,1,70,,261017,26,,,1,30,,261018,26,,,1,70,,261019,26,,,1,30,,261009,26,,,1,70,,261008,26,,,1,30,,260994,26,,,1,20,,260995,26,,,1,60,,261021,26,,,1,20,,260996,26,,,1,20,,260997,26,,,1,60,,261022,26,,,1,12,,261006,26,,,1,20,,261025,26,,,1,60,,260998,26,,,1,29,,260999,26,,,1,69,,261000,26,,,1,29,,261001,26,,,1,70,,261002,26,,,1,30,,261003,26,,,1,70,,261004,26,,,1,30,,261005,26,,,1
11201,'112-Weekday-6-26-09-1111100',605,,261027,26,,,1,30,,261028,26,,,1,71,,261057,26,,,1,20,,261064,26,,,1,20,,261047,26,,,1,60,,261048,26,,,1,5,,261063,26,,,1,15,,261044,26,,,1,20,,261061,26,,,1,70,,261060,26,,,1,19,,261029,26,,,1,70,,261030,26,,,1,30,,261049,26,,,1,70,,261050,26,,,1,30,,261051,26,,,1,70,,261052,26,,,1,30,,261053,26,,,1,70,,261054,26,,,1,30,,261055,26,,,1,70,,261056,26,,,1,30,,261046,26,,,1,70,,261045,26,,,1,30,,261031,26,,,1,20,,261032,26,,,1,60,,261058,26,,,1,20,,261033,26,,,1,20,,261034,26,,,1,60,,261059,26,,,1,12,,261043,26,,,1,20,,261062,26,,,1,60,,261035,26,,,1,29,,261036,26,,,1,69,,261037,26,,,1,29,,261038,26,,,1,70,,261039,26,,,1,30,,261040,26,,,1,70,,261041,26,,,1,30,,261042,26,,,1
11201,'112-Weekday-7-26-09-1111100',605,,261065,26,,,1,30,,261066,26,,,1,71,,261095,26,,,1,20,,261101,26,,,1,20,,261085,26,,,1,60,,261086,26,,,1,20,,261082,26,,,1,20,,261099,26,,,1,70,,261098,26,,,1,19,,261067,26,,,1,70,,261068,26,,,1,30,,261087,26,,,1,70,,261088,26,,,1,30,,261089,26,,,1,70,,261090,26,,,1,30,,261091,26,,,1,70,,261092,26,,,1,30,,261093,26,,,1,70,,261094,26,,,1,30,,261084,26,,,1,70,,261083,26,,,1,30,,261069,26,,,1,20,,261070,26,,,1,60,,261096,26,,,1,20,,261071,26,,,1,20,,261072,26,,,1,60,,261097,26,,,1,12,,261081,26,,,1,20,,261100,26,,,1,60,,261073,26,,,1,29,,261074,26,,,1,69,,261075,26,,,1,29,,261076,26,,,1,70,,261077,26,,,1,30,,261078,26,,,1,70,,261079,26,,,1,30,,261080,26,,,1
11201,'112-Saturday-1-26-09-0000010',813,,217537,26,,,1,30,,217538,26,,,1,70,,217539,26,,,1,30,,217540,26,,,1,70,,217541,26,,,1,30,,217542,26,,,1,70,,217543,26,,,1,30,,217544,26,,,1,70,,217545,26,,,1,30,,217546,26,,,1,70,,217547,26,,,1,30,,217548,26,,,1,70,,217549,26,,,1,30,,217550,26,,,1,70,,217551,26,,,1,30,,217552,26,,,1,70,,217553,26,,,1,30,,217554,26,,,1,70,,217555,26,,,1,30,,217556,26,,,1,70,,217557,26,,,1,30,,217558,26,,,1,70,,217559,26,,,1
11201,'112-Sunday-1-26-09-0000001',1018,,217560,26,,,1,30,,217561,26,,,1,70,,217562,26,,,1,30,,217563,26,,,1,70,,217564,26,,,1,30,,217565,26,,,1,70,,217566,26,,,1,30,,217567,26,,,1,70,,217568,26,,,1,30,,217569,26,,,1,70,,217570,26,,,1,30,,217571,26,,,1,70,,217572,26,,,1,30,,217573,26,,,1,70,,217574,26,,,1,29,,217576,26,,,1,70,,217577,26,,,1,30,,217575,26,,,1
12700,'127-Weekday-1-26-09-1111100',858,,221048,42,,,1,100,,221049,42,,,1,100,,221050,42,,,1,100,,221051,42,,,1,100,,221052,42,,,1,100,,221053,42,,,1,100,,221054,42,,,1,100,,221055,42,,,1,100,,221056,42,,,1
12700,'127-Weekday-2-26-09-1111100',858,,221057,42,,,1,100,,221058,42,,,1,100,,221059,42,,,1,100,,221060,42,,,1,100,,221061,42,,,1,100,,221062,42,,,1,100,,221063,42,,,1,100,,221064,42,,,1,100,,221065,42,,,1
12700,'127-Weekday-3-26-09-1111100',858,,264365,42,,,1,100,,264366,42,,,1,100,,264367,42,,,1,100,,264368,42,,,1,100,,264369,42,,,1,100,,264370,42,,,1,100,,264371,42,,,1,100,,264372,42,,,1,100,,264373,42,,,1
12700,'127-Weekday-4-26-09-1111100',858,,221066,42,,,1,100,,221067,42,,,1,100,,221068,42,,,1,100,,221069,42,,,1,100,,221070,42,,,1,100,,221071,42,,,1,100,,221072,42,,,1,100,,221073,42,,,1,100,,221074,42,,,1
12700,'127-Weekday-5-26-09-1111100',858,,264374,42,,,1,100,,264375,42,,,1,100,,264376,42,,,1,100,,264377,42,,,1,100,,264378,42,,,1,100,,264379,42,,,1,100,,264380,42,,,1,100,,264381,42,,,1,100,,264382,42,,,1
12700,'127-Weekday-6-26-09-1111100',858,,264383,42,,,1,100,,264384,42,,,1,100,,264385,42,,,1,100,,264386,42,,,1,100,,264387,42,,,1,100,,264388,42,,,1,100,,264389,42,,,1,100,,264390,42,,,1,100,,264391,42,,,1
12700,'127-Weekday-7-26-09-1111100',858,,264392,42,,,1,100,,264393,42,,,1,100,,264394,42,,,1,100,,264395,42,,,1,100,,264396,42,,,1,100,,264397,42,,,1,100,,264398,42,,,1,100,,264399,42,,,1,100,,264400,42,,,1
12700,'127-Saturday-1-26-09-0000010',857,,221075,42,,,1,100,,221076,42,,,1,100,,221077,42,,,1,100,,221078,42,,,1,100,,221079,42,,,1,100,,221080,42,,,1,100,,221081,42,,,1,100,,221082,42,,,1,100,,221083,42,,,1
