5601,'056-Weekday-1-26-09-1111100',536,,213488,49,,,1,70,,213489,49,,,1,15,,213490,49,,,1,16,,213491,49,,,1,18,,213492,49,,,1,57,,213493,49,,,1,16,,213494,49,,,1,15,,213495,49,,,1,15,,213487,49,,,1,55,,213497,49,,,1,1,,213561,10,0,58,1,14,,213499,49,,,1,15,,213501,49,,,1,15,,213503,49,,,1,54,,213505,49,,,1,16,,213507,49,,,1,15,,213508,49,,,1,15,,213509,49,,,1,55,,213510,49,,,1,15,,213511,49,,,1,15,,213512,49,,,1,15,,213513,49,,,1,55,,213514,49,,,1,15,,213515,49,,,1,15,,213516,49,,,1,15,,213517,49,,,1,55,,213518,49,,,1,15,,213519,49,,,1,15,,213520,49,,,1,15,,213521,49,,,1,55,,213522,49,,,1,15,,213523,49,,,1,15,,213524,49,,,1,15,,213525,49,,,1,55,,213526,49,,,1,15,,213527,49,,,1,15,,213528,49,,,1,15,,213529,49,,,1,57,,213530,49,,,1,18,,213531,49,,,1,14,,213532,49,,,1,53,,213533,49,,,1,12,,213534,49,,,1,12,,213535,49,,,1,12,,213536,49,,,1,12,,213537,49,,,1,52,,213538,49,,,1,12,,213539,49,,,1,12,,213540,49,,,1,12,,213541,49,,,1,12,,213542,49,,,1,52,,213543,49,,,1,12,,213544,49,,,1,12,,213545,49,,,1,11,,213546,49,,,1,10,,213547,49,,,1,56,,213548,49,,,1,20,,213549,49,,,1,20,,213550,49,,,1,60,,213551,49,,,1,20,,213552,49,,,1,20,,213553,49,,,1,60,,213554,49,,,1,20,,213563,49,,,1,20,,213564,49,,,1,60,,213565,49,,,1,17,,213566,49,,,1,17,,213567,49,,,1,19,,213555,49,,,1,100,,213556,49,,,1,100,,213557,49,,,1
5601,'056-Weekday-2-26-09-1111100',536,,213569,49,,,1,70,,213570,49,,,1,15,,213571,49,,,1,16,,213572,49,,,1,18,,213573,49,,,1,57,,213574,49,,,1,16,,213575,49,,,1,15,,213576,49,,,1,15,,213568,49,,,1,55,,213578,49,,,1,1,,213642,10,0,58,1,14,,213580,49,,,1,15,,213582,49,,,1,15,,213584,49,,,1,54,,213586,49,,,1,16,,213588,49,,,1,15,,213589,49,,,1,15,,213590,49,,,1,55,,213591,49,,,1,15,,213592,49,,,1,15,,213593,49,,,1,15,,213594,49,,,1,55,,213595,49,,,1,15,,213596,49,,,1,15,,213597,49,,,1,15,,213598,49,,,1,55,,213599,49,,,1,15,,213600,49,,,1,15,,213601,49,,,1,15,,213602,49,,,1,55,,213603,49,,,1,15,,213604,49,,,1,15,,213605,49,,,1,15,,213606,49,,,1,55,,213607,49,,,1,15,,213608,49,,,1,15,,213609,49,,,1,15,,213610,49,,,1,57,,213611,49,,,1,18,,213612,49,,,1,14,,213613,49,,,1,53,,213614,49,,,1,12,,213615,49,,,1,12,,213616,49,,,1,12,,213617,49,,,1,12,,213618,49,,,1,52,,213619,49,,,1,12,,213620,49,,,1,12,,213621,49,,,1,12,,213622,49,,,1,12,,213623,49,,,1,52,,213624,49,,,1,12,,213625,49,,,1,12,,213626,49,,,1,11,,213627,49,,,1,10,,213628,49,,,1,56,,213629,49,,,1,20,,213630,49,,,1,20,,213631,49,,,1,60,,213632,49,,,1,20,,213633,49,,,1,20,,213634,49,,,1,60,,213635,49,,,1,20,,213644,49,,,1,20,,213645,49,,,1,60,,213646,49,,,1,17,,213647,49,,,1,17,,213648,49,,,1,19,,213636,49,,,1,100,,213637,49,,,1,100,,213638,49,,,1
5601,'056-Weekday-3-26-09-1111100',536,,256534,49,,,1,70,,256535,49,,,1,15,,256536,49,,,1,16,,256537,49,,,1,18,,256538,49,,,1,57,,256539,49,,,1,16,,256540,49,,,1,15,,256541,49,,,1,15,,256533,49,,,1,55,,256543,49,,,1,15,,256545,49,,,1,15,,256547,49,,,1,15,,256549,49,,,1,54,,256551,49,,,1,16,,256553,49,,,1,15,,256554,49,,,1,15,,256555,49,,,1,55,,256556,49,,,1,15,,256557,49,,,1,15,,256558,49,,,1,15,,256559,49,,,1,55,,256560,49,,,1,15,,256561,49,,,1,15,,256562,49,,,1,15,,256563,49,,,1,55,,256564,49,,,1,15,,256565,49,,,1,15,,256566,49,,,1,15,,256567,49,,,1,55,,256568,49,,,1,15,,256569,49,,,1,15,,256570,49,,,1,15,,256571,49,,,1,55,,256572,49,,,1,15,,256573,49,,,1,15,,256574,49,,,1,15,,256575,49,,,1,57,,256576,49,,,1,18,,256577,49,,,1,14,,256578,49,,,1,53,,256579,49,,,1,12,,256580,49,,,1,12,,256581,49,,,1,12,,256582,49,,,1,12,,256583,49,,,1,52,,256584,49,,,1,12,,256585,49,,,1,12,,256586,49,,,1,12,,256587,49,,,1,12,,256588,49,,,1,52,,256589,49,,,1,12,,256590,49,,,1,12,,256591,49,,,1,11,,256592,49,,,1,10,,256593,49,,,1,56,,256594,49,,,1,20,,256595,49,,,1,20,,256596,49,,,1,60,,256597,49,,,1,20,,256598,49,,,1,20,,256599,49,,,1,60,,256600,49,,,1,20,,256608,49,,,1,20,,256609,49,,,1,60,,256610,49,,,1,17,,256611,49,,,1,17,,256612,49,,,1,19,,256601,49,,,1,100,,256602,49,,,1,100,,256603,49,,,1
5601,'056-Weekday-4-26-09-1111100',536,,213650,49,,,1,70,,213651,49,,,1,15,,213652,49,,,1,16,,213653,49,,,1,18,,213654,49,,,1,57,,213655,49,,,1,16,,213656,49,,,1,15,,213657,49,,,1,15,,213649,49,,,1,55,,213659,49,,,1,15,,213661,49,,,1,15,,213663,49,,,1,15,,213665,49,,,1,54,,213667,49,,,1,16,,213669,49,,,1,15,,213670,49,,,1,15,,213671,49,,,1,55,,213672,49,,,1,15,,213673,49,,,1,15,,213674,49,,,1,15,,213675,49,,,1,55,,213676,49,,,1,15,,213677,49,,,1,15,,213678,49,,,1,15,,213679,49,,,1,55,,213680,49,,,1,15,,213681,49,,,1,15,,213682,49,,,1,15,,213683,49,,,1,55,,213684,49,,,1,15,,213685,49,,,1,15,,213686,49,,,1,15,,213687,49,,,1,55,,213688,49,,,1,15,,213689,49,,,1,15,,213690,49,,,1,15,,213691,49,,,1,57,,213692,49,,,1,18,,213693,49,,,1,14,,213694,49,,,1,53,,213695,49,,,1,12,,213696,49,,,1,12,,213697,49,,,1,12,,213698,49,,,1,12,,213699,49,,,1,52,,213700,49,,,1,12,,213701,49,,,1,12,,213702,49,,,1,12,,213703,49,,,1,12,,213704,49,,,1,52,,213705,49,,,1,12,,213706,49,,,1,12,,213707,49,,,1,11,,213708,49,,,1,10,,213709,49,,,1,56,,213710,49,,,1,20,,213711,49,,,1,20,,213712,49,,,1,60,,213713,49,,,1,20,,213714,49,,,1,20,,213715,49,,,1,60,,213716,49,,,1,20,,213724,49,,,1,20,,213725,49,,,1,60,,213726,49,,,1,17,,213727,49,,,1,17,,213728,49,,,1,19,,213717,49,,,1,100,,213718,49,,,1,100,,213719,49,,,1
5601,'056-Weekday-5-26-09-1111100',536,,256614,49,,,1,70,,256615,49,,,1,15,,256616,49,,,1,16,,256617,49,,,1,18,,256618,49,,,1,57,,256619,49,,,1,16,,256620,49,,,1,15,,256621,49,,,1,15,,256613,49,,,1,55,,256623,49,,,1,15,,256625,49,,,1,15,,256627,49,,,1,15,,256629,49,,,1,54,,256631,49,,,1,16,,256633,49,,,1,15,,256634,49,,,1,15,,256635,49,,,1,55,,256636,49,,,1,15,,256637,49,,,1,15,,256638,49,,,1,15,,256639,49,,,1,55,,256640,49,,,1,15,,256641,49,,,1,15,,256642,49,,,1,15,,256643,49,,,1,55,,256644,49,,,1,15,,256645,49,,,1,15,,256646,49,,,1,15,,256647,49,,,1,55,,256648,49,,,1,15,,256649,49,,,1,15,,256650,49,,,1,15,,256651,49,,,1,55,,256652,49,,,1,15,,256653,49,,,1,15,,256654,49,,,1,15,,256655,49,,,1,57,,256656,49,,,1,18,,256657,49,,,1,14,,256658,49,,,1,53,,256659,49,,,1,12,,256660,49,,,1,12,,256661,49,,,1,12,,256662,49,,,1,12,,256663,49,,,1,52,,256664,49,,,1,12,,256665,49,,,1,12,,256666,49,,,1,12,,256667,49,,,1,12,,256668,49,,,1,52,,256669,49,,,1,12,,256670,49,,,1,12,,256671,49,,,1,11,,256672,49,,,1,10,,256673,49,,,1,56,,256674,49,,,1,20,,256675,49,,,1,20,,256676,49,,,1,60,,256677,49,,,1,20,,256678,49,,,1,20,,256679,49,,,1,60,,256680,49,,,1,20,,256688,49,,,1,20,,256689,49,,,1,60,,256690,49,,,1,17,,256691,49,,,1,17,,256692,49,,,1,19,,256681,49,,,1,100,,256682,49,,,1,100,,256683,49,,,1
5601,'056-Weekday-6-26-09-1111100',536,,256694,49,,,1,70,,256695,49,,,1,15,,256696,49,,,1,16,,256697,49,,,1,18,,256698,49,,,1,57,,256699,49,,,1,16,,256700,49,,,1,15,,256701,49,,,1,15,,256693,49,,,1,55,,256703,49,,,1,1,,256767,10,0,58,1,14,,256705,49,,,1,15,,256707,49,,,1,15,,256709,49,,,1,54,,256711,49,,,1,16,,256713,49,,,1,15,,256714,49,,,1,15,,256715,49,,,1,55,,256716,49,,,1,15,,256717,49,,,1,15,,256718,49,,,1,15,,256719,49,,,1,55,,256720,49,,,1,15,,256721,49,,,1,15,,256722,49,,,1,15,,256723,49,,,1,55,,256724,49,,,1,15,,256725,49,,,1,15,,256726,49,,,1,15,,256727,49,,,1,55,,256728,49,,,1,15,,256729,49,,,1,15,,256730,49,,,1,15,,256731,49,,,1,55,,256732,49,,,1,15,,256733,49,,,1,15,,256734,49,,,1,15,,256735,49,,,1,57,,256736,49,,,1,18,,256737,49,,,1,14,,256738,49,,,1,53,,256739,49,,,1,12,,256740,49,,,1,12,,256741,49,,,1,12,,256742,49,,,1,12,,256743,49,,,1,52,,256744,49,,,1,12,,256745,49,,,1,12,,256746,49,,,1,12,,256747,49,,,1,12,,256748,49,,,1,52,,256749,49,,,1,12,,256750,49,,,1,12,,256751,49,,,1,11,,256752,49,,,1,10,,256753,49,,,1,56,,256754,49,,,1,20,,256755,49,,,1,20,,256756,49,,,1,60,,256757,49,,,1,20,,256758,49,,,1,20,,256759,49,,,1,60,,256760,49,,,1,20,,256769,49,,,1,20,,256770,49,,,1,60,,256771,49,,,1,17,,256772,49,,,1,17,,256773,49,,,1,19,,256761,49,,,1,100,,256762,49,,,1,100,,256763,49,,,1
5601,'056-Weekday-7-26-09-1111100',536,,256775,49,,,1,70,,256776,49,,,1,15,,256777,49,,,1,16,,256778,49,,,1,18,,256779,49,,,1,57,,256780,49,,,1,16,,256781,49,,,1,15,,256782,49,,,1,15,,256774,49,,,1,55,,256784,49,,,1,15,,256786,49,,,1,15,,256788,49,,,1,15,,256790,49,,,1,54,,256792,49,,,1,16,,256794,49,,,1,15,,256795,49,,,1,15,,256796,49,,,1,55,,256797,49,,,1,15,,256798,49,,,1,15,,256799,49,,,1,15,,256800,49,,,1,55,,256801,49,,,1,15,,256802,49,,,1,15,,256803,49,,,1,15,,256804,49,,,1,55,,256805,49,,,1,15,,256806,49,,,1,15,,256807,49,,,1,15,,256808,49,,,1,55,,256809,49,,,1,15,,256810,49,,,1,15,,256811,49,,,1,15,,256812,49,,,1,55,,256813,49,,,1,15,,256814,49,,,1,15,,256815,49,,,1,15,,256816,49,,,1,57,,256817,49,,,1,18,,256818,49,,,1,14,,256819,49,,,1,53,,256820,49,,,1,12,,256821,49,,,1,12,,256822,49,,,1,12,,256823,49,,,1,12,,256824,49,,,1,52,,256825,49,,,1,12,,256826,49,,,1,12,,256827,49,,,1,12,,256828,49,,,1,12,,256829,49,,,1,52,,256830,49,,,1,12,,256831,49,,,1,12,,256832,49,,,1,11,,256833,49,,,1,10,,256834,49,,,1,56,,256835,49,,,1,20,,256836,49,,,1,20,,256837,49,,,1,60,,256838,49,,,1,20,,256839,49,,,1,20,,256840,49,,,1,60,,256841,49,,,1,20,,256849,49,,,1,20,,256850,49,,,1,60,,256851,49,,,1,17,,256852,49,,,1,17,,256853,49,,,1,19,,256842,49,,,1,100,,256843,49,,,1,100,,256844,49,,,1
5601,'056-Saturday-1-26-09-0000010',558,,213774,49,,,1,70,,213729,49,,,1,30,,213775,49,,,1,70,,213730,49,,,1,30,,213776,49,,,1,70,,213731,49,,,1,15,,213732,49,,,1,15,,213777,49,,,1,57,,213733,49,,,1,19,,213734,49,,,1,17,,213735,49,,,1,55,,213778,49,,,1,15,,213736,49,,,1,15,,213737,49,,,1,15,,213738,49,,,1,55,,213779,49,,,1,15,,213739,49,,,1,15,,213740,49,,,1,15,,213741,49,,,1,55,,213780,49,,,1,15,,213742,49,,,1,15,,213743,49,,,1,15,,213744,49,,,1,55,,213781,49,,,1,15,,213745,49,,,1,15,,213746,49,,,1,15,,213747,49,,,1,55,,213782,49,,,1,15,,213748,49,,,1,15,,213749,49,,,1,15,,213750,49,,,1,55,,213783,49,,,1,15,,213751,49,,,1,15,,213752,49,,,1,15,,213753,49,,,1,55,,213784,49,,,1,15,,213762,49,,,1,15,,213763,49,,,1,15,,213764,49,,,1,55,,213785,49,,,1,13,,213765,49,,,1,12,,213766,49,,,1,14,,213767,49,,,1,55,,213786,49,,,1,15,,213768,49,,,1,15,,213769,49,,,1,15,,213770,49,,,1,55,,213787,49,,,1,15,,213771,49,,,1,15,,213772,49,,,1,20,,213773,49,,,1,60,,213759,49,,,1,20,,213754,49,,,1,20,,213788,49,,,1,60,,213760,49,,,1,20,,213755,49,,,1,20,,213789,49,,,1,60,,213761,49,,,1,20,,213756,49,,,1,20,,213790,49,,,1,70,,213791,49,,,1,30,,213757,49,,,1,70,,213792,49,,,1,30,,213758,49,,,1
5601,'056-Sunday-1-26-09-0000001',609,,213826,49,,,1,30,,213793,49,,,1,70,,213827,49,,,1,30,,213794,49,,,1,70,,213828,49,,,1,30,,213795,49,,,1,15,,213824,49,,,1,56,,213829,49,,,1,18,,213796,49,,,1,17,,213825,49,,,1,55,,213830,49,,,1,15,,213797,49,,,1,15,,213798,49,,,1,15,,213831,49,,,1,55,,213799,49,,,1,15,,213800,49,,,1,15,,213832,49,,,1,15,,213801,49,,,1,55,,213802,49,,,1,15,,213833,49,,,1,15,,213803,49,,,1,15,,213804,49,,,1,55,,213834,49,,,1,15,,213805,49,,,1,15,,213806,49,,,1,15,,213835,49,,,1,55,,213807,49,,,1,15,,213808,49,,,1,15,,213836,49,,,1,15,,213809,49,,,1,55,,213810,49,,,1,15,,213837,49,,,1,15,,213811,49,,,1,15,,213812,49,,,1,55,,213838,49,,,1,15,,213813,49,,,1,15,,213814,49,,,1,15,,213839,49,,,1,55,,213815,49,,,1,13,,213845,49,,,1,13,,213846,49,,,1,13,,213847,49,,,1,15,,213848,49,,,1,55,,213849,49,,,1,15,,213850,49,,,1,15,,213851,49,,,1,15,,213852,49,,,1,54,,213853,49,,,1,16,,213854,49,,,1,15,,213855,49,,,1,20,,213821,49,,,1,60,,213840,49,,,1,20,,213816,49,,,1,20,,213822,49,,,1,60,,213841,49,,,1,20,,213817,49,,,1,20,,213823,49,,,1,60,,213842,49,,,1,20,,213818,49,,,1,70,,213843,49,,,1,30,,213819,49,,,1,70,,213844,49,,,1,30,,213820,49,,,1
65000,'650-Weekday-1-26-09-1111100',806,,227642,33,,,1,2,,227643,33,,,1
65000,'650-Weekday-3-26-09-1111100',806,,227644,33,,,1,2,,227645,33,,,1
65000,'650-Weekday-7-26-09-1111100',806,,270459,33,,,1,2,,270460,33,,,1
68200,'682-Weekday-1-26-09-1111100',748,,227863,10,0,53 54,1,5,,227864,10,,,1,62,,227865,10,,,1
68200,'682-Weekday-4-26-09-1111100',748,,270624,10,0,53 54,1,5,,270625,10,,,1,62,,270626,10,,,1
68200,'682-Weekday-7-26-09-1111100',748,,270627,10,0,53 54,1,5,,270628,10,,,1,62,,270629,10,,,1
70300,'703-Weekday-1-26-09-1111100',541,,228706,18,,,1,70,,228707,18,,,1,32,,228750,18,,,1,12,,228710,18,,,1,52,,228708,18,,,1,12,,228709,18,,,1,12,,228735,18,,,1,12,,228751,18,,,1,12,,228744,18,,,1,47,,228752,18,,,1,5,,228745,18,,,1,12,,228746,18,,,1,12,,228747,18,,,1,12,,228748,18,,,1,12,,228749,18,,,1,59,,228711,18,,,1,20,,228712,18,,,1,20,,228713,18,,,1,60,,228714,18,,,1,20,,228715,18,,,1,20,,228716,18,,,1,60,,228717,18,,,1,20,,228718,18,,,1,20,,228719,18,,,1,60,,228720,18,,,1,20,,228721,18,,,1,20,,228722,18,,,1,60,,228723,18,,,1,20,,228724,18,,,1,20,,228725,18,,,1,60,,228726,18,,,1,20,,228734,18,,,1,71,,228727,18,,,1,30,,228728,18,,,1,70,,228729,18,,,1,30,,228730,18,,,1,70,,228731,18,,,1,30,,228732,18,,,1,70,,228737,18,,,1,27,,228736,18,,,1,26,,228733,18,,,1,68,,228738,18,,,1,30,,228739,18,,,1,70,,228740,18,,,1,30,,228741,18,,,1,70,,228742,18,,,1,30,,228743,18,,,1
70300,'703-Weekday-2-26-09-1111100',541,,228753,18,,,1,70,,228754,18,,,1,32,,228797,18,,,1,12,,228757,18,,,1,52,,228755,18,,,1,12,,228756,18,,,1,12,,228782,18,,,1,12,,228798,18,,,1,12,,228791,18,,,1,47,,228799,18,,,1,5,,228792,18,,,1,12,,228793,18,,,1,12,,228794,18,,,1,12,,228795,18,,,1,12,,228796,18,,,1,59,,228758,18,,,1,20,,228759,18,,,1,20,,228760,18,,,1,60,,228761,18,,,1,20,,228762,18,,,1,20,,228763,18,,,1,60,,228764,18,,,1,20,,228765,18,,,1,20,,228766,18,,,1,60,,228767,18,,,1,20,,228768,18,,,1,20,,228769,18,,,1,60,,228770,18,,,1,20,,228771,18,,,1,20,,228772,18,,,1,60,,228773,18,,,1,20,,228781,18,,,1,71,,228774,18,,,1,30,,228775,18,,,1,70,,228776,18,,,1,30,,228777,18,,,1,70,,228778,18,,,1,30,,228779,18,,,1,70,,228784,18,,,1,27,,228783,18,,,1,26,,228780,18,,,1,68,,228785,18,,,1,30,,228786,18,,,1,70,,228787,18,,,1,30,,228788,18,,,1,70,,228789,18,,,1,30,,228790,18,,,1
70300,'703-Weekday-3-26-09-1111100',541,,271450,18,,,1,70,,271451,18,,,1,32,,271494,18,,,1,12,,271454,18,,,1,52,,271452,18,,,1,12,,271453,18,,,1,12,,271479,18,,,1,12,,271495,18,,,1,12,,271488,18,,,1,52,,271489,18,,,1,12,,271490,18,,,1,12,,271491,18,,,1,12,,271492,18,,,1,12,,271493,18,,,1,59,,271455,18,,,1,20,,271456,18,,,1,20,,271457,18,,,1,60,,271458,18,,,1,20,,271459,18,,,1,20,,271460,18,,,1,60,,271461,18,,,1,20,,271462,18,,,1,20,,271463,18,,,1,60,,271464,18,,,1,20,,271465,18,,,1,20,,271466,18,,,1,60,,271467,18,,,1,20,,271468,18,,,1,20,,271469,18,,,1,60,,271470,18,,,1,20,,271478,18,,,1,71,,271471,18,,,1,30,,271472,18,,,1,70,,271473,18,,,1,30,,271474,18,,,1,70,,271475,18,,,1,30,,271476,18,,,1,70,,271481,18,,,1,27,,271480,18,,,1,26,,271477,18,,,1,68,,271482,18,,,1,30,,271483,18,,,1,70,,271484,18,,,1,30,,271485,18,,,1,70,,271486,18,,,1,30,,271487,18,,,1
70300,'703-Weekday-4-26-09-1111100',541,,228800,18,,,1,70,,228801,18,,,1,32,,228844,18,,,1,12,,228804,18,,,1,52,,228802,18,,,1,12,,228803,18,,,1,12,,228829,18,,,1,12,,228845,18,,,1,12,,228838,18,,,1,52,,228839,18,,,1,12,,228840,18,,,1,12,,228841,18,,,1,12,,228842,18,,,1,12,,228843,18,,,1,59,,228805,18,,,1,20,,228806,18,,,1,20,,228807,18,,,1,60,,228808,18,,,1,20,,228809,18,,,1,20,,228810,18,,,1,60,,228811,18,,,1,20,,228812,18,,,1,20,,228813,18,,,1,60,,228814,18,,,1,20,,228815,18,,,1,20,,228816,18,,,1,60,,228817,18,,,1,20,,228818,18,,,1,20,,228819,18,,,1,60,,228820,18,,,1,20,,228828,18,,,1,71,,228821,18,,,1,30,,228822,18,,,1,70,,228823,18,,,1,30,,228824,18,,,1,70,,228825,18,,,1,30,,228826,18,,,1,70,,228831,18,,,1,27,,228830,18,,,1,26,,228827,18,,,1,68,,228832,18,,,1,30,,228833,18,,,1,70,,228834,18,,,1,30,,228835,18,,,1,70,,228836,18,,,1,30,,228837,18,,,1
70300,'703-Weekday-5-26-09-1111100',541,,271496,18,,,1,70,,271497,18,,,1,32,,271540,18,,,1,12,,271500,18,,,1,52,,271498,18,,,1,12,,271499,18,,,1,12,,271525,18,,,1,12,,271541,18,,,1,12,,271534,18,,,1,52,,271535,18,,,1,12,,271536,18,,,1,12,,271537,18,,,1,12,,271538,18,,,1,12,,271539,18,,,1,59,,271501,18,,,1,20,,271502,18,,,1,20,,271503,18,,,1,60,,271504,18,,,1,20,,271505,18,,,1,20,,271506,18,,,1,60,,271507,18,,,1,20,,271508,18,,,1,20,,271509,18,,,1,60,,271510,18,,,1,20,,271511,18,,,1,20,,271512,18,,,1,60,,271513,18,,,1,20,,271514,18,,,1,20,,271515,18,,,1,60,,271516,18,,,1,20,,271524,18,,,1,71,,271517,18,,,1,30,,271518,18,,,1,70,,271519,18,,,1,30,,271520,18,,,1,70,,271521,18,,,1,30,,271522,18,,,1,70,,271527,18,,,1,27,,271526,18,,,1,26,,271523,18,,,1,68,,271528,18,,,1,30,,271529,18,,,1,70,,271530,18,,,1,30,,271531,18,,,1,70,,271532,18,,,1,30,,271533,18,,,1
70300,'703-Weekday-6-26-09-1111100',541,,271542,18,,,1,70,,271543,18,,,1,32,,271586,18,,,1,12,,271546,18,,,1,52,,271544,18,,,1,12,,271545,18,,,1,12,,271571,18,,,1,12,,271587,18,,,1,12,,271580,18,,,1,47,,271588,18,,,1,5,,271581,18,,,1,12,,271582,18,,,1,12,,271583,18,,,1,12,,271584,18,,,1,12,,271585,18,,,1,59,,271547,18,,,1,20,,271548,18,,,1,20,,271549,18,,,1,60,,271550,18,,,1,20,,271551,18,,,1,20,,271552,18,,,1,60,,271553,18,,,1,20,,271554,18,,,1,20,,271555,18,,,1,60,,271556,18,,,1,20,,271557,18,,,1,20,,271558,18,,,1,60,,271559,18,,,1,20,,271560,18,,,1,20,,271561,18,,,1,60,,271562,18,,,1,20,,271570,18,,,1,71,,271563,18,,,1,30,,271564,18,,,1,70,,271565,18,,,1,30,,271566,18,,,1,70,,271567,18,,,1,30,,271568,18,,,1,70,,271573,18,,,1,27,,271572,18,,,1,26,,271569,18,,,1,68,,271574,18,,,1,30,,271575,18,,,1,70,,271576,18,,,1,30,,271577,18,,,1,70,,271578,18,,,1,30,,271579,18,,,1
70300,'703-Weekday-7-26-09-1111100',541,,271589,18,,,1,70,,271590,18,,,1,32,,271633,18,,,1,12,,271593,18,,,1,52,,271591,18,,,1,12,,271592,18,,,1,12,,271618,18,,,1,12,,271634,18,,,1,12,,271627,18,,,1,52,,271628,18,,,1,12,,271629,18,,,1,12,,271630,18,,,1,12,,271631,18,,,1,12,,271632,18,,,1,59,,271594,18,,,1,20,,271595,18,,,1,20,,271596,18,,,1,60,,271597,18,,,1,20,,271598,18,,,1,20,,271599,18,,,1,60,,271600,18,,,1,20,,271601,18,,,1,20,,271602,18,,,1,60,,271603,18,,,1,20,,271604,18,,,1,20,,271605,18,,,1,60,,271606,18,,,1,20,,271607,18,,,1,20,,271608,18,,,1,60,,271609,18,,,1,20,,271617,18,,,1,71,,271610,18,,,1,30,,271611,18,,,1,70,,271612,18,,,1,30,,271613,18,,,1,70,,271614,18,,,1,30,,271615,18,,,1,70,,271620,18,,,1,27,,271619,18,,,1,26,,271616,18,,,1,68,,271621,18,,,1,30,,271622,18,,,1,70,,271623,18,,,1,30,,271624,18,,,1,70,,271625,18,,,1,30,,271626,18,,,1
70300,'703-Saturday-1-26-09-0000010',815,,228846,18,,,1,30,,228857,18,,,1,71,,228847,18,,,1,30,,228858,18,,,1,70,,228848,18,,,1,30,,228859,18,,,1,70,,228849,18,,,1,30,,228860,18,,,1,70,,228850,18,,,1,30,,228861,18,,,1,70,,228851,18,,,1,30,,228862,18,,,1,70,,228852,18,,,1,30,,228863,18,,,1,70,,228853,18,,,1,30,,228864,18,,,1,70,,228854,18,,,1,30,,228865,18,,,1,69,,228855,18,,,1,30,,228866,18,,,1,70,,228856,18,,,1,30,,228867,18,,,1
70300,'703-Sunday-1-26-09-0000001',1039,,228885,18,,,1,70,,228876,18,,,1,30,,228868,18,,,1,70,,228877,18,,,1,30,,228878,18,,,1,70,,228869,18,,,1,30,,228870,18,,,1,70,,228879,18,,,1,30,,228871,18,,,1,70,,228880,18,,,1,30,,228881,18,,,1,70,,228872,18,,,1,30,,228873,18,,,1,69,,228882,18,,,1,30,,228874,18,,,1,70,,228883,18,,,1,30,,228884,18,,,1,70,,228875,18,,,1
72400,'724-Weekday-1-26-09-1111100',617,,235156,33,,,1,33,,235157,33,,,1,70,,235158,33,,,1,30,,235159,33,,,1,70,,235160,33,,,1,30,,235161,33,,,1,667,,235162,33,,,1,30,,235163,33,,,1,70,,235164,33,,,1,30,,235165,33,,,1,70,,235166,33,,,1,30,,235167,33,,,1
72400,'724-Weekday-2-26-09-1111100',617,,235168,33,,,1,33,,235169,33,,,1,70,,235170,33,,,1,30,,235171,33,,,1,70,,235172,33,,,1,30,,235173,33,,,1,667,,235174,33,,,1,30,,235175,33,,,1,70,,235176,33,,,1,30,,235177,33,,,1,70,,235178,33,,,1,30,,235179,33,,,1
72400,'724-Weekday-3-26-09-1111100',617,,277773,33,,,1,33,,277774,33,,,1,70,,277775,33,,,1,30,,277776,33,,,1,70,,277777,33,,,1,30,,277778,33,,,1,667,,277779,33,,,1,30,,277780,33,,,1,70,,277781,33,,,1,30,,277782,33,,,1,70,,277783,33,,,1,30,,277784,33,,,1
72400,'724-Weekday-4-26-09-1111100',617,,235180,33,,,1,33,,235181,33,,,1,70,,235182,33,,,1,30,,235183,33,,,1,70,,235184,33,,,1,30,,235185,33,,,1,667,,235186,33,,,1,30,,235187,33,,,1,70,,235188,33,,,1,30,,235189,33,,,1,70,,235190,33,,,1,30,,235191,33,,,1
72400,'724-Weekday-5-26-09-1111100',617,,277785,33,,,1,33,,277786,33,,,1,70,,277787,33,,,1,30,,277788,33,,,1,70,,277789,33,,,1,30,,277790,33,,,1,667,,277791,33,,,1,30,,277792,33,,,1,70,,277793,33,,,1,30,,277794,33,,,1,70,,277795,33,,,1,30,,277796,33,,,1
72400,'724-Weekday-6-26-09-1111100',617,,277797,33,,,1,33,,277798,33,,,1,70,,277799,33,,,1,30,,277800,33,,,1,70,,277801,33,,,1,30,,277802,33,,,1,667,,277803,33,,,1,30,,277804,33,,,1,70,,277805,33,,,1,30,,277806,33,,,1,70,,277807,33,,,1,30,,277808,33,,,1
72400,'724-Weekday-7-26-09-1111100',617,,277809,33,,,1,33,,277810,33,,,1,70,,277811,33,,,1,30,,277812,33,,,1,70,,277813,33,,,1,30,,277814,33,,,1,667,,277815,33,,,1,30,,277816,33,,,1,70,,277817,33,,,1,30,,277818,33,,,1,70,,277819,33,,,1,30,,277820,33,,,1
