11101,'111-Weekday-1-26-09-1111100',937,,217243,22,,,1,100,,217244,22,,,1,100,,217245,22,,,1,100,,217246,22,,,1,100,,217247,22,,,1,100,,217248,22,,,1,100,,217249,22,,,1
11101,'111-Weekday-2-26-09-1111100',937,,217250,22,,,1,100,,217251,22,,,1,100,,217252,22,,,1,100,,217253,22,,,1,100,,217254,22,,,1,100,,217255,22,,,1,100,,217256,22,,,1
11101,'111-Weekday-3-26-09-1111100',937,,260774,22,,,1,100,,260775,22,,,1,100,,260776,22,,,1,100,,260777,22,,,1,100,,260778,22,,,1,100,,260779,22,,,1,100,,260780,22,,,1
11101,'111-Weekday-4-26-09-1111100',937,,217257,22,,,1,100,,217258,22,,,1,100,,217259,22,,,1,100,,217260,22,,,1,100,,217261,22,,,1,100,,217262,22,,,1,100,,217263,22,,,1
11101,'111-Weekday-5-26-09-1111100',937,,260781,22,,,1,100,,260782,22,,,1,100,,260783,22,,,1,100,,260784,22,,,1,100,,260785,22,,,1,100,,260786,22,,,1,100,,260787,22,,,1
11101,'111-Weekday-6-26-09-1111100',937,,260788,22,,,1,100,,260789,22,,,1,100,,260790,22,,,1,100,,260791,22,,,1,100,,260792,22,,,1,100,,260793,22,,,1,100,,260794,22,,,1
11101,'111-Weekday-7-26-09-1111100',937,,260795,22,,,1,100,,260796,22,,,1,100,,260797,22,,,1,100,,260798,22,,,1,100,,260799,22,,,1,100,,260800,22,,,1,100,,260801,22,,,1
11101,'111-Saturday-1-26-09-0000010',920,,217264,15,,,1,100,,217266,15,,,1,100,,217267,15,,,1,100,,217268,15,,,1,100,,217269,15,,,1,100,,217270,15,,,1,100,,217265,15,,,1
1000100,'001-Weekday-1-26-09-1111100',503,,242650,5,,,1,40,,242651,5,,,1,80,,242652,5,,,1,81,,242653,5,,,1,20,,242654,5,,,1,20,,242655,5,,,1,60,,242656,5,,,1,20,,242657,5,,,1,25,,242658,5,,,1,70,,242659,5,,,1,30,,242660,5,,,1,70,,242661,5,,,1,30,,242662,5,,,1,70,,242663,5,,,1,30,,242664,5,,,1,70,,242665,5,,,1,30,,242666,5,,,1,70,,242667,5,,,1,30,,242668,5,,,1,70,,242669,5,,,1,30,,242670,5,,,1,68,,242671,5,,,1,20,,242672,5,,,1,20,,242673,5,,,1,60,,242674,5,,,1,20,,242675,5,,,1,20,,242676,5,,,1,65,,242677,5,,,1,30,,242678,5,,,1,70,,242679,5,,,1,30,,242680,5,,,1,70,,242681,5,,,1,30,,242682,5,,,1,70,,242683,5,,,1,30,,242684,5,,,1,70,,242685,5,,,1,27,,242686,5,,,1,79,,242687,5,,,1,80,,242688,5,,,1,40,,242689,5,,,1
1000100,'001-Weekday-2-26-09-1111100',503,,242691,5,,,1,40,,242692,5,,,1,80,,242693,5,,,1,81,,242694,5,,,1,20,,242695,5,,,1,20,,242696,5,,,1,60,,242697,5,,,1,20,,242698,5,,,1,25,,242699,5,,,1,70,,242700,5,,,1,30,,242701,5,,,1,70,,242702,5,,,1,30,,242703,5,,,1,70,,242704,5,,,1,30,,242705,5,,,1,70,,242706,5,,,1,30,,242707,5,,,1,70,,242708,5,,,1,30,,242709,5,,,1,70,,242710,5,,,1,30,,242711,5,,,1,68,,242712,5,,,1,20,,242713,5,,,1,20,,242714,5,,,1,60,,242715,5,,,1,20,,242716,5,,,1,20,,242717,5,,,1,65,,242718,5,,,1,30,,242719,5,,,1,70,,242720,5,,,1,30,,242721,5,,,1,70,,242722,5,,,1,30,,242723,5,,,1,70,,242724,5,,,1,30,,242725,5,,,1,70,,242726,5,,,1,27,,242727,5,,,1,79,,242728,5,,,1,80,,242729,5,,,1,40,,242730,5,,,1
1000100,'001-Weekday-3-26-09-1111100',503,,285173,5,,,1,40,,285174,5,,,1,80,,285175,5,,,1,81,,285176,5,,,1,20,,285177,5,,,1,20,,285178,5,,,1,60,,285179,5,,,1,20,,285180,5,,,1,25,,285181,5,,,1,70,,285182,5,,,1,30,,285183,5,,,1,70,,285184,5,,,1,30,,285185,5,,,1,70,,285186,5,,,1,30,,285187,5,,,1,70,,285188,5,,,1,30,,285189,5,,,1,70,,285190,5,,,1,30,,285191,5,,,1,70,,285192,5,,,1,30,,285193,5,,,1,68,,285194,5,,,1,20,,285195,5,,,1,20,,285196,5,,,1,60,,285197,5,,,1,20,,285198,5,,,1,20,,285199,5,,,1,65,,285200,5,,,1,30,,285201,5,,,1,70,,285202,5,,,1,30,,285203,5,,,1,70,,285204,5,,,1,30,,285205,5,,,1,70,,285206,5,,,1,30,,285207,5,,,1,70,,285208,5,,,1,27,,285209,5,,,1,79,,285210,5,,,1,80,,285211,5,,,1,40,,285212,5,,,1
1000100,'001-Weekday-4-26-09-1111100',503,,242732,5,,,1,40,,242733,5,,,1,80,,242734,5,,,1,81,,242735,5,,,1,20,,242736,5,,,1,20,,242737,5,,,1,60,,242738,5,,,1,20,,242739,5,,,1,25,,242740,5,,,1,70,,242741,5,,,1,30,,242742,5,,,1,70,,242743,5,,,1,30,,242744,5,,,1,70,,242745,5,,,1,30,,242746,5,,,1,70,,242747,5,,,1,30,,242748,5,,,1,70,,242749,5,,,1,30,,242750,5,,,1,70,,242751,5,,,1,30,,242752,5,,,1,68,,242753,5,,,1,20,,242754,5,,,1,20,,242755,5,,,1,60,,242756,5,,,1,20,,242757,5,,,1,20,,242758,5,,,1,65,,242759,5,,,1,30,,242760,5,,,1,70,,242761,5,,,1,30,,242762,5,,,1,70,,242763,5,,,1,30,,242764,5,,,1,70,,242765,5,,,1,30,,242766,5,,,1,70,,242767,5,,,1,27,,242768,5,,,1,79,,242769,5,,,1,80,,242770,5,,,1,40,,242771,5,,,1
1000100,'001-Weekday-5-26-09-1111100',503,,285213,5,,,1,40,,285214,5,,,1,80,,285215,5,,,1,81,,285216,5,,,1,20,,285217,5,,,1,20,,285218,5,,,1,60,,285219,5,,,1,20,,285220,5,,,1,25,,285221,5,,,1,70,,285222,5,,,1,30,,285223,5,,,1,70,,285224,5,,,1,30,,285225,5,,,1,70,,285226,5,,,1,30,,285227,5,,,1,70,,285228,5,,,1,30,,285229,5,,,1,70,,285230,5,,,1,30,,285231,5,,,1,70,,285232,5,,,1,30,,285233,5,,,1,68,,285234,5,,,1,20,,285235,5,,,1,20,,285236,5,,,1,60,,285237,5,,,1,20,,285238,5,,,1,20,,285239,5,,,1,65,,285240,5,,,1,30,,285241,5,,,1,70,,285242,5,,,1,30,,285243,5,,,1,70,,285244,5,,,1,30,,285245,5,,,1,70,,285246,5,,,1,30,,285247,5,,,1,70,,285248,5,,,1,27,,285249,5,,,1,79,,285250,5,,,1,80,,285251,5,,,1,40,,285252,5,,,1
1000100,'001-Weekday-6-26-09-1111100',503,,285253,5,,,1,40,,285254,5,,,1,80,,285255,5,,,1,81,,285256,5,,,1,20,,285257,5,,,1,20,,285258,5,,,1,60,,285259,5,,,1,20,,285260,5,,,1,25,,285261,5,,,1,70,,285262,5,,,1,30,,285263,5,,,1,70,,285264,5,,,1,30,,285265,5,,,1,70,,285266,5,,,1,30,,285267,5,,,1,70,,285268,5,,,1,30,,285269,5,,,1,70,,285270,5,,,1,30,,285271,5,,,1,70,,285272,5,,,1,30,,285273,5,,,1,68,,285274,5,,,1,20,,285275,5,,,1,20,,285276,5,,,1,60,,285277,5,,,1,20,,285278,5,,,1,20,,285279,5,,,1,65,,285280,5,,,1,30,,285281,5,,,1,70,,285282,5,,,1,30,,285283,5,,,1,70,,285284,5,,,1,30,,285285,5,,,1,70,,285286,5,,,1,30,,285287,5,,,1,70,,285288,5,,,1,27,,285289,5,,,1,79,,285290,5,,,1,80,,285291,5,,,1,40,,285292,5,,,1
1000100,'001-Weekday-7-26-09-1111100',503,,285294,5,,,1,40,,285295,5,,,1,80,,285296,5,,,1,81,,285297,5,,,1,20,,285298,5,,,1,20,,285299,5,,,1,60,,285300,5,,,1,20,,285301,5,,,1,25,,285302,5,,,1,70,,285303,5,,,1,30,,285304,5,,,1,70,,285305,5,,,1,30,,285306,5,,,1,70,,285307,5,,,1,30,,285308,5,,,1,70,,285309,5,,,1,30,,285310,5,,,1,70,,285311,5,,,1,30,,285312,5,,,1,70,,285313,5,,,1,30,,285314,5,,,1,68,,285315,5,,,1,20,,285316,5,,,1,20,,285317,5,,,1,60,,285318,5,,,1,20,,285319,5,,,1,20,,285320,5,,,1,65,,285321,5,,,1,30,,285322,5,,,1,70,,285323,5,,,1,30,,285324,5,,,1,70,,285325,5,,,1,30,,285326,5,,,1,70,,285327,5,,,1,30,,285328,5,,,1,70,,285329,5,,,1,27,,285330,5,,,1,79,,285331,5,,,1,80,,285332,5,,,1,40,,285333,5,,,1
1000100,'001-Saturday-1-26-09-0000010',624,,242772,5,,,1,80,,242773,5,,,1,40,,242774,5,,,1,75,,242775,5,,,1,30,,242776,5,,,1,70,,242777,5,,,1,30,,242778,5,,,1,70,,242779,5,,,1,30,,242780,5,,,1,70,,242781,5,,,1,30,,242782,5,,,1,70,,242783,5,,,1,30,,242784,5,,,1,70,,242785,5,,,1,30,,242786,5,,,1,70,,242787,5,,,1,30,,242788,5,,,1,70,,242789,5,,,1,30,,242790,5,,,1,70,,242791,5,,,1,30,,242792,5,,,1,70,,242793,5,,,1,30,,242794,5,,,1,70,,242795,5,,,1,28,,242796,5,,,1,72,,242797,5,,,1,30,,242798,5,,,1,69,,242799,5,,,1,31,,242800,5,,,1,70,,242801,5,,,1,30,,242802,5,,,1,70,,242803,5,,,1,30,,242804,5,,,1,75,,242805,5,,,1,80,,242806,5,,,1
1000100,'001-Sunday-1-26-09-0000001',600,,242807,5,,,1,40,,242808,5,,,1,80,,242809,5,,,1,80,,242810,5,,,1,40,,242811,5,,,1,80,,242812,5,,,1,80,,242813,5,,,1,35,,242814,5,,,1,70,,242815,5,,,1,30,,242816,5,,,1,70,,242817,5,,,1,30,,242818,5,,,1,70,,242819,5,,,1,30,,242820,5,,,1,70,,242821,5,,,1,30,,242822,5,,,1,70,,242823,5,,,1,30,,242824,5,,,1,70,,242825,5,,,1,30,,242826,5,,,1,70,,242827,5,,,1,30,,242828,5,,,1,70,,242829,5,,,1,30,,242830,5,,,1,68,,242831,5,,,1,40,,242832,5,,,1,80,,242833,5,,,1,80,,242834,5,,,1,40,,242835,5,,,1,80,,242836,5,,,1,80,,242837,5,,,1,40,,242838,5,,,1
2000100,'001-Weekday-1-26-09-1111100',523,,243456,5,,,1,80,,243457,5,,,1,41,,243458,5,,,1,70,,243459,5,,,1,20,,243460,5,,,1,20,,243461,5,,,1,60,,243462,5,,,1,20,,243463,5,,,1,70,,243464,5,,,1,30,,243465,5,,,1,70,,243466,5,,,1,30,,243467,5,,,1,70,,243468,5,,,1,30,,243469,5,,,1,70,,243470,5,,,1,30,,243471,5,,,1,70,,243472,5,,,1,30,,243473,5,,,1,70,,243474,5,,,1,30,,243475,5,,,1,70,,243476,5,,,1,23,,243477,5,,,1,20,,243478,5,,,1,60,,243479,5,,,1,20,,243480,5,,,1,20,,243481,5,,,1,60,,243482,5,,,1,30,,243483,5,,,1,70,,243484,5,,,1,30,,243485,5,,,1,70,,243486,5,,,1,30,,243487,5,,,1,70,,243488,5,,,1,30,,243489,5,,,1,70,,243490,5,,,1,30,,243491,5,,,1,71,,243492,5,,,1,40,,243493,5,,,1,80,,243494,5,,,1,80,,243495,5,,,1
2000100,'001-Weekday-2-26-09-1111100',523,,243496,5,,,1,80,,243497,5,,,1,41,,243498,5,,,1,70,,243499,5,,,1,20,,243500,5,,,1,20,,243501,5,,,1,60,,243502,5,,,1,20,,243503,5,,,1,70,,243504,5,,,1,30,,243505,5,,,1,70,,243506,5,,,1,30,,243507,5,,,1,70,,243508,5,,,1,30,,243509,5,,,1,70,,243510,5,,,1,30,,243511,5,,,1,70,,243512,5,,,1,30,,243513,5,,,1,70,,243514,5,,,1,30,,243515,5,,,1,70,,243516,5,,,1,23,,243517,5,,,1,20,,243518,5,,,1,60,,243519,5,,,1,20,,243520,5,,,1,20,,243521,5,,,1,60,,243522,5,,,1,30,,243523,5,,,1,70,,243524,5,,,1,30,,243525,5,,,1,70,,243526,5,,,1,30,,243527,5,,,1,70,,243528,5,,,1,30,,243529,5,,,1,70,,243530,5,,,1,30,,243531,5,,,1,71,,243532,5,,,1,40,,243533,5,,,1,80,,243534,5,,,1,80,,243535,5,,,1
2000100,'001-Weekday-3-26-09-1111100',523,,285898,5,,,1,80,,285899,5,,,1,41,,285900,5,,,1,70,,285901,5,,,1,20,,285902,5,,,1,20,,285903,5,,,1,60,,285904,5,,,1,20,,285905,5,,,1,70,,285906,5,,,1,30,,285907,5,,,1,70,,285908,5,,,1,30,,285909,5,,,1,70,,285910,5,,,1,30,,285911,5,,,1,70,,285912,5,,,1,30,,285913,5,,,1,70,,285914,5,,,1,30,,285915,5,,,1,70,,285916,5,,,1,30,,285917,5,,,1,70,,285918,5,,,1,23,,285919,5,,,1,20,,285920,5,,,1,60,,285921,5,,,1,20,,285922,5,,,1,20,,285923,5,,,1,60,,285924,5,,,1,30,,285925,5,,,1,70,,285926,5,,,1,30,,285927,5,,,1,70,,285928,5,,,1,30,,285929,5,,,1,70,,285930,5,,,1,30,,285931,5,,,1,70,,285932,5,,,1,30,,285933,5,,,1,71,,285934,5,,,1,40,,285935,5,,,1,80,,285936,5,,,1,80,,285937,5,,,1
2000100,'001-Weekday-4-26-09-1111100',523,,243536,5,,,1,80,,243537,5,,,1,41,,243538,5,,,1,70,,243539,5,,,1,20,,243540,5,,,1,20,,243541,5,,,1,60,,243542,5,,,1,20,,243543,5,,,1,70,,243544,5,,,1,30,,243545,5,,,1,70,,243546,5,,,1,30,,243547,5,,,1,70,,243548,5,,,1,30,,243549,5,,,1,70,,243550,5,,,1,30,,243551,5,,,1,70,,243552,5,,,1,30,,243553,5,,,1,70,,243554,5,,,1,30,,243555,5,,,1,70,,243556,5,,,1,23,,243557,5,,,1,20,,243558,5,,,1,60,,243559,5,,,1,20,,243560,5,,,1,20,,243561,5,,,1,60,,243562,5,,,1,30,,243563,5,,,1,70,,243564,5,,,1,30,,243565,5,,,1,70,,243566,5,,,1,30,,243567,5,,,1,70,,243568,5,,,1,30,,243569,5,,,1,70,,243570,5,,,1,30,,243571,5,,,1,71,,243572,5,,,1,40,,243573,5,,,1,80,,243574,5,,,1,80,,243575,5,,,1
2000100,'001-Weekday-5-26-09-1111100',523,,285938,5,,,1,80,,285939,5,,,1,41,,285940,5,,,1,70,,285941,5,,,1,20,,285942,5,,,1,20,,285943,5,,,1,60,,285944,5,,,1,20,,285945,5,,,1,70,,285946,5,,,1,30,,285947,5,,,1,70,,285948,5,,,1,30,,285949,5,,,1,70,,285950,5,,,1,30,,285951,5,,,1,70,,285952,5,,,1,30,,285953,5,,,1,70,,285954,5,,,1,30,,285955,5,,,1,70,,285956,5,,,1,30,,285957,5,,,1,70,,285958,5,,,1,23,,285959,5,,,1,20,,285960,5,,,1,60,,285961,5,,,1,20,,285962,5,,,1,20,,285963,5,,,1,60,,285964,5,,,1,30,,285965,5,,,1,70,,285966,5,,,1,30,,285967,5,,,1,70,,285968,5,,,1,30,,285969,5,,,1,70,,285970,5,,,1,30,,285971,5,,,1,70,,285972,5,,,1,30,,285973,5,,,1,71,,285974,5,,,1,40,,285975,5,,,1,80,,285976,5,,,1,80,,285977,5,,,1
2000100,'001-Weekday-6-26-09-1111100',523,,285978,5,,,1,80,,285979,5,,,1,41,,285980,5,,,1,70,,285981,5,,,1,20,,285982,5,,,1,20,,285983,5,,,1,60,,285984,5,,,1,20,,285985,5,,,1,70,,285986,5,,,1,30,,285987,5,,,1,70,,285988,5,,,1,30,,285989,5,,,1,70,,285990,5,,,1,30,,285991,5,,,1,70,,285992,5,,,1,30,,285993,5,,,1,70,,285994,5,,,1,30,,285995,5,,,1,70,,285996,5,,,1,30,,285997,5,,,1,70,,285998,5,,,1,23,,285999,5,,,1,20,,286000,5,,,1,60,,286001,5,,,1,20,,286002,5,,,1,20,,286003,5,,,1,60,,286004,5,,,1,30,,286005,5,,,1,70,,286006,5,,,1,30,,286007,5,,,1,70,,286008,5,,,1,30,,286009,5,,,1,70,,286010,5,,,1,30,,286011,5,,,1,70,,286012,5,,,1,30,,286013,5,,,1,71,,286014,5,,,1,40,,286015,5,,,1,80,,286016,5,,,1,80,,286017,5,,,1
2000100,'001-Weekday-7-26-09-1111100',523,,286018,5,,,1,80,,286019,5,,,1,41,,286020,5,,,1,70,,286021,5,,,1,20,,286022,5,,,1,20,,286023,5,,,1,60,,286024,5,,,1,20,,286025,5,,,1,70,,286026,5,,,1,30,,286027,5,,,1,70,,286028,5,,,1,30,,286029,5,,,1,70,,286030,5,,,1,30,,286031,5,,,1,70,,286032,5,,,1,30,,286033,5,,,1,70,,286034,5,,,1,30,,286035,5,,,1,70,,286036,5,,,1,30,,286037,5,,,1,70,,286038,5,,,1,23,,286039,5,,,1,20,,286040,5,,,1,60,,286041,5,,,1,20,,286042,5,,,1,20,,286043,5,,,1,60,,286044,5,,,1,30,,286045,5,,,1,70,,286046,5,,,1,30,,286047,5,,,1,70,,286048,5,,,1,30,,286049,5,,,1,70,,286050,5,,,1,30,,286051,5,,,1,70,,286052,5,,,1,30,,286053,5,,,1,71,,286054,5,,,1,40,,286055,5,,,1,80,,286056,5,,,1,80,,286057,5,,,1
2000100,'001-Saturday-1-26-09-0000010',604,,243576,5,,,1,40,,243577,5,,,1,80,,243578,5,,,1,80,,243579,5,,,1,30,,243580,5,,,1,70,,243581,5,,,1,30,,243582,5,,,1,70,,243583,5,,,1,30,,243584,5,,,1,70,,243585,5,,,1,30,,243586,5,,,1,70,,243587,5,,,1,30,,243588,5,,,1,70,,243589,5,,,1,30,,243590,5,,,1,70,,243591,5,,,1,30,,243592,5,,,1,70,,243593,5,,,1,30,,243594,5,,,1,70,,243595,5,,,1,30,,243596,5,,,1,70,,243597,5,,,1,30,,243598,5,,,1,69,,243599,5,,,1,31,,243600,5,,,1,70,,243601,5,,,1,29,,243602,5,,,1,70,,243603,5,,,1,31,,243604,5,,,1,70,,243605,5,,,1,30,,243606,5,,,1,70,,243607,5,,,1,30,,243608,5,,,1,70,,243609,5,,,1,40,,243610,5,,,1
2000100,'001-Sunday-1-26-09-0000001',540,,243611,5,,,1,80,,243612,5,,,1,80,,243613,5,,,1,40,,243614,5,,,1,80,,243615,5,,,1,80,,243616,5,,,1,40,,243617,5,,,1,80,,243618,5,,,1,30,,243619,5,,,1,70,,243620,5,,,1,30,,243621,5,,,1,70,,243622,5,,,1,30,,243623,5,,,1,70,,243624,5,,,1,30,,243625,5,,,1,70,,243626,5,,,1,30,,243627,5,,,1,70,,243628,5,,,1,30,,243629,5,,,1,70,,243630,5,,,1,30,,243631,5,,,1,70,,243632,5,,,1,30,,243633,5,,,1,70,,243634,5,,,1,30,,243635,5,,,1,73,,243636,5,,,1,80,,243637,5,,,1,40,,243638,5,,,1,80,,243639,5,,,1,80,,243640,5,,,1,40,,243641,5,,,1,80,,243642,5,,,1
