50101,'501-Weekday-1-26-09-0001000',1431,,221377,21,,,1
50101,'501-Weekday-1-26-09-1110100',1521,,221378,21,,,1
50101,'501-Weekday-1-26-09-1111100',613,,221379,21,,,1,32,,221380,21,,,1,76,,221381,21,,,1,15,,221382,21,,,1,15,,221407,21,,,1,55,,221383,21,,,1,15,,221384,21,,,1,15,,221385,21,,,1,15,,221421,21,,,1,55,,221422,21,,,1,15,,221387,21,,,1,32,,221388,21,,,1,74,,221389,21,,,1,74,,221390,21,,,1,34,,221391,21,,,1,74,,221392,21,,,1,34,,221409,21,,,1,74,,221393,21,,,1,34,,221394,21,,,1,74,,221395,21,,,1,34,,221396,21,,,1,63,,221408,21,,,1,15,,221386,21,,,1,15,,221411,21,,,1,57,,221412,21,,,1,15,,221413,21,,,1,15,,221414,21,,,1,15,,221415,21,,,1,55,,221416,21,,,1,15,,221417,21,,,1,15,,221397,21,,,1,15,,221398,21,,,1,55,,221418,21,,,1,15,,221419,21,,,1,25,,221420,21,,,1,66,,221399,21,,,1,31,,221400,21,,,1,71,,221401,21,,,1,31,,221402,21,,,1,71,,221403,21,,,1,31,,221404,21,,,1,69,,221410,21,,,1,100,,221406,21,,,1,100,,221405,21,,,1
50101,'501-Weekday-2-26-09-1110100',1521,,221423,21,,,1
50101,'501-Weekday-2-26-09-1111100',613,,221424,21,,,1,32,,221425,21,,,1,76,,221426,21,,,1,15,,221427,21,,,1,15,,221452,21,,,1,55,,221428,21,,,1,15,,221429,21,,,1,15,,221430,21,,,1,15,,221466,21,,,1,55,,221467,21,,,1,15,,221432,21,,,1,32,,221433,21,,,1,74,,221434,21,,,1,74,,221435,21,,,1,34,,221436,21,,,1,74,,221437,21,,,1,34,,221454,21,,,1,74,,221438,21,,,1,34,,221439,21,,,1,74,,221440,21,,,1,34,,221441,21,,,1,63,,221453,21,,,1,15,,221431,21,,,1,15,,221456,21,,,1,57,,221457,21,,,1,15,,221458,21,,,1,15,,221459,21,,,1,15,,221460,21,,,1,55,,221461,21,,,1,15,,221462,21,,,1,15,,221442,21,,,1,15,,221443,21,,,1,55,,221463,21,,,1,15,,221464,21,,,1,25,,221465,21,,,1,66,,221444,21,,,1,31,,221445,21,,,1,71,,221446,21,,,1,31,,221447,21,,,1,71,,221448,21,,,1,31,,221449,21,,,1,69,,221455,21,,,1,100,,221451,21,,,1,100,,221450,21,,,1
50101,'501-Weekday-3-26-09-1111100',613,,264669,21,,,1,32,,264670,21,,,1,76,,264671,21,,,1,15,,264672,21,,,1,15,,264697,21,,,1,55,,264673,21,,,1,15,,264674,21,,,1,15,,264675,21,,,1,15,,264711,21,,,1,55,,264712,21,,,1,15,,264677,21,,,1,32,,264678,21,,,1,74,,264679,21,,,1,74,,264680,21,,,1,34,,264681,21,,,1,74,,264682,21,,,1,34,,264699,21,,,1,74,,264683,21,,,1,34,,264684,21,,,1,74,,264685,21,,,1,34,,264686,21,,,1,63,,264698,21,,,1,15,,264676,21,,,1,15,,264701,21,,,1,57,,264702,21,,,1,15,,264703,21,,,1,15,,264704,21,,,1,15,,264705,21,,,1,55,,264706,21,,,1,15,,264707,21,,,1,15,,264687,21,,,1,15,,264688,21,,,1,55,,264708,21,,,1,15,,264709,21,,,1,25,,264710,21,,,1,66,,264689,21,,,1,31,,264690,21,,,1,71,,264691,21,,,1,31,,264692,21,,,1,71,,264693,21,,,1,31,,264694,21,,,1,69,,264700,21,,,1,100,,264696,21,,,1,100,,264695,21,,,1
50101,'501-Weekday-4-26-09-1111100',613,,221468,21,,,1,32,,221469,21,,,1,76,,221470,21,,,1,15,,221471,21,,,1,15,,221496,21,,,1,55,,221472,21,,,1,15,,221473,21,,,1,15,,221474,21,,,1,15,,221510,21,,,1,55,,221511,21,,,1,15,,221476,21,,,1,32,,221477,21,,,1,74,,221478,21,,,1,74,,221479,21,,,1,34,,221480,21,,,1,74,,221481,21,,,1,34,,221498,21,,,1,74,,221482,21,,,1,34,,221483,21,,,1,74,,221484,21,,,1,34,,221485,21,,,1,63,,221497,21,,,1,15,,221475,21,,,1,15,,221500,21,,,1,57,,221501,21,,,1,15,,221502,21,,,1,15,,221503,21,,,1,15,,221504,21,,,1,55,,221505,21,,,1,15,,221506,21,,,1,15,,221486,21,,,1,15,,221487,21,,,1,55,,221507,21,,,1,15,,221508,21,,,1,25,,221509,21,,,1,66,,221488,21,,,1,31,,221489,21,,,1,71,,221490,21,,,1,31,,221491,21,,,1,71,,221492,21,,,1,31,,221493,21,,,1,69,,221499,21,,,1,100,,221495,21,,,1,100,,221494,21,,,1
50101,'501-Weekday-5-26-09-1111100',613,,264713,21,,,1,32,,264714,21,,,1,76,,264715,21,,,1,15,,264716,21,,,1,15,,264741,21,,,1,55,,264717,21,,,1,15,,264718,21,,,1,15,,264719,21,,,1,15,,264755,21,,,1,55,,264756,21,,,1,15,,264721,21,,,1,32,,264722,21,,,1,74,,264723,21,,,1,74,,264724,21,,,1,34,,264725,21,,,1,74,,264726,21,,,1,34,,264743,21,,,1,74,,264727,21,,,1,34,,264728,21,,,1,74,,264729,21,,,1,34,,264730,21,,,1,63,,264742,21,,,1,15,,264720,21,,,1,15,,264745,21,,,1,57,,264746,21,,,1,15,,264747,21,,,1,15,,264748,21,,,1,15,,264749,21,,,1,55,,264750,21,,,1,15,,264751,21,,,1,15,,264731,21,,,1,15,,264732,21,,,1,55,,264752,21,,,1,15,,264753,21,,,1,25,,264754,21,,,1,66,,264733,21,,,1,31,,264734,21,,,1,71,,264735,21,,,1,31,,264736,21,,,1,71,,264737,21,,,1,31,,264738,21,,,1,69,,264744,21,,,1,100,,264740,21,,,1,100,,264739,21,,,1
50101,'501-Weekday-6-26-09-1110100',1521,,264757,21,,,1
50101,'501-Weekday-6-26-09-1111100',613,,264758,21,,,1,32,,264759,21,,,1,76,,264760,21,,,1,15,,264761,21,,,1,15,,264786,21,,,1,55,,264762,21,,,1,15,,264763,21,,,1,15,,264764,21,,,1,15,,264800,21,,,1,55,,264801,21,,,1,15,,264766,21,,,1,32,,264767,21,,,1,74,,264768,21,,,1,74,,264769,21,,,1,34,,264770,21,,,1,74,,264771,21,,,1,34,,264788,21,,,1,74,,264772,21,,,1,34,,264773,21,,,1,74,,264774,21,,,1,34,,264775,21,,,1,63,,264787,21,,,1,15,,264765,21,,,1,15,,264790,21,,,1,57,,264791,21,,,1,15,,264792,21,,,1,15,,264793,21,,,1,15,,264794,21,,,1,55,,264795,21,,,1,15,,264796,21,,,1,15,,264776,21,,,1,15,,264777,21,,,1,55,,264797,21,,,1,15,,264798,21,,,1,25,,264799,21,,,1,66,,264778,21,,,1,31,,264779,21,,,1,71,,264780,21,,,1,31,,264781,21,,,1,71,,264782,21,,,1,31,,264783,21,,,1,69,,264789,21,,,1,100,,264785,21,,,1,100,,264784,21,,,1
50101,'501-Weekday-7-26-09-1111100',613,,264802,21,,,1,32,,264803,21,,,1,76,,264804,21,,,1,15,,264805,21,,,1,15,,264830,21,,,1,55,,264806,21,,,1,15,,264807,21,,,1,15,,264808,21,,,1,15,,264844,21,,,1,55,,264845,21,,,1,15,,264810,21,,,1,32,,264811,21,,,1,74,,264812,21,,,1,74,,264813,21,,,1,34,,264814,21,,,1,74,,264815,21,,,1,34,,264832,21,,,1,74,,264816,21,,,1,34,,264817,21,,,1,74,,264818,21,,,1,34,,264819,21,,,1,63,,264831,21,,,1,15,,264809,21,,,1,15,,264834,21,,,1,57,,264835,21,,,1,15,,264836,21,,,1,15,,264837,21,,,1,15,,264838,21,,,1,55,,264839,21,,,1,15,,264840,21,,,1,15,,264820,21,,,1,15,,264821,21,,,1,55,,264841,21,,,1,15,,264842,21,,,1,25,,264843,21,,,1,66,,264822,21,,,1,31,,264823,21,,,1,71,,264824,21,,,1,31,,264825,21,,,1,71,,264826,21,,,1,31,,264827,21,,,1,69,,264833,21,,,1,100,,264829,21,,,1,100,,264828,21,,,1
50101,'501-Saturday-1-26-09-0000010',641,,221534,21,,,1,100,,221535,21,,,1,70,,221512,21,,,1,30,,221513,21,,,1,72,,221514,21,,,1,32,,221515,21,,,1,72,,221516,21,,,1,32,,221517,21,,,1,72,,221518,21,,,1,32,,221519,21,,,1,72,,221520,21,,,1,32,,221521,21,,,1,72,,221522,21,,,1,72,,221523,21,,,1,32,,221524,21,,,1,72,,221525,21,,,1,32,,221526,21,,,1,72,,221527,21,,,1,32,,221528,21,,,1,72,,221529,21,,,1,32,,221530,21,,,1,72,,221532,21,,,1,32,,221531,21,,,1,72,,221533,21,,,1
50101,'501-Sunday-1-26-09-0000001',650,,221557,21,,,1,100,,221558,21,,,1,100,,221536,21,,,1,101,,221537,21,,,1,70,,221538,21,,,1,30,,221539,21,,,1,70,,221540,21,,,1,30,,221541,21,,,1,70,,221542,21,,,1,30,,221543,21,,,1,70,,221544,21,,,1,30,,221545,21,,,1,70,,221546,21,,,1,30,,221547,21,,,1,70,,221548,21,,,1,30,,221549,21,,,1,70,,221550,21,,,1,30,,221551,21,,,1,70,,221552,21,,,1,30,,221553,21,,,1,70,,221554,21,,,1,30,,221555,21,,,1,70,,221556,21,,,1
