91700,'917-Weekday-1-26-09-1111100',508,,240339,15,,,1,30,,240340,15,,,1,70,,240376,15,,,1,15,,240374,15,,,1,17,,240380,15,,,1,15,,240341,15,,,1,55,,240342,15,,,1,15,,240367,15,,,1,15,,240378,15,,,1,15,,240343,15,,,1,55,,240344,15,,,1,15,,240368,15,,,1,15,,240381,15,,,1,15,,240377,15,,,1,56,,240379,15,,,1,30,,240345,15,,,1,70,,240346,15,,,1,30,,240347,15,,,1,70,,240348,15,,,1,30,,240349,15,,,1,70,,240350,15,,,1,30,,240351,15,,,1,70,,240352,15,,,1,30,,240353,15,,,1,70,,240364,15,,,1,30,,240369,15,,,1,72,,240370,15,,,1,29,,240371,15,,,1,70,,240354,15,,,1,30,,240372,15,,,1,70,,240373,15,,,1,30,,240366,15,,,1,70,,240355,15,,,1,28,,240356,15,,,1,72,,240357,15,,,1,29,,240358,15,,,1,70,,240359,15,,,1,30,,240360,15,,,1,70,,240361,15,,,1,30,,240362,15,,,1,69,,240375,15,,,1,100,,240365,15,,,1,100,,240363,15,,,1
91700,'917-Weekday-2-26-09-1111100',508,,240382,15,,,1,30,,240383,15,,,1,70,,240419,15,,,1,15,,240417,15,,,1,17,,240423,15,,,1,15,,240384,15,,,1,55,,240385,15,,,1,15,,240410,15,,,1,15,,240421,15,,,1,15,,240386,15,,,1,55,,240387,15,,,1,15,,240411,15,,,1,15,,240424,15,,,1,15,,240420,15,,,1,56,,240422,15,,,1,30,,240388,15,,,1,70,,240389,15,,,1,30,,240390,15,,,1,70,,240391,15,,,1,30,,240392,15,,,1,70,,240393,15,,,1,30,,240394,15,,,1,70,,240395,15,,,1,30,,240396,15,,,1,70,,240407,15,,,1,30,,240412,15,,,1,72,,240413,15,,,1,29,,240414,15,,,1,70,,240397,15,,,1,30,,240415,15,,,1,70,,240416,15,,,1,30,,240409,15,,,1,70,,240398,15,,,1,28,,240399,15,,,1,72,,240400,15,,,1,29,,240401,15,,,1,70,,240402,15,,,1,30,,240403,15,,,1,70,,240404,15,,,1,30,,240405,15,,,1,69,,240418,15,,,1,100,,240408,15,,,1,100,,240406,15,,,1
91700,'917-Weekday-3-26-09-1111100',508,,282887,15,,,1,30,,282888,15,,,1,70,,282924,15,,,1,15,,282922,15,,,1,17,,282928,15,,,1,15,,282889,15,,,1,55,,282890,15,,,1,15,,282915,15,,,1,15,,282926,15,,,1,15,,282891,15,,,1,55,,282892,15,,,1,15,,282916,15,,,1,15,,282929,15,,,1,15,,282925,15,,,1,56,,282927,15,,,1,30,,282893,15,,,1,70,,282894,15,,,1,30,,282895,15,,,1,70,,282896,15,,,1,30,,282897,15,,,1,70,,282898,15,,,1,30,,282899,15,,,1,70,,282900,15,,,1,30,,282901,15,,,1,70,,282912,15,,,1,30,,282917,15,,,1,72,,282918,15,,,1,29,,282919,15,,,1,70,,282902,15,,,1,30,,282920,15,,,1,70,,282921,15,,,1,30,,282914,15,,,1,70,,282903,15,,,1,28,,282904,15,,,1,72,,282905,15,,,1,29,,282906,15,,,1,70,,282907,15,,,1,30,,282908,15,,,1,70,,282909,15,,,1,30,,282910,15,,,1,69,,282923,15,,,1,100,,282913,15,,,1,100,,282911,15,,,1
91700,'917-Weekday-4-26-09-1111100',508,,240425,15,,,1,30,,240426,15,,,1,70,,240462,15,,,1,15,,240460,15,,,1,17,,240466,15,,,1,15,,240427,15,,,1,55,,240428,15,,,1,15,,240453,15,,,1,15,,240464,15,,,1,15,,240429,15,,,1,55,,240430,15,,,1,15,,240454,15,,,1,15,,240467,15,,,1,15,,240463,15,,,1,56,,240465,15,,,1,30,,240431,15,,,1,70,,240432,15,,,1,30,,240433,15,,,1,70,,240434,15,,,1,30,,240435,15,,,1,70,,240436,15,,,1,30,,240437,15,,,1,70,,240438,15,,,1,30,,240439,15,,,1,70,,240450,15,,,1,30,,240455,15,,,1,72,,240456,15,,,1,29,,240457,15,,,1,70,,240440,15,,,1,30,,240458,15,,,1,70,,240459,15,,,1,30,,240452,15,,,1,70,,240441,15,,,1,28,,240442,15,,,1,72,,240443,15,,,1,29,,240444,15,,,1,70,,240445,15,,,1,30,,240446,15,,,1,70,,240447,15,,,1,30,,240448,15,,,1,69,,240461,15,,,1,100,,240451,15,,,1,100,,240449,15,,,1
91700,'917-Weekday-5-26-09-1111100',508,,282930,15,,,1,30,,282931,15,,,1,70,,282967,15,,,1,15,,282965,15,,,1,17,,282971,15,,,1,15,,282932,15,,,1,55,,282933,15,,,1,15,,282958,15,,,1,15,,282969,15,,,1,15,,282934,15,,,1,55,,282935,15,,,1,15,,282959,15,,,1,15,,282972,15,,,1,15,,282968,15,,,1,56,,282970,15,,,1,30,,282936,15,,,1,70,,282937,15,,,1,30,,282938,15,,,1,70,,282939,15,,,1,30,,282940,15,,,1,70,,282941,15,,,1,30,,282942,15,,,1,70,,282943,15,,,1,30,,282944,15,,,1,70,,282955,15,,,1,30,,282960,15,,,1,72,,282961,15,,,1,29,,282962,15,,,1,70,,282945,15,,,1,30,,282963,15,,,1,70,,282964,15,,,1,30,,282957,15,,,1,70,,282946,15,,,1,28,,282947,15,,,1,72,,282948,15,,,1,29,,282949,15,,,1,70,,282950,15,,,1,30,,282951,15,,,1,70,,282952,15,,,1,30,,282953,15,,,1,69,,282966,15,,,1,100,,282956,15,,,1,100,,282954,15,,,1
91700,'917-Weekday-6-26-09-1111100',508,,282973,15,,,1,30,,282974,15,,,1,70,,283010,15,,,1,15,,283008,15,,,1,17,,283014,15,,,1,15,,282975,15,,,1,55,,282976,15,,,1,15,,283001,15,,,1,15,,283012,15,,,1,15,,282977,15,,,1,55,,282978,15,,,1,15,,283002,15,,,1,15,,283015,15,,,1,15,,283011,15,,,1,56,,283013,15,,,1,30,,282979,15,,,1,70,,282980,15,,,1,30,,282981,15,,,1,70,,282982,15,,,1,30,,282983,15,,,1,70,,282984,15,,,1,30,,282985,15,,,1,70,,282986,15,,,1,30,,282987,15,,,1,70,,282998,15,,,1,30,,283003,15,,,1,72,,283004,15,,,1,29,,283005,15,,,1,70,,282988,15,,,1,30,,283006,15,,,1,70,,283007,15,,,1,30,,283000,15,,,1,70,,282989,15,,,1,28,,282990,15,,,1,72,,282991,15,,,1,29,,282992,15,,,1,70,,282993,15,,,1,30,,282994,15,,,1,70,,282995,15,,,1,30,,282996,15,,,1,69,,283009,15,,,1,100,,282999,15,,,1,100,,282997,15,,,1
91700,'917-Weekday-7-26-09-1111100',508,,283016,15,,,1,30,,283017,15,,,1,70,,283053,15,,,1,15,,283051,15,,,1,17,,283057,15,,,1,15,,283018,15,,,1,55,,283019,15,,,1,15,,283044,15,,,1,15,,283055,15,,,1,15,,283020,15,,,1,55,,283021,15,,,1,15,,283045,15,,,1,15,,283058,15,,,1,15,,283054,15,,,1,56,,283056,15,,,1,30,,283022,15,,,1,70,,283023,15,,,1,30,,283024,15,,,1,70,,283025,15,,,1,30,,283026,15,,,1,70,,283027,15,,,1,30,,283028,15,,,1,70,,283029,15,,,1,30,,283030,15,,,1,70,,283041,15,,,1,30,,283046,15,,,1,72,,283047,15,,,1,29,,283048,15,,,1,70,,283031,15,,,1,30,,283049,15,,,1,70,,283050,15,,,1,30,,283043,15,,,1,70,,283032,15,,,1,28,,283033,15,,,1,72,,283034,15,,,1,29,,283035,15,,,1,70,,283036,15,,,1,30,,283037,15,,,1,70,,283038,15,,,1,30,,283039,15,,,1,69,,283052,15,,,1,100,,283042,15,,,1,100,,283040,15,,,1
91700,'917-Saturday-1-26-09-0000010',556,,240468,15,,,1,100,,240469,15,,,1,100,,240493,15,,,1,70,,240494,15,,,1,27,,240495,15,,,1,68,,240471,15,,,1,30,,240472,15,,,1,70,,240473,15,,,1,30,,240474,15,,,1,70,,240475,15,,,1,30,,240476,15,,,1,70,,240477,15,,,1,30,,240478,15,,,1,70,,240479,15,,,1,30,,240480,15,,,1,70,,240481,15,,,1,30,,240482,15,,,1,70,,240483,15,,,1,30,,240484,15,,,1,70,,240485,15,,,1,31,,240489,15,,,1,71,,240490,15,,,1,30,,240491,15,,,1,70,,240470,15,,,1,30,,240486,15,,,1,70,,240492,15,,,1,100,,240488,15,,,1,100,,240487,15,,,1
91700,'917-Sunday-1-26-09-0000001',555,,240496,15,,,1,100,,240497,15,,,1,100,,240498,15,,,1,97,,240499,15,,,1,101,,240500,15,,,1,70,,240501,15,,,1,30,,240502,15,,,1,70,,240503,15,,,1,30,,240504,15,,,1,70,,240505,15,,,1,30,,240506,15,,,1,70,,240507,15,,,1,30,,240508,15,,,1,70,,240509,15,,,1,30,,240510,15,,,1,70,,240511,15,,,1,30,,240512,15,,,1,70,,240513,15,,,1,32,,240514,15,,,1,70,,240515,15,,,1,30,,240516,15,,,1,70,,240517,15,,,1,30,,240518,15,,,1,100,,240519,15,,,1,100,,240520,15,,,1
24093001,'930X-Weekday-1-26-09-1111100',1540,,246450,9,,,1,15,,246451,9,,,1,55,,246458,9,,,1,15,,246452,9,,,1,15,,246453,9,,,1,15,,246454,9,,,1,55,,246459,9,,,1,15,,246455,9,,,1,15,,246456,9,,,1,15,,246457,9,,,1,55,,246460,9,,,1
24093001,'930X-Weekday-2-26-09-1111100',1540,,246461,9,,,1,15,,246462,9,,,1,55,,246469,9,,,1,15,,246463,9,,,1,15,,246464,9,,,1,15,,246465,9,,,1,55,,246470,9,,,1,15,,246466,9,,,1,15,,246467,9,,,1,15,,246468,9,,,1,55,,246471,9,,,1
24093001,'930X-Weekday-3-26-09-1111100',1540,,289310,9,,,1,15,,289311,9,,,1,55,,289318,9,,,1,15,,289312,9,,,1,15,,289313,9,,,1,15,,289314,9,,,1,55,,289319,9,,,1,15,,289315,9,,,1,15,,289316,9,,,1,15,,289317,9,,,1,55,,289320,9,,,1
24093001,'930X-Weekday-4-26-09-1111100',1540,,246472,9,,,1,15,,246473,9,,,1,55,,246480,9,,,1,15,,246474,9,,,1,15,,246475,9,,,1,15,,246476,9,,,1,55,,246481,9,,,1,15,,246477,9,,,1,15,,246478,9,,,1,15,,246479,9,,,1,55,,246482,9,,,1
24093001,'930X-Weekday-5-26-09-1111100',1540,,289321,9,,,1,15,,289322,9,,,1,55,,289329,9,,,1,15,,289323,9,,,1,15,,289324,9,,,1,15,,289325,9,,,1,55,,289330,9,,,1,15,,289326,9,,,1,15,,289327,9,,,1,15,,289328,9,,,1,55,,289331,9,,,1
24093001,'930X-Weekday-6-26-09-1111100',1540,,289332,9,,,1,15,,289333,9,,,1,55,,289340,9,,,1,15,,289334,9,,,1,15,,289335,9,,,1,15,,289336,9,,,1,55,,289341,9,,,1,15,,289337,9,,,1,15,,289338,9,,,1,15,,289339,9,,,1,55,,289342,9,,,1
24093001,'930X-Weekday-7-26-09-1111100',1540,,289343,9,,,1,15,,289344,9,,,1,55,,289351,9,,,1,15,,289345,9,,,1,15,,289346,9,,,1,15,,289347,9,,,1,55,,289352,9,,,1,15,,289348,9,,,1,15,,289349,9,,,1,15,,289350,9,,,1,55,,289353,9,,,1
