11900,'119-Weekday-1-26-09-1111100',512,,219609,27,,,1,30,,219610,27,,,1,70,,219611,27,,,1,32,,219612,27,,,1,12,,219652,27,,,1,52,,219613,27,,,1,12,,219614,27,,,1,12,,219615,27,,,1,12,,219616,27,,,1,12,,219653,27,,,1,52,,219617,27,,,1,12,,219618,27,,,1,12,,219619,27,,,1,12,,219620,27,,,1,69,,219621,27,,,1,30,,219622,27,,,1,70,,219623,27,,,1,30,,219624,27,,,1,70,,219625,27,,,1,30,,219626,27,,,1,70,,219627,27,,,1,30,,219628,27,,,1,70,,219629,27,,,1,30,,219630,27,,,1,70,,219631,27,,,1,30,,219632,27,,,1,74,,219654,27,,,1,15,,219634,27,,,1,15,,219635,27,,,1,55,,219636,27,,,1,15,,219637,27,,,1,15,,219638,27,,,1,15,,219639,27,,,1,55,,219640,27,,,1,15,,219633,27,,,1,15,,219650,27,,,1,15,,219649,27,,,1,54,,219651,27,,,1,14,,219641,27,,,1,28,,219642,27,,,1,70,,219643,27,,,1,30,,219644,27,,,1,70,,219645,27,,,1,30,,219646,27,,,1,70,,219647,27,,,1,30,,219648,27,,,1,68,,219605,27,,,1,30,,219606,27,,,1,70,,219607,27,,,1,30,,219608,27,,,1,70,,219604,27,,,1
11900,'119-Weekday-2-26-09-1111100',512,,219660,27,,,1,30,,219661,27,,,1,70,,219662,27,,,1,32,,219663,27,,,1,12,,219703,27,,,1,52,,219664,27,,,1,12,,219665,27,,,1,12,,219666,27,,,1,12,,219667,27,,,1,12,,219704,27,,,1,52,,219668,27,,,1,12,,219669,27,,,1,12,,219670,27,,,1,12,,219671,27,,,1,69,,219672,27,,,1,30,,219673,27,,,1,70,,219674,27,,,1,30,,219675,27,,,1,70,,219676,27,,,1,30,,219677,27,,,1,70,,219678,27,,,1,30,,219679,27,,,1,70,,219680,27,,,1,30,,219681,27,,,1,70,,219682,27,,,1,30,,219683,27,,,1,74,,219705,27,,,1,15,,219685,27,,,1,15,,219686,27,,,1,55,,219687,27,,,1,15,,219688,27,,,1,15,,219689,27,,,1,15,,219690,27,,,1,55,,219691,27,,,1,15,,219684,27,,,1,15,,219701,27,,,1,15,,219700,27,,,1,54,,219702,27,,,1,14,,219692,27,,,1,28,,219693,27,,,1,70,,219694,27,,,1,30,,219695,27,,,1,70,,219696,27,,,1,30,,219697,27,,,1,70,,219698,27,,,1,30,,219699,27,,,1,68,,219656,27,,,1,30,,219657,27,,,1,70,,219658,27,,,1,30,,219659,27,,,1,70,,219655,27,,,1
11900,'119-Weekday-3-26-09-1111100',512,,262983,27,,,1,30,,262984,27,,,1,70,,262985,27,,,1,32,,262986,27,,,1,12,,263026,27,,,1,52,,262987,27,,,1,12,,262988,27,,,1,12,,262989,27,,,1,12,,262990,27,,,1,12,,263027,27,,,1,52,,262991,27,,,1,12,,262992,27,,,1,12,,262993,27,,,1,12,,262994,27,,,1,69,,262995,27,,,1,30,,262996,27,,,1,70,,262997,27,,,1,30,,262998,27,,,1,70,,262999,27,,,1,30,,263000,27,,,1,70,,263001,27,,,1,30,,263002,27,,,1,70,,263003,27,,,1,30,,263004,27,,,1,70,,263005,27,,,1,30,,263006,27,,,1,74,,263028,27,,,1,15,,263008,27,,,1,15,,263009,27,,,1,55,,263010,27,,,1,15,,263011,27,,,1,15,,263012,27,,,1,15,,263013,27,,,1,55,,263014,27,,,1,15,,263007,27,,,1,15,,263024,27,,,1,15,,263023,27,,,1,54,,263025,27,,,1,14,,263015,27,,,1,28,,263016,27,,,1,70,,263017,27,,,1,30,,263018,27,,,1,70,,263019,27,,,1,30,,263020,27,,,1,70,,263021,27,,,1,30,,263022,27,,,1,68,,262979,27,,,1,30,,262980,27,,,1,70,,262981,27,,,1,30,,262982,27,,,1,70,,262978,27,,,1
11900,'119-Weekday-4-26-09-1111100',512,,219711,27,,,1,30,,219712,27,,,1,70,,219713,27,,,1,32,,219714,27,,,1,12,,219754,27,,,1,52,,219715,27,,,1,12,,219716,27,,,1,12,,219717,27,,,1,12,,219718,27,,,1,12,,219755,27,,,1,52,,219719,27,,,1,12,,219720,27,,,1,12,,219721,27,,,1,12,,219722,27,,,1,69,,219723,27,,,1,30,,219724,27,,,1,70,,219725,27,,,1,30,,219726,27,,,1,70,,219727,27,,,1,30,,219728,27,,,1,70,,219729,27,,,1,30,,219730,27,,,1,70,,219731,27,,,1,30,,219732,27,,,1,70,,219733,27,,,1,30,,219734,27,,,1,74,,219756,27,,,1,15,,219736,27,,,1,15,,219737,27,,,1,55,,219738,27,,,1,15,,219739,27,,,1,15,,219740,27,,,1,15,,219741,27,,,1,55,,219742,27,,,1,15,,219735,27,,,1,15,,219752,27,,,1,15,,219751,27,,,1,54,,219753,27,,,1,14,,219743,27,,,1,28,,219744,27,,,1,70,,219745,27,,,1,30,,219746,27,,,1,70,,219747,27,,,1,30,,219748,27,,,1,70,,219749,27,,,1,30,,219750,27,,,1,68,,219707,27,,,1,30,,219708,27,,,1,70,,219709,27,,,1,30,,219710,27,,,1,70,,219706,27,,,1
11900,'119-Weekday-5-26-09-1111100',512,,263034,27,,,1,30,,263035,27,,,1,70,,263036,27,,,1,32,,263037,27,,,1,12,,263077,27,,,1,52,,263038,27,,,1,12,,263039,27,,,1,12,,263040,27,,,1,12,,263041,27,,,1,12,,263078,27,,,1,52,,263042,27,,,1,12,,263043,27,,,1,12,,263044,27,,,1,12,,263045,27,,,1,69,,263046,27,,,1,30,,263047,27,,,1,70,,263048,27,,,1,30,,263049,27,,,1,70,,263050,27,,,1,30,,263051,27,,,1,70,,263052,27,,,1,30,,263053,27,,,1,70,,263054,27,,,1,30,,263055,27,,,1,70,,263056,27,,,1,30,,263057,27,,,1,74,,263079,27,,,1,15,,263059,27,,,1,15,,263060,27,,,1,55,,263061,27,,,1,15,,263062,27,,,1,15,,263063,27,,,1,15,,263064,27,,,1,55,,263065,27,,,1,15,,263058,27,,,1,15,,263075,27,,,1,15,,263074,27,,,1,54,,263076,27,,,1,14,,263066,27,,,1,28,,263067,27,,,1,70,,263068,27,,,1,30,,263069,27,,,1,70,,263070,27,,,1,30,,263071,27,,,1,70,,263072,27,,,1,30,,263073,27,,,1,68,,263030,27,,,1,30,,263031,27,,,1,70,,263032,27,,,1,30,,263033,27,,,1,70,,263029,27,,,1
11900,'119-Weekday-6-26-09-1111100',512,,263085,27,,,1,30,,263086,27,,,1,70,,263087,27,,,1,32,,263088,27,,,1,12,,263128,27,,,1,52,,263089,27,,,1,12,,263090,27,,,1,12,,263091,27,,,1,12,,263092,27,,,1,12,,263129,27,,,1,52,,263093,27,,,1,12,,263094,27,,,1,12,,263095,27,,,1,12,,263096,27,,,1,69,,263097,27,,,1,30,,263098,27,,,1,70,,263099,27,,,1,30,,263100,27,,,1,70,,263101,27,,,1,30,,263102,27,,,1,70,,263103,27,,,1,30,,263104,27,,,1,70,,263105,27,,,1,30,,263106,27,,,1,70,,263107,27,,,1,30,,263108,27,,,1,74,,263130,27,,,1,15,,263110,27,,,1,15,,263111,27,,,1,55,,263112,27,,,1,15,,263113,27,,,1,15,,263114,27,,,1,15,,263115,27,,,1,55,,263116,27,,,1,15,,263109,27,,,1,15,,263126,27,,,1,15,,263125,27,,,1,54,,263127,27,,,1,14,,263117,27,,,1,28,,263118,27,,,1,70,,263119,27,,,1,30,,263120,27,,,1,70,,263121,27,,,1,30,,263122,27,,,1,70,,263123,27,,,1,30,,263124,27,,,1,68,,263081,27,,,1,30,,263082,27,,,1,70,,263083,27,,,1,30,,263084,27,,,1,70,,263080,27,,,1
11900,'119-Weekday-7-26-09-1111100',512,,263136,27,,,1,30,,263137,27,,,1,70,,263138,27,,,1,32,,263139,27,,,1,12,,263179,27,,,1,52,,263140,27,,,1,12,,263141,27,,,1,12,,263142,27,,,1,12,,263143,27,,,1,12,,263180,27,,,1,52,,263144,27,,,1,12,,263145,27,,,1,12,,263146,27,,,1,12,,263147,27,,,1,69,,263148,27,,,1,30,,263149,27,,,1,70,,263150,27,,,1,30,,263151,27,,,1,70,,263152,27,,,1,30,,263153,27,,,1,70,,263154,27,,,1,30,,263155,27,,,1,70,,263156,27,,,1,30,,263157,27,,,1,70,,263158,27,,,1,30,,263159,27,,,1,74,,263181,27,,,1,15,,263161,27,,,1,15,,263162,27,,,1,55,,263163,27,,,1,15,,263164,27,,,1,15,,263165,27,,,1,15,,263166,27,,,1,55,,263167,27,,,1,15,,263160,27,,,1,15,,263177,27,,,1,15,,263176,27,,,1,54,,263178,27,,,1,14,,263168,27,,,1,28,,263169,27,,,1,70,,263170,27,,,1,30,,263171,27,,,1,70,,263172,27,,,1,30,,263173,27,,,1,70,,263174,27,,,1,30,,263175,27,,,1,68,,263132,27,,,1,30,,263133,27,,,1,70,,263134,27,,,1,30,,263135,27,,,1,70,,263131,27,,,1
11900,'119-Saturday-1-26-09-0000010',612,,219757,27,,,1,30,,219758,27,,,1,70,,219759,27,,,1,30,,219760,27,,,1,65,,219761,27,,,1,30,,219762,27,,,1,71,,219763,27,,,1,30,,219764,27,,,1,70,,219765,27,,,1,30,,219766,27,,,1,70,,219767,27,,,1,30,,219768,27,,,1,70,,219769,27,,,1,30,,219770,27,,,1,70,,219771,27,,,1,30,,219772,27,,,1,70,,219773,27,,,1,30,,219774,27,,,1,70,,219775,27,,,1,30,,219776,27,,,1,70,,219777,27,,,1,32,,219778,27,,,1,70,,219779,27,,,1,30,,219780,27,,,1,70,,219781,27,,,1,30,,219782,27,,,1,70,,219783,27,,,1,30,,219784,27,,,1,70,,219785,27,,,1,30,,219786,27,,,1,70,,219787,27,,,1,30,,219788,27,,,1,70,,219789,27,,,1,30,,219790,27,,,1,100,,219791,27,,,1
11900,'119-Sunday-1-26-09-0000001',611,,219792,27,,,1,30,,219793,27,,,1,70,,219794,27,,,1,30,,219795,27,,,1,70,,219796,27,,,1,30,,219797,27,,,1,70,,219798,27,,,1,30,,219799,27,,,1,70,,219800,27,,,1,30,,219801,27,,,1,70,,219802,27,,,1,30,,219803,27,,,1,70,,219804,27,,,1,30,,219805,27,,,1,70,,219806,27,,,1,30,,219807,27,,,1,70,,219808,27,,,1,30,,219809,27,,,1,70,,219810,27,,,1,30,,219811,27,,,1,70,,219812,27,,,1,30,,219813,27,,,1,70,,219814,27,,,1,30,,219815,27,,,1,70,,219816,27,,,1,30,,219817,27,,,1,70,,219818,27,,,1,30,,219819,27,,,1,70,,219820,27,,,1,30,,219821,27,,,1,70,,219822,27,,,1,100,,219823,27,,,1,100,,219824,27,,,1
62101,'621-Weekday-1-26-09-1111100',738,,227466,11,,,1,5,,227467,11,,,1,80,,227468,11,,,1
62101,'621-Weekday-3-26-09-1111100',823,,227469,11,,,1
62101,'621-Weekday-4-26-09-1111100',738,,270314,11,,,1,5,,270315,11,,,1
62101,'621-Weekday-7-26-09-1111100',738,,270316,11,,,1,5,,270317,11,,,1,80,,270318,11,,,1
62301,'623-Weekday-1-26-09-1111100',738,,227550,11,,,1
62301,'623-Weekday-4-26-09-1111100',738,,270373,11,,,1
62301,'623-Weekday-7-26-09-1111100',738,,270374,11,,,1
