5300,'053-Weekday-1-26-09-1111100',521,,211769,25,,,1,30,,211770,25,,,1,70,,211771,25,,,1,34,,211772,25,,,1,58,,211773,25,,,1,15,,211774,25,,,1,15,,211775,25,,,1,15,,211724,25,,,1,55,,211725,25,,,1,15,,211768,25,,,1,15,,211726,25,,,1,15,,211727,25,,,1,59,,211766,25,,,1,19,,211728,25,,,1,20,,211756,25,,,1,60,,211760,25,,,1,20,,211764,25,,,1,20,,211759,25,,,1,60,,211767,25,,,1,20,,211729,25,,,1,20,,211730,25,,,1,60,,211731,25,,,1,20,,211732,25,,,1,20,,211733,25,,,1,60,,211734,25,,,1,20,,211735,25,,,1,20,,211736,25,,,1,60,,211737,25,,,1,20,,211738,25,,,1,20,,211739,25,,,1,57,,211757,25,,,1,17,,211740,25,,,1,15,,211741,25,,,1,55,,211742,25,,,1,15,,211754,25,,,1,15,,211743,25,,,1,15,,211744,25,,,1,55,,211755,25,,,1,15,,211745,25,,,1,15,,211765,25,,,1,15,,211761,25,,,1,56,,211762,25,,,1,31,,211763,25,,,1,23,,211758,25,,,1,70,,211746,25,,,1,30,,211747,25,,,1,70,,211748,25,,,1,30,,211749,25,,,1,70,,211750,25,,,1,30,,211751,25,,,1,70,,211752,25,,,1,100,,211753,25,,,1,100,,211723,25,,,1
5300,'053-Weekday-2-26-09-1111100',521,,211822,25,,,1,30,,211823,25,,,1,70,,211824,25,,,1,34,,211825,25,,,1,58,,211826,25,,,1,15,,211827,25,,,1,15,,211828,25,,,1,15,,211777,25,,,1,55,,211778,25,,,1,15,,211821,25,,,1,15,,211779,25,,,1,15,,211780,25,,,1,59,,211819,25,,,1,19,,211781,25,,,1,20,,211809,25,,,1,60,,211813,25,,,1,20,,211817,25,,,1,20,,211812,25,,,1,60,,211820,25,,,1,20,,211782,25,,,1,20,,211783,25,,,1,60,,211784,25,,,1,20,,211785,25,,,1,20,,211786,25,,,1,60,,211787,25,,,1,20,,211788,25,,,1,20,,211789,25,,,1,60,,211790,25,,,1,20,,211791,25,,,1,20,,211792,25,,,1,57,,211810,25,,,1,17,,211793,25,,,1,15,,211794,25,,,1,55,,211795,25,,,1,15,,211807,25,,,1,15,,211796,25,,,1,15,,211797,25,,,1,55,,211808,25,,,1,15,,211798,25,,,1,15,,211818,25,,,1,15,,211814,25,,,1,56,,211815,25,,,1,31,,211816,25,,,1,23,,211811,25,,,1,70,,211799,25,,,1,30,,211800,25,,,1,70,,211801,25,,,1,30,,211802,25,,,1,70,,211803,25,,,1,30,,211804,25,,,1,70,,211805,25,,,1,100,,211806,25,,,1,100,,211776,25,,,1
5300,'053-Weekday-3-26-09-1111100',521,,255018,25,,,1,30,,255019,25,,,1,70,,255020,25,,,1,34,,255021,25,,,1,58,,255022,25,,,1,15,,255023,25,,,1,15,,255024,25,,,1,15,,254973,25,,,1,55,,254974,25,,,1,15,,255017,25,,,1,15,,254975,25,,,1,15,,254976,25,,,1,59,,255015,25,,,1,19,,254977,25,,,1,20,,255005,25,,,1,60,,255009,25,,,1,20,,255013,25,,,1,20,,255008,25,,,1,60,,255016,25,,,1,20,,254978,25,,,1,20,,254979,25,,,1,60,,254980,25,,,1,20,,254981,25,,,1,20,,254982,25,,,1,60,,254983,25,,,1,20,,254984,25,,,1,20,,254985,25,,,1,60,,254986,25,,,1,20,,254987,25,,,1,20,,254988,25,,,1,57,,255006,25,,,1,17,,254989,25,,,1,15,,254990,25,,,1,55,,254991,25,,,1,15,,255003,25,,,1,15,,254992,25,,,1,15,,254993,25,,,1,55,,255004,25,,,1,15,,254994,25,,,1,15,,255014,25,,,1,15,,255010,25,,,1,56,,255011,25,,,1,31,,255012,25,,,1,23,,255007,25,,,1,70,,254995,25,,,1,30,,254996,25,,,1,70,,254997,25,,,1,30,,254998,25,,,1,70,,254999,25,,,1,30,,255000,25,,,1,70,,255001,25,,,1,100,,255002,25,,,1,100,,254972,25,,,1
5300,'053-Weekday-4-26-09-1111100',521,,211875,25,,,1,30,,211876,25,,,1,70,,211877,25,,,1,34,,211878,25,,,1,58,,211879,25,,,1,15,,211880,25,,,1,15,,211881,25,,,1,15,,211830,25,,,1,55,,211831,25,,,1,15,,211874,25,,,1,15,,211832,25,,,1,15,,211833,25,,,1,59,,211872,25,,,1,19,,211834,25,,,1,20,,211862,25,,,1,60,,211866,25,,,1,20,,211870,25,,,1,20,,211865,25,,,1,60,,211873,25,,,1,20,,211835,25,,,1,20,,211836,25,,,1,60,,211837,25,,,1,20,,211838,25,,,1,20,,211839,25,,,1,60,,211840,25,,,1,20,,211841,25,,,1,20,,211842,25,,,1,60,,211843,25,,,1,20,,211844,25,,,1,20,,211845,25,,,1,57,,211863,25,,,1,17,,211846,25,,,1,15,,211847,25,,,1,55,,211848,25,,,1,15,,211860,25,,,1,15,,211849,25,,,1,15,,211850,25,,,1,55,,211861,25,,,1,15,,211851,25,,,1,15,,211871,25,,,1,15,,211867,25,,,1,56,,211868,25,,,1,31,,211869,25,,,1,23,,211864,25,,,1,70,,211852,25,,,1,30,,211853,25,,,1,70,,211854,25,,,1,30,,211855,25,,,1,70,,211856,25,,,1,30,,211857,25,,,1,70,,211858,25,,,1,100,,211859,25,,,1,100,,211829,25,,,1
5300,'053-Weekday-5-26-09-1111100',521,,255071,25,,,1,30,,255072,25,,,1,70,,255073,25,,,1,34,,255074,25,,,1,58,,255075,25,,,1,15,,255076,25,,,1,15,,255077,25,,,1,15,,255026,25,,,1,55,,255027,25,,,1,15,,255070,25,,,1,15,,255028,25,,,1,15,,255029,25,,,1,59,,255068,25,,,1,19,,255030,25,,,1,20,,255058,25,,,1,60,,255062,25,,,1,20,,255066,25,,,1,20,,255061,25,,,1,60,,255069,25,,,1,20,,255031,25,,,1,20,,255032,25,,,1,60,,255033,25,,,1,20,,255034,25,,,1,20,,255035,25,,,1,60,,255036,25,,,1,20,,255037,25,,,1,20,,255038,25,,,1,60,,255039,25,,,1,20,,255040,25,,,1,20,,255041,25,,,1,57,,255059,25,,,1,17,,255042,25,,,1,15,,255043,25,,,1,55,,255044,25,,,1,15,,255056,25,,,1,15,,255045,25,,,1,15,,255046,25,,,1,55,,255057,25,,,1,15,,255047,25,,,1,15,,255067,25,,,1,15,,255063,25,,,1,56,,255064,25,,,1,31,,255065,25,,,1,23,,255060,25,,,1,70,,255048,25,,,1,30,,255049,25,,,1,70,,255050,25,,,1,30,,255051,25,,,1,70,,255052,25,,,1,30,,255053,25,,,1,70,,255054,25,,,1,100,,255055,25,,,1,100,,255025,25,,,1
5300,'053-Weekday-6-26-09-1111100',521,,255124,25,,,1,30,,255125,25,,,1,70,,255126,25,,,1,34,,255127,25,,,1,58,,255128,25,,,1,15,,255129,25,,,1,15,,255130,25,,,1,15,,255079,25,,,1,55,,255080,25,,,1,15,,255123,25,,,1,15,,255081,25,,,1,15,,255082,25,,,1,59,,255121,25,,,1,19,,255083,25,,,1,20,,255111,25,,,1,60,,255115,25,,,1,20,,255119,25,,,1,20,,255114,25,,,1,60,,255122,25,,,1,20,,255084,25,,,1,20,,255085,25,,,1,60,,255086,25,,,1,20,,255087,25,,,1,20,,255088,25,,,1,60,,255089,25,,,1,20,,255090,25,,,1,20,,255091,25,,,1,60,,255092,25,,,1,20,,255093,25,,,1,20,,255094,25,,,1,57,,255112,25,,,1,17,,255095,25,,,1,15,,255096,25,,,1,55,,255097,25,,,1,15,,255109,25,,,1,15,,255098,25,,,1,15,,255099,25,,,1,55,,255110,25,,,1,15,,255100,25,,,1,15,,255120,25,,,1,15,,255116,25,,,1,56,,255117,25,,,1,31,,255118,25,,,1,23,,255113,25,,,1,70,,255101,25,,,1,30,,255102,25,,,1,70,,255103,25,,,1,30,,255104,25,,,1,70,,255105,25,,,1,30,,255106,25,,,1,70,,255107,25,,,1,100,,255108,25,,,1,100,,255078,25,,,1
5300,'053-Weekday-7-26-09-1111100',521,,255177,25,,,1,30,,255178,25,,,1,70,,255179,25,,,1,34,,255180,25,,,1,58,,255181,25,,,1,15,,255182,25,,,1,15,,255183,25,,,1,15,,255132,25,,,1,55,,255133,25,,,1,15,,255176,25,,,1,15,,255134,25,,,1,15,,255135,25,,,1,59,,255174,25,,,1,19,,255136,25,,,1,20,,255164,25,,,1,60,,255168,25,,,1,20,,255172,25,,,1,20,,255167,25,,,1,60,,255175,25,,,1,20,,255137,25,,,1,20,,255138,25,,,1,60,,255139,25,,,1,20,,255140,25,,,1,20,,255141,25,,,1,60,,255142,25,,,1,20,,255143,25,,,1,20,,255144,25,,,1,60,,255145,25,,,1,20,,255146,25,,,1,20,,255147,25,,,1,57,,255165,25,,,1,17,,255148,25,,,1,15,,255149,25,,,1,55,,255150,25,,,1,15,,255162,25,,,1,15,,255151,25,,,1,15,,255152,25,,,1,55,,255163,25,,,1,15,,255153,25,,,1,15,,255173,25,,,1,15,,255169,25,,,1,56,,255170,25,,,1,31,,255171,25,,,1,23,,255166,25,,,1,70,,255154,25,,,1,30,,255155,25,,,1,70,,255156,25,,,1,30,,255157,25,,,1,70,,255158,25,,,1,30,,255159,25,,,1,70,,255160,25,,,1,100,,255161,25,,,1,100,,255131,25,,,1
5300,'053-Saturday-1-26-09-0000010',621,,211882,25,,,1,100,,211883,25,,,1,100,,211884,25,,,1,25,,211912,25,,,1,67,,211885,25,,,1,30,,211886,25,,,1,70,,211887,25,,,1,30,,211888,25,,,1,70,,211889,25,,,1,30,,211890,25,,,1,70,,211891,25,,,1,30,,211892,25,,,1,70,,211893,25,,,1,30,,211894,25,,,1,70,,211895,25,,,1,30,,211896,25,,,1,70,,211897,25,,,1,30,,211898,25,,,1,70,,211899,25,,,1,30,,211900,25,,,1,70,,211901,25,,,1,30,,211902,25,,,1,70,,211903,25,,,1,30,,211904,25,,,1,70,,211905,25,,,1,30,,211906,25,,,1,79,,211907,25,,,1,100,,211908,25,,,1,100,,211909,25,,,1,100,,211910,25,,,1,100,,211911,25,,,1
5300,'053-Sunday-1-26-09-0000001',724,,211913,25,,,1,100,,211914,25,,,1,99,,211915,25,,,1,100,,211916,25,,,1,30,,211917,25,,,1,70,,211918,25,,,1,30,,211919,25,,,1,70,,211920,25,,,1,30,,211921,25,,,1,70,,211922,25,,,1,30,,211923,25,,,1,70,,211924,25,,,1,30,,211925,25,,,1,70,,211926,25,,,1,30,,211927,25,,,1,70,,211928,25,,,1,30,,211929,25,,,1,70,,211930,25,,,1,30,,211931,25,,,1,70,,211932,25,,,1,30,,211933,25,,,1,70,,211938,25,,,1,100,,211934,25,,,1,100,,211935,25,,,1,100,,211936,25,,,1,100,,211937,25,,,1
63201,'632-Weekday-1-26-09-1111100',750,,270409,2,,,1
63201,'632-Weekday-3-26-09-1111100',750,,270410,2,,,1
63201,'632-Weekday-4-26-09-1111100',750,,270411,2,,,1
63300,'633-Weekday-1-26-09-0001000',1216,,227579,6,,,1,2,,227580,6,,,1,2,,227581,6,,,1
63300,'633-Weekday-1-26-09-1110100',1516,,227585,6,,,1,2,,227582,6,,,1,2,,227583,6,,,1,3,,227584,6,,,1
63300,'633-Weekday-4-26-09-1110100',1516,,270415,6,,,1,2,,270412,6,,,1,2,,270413,6,,,1,3,,270414,6,,,1
63300,'633-Weekday-7-26-09-1110100',1516,,270419,6,,,1,2,,270416,6,,,1,2,,270417,6,,,1,3,,270418,6,,,1
63500,'635-Weekday-1-26-09-0000100',959,,227599,44,,,1
63500,'635-Weekday-1-26-09-1111000',835,,227600,44,,,1
63500,'635-Weekday-3-26-09-1111000',835,,227601,44,,,1
63500,'635-Weekday-7-26-09-1111000',835,,270432,44,,,1
1000101,'001-Weekday-1-26-09-1111100',528,,242839,2,,,1,80,,242840,2,,,1,41,,242841,2,,,1,70,,242875,2,,,1,20,,242842,2,,,1,20,,242843,2,,,1,60,,242844,2,,,1,20,,242845,2,,,1,63,,242876,2,,,1,27,,242846,2,,,1,30,,242847,2,,,1,70,,242848,2,,,1,30,,242849,2,,,1,70,,242850,2,,,1,30,,242851,2,,,1,70,,242852,2,,,1,30,,242853,2,,,1,70,,242854,2,,,1,30,,242855,2,,,1,70,,242856,2,,,1,29,,242878,2,,,1,65,,242857,2,,,1,20,,242858,2,,,1,60,,242859,2,,,1,20,,242860,2,,,1,20,,242861,2,,,1,65,,242877,2,,,1,30,,242862,2,,,1,70,,242863,2,,,1,30,,242864,2,,,1,70,,242865,2,,,1,30,,242866,2,,,1,70,,242867,2,,,1,30,,242868,2,,,1,70,,242869,2,,,1,30,,242870,2,,,1,71,,242871,2,,,1,35,,242872,2,,,1,80,,242873,2,,,1,80,,242874,2,,,1
1000101,'001-Weekday-2-26-09-1111100',528,,242879,2,,,1,80,,242880,2,,,1,41,,242881,2,,,1,70,,242915,2,,,1,20,,242882,2,,,1,20,,242883,2,,,1,60,,242884,2,,,1,20,,242885,2,,,1,63,,242916,2,,,1,27,,242886,2,,,1,30,,242887,2,,,1,70,,242888,2,,,1,30,,242889,2,,,1,70,,242890,2,,,1,30,,242891,2,,,1,70,,242892,2,,,1,30,,242893,2,,,1,70,,242894,2,,,1,30,,242895,2,,,1,70,,242896,2,,,1,29,,242918,2,,,1,65,,242897,2,,,1,20,,242898,2,,,1,60,,242899,2,,,1,20,,242900,2,,,1,20,,242901,2,,,1,65,,242917,2,,,1,30,,242902,2,,,1,70,,242903,2,,,1,30,,242904,2,,,1,70,,242905,2,,,1,30,,242906,2,,,1,70,,242907,2,,,1,30,,242908,2,,,1,70,,242909,2,,,1,30,,242910,2,,,1,71,,242911,2,,,1,35,,242912,2,,,1,80,,242913,2,,,1,80,,242914,2,,,1
1000101,'001-Weekday-3-26-09-1111100',528,,285334,2,,,1,80,,285335,2,,,1,41,,285336,2,,,1,70,,285370,2,,,1,20,,285337,2,,,1,20,,285338,2,,,1,60,,285339,2,,,1,20,,285340,2,,,1,63,,285371,2,,,1,27,,285341,2,,,1,30,,285342,2,,,1,70,,285343,2,,,1,30,,285344,2,,,1,70,,285345,2,,,1,30,,285346,2,,,1,70,,285347,2,,,1,30,,285348,2,,,1,70,,285349,2,,,1,30,,285350,2,,,1,70,,285351,2,,,1,29,,285373,2,,,1,65,,285352,2,,,1,20,,285353,2,,,1,60,,285354,2,,,1,20,,285355,2,,,1,20,,285356,2,,,1,65,,285372,2,,,1,30,,285357,2,,,1,70,,285358,2,,,1,30,,285359,2,,,1,70,,285360,2,,,1,30,,285361,2,,,1,70,,285362,2,,,1,30,,285363,2,,,1,70,,285364,2,,,1,30,,285365,2,,,1,71,,285366,2,,,1,35,,285367,2,,,1,80,,285368,2,,,1,80,,285369,2,,,1
1000101,'001-Weekday-4-26-09-1111100',528,,242919,2,,,1,80,,242920,2,,,1,41,,242921,2,,,1,70,,242955,2,,,1,20,,242922,2,,,1,20,,242923,2,,,1,60,,242924,2,,,1,20,,242925,2,,,1,63,,242956,2,,,1,27,,242926,2,,,1,30,,242927,2,,,1,70,,242928,2,,,1,30,,242929,2,,,1,70,,242930,2,,,1,30,,242931,2,,,1,70,,242932,2,,,1,30,,242933,2,,,1,70,,242934,2,,,1,30,,242935,2,,,1,70,,242936,2,,,1,29,,242958,2,,,1,65,,242937,2,,,1,20,,242938,2,,,1,60,,242939,2,,,1,20,,242940,2,,,1,20,,242941,2,,,1,65,,242957,2,,,1,30,,242942,2,,,1,70,,242943,2,,,1,30,,242944,2,,,1,70,,242945,2,,,1,30,,242946,2,,,1,70,,242947,2,,,1,30,,242948,2,,,1,70,,242949,2,,,1,30,,242950,2,,,1,71,,242951,2,,,1,35,,242952,2,,,1,80,,242953,2,,,1,80,,242954,2,,,1
1000101,'001-Weekday-5-26-09-1111100',528,,285374,2,,,1,80,,285375,2,,,1,41,,285376,2,,,1,70,,285410,2,,,1,20,,285377,2,,,1,20,,285378,2,,,1,60,,285379,2,,,1,20,,285380,2,,,1,63,,285411,2,,,1,27,,285381,2,,,1,30,,285382,2,,,1,70,,285383,2,,,1,30,,285384,2,,,1,70,,285385,2,,,1,30,,285386,2,,,1,70,,285387,2,,,1,30,,285388,2,,,1,70,,285389,2,,,1,30,,285390,2,,,1,70,,285391,2,,,1,29,,285413,2,,,1,65,,285392,2,,,1,20,,285393,2,,,1,60,,285394,2,,,1,20,,285395,2,,,1,20,,285396,2,,,1,65,,285412,2,,,1,30,,285397,2,,,1,70,,285398,2,,,1,30,,285399,2,,,1,70,,285400,2,,,1,30,,285401,2,,,1,70,,285402,2,,,1,30,,285403,2,,,1,70,,285404,2,,,1,30,,285405,2,,,1,71,,285406,2,,,1,35,,285407,2,,,1,80,,285408,2,,,1,80,,285409,2,,,1
1000101,'001-Weekday-6-26-09-1111100',528,,285414,2,,,1,80,,285415,2,,,1,41,,285416,2,,,1,70,,285450,2,,,1,20,,285417,2,,,1,20,,285418,2,,,1,60,,285419,2,,,1,20,,285420,2,,,1,63,,285451,2,,,1,27,,285421,2,,,1,30,,285422,2,,,1,70,,285423,2,,,1,30,,285424,2,,,1,70,,285425,2,,,1,30,,285426,2,,,1,70,,285427,2,,,1,30,,285428,2,,,1,70,,285429,2,,,1,30,,285430,2,,,1,70,,285431,2,,,1,29,,285453,2,,,1,65,,285432,2,,,1,20,,285433,2,,,1,60,,285434,2,,,1,20,,285435,2,,,1,20,,285436,2,,,1,65,,285452,2,,,1,30,,285437,2,,,1,70,,285438,2,,,1,30,,285439,2,,,1,70,,285440,2,,,1,30,,285441,2,,,1,70,,285442,2,,,1,30,,285443,2,,,1,70,,285444,2,,,1,30,,285445,2,,,1,71,,285446,2,,,1,35,,285447,2,,,1,80,,285448,2,,,1,80,,285449,2,,,1
1000101,'001-Weekday-7-26-09-1111100',528,,285454,2,,,1,80,,285455,2,,,1,41,,285456,2,,,1,70,,285490,2,,,1,20,,285457,2,,,1,20,,285458,2,,,1,60,,285459,2,,,1,20,,285460,2,,,1,63,,285491,2,,,1,27,,285461,2,,,1,30,,285462,2,,,1,70,,285463,2,,,1,30,,285464,2,,,1,70,,285465,2,,,1,30,,285466,2,,,1,70,,285467,2,,,1,30,,285468,2,,,1,70,,285469,2,,,1,30,,285470,2,,,1,70,,285471,2,,,1,29,,285493,2,,,1,65,,285472,2,,,1,20,,285473,2,,,1,60,,285474,2,,,1,20,,285475,2,,,1,20,,285476,2,,,1,65,,285492,2,,,1,30,,285477,2,,,1,70,,285478,2,,,1,30,,285479,2,,,1,70,,285480,2,,,1,30,,285481,2,,,1,70,,285482,2,,,1,30,,285483,2,,,1,70,,285484,2,,,1,30,,285485,2,,,1,71,,285486,2,,,1,35,,285487,2,,,1,80,,285488,2,,,1,80,,285489,2,,,1
1000101,'001-Saturday-1-26-09-0000010',534,,242959,2,,,1,80,,242960,2,,,1,40,,242961,2,,,1,80,,242962,2,,,1,70,,242963,2,,,1,30,,242964,2,,,1,70,,242965,2,,,1,30,,242966,2,,,1,70,,242967,2,,,1,30,,242968,2,,,1,70,,242969,2,,,1,30,,242970,2,,,1,70,,242971,2,,,1,30,,242972,2,,,1,70,,242973,2,,,1,30,,242974,2,,,1,70,,242975,2,,,1,30,,242976,2,,,1,70,,242977,2,,,1,30,,242978,2,,,1,70,,242979,2,,,1,30,,242980,2,,,1,70,,242981,2,,,1,30,,242982,2,,,1,70,,242983,2,,,1,30,,242984,2,,,1,70,,242985,2,,,1,30,,242986,2,,,1,70,,242987,2,,,1,30,,242988,2,,,1,70,,242989,2,,,1,30,,242990,2,,,1,70,,242991,2,,,1,30,,242992,2,,,1,80,,242993,2,,,1,40,,242994,2,,,1
1000101,'001-Sunday-1-26-09-0000001',553,,242995,2,,,1,80,,242996,2,,,1,80,,242997,2,,,1,40,,242998,2,,,1,80,,242999,2,,,1,77,,243000,2,,,1,40,,243001,2,,,1,70,,243002,2,,,1,30,,243003,2,,,1,70,,243004,2,,,1,30,,243005,2,,,1,70,,243006,2,,,1,30,,243007,2,,,1,70,,243008,2,,,1,30,,243009,2,,,1,70,,243010,2,,,1,30,,243011,2,,,1,70,,243012,2,,,1,30,,243013,2,,,1,70,,243014,2,,,1,31,,243015,2,,,1,72,,243016,2,,,1,30,,243017,2,,,1,70,,243018,2,,,1,33,,243019,2,,,1,80,,243020,2,,,1,80,,243021,2,,,1,40,,243022,2,,,1,80,,243023,2,,,1,80,,243024,2,,,1,41,,243025,2,,,1,82,,243026,2,,,1
