5600,'056-Weekday-1-26-09-1111100',513,,213142,15,0,19 20,1,30,,213143,39,,,1,70,,213144,39,,,1,27,,213145,39,,,1,65,,213146,39,,,1,17,,213147,39,,,1,15,,213148,39,,,1,15,,213149,39,,,1,55,,213150,39,,,1,15,,213141,39,,,1,15,,213151,39,,,1,15,,213152,39,,,1,55,,213153,39,,,1,15,,213154,39,,,1,15,,213155,39,,,1,15,,213156,39,,,1,55,,213157,39,,,1,15,,213158,39,,,1,15,,213159,39,,,1,15,,213160,39,,,1,55,,213161,39,,,1,15,,213162,39,,,1,15,,213163,39,,,1,15,,213164,39,,,1,55,,213165,39,,,1,15,,213166,39,,,1,15,,213167,39,,,1,15,,213168,39,,,1,55,,213169,39,,,1,15,,213170,39,,,1,15,,213171,39,,,1,15,,213172,39,,,1,55,,213173,39,,,1,15,,213174,39,,,1,15,,213175,39,,,1,15,,213176,39,,,1,55,,213177,39,,,1,15,,213178,39,,,1,14,,213179,39,,,1,7,,213211,15,,,1,8,,213180,39,,,1,6,,213212,15,0,19 20,1,46,,213181,39,,,1,12,,213182,39,,,1,12,,213183,39,,,1,12,,213184,39,,,1,12,,213185,39,,,1,52,,213186,39,,,1,12,,213187,39,,,1,12,,213188,39,,,1,12,,213189,39,,,1,12,,213190,39,,,1,52,,213191,39,,,1,12,,213192,39,,,1,12,,213193,39,,,1,12,,213194,39,,,1,14,,213195,39,,,1,56,,213196,39,,,1,19,,213197,39,,,1,20,,213198,39,,,1,60,,213199,39,,,1,20,,213200,39,,,1,20,,213201,39,,,1,60,,213202,39,,,1,20,,213203,39,,,1,20,,213204,39,,,1,59,,213213,39,,,1,18,,213214,39,,,1,19,,213205,39,,,1,75,,213206,39,,,1,100,,213207,39,,,1,100,,213208,39,,,1
5600,'056-Weekday-2-26-09-1111100',513,,213216,15,0,19 20,1,30,,213217,39,,,1,70,,213218,39,,,1,27,,213219,39,,,1,65,,213220,39,,,1,17,,213221,39,,,1,15,,213222,39,,,1,15,,213223,39,,,1,55,,213224,39,,,1,15,,213215,39,,,1,15,,213225,39,,,1,15,,213226,39,,,1,55,,213227,39,,,1,15,,213228,39,,,1,15,,213229,39,,,1,15,,213230,39,,,1,55,,213231,39,,,1,15,,213232,39,,,1,15,,213233,39,,,1,15,,213234,39,,,1,55,,213235,39,,,1,15,,213236,39,,,1,15,,213237,39,,,1,15,,213238,39,,,1,55,,213239,39,,,1,15,,213240,39,,,1,15,,213241,39,,,1,15,,213242,39,,,1,55,,213243,39,,,1,15,,213244,39,,,1,15,,213245,39,,,1,15,,213246,39,,,1,55,,213247,39,,,1,15,,213248,39,,,1,15,,213249,39,,,1,15,,213250,39,,,1,55,,213251,39,,,1,15,,213252,39,,,1,14,,213253,39,,,1,7,,213285,15,,,1,8,,213254,39,,,1,6,,213286,15,0,19 20,1,46,,213255,39,,,1,12,,213256,39,,,1,12,,213257,39,,,1,12,,213258,39,,,1,12,,213259,39,,,1,52,,213260,39,,,1,12,,213261,39,,,1,12,,213262,39,,,1,12,,213263,39,,,1,12,,213264,39,,,1,52,,213265,39,,,1,12,,213266,39,,,1,12,,213267,39,,,1,12,,213268,39,,,1,14,,213269,39,,,1,56,,213270,39,,,1,19,,213271,39,,,1,20,,213272,39,,,1,60,,213273,39,,,1,20,,213274,39,,,1,20,,213275,39,,,1,60,,213276,39,,,1,20,,213277,39,,,1,20,,213278,39,,,1,59,,213287,39,,,1,18,,213288,39,,,1,19,,213279,39,,,1,75,,213280,39,,,1,100,,213281,39,,,1,100,,213282,39,,,1
5600,'056-Weekday-3-26-09-1111100',513,,256249,15,0,19 20,1,30,,256250,39,,,1,70,,256251,39,,,1,27,,256252,39,,,1,65,,256253,39,,,1,17,,256254,39,,,1,15,,256255,39,,,1,15,,256256,39,,,1,55,,256257,39,,,1,15,,256248,39,,,1,15,,256258,39,,,1,15,,256259,39,,,1,55,,256260,39,,,1,15,,256261,39,,,1,15,,256262,39,,,1,15,,256263,39,,,1,55,,256264,39,,,1,15,,256265,39,,,1,15,,256266,39,,,1,15,,256267,39,,,1,55,,256268,39,,,1,15,,256269,39,,,1,15,,256270,39,,,1,15,,256271,39,,,1,55,,256272,39,,,1,15,,256273,39,,,1,15,,256274,39,,,1,15,,256275,39,,,1,55,,256276,39,,,1,15,,256277,39,,,1,15,,256278,39,,,1,15,,256279,39,,,1,55,,256280,39,,,1,15,,256281,39,,,1,15,,256282,39,,,1,15,,256283,39,,,1,55,,256284,39,,,1,15,,256285,39,,,1,14,,256286,39,,,1,7,,256316,15,,,1,8,,256287,39,,,1,52,,256288,39,,,1,12,,256289,39,,,1,12,,256290,39,,,1,12,,256291,39,,,1,12,,256292,39,,,1,52,,256293,39,,,1,12,,256294,39,,,1,12,,256295,39,,,1,12,,256296,39,,,1,12,,256297,39,,,1,52,,256298,39,,,1,12,,256299,39,,,1,12,,256300,39,,,1,12,,256301,39,,,1,14,,256302,39,,,1,56,,256303,39,,,1,19,,256304,39,,,1,20,,256305,39,,,1,60,,256306,39,,,1,20,,256307,39,,,1,20,,256308,39,,,1,60,,256309,39,,,1,20,,256310,39,,,1,20,,256311,39,,,1,59,,256317,39,,,1,18,,256318,39,,,1,19,,256312,39,,,1,75,,256313,39,,,1,100,,256314,39,,,1,100,,256315,39,,,1
5600,'056-Weekday-4-26-09-1111100',513,,213290,15,0,19 20,1,30,,213291,39,,,1,70,,213292,39,,,1,27,,213293,39,,,1,65,,213294,39,,,1,17,,213295,39,,,1,15,,213296,39,,,1,15,,213297,39,,,1,55,,213298,39,,,1,15,,213289,39,,,1,15,,213299,39,,,1,15,,213300,39,,,1,55,,213301,39,,,1,15,,213302,39,,,1,15,,213303,39,,,1,15,,213304,39,,,1,55,,213305,39,,,1,15,,213306,39,,,1,15,,213307,39,,,1,15,,213308,39,,,1,55,,213309,39,,,1,15,,213310,39,,,1,15,,213311,39,,,1,15,,213312,39,,,1,55,,213313,39,,,1,15,,213314,39,,,1,15,,213315,39,,,1,15,,213316,39,,,1,55,,213317,39,,,1,15,,213318,39,,,1,15,,213319,39,,,1,15,,213320,39,,,1,55,,213321,39,,,1,15,,213322,39,,,1,15,,213323,39,,,1,15,,213324,39,,,1,55,,213325,39,,,1,15,,213326,39,,,1,14,,213327,39,,,1,15,,213328,39,,,1,52,,213329,39,,,1,12,,213330,39,,,1,12,,213331,39,,,1,12,,213332,39,,,1,12,,213333,39,,,1,52,,213334,39,,,1,12,,213335,39,,,1,12,,213336,39,,,1,12,,213337,39,,,1,12,,213338,39,,,1,52,,213339,39,,,1,12,,213340,39,,,1,12,,213341,39,,,1,12,,213342,39,,,1,14,,213343,39,,,1,56,,213344,39,,,1,19,,213345,39,,,1,20,,213346,39,,,1,60,,213347,39,,,1,20,,213348,39,,,1,20,,213349,39,,,1,60,,213350,39,,,1,20,,213351,39,,,1,20,,213352,39,,,1,59,,213357,39,,,1,18,,213358,39,,,1,19,,213353,39,,,1,75,,213354,39,,,1,100,,213355,39,,,1,100,,213356,39,,,1
5600,'056-Weekday-5-26-09-1111100',513,,256320,15,0,19 20,1,30,,256321,39,,,1,70,,256322,39,,,1,27,,256323,39,,,1,65,,256324,39,,,1,17,,256325,39,,,1,15,,256326,39,,,1,15,,256327,39,,,1,55,,256328,39,,,1,15,,256319,39,,,1,15,,256329,39,,,1,15,,256330,39,,,1,55,,256331,39,,,1,15,,256332,39,,,1,15,,256333,39,,,1,15,,256334,39,,,1,55,,256335,39,,,1,15,,256336,39,,,1,15,,256337,39,,,1,15,,256338,39,,,1,55,,256339,39,,,1,15,,256340,39,,,1,15,,256341,39,,,1,15,,256342,39,,,1,55,,256343,39,,,1,15,,256344,39,,,1,15,,256345,39,,,1,15,,256346,39,,,1,55,,256347,39,,,1,15,,256348,39,,,1,15,,256349,39,,,1,15,,256350,39,,,1,55,,256351,39,,,1,15,,256352,39,,,1,15,,256353,39,,,1,15,,256354,39,,,1,55,,256355,39,,,1,15,,256356,39,,,1,14,,256357,39,,,1,15,,256358,39,,,1,52,,256359,39,,,1,12,,256360,39,,,1,12,,256361,39,,,1,12,,256362,39,,,1,12,,256363,39,,,1,52,,256364,39,,,1,12,,256365,39,,,1,12,,256366,39,,,1,12,,256367,39,,,1,12,,256368,39,,,1,52,,256369,39,,,1,12,,256370,39,,,1,12,,256371,39,,,1,12,,256372,39,,,1,14,,256373,39,,,1,56,,256374,39,,,1,19,,256375,39,,,1,20,,256376,39,,,1,60,,256377,39,,,1,20,,256378,39,,,1,20,,256379,39,,,1,60,,256380,39,,,1,20,,256381,39,,,1,20,,256382,39,,,1,59,,256387,39,,,1,18,,256388,39,,,1,19,,256383,39,,,1,75,,256384,39,,,1,100,,256385,39,,,1,100,,256386,39,,,1
5600,'056-Weekday-6-26-09-1111100',513,,256390,15,0,19 20,1,30,,256391,39,,,1,70,,256392,39,,,1,27,,256393,39,,,1,65,,256394,39,,,1,17,,256395,39,,,1,15,,256396,39,,,1,15,,256397,39,,,1,55,,256398,39,,,1,15,,256389,39,,,1,15,,256399,39,,,1,15,,256400,39,,,1,55,,256401,39,,,1,15,,256402,39,,,1,15,,256403,39,,,1,15,,256404,39,,,1,55,,256405,39,,,1,15,,256406,39,,,1,15,,256407,39,,,1,15,,256408,39,,,1,55,,256409,39,,,1,15,,256410,39,,,1,15,,256411,39,,,1,15,,256412,39,,,1,55,,256413,39,,,1,15,,256414,39,,,1,15,,256415,39,,,1,15,,256416,39,,,1,55,,256417,39,,,1,15,,256418,39,,,1,15,,256419,39,,,1,15,,256420,39,,,1,55,,256421,39,,,1,15,,256422,39,,,1,15,,256423,39,,,1,15,,256424,39,,,1,55,,256425,39,,,1,15,,256426,39,,,1,14,,256427,39,,,1,7,,256459,15,,,1,8,,256428,39,,,1,6,,256460,15,0,19 20,1,46,,256429,39,,,1,12,,256430,39,,,1,12,,256431,39,,,1,12,,256432,39,,,1,12,,256433,39,,,1,52,,256434,39,,,1,12,,256435,39,,,1,12,,256436,39,,,1,12,,256437,39,,,1,12,,256438,39,,,1,52,,256439,39,,,1,12,,256440,39,,,1,12,,256441,39,,,1,12,,256442,39,,,1,14,,256443,39,,,1,56,,256444,39,,,1,19,,256445,39,,,1,20,,256446,39,,,1,60,,256447,39,,,1,20,,256448,39,,,1,20,,256449,39,,,1,60,,256450,39,,,1,20,,256451,39,,,1,20,,256452,39,,,1,59,,256461,39,,,1,18,,256462,39,,,1,19,,256453,39,,,1,75,,256454,39,,,1,100,,256455,39,,,1,100,,256456,39,,,1
5600,'056-Weekday-7-26-09-1111100',513,,256464,15,0,19 20,1,30,,256465,39,,,1,70,,256466,39,,,1,27,,256467,39,,,1,65,,256468,39,,,1,17,,256469,39,,,1,15,,256470,39,,,1,15,,256471,39,,,1,55,,256472,39,,,1,15,,256463,39,,,1,15,,256473,39,,,1,15,,256474,39,,,1,55,,256475,39,,,1,15,,256476,39,,,1,15,,256477,39,,,1,15,,256478,39,,,1,55,,256479,39,,,1,15,,256480,39,,,1,15,,256481,39,,,1,15,,256482,39,,,1,55,,256483,39,,,1,15,,256484,39,,,1,15,,256485,39,,,1,15,,256486,39,,,1,55,,256487,39,,,1,15,,256488,39,,,1,15,,256489,39,,,1,15,,256490,39,,,1,55,,256491,39,,,1,15,,256492,39,,,1,15,,256493,39,,,1,15,,256494,39,,,1,55,,256495,39,,,1,15,,256496,39,,,1,15,,256497,39,,,1,15,,256498,39,,,1,55,,256499,39,,,1,15,,256500,39,,,1,14,,256501,39,,,1,15,,256502,39,,,1,52,,256503,39,,,1,12,,256504,39,,,1,12,,256505,39,,,1,12,,256506,39,,,1,12,,256507,39,,,1,52,,256508,39,,,1,12,,256509,39,,,1,12,,256510,39,,,1,12,,256511,39,,,1,12,,256512,39,,,1,52,,256513,39,,,1,12,,256514,39,,,1,12,,256515,39,,,1,12,,256516,39,,,1,14,,256517,39,,,1,56,,256518,39,,,1,19,,256519,39,,,1,20,,256520,39,,,1,60,,256521,39,,,1,20,,256522,39,,,1,20,,256523,39,,,1,60,,256524,39,,,1,20,,256525,39,,,1,20,,256526,39,,,1,59,,256531,39,,,1,18,,256532,39,,,1,19,,256527,39,,,1,75,,256528,39,,,1,100,,256529,39,,,1,100,,256530,39,,,1
5600,'056-Saturday-1-26-09-0000010',558,,213403,39,,,1,70,,213359,39,,,1,30,,213404,39,,,1,70,,213360,39,,,1,30,,213405,39,,,1,70,,213361,39,,,1,15,,213406,39,,,1,15,,213362,39,,,1,57,,213363,39,,,1,17,,213407,39,,,1,17,,213364,39,,,1,55,,213365,39,,,1,14,,213408,39,,,1,14,,213366,39,,,1,14,,213367,39,,,1,54,,213368,39,,,1,15,,213409,39,,,1,15,,213369,39,,,1,15,,213370,39,,,1,55,,213371,39,,,1,15,,213410,39,,,1,15,,213372,39,,,1,15,,213373,39,,,1,55,,213374,39,,,1,15,,213411,39,,,1,15,,213375,39,,,1,15,,213376,39,,,1,55,,213377,39,,,1,15,,213412,39,,,1,15,,213378,39,,,1,15,,213379,39,,,1,55,,213381,39,,,1,15,,213413,39,,,1,15,,213382,39,,,1,15,,213383,39,,,1,55,,213380,39,,,1,15,,213414,39,,,1,15,,213392,39,,,1,15,,213393,39,,,1,55,,213394,39,,,1,15,,213415,39,,,1,14,,213395,39,,,1,14,,213396,39,,,1,16,,213397,39,,,1,55,,213416,39,,,1,15,,213398,39,,,1,15,,213399,39,,,1,15,,213400,39,,,1,55,,213417,39,,,1,15,,213401,39,,,1,15,,213402,39,,,1,60,,213389,39,,,1,20,,213418,39,,,1,20,,213384,39,,,1,60,,213390,39,,,1,20,,213419,39,,,1,20,,213385,39,,,1,60,,213391,39,,,1,20,,213420,39,,,1,20,,213386,39,,,1,70,,213421,39,,,1,30,,213388,39,,,1,70,,213422,39,,,1,30,,213387,39,,,1
5600,'056-Sunday-1-26-09-0000001',545,,213456,39,,,1,70,,213457,39,,,1,30,,213423,39,,,1,70,,213458,39,,,1,30,,213424,39,,,1,70,,213459,39,,,1,27,,213425,39,,,1,68,,213454,39,,,1,15,,213460,39,,,1,16,,213426,39,,,1,15,,213455,39,,,1,55,,213461,39,,,1,15,,213427,39,,,1,15,,213450,39,,,1,15,,213462,39,,,1,55,,213428,39,,,1,15,,213429,39,,,1,15,,213463,39,,,1,15,,213430,39,,,1,55,,213431,39,,,1,15,,213464,39,,,1,15,,213432,39,,,1,15,,213433,39,,,1,55,,213465,39,,,1,15,,213434,39,,,1,15,,213435,39,,,1,15,,213466,39,,,1,55,,213436,39,,,1,15,,213437,39,,,1,15,,213467,39,,,1,15,,213438,39,,,1,55,,213439,39,,,1,15,,213468,39,,,1,15,,213440,39,,,1,15,,213441,39,,,1,55,,213469,39,,,1,15,,213442,39,,,1,15,,213443,39,,,1,14,,213470,39,,,1,54,,213476,39,,,1,14,,213477,39,,,1,14,,213478,39,,,1,15,,213479,39,,,1,54,,213480,39,,,1,14,,213481,39,,,1,13,,213482,39,,,1,14,,213483,39,,,1,55,,213484,39,,,1,13,,213485,39,,,1,15,,213486,39,,,1,18,,213444,39,,,1,61,,213451,39,,,1,19,,213471,39,,,1,20,,213445,39,,,1,60,,213452,39,,,1,20,,213472,39,,,1,20,,213447,39,,,1,60,,213453,39,,,1,19,,213473,39,,,1,19,,213448,39,,,1,67,,213474,39,,,1,30,,213446,39,,,1,70,,213475,39,,,1,30,,213449,39,,,1
51800,'518-Weekday-1-26-09-1111100',525,,224859,7,,,1,30,,224860,7,,,1,71,,224894,7,,,1,15,,224861,7,,,1,12,,224862,7,,,1,52,,224896,7,,,1,12,,224863,7,,,1,3,,224907,7,,,1,15,,224864,7,,,1,12,,224865,7,,,1,12,,224866,7,,,1,52,,224897,7,,,1,12,,224867,7,,,1,12,,224868,7,,,1,12,,224905,7,,,1,12,,224908,7,,,1,67,,224900,7,,,1,30,,224869,7,,,1,70,,224870,7,,,1,30,,224871,7,,,1,70,,224872,7,,,1,30,,224873,7,,,1,70,,224874,7,,,1,30,,224875,7,,,1,70,,224876,7,,,1,30,,224877,7,,,1,70,,224878,7,,,1,31,,224901,7,,,1,60,,224879,7,,,1,12,,224880,7,,,1,12,,224881,7,,,1,12,,224898,7,,,1,52,,224882,7,,,1,12,,224883,7,,,1,12,,224884,7,,,1,12,,224885,7,,,1,12,,224899,7,,,1,52,,224886,7,,,1,12,,224887,7,,,1,12,,224909,7,,,1,12,,224910,7,,,1,12,,224911,7,,,1,52,,224906,7,,,1,25,,224888,7,,,1,26,,224889,7,,,1,70,,224890,7,,,1,30,,224891,7,,,1,70,,224902,7,,,1,30,,224903,7,,,1,70,,224904,7,,,1,30,,224895,7,,,1,84,,224893,7,,,1,100,,224892,7,,,1
51800,'518-Weekday-2-26-09-1111100',525,,224912,7,,,1,30,,224913,7,,,1,71,,224947,7,,,1,15,,224914,7,,,1,12,,224915,7,,,1,52,,224949,7,,,1,12,,224916,7,,,1,3,,224960,7,,,1,15,,224917,7,,,1,12,,224918,7,,,1,12,,224919,7,,,1,52,,224950,7,,,1,12,,224920,7,,,1,12,,224921,7,,,1,12,,224958,7,,,1,12,,224961,7,,,1,67,,224953,7,,,1,30,,224922,7,,,1,70,,224923,7,,,1,30,,224924,7,,,1,70,,224925,7,,,1,30,,224926,7,,,1,70,,224927,7,,,1,30,,224928,7,,,1,70,,224929,7,,,1,30,,224930,7,,,1,70,,224931,7,,,1,31,,224954,7,,,1,60,,224932,7,,,1,12,,224933,7,,,1,12,,224934,7,,,1,12,,224951,7,,,1,52,,224935,7,,,1,12,,224936,7,,,1,12,,224937,7,,,1,12,,224938,7,,,1,12,,224952,7,,,1,52,,224939,7,,,1,12,,224940,7,,,1,12,,224962,7,,,1,12,,224963,7,,,1,12,,224964,7,,,1,52,,224959,7,,,1,25,,224941,7,,,1,26,,224942,7,,,1,70,,224943,7,,,1,30,,224944,7,,,1,70,,224955,7,,,1,30,,224956,7,,,1,70,,224957,7,,,1,30,,224948,7,,,1,84,,224946,7,,,1,100,,224945,7,,,1
51800,'518-Weekday-3-26-09-1111100',525,,267923,7,,,1,30,,267924,7,,,1,71,,267958,7,,,1,15,,267925,7,,,1,12,,267926,7,,,1,52,,267960,7,,,1,12,,267927,7,,,1,3,,267971,7,,,1,15,,267928,7,,,1,12,,267929,7,,,1,12,,267930,7,,,1,52,,267961,7,,,1,12,,267931,7,,,1,12,,267932,7,,,1,12,,267969,7,,,1,12,,267972,7,,,1,67,,267964,7,,,1,30,,267933,7,,,1,70,,267934,7,,,1,30,,267935,7,,,1,70,,267936,7,,,1,30,,267937,7,,,1,70,,267938,7,,,1,30,,267939,7,,,1,70,,267940,7,,,1,30,,267941,7,,,1,70,,267942,7,,,1,31,,267965,7,,,1,60,,267943,7,,,1,12,,267944,7,,,1,12,,267945,7,,,1,12,,267962,7,,,1,52,,267946,7,,,1,12,,267947,7,,,1,12,,267948,7,,,1,12,,267949,7,,,1,12,,267963,7,,,1,52,,267950,7,,,1,12,,267951,7,,,1,12,,267973,7,,,1,12,,267974,7,,,1,12,,267975,7,,,1,52,,267970,7,,,1,25,,267952,7,,,1,26,,267953,7,,,1,70,,267954,7,,,1,30,,267955,7,,,1,70,,267966,7,,,1,30,,267967,7,,,1,70,,267968,7,,,1,30,,267959,7,,,1,84,,267957,7,,,1,100,,267956,7,,,1
51800,'518-Weekday-4-26-09-1111100',525,,224965,7,,,1,30,,224966,7,,,1,71,,225000,7,,,1,15,,224967,7,,,1,12,,224968,7,,,1,52,,225002,7,,,1,12,,224969,7,,,1,18,,224970,7,,,1,12,,224971,7,,,1,12,,224972,7,,,1,52,,225003,7,,,1,12,,224973,7,,,1,12,,224974,7,,,1,12,,225011,7,,,1,12,,225013,7,,,1,67,,225006,7,,,1,30,,224975,7,,,1,70,,224976,7,,,1,30,,224977,7,,,1,70,,224978,7,,,1,30,,224979,7,,,1,70,,224980,7,,,1,30,,224981,7,,,1,70,,224982,7,,,1,30,,224983,7,,,1,70,,224984,7,,,1,31,,225007,7,,,1,60,,224985,7,,,1,12,,224986,7,,,1,12,,224987,7,,,1,12,,225004,7,,,1,52,,224988,7,,,1,12,,224989,7,,,1,12,,224990,7,,,1,12,,224991,7,,,1,12,,225005,7,,,1,52,,224992,7,,,1,12,,224993,7,,,1,12,,225014,7,,,1,12,,225015,7,,,1,12,,225016,7,,,1,52,,225012,7,,,1,25,,224994,7,,,1,26,,224995,7,,,1,70,,224996,7,,,1,30,,224997,7,,,1,70,,225008,7,,,1,30,,225009,7,,,1,70,,225010,7,,,1,30,,225001,7,,,1,84,,224999,7,,,1,100,,224998,7,,,1
51800,'518-Weekday-5-26-09-1111100',525,,267976,7,,,1,30,,267977,7,,,1,71,,268011,7,,,1,15,,267978,7,,,1,12,,267979,7,,,1,52,,268013,7,,,1,12,,267980,7,,,1,18,,267981,7,,,1,12,,267982,7,,,1,12,,267983,7,,,1,52,,268014,7,,,1,12,,267984,7,,,1,12,,267985,7,,,1,12,,268022,7,,,1,12,,268024,7,,,1,67,,268017,7,,,1,30,,267986,7,,,1,70,,267987,7,,,1,30,,267988,7,,,1,70,,267989,7,,,1,30,,267990,7,,,1,70,,267991,7,,,1,30,,267992,7,,,1,70,,267993,7,,,1,30,,267994,7,,,1,70,,267995,7,,,1,31,,268018,7,,,1,60,,267996,7,,,1,12,,267997,7,,,1,12,,267998,7,,,1,12,,268015,7,,,1,52,,267999,7,,,1,12,,268000,7,,,1,12,,268001,7,,,1,12,,268002,7,,,1,12,,268016,7,,,1,52,,268003,7,,,1,12,,268004,7,,,1,12,,268025,7,,,1,12,,268026,7,,,1,12,,268027,7,,,1,52,,268023,7,,,1,25,,268005,7,,,1,26,,268006,7,,,1,70,,268007,7,,,1,30,,268008,7,,,1,70,,268019,7,,,1,30,,268020,7,,,1,70,,268021,7,,,1,30,,268012,7,,,1,84,,268010,7,,,1,100,,268009,7,,,1
51800,'518-Weekday-6-26-09-1111100',525,,268028,7,,,1,30,,268029,7,,,1,71,,268063,7,,,1,15,,268030,7,,,1,12,,268031,7,,,1,52,,268065,7,,,1,12,,268032,7,,,1,3,,268076,7,,,1,15,,268033,7,,,1,12,,268034,7,,,1,12,,268035,7,,,1,52,,268066,7,,,1,12,,268036,7,,,1,12,,268037,7,,,1,12,,268074,7,,,1,12,,268077,7,,,1,67,,268069,7,,,1,30,,268038,7,,,1,70,,268039,7,,,1,30,,268040,7,,,1,70,,268041,7,,,1,30,,268042,7,,,1,70,,268043,7,,,1,30,,268044,7,,,1,70,,268045,7,,,1,30,,268046,7,,,1,70,,268047,7,,,1,31,,268070,7,,,1,60,,268048,7,,,1,12,,268049,7,,,1,12,,268050,7,,,1,12,,268067,7,,,1,52,,268051,7,,,1,12,,268052,7,,,1,12,,268053,7,,,1,12,,268054,7,,,1,12,,268068,7,,,1,52,,268055,7,,,1,12,,268056,7,,,1,12,,268078,7,,,1,12,,268079,7,,,1,12,,268080,7,,,1,52,,268075,7,,,1,25,,268057,7,,,1,26,,268058,7,,,1,70,,268059,7,,,1,30,,268060,7,,,1,70,,268071,7,,,1,30,,268072,7,,,1,70,,268073,7,,,1,30,,268064,7,,,1,84,,268062,7,,,1,100,,268061,7,,,1
51800,'518-Weekday-7-26-09-1111100',525,,268081,7,,,1,30,,268082,7,,,1,71,,268116,7,,,1,15,,268083,7,,,1,12,,268084,7,,,1,52,,268118,7,,,1,12,,268085,7,,,1,18,,268086,7,,,1,12,,268087,7,,,1,12,,268088,7,,,1,52,,268119,7,,,1,12,,268089,7,,,1,12,,268090,7,,,1,12,,268127,7,,,1,12,,268129,7,,,1,67,,268122,7,,,1,30,,268091,7,,,1,70,,268092,7,,,1,30,,268093,7,,,1,70,,268094,7,,,1,30,,268095,7,,,1,70,,268096,7,,,1,30,,268097,7,,,1,70,,268098,7,,,1,30,,268099,7,,,1,70,,268100,7,,,1,31,,268123,7,,,1,60,,268101,7,,,1,12,,268102,7,,,1,12,,268103,7,,,1,12,,268120,7,,,1,52,,268104,7,,,1,12,,268105,7,,,1,12,,268106,7,,,1,12,,268107,7,,,1,12,,268121,7,,,1,52,,268108,7,,,1,12,,268109,7,,,1,12,,268130,7,,,1,12,,268131,7,,,1,12,,268132,7,,,1,52,,268128,7,,,1,25,,268110,7,,,1,26,,268111,7,,,1,70,,268112,7,,,1,30,,268113,7,,,1,70,,268124,7,,,1,30,,268125,7,,,1,70,,268126,7,,,1,30,,268117,7,,,1,84,,268115,7,,,1,100,,268114,7,,,1
51800,'518-Saturday-1-26-09-0000010',619,,225018,7,,,1,100,,225019,7,,,1,100,,225020,7,,,1,30,,225021,7,,,1,71,,225022,7,,,1,32,,225023,7,,,1,70,,225024,7,,,1,30,,225025,7,,,1,70,,225026,7,,,1,30,,225027,7,,,1,70,,225028,7,,,1,30,,225029,7,,,1,70,,225030,7,,,1,30,,225031,7,,,1,70,,225032,7,,,1,30,,225033,7,,,1,70,,225034,7,,,1,30,,225035,7,,,1,70,,225036,7,,,1,30,,225037,7,,,1,69,,225038,7,,,1,29,,225039,7,,,1,70,,225040,7,,,1,30,,225041,7,,,1,70,,225017,7,,,1,30,,225047,7,,,1,70,,225042,7,,,1,30,,225048,7,,,1,70,,225043,7,,,1,30,,225049,7,,,1,70,,225044,7,,,1,100,,225045,7,,,1,100,,225046,7,,,1
51800,'518-Sunday-1-26-09-0000001',619,,225071,7,,,1,100,,225072,7,,,1,100,,225073,7,,,1,101,,225074,7,,,1,85,,225050,7,,,1,30,,225051,7,,,1,70,,225052,7,,,1,30,,225053,7,,,1,70,,225054,7,,,1,30,,225055,7,,,1,70,,225056,7,,,1,30,,225057,7,,,1,70,,225058,7,,,1,30,,225059,7,,,1,70,,225060,7,,,1,30,,225061,7,,,1,70,,225062,7,,,1,30,,225063,7,,,1,69,,225064,7,,,1,30,,225065,7,,,1,70,,225066,7,,,1,30,,225067,7,,,1,85,,225068,7,,,1,100,,225069,7,,,1,100,,225070,7,,,1,100,,225075,7,,,1,100,,225076,7,,,1
51900,'519-Weekday-1-26-09-1111100',540,,225295,7,,,1,70,,225296,7,,,1,15,,225297,7,,,1,15,,225298,7,,,1,15,,225299,7,,,1,55,,225300,7,,,1,15,,225301,7,,,1,15,,225302,7,,,1,15,,225303,7,,,1,55,,225304,7,,,1,15,,225305,7,,,1,15,,225341,7,,,1,70,,225306,7,,,1,30,,225307,7,,,1,70,,225308,7,,,1,30,,225309,7,,,1,70,,225310,7,,,1,30,,225311,7,,,1,70,,225312,7,,,1,30,,225313,7,,,1,70,,225314,7,,,1,30,,225315,7,,,1,70,,225316,7,,,1,30,,225317,7,,,1,71,,225318,7,,,1,15,,225319,7,,,1,15,,225320,7,,,1,18,,225321,7,,,1,55,,225322,7,,,1,15,,225323,7,,,1,15,,225324,7,,,1,15,,225325,7,,,1,55,,225326,7,,,1,15,,225327,7,,,1,15,,225328,7,,,1,15,,225329,7,,,1,55,,225330,7,,,1,28,,225331,7,,,1,68,,225332,7,,,1,30,,225333,7,,,1,70,,225334,7,,,1,30,,225335,7,,,1,70,,225336,7,,,1,30,,225337,7,,,1,70,,225338,7,,,1,100,,225339,7,,,1,100,,225340,7,,,1
51900,'519-Weekday-2-26-09-1111100',540,,225342,7,,,1,70,,225343,7,,,1,15,,225344,7,,,1,15,,225345,7,,,1,15,,225346,7,,,1,55,,225347,7,,,1,15,,225348,7,,,1,15,,225349,7,,,1,15,,225350,7,,,1,55,,225351,7,,,1,15,,225352,7,,,1,15,,225388,7,,,1,70,,225353,7,,,1,30,,225354,7,,,1,70,,225355,7,,,1,30,,225356,7,,,1,70,,225357,7,,,1,30,,225358,7,,,1,70,,225359,7,,,1,30,,225360,7,,,1,70,,225361,7,,,1,30,,225362,7,,,1,70,,225363,7,,,1,30,,225364,7,,,1,71,,225365,7,,,1,15,,225366,7,,,1,15,,225367,7,,,1,18,,225368,7,,,1,55,,225369,7,,,1,15,,225370,7,,,1,15,,225371,7,,,1,15,,225372,7,,,1,55,,225373,7,,,1,15,,225374,7,,,1,15,,225375,7,,,1,15,,225376,7,,,1,55,,225377,7,,,1,28,,225378,7,,,1,68,,225379,7,,,1,30,,225380,7,,,1,70,,225381,7,,,1,30,,225382,7,,,1,70,,225383,7,,,1,30,,225384,7,,,1,70,,225385,7,,,1,100,,225386,7,,,1,100,,225387,7,,,1
51900,'519-Weekday-3-26-09-1111100',540,,268343,7,,,1,70,,268344,7,,,1,15,,268345,7,,,1,15,,268346,7,,,1,15,,268347,7,,,1,55,,268348,7,,,1,15,,268349,7,,,1,15,,268350,7,,,1,15,,268351,7,,,1,55,,268352,7,,,1,15,,268353,7,,,1,15,,268389,7,,,1,70,,268354,7,,,1,30,,268355,7,,,1,70,,268356,7,,,1,30,,268357,7,,,1,70,,268358,7,,,1,30,,268359,7,,,1,70,,268360,7,,,1,30,,268361,7,,,1,70,,268362,7,,,1,30,,268363,7,,,1,70,,268364,7,,,1,30,,268365,7,,,1,71,,268366,7,,,1,15,,268367,7,,,1,15,,268368,7,,,1,18,,268369,7,,,1,55,,268370,7,,,1,15,,268371,7,,,1,15,,268372,7,,,1,15,,268373,7,,,1,55,,268374,7,,,1,15,,268375,7,,,1,15,,268376,7,,,1,15,,268377,7,,,1,55,,268378,7,,,1,28,,268379,7,,,1,68,,268380,7,,,1,30,,268381,7,,,1,70,,268382,7,,,1,30,,268383,7,,,1,70,,268384,7,,,1,30,,268385,7,,,1,70,,268386,7,,,1,100,,268387,7,,,1,100,,268388,7,,,1
51900,'519-Weekday-4-26-09-1111100',540,,225389,7,,,1,70,,225390,7,,,1,15,,225391,7,,,1,15,,225392,7,,,1,15,,225393,7,,,1,55,,225394,7,,,1,15,,225395,7,,,1,15,,225396,7,,,1,15,,225397,7,,,1,55,,225398,7,,,1,15,,225399,7,,,1,15,,225435,7,,,1,70,,225400,7,,,1,30,,225401,7,,,1,70,,225402,7,,,1,30,,225403,7,,,1,70,,225404,7,,,1,30,,225405,7,,,1,70,,225406,7,,,1,30,,225407,7,,,1,70,,225408,7,,,1,30,,225409,7,,,1,70,,225410,7,,,1,30,,225411,7,,,1,71,,225412,7,,,1,15,,225413,7,,,1,15,,225414,7,,,1,18,,225415,7,,,1,55,,225416,7,,,1,15,,225417,7,,,1,15,,225418,7,,,1,15,,225419,7,,,1,55,,225420,7,,,1,15,,225421,7,,,1,15,,225422,7,,,1,15,,225423,7,,,1,55,,225424,7,,,1,28,,225425,7,,,1,68,,225426,7,,,1,30,,225427,7,,,1,70,,225428,7,,,1,30,,225429,7,,,1,70,,225430,7,,,1,30,,225431,7,,,1,70,,225432,7,,,1,100,,225433,7,,,1,100,,225434,7,,,1
51900,'519-Weekday-5-26-09-1111100',540,,268390,7,,,1,70,,268391,7,,,1,15,,268392,7,,,1,15,,268393,7,,,1,15,,268394,7,,,1,55,,268395,7,,,1,15,,268396,7,,,1,15,,268397,7,,,1,15,,268398,7,,,1,55,,268399,7,,,1,15,,268400,7,,,1,15,,268436,7,,,1,70,,268401,7,,,1,30,,268402,7,,,1,70,,268403,7,,,1,30,,268404,7,,,1,70,,268405,7,,,1,30,,268406,7,,,1,70,,268407,7,,,1,30,,268408,7,,,1,70,,268409,7,,,1,30,,268410,7,,,1,70,,268411,7,,,1,30,,268412,7,,,1,71,,268413,7,,,1,15,,268414,7,,,1,15,,268415,7,,,1,18,,268416,7,,,1,55,,268417,7,,,1,15,,268418,7,,,1,15,,268419,7,,,1,15,,268420,7,,,1,55,,268421,7,,,1,15,,268422,7,,,1,15,,268423,7,,,1,15,,268424,7,,,1,55,,268425,7,,,1,28,,268426,7,,,1,68,,268427,7,,,1,30,,268428,7,,,1,70,,268429,7,,,1,30,,268430,7,,,1,70,,268431,7,,,1,30,,268432,7,,,1,70,,268433,7,,,1,100,,268434,7,,,1,100,,268435,7,,,1
51900,'519-Weekday-6-26-09-1111100',540,,268437,7,,,1,70,,268438,7,,,1,15,,268439,7,,,1,15,,268440,7,,,1,15,,268441,7,,,1,55,,268442,7,,,1,15,,268443,7,,,1,15,,268444,7,,,1,15,,268445,7,,,1,55,,268446,7,,,1,15,,268447,7,,,1,15,,268483,7,,,1,70,,268448,7,,,1,30,,268449,7,,,1,70,,268450,7,,,1,30,,268451,7,,,1,70,,268452,7,,,1,30,,268453,7,,,1,70,,268454,7,,,1,30,,268455,7,,,1,70,,268456,7,,,1,30,,268457,7,,,1,70,,268458,7,,,1,30,,268459,7,,,1,71,,268460,7,,,1,15,,268461,7,,,1,15,,268462,7,,,1,18,,268463,7,,,1,55,,268464,7,,,1,15,,268465,7,,,1,15,,268466,7,,,1,15,,268467,7,,,1,55,,268468,7,,,1,15,,268469,7,,,1,15,,268470,7,,,1,15,,268471,7,,,1,55,,268472,7,,,1,28,,268473,7,,,1,68,,268474,7,,,1,30,,268475,7,,,1,70,,268476,7,,,1,30,,268477,7,,,1,70,,268478,7,,,1,30,,268479,7,,,1,70,,268480,7,,,1,100,,268481,7,,,1,100,,268482,7,,,1
51900,'519-Weekday-7-26-09-1111100',540,,268484,7,,,1,70,,268485,7,,,1,15,,268486,7,,,1,15,,268487,7,,,1,15,,268488,7,,,1,55,,268489,7,,,1,15,,268490,7,,,1,15,,268491,7,,,1,15,,268492,7,,,1,55,,268493,7,,,1,15,,268494,7,,,1,15,,268530,7,,,1,70,,268495,7,,,1,30,,268496,7,,,1,70,,268497,7,,,1,30,,268498,7,,,1,70,,268499,7,,,1,30,,268500,7,,,1,70,,268501,7,,,1,30,,268502,7,,,1,70,,268503,7,,,1,30,,268504,7,,,1,70,,268505,7,,,1,30,,268506,7,,,1,71,,268507,7,,,1,15,,268508,7,,,1,15,,268509,7,,,1,18,,268510,7,,,1,55,,268511,7,,,1,15,,268512,7,,,1,15,,268513,7,,,1,15,,268514,7,,,1,55,,268515,7,,,1,15,,268516,7,,,1,15,,268517,7,,,1,15,,268518,7,,,1,55,,268519,7,,,1,28,,268520,7,,,1,68,,268521,7,,,1,30,,268522,7,,,1,70,,268523,7,,,1,30,,268524,7,,,1,70,,268525,7,,,1,30,,268526,7,,,1,70,,268527,7,,,1,100,,268528,7,,,1,100,,268529,7,,,1
51900,'519-Saturday-1-26-09-0000010',547,,225437,7,,,1,100,,225436,7,,,1,100,,225438,7,,,1,85,,225439,7,,,1,71,,225440,7,,,1,31,,225441,7,,,1,71,,225442,7,,,1,30,,225443,7,,,1,70,,225444,7,,,1,30,,225445,7,,,1,70,,225446,7,,,1,30,,225447,7,,,1,70,,225448,7,,,1,30,,225449,7,,,1,70,,225450,7,,,1,30,,225451,7,,,1,70,,225452,7,,,1,30,,225453,7,,,1,70,,225454,7,,,1,30,,225455,7,,,1,69,,225456,7,,,1,28,,225457,7,,,1,70,,225458,7,,,1,30,,225459,7,,,1,78,,225460,7,,,1,92,,225461,7,,,1,100,,225462,7,,,1,100,,225463,7,,,1,100,,225464,7,,,1,100,,225465,7,,,1
51900,'519-Sunday-1-26-09-0000001',547,,225466,7,,,1,100,,225467,7,,,1,100,,225468,7,,,1,100,,225469,7,,,1,100,,225470,7,,,1,70,,225471,7,,,1,30,,225472,7,,,1,70,,225473,7,,,1,30,,225474,7,,,1,70,,225475,7,,,1,30,,225476,7,,,1,70,,225477,7,,,1,30,,225478,7,,,1,70,,225479,7,,,1,30,,225480,7,,,1,70,,225481,7,,,1,30,,225482,7,,,1,70,,225483,7,,,1,30,,225484,7,,,1,70,,225485,7,,,1,30,,225486,7,,,1,70,,225487,7,,,1,30,,225488,7,,,1,100,,225489,7,,,1,100,,225490,7,,,1,100,,225491,7,,,1,100,,225492,7,,,1,100,,225493,7,,,1
