65000,'650-Weekday-1-26-09-1111100',746,,227642,2,,,1,2,,227643,2,,,1
65000,'650-Weekday-3-26-09-1111100',746,,227644,2,,,1,2,,227645,2,,,1
65000,'650-Weekday-7-26-09-1111100',746,,270459,2,,,1,2,,270460,2,,,1
70300,'703-Weekday-1-26-09-1111100',531,,228706,2,,,1,70,,228707,2,,,1,30,,228750,2,,,1,12,,228710,2,,,1,12,,228708,2,,,1,52,,228709,2,,,1,12,,228735,2,,,1,12,,228751,2,,,1,12,,228744,2,,,1,6,,228752,2,,,1,6,,228745,2,,,1,52,,228746,2,,,1,12,,228747,2,,,1,12,,228748,2,,,1,12,,228749,2,,,1,60,,228711,2,,,1,20,,228712,2,,,1,20,,228713,2,,,1,60,,228714,2,,,1,20,,228715,2,,,1,20,,228716,2,,,1,60,,228717,2,,,1,20,,228718,2,,,1,20,,228719,2,,,1,60,,228720,2,,,1,20,,228721,2,,,1,20,,228722,2,,,1,60,,228723,2,,,1,20,,228724,2,,,1,20,,228725,2,,,1,60,,228726,2,,,1,20,,228734,2,,,1,30,,228727,2,,,1,70,,228728,2,,,1,30,,228729,2,,,1,70,,228730,2,,,1,30,,228731,2,,,1,70,,228732,2,,,1,30,,228737,2,,,1,67,,228736,2,,,1,28,,228733,2,,,1,68,,228738,2,,,1,30,,228739,2,,,1,70,,228740,2,,,1,30,,228741,2,,,1,70,,228742,2,,,1,30,,228743,2,,,1
70300,'703-Weekday-2-26-09-1111100',531,,228753,2,,,1,70,,228754,2,,,1,30,,228797,2,,,1,12,,228757,2,,,1,12,,228755,2,,,1,52,,228756,2,,,1,12,,228782,2,,,1,12,,228798,2,,,1,12,,228791,2,,,1,6,,228799,2,,,1,6,,228792,2,,,1,52,,228793,2,,,1,12,,228794,2,,,1,12,,228795,2,,,1,12,,228796,2,,,1,60,,228758,2,,,1,20,,228759,2,,,1,20,,228760,2,,,1,60,,228761,2,,,1,20,,228762,2,,,1,20,,228763,2,,,1,60,,228764,2,,,1,20,,228765,2,,,1,20,,228766,2,,,1,60,,228767,2,,,1,20,,228768,2,,,1,20,,228769,2,,,1,60,,228770,2,,,1,20,,228771,2,,,1,20,,228772,2,,,1,60,,228773,2,,,1,20,,228781,2,,,1,30,,228774,2,,,1,70,,228775,2,,,1,30,,228776,2,,,1,70,,228777,2,,,1,30,,228778,2,,,1,70,,228779,2,,,1,30,,228784,2,,,1,67,,228783,2,,,1,28,,228780,2,,,1,68,,228785,2,,,1,30,,228786,2,,,1,70,,228787,2,,,1,30,,228788,2,,,1,70,,228789,2,,,1,30,,228790,2,,,1
70300,'703-Weekday-3-26-09-1111100',531,,271450,2,,,1,70,,271451,2,,,1,30,,271494,2,,,1,12,,271454,2,,,1,12,,271452,2,,,1,52,,271453,2,,,1,12,,271479,2,,,1,12,,271495,2,,,1,12,,271488,2,,,1,12,,271489,2,,,1,52,,271490,2,,,1,12,,271491,2,,,1,12,,271492,2,,,1,12,,271493,2,,,1,60,,271455,2,,,1,20,,271456,2,,,1,20,,271457,2,,,1,60,,271458,2,,,1,20,,271459,2,,,1,20,,271460,2,,,1,60,,271461,2,,,1,20,,271462,2,,,1,20,,271463,2,,,1,60,,271464,2,,,1,20,,271465,2,,,1,20,,271466,2,,,1,60,,271467,2,,,1,20,,271468,2,,,1,20,,271469,2,,,1,60,,271470,2,,,1,20,,271478,2,,,1,30,,271471,2,,,1,70,,271472,2,,,1,30,,271473,2,,,1,70,,271474,2,,,1,30,,271475,2,,,1,70,,271476,2,,,1,30,,271481,2,,,1,67,,271480,2,,,1,28,,271477,2,,,1,68,,271482,2,,,1,30,,271483,2,,,1,70,,271484,2,,,1,30,,271485,2,,,1,70,,271486,2,,,1,30,,271487,2,,,1
70300,'703-Weekday-4-26-09-1111100',531,,228800,2,,,1,70,,228801,2,,,1,30,,228844,2,,,1,12,,228804,2,,,1,12,,228802,2,,,1,52,,228803,2,,,1,12,,228829,2,,,1,12,,228845,2,,,1,12,,228838,2,,,1,12,,228839,2,,,1,52,,228840,2,,,1,12,,228841,2,,,1,12,,228842,2,,,1,12,,228843,2,,,1,60,,228805,2,,,1,20,,228806,2,,,1,20,,228807,2,,,1,60,,228808,2,,,1,20,,228809,2,,,1,20,,228810,2,,,1,60,,228811,2,,,1,20,,228812,2,,,1,20,,228813,2,,,1,60,,228814,2,,,1,20,,228815,2,,,1,20,,228816,2,,,1,60,,228817,2,,,1,20,,228818,2,,,1,20,,228819,2,,,1,60,,228820,2,,,1,20,,228828,2,,,1,30,,228821,2,,,1,70,,228822,2,,,1,30,,228823,2,,,1,70,,228824,2,,,1,30,,228825,2,,,1,70,,228826,2,,,1,30,,228831,2,,,1,67,,228830,2,,,1,28,,228827,2,,,1,68,,228832,2,,,1,30,,228833,2,,,1,70,,228834,2,,,1,30,,228835,2,,,1,70,,228836,2,,,1,30,,228837,2,,,1
70300,'703-Weekday-5-26-09-1111100',531,,271496,2,,,1,70,,271497,2,,,1,30,,271540,2,,,1,12,,271500,2,,,1,12,,271498,2,,,1,52,,271499,2,,,1,12,,271525,2,,,1,12,,271541,2,,,1,12,,271534,2,,,1,12,,271535,2,,,1,52,,271536,2,,,1,12,,271537,2,,,1,12,,271538,2,,,1,12,,271539,2,,,1,60,,271501,2,,,1,20,,271502,2,,,1,20,,271503,2,,,1,60,,271504,2,,,1,20,,271505,2,,,1,20,,271506,2,,,1,60,,271507,2,,,1,20,,271508,2,,,1,20,,271509,2,,,1,60,,271510,2,,,1,20,,271511,2,,,1,20,,271512,2,,,1,60,,271513,2,,,1,20,,271514,2,,,1,20,,271515,2,,,1,60,,271516,2,,,1,20,,271524,2,,,1,30,,271517,2,,,1,70,,271518,2,,,1,30,,271519,2,,,1,70,,271520,2,,,1,30,,271521,2,,,1,70,,271522,2,,,1,30,,271527,2,,,1,67,,271526,2,,,1,28,,271523,2,,,1,68,,271528,2,,,1,30,,271529,2,,,1,70,,271530,2,,,1,30,,271531,2,,,1,70,,271532,2,,,1,30,,271533,2,,,1
70300,'703-Weekday-6-26-09-1111100',531,,271542,2,,,1,70,,271543,2,,,1,30,,271586,2,,,1,12,,271546,2,,,1,12,,271544,2,,,1,52,,271545,2,,,1,12,,271571,2,,,1,12,,271587,2,,,1,12,,271580,2,,,1,6,,271588,2,,,1,6,,271581,2,,,1,52,,271582,2,,,1,12,,271583,2,,,1,12,,271584,2,,,1,12,,271585,2,,,1,60,,271547,2,,,1,20,,271548,2,,,1,20,,271549,2,,,1,60,,271550,2,,,1,20,,271551,2,,,1,20,,271552,2,,,1,60,,271553,2,,,1,20,,271554,2,,,1,20,,271555,2,,,1,60,,271556,2,,,1,20,,271557,2,,,1,20,,271558,2,,,1,60,,271559,2,,,1,20,,271560,2,,,1,20,,271561,2,,,1,60,,271562,2,,,1,20,,271570,2,,,1,30,,271563,2,,,1,70,,271564,2,,,1,30,,271565,2,,,1,70,,271566,2,,,1,30,,271567,2,,,1,70,,271568,2,,,1,30,,271573,2,,,1,67,,271572,2,,,1,28,,271569,2,,,1,68,,271574,2,,,1,30,,271575,2,,,1,70,,271576,2,,,1,30,,271577,2,,,1,70,,271578,2,,,1,30,,271579,2,,,1
70300,'703-Weekday-7-26-09-1111100',531,,271589,2,,,1,70,,271590,2,,,1,30,,271633,2,,,1,12,,271593,2,,,1,12,,271591,2,,,1,52,,271592,2,,,1,12,,271618,2,,,1,12,,271634,2,,,1,12,,271627,2,,,1,12,,271628,2,,,1,52,,271629,2,,,1,12,,271630,2,,,1,12,,271631,2,,,1,12,,271632,2,,,1,60,,271594,2,,,1,20,,271595,2,,,1,20,,271596,2,,,1,60,,271597,2,,,1,20,,271598,2,,,1,20,,271599,2,,,1,60,,271600,2,,,1,20,,271601,2,,,1,20,,271602,2,,,1,60,,271603,2,,,1,20,,271604,2,,,1,20,,271605,2,,,1,60,,271606,2,,,1,20,,271607,2,,,1,20,,271608,2,,,1,60,,271609,2,,,1,20,,271617,2,,,1,30,,271610,2,,,1,70,,271611,2,,,1,30,,271612,2,,,1,70,,271613,2,,,1,30,,271614,2,,,1,70,,271615,2,,,1,30,,271620,2,,,1,67,,271619,2,,,1,28,,271616,2,,,1,68,,271621,2,,,1,30,,271622,2,,,1,70,,271623,2,,,1,30,,271624,2,,,1,70,,271625,2,,,1,30,,271626,2,,,1
70300,'703-Saturday-1-26-09-0000010',805,,228846,2,,,1,30,,228857,2,,,1,70,,228847,2,,,1,30,,228858,2,,,1,70,,228848,2,,,1,30,,228859,2,,,1,70,,228849,2,,,1,30,,228860,2,,,1,70,,228850,2,,,1,30,,228861,2,,,1,70,,228851,2,,,1,30,,228862,2,,,1,70,,228852,2,,,1,30,,228863,2,,,1,70,,228853,2,,,1,30,,228864,2,,,1,70,,228854,2,,,1,30,,228865,2,,,1,70,,228855,2,,,1,30,,228866,2,,,1,70,,228856,2,,,1,30,,228867,2,,,1
70300,'703-Sunday-1-26-09-0000001',1027,,228885,2,,,1,30,,228876,2,,,1,70,,228868,2,,,1,30,,228877,2,,,1,70,,228878,2,,,1,30,,228869,2,,,1,70,,228870,2,,,1,30,,228879,2,,,1,70,,228871,2,,,1,30,,228880,2,,,1,70,,228881,2,,,1,30,,228872,2,,,1,70,,228873,2,,,1,30,,228882,2,,,1,70,,228874,2,,,1,30,,228883,2,,,1,70,,228884,2,,,1,30,,228875,2,,,1
72400,'724-Weekday-1-26-09-1111100',601,,235156,2,,,1,30,,235157,2,,,1,70,,235158,2,,,1,30,,235159,2,,,1,70,,235160,2,,,1,30,,235161,2,,,1,670,,235162,2,,,1,30,,235163,2,,,1,70,,235164,2,,,1,30,,235165,2,,,1,70,,235166,2,,,1,30,,235167,2,,,1
72400,'724-Weekday-2-26-09-1111100',601,,235168,2,,,1,30,,235169,2,,,1,70,,235170,2,,,1,30,,235171,2,,,1,70,,235172,2,,,1,30,,235173,2,,,1,670,,235174,2,,,1,30,,235175,2,,,1,70,,235176,2,,,1,30,,235177,2,,,1,70,,235178,2,,,1,30,,235179,2,,,1
72400,'724-Weekday-3-26-09-1111100',601,,277773,2,,,1,30,,277774,2,,,1,70,,277775,2,,,1,30,,277776,2,,,1,70,,277777,2,,,1,30,,277778,2,,,1,670,,277779,2,,,1,30,,277780,2,,,1,70,,277781,2,,,1,30,,277782,2,,,1,70,,277783,2,,,1,30,,277784,2,,,1
72400,'724-Weekday-4-26-09-1111100',601,,235180,2,,,1,30,,235181,2,,,1,70,,235182,2,,,1,30,,235183,2,,,1,70,,235184,2,,,1,30,,235185,2,,,1,670,,235186,2,,,1,30,,235187,2,,,1,70,,235188,2,,,1,30,,235189,2,,,1,70,,235190,2,,,1,30,,235191,2,,,1
72400,'724-Weekday-5-26-09-1111100',601,,277785,2,,,1,30,,277786,2,,,1,70,,277787,2,,,1,30,,277788,2,,,1,70,,277789,2,,,1,30,,277790,2,,,1,670,,277791,2,,,1,30,,277792,2,,,1,70,,277793,2,,,1,30,,277794,2,,,1,70,,277795,2,,,1,30,,277796,2,,,1
72400,'724-Weekday-6-26-09-1111100',601,,277797,2,,,1,30,,277798,2,,,1,70,,277799,2,,,1,30,,277800,2,,,1,70,,277801,2,,,1,30,,277802,2,,,1,670,,277803,2,,,1,30,,277804,2,,,1,70,,277805,2,,,1,30,,277806,2,,,1,70,,277807,2,,,1,30,,277808,2,,,1
72400,'724-Weekday-7-26-09-1111100',601,,277809,2,,,1,30,,277810,2,,,1,70,,277811,2,,,1,30,,277812,2,,,1,70,,277813,2,,,1,30,,277814,2,,,1,670,,277815,2,,,1,30,,277816,2,,,1,70,,277817,2,,,1,30,,277818,2,,,1,70,,277819,2,,,1,30,,277820,2,,,1
