801,'008-Weekday-1-26-09-1111100',456,,209243,13,,,1,60,,209244,13,,,1,20,,209245,13,,,1,20,,209246,13,,,1,60,,209247,13,,,1,21,,209248,13,,,1,12,,209318,13,,,1,52,,209317,13,,,1,12,,209249,13,,,1,12,,209319,13,,,1,12,,209250,13,,,1,12,,209251,13,,,1,52,,209315,13,,,1,12,,209252,13,,,1,12,,209320,13,,,1,12,,209253,13,,,1,12,,209254,13,,,1,52,,209255,13,,,1,12,,209256,13,,,1,15,,209257,13,,,1,15,,209258,13,,,1,15,,209259,13,,,1,55,,209260,13,,,1,15,,209261,13,,,1,15,,209262,13,,,1,15,,209263,13,,,1,55,,209264,13,,,1,15,,209265,13,,,1,15,,209266,13,,,1,57,,209267,13,,,1,17,,209268,13,,,1,15,,209269,13,,,1,15,,209270,13,,,1,55,,209271,13,,,1,15,,209272,13,,,1,15,,209273,13,,,1,15,,209274,13,,,1,55,,209275,13,,,1,12,,209276,13,,,1,12,,209277,13,,,1,12,,209278,13,,,1,12,,209279,13,,,1,52,,209280,13,,,1,13,,209281,13,,,1,12,,209282,13,,,1,12,,209283,13,,,1,12,,209284,13,,,1,52,,209285,13,,,1,12,,209286,13,,,1,12,,209287,13,,,1,12,,209288,13,,,1,12,,209289,13,,,1,52,,209290,13,,,1,15,,209291,13,,,1,15,,209292,13,,,1,15,,209293,13,,,1,55,,209294,13,,,1,15,,209295,13,,,1,14,,209296,13,,,1,14,,209297,13,,,1,55,,209298,13,,,1,15,,209299,13,,,1,15,,209300,13,,,1,15,,209301,13,,,1,55,,209302,13,,,1,15,,209303,13,,,1,15,,209304,13,,,1,15,,209305,13,,,1,55,,209306,13,,,1,15,,209307,13,,,1,15,,209308,13,,,1,15,,209309,13,,,1,60,,209316,13,,,1,20,,209310,13,,,1,20,,209311,13,,,1,60,,209312,13,,,1,20,,209313,13,,,1,20,,209314,13,,,1,56,,209237,13,,,1,30,,209238,13,,,1,70,,209239,13,,,1,30,,209240,13,,,1,70,,209241,13,,,1,30,,209242,13,,,1
801,'008-Weekday-2-26-09-1111100',456,,209327,13,,,1,60,,209328,13,,,1,20,,209329,13,,,1,20,,209330,13,,,1,60,,209331,13,,,1,21,,209332,13,,,1,12,,209402,13,,,1,52,,209401,13,,,1,12,,209333,13,,,1,12,,209403,13,,,1,12,,209334,13,,,1,12,,209335,13,,,1,52,,209399,13,,,1,12,,209336,13,,,1,12,,209404,13,,,1,12,,209337,13,,,1,12,,209338,13,,,1,52,,209339,13,,,1,12,,209340,13,,,1,15,,209341,13,,,1,15,,209342,13,,,1,15,,209343,13,,,1,55,,209344,13,,,1,15,,209345,13,,,1,15,,209346,13,,,1,15,,209347,13,,,1,55,,209348,13,,,1,15,,209349,13,,,1,15,,209350,13,,,1,57,,209351,13,,,1,17,,209352,13,,,1,15,,209353,13,,,1,15,,209354,13,,,1,55,,209355,13,,,1,15,,209356,13,,,1,15,,209357,13,,,1,15,,209358,13,,,1,55,,209359,13,,,1,12,,209360,13,,,1,12,,209361,13,,,1,12,,209362,13,,,1,12,,209363,13,,,1,52,,209364,13,,,1,13,,209365,13,,,1,12,,209366,13,,,1,12,,209367,13,,,1,12,,209368,13,,,1,52,,209369,13,,,1,12,,209370,13,,,1,12,,209371,13,,,1,12,,209372,13,,,1,12,,209373,13,,,1,52,,209374,13,,,1,15,,209375,13,,,1,15,,209376,13,,,1,15,,209377,13,,,1,55,,209378,13,,,1,15,,209379,13,,,1,14,,209380,13,,,1,14,,209381,13,,,1,55,,209382,13,,,1,15,,209383,13,,,1,15,,209384,13,,,1,15,,209385,13,,,1,55,,209386,13,,,1,15,,209387,13,,,1,15,,209388,13,,,1,15,,209389,13,,,1,55,,209390,13,,,1,15,,209391,13,,,1,15,,209392,13,,,1,15,,209393,13,,,1,60,,209400,13,,,1,20,,209394,13,,,1,20,,209395,13,,,1,60,,209396,13,,,1,20,,209397,13,,,1,20,,209398,13,,,1,56,,209321,13,,,1,30,,209322,13,,,1,70,,209323,13,,,1,30,,209324,13,,,1,70,,209325,13,,,1,30,,209326,13,,,1
801,'008-Weekday-3-26-09-1111100',456,,252571,13,,,1,60,,252572,13,,,1,20,,252573,13,,,1,20,,252574,13,,,1,60,,252575,13,,,1,21,,252576,13,,,1,12,,252646,13,,,1,52,,252645,13,,,1,12,,252577,13,,,1,12,,252647,13,,,1,12,,252578,13,,,1,12,,252579,13,,,1,52,,252643,13,,,1,12,,252580,13,,,1,12,,252648,13,,,1,12,,252581,13,,,1,12,,252582,13,,,1,52,,252583,13,,,1,12,,252584,13,,,1,15,,252585,13,,,1,15,,252586,13,,,1,15,,252587,13,,,1,55,,252588,13,,,1,15,,252589,13,,,1,15,,252590,13,,,1,15,,252591,13,,,1,55,,252592,13,,,1,15,,252593,13,,,1,15,,252594,13,,,1,57,,252595,13,,,1,17,,252596,13,,,1,15,,252597,13,,,1,15,,252598,13,,,1,55,,252599,13,,,1,15,,252600,13,,,1,15,,252601,13,,,1,15,,252602,13,,,1,55,,252603,13,,,1,12,,252604,13,,,1,12,,252605,13,,,1,12,,252606,13,,,1,12,,252607,13,,,1,52,,252608,13,,,1,13,,252609,13,,,1,12,,252610,13,,,1,12,,252611,13,,,1,12,,252612,13,,,1,52,,252613,13,,,1,12,,252614,13,,,1,12,,252615,13,,,1,12,,252616,13,,,1,12,,252617,13,,,1,52,,252618,13,,,1,15,,252619,13,,,1,15,,252620,13,,,1,15,,252621,13,,,1,55,,252622,13,,,1,15,,252623,13,,,1,14,,252624,13,,,1,14,,252625,13,,,1,55,,252626,13,,,1,15,,252627,13,,,1,15,,252628,13,,,1,15,,252629,13,,,1,55,,252630,13,,,1,15,,252631,13,,,1,15,,252632,13,,,1,15,,252633,13,,,1,55,,252634,13,,,1,15,,252635,13,,,1,15,,252636,13,,,1,15,,252637,13,,,1,60,,252644,13,,,1,20,,252638,13,,,1,20,,252639,13,,,1,60,,252640,13,,,1,20,,252641,13,,,1,20,,252642,13,,,1,56,,252565,13,,,1,30,,252566,13,,,1,70,,252567,13,,,1,30,,252568,13,,,1,70,,252569,13,,,1,30,,252570,13,,,1
801,'008-Weekday-4-26-09-1111100',456,,209411,13,,,1,60,,209412,13,,,1,20,,209413,13,,,1,20,,209414,13,,,1,60,,209415,13,,,1,21,,209416,13,,,1,12,,209486,13,,,1,52,,209485,13,,,1,12,,209417,13,,,1,12,,209487,13,,,1,12,,209418,13,,,1,12,,209419,13,,,1,52,,209483,13,,,1,12,,209420,13,,,1,12,,209488,13,,,1,12,,209421,13,,,1,12,,209422,13,,,1,52,,209423,13,,,1,12,,209424,13,,,1,15,,209425,13,,,1,15,,209426,13,,,1,15,,209427,13,,,1,55,,209428,13,,,1,15,,209429,13,,,1,15,,209430,13,,,1,15,,209431,13,,,1,55,,209432,13,,,1,15,,209433,13,,,1,15,,209434,13,,,1,57,,209435,13,,,1,17,,209436,13,,,1,15,,209437,13,,,1,15,,209438,13,,,1,55,,209439,13,,,1,15,,209440,13,,,1,15,,209441,13,,,1,15,,209442,13,,,1,55,,209443,13,,,1,12,,209444,13,,,1,12,,209445,13,,,1,12,,209446,13,,,1,12,,209447,13,,,1,52,,209448,13,,,1,13,,209449,13,,,1,12,,209450,13,,,1,12,,209451,13,,,1,12,,209452,13,,,1,52,,209453,13,,,1,12,,209454,13,,,1,12,,209455,13,,,1,12,,209456,13,,,1,12,,209457,13,,,1,52,,209458,13,,,1,15,,209459,13,,,1,15,,209460,13,,,1,15,,209461,13,,,1,55,,209462,13,,,1,15,,209463,13,,,1,14,,209464,13,,,1,14,,209465,13,,,1,55,,209466,13,,,1,15,,209467,13,,,1,15,,209468,13,,,1,15,,209469,13,,,1,55,,209470,13,,,1,15,,209471,13,,,1,15,,209472,13,,,1,15,,209473,13,,,1,55,,209474,13,,,1,15,,209475,13,,,1,15,,209476,13,,,1,15,,209477,13,,,1,60,,209484,13,,,1,20,,209478,13,,,1,20,,209479,13,,,1,60,,209480,13,,,1,20,,209481,13,,,1,20,,209482,13,,,1,56,,209405,13,,,1,30,,209406,13,,,1,70,,209407,13,,,1,30,,209408,13,,,1,70,,209409,13,,,1,30,,209410,13,,,1
801,'008-Weekday-5-26-09-1111100',456,,252655,13,,,1,60,,252656,13,,,1,20,,252657,13,,,1,20,,252658,13,,,1,60,,252659,13,,,1,21,,252660,13,,,1,12,,252730,13,,,1,52,,252729,13,,,1,12,,252661,13,,,1,12,,252731,13,,,1,12,,252662,13,,,1,12,,252663,13,,,1,52,,252727,13,,,1,12,,252664,13,,,1,12,,252732,13,,,1,12,,252665,13,,,1,12,,252666,13,,,1,52,,252667,13,,,1,12,,252668,13,,,1,15,,252669,13,,,1,15,,252670,13,,,1,15,,252671,13,,,1,55,,252672,13,,,1,15,,252673,13,,,1,15,,252674,13,,,1,15,,252675,13,,,1,55,,252676,13,,,1,15,,252677,13,,,1,15,,252678,13,,,1,57,,252679,13,,,1,17,,252680,13,,,1,15,,252681,13,,,1,15,,252682,13,,,1,55,,252683,13,,,1,15,,252684,13,,,1,15,,252685,13,,,1,15,,252686,13,,,1,55,,252687,13,,,1,12,,252688,13,,,1,12,,252689,13,,,1,12,,252690,13,,,1,12,,252691,13,,,1,52,,252692,13,,,1,13,,252693,13,,,1,12,,252694,13,,,1,12,,252695,13,,,1,12,,252696,13,,,1,52,,252697,13,,,1,12,,252698,13,,,1,12,,252699,13,,,1,12,,252700,13,,,1,12,,252701,13,,,1,52,,252702,13,,,1,15,,252703,13,,,1,15,,252704,13,,,1,15,,252705,13,,,1,55,,252706,13,,,1,15,,252707,13,,,1,14,,252708,13,,,1,14,,252709,13,,,1,55,,252710,13,,,1,15,,252711,13,,,1,15,,252712,13,,,1,15,,252713,13,,,1,55,,252714,13,,,1,15,,252715,13,,,1,15,,252716,13,,,1,15,,252717,13,,,1,55,,252718,13,,,1,15,,252719,13,,,1,15,,252720,13,,,1,15,,252721,13,,,1,60,,252728,13,,,1,20,,252722,13,,,1,20,,252723,13,,,1,60,,252724,13,,,1,20,,252725,13,,,1,20,,252726,13,,,1,56,,252649,13,,,1,30,,252650,13,,,1,70,,252651,13,,,1,30,,252652,13,,,1,70,,252653,13,,,1,30,,252654,13,,,1
801,'008-Weekday-6-26-09-1111100',456,,252739,13,,,1,60,,252740,13,,,1,20,,252741,13,,,1,20,,252742,13,,,1,60,,252743,13,,,1,21,,252744,13,,,1,12,,252814,13,,,1,52,,252813,13,,,1,12,,252745,13,,,1,12,,252815,13,,,1,12,,252746,13,,,1,12,,252747,13,,,1,52,,252811,13,,,1,12,,252748,13,,,1,12,,252816,13,,,1,12,,252749,13,,,1,12,,252750,13,,,1,52,,252751,13,,,1,12,,252752,13,,,1,15,,252753,13,,,1,15,,252754,13,,,1,15,,252755,13,,,1,55,,252756,13,,,1,15,,252757,13,,,1,15,,252758,13,,,1,15,,252759,13,,,1,55,,252760,13,,,1,15,,252761,13,,,1,15,,252762,13,,,1,57,,252763,13,,,1,17,,252764,13,,,1,15,,252765,13,,,1,15,,252766,13,,,1,55,,252767,13,,,1,15,,252768,13,,,1,15,,252769,13,,,1,15,,252770,13,,,1,55,,252771,13,,,1,12,,252772,13,,,1,12,,252773,13,,,1,12,,252774,13,,,1,12,,252775,13,,,1,52,,252776,13,,,1,13,,252777,13,,,1,12,,252778,13,,,1,12,,252779,13,,,1,12,,252780,13,,,1,52,,252781,13,,,1,12,,252782,13,,,1,12,,252783,13,,,1,12,,252784,13,,,1,12,,252785,13,,,1,52,,252786,13,,,1,15,,252787,13,,,1,15,,252788,13,,,1,15,,252789,13,,,1,55,,252790,13,,,1,15,,252791,13,,,1,14,,252792,13,,,1,14,,252793,13,,,1,55,,252794,13,,,1,15,,252795,13,,,1,15,,252796,13,,,1,15,,252797,13,,,1,55,,252798,13,,,1,15,,252799,13,,,1,15,,252800,13,,,1,15,,252801,13,,,1,55,,252802,13,,,1,15,,252803,13,,,1,15,,252804,13,,,1,15,,252805,13,,,1,60,,252812,13,,,1,20,,252806,13,,,1,20,,252807,13,,,1,60,,252808,13,,,1,20,,252809,13,,,1,20,,252810,13,,,1,56,,252733,13,,,1,30,,252734,13,,,1,70,,252735,13,,,1,30,,252736,13,,,1,70,,252737,13,,,1,30,,252738,13,,,1
801,'008-Weekday-7-26-09-1111100',456,,252823,13,,,1,60,,252824,13,,,1,20,,252825,13,,,1,20,,252826,13,,,1,60,,252827,13,,,1,21,,252828,13,,,1,12,,252898,13,,,1,52,,252897,13,,,1,12,,252829,13,,,1,12,,252899,13,,,1,12,,252830,13,,,1,12,,252831,13,,,1,52,,252895,13,,,1,12,,252832,13,,,1,12,,252900,13,,,1,12,,252833,13,,,1,12,,252834,13,,,1,52,,252835,13,,,1,12,,252836,13,,,1,15,,252837,13,,,1,15,,252838,13,,,1,15,,252839,13,,,1,55,,252840,13,,,1,15,,252841,13,,,1,15,,252842,13,,,1,15,,252843,13,,,1,55,,252844,13,,,1,15,,252845,13,,,1,15,,252846,13,,,1,57,,252847,13,,,1,17,,252848,13,,,1,15,,252849,13,,,1,15,,252850,13,,,1,55,,252851,13,,,1,15,,252852,13,,,1,15,,252853,13,,,1,15,,252854,13,,,1,55,,252855,13,,,1,12,,252856,13,,,1,12,,252857,13,,,1,12,,252858,13,,,1,12,,252859,13,,,1,52,,252860,13,,,1,13,,252861,13,,,1,12,,252862,13,,,1,12,,252863,13,,,1,12,,252864,13,,,1,52,,252865,13,,,1,12,,252866,13,,,1,12,,252867,13,,,1,12,,252868,13,,,1,12,,252869,13,,,1,52,,252870,13,,,1,15,,252871,13,,,1,15,,252872,13,,,1,15,,252873,13,,,1,55,,252874,13,,,1,15,,252875,13,,,1,14,,252876,13,,,1,14,,252877,13,,,1,55,,252878,13,,,1,15,,252879,13,,,1,15,,252880,13,,,1,15,,252881,13,,,1,55,,252882,13,,,1,15,,252883,13,,,1,15,,252884,13,,,1,15,,252885,13,,,1,55,,252886,13,,,1,15,,252887,13,,,1,15,,252888,13,,,1,15,,252889,13,,,1,60,,252896,13,,,1,20,,252890,13,,,1,20,,252891,13,,,1,60,,252892,13,,,1,20,,252893,13,,,1,20,,252894,13,,,1,56,,252817,13,,,1,30,,252818,13,,,1,70,,252819,13,,,1,30,,252820,13,,,1,70,,252821,13,,,1,30,,252822,13,,,1
801,'008-Saturday-1-26-09-0000010',530,,209489,13,,,1,20,,209490,13,,,1,60,,209491,13,,,1,20,,209492,13,,,1,20,,209493,13,,,1,60,,209494,13,,,1,20,,209495,13,,,1,20,,209496,13,,,1,60,,209497,13,,,1,19,,209498,13,,,1,15,,209499,13,,,1,15,,209500,13,,,1,56,,209501,13,,,1,15,,209502,13,,,1,15,,209503,13,,,1,55,,209504,13,,,1,15,,209505,13,,,1,15,,209506,13,,,1,15,,209507,13,,,1,55,,209508,13,,,1,15,,209509,13,,,1,15,,209510,13,,,1,15,,209511,13,,,1,55,,209512,13,,,1,15,,209513,13,,,1,15,,209514,13,,,1,15,,209515,13,,,1,55,,209516,13,,,1,15,,209517,13,,,1,15,,209518,13,,,1,15,,209519,13,,,1,55,,209520,13,,,1,15,,209521,13,,,1,15,,209522,13,,,1,15,,209523,13,,,1,55,,209524,13,,,1,15,,209525,13,,,1,15,,209526,13,,,1,15,,209527,13,,,1,55,,209528,13,,,1,15,,209529,13,,,1,16,,209530,13,,,1,16,,209531,13,,,1,54,,209532,13,,,1,17,,209533,13,,,1,16,,209534,13,,,1,16,,209535,13,,,1,56,,209536,13,,,1,15,,209537,13,,,1,15,,209538,13,,,1,15,,209539,13,,,1,55,,209541,13,,,1,15,,209542,13,,,1,15,,209543,13,,,1,15,,209540,13,,,1,55,,209544,13,,,1,15,,209545,13,,,1,15,,209546,13,,,1,15,,209547,13,,,1,55,,209549,13,,,1,15,,209550,13,,,1,15,,209551,13,,,1,15,,209548,13,,,1,61,,209552,13,,,1,21,,209553,13,,,1,21,,209554,13,,,1,60,,209555,13,,,1,20,,209556,13,,,1,66,,209557,13,,,1,30,,209558,13,,,1,70,,209559,13,,,1,30,,209560,13,,,1,70,,209561,13,,,1,30,,209562,13,,,1
801,'008-Sunday-1-26-09-0000001',541,,209563,13,,,1,60,,209564,13,,,1,20,,209565,13,,,1,20,,209566,13,,,1,60,,209567,13,,,1,20,,209568,13,,,1,20,,209569,13,,,1,60,,209570,13,,,1,20,,209571,13,,,1,17,,209572,13,,,1,15,,209573,13,,,1,55,,209574,13,,,1,15,,209575,13,,,1,15,,209576,13,,,1,15,,209625,13,,,1,55,,209577,13,,,1,15,,209578,13,,,1,15,,209579,13,,,1,15,,209580,13,,,1,55,,209581,13,,,1,15,,209582,13,,,1,15,,209583,13,,,1,15,,209584,13,,,1,55,,209585,13,,,1,15,,209586,13,,,1,15,,209587,13,,,1,15,,209588,13,,,1,55,,209589,13,,,1,15,,209590,13,,,1,15,,209591,13,,,1,15,,209592,13,,,1,55,,209593,13,,,1,15,,209594,13,,,1,15,,209595,13,,,1,15,,209596,13,,,1,55,,209597,13,,,1,15,,209598,13,,,1,15,,209599,13,,,1,15,,209600,13,,,1,55,,209601,13,,,1,16,,209602,13,,,1,14,,209603,13,,,1,15,,209604,13,,,1,56,,209605,13,,,1,16,,209606,13,,,1,15,,209607,13,,,1,15,,209608,13,,,1,55,,209609,13,,,1,15,,209610,13,,,1,15,,209611,13,,,1,14,,209612,13,,,1,55,,209613,13,,,1,16,,209634,13,,,1,20,,209633,13,,,1,60,,209632,13,,,1,20,,209631,13,,,1,20,,209627,13,,,1,60,,209630,13,,,1,20,,209629,13,,,1,20,,209628,13,,,1,61,,209614,13,,,1,20,,209615,13,,,1,20,,209616,13,,,1,60,,209624,13,,,1,20,,209617,13,,,1,17,,209618,13,,,1,60,,209626,13,,,1,30,,209619,13,,,1,70,,209620,13,,,1,30,,209621,13,,,1,70,,209622,13,,,1,30,,209623,13,,,1
10201,'102-Weekday-1-26-09-1111100',547,,214360,24,,,1,70,,214337,24,,,1,27,,214338,24,,,1,15,,214339,24,,,1,55,,214369,24,,,1,15,,214361,24,,,1,15,,214340,24,,,1,15,,214341,24,,,1,55,,214368,24,,,1,15,,214359,24,,,1,15,,214342,24,,,1,15,,214358,24,,,1,59,,214372,24,,,1,19,,214370,24,,,1,20,,214343,24,,,1,70,,214344,24,,,1,30,,214345,24,,,1,70,,214346,24,,,1,30,,214347,24,,,1,70,,214348,24,,,1,30,,214349,24,,,1,70,,214350,24,,,1,30,,214351,24,,,1,70,,214352,24,,,1,30,,214353,24,,,1,72,,214371,24,,,1,72,,214357,24,,,1,30,,214356,24,,,1,70,,214355,24,,,1,30,,214354,24,,,1,70,,214373,24,,,1,30,,214374,24,,,1,69,,214375,24,,,1,30,,214362,24,,,1,70,,214363,24,,,1,30,,214364,24,,,1,70,,214365,24,,,1,30,,214366,24,,,1,70,,214367,24,,,1
10201,'102-Weekday-2-26-09-1111100',547,,214399,24,,,1,70,,214376,24,,,1,27,,214377,24,,,1,15,,214378,24,,,1,55,,214408,24,,,1,15,,214400,24,,,1,15,,214379,24,,,1,15,,214380,24,,,1,55,,214407,24,,,1,15,,214398,24,,,1,15,,214381,24,,,1,15,,214397,24,,,1,59,,214411,24,,,1,19,,214409,24,,,1,20,,214382,24,,,1,70,,214383,24,,,1,30,,214384,24,,,1,70,,214385,24,,,1,30,,214386,24,,,1,70,,214387,24,,,1,30,,214388,24,,,1,70,,214389,24,,,1,30,,214390,24,,,1,70,,214391,24,,,1,30,,214392,24,,,1,72,,214410,24,,,1,72,,214396,24,,,1,30,,214395,24,,,1,70,,214394,24,,,1,30,,214393,24,,,1,70,,214412,24,,,1,30,,214413,24,,,1,69,,214414,24,,,1,30,,214401,24,,,1,70,,214402,24,,,1,30,,214403,24,,,1,70,,214404,24,,,1,30,,214405,24,,,1,70,,214406,24,,,1
10201,'102-Weekday-3-26-09-1111100',547,,257968,24,,,1,70,,257945,24,,,1,27,,257946,24,,,1,15,,257947,24,,,1,55,,257977,24,,,1,15,,257969,24,,,1,15,,257948,24,,,1,15,,257949,24,,,1,55,,257976,24,,,1,15,,257967,24,,,1,15,,257950,24,,,1,15,,257966,24,,,1,59,,257980,24,,,1,19,,257978,24,,,1,20,,257951,24,,,1,70,,257952,24,,,1,30,,257953,24,,,1,70,,257954,24,,,1,30,,257955,24,,,1,70,,257956,24,,,1,30,,257957,24,,,1,70,,257958,24,,,1,30,,257959,24,,,1,70,,257960,24,,,1,30,,257961,24,,,1,72,,257979,24,,,1,72,,257965,24,,,1,30,,257964,24,,,1,70,,257963,24,,,1,30,,257962,24,,,1,70,,257981,24,,,1,30,,257982,24,,,1,69,,257983,24,,,1,30,,257970,24,,,1,70,,257971,24,,,1,30,,257972,24,,,1,70,,257973,24,,,1,30,,257974,24,,,1,70,,257975,24,,,1
10201,'102-Weekday-4-26-09-1111100',547,,214438,24,,,1,70,,214415,24,,,1,27,,214416,24,,,1,15,,214417,24,,,1,55,,214447,24,,,1,15,,214439,24,,,1,15,,214418,24,,,1,15,,214419,24,,,1,55,,214446,24,,,1,15,,214437,24,,,1,15,,214420,24,,,1,15,,214436,24,,,1,59,,214450,24,,,1,19,,214448,24,,,1,20,,214421,24,,,1,70,,214422,24,,,1,30,,214423,24,,,1,70,,214424,24,,,1,30,,214425,24,,,1,70,,214426,24,,,1,30,,214427,24,,,1,70,,214428,24,,,1,30,,214429,24,,,1,70,,214430,24,,,1,30,,214431,24,,,1,72,,214449,24,,,1,72,,214435,24,,,1,30,,214434,24,,,1,70,,214433,24,,,1,30,,214432,24,,,1,70,,214451,24,,,1,30,,214452,24,,,1,69,,214453,24,,,1,30,,214440,24,,,1,70,,214441,24,,,1,30,,214442,24,,,1,70,,214443,24,,,1,30,,214444,24,,,1,70,,214445,24,,,1
10201,'102-Weekday-5-26-09-1111100',547,,258007,24,,,1,70,,257984,24,,,1,27,,257985,24,,,1,15,,257986,24,,,1,55,,258016,24,,,1,15,,258008,24,,,1,15,,257987,24,,,1,15,,257988,24,,,1,55,,258015,24,,,1,15,,258006,24,,,1,15,,257989,24,,,1,15,,258005,24,,,1,59,,258019,24,,,1,19,,258017,24,,,1,20,,257990,24,,,1,70,,257991,24,,,1,30,,257992,24,,,1,70,,257993,24,,,1,30,,257994,24,,,1,70,,257995,24,,,1,30,,257996,24,,,1,70,,257997,24,,,1,30,,257998,24,,,1,70,,257999,24,,,1,30,,258000,24,,,1,72,,258018,24,,,1,72,,258004,24,,,1,30,,258003,24,,,1,70,,258002,24,,,1,30,,258001,24,,,1,70,,258020,24,,,1,30,,258021,24,,,1,69,,258022,24,,,1,30,,258009,24,,,1,70,,258010,24,,,1,30,,258011,24,,,1,70,,258012,24,,,1,30,,258013,24,,,1,70,,258014,24,,,1
10201,'102-Weekday-6-26-09-1111100',547,,258046,24,,,1,70,,258023,24,,,1,27,,258024,24,,,1,15,,258025,24,,,1,55,,258055,24,,,1,15,,258047,24,,,1,15,,258026,24,,,1,15,,258027,24,,,1,55,,258054,24,,,1,15,,258045,24,,,1,15,,258028,24,,,1,15,,258044,24,,,1,59,,258058,24,,,1,19,,258056,24,,,1,20,,258029,24,,,1,70,,258030,24,,,1,30,,258031,24,,,1,70,,258032,24,,,1,30,,258033,24,,,1,70,,258034,24,,,1,30,,258035,24,,,1,70,,258036,24,,,1,30,,258037,24,,,1,70,,258038,24,,,1,30,,258039,24,,,1,72,,258057,24,,,1,72,,258043,24,,,1,30,,258042,24,,,1,70,,258041,24,,,1,30,,258040,24,,,1,70,,258059,24,,,1,30,,258060,24,,,1,69,,258061,24,,,1,30,,258048,24,,,1,70,,258049,24,,,1,30,,258050,24,,,1,70,,258051,24,,,1,30,,258052,24,,,1,70,,258053,24,,,1
10201,'102-Weekday-7-26-09-1111100',547,,258085,24,,,1,70,,258062,24,,,1,27,,258063,24,,,1,15,,258064,24,,,1,55,,258094,24,,,1,15,,258086,24,,,1,15,,258065,24,,,1,15,,258066,24,,,1,55,,258093,24,,,1,15,,258084,24,,,1,15,,258067,24,,,1,15,,258083,24,,,1,59,,258097,24,,,1,19,,258095,24,,,1,20,,258068,24,,,1,70,,258069,24,,,1,30,,258070,24,,,1,70,,258071,24,,,1,30,,258072,24,,,1,70,,258073,24,,,1,30,,258074,24,,,1,70,,258075,24,,,1,30,,258076,24,,,1,70,,258077,24,,,1,30,,258078,24,,,1,72,,258096,24,,,1,72,,258082,24,,,1,30,,258081,24,,,1,70,,258080,24,,,1,30,,258079,24,,,1,70,,258098,24,,,1,30,,258099,24,,,1,69,,258100,24,,,1,30,,258087,24,,,1,70,,258088,24,,,1,30,,258089,24,,,1,70,,258090,24,,,1,30,,258091,24,,,1,70,,258092,24,,,1
10201,'102-Saturday-1-26-09-0000010',615,,214454,24,,,1,100,,214455,24,,,1,100,,214456,24,,,1,44,,214457,24,,,1,85,,214458,24,,,1,83,,214462,24,,,1,30,,214463,24,,,1,70,,214464,24,,,1,30,,214465,24,,,1,70,,214466,24,,,1,30,,214467,24,,,1,70,,214468,24,,,1,30,,214469,24,,,1,70,,214470,24,,,1,30,,214471,24,,,1,70,,214472,24,,,1,30,,214473,24,,,1,70,,214474,24,,,1,30,,214475,24,,,1,68,,214476,24,,,1,29,,214460,24,,,1,70,,214461,24,,,1,30,,214459,24,,,1,70,,214477,24,,,1
10201,'102-Sunday-1-26-09-0000001',1024,,214478,24,,,1,30,,214479,24,,,1,70,,214480,24,,,1,30,,214481,24,,,1,70,,214482,24,,,1,30,,214483,24,,,1,70,,214484,24,,,1,30,,214485,24,,,1,70,,214486,24,,,1,30,,214487,24,,,1,70,,214488,24,,,1,30,,214489,24,,,1,70,,214490,24,,,1,30,,214491,24,,,1,69,,214492,24,,,1,30,,214493,24,,,1,70,,214494,24,,,1,30,,214495,24,,,1
10401,'104-Weekday-1-26-09-1111100',556,,215130,18,,,1,70,,215131,18,,,1,31,,215155,18,,,1,57,,215154,18,,,1,17,,215153,18,,,1,15,,215132,18,,,1,55,,215140,18,,,1,14,,215150,18,,,1,16,,215152,18,,,1,16,,215158,18,,,1,2,,215151,18,,,1,59,,215149,18,,,1,21,,215159,18,,,1,20,,215160,18,,,1,60,,215161,18,,,1,20,,215162,18,,,1,20,,215163,18,,,1,60,,215164,18,,,1,20,,215165,18,,,1,20,,215166,18,,,1,60,,215167,18,,,1,20,,215168,18,,,1,20,,215169,18,,,1,60,,215170,18,,,1,20,,215171,18,,,1,20,,215172,18,,,1,60,,215173,18,,,1,20,,215174,18,,,1,20,,215175,18,,,1,58,,215176,18,,,1,18,,215157,18,,,1,17,,215141,18,,,1,60,,215133,18,,,1,21,,215134,18,,,1,21,,215142,18,,,1,60,,215135,18,,,1,23,,215156,18,,,1,30,,215139,18,,,1,69,,215136,18,,,1,30,,215137,18,,,1,70,,215138,18,,,1,30,,215143,18,,,1,70,,215144,18,,,1,30,,215145,18,,,1,70,,215146,18,,,1,30,,215147,18,,,1,68,,215148,18,,,1
10401,'104-Weekday-2-26-09-1111100',556,,215177,18,,,1,70,,215178,18,,,1,31,,215202,18,,,1,57,,215201,18,,,1,17,,215200,18,,,1,15,,215179,18,,,1,55,,215187,18,,,1,14,,215197,18,,,1,16,,215199,18,,,1,16,,215205,18,,,1,2,,215198,18,,,1,59,,215196,18,,,1,21,,215206,18,,,1,20,,215207,18,,,1,60,,215208,18,,,1,20,,215209,18,,,1,20,,215210,18,,,1,60,,215211,18,,,1,20,,215212,18,,,1,20,,215213,18,,,1,60,,215214,18,,,1,20,,215215,18,,,1,20,,215216,18,,,1,60,,215217,18,,,1,20,,215218,18,,,1,20,,215219,18,,,1,60,,215220,18,,,1,20,,215221,18,,,1,20,,215222,18,,,1,58,,215223,18,,,1,18,,215204,18,,,1,17,,215188,18,,,1,60,,215180,18,,,1,21,,215181,18,,,1,21,,215189,18,,,1,60,,215182,18,,,1,23,,215203,18,,,1,30,,215186,18,,,1,69,,215183,18,,,1,30,,215184,18,,,1,70,,215185,18,,,1,30,,215190,18,,,1,70,,215191,18,,,1,30,,215192,18,,,1,70,,215193,18,,,1,30,,215194,18,,,1,68,,215195,18,,,1
10401,'104-Weekday-3-26-09-1111100',556,,258692,18,,,1,70,,258693,18,,,1,31,,258716,18,,,1,57,,258715,18,,,1,17,,258714,18,,,1,15,,258694,18,,,1,55,,258702,18,,,1,14,,258712,18,,,1,16,,258713,18,,,1,16,,258719,18,,,1,61,,258711,18,,,1,21,,258720,18,,,1,20,,258721,18,,,1,60,,258722,18,,,1,20,,258723,18,,,1,20,,258724,18,,,1,60,,258725,18,,,1,20,,258726,18,,,1,20,,258727,18,,,1,60,,258728,18,,,1,20,,258729,18,,,1,20,,258730,18,,,1,60,,258731,18,,,1,20,,258732,18,,,1,20,,258733,18,,,1,60,,258734,18,,,1,20,,258735,18,,,1,20,,258736,18,,,1,58,,258737,18,,,1,18,,258718,18,,,1,17,,258703,18,,,1,60,,258695,18,,,1,21,,258696,18,,,1,21,,258704,18,,,1,60,,258697,18,,,1,23,,258717,18,,,1,30,,258701,18,,,1,69,,258698,18,,,1,30,,258699,18,,,1,70,,258700,18,,,1,30,,258705,18,,,1,70,,258706,18,,,1,30,,258707,18,,,1,70,,258708,18,,,1,30,,258709,18,,,1,68,,258710,18,,,1
10401,'104-Weekday-4-26-09-1111100',556,,215224,18,,,1,70,,215225,18,,,1,31,,215248,18,,,1,57,,215247,18,,,1,17,,215246,18,,,1,15,,215226,18,,,1,55,,215234,18,,,1,14,,215244,18,,,1,16,,215245,18,,,1,16,,215251,18,,,1,61,,215243,18,,,1,21,,215252,18,,,1,20,,215253,18,,,1,60,,215254,18,,,1,20,,215255,18,,,1,20,,215256,18,,,1,60,,215257,18,,,1,20,,215258,18,,,1,20,,215259,18,,,1,60,,215260,18,,,1,20,,215261,18,,,1,20,,215262,18,,,1,60,,215263,18,,,1,20,,215264,18,,,1,20,,215265,18,,,1,60,,215266,18,,,1,20,,215267,18,,,1,20,,215268,18,,,1,58,,215269,18,,,1,18,,215250,18,,,1,17,,215235,18,,,1,60,,215227,18,,,1,21,,215228,18,,,1,21,,215236,18,,,1,60,,215229,18,,,1,23,,215249,18,,,1,30,,215233,18,,,1,69,,215230,18,,,1,30,,215231,18,,,1,70,,215232,18,,,1,30,,215237,18,,,1,70,,215238,18,,,1,30,,215239,18,,,1,70,,215240,18,,,1,30,,215241,18,,,1,68,,215242,18,,,1
10401,'104-Weekday-5-26-09-1111100',556,,258738,18,,,1,70,,258739,18,,,1,31,,258762,18,,,1,57,,258761,18,,,1,17,,258760,18,,,1,15,,258740,18,,,1,55,,258748,18,,,1,14,,258758,18,,,1,16,,258759,18,,,1,16,,258765,18,,,1,61,,258757,18,,,1,21,,258766,18,,,1,20,,258767,18,,,1,60,,258768,18,,,1,20,,258769,18,,,1,20,,258770,18,,,1,60,,258771,18,,,1,20,,258772,18,,,1,20,,258773,18,,,1,60,,258774,18,,,1,20,,258775,18,,,1,20,,258776,18,,,1,60,,258777,18,,,1,20,,258778,18,,,1,20,,258779,18,,,1,60,,258780,18,,,1,20,,258781,18,,,1,20,,258782,18,,,1,58,,258783,18,,,1,18,,258764,18,,,1,17,,258749,18,,,1,60,,258741,18,,,1,21,,258742,18,,,1,21,,258750,18,,,1,60,,258743,18,,,1,23,,258763,18,,,1,30,,258747,18,,,1,69,,258744,18,,,1,30,,258745,18,,,1,70,,258746,18,,,1,30,,258751,18,,,1,70,,258752,18,,,1,30,,258753,18,,,1,70,,258754,18,,,1,30,,258755,18,,,1,68,,258756,18,,,1
10401,'104-Weekday-6-26-09-1111100',556,,258784,18,,,1,70,,258785,18,,,1,31,,258809,18,,,1,57,,258808,18,,,1,17,,258807,18,,,1,15,,258786,18,,,1,55,,258794,18,,,1,14,,258804,18,,,1,16,,258806,18,,,1,16,,258812,18,,,1,2,,258805,18,,,1,59,,258803,18,,,1,21,,258813,18,,,1,20,,258814,18,,,1,60,,258815,18,,,1,20,,258816,18,,,1,20,,258817,18,,,1,60,,258818,18,,,1,20,,258819,18,,,1,20,,258820,18,,,1,60,,258821,18,,,1,20,,258822,18,,,1,20,,258823,18,,,1,60,,258824,18,,,1,20,,258825,18,,,1,20,,258826,18,,,1,60,,258827,18,,,1,20,,258828,18,,,1,20,,258829,18,,,1,58,,258830,18,,,1,18,,258811,18,,,1,17,,258795,18,,,1,60,,258787,18,,,1,21,,258788,18,,,1,21,,258796,18,,,1,60,,258789,18,,,1,23,,258810,18,,,1,30,,258793,18,,,1,69,,258790,18,,,1,30,,258791,18,,,1,70,,258792,18,,,1,30,,258797,18,,,1,70,,258798,18,,,1,30,,258799,18,,,1,70,,258800,18,,,1,30,,258801,18,,,1,68,,258802,18,,,1
10401,'104-Weekday-7-26-09-1111100',556,,258831,18,,,1,70,,258832,18,,,1,31,,258855,18,,,1,57,,258854,18,,,1,17,,258853,18,,,1,15,,258833,18,,,1,55,,258841,18,,,1,14,,258851,18,,,1,16,,258852,18,,,1,16,,258858,18,,,1,61,,258850,18,,,1,21,,258859,18,,,1,20,,258860,18,,,1,60,,258861,18,,,1,20,,258862,18,,,1,20,,258863,18,,,1,60,,258864,18,,,1,20,,258865,18,,,1,20,,258866,18,,,1,60,,258867,18,,,1,20,,258868,18,,,1,20,,258869,18,,,1,60,,258870,18,,,1,20,,258871,18,,,1,20,,258872,18,,,1,60,,258873,18,,,1,20,,258874,18,,,1,20,,258875,18,,,1,58,,258876,18,,,1,18,,258857,18,,,1,17,,258842,18,,,1,60,,258834,18,,,1,21,,258835,18,,,1,21,,258843,18,,,1,60,,258836,18,,,1,23,,258856,18,,,1,30,,258840,18,,,1,69,,258837,18,,,1,30,,258838,18,,,1,70,,258839,18,,,1,30,,258844,18,,,1,70,,258845,18,,,1,30,,258846,18,,,1,70,,258847,18,,,1,30,,258848,18,,,1,68,,258849,18,,,1
10401,'104-Saturday-1-26-09-0000010',817,,215270,18,,,1,30,,215271,18,,,1,74,,215272,18,,,1,30,,215273,18,,,1,70,,215274,18,,,1,30,,215275,18,,,1,70,,215276,18,,,1,30,,215277,18,,,1,70,,215278,18,,,1,30,,215279,18,,,1,70,,215280,18,,,1,30,,215281,18,,,1,70,,215282,18,,,1,30,,215283,18,,,1,70,,215284,18,,,1,30,,215285,18,,,1,70,,215286,18,,,1,30,,215287,18,,,1,69,,215288,18,,,1,30,,215289,18,,,1,70,,215290,18,,,1,30,,215291,18,,,1,70,,215292,18,,,1
10401,'104-Sunday-1-26-09-0000001',1002,,215293,18,,,1,30,,215294,18,,,1,70,,215295,18,,,1,30,,215296,18,,,1,70,,215297,18,,,1,30,,215298,18,,,1,70,,215299,18,,,1,30,,215300,18,,,1,70,,215301,18,,,1,30,,215302,18,,,1,70,,215303,18,,,1,30,,215304,18,,,1,70,,215305,18,,,1,30,,215306,18,,,1,69,,215307,18,,,1,29,,215308,18,,,1,70,,215309,18,,,1,30,,215310,18,,,1,70,,215311,18,,,1
62701,'627-Weekday-1-26-09-1111100',856,,227564,44,,,1
62701,'627-Weekday-3-26-09-1111100',856,,227565,44,,,1
62701,'627-Weekday-7-26-09-1111100',856,,270394,44,,,1
