91701,'917-Weekday-1-26-09-0001000',1508,,240521,22,,,1
91701,'917-Weekday-1-26-09-1111100',510,,240522,22,,,1,30,,240523,22,,,1,70,,240556,22,,,1,31,,240558,22,,,1,70,,240557,22,,,1,30,,240524,22,,,1,70,,240552,22,,,1,30,,240525,22,,,1,69,,240560,22,,,1,30,,240526,22,,,1,70,,240527,22,,,1,30,,240528,22,,,1,70,,240529,22,,,1,30,,240530,22,,,1,70,,240531,22,,,1,30,,240532,22,,,1,70,,240533,22,,,1,30,,240534,22,,,1,70,,240535,22,,,1,30,,240536,22,,,1,76,,240537,22,,,1,15,,240564,22,,,1,15,,240555,22,,,1,55,,240538,22,,,1,15,,240563,22,,,1,15,,240539,22,,,1,15,,240553,22,,,1,55,,240540,22,,,1,15,,240562,22,,,1,15,,240541,22,,,1,15,,240554,22,,,1,55,,240561,22,,,1,15,,240549,22,,,1,26,,240542,22,,,1,69,,240543,22,,,1,30,,240544,22,,,1,70,,240545,22,,,1,30,,240546,22,,,1,70,,240547,22,,,1,30,,240548,22,,,1,70,,240559,22,,,1,100,,240550,22,,,1,100,,240551,22,,,1
91701,'917-Weekday-2-26-09-1111100',510,,240565,22,,,1,30,,240566,22,,,1,70,,240599,22,,,1,31,,240601,22,,,1,70,,240600,22,,,1,30,,240567,22,,,1,70,,240595,22,,,1,30,,240568,22,,,1,69,,240603,22,,,1,30,,240569,22,,,1,70,,240570,22,,,1,30,,240571,22,,,1,70,,240572,22,,,1,30,,240573,22,,,1,70,,240574,22,,,1,30,,240575,22,,,1,70,,240576,22,,,1,30,,240577,22,,,1,70,,240578,22,,,1,30,,240579,22,,,1,76,,240580,22,,,1,15,,240607,22,,,1,15,,240598,22,,,1,55,,240581,22,,,1,15,,240606,22,,,1,15,,240582,22,,,1,15,,240596,22,,,1,55,,240583,22,,,1,15,,240605,22,,,1,15,,240584,22,,,1,15,,240597,22,,,1,55,,240604,22,,,1,15,,240592,22,,,1,26,,240585,22,,,1,69,,240586,22,,,1,30,,240587,22,,,1,70,,240588,22,,,1,30,,240589,22,,,1,70,,240590,22,,,1,30,,240591,22,,,1,70,,240602,22,,,1,100,,240593,22,,,1,100,,240594,22,,,1
91701,'917-Weekday-3-26-09-1111100',510,,283059,22,,,1,30,,283060,22,,,1,70,,283093,22,,,1,31,,283095,22,,,1,70,,283094,22,,,1,30,,283061,22,,,1,70,,283089,22,,,1,30,,283062,22,,,1,69,,283097,22,,,1,30,,283063,22,,,1,70,,283064,22,,,1,30,,283065,22,,,1,70,,283066,22,,,1,30,,283067,22,,,1,70,,283068,22,,,1,30,,283069,22,,,1,70,,283070,22,,,1,30,,283071,22,,,1,70,,283072,22,,,1,30,,283073,22,,,1,76,,283074,22,,,1,15,,283101,22,,,1,15,,283092,22,,,1,55,,283075,22,,,1,15,,283100,22,,,1,15,,283076,22,,,1,15,,283090,22,,,1,55,,283077,22,,,1,15,,283099,22,,,1,15,,283078,22,,,1,15,,283091,22,,,1,55,,283098,22,,,1,15,,283086,22,,,1,26,,283079,22,,,1,69,,283080,22,,,1,30,,283081,22,,,1,70,,283082,22,,,1,30,,283083,22,,,1,70,,283084,22,,,1,30,,283085,22,,,1,70,,283096,22,,,1,100,,283087,22,,,1,100,,283088,22,,,1
91701,'917-Weekday-4-26-09-1111100',510,,240608,22,,,1,30,,240609,22,,,1,70,,240642,22,,,1,31,,240644,22,,,1,70,,240643,22,,,1,30,,240610,22,,,1,70,,240638,22,,,1,30,,240611,22,,,1,69,,240646,22,,,1,30,,240612,22,,,1,70,,240613,22,,,1,30,,240614,22,,,1,70,,240615,22,,,1,30,,240616,22,,,1,70,,240617,22,,,1,30,,240618,22,,,1,70,,240619,22,,,1,30,,240620,22,,,1,70,,240621,22,,,1,30,,240622,22,,,1,76,,240623,22,,,1,15,,240650,22,,,1,15,,240641,22,,,1,55,,240624,22,,,1,15,,240649,22,,,1,15,,240625,22,,,1,15,,240639,22,,,1,55,,240626,22,,,1,15,,240648,22,,,1,15,,240627,22,,,1,15,,240640,22,,,1,55,,240647,22,,,1,15,,240635,22,,,1,26,,240628,22,,,1,69,,240629,22,,,1,30,,240630,22,,,1,70,,240631,22,,,1,30,,240632,22,,,1,70,,240633,22,,,1,30,,240634,22,,,1,70,,240645,22,,,1,100,,240636,22,,,1,100,,240637,22,,,1
91701,'917-Weekday-5-26-09-1111100',510,,283102,22,,,1,30,,283103,22,,,1,70,,283136,22,,,1,31,,283138,22,,,1,70,,283137,22,,,1,30,,283104,22,,,1,70,,283132,22,,,1,30,,283105,22,,,1,69,,283140,22,,,1,30,,283106,22,,,1,70,,283107,22,,,1,30,,283108,22,,,1,70,,283109,22,,,1,30,,283110,22,,,1,70,,283111,22,,,1,30,,283112,22,,,1,70,,283113,22,,,1,30,,283114,22,,,1,70,,283115,22,,,1,30,,283116,22,,,1,76,,283117,22,,,1,15,,283144,22,,,1,15,,283135,22,,,1,55,,283118,22,,,1,15,,283143,22,,,1,15,,283119,22,,,1,15,,283133,22,,,1,55,,283120,22,,,1,15,,283142,22,,,1,15,,283121,22,,,1,15,,283134,22,,,1,55,,283141,22,,,1,15,,283129,22,,,1,26,,283122,22,,,1,69,,283123,22,,,1,30,,283124,22,,,1,70,,283125,22,,,1,30,,283126,22,,,1,70,,283127,22,,,1,30,,283128,22,,,1,70,,283139,22,,,1,100,,283130,22,,,1,100,,283131,22,,,1
91701,'917-Weekday-6-26-09-1111100',510,,283145,22,,,1,30,,283146,22,,,1,70,,283179,22,,,1,31,,283181,22,,,1,70,,283180,22,,,1,30,,283147,22,,,1,70,,283175,22,,,1,30,,283148,22,,,1,69,,283183,22,,,1,30,,283149,22,,,1,70,,283150,22,,,1,30,,283151,22,,,1,70,,283152,22,,,1,30,,283153,22,,,1,70,,283154,22,,,1,30,,283155,22,,,1,70,,283156,22,,,1,30,,283157,22,,,1,70,,283158,22,,,1,30,,283159,22,,,1,76,,283160,22,,,1,15,,283187,22,,,1,15,,283178,22,,,1,55,,283161,22,,,1,15,,283186,22,,,1,15,,283162,22,,,1,15,,283176,22,,,1,55,,283163,22,,,1,15,,283185,22,,,1,15,,283164,22,,,1,15,,283177,22,,,1,55,,283184,22,,,1,15,,283172,22,,,1,26,,283165,22,,,1,69,,283166,22,,,1,30,,283167,22,,,1,70,,283168,22,,,1,30,,283169,22,,,1,70,,283170,22,,,1,30,,283171,22,,,1,70,,283182,22,,,1,100,,283173,22,,,1,100,,283174,22,,,1
91701,'917-Weekday-7-26-09-1111100',510,,283188,22,,,1,30,,283189,22,,,1,70,,283222,22,,,1,31,,283224,22,,,1,70,,283223,22,,,1,30,,283190,22,,,1,70,,283218,22,,,1,30,,283191,22,,,1,69,,283226,22,,,1,30,,283192,22,,,1,70,,283193,22,,,1,30,,283194,22,,,1,70,,283195,22,,,1,30,,283196,22,,,1,70,,283197,22,,,1,30,,283198,22,,,1,70,,283199,22,,,1,30,,283200,22,,,1,70,,283201,22,,,1,30,,283202,22,,,1,76,,283203,22,,,1,15,,283230,22,,,1,15,,283221,22,,,1,55,,283204,22,,,1,15,,283229,22,,,1,15,,283205,22,,,1,15,,283219,22,,,1,55,,283206,22,,,1,15,,283228,22,,,1,15,,283207,22,,,1,15,,283220,22,,,1,55,,283227,22,,,1,15,,283215,22,,,1,26,,283208,22,,,1,69,,283209,22,,,1,30,,283210,22,,,1,70,,283211,22,,,1,30,,283212,22,,,1,70,,283213,22,,,1,30,,283214,22,,,1,70,,283225,22,,,1,100,,283216,22,,,1,100,,283217,22,,,1
91701,'917-Saturday-1-26-09-0000010',635,,240651,22,,,1,100,,240652,22,,,1,70,,240663,22,,,1,30,,240664,22,,,1,71,,240653,22,,,1,30,,240654,22,,,1,70,,240655,22,,,1,30,,240656,22,,,1,70,,240657,22,,,1,30,,240658,22,,,1,70,,240659,22,,,1,32,,240665,22,,,1,70,,240666,22,,,1,30,,240667,22,,,1,70,,240668,22,,,1,30,,240669,22,,,1,70,,240670,22,,,1,30,,240671,22,,,1,70,,240672,22,,,1,30,,240673,22,,,1,70,,240674,22,,,1,30,,240675,22,,,1,70,,240676,22,,,1,30,,240677,22,,,1,70,,240678,22,,,1,100,,240660,22,,,1,100,,240661,22,,,1,100,,240662,22,,,1
91701,'917-Sunday-1-26-09-0000001',632,,240679,22,,,1,100,,240680,22,,,1,100,,240681,22,,,1,101,,240682,22,,,1,103,,240683,22,,,1,70,,240684,22,,,1,30,,240685,22,,,1,70,,240686,22,,,1,30,,240687,22,,,1,70,,240688,22,,,1,30,,240689,22,,,1,70,,240690,22,,,1,30,,240691,22,,,1,70,,240692,22,,,1,30,,240693,22,,,1,70,,240694,22,,,1,30,,240695,22,,,1,70,,240696,22,,,1,31,,240702,22,,,1,70,,240701,22,,,1,30,,240697,22,,,1,70,,240698,22,,,1,30,,240699,22,,,1,100,,240700,22,,,1
24091000,'910X-Weekday-1-26-09-1111100',549,,246227,6,,,1,70,,246229,6,,,1,12,,246230,6,,,1,12,,246231,6,,,1,12,,246234,6,,,1,52,,246232,6,,,1,12,,246228,6,,,1,12,,246224,6,,,1,12,,246223,6,,,1,12,,246235,6,,,1,52,,246222,6,,,1,12,,246233,6,,,1,12,,246225,6,,,1,12,,246226,6,,,1,12,,246236,6,,,1
24091000,'910X-Weekday-2-26-09-1111100',549,,246242,6,,,1,70,,246244,6,,,1,12,,246245,6,,,1,12,,246246,6,,,1,12,,246249,6,,,1,52,,246247,6,,,1,12,,246243,6,,,1,12,,246239,6,,,1,12,,246238,6,,,1,12,,246250,6,,,1,52,,246237,6,,,1,12,,246248,6,,,1,12,,246240,6,,,1,12,,246241,6,,,1,12,,246251,6,,,1
24091000,'910X-Weekday-3-26-09-1111100',549,,289011,6,,,1,70,,289013,6,,,1,12,,289014,6,,,1,12,,289015,6,,,1,12,,289018,6,,,1,52,,289016,6,,,1,12,,289012,6,,,1,12,,289008,6,,,1,12,,289007,6,,,1,12,,289019,6,,,1,52,,289006,6,,,1,12,,289017,6,,,1,12,,289009,6,,,1,12,,289010,6,,,1,12,,289020,6,,,1
24091000,'910X-Weekday-4-26-09-1111100',549,,246257,6,,,1,70,,246259,6,,,1,12,,246260,6,,,1,12,,246261,6,,,1,12,,246264,6,,,1,52,,246262,6,,,1,12,,246258,6,,,1,12,,246254,6,,,1,12,,246253,6,,,1,12,,246265,6,,,1,52,,246252,6,,,1,12,,246263,6,,,1,12,,246255,6,,,1,12,,246256,6,,,1,12,,246266,6,,,1
24091000,'910X-Weekday-5-26-09-1111100',549,,289026,6,,,1,70,,289028,6,,,1,12,,289029,6,,,1,12,,289030,6,,,1,12,,289033,6,,,1,52,,289031,6,,,1,12,,289027,6,,,1,12,,289023,6,,,1,12,,289022,6,,,1,12,,289034,6,,,1,52,,289021,6,,,1,12,,289032,6,,,1,12,,289024,6,,,1,12,,289025,6,,,1,12,,289035,6,,,1
24091000,'910X-Weekday-6-26-09-1111100',549,,289041,6,,,1,70,,289043,6,,,1,12,,289044,6,,,1,12,,289045,6,,,1,12,,289048,6,,,1,52,,289046,6,,,1,12,,289042,6,,,1,12,,289038,6,,,1,12,,289037,6,,,1,12,,289049,6,,,1,52,,289036,6,,,1,12,,289047,6,,,1,12,,289039,6,,,1,12,,289040,6,,,1,12,,289050,6,,,1
24091000,'910X-Weekday-7-26-09-1111100',549,,289056,6,,,1,70,,289058,6,,,1,12,,289059,6,,,1,12,,289060,6,,,1,12,,289063,6,,,1,52,,289061,6,,,1,12,,289057,6,,,1,12,,289053,6,,,1,12,,289052,6,,,1,12,,289064,6,,,1,52,,289051,6,,,1,12,,289062,6,,,1,12,,289054,6,,,1,12,,289055,6,,,1,12,,289065,6,,,1
24091001,'910X-Weekday-1-26-09-1111100',1538,,246267,12,,,1,15,,246268,12,,,1,55,,246275,12,,,1,15,,246273,12,,,1,15,,246269,12,,,1,15,,246270,12,,,1,55,,246276,12,,,1,15,,246274,12,,,1,15,,246271,12,,,1,15,,246272,12,,,1
24091001,'910X-Weekday-2-26-09-1111100',1538,,246277,12,,,1,15,,246278,12,,,1,55,,246285,12,,,1,15,,246283,12,,,1,15,,246279,12,,,1,15,,246280,12,,,1,55,,246286,12,,,1,15,,246284,12,,,1,15,,246281,12,,,1,15,,246282,12,,,1
24091001,'910X-Weekday-3-26-09-1111100',1538,,289066,12,,,1,15,,289067,12,,,1,55,,289074,12,,,1,15,,289072,12,,,1,15,,289068,12,,,1,15,,289069,12,,,1,55,,289075,12,,,1,15,,289073,12,,,1,15,,289070,12,,,1,15,,289071,12,,,1
24091001,'910X-Weekday-4-26-09-1111100',1538,,246287,12,,,1,15,,246288,12,,,1,55,,246295,12,,,1,15,,246293,12,,,1,15,,246289,12,,,1,15,,246290,12,,,1,55,,246296,12,,,1,15,,246294,12,,,1,15,,246291,12,,,1,15,,246292,12,,,1
24091001,'910X-Weekday-5-26-09-1111100',1538,,289076,12,,,1,15,,289077,12,,,1,55,,289084,12,,,1,15,,289082,12,,,1,15,,289078,12,,,1,15,,289079,12,,,1,55,,289085,12,,,1,15,,289083,12,,,1,15,,289080,12,,,1,15,,289081,12,,,1
24091001,'910X-Weekday-6-26-09-1111100',1538,,289086,12,,,1,15,,289087,12,,,1,55,,289094,12,,,1,15,,289092,12,,,1,15,,289088,12,,,1,15,,289089,12,,,1,55,,289095,12,,,1,15,,289093,12,,,1,15,,289090,12,,,1,15,,289091,12,,,1
24091001,'910X-Weekday-7-26-09-1111100',1538,,289096,12,,,1,15,,289097,12,,,1,55,,289104,12,,,1,15,,289102,12,,,1,15,,289098,12,,,1,15,,289099,12,,,1,55,,289105,12,,,1,15,,289103,12,,,1,15,,289100,12,,,1,15,,289101,12,,,1
