5400,'054-Weekday-1-26-09-1111100',540,,212153,59,,,1,70,,212154,59,,,1,15,,212155,59,,,1,15,,212156,59,,,1,17,,212157,59,,,1,57,,212158,59,,,1,15,,212159,59,,,1,15,,212160,59,,,1,56,,212161,59,,,1,15,,212162,59,,,1,15,,212163,59,,,1,17,,212164,59,,,1,60,,212165,59,,,1,19,,212166,59,,,1,19,,212167,59,,,1,60,,212168,59,,,1,20,,212169,59,,,1,20,,212170,59,,,1,60,,212171,59,,,1,20,,212172,59,,,1,20,,212173,59,,,1,60,,212174,59,,,1,20,,212175,59,,,1,20,,212176,59,,,1,60,,212177,59,,,1,20,,212178,59,,,1,20,,212179,59,,,1,60,,212180,59,,,1,20,,212181,59,,,1,20,,212182,59,,,1,62,,212183,59,,,1,23,,212184,59,,,1,21,,212185,59,,,1,56,,212186,59,,,1,17,,212187,59,,,1,17,,212188,59,,,1,15,,212189,59,,,1,55,,212190,59,,,1,15,,212191,59,,,1,14,,212192,59,,,1,14,,212193,59,,,1,53,,212194,59,,,1,13,,212195,59,,,1,13,,212196,59,,,1,20,,212197,59,,,1,61,,212198,59,,,1,30,,212199,59,,,1,70,,212200,59,,,1,30,,212201,59,,,1,70,,212202,59,,,1,30,,212203,59,,,1,68,,212204,59,,,1,29,,212205,59,,,1,100,,212206,59,,,1,100,,212207,59,,,1
5400,'054-Weekday-2-26-09-1111100',540,,212208,59,,,1,70,,212209,59,,,1,15,,212210,59,,,1,15,,212211,59,,,1,17,,212212,59,,,1,57,,212213,59,,,1,15,,212214,59,,,1,15,,212215,59,,,1,56,,212216,59,,,1,15,,212217,59,,,1,15,,212218,59,,,1,17,,212219,59,,,1,60,,212220,59,,,1,19,,212221,59,,,1,19,,212222,59,,,1,60,,212223,59,,,1,20,,212224,59,,,1,20,,212225,59,,,1,60,,212226,59,,,1,20,,212227,59,,,1,20,,212228,59,,,1,60,,212229,59,,,1,20,,212230,59,,,1,20,,212231,59,,,1,60,,212232,59,,,1,20,,212233,59,,,1,20,,212234,59,,,1,60,,212235,59,,,1,20,,212236,59,,,1,20,,212237,59,,,1,62,,212238,59,,,1,23,,212239,59,,,1,21,,212240,59,,,1,56,,212241,59,,,1,17,,212242,59,,,1,17,,212243,59,,,1,15,,212244,59,,,1,55,,212245,59,,,1,15,,212246,59,,,1,14,,212247,59,,,1,14,,212248,59,,,1,53,,212249,59,,,1,13,,212250,59,,,1,13,,212251,59,,,1,20,,212252,59,,,1,61,,212253,59,,,1,30,,212254,59,,,1,70,,212255,59,,,1,30,,212256,59,,,1,70,,212257,59,,,1,30,,212258,59,,,1,68,,212259,59,,,1,29,,212260,59,,,1,100,,212261,59,,,1,100,,212262,59,,,1
5400,'054-Weekday-4-26-09-1111100',540,,212263,59,,,1,70,,212264,59,,,1,15,,212265,59,,,1,15,,212266,59,,,1,17,,212267,59,,,1,57,,212268,59,,,1,15,,212269,59,,,1,15,,212270,59,,,1,56,,212271,59,,,1,15,,212272,59,,,1,15,,212273,59,,,1,17,,212274,59,,,1,60,,212275,59,,,1,19,,212276,59,,,1,19,,212277,59,,,1,60,,212278,59,,,1,20,,212279,59,,,1,20,,212280,59,,,1,60,,212281,59,,,1,20,,212282,59,,,1,20,,212283,59,,,1,60,,212284,59,,,1,20,,212285,59,,,1,20,,212286,59,,,1,60,,212287,59,,,1,20,,212288,59,,,1,20,,212289,59,,,1,60,,212290,59,,,1,20,,212291,59,,,1,20,,212292,59,,,1,62,,212293,59,,,1,23,,212294,59,,,1,21,,212295,59,,,1,56,,212296,59,,,1,17,,212297,59,,,1,17,,212298,59,,,1,15,,212299,59,,,1,55,,212300,59,,,1,15,,212301,59,,,1,14,,212302,59,,,1,14,,212303,59,,,1,53,,212304,59,,,1,13,,212305,59,,,1,13,,212306,59,,,1,20,,212307,59,,,1,61,,212308,59,,,1,30,,212309,59,,,1,70,,212310,59,,,1,30,,212311,59,,,1,70,,212312,59,,,1,30,,212313,59,,,1,68,,212314,59,,,1,29,,212315,59,,,1,100,,212316,59,,,1,100,,212317,59,,,1
5400,'054-Weekday-8-26-09-1111100',540,,246483,59,,,1,70,,246484,59,,,1,15,,246485,59,,,1,15,,246486,59,,,1,17,,246487,59,,,1,57,,246488,59,,,1,15,,246489,59,,,1,15,,246490,59,,,1,56,,246491,59,,,1,15,,246492,59,,,1,15,,246493,59,,,1,17,,246494,59,,,1,60,,246495,59,,,1,19,,246496,59,,,1,19,,246497,59,,,1,60,,246498,59,,,1,20,,246499,59,,,1,20,,246500,59,,,1,60,,246501,59,,,1,20,,246502,59,,,1,20,,246503,59,,,1,60,,246504,59,,,1,20,,246505,59,,,1,20,,246506,59,,,1,60,,246507,59,,,1,20,,246508,59,,,1,20,,246509,59,,,1,60,,246510,59,,,1,20,,246511,59,,,1,20,,246512,59,,,1,62,,246513,59,,,1,23,,246514,59,,,1,21,,246515,59,,,1,56,,246516,59,,,1,17,,246517,59,,,1,17,,246518,59,,,1,15,,246519,59,,,1,55,,246520,59,,,1,15,,246521,59,,,1,14,,246522,59,,,1,14,,246523,59,,,1,53,,246524,59,,,1,13,,246525,59,,,1,13,,246526,59,,,1,20,,246527,59,,,1,61,,246528,59,,,1,30,,246529,59,,,1,70,,246530,59,,,1,30,,246531,59,,,1,70,,246532,59,,,1,30,,246533,59,,,1,68,,246534,59,,,1,29,,246535,59,,,1,100,,246536,59,,,1,100,,246537,59,,,1
5400,'054-Weekday-9-26-09-1111100',540,,246538,59,,,1,70,,246539,59,,,1,15,,246540,59,,,1,15,,246541,59,,,1,17,,246542,59,,,1,57,,246543,59,,,1,15,,246544,59,,,1,15,,246545,59,,,1,56,,246546,59,,,1,15,,246547,59,,,1,15,,246548,59,,,1,17,,246549,59,,,1,60,,246550,59,,,1,19,,246551,59,,,1,19,,246552,59,,,1,60,,246553,59,,,1,20,,246554,59,,,1,20,,246555,59,,,1,60,,246556,59,,,1,20,,246557,59,,,1,20,,246558,59,,,1,60,,246559,59,,,1,20,,246560,59,,,1,20,,246561,59,,,1,60,,246562,59,,,1,20,,246563,59,,,1,20,,246564,59,,,1,60,,246565,59,,,1,20,,246566,59,,,1,20,,246567,59,,,1,62,,246568,59,,,1,23,,246569,59,,,1,21,,246570,59,,,1,56,,246571,59,,,1,17,,246572,59,,,1,17,,246573,59,,,1,15,,246574,59,,,1,55,,246575,59,,,1,15,,246576,59,,,1,14,,246577,59,,,1,14,,246578,59,,,1,53,,246579,59,,,1,13,,246580,59,,,1,13,,246581,59,,,1,20,,246582,59,,,1,61,,246583,59,,,1,30,,246584,59,,,1,70,,246585,59,,,1,30,,246586,59,,,1,70,,246587,59,,,1,30,,246588,59,,,1,68,,246589,59,,,1,29,,246590,59,,,1,100,,246591,59,,,1,100,,246592,59,,,1
5400,'054-Saturday-1-26-09-0000010',633,,212318,59,,,1,70,,212319,59,,,1,30,,212320,59,,,1,70,,212321,59,,,1,30,,212322,59,,,1,71,,212323,59,,,1,23,,212324,59,,,1,21,,212325,59,,,1,60,,212326,59,,,1,20,,212327,59,,,1,20,,212328,59,,,1,60,,212329,59,,,1,20,,212330,59,,,1,20,,212331,59,,,1,60,,212332,59,,,1,20,,212333,59,,,1,20,,212334,59,,,1,60,,212335,59,,,1,20,,212336,59,,,1,20,,212337,59,,,1,60,,212338,59,,,1,20,,212339,59,,,1,20,,212340,59,,,1,60,,212341,59,,,1,20,,212342,59,,,1,20,,212343,59,,,1,60,,212344,59,,,1,20,,212345,59,,,1,20,,212346,59,,,1,59,,212347,59,,,1,20,,212348,59,,,1,22,,212349,59,,,1,60,,212350,59,,,1,20,,212351,59,,,1,20,,212352,59,,,1,60,,212353,59,,,1,20,,212354,59,,,1,20,,212355,59,,,1,60,,212356,59,,,1,20,,212357,59,,,1,20,,212358,59,,,1,60,,212359,59,,,1,20,,212360,59,,,1,20,,212361,59,,,1,60,,212362,59,,,1,30,,212363,59,,,1,100,,212364,59,,,1,100,,212365,59,,,1
5400,'054-Saturday-2-26-09-0000010',633,,246593,59,,,1,70,,246594,59,,,1,30,,246595,59,,,1,70,,246596,59,,,1,30,,246597,59,,,1,71,,246598,59,,,1,23,,246599,59,,,1,21,,246600,59,,,1,60,,246601,59,,,1,20,,246602,59,,,1,20,,246603,59,,,1,60,,246604,59,,,1,20,,246605,59,,,1,20,,246606,59,,,1,60,,246607,59,,,1,20,,246608,59,,,1,20,,246609,59,,,1,60,,246610,59,,,1,20,,246611,59,,,1,20,,246612,59,,,1,60,,246613,59,,,1,20,,246614,59,,,1,20,,246615,59,,,1,60,,246616,59,,,1,20,,246617,59,,,1,20,,246618,59,,,1,60,,246619,59,,,1,20,,246620,59,,,1,20,,246621,59,,,1,59,,246622,59,,,1,20,,246623,59,,,1,22,,246624,59,,,1,60,,246625,59,,,1,20,,246626,59,,,1,20,,246627,59,,,1,60,,246628,59,,,1,20,,246629,59,,,1,20,,246630,59,,,1,60,,246631,59,,,1,20,,246632,59,,,1,20,,246633,59,,,1,60,,246634,59,,,1,20,,246635,59,,,1,20,,246636,59,,,1,60,,246637,59,,,1,30,,246638,59,,,1,100,,246639,59,,,1,100,,246640,59,,,1
5400,'054-Sunday-1-26-09-0000001',634,,212408,59,,,1,70,,212409,59,,,1,30,,212366,59,,,1,70,,212367,59,,,1,30,,212368,59,,,1,71,,212369,59,,,1,32,,212370,59,,,1,70,,212371,59,,,1,30,,212372,59,,,1,20,,212373,59,,,1,60,,212374,59,,,1,20,,212375,59,,,1,20,,212376,59,,,1,60,,212377,59,,,1,20,,212378,59,,,1,20,,212379,59,,,1,60,,212380,59,,,1,20,,212381,59,,,1,20,,212382,59,,,1,60,,212383,59,,,1,20,,212384,59,,,1,20,,212385,59,,,1,60,,212386,59,,,1,20,,212387,59,,,1,20,,212388,59,,,1,60,,212389,59,,,1,20,,212390,59,,,1,20,,212391,59,,,1,60,,212392,59,,,1,24,,212393,59,,,1,60,,212394,59,,,1,20,,212395,59,,,1,20,,212396,59,,,1,60,,212397,59,,,1,20,,212398,59,,,1,20,,212399,59,,,1,70,,212400,59,,,1,30,,212401,59,,,1,70,,212402,59,,,1,30,,212403,59,,,1,70,,212404,59,,,1,30,,212405,59,,,1,100,,212406,59,,,1,100,,212407,59,,,1
5400,'054-Sunday-2-26-09-0000001',634,,246683,59,,,1,70,,246684,59,,,1,30,,246641,59,,,1,70,,246642,59,,,1,30,,246643,59,,,1,71,,246644,59,,,1,32,,246645,59,,,1,70,,246646,59,,,1,30,,246647,59,,,1,20,,246648,59,,,1,60,,246649,59,,,1,20,,246650,59,,,1,20,,246651,59,,,1,60,,246652,59,,,1,20,,246653,59,,,1,20,,246654,59,,,1,60,,246655,59,,,1,20,,246656,59,,,1,20,,246657,59,,,1,60,,246658,59,,,1,20,,246659,59,,,1,20,,246660,59,,,1,60,,246661,59,,,1,20,,246662,59,,,1,20,,246663,59,,,1,60,,246664,59,,,1,20,,246665,59,,,1,20,,246666,59,,,1,60,,246667,59,,,1,24,,246668,59,,,1,60,,246669,59,,,1,20,,246670,59,,,1,20,,246671,59,,,1,60,,246672,59,,,1,20,,246673,59,,,1,20,,246674,59,,,1,70,,246675,59,,,1,30,,246676,59,,,1,70,,246677,59,,,1,30,,246678,59,,,1,70,,246679,59,,,1,30,,246680,59,,,1,100,,246681,59,,,1,100,,246682,59,,,1
5400,'054-Sunday-3-26-09-0000001',634,,246727,59,,,1,70,,246728,59,,,1,30,,246685,59,,,1,70,,246686,59,,,1,30,,246687,59,,,1,71,,246688,59,,,1,32,,246689,59,,,1,70,,246690,59,,,1,30,,246691,59,,,1,20,,246692,59,,,1,60,,246693,59,,,1,20,,246694,59,,,1,20,,246695,59,,,1,60,,246696,59,,,1,20,,246697,59,,,1,20,,246698,59,,,1,60,,246699,59,,,1,20,,246700,59,,,1,20,,246701,59,,,1,60,,246702,59,,,1,20,,246703,59,,,1,20,,246704,59,,,1,60,,246705,59,,,1,20,,246706,59,,,1,20,,246707,59,,,1,60,,246708,59,,,1,20,,246709,59,,,1,20,,246710,59,,,1,60,,246711,59,,,1,24,,246712,59,,,1,60,,246713,59,,,1,20,,246714,59,,,1,20,,246715,59,,,1,60,,246716,59,,,1,20,,246717,59,,,1,20,,246718,59,,,1,70,,246719,59,,,1,30,,246720,59,,,1,70,,246721,59,,,1,30,,246722,59,,,1,70,,246723,59,,,1,30,,246724,59,,,1,100,,246725,59,,,1,100,,246726,59,,,1
