90601,'906-Weekday-1-26-09-1111100',627,,237864,19,,,1,30,,237865,19,,,1,70,,237866,19,,,1,30,,237867,19,,,1,70,,237868,19,,,1,30,,237869,19,,,1,670,,237870,19,,,1,30,,237871,19,,,1,70,,237872,19,,,1,30,,237873,19,,,1,70,,237874,19,,,1,30,,237875,19,,,1
90601,'906-Weekday-2-26-09-1111100',627,,237876,19,,,1,30,,237877,19,,,1,70,,237878,19,,,1,30,,237879,19,,,1,70,,237880,19,,,1,30,,237881,19,,,1,670,,237882,19,,,1,30,,237883,19,,,1,70,,237884,19,,,1,30,,237885,19,,,1,70,,237886,19,,,1,30,,237887,19,,,1
90601,'906-Weekday-3-26-09-1111100',627,,280490,19,,,1,30,,280491,19,,,1,70,,280492,19,,,1,30,,280493,19,,,1,70,,280494,19,,,1,30,,280495,19,,,1,670,,280496,19,,,1,30,,280497,19,,,1,70,,280498,19,,,1,30,,280499,19,,,1,70,,280500,19,,,1,30,,280501,19,,,1
90601,'906-Weekday-4-26-09-1111100',627,,237888,19,,,1,30,,237889,19,,,1,70,,237890,19,,,1,30,,237891,19,,,1,70,,237892,19,,,1,30,,237893,19,,,1,670,,237894,19,,,1,30,,237895,19,,,1,70,,237896,19,,,1,30,,237897,19,,,1,70,,237898,19,,,1,30,,237899,19,,,1
90601,'906-Weekday-5-26-09-1111100',627,,280502,19,,,1,30,,280503,19,,,1,70,,280504,19,,,1,30,,280505,19,,,1,70,,280506,19,,,1,30,,280507,19,,,1,670,,280508,19,,,1,30,,280509,19,,,1,70,,280510,19,,,1,30,,280511,19,,,1,70,,280512,19,,,1,30,,280513,19,,,1
90601,'906-Weekday-6-26-09-1111100',627,,280514,19,,,1,30,,280515,19,,,1,70,,280516,19,,,1,30,,280517,19,,,1,70,,280518,19,,,1,30,,280519,19,,,1,670,,280520,19,,,1,30,,280521,19,,,1,70,,280522,19,,,1,30,,280523,19,,,1,70,,280524,19,,,1,30,,280525,19,,,1
90601,'906-Weekday-7-26-09-1111100',627,,280526,19,,,1,30,,280527,19,,,1,70,,280528,19,,,1,30,,280529,19,,,1,70,,280530,19,,,1,30,,280531,19,,,1,670,,280532,19,,,1,30,,280533,19,,,1,70,,280534,19,,,1,30,,280535,19,,,1,70,,280536,19,,,1,30,,280537,19,,,1
90701,'907-Weekday-1-26-09-1111100',539,,238078,20,,,1,70,,238079,20,,,1,28,,238080,20,,,1,16,,238081,20,,,1,55,,238082,20,,,1,15,,238083,20,,,1,15,,238084,20,,,1,15,,238085,20,,,1,55,,238086,20,,,1,15,,238087,20,,,1,15,,238088,20,,,1,70,,238089,20,,,1,30,,238090,20,,,1,70,,238091,20,,,1,30,,238092,20,,,1,70,,238093,20,,,1,30,,238094,20,,,1,70,,238095,20,,,1,30,,238096,20,,,1,70,,238097,20,,,1,30,,238098,20,,,1,70,,238099,20,,,1,30,,238100,20,,,1,72,,238101,20,,,1,22,,238102,20,,,1,17,,238103,20,,,1,55,,238104,20,,,1,15,,238105,20,,,1,15,,238106,20,,,1,15,,238107,20,,,1,55,,238108,20,,,1,15,,238109,20,,,1,15,,238110,20,,,1,15,,238111,20,,,1,67,,238112,20,,,1,23,,238113,20,,,1,70,,238114,20,,,1,30,,238115,20,,,1,70,,238116,20,,,1,30,,238117,20,,,1,70,,238118,20,,,1,30,,238119,20,,,1,72,,238120,20,,,1,100,,238121,20,,,1,100,,238122,20,,,1
90701,'907-Weekday-2-26-09-1111100',539,,238123,20,,,1,70,,238124,20,,,1,28,,238125,20,,,1,16,,238126,20,,,1,55,,238127,20,,,1,15,,238128,20,,,1,15,,238129,20,,,1,15,,238130,20,,,1,55,,238131,20,,,1,15,,238132,20,,,1,15,,238133,20,,,1,70,,238134,20,,,1,30,,238135,20,,,1,70,,238136,20,,,1,30,,238137,20,,,1,70,,238138,20,,,1,30,,238139,20,,,1,70,,238140,20,,,1,30,,238141,20,,,1,70,,238142,20,,,1,30,,238143,20,,,1,70,,238144,20,,,1,30,,238145,20,,,1,72,,238146,20,,,1,22,,238147,20,,,1,17,,238148,20,,,1,55,,238149,20,,,1,15,,238150,20,,,1,15,,238151,20,,,1,15,,238152,20,,,1,55,,238153,20,,,1,15,,238154,20,,,1,15,,238155,20,,,1,15,,238156,20,,,1,67,,238157,20,,,1,23,,238158,20,,,1,70,,238159,20,,,1,30,,238160,20,,,1,70,,238161,20,,,1,30,,238162,20,,,1,70,,238163,20,,,1,30,,238164,20,,,1,72,,238165,20,,,1,100,,238166,20,,,1,100,,238167,20,,,1
90701,'907-Weekday-3-26-09-1111100',539,,280714,20,,,1,70,,280715,20,,,1,28,,280716,20,,,1,16,,280717,20,,,1,55,,280718,20,,,1,15,,280719,20,,,1,15,,280720,20,,,1,15,,280721,20,,,1,55,,280722,20,,,1,15,,280723,20,,,1,15,,280724,20,,,1,70,,280725,20,,,1,30,,280726,20,,,1,70,,280727,20,,,1,30,,280728,20,,,1,70,,280729,20,,,1,30,,280730,20,,,1,70,,280731,20,,,1,30,,280732,20,,,1,70,,280733,20,,,1,30,,280734,20,,,1,70,,280735,20,,,1,30,,280736,20,,,1,72,,280737,20,,,1,22,,280738,20,,,1,17,,280739,20,,,1,55,,280740,20,,,1,15,,280741,20,,,1,15,,280742,20,,,1,15,,280743,20,,,1,55,,280744,20,,,1,15,,280745,20,,,1,15,,280746,20,,,1,15,,280747,20,,,1,67,,280748,20,,,1,23,,280749,20,,,1,70,,280750,20,,,1,30,,280751,20,,,1,70,,280752,20,,,1,30,,280753,20,,,1,70,,280754,20,,,1,30,,280755,20,,,1,72,,280756,20,,,1,100,,280757,20,,,1,100,,280758,20,,,1
90701,'907-Weekday-4-26-09-1111100',539,,238168,20,,,1,70,,238169,20,,,1,28,,238170,20,,,1,16,,238171,20,,,1,55,,238172,20,,,1,15,,238173,20,,,1,15,,238174,20,,,1,15,,238175,20,,,1,55,,238176,20,,,1,15,,238177,20,,,1,15,,238178,20,,,1,70,,238179,20,,,1,30,,238180,20,,,1,70,,238181,20,,,1,30,,238182,20,,,1,70,,238183,20,,,1,30,,238184,20,,,1,70,,238185,20,,,1,30,,238186,20,,,1,70,,238187,20,,,1,30,,238188,20,,,1,70,,238189,20,,,1,30,,238190,20,,,1,72,,238191,20,,,1,22,,238192,20,,,1,17,,238193,20,,,1,55,,238194,20,,,1,15,,238195,20,,,1,15,,238196,20,,,1,15,,238197,20,,,1,55,,238198,20,,,1,15,,238199,20,,,1,15,,238200,20,,,1,15,,238201,20,,,1,67,,238202,20,,,1,23,,238203,20,,,1,70,,238204,20,,,1,30,,238205,20,,,1,70,,238206,20,,,1,30,,238207,20,,,1,70,,238208,20,,,1,30,,238209,20,,,1,72,,238210,20,,,1,100,,238211,20,,,1,100,,238212,20,,,1
90701,'907-Weekday-5-26-09-1111100',539,,280759,20,,,1,70,,280760,20,,,1,28,,280761,20,,,1,16,,280762,20,,,1,55,,280763,20,,,1,15,,280764,20,,,1,15,,280765,20,,,1,15,,280766,20,,,1,55,,280767,20,,,1,15,,280768,20,,,1,15,,280769,20,,,1,70,,280770,20,,,1,30,,280771,20,,,1,70,,280772,20,,,1,30,,280773,20,,,1,70,,280774,20,,,1,30,,280775,20,,,1,70,,280776,20,,,1,30,,280777,20,,,1,70,,280778,20,,,1,30,,280779,20,,,1,70,,280780,20,,,1,30,,280781,20,,,1,72,,280782,20,,,1,22,,280783,20,,,1,17,,280784,20,,,1,55,,280785,20,,,1,15,,280786,20,,,1,15,,280787,20,,,1,15,,280788,20,,,1,55,,280789,20,,,1,15,,280790,20,,,1,15,,280791,20,,,1,15,,280792,20,,,1,67,,280793,20,,,1,23,,280794,20,,,1,70,,280795,20,,,1,30,,280796,20,,,1,70,,280797,20,,,1,30,,280798,20,,,1,70,,280799,20,,,1,30,,280800,20,,,1,72,,280801,20,,,1,100,,280802,20,,,1,100,,280803,20,,,1
90701,'907-Weekday-6-26-09-1111100',539,,280804,20,,,1,70,,280805,20,,,1,28,,280806,20,,,1,16,,280807,20,,,1,55,,280808,20,,,1,15,,280809,20,,,1,15,,280810,20,,,1,15,,280811,20,,,1,55,,280812,20,,,1,15,,280813,20,,,1,15,,280814,20,,,1,70,,280815,20,,,1,30,,280816,20,,,1,70,,280817,20,,,1,30,,280818,20,,,1,70,,280819,20,,,1,30,,280820,20,,,1,70,,280821,20,,,1,30,,280822,20,,,1,70,,280823,20,,,1,30,,280824,20,,,1,70,,280825,20,,,1,30,,280826,20,,,1,72,,280827,20,,,1,22,,280828,20,,,1,17,,280829,20,,,1,55,,280830,20,,,1,15,,280831,20,,,1,15,,280832,20,,,1,15,,280833,20,,,1,55,,280834,20,,,1,15,,280835,20,,,1,15,,280836,20,,,1,15,,280837,20,,,1,67,,280838,20,,,1,23,,280839,20,,,1,70,,280840,20,,,1,30,,280841,20,,,1,70,,280842,20,,,1,30,,280843,20,,,1,70,,280844,20,,,1,30,,280845,20,,,1,72,,280846,20,,,1,100,,280847,20,,,1,100,,280848,20,,,1
90701,'907-Weekday-7-26-09-1111100',539,,280849,20,,,1,70,,280850,20,,,1,28,,280851,20,,,1,16,,280852,20,,,1,55,,280853,20,,,1,15,,280854,20,,,1,15,,280855,20,,,1,15,,280856,20,,,1,55,,280857,20,,,1,15,,280858,20,,,1,15,,280859,20,,,1,70,,280860,20,,,1,30,,280861,20,,,1,70,,280862,20,,,1,30,,280863,20,,,1,70,,280864,20,,,1,30,,280865,20,,,1,70,,280866,20,,,1,30,,280867,20,,,1,70,,280868,20,,,1,30,,280869,20,,,1,70,,280870,20,,,1,30,,280871,20,,,1,72,,280872,20,,,1,22,,280873,20,,,1,17,,280874,20,,,1,55,,280875,20,,,1,15,,280876,20,,,1,15,,280877,20,,,1,15,,280878,20,,,1,55,,280879,20,,,1,15,,280880,20,,,1,15,,280881,20,,,1,15,,280882,20,,,1,67,,280883,20,,,1,23,,280884,20,,,1,70,,280885,20,,,1,30,,280886,20,,,1,70,,280887,20,,,1,30,,280888,20,,,1,70,,280889,20,,,1,30,,280890,20,,,1,72,,280891,20,,,1,100,,280892,20,,,1,100,,280893,20,,,1
90701,'907-Saturday-1-26-09-0000010',642,,238213,20,,,1,100,,238214,20,,,1,100,,238215,20,,,1,67,,238216,20,,,1,30,,238217,20,,,1,70,,238218,20,,,1,30,,238219,20,,,1,70,,238220,20,,,1,30,,238221,20,,,1,70,,238222,20,,,1,30,,238223,20,,,1,70,,238224,20,,,1,30,,238225,20,,,1,70,,238226,20,,,1,30,,238227,20,,,1,70,,238228,20,,,1,30,,238229,20,,,1,70,,238230,20,,,1,30,,238231,20,,,1,71,,238232,20,,,1,30,,238233,20,,,1,70,,238234,20,,,1,30,,238235,20,,,1,70,,238236,20,,,1,100,,238237,20,,,1,100,,238238,20,,,1,100,,238239,20,,,1
90701,'907-Sunday-1-26-09-0000001',1043,,238240,20,,,1,70,,238241,20,,,1,30,,238242,20,,,1,70,,238243,20,,,1,30,,238244,20,,,1,70,,238245,20,,,1,30,,238246,20,,,1,70,,238247,20,,,1,30,,238248,20,,,1,70,,238249,20,,,1,30,,238250,20,,,1,70,,238251,20,,,1,30,,238252,20,,,1,70,,238253,20,,,1,30,,238254,20,,,1,70,,238255,20,,,1,30,,238256,20,,,1,70,,238257,20,,,1,30,,238258,20,,,1
