10901,'109-Weekday-1-26-09-1111100',539,,217037,32,0,18 14,1,70,,217038,32,0,18 14,1,33,,217039,32,0,18 14,1,64,,217040,32,0,18 14,1,15,,217041,32,0,18 14,1,15,,217042,32,0,18 14,1,15,,217043,32,0,18 14,1,55,,217045,32,0,18 14,1,15,,217044,32,0,18 14,1,15,,217079,32,0,18 14,1,16,,217077,32,0,18 14,1,61,,217046,32,0,18 14,1,29,,217047,32,0,18 14,1,70,,217048,32,0,18 14,1,30,,217049,32,0,18 14,1,70,,217050,32,0,18 14,1,30,,217051,32,0,18 14,1,70,,217052,32,0,18 14,1,30,,217053,32,0,18 14,1,70,,217054,32,0,18 14,1,30,,217055,32,0,18 14,1,70,,217056,32,0,18 14,1,30,,217057,32,0,18 14,1,72,,217058,32,0,18 14,1,25,,217059,32,0,18 14,1,15,,217060,32,0,18 14,1,55,,217061,32,0,18 14,1,15,,217062,32,0,18 14,1,15,,217075,32,0,18 14,1,15,,217063,32,0,18 14,1,55,,217080,32,0,18 14,1,15,,217078,32,0,18 14,1,22,,217064,32,0,18 14,1,70,,217065,32,0,18 14,1,27,,217066,32,0,18 14,1,68,,217067,32,0,18 14,1,30,,217068,32,0,18 14,1,70,,217069,32,0,18 14,1,30,,217070,32,0,18 14,1,70,,217071,32,0,18 14,1,30,,217072,32,0,18 14,1,69,,217076,32,0,18 14,1,99,,217073,32,0,18 14,1,100,,217074,32,0,18 14,1
10901,'109-Weekday-2-26-09-1111100',539,,217081,32,0,18 14,1,70,,217082,32,0,18 14,1,33,,217083,32,0,18 14,1,64,,217084,32,0,18 14,1,15,,217085,32,0,18 14,1,15,,217086,32,0,18 14,1,15,,217087,32,0,18 14,1,55,,217089,32,0,18 14,1,15,,217088,32,0,18 14,1,15,,217123,32,0,18 14,1,16,,217121,32,0,18 14,1,61,,217090,32,0,18 14,1,29,,217091,32,0,18 14,1,70,,217092,32,0,18 14,1,30,,217093,32,0,18 14,1,70,,217094,32,0,18 14,1,30,,217095,32,0,18 14,1,70,,217096,32,0,18 14,1,30,,217097,32,0,18 14,1,70,,217098,32,0,18 14,1,30,,217099,32,0,18 14,1,70,,217100,32,0,18 14,1,30,,217101,32,0,18 14,1,72,,217102,32,0,18 14,1,25,,217103,32,0,18 14,1,15,,217104,32,0,18 14,1,55,,217105,32,0,18 14,1,15,,217106,32,0,18 14,1,15,,217119,32,0,18 14,1,15,,217107,32,0,18 14,1,55,,217124,32,0,18 14,1,15,,217122,32,0,18 14,1,22,,217108,32,0,18 14,1,70,,217109,32,0,18 14,1,27,,217110,32,0,18 14,1,68,,217111,32,0,18 14,1,30,,217112,32,0,18 14,1,70,,217113,32,0,18 14,1,30,,217114,32,0,18 14,1,70,,217115,32,0,18 14,1,30,,217116,32,0,18 14,1,69,,217120,32,0,18 14,1,99,,217117,32,0,18 14,1,100,,217118,32,0,18 14,1
10901,'109-Weekday-3-26-09-1111100',539,,260570,32,0,18 14,1,70,,260571,32,0,18 14,1,33,,260572,32,0,18 14,1,64,,260573,32,0,18 14,1,15,,260574,32,0,18 14,1,15,,260575,32,0,18 14,1,15,,260576,32,0,18 14,1,55,,260578,32,0,18 14,1,15,,260577,32,0,18 14,1,15,,260612,32,0,18 14,1,16,,260610,32,0,18 14,1,61,,260579,32,0,18 14,1,29,,260580,32,0,18 14,1,70,,260581,32,0,18 14,1,30,,260582,32,0,18 14,1,70,,260583,32,0,18 14,1,30,,260584,32,0,18 14,1,70,,260585,32,0,18 14,1,30,,260586,32,0,18 14,1,70,,260587,32,0,18 14,1,30,,260588,32,0,18 14,1,70,,260589,32,0,18 14,1,30,,260590,32,0,18 14,1,72,,260591,32,0,18 14,1,25,,260592,32,0,18 14,1,15,,260593,32,0,18 14,1,55,,260594,32,0,18 14,1,15,,260595,32,0,18 14,1,15,,260608,32,0,18 14,1,15,,260596,32,0,18 14,1,55,,260613,32,0,18 14,1,15,,260611,32,0,18 14,1,22,,260597,32,0,18 14,1,70,,260598,32,0,18 14,1,27,,260599,32,0,18 14,1,68,,260600,32,0,18 14,1,30,,260601,32,0,18 14,1,70,,260602,32,0,18 14,1,30,,260603,32,0,18 14,1,70,,260604,32,0,18 14,1,30,,260605,32,0,18 14,1,69,,260609,32,0,18 14,1,99,,260606,32,0,18 14,1,100,,260607,32,0,18 14,1
10901,'109-Weekday-4-26-09-1111100',539,,217125,32,0,18 14,1,70,,217126,32,0,18 14,1,33,,217127,32,0,18 14,1,64,,217128,32,0,18 14,1,15,,217129,32,0,18 14,1,15,,217130,32,0,18 14,1,15,,217131,32,0,18 14,1,55,,217133,32,0,18 14,1,15,,217132,32,0,18 14,1,15,,217167,32,0,18 14,1,16,,217165,32,0,18 14,1,61,,217134,32,0,18 14,1,29,,217135,32,0,18 14,1,70,,217136,32,0,18 14,1,30,,217137,32,0,18 14,1,70,,217138,32,0,18 14,1,30,,217139,32,0,18 14,1,70,,217140,32,0,18 14,1,30,,217141,32,0,18 14,1,70,,217142,32,0,18 14,1,30,,217143,32,0,18 14,1,70,,217144,32,0,18 14,1,30,,217145,32,0,18 14,1,72,,217146,32,0,18 14,1,25,,217147,32,0,18 14,1,15,,217148,32,0,18 14,1,55,,217149,32,0,18 14,1,15,,217150,32,0,18 14,1,15,,217163,32,0,18 14,1,15,,217151,32,0,18 14,1,55,,217168,32,0,18 14,1,15,,217166,32,0,18 14,1,22,,217152,32,0,18 14,1,70,,217153,32,0,18 14,1,27,,217154,32,0,18 14,1,68,,217155,32,0,18 14,1,30,,217156,32,0,18 14,1,70,,217157,32,0,18 14,1,30,,217158,32,0,18 14,1,70,,217159,32,0,18 14,1,30,,217160,32,0,18 14,1,69,,217164,32,0,18 14,1,99,,217161,32,0,18 14,1,100,,217162,32,0,18 14,1
10901,'109-Weekday-5-26-09-1111100',539,,260614,32,0,18 14,1,70,,260615,32,0,18 14,1,33,,260616,32,0,18 14,1,64,,260617,32,0,18 14,1,15,,260618,32,0,18 14,1,15,,260619,32,0,18 14,1,15,,260620,32,0,18 14,1,55,,260622,32,0,18 14,1,15,,260621,32,0,18 14,1,15,,260656,32,0,18 14,1,16,,260654,32,0,18 14,1,61,,260623,32,0,18 14,1,29,,260624,32,0,18 14,1,70,,260625,32,0,18 14,1,30,,260626,32,0,18 14,1,70,,260627,32,0,18 14,1,30,,260628,32,0,18 14,1,70,,260629,32,0,18 14,1,30,,260630,32,0,18 14,1,70,,260631,32,0,18 14,1,30,,260632,32,0,18 14,1,70,,260633,32,0,18 14,1,30,,260634,32,0,18 14,1,72,,260635,32,0,18 14,1,25,,260636,32,0,18 14,1,15,,260637,32,0,18 14,1,55,,260638,32,0,18 14,1,15,,260639,32,0,18 14,1,15,,260652,32,0,18 14,1,15,,260640,32,0,18 14,1,55,,260657,32,0,18 14,1,15,,260655,32,0,18 14,1,22,,260641,32,0,18 14,1,70,,260642,32,0,18 14,1,27,,260643,32,0,18 14,1,68,,260644,32,0,18 14,1,30,,260645,32,0,18 14,1,70,,260646,32,0,18 14,1,30,,260647,32,0,18 14,1,70,,260648,32,0,18 14,1,30,,260649,32,0,18 14,1,69,,260653,32,0,18 14,1,99,,260650,32,0,18 14,1,100,,260651,32,0,18 14,1
10901,'109-Weekday-6-26-09-1111100',539,,260658,32,0,18 14,1,70,,260659,32,0,18 14,1,33,,260660,32,0,18 14,1,64,,260661,32,0,18 14,1,15,,260662,32,0,18 14,1,15,,260663,32,0,18 14,1,15,,260664,32,0,18 14,1,55,,260666,32,0,18 14,1,15,,260665,32,0,18 14,1,15,,260700,32,0,18 14,1,16,,260698,32,0,18 14,1,61,,260667,32,0,18 14,1,29,,260668,32,0,18 14,1,70,,260669,32,0,18 14,1,30,,260670,32,0,18 14,1,70,,260671,32,0,18 14,1,30,,260672,32,0,18 14,1,70,,260673,32,0,18 14,1,30,,260674,32,0,18 14,1,70,,260675,32,0,18 14,1,30,,260676,32,0,18 14,1,70,,260677,32,0,18 14,1,30,,260678,32,0,18 14,1,72,,260679,32,0,18 14,1,25,,260680,32,0,18 14,1,15,,260681,32,0,18 14,1,55,,260682,32,0,18 14,1,15,,260683,32,0,18 14,1,15,,260696,32,0,18 14,1,15,,260684,32,0,18 14,1,55,,260701,32,0,18 14,1,15,,260699,32,0,18 14,1,22,,260685,32,0,18 14,1,70,,260686,32,0,18 14,1,27,,260687,32,0,18 14,1,68,,260688,32,0,18 14,1,30,,260689,32,0,18 14,1,70,,260690,32,0,18 14,1,30,,260691,32,0,18 14,1,70,,260692,32,0,18 14,1,30,,260693,32,0,18 14,1,69,,260697,32,0,18 14,1,99,,260694,32,0,18 14,1,100,,260695,32,0,18 14,1
10901,'109-Weekday-7-26-09-1111100',539,,260702,32,0,18 14,1,70,,260703,32,0,18 14,1,33,,260704,32,0,18 14,1,64,,260705,32,0,18 14,1,15,,260706,32,0,18 14,1,15,,260707,32,0,18 14,1,15,,260708,32,0,18 14,1,55,,260710,32,0,18 14,1,15,,260709,32,0,18 14,1,15,,260744,32,0,18 14,1,16,,260742,32,0,18 14,1,61,,260711,32,0,18 14,1,29,,260712,32,0,18 14,1,70,,260713,32,0,18 14,1,30,,260714,32,0,18 14,1,70,,260715,32,0,18 14,1,30,,260716,32,0,18 14,1,70,,260717,32,0,18 14,1,30,,260718,32,0,18 14,1,70,,260719,32,0,18 14,1,30,,260720,32,0,18 14,1,70,,260721,32,0,18 14,1,30,,260722,32,0,18 14,1,72,,260723,32,0,18 14,1,25,,260724,32,0,18 14,1,15,,260725,32,0,18 14,1,55,,260726,32,0,18 14,1,15,,260727,32,0,18 14,1,15,,260740,32,0,18 14,1,15,,260728,32,0,18 14,1,55,,260745,32,0,18 14,1,15,,260743,32,0,18 14,1,22,,260729,32,0,18 14,1,70,,260730,32,0,18 14,1,27,,260731,32,0,18 14,1,68,,260732,32,0,18 14,1,30,,260733,32,0,18 14,1,70,,260734,32,0,18 14,1,30,,260735,32,0,18 14,1,70,,260736,32,0,18 14,1,30,,260737,32,0,18 14,1,69,,260741,32,0,18 14,1,99,,260738,32,0,18 14,1,100,,260739,32,0,18 14,1
10901,'109-Saturday-1-26-09-0000010',832,,217169,32,0,18 14,1,70,,217170,32,0,18 14,1,30,,217171,32,0,18 14,1,70,,217172,32,0,18 14,1,30,,217173,32,0,18 14,1,70,,217174,32,0,18 14,1,30,,217175,32,0,18 14,1,70,,217176,32,0,18 14,1,30,,217177,32,0,18 14,1,70,,217178,32,0,18 14,1,30,,217179,32,0,18 14,1,70,,217180,32,0,18 14,1,30,,217181,32,0,18 14,1,70,,217182,32,0,18 14,1,30,,217183,32,0,18 14,1,70,,217184,32,0,18 14,1,30,,217185,32,0,18 14,1,70,,217186,32,0,18 14,1,30,,217187,32,0,18 14,1,70,,217188,32,0,18 14,1,30,,217189,32,0,18 14,1,70,,217190,32,0,18 14,1,30,,217191,32,0,18 14,1,70,,217192,32,0,18 14,1,30,,217193,32,0,18 14,1,70,,217194,32,0,18 14,1,30,,217195,32,0,18 14,1,70,,217196,32,0,18 14,1
10901,'109-Sunday-1-26-09-0000001',1042,,217197,32,0,18 14,1,70,,217198,32,0,18 14,1,30,,217199,32,0,18 14,1,70,,217200,32,0,18 14,1,30,,217201,32,0,18 14,1,70,,217202,32,0,18 14,1,30,,217203,32,0,18 14,1,70,,217204,32,0,18 14,1,30,,217205,32,0,18 14,1,70,,217206,32,0,18 14,1,30,,217207,32,0,18 14,1,70,,217208,32,0,18 14,1,30,,217209,32,0,18 14,1,70,,217210,32,0,18 14,1,30,,217211,32,0,18 14,1,70,,217212,32,0,18 14,1,30,,217213,32,0,18 14,1,70,,217214,32,0,18 14,1
61501,'615-Weekday-1-26-09-0001000',1242,,227427,15,,,1
61501,'615-Weekday-1-26-09-1110100',1546,,227428,15,,,1
61501,'615-Weekday-4-26-09-1110100',1546,,270286,15,,,1
61501,'615-Weekday-7-26-09-1110100',1546,,270287,15,,,1
61801,'618-Weekday-1-26-09-1111100',817,,227449,27,,,1
61801,'618-Weekday-4-26-09-1111100',817,,270299,27,,,1
61801,'618-Weekday-7-26-09-1111100',817,,270300,27,,,1
68301,'683-Weekday-1-26-09-1111100',744,,227878,21,,,1,5,,227879,21,,,1,5,,227880,21,,,1,5,,227881,21,,,1
68301,'683-Weekday-3-26-09-1111100',744,,227882,21,,,1,5,,227883,21,,,1,5,,227884,21,,,1,5,,227885,21,,,1
68301,'683-Weekday-4-26-09-1111100',744,,270640,21,,,1,5,,270641,21,,,1,5,,270642,21,,,1,5,,270643,21,,,1
68301,'683-Weekday-7-26-09-1111100',744,,270644,21,,,1,5,,270645,21,,,1,5,,270646,21,,,1,5,,270647,21,,,1
