11700,'117-Weekday-1-26-09-1111100',537,,218936,13,,,1,70,,218937,13,,,1,31,,218965,13,,,1,20,,218966,13,,,1,60,,218969,13,,,1,20,,218967,13,,,1,20,,218968,13,,,1,60,,218970,13,,,1,20,,218938,13,,,1,70,,218939,13,,,1,30,,218940,13,,,1,70,,218941,13,,,1,30,,218942,13,,,1,70,,218943,13,,,1,30,,218944,13,,,1,70,,218945,13,,,1,30,,218946,13,,,1,70,,218947,13,,,1,30,,218948,13,,,1,70,,218949,13,,,1,30,,218950,13,,,1,70,,218951,13,,,1,20,,218952,13,,,1,20,,218971,13,,,1,60,,218953,13,,,1,20,,218954,13,,,1,20,,218972,13,,,1,60,,218955,13,,,1,30,,218956,13,,,1,70,,218957,13,,,1,29,,218958,13,,,1,70,,218959,13,,,1,30,,218960,13,,,1,70,,218961,13,,,1,30,,218962,13,,,1,70,,218963,13,,,1,30,,218964,13,,,1
11700,'117-Weekday-2-26-09-1111100',537,,218973,13,,,1,70,,218974,13,,,1,31,,219002,13,,,1,20,,219003,13,,,1,60,,219006,13,,,1,20,,219004,13,,,1,20,,219005,13,,,1,60,,219007,13,,,1,20,,218975,13,,,1,70,,218976,13,,,1,30,,218977,13,,,1,70,,218978,13,,,1,30,,218979,13,,,1,70,,218980,13,,,1,30,,218981,13,,,1,70,,218982,13,,,1,30,,218983,13,,,1,70,,218984,13,,,1,30,,218985,13,,,1,70,,218986,13,,,1,30,,218987,13,,,1,70,,218988,13,,,1,20,,218989,13,,,1,20,,219008,13,,,1,60,,218990,13,,,1,20,,218991,13,,,1,20,,219009,13,,,1,60,,218992,13,,,1,30,,218993,13,,,1,70,,218994,13,,,1,29,,218995,13,,,1,70,,218996,13,,,1,30,,218997,13,,,1,70,,218998,13,,,1,30,,218999,13,,,1,70,,219000,13,,,1,30,,219001,13,,,1
11700,'117-Weekday-3-26-09-1111100',537,,262358,13,,,1,70,,262359,13,,,1,31,,262387,13,,,1,20,,262388,13,,,1,60,,262391,13,,,1,20,,262389,13,,,1,20,,262390,13,,,1,60,,262392,13,,,1,20,,262360,13,,,1,70,,262361,13,,,1,30,,262362,13,,,1,70,,262363,13,,,1,30,,262364,13,,,1,70,,262365,13,,,1,30,,262366,13,,,1,70,,262367,13,,,1,30,,262368,13,,,1,70,,262369,13,,,1,30,,262370,13,,,1,70,,262371,13,,,1,30,,262372,13,,,1,70,,262373,13,,,1,20,,262374,13,,,1,20,,262393,13,,,1,60,,262375,13,,,1,20,,262376,13,,,1,20,,262394,13,,,1,60,,262377,13,,,1,30,,262378,13,,,1,70,,262379,13,,,1,29,,262380,13,,,1,70,,262381,13,,,1,30,,262382,13,,,1,70,,262383,13,,,1,30,,262384,13,,,1,70,,262385,13,,,1,30,,262386,13,,,1
11700,'117-Weekday-4-26-09-1111100',537,,219010,13,,,1,70,,219011,13,,,1,31,,219039,13,,,1,20,,219040,13,,,1,60,,219043,13,,,1,20,,219041,13,,,1,20,,219042,13,,,1,60,,219044,13,,,1,20,,219012,13,,,1,70,,219013,13,,,1,30,,219014,13,,,1,70,,219015,13,,,1,30,,219016,13,,,1,70,,219017,13,,,1,30,,219018,13,,,1,70,,219019,13,,,1,30,,219020,13,,,1,70,,219021,13,,,1,30,,219022,13,,,1,70,,219023,13,,,1,30,,219024,13,,,1,70,,219025,13,,,1,20,,219026,13,,,1,20,,219045,13,,,1,60,,219027,13,,,1,20,,219028,13,,,1,20,,219046,13,,,1,60,,219029,13,,,1,30,,219030,13,,,1,70,,219031,13,,,1,29,,219032,13,,,1,70,,219033,13,,,1,30,,219034,13,,,1,70,,219035,13,,,1,30,,219036,13,,,1,70,,219037,13,,,1,30,,219038,13,,,1
11700,'117-Weekday-5-26-09-1111100',537,,262395,13,,,1,70,,262396,13,,,1,31,,262424,13,,,1,20,,262425,13,,,1,60,,262428,13,,,1,20,,262426,13,,,1,20,,262427,13,,,1,60,,262429,13,,,1,20,,262397,13,,,1,70,,262398,13,,,1,30,,262399,13,,,1,70,,262400,13,,,1,30,,262401,13,,,1,70,,262402,13,,,1,30,,262403,13,,,1,70,,262404,13,,,1,30,,262405,13,,,1,70,,262406,13,,,1,30,,262407,13,,,1,70,,262408,13,,,1,30,,262409,13,,,1,70,,262410,13,,,1,20,,262411,13,,,1,20,,262430,13,,,1,60,,262412,13,,,1,20,,262413,13,,,1,20,,262431,13,,,1,60,,262414,13,,,1,30,,262415,13,,,1,70,,262416,13,,,1,29,,262417,13,,,1,70,,262418,13,,,1,30,,262419,13,,,1,70,,262420,13,,,1,30,,262421,13,,,1,70,,262422,13,,,1,30,,262423,13,,,1
11700,'117-Weekday-6-26-09-1111100',537,,262432,13,,,1,70,,262433,13,,,1,31,,262461,13,,,1,20,,262462,13,,,1,60,,262465,13,,,1,20,,262463,13,,,1,20,,262464,13,,,1,60,,262466,13,,,1,20,,262434,13,,,1,70,,262435,13,,,1,30,,262436,13,,,1,70,,262437,13,,,1,30,,262438,13,,,1,70,,262439,13,,,1,30,,262440,13,,,1,70,,262441,13,,,1,30,,262442,13,,,1,70,,262443,13,,,1,30,,262444,13,,,1,70,,262445,13,,,1,30,,262446,13,,,1,70,,262447,13,,,1,20,,262448,13,,,1,20,,262467,13,,,1,60,,262449,13,,,1,20,,262450,13,,,1,20,,262468,13,,,1,60,,262451,13,,,1,30,,262452,13,,,1,70,,262453,13,,,1,29,,262454,13,,,1,70,,262455,13,,,1,30,,262456,13,,,1,70,,262457,13,,,1,30,,262458,13,,,1,70,,262459,13,,,1,30,,262460,13,,,1
11700,'117-Weekday-7-26-09-1111100',537,,262469,13,,,1,70,,262470,13,,,1,31,,262498,13,,,1,20,,262499,13,,,1,60,,262502,13,,,1,20,,262500,13,,,1,20,,262501,13,,,1,60,,262503,13,,,1,20,,262471,13,,,1,70,,262472,13,,,1,30,,262473,13,,,1,70,,262474,13,,,1,30,,262475,13,,,1,70,,262476,13,,,1,30,,262477,13,,,1,70,,262478,13,,,1,30,,262479,13,,,1,70,,262480,13,,,1,30,,262481,13,,,1,70,,262482,13,,,1,30,,262483,13,,,1,70,,262484,13,,,1,20,,262485,13,,,1,20,,262504,13,,,1,60,,262486,13,,,1,20,,262487,13,,,1,20,,262505,13,,,1,60,,262488,13,,,1,30,,262489,13,,,1,70,,262490,13,,,1,29,,262491,13,,,1,70,,262492,13,,,1,30,,262493,13,,,1,70,,262494,13,,,1,30,,262495,13,,,1,70,,262496,13,,,1,30,,262497,13,,,1
11700,'117-Saturday-1-26-09-0000010',552,,219047,13,,,1,100,,219052,13,,,1,100,,219051,13,,,1,85,,219048,13,,,1,70,,219050,13,,,1,30,,219049,13,,,1,70,,219053,13,,,1,30,,219054,13,,,1,70,,219055,13,,,1,30,,219056,13,,,1,70,,219057,13,,,1,30,,219058,13,,,1,70,,219059,13,,,1,30,,219060,13,,,1,70,,219061,13,,,1,30,,219062,13,,,1,70,,219063,13,,,1,30,,219064,13,,,1,70,,219065,13,,,1,30,,219066,13,,,1,70,,219067,13,,,1,30,,219068,13,,,1,70,,219069,13,,,1,30,,219070,13,,,1,70,,219071,13,,,1,30,,219072,13,,,1,70,,219073,13,,,1,30,,219074,13,,,1,70,,219075,13,,,1,30,,219076,13,,,1,70,,219077,13,,,1
11700,'117-Sunday-1-26-09-0000001',615,,219078,13,,,1,100,,219079,13,,,1,100,,219080,13,,,1,100,,219081,13,,,1,100,,219082,13,,,1,30,,219083,13,,,1,70,,219084,13,,,1,30,,219085,13,,,1,70,,219086,13,,,1,30,,219087,13,,,1,70,,219088,13,,,1,30,,219089,13,,,1,70,,219090,13,,,1,30,,219091,13,,,1,70,,219092,13,,,1,30,,219093,13,,,1,70,,219094,13,,,1,30,,219095,13,,,1,70,,219096,13,,,1,30,,219097,13,,,1,70,,219098,13,,,1,30,,219099,13,,,1,100,,219100,13,,,1,100,,219101,13,,,1
61200,'612-Weekday-1-26-09-0001000',1241,,227408,15,,,1
61200,'612-Weekday-1-26-09-1110100',1519,,227409,15,,,1
61200,'612-Weekday-4-26-09-1110100',1519,,270268,15,,,1
61200,'612-Weekday-7-26-09-1110100',1519,,270269,15,,,1
62101,'621-Weekday-1-26-09-1111100',744,,227466,21,,,1,5,,227467,21,,,1,80,,227468,21,,,1
62101,'621-Weekday-3-26-09-1111100',829,,227469,21,,,1
62101,'621-Weekday-4-26-09-1111100',744,,270314,21,,,1,5,,270315,21,,,1
62101,'621-Weekday-7-26-09-1111100',744,,270316,21,,,1,5,,270317,21,,,1,80,,270318,21,,,1
