51901,'519-Weekday-1-26-09-1111100',555,,225494,31,,,1,71,,225495,31,,,1,17,,225496,31,,,1,57,,225497,31,,,1,15,,225498,31,,,1,15,,225499,31,,,1,15,,225500,31,,,1,55,,225501,31,,,1,15,,225502,31,,,1,15,,225503,31,,,1,15,,225504,31,,,1,55,,225539,31,,,1,28,,225505,31,,,1,30,,225506,31,,,1,70,,225507,31,,,1,30,,225508,31,,,1,70,,225509,31,,,1,30,,225510,31,,,1,70,,225511,31,,,1,30,,225512,31,,,1,70,,225513,31,,,1,30,,225514,31,,,1,70,,225515,31,,,1,30,,225516,31,,,1,74,,225517,31,,,1,15,,225518,31,,,1,55,,225519,31,,,1,7,,225541,31,,,1,8,,225520,31,,,1,15,,225521,31,,,1,15,,225522,31,,,1,55,,225523,31,,,1,15,,225524,31,,,1,15,,225525,31,,,1,15,,225526,31,,,1,55,,225527,31,,,1,14,,225528,31,,,1,15,,225540,31,,,1,25,,225529,31,,,1,70,,225530,31,,,1,30,,225531,31,,,1,70,,225532,31,,,1,30,,225533,31,,,1,70,,225534,31,,,1,30,,225535,31,,,1,69,,225536,31,,,1,100,,225537,31,,,1,100,,225538,31,,,1
51901,'519-Weekday-2-26-09-1111100',555,,225542,31,,,1,71,,225543,31,,,1,17,,225544,31,,,1,57,,225545,31,,,1,15,,225546,31,,,1,15,,225547,31,,,1,15,,225548,31,,,1,55,,225549,31,,,1,15,,225550,31,,,1,15,,225551,31,,,1,15,,225552,31,,,1,55,,225587,31,,,1,28,,225553,31,,,1,30,,225554,31,,,1,70,,225555,31,,,1,30,,225556,31,,,1,70,,225557,31,,,1,30,,225558,31,,,1,70,,225559,31,,,1,30,,225560,31,,,1,70,,225561,31,,,1,30,,225562,31,,,1,70,,225563,31,,,1,30,,225564,31,,,1,74,,225565,31,,,1,15,,225566,31,,,1,55,,225567,31,,,1,7,,225589,31,,,1,8,,225568,31,,,1,15,,225569,31,,,1,15,,225570,31,,,1,55,,225571,31,,,1,15,,225572,31,,,1,15,,225573,31,,,1,15,,225574,31,,,1,55,,225575,31,,,1,14,,225576,31,,,1,15,,225588,31,,,1,25,,225577,31,,,1,70,,225578,31,,,1,30,,225579,31,,,1,70,,225580,31,,,1,30,,225581,31,,,1,70,,225582,31,,,1,30,,225583,31,,,1,69,,225584,31,,,1,100,,225585,31,,,1,100,,225586,31,,,1
51901,'519-Weekday-3-26-09-1111100',555,,268531,31,,,1,71,,268532,31,,,1,17,,268533,31,,,1,57,,268534,31,,,1,15,,268535,31,,,1,15,,268536,31,,,1,15,,268537,31,,,1,55,,268538,31,,,1,15,,268539,31,,,1,15,,268540,31,,,1,15,,268541,31,,,1,55,,268576,31,,,1,28,,268542,31,,,1,30,,268543,31,,,1,70,,268544,31,,,1,30,,268545,31,,,1,70,,268546,31,,,1,30,,268547,31,,,1,70,,268548,31,,,1,30,,268549,31,,,1,70,,268550,31,,,1,30,,268551,31,,,1,70,,268552,31,,,1,30,,268553,31,,,1,74,,268554,31,,,1,15,,268555,31,,,1,55,,268556,31,,,1,7,,268578,31,,,1,8,,268557,31,,,1,15,,268558,31,,,1,15,,268559,31,,,1,55,,268560,31,,,1,15,,268561,31,,,1,15,,268562,31,,,1,15,,268563,31,,,1,55,,268564,31,,,1,14,,268565,31,,,1,15,,268577,31,,,1,25,,268566,31,,,1,70,,268567,31,,,1,30,,268568,31,,,1,70,,268569,31,,,1,30,,268570,31,,,1,70,,268571,31,,,1,30,,268572,31,,,1,69,,268573,31,,,1,100,,268574,31,,,1,100,,268575,31,,,1
51901,'519-Weekday-4-26-09-1111100',555,,225590,31,,,1,71,,225591,31,,,1,17,,225592,31,,,1,57,,225593,31,,,1,15,,225594,31,,,1,15,,225595,31,,,1,15,,225596,31,,,1,55,,225597,31,,,1,15,,225598,31,,,1,15,,225599,31,,,1,15,,225600,31,,,1,55,,225635,31,,,1,28,,225601,31,,,1,30,,225602,31,,,1,70,,225603,31,,,1,30,,225604,31,,,1,70,,225605,31,,,1,30,,225606,31,,,1,70,,225607,31,,,1,30,,225608,31,,,1,70,,225609,31,,,1,30,,225610,31,,,1,70,,225611,31,,,1,30,,225612,31,,,1,74,,225613,31,,,1,15,,225614,31,,,1,55,,225615,31,,,1,15,,225616,31,,,1,15,,225617,31,,,1,15,,225618,31,,,1,55,,225619,31,,,1,15,,225620,31,,,1,15,,225621,31,,,1,15,,225622,31,,,1,55,,225623,31,,,1,14,,225624,31,,,1,15,,225636,31,,,1,25,,225625,31,,,1,70,,225626,31,,,1,30,,225627,31,,,1,70,,225628,31,,,1,30,,225629,31,,,1,70,,225630,31,,,1,30,,225631,31,,,1,69,,225632,31,,,1,100,,225633,31,,,1,100,,225634,31,,,1
51901,'519-Weekday-5-26-09-1111100',555,,268579,31,,,1,71,,268580,31,,,1,17,,268581,31,,,1,57,,268582,31,,,1,15,,268583,31,,,1,15,,268584,31,,,1,15,,268585,31,,,1,55,,268586,31,,,1,15,,268587,31,,,1,15,,268588,31,,,1,15,,268589,31,,,1,55,,268624,31,,,1,28,,268590,31,,,1,30,,268591,31,,,1,70,,268592,31,,,1,30,,268593,31,,,1,70,,268594,31,,,1,30,,268595,31,,,1,70,,268596,31,,,1,30,,268597,31,,,1,70,,268598,31,,,1,30,,268599,31,,,1,70,,268600,31,,,1,30,,268601,31,,,1,74,,268602,31,,,1,15,,268603,31,,,1,55,,268604,31,,,1,15,,268605,31,,,1,15,,268606,31,,,1,15,,268607,31,,,1,55,,268608,31,,,1,15,,268609,31,,,1,15,,268610,31,,,1,15,,268611,31,,,1,55,,268612,31,,,1,14,,268613,31,,,1,15,,268625,31,,,1,25,,268614,31,,,1,70,,268615,31,,,1,30,,268616,31,,,1,70,,268617,31,,,1,30,,268618,31,,,1,70,,268619,31,,,1,30,,268620,31,,,1,69,,268621,31,,,1,100,,268622,31,,,1,100,,268623,31,,,1
51901,'519-Weekday-6-26-09-1111100',555,,268626,31,,,1,71,,268627,31,,,1,17,,268628,31,,,1,57,,268629,31,,,1,15,,268630,31,,,1,15,,268631,31,,,1,15,,268632,31,,,1,55,,268633,31,,,1,15,,268634,31,,,1,15,,268635,31,,,1,15,,268636,31,,,1,55,,268671,31,,,1,28,,268637,31,,,1,30,,268638,31,,,1,70,,268639,31,,,1,30,,268640,31,,,1,70,,268641,31,,,1,30,,268642,31,,,1,70,,268643,31,,,1,30,,268644,31,,,1,70,,268645,31,,,1,30,,268646,31,,,1,70,,268647,31,,,1,30,,268648,31,,,1,74,,268649,31,,,1,15,,268650,31,,,1,55,,268651,31,,,1,7,,268673,31,,,1,8,,268652,31,,,1,15,,268653,31,,,1,15,,268654,31,,,1,55,,268655,31,,,1,15,,268656,31,,,1,15,,268657,31,,,1,15,,268658,31,,,1,55,,268659,31,,,1,14,,268660,31,,,1,15,,268672,31,,,1,25,,268661,31,,,1,70,,268662,31,,,1,30,,268663,31,,,1,70,,268664,31,,,1,30,,268665,31,,,1,70,,268666,31,,,1,30,,268667,31,,,1,69,,268668,31,,,1,100,,268669,31,,,1,100,,268670,31,,,1
51901,'519-Weekday-7-26-09-1111100',555,,268674,31,,,1,71,,268675,31,,,1,17,,268676,31,,,1,57,,268677,31,,,1,15,,268678,31,,,1,15,,268679,31,,,1,15,,268680,31,,,1,55,,268681,31,,,1,15,,268682,31,,,1,15,,268683,31,,,1,15,,268684,31,,,1,55,,268719,31,,,1,28,,268685,31,,,1,30,,268686,31,,,1,70,,268687,31,,,1,30,,268688,31,,,1,70,,268689,31,,,1,30,,268690,31,,,1,70,,268691,31,,,1,30,,268692,31,,,1,70,,268693,31,,,1,30,,268694,31,,,1,70,,268695,31,,,1,30,,268696,31,,,1,74,,268697,31,,,1,15,,268698,31,,,1,55,,268699,31,,,1,15,,268700,31,,,1,15,,268701,31,,,1,15,,268702,31,,,1,55,,268703,31,,,1,15,,268704,31,,,1,15,,268705,31,,,1,15,,268706,31,,,1,55,,268707,31,,,1,14,,268708,31,,,1,15,,268720,31,,,1,25,,268709,31,,,1,70,,268710,31,,,1,30,,268711,31,,,1,70,,268712,31,,,1,30,,268713,31,,,1,70,,268714,31,,,1,30,,268715,31,,,1,69,,268716,31,,,1,100,,268717,31,,,1,100,,268718,31,,,1
51901,'519-Saturday-1-26-09-0000010',609,,225637,31,,,1,100,,225638,31,,,1,100,,225639,31,,,1,30,,225640,31,,,1,70,,225641,31,,,1,31,,225642,31,,,1,70,,225643,31,,,1,30,,225644,31,,,1,70,,225645,31,,,1,30,,225646,31,,,1,70,,225647,31,,,1,30,,225648,31,,,1,70,,225649,31,,,1,30,,225650,31,,,1,70,,225651,31,,,1,30,,225652,31,,,1,70,,225653,31,,,1,30,,225654,31,,,1,70,,225655,31,,,1,30,,225656,31,,,1,69,,225657,31,,,1,30,,225658,31,,,1,70,,225659,31,,,1,30,,225660,31,,,1,70,,225661,31,,,1,100,,225662,31,,,1,100,,225663,31,,,1,100,,225664,31,,,1,100,,225665,31,,,1,100,,225666,31,,,1
51901,'519-Sunday-1-26-09-0000001',609,,225667,31,,,1,100,,225668,31,,,1,100,,225669,31,,,1,100,,225670,31,,,1,101,,225671,31,,,1,30,,225672,31,,,1,70,,225673,31,,,1,30,,225674,31,,,1,70,,225675,31,,,1,30,,225676,31,,,1,70,,225677,31,,,1,30,,225678,31,,,1,70,,225679,31,,,1,30,,225680,31,,,1,70,,225681,31,,,1,30,,225682,31,,,1,70,,225683,31,,,1,30,,225684,31,,,1,70,,225685,31,,,1,30,,225686,31,,,1,70,,225687,31,,,1,30,,225688,31,,,1,70,,225689,31,,,1,100,,225690,31,,,1,100,,225691,31,,,1,100,,225692,31,,,1,100,,225693,31,,,1,100,,225694,31,,,1
66501,'665-Weekday-1-26-09-1111100',820,,227772,28,,,1,2,,227773,28,,,1
66501,'665-Weekday-3-26-09-1111100',820,,227774,28,,,1,2,,227775,28,,,1
66501,'665-Weekday-7-26-09-1111100',820,,270568,28,,,1,2,,270569,28,,,1
