900,'009-Weekday-1-26-09-1111100',455,,209636,12,,,1,55,,209637,12,,,1,15,,209638,12,,,1,15,,209639,12,,,1,15,,209640,12,,,1,55,,209641,12,,,1,15,,209642,12,,,1,17,,209643,12,,,1,12,,209635,12,,,1,55,,209644,12,,,1,7,,209645,12,0,31,1,8,,209646,12,,,1,7,,209647,12,0,31,1,8,,209648,12,,,1,7,,209649,12,0,31,1,8,,209650,12,,,1,47,,209651,12,0,31,1,8,,209652,12,,,1,7,,209653,12,0,31,1,8,,209654,12,,,1,12,,209655,12,,,1,16,,209656,12,,,1,54,,209657,12,,,1,15,,209658,12,,,1,15,,209659,12,,,1,15,,209660,12,,,1,55,,209661,12,,,1,15,,209662,12,,,1,15,,209663,12,,,1,15,,209664,12,,,1,55,,209665,12,,,1,15,,209666,12,,,1,15,,209667,12,,,1,15,,209668,12,,,1,55,,209670,12,,,1,15,,209672,12,,,1,15,,209674,12,,,1,15,,209676,12,,,1,55,,209678,12,,,1,15,,209680,12,,,1,15,,209682,12,,,1,15,,209684,12,,,1,55,,209686,12,,,1,15,,209688,12,,,1,15,,209690,12,,,1,15,,209692,12,,,1,57,,209694,12,,,1,16,,209696,12,,,1,15,,209698,12,,,1,15,,209700,12,,,1,55,,209702,12,,,1,15,,209704,12,,,1,15,,209706,12,,,1,15,,209708,12,,,1,55,,209709,12,,,1,15,,209710,12,,,1,12,,209711,12,,,1,13,,209712,12,,,1,55,,209713,12,,,1,15,,209714,12,,,1,15,,209715,12,,,1,14,,209716,12,,,1,55,,209717,12,,,1,16,,209718,12,,,1,16,,209719,12,,,1,15,,209720,12,,,1,55,,209721,12,,,1,15,,209722,12,,,1,15,,209723,12,,,1,15,,209724,12,,,1,55,,209725,12,,,1,15,,209726,12,,,1,15,,209727,12,,,1,15,,209728,12,,,1,54,,209729,12,,,1,19,,209730,12,,,1,20,,209731,12,,,1,60,,209732,12,,,1,20,,209733,12,,,1,20,,209734,12,,,1,60,,209741,12,,,1,20,,209735,12,,,1,29,,209736,16,0,28 29 30,1,70,,209737,16,0,28 29 30,1,30,,209738,16,0,28 29 30,1,70,,209739,16,0,28 29 30,1,30,,209740,16,0,28 29 30,1
900,'009-Weekday-2-26-09-1111100',455,,209760,12,,,1,55,,209761,12,,,1,15,,209762,12,,,1,15,,209763,12,,,1,15,,209764,12,,,1,55,,209765,12,,,1,15,,209766,12,,,1,17,,209767,12,,,1,12,,209759,12,,,1,55,,209768,12,,,1,7,,209769,12,0,31,1,8,,209770,12,,,1,7,,209771,12,0,31,1,8,,209772,12,,,1,7,,209773,12,0,31,1,8,,209774,12,,,1,47,,209775,12,0,31,1,8,,209776,12,,,1,7,,209777,12,0,31,1,8,,209778,12,,,1,12,,209779,12,,,1,16,,209780,12,,,1,54,,209781,12,,,1,15,,209782,12,,,1,15,,209783,12,,,1,15,,209784,12,,,1,55,,209785,12,,,1,15,,209786,12,,,1,15,,209787,12,,,1,15,,209788,12,,,1,55,,209789,12,,,1,15,,209790,12,,,1,15,,209791,12,,,1,15,,209792,12,,,1,55,,209794,12,,,1,15,,209796,12,,,1,15,,209798,12,,,1,15,,209800,12,,,1,55,,209802,12,,,1,15,,209804,12,,,1,15,,209806,12,,,1,15,,209808,12,,,1,55,,209810,12,,,1,15,,209812,12,,,1,15,,209814,12,,,1,15,,209816,12,,,1,57,,209818,12,,,1,16,,209820,12,,,1,15,,209822,12,,,1,15,,209824,12,,,1,55,,209826,12,,,1,15,,209828,12,,,1,15,,209830,12,,,1,15,,209832,12,,,1,55,,209833,12,,,1,15,,209834,12,,,1,12,,209835,12,,,1,13,,209836,12,,,1,55,,209837,12,,,1,15,,209838,12,,,1,15,,209839,12,,,1,14,,209840,12,,,1,55,,209841,12,,,1,16,,209842,12,,,1,16,,209843,12,,,1,15,,209844,12,,,1,55,,209845,12,,,1,15,,209846,12,,,1,15,,209847,12,,,1,15,,209848,12,,,1,55,,209849,12,,,1,15,,209850,12,,,1,15,,209851,12,,,1,15,,209852,12,,,1,54,,209853,12,,,1,19,,209854,12,,,1,20,,209855,12,,,1,60,,209856,12,,,1,20,,209857,12,,,1,20,,209858,12,,,1,60,,209865,12,,,1,20,,209859,12,,,1,29,,209860,16,0,28 29 30,1,70,,209861,16,0,28 29 30,1,30,,209862,16,0,28 29 30,1,70,,209863,16,0,28 29 30,1,30,,209864,16,0,28 29 30,1
900,'009-Weekday-3-26-09-1111100',455,,252902,12,,,1,55,,252903,12,,,1,15,,252904,12,,,1,15,,252905,12,,,1,15,,252906,12,,,1,55,,252907,12,,,1,15,,252908,12,,,1,17,,252909,12,,,1,12,,252901,12,,,1,55,,252910,12,,,1,7,,252911,12,0,31,1,8,,252912,12,,,1,7,,252913,12,0,31,1,8,,252914,12,,,1,7,,252915,12,0,31,1,8,,252916,12,,,1,47,,252917,12,0,31,1,8,,252918,12,,,1,7,,252919,12,0,31,1,8,,252920,12,,,1,12,,252921,12,,,1,16,,252922,12,,,1,54,,252923,12,,,1,15,,252924,12,,,1,15,,252925,12,,,1,15,,252926,12,,,1,55,,252927,12,,,1,15,,252928,12,,,1,15,,252929,12,,,1,15,,252930,12,,,1,55,,252931,12,,,1,15,,252932,12,,,1,15,,252933,12,,,1,15,,252934,12,,,1,55,,252936,12,,,1,15,,252938,12,,,1,15,,252940,12,,,1,15,,252942,12,,,1,55,,252944,12,,,1,15,,252946,12,,,1,15,,252948,12,,,1,15,,252950,12,,,1,55,,252952,12,,,1,15,,252954,12,,,1,15,,252956,12,,,1,15,,252958,12,,,1,57,,252960,12,,,1,16,,252962,12,,,1,15,,252964,12,,,1,15,,252966,12,,,1,55,,252968,12,,,1,15,,252970,12,,,1,15,,252972,12,,,1,15,,252974,12,,,1,55,,252975,12,,,1,15,,252976,12,,,1,12,,252977,12,,,1,13,,252978,12,,,1,55,,252979,12,,,1,15,,252980,12,,,1,15,,252981,12,,,1,14,,252982,12,,,1,55,,252983,12,,,1,16,,252984,12,,,1,16,,252985,12,,,1,15,,252986,12,,,1,55,,252987,12,,,1,15,,252988,12,,,1,15,,252989,12,,,1,15,,252990,12,,,1,55,,252991,12,,,1,15,,252992,12,,,1,15,,252993,12,,,1,15,,252994,12,,,1,54,,252995,12,,,1,19,,252996,12,,,1,20,,252997,12,,,1,60,,252998,12,,,1,20,,252999,12,,,1,20,,253000,12,,,1,60,,253007,12,,,1,20,,253001,12,,,1,29,,253002,16,0,28 29 30,1,70,,253003,16,0,28 29 30,1,30,,253004,16,0,28 29 30,1,70,,253005,16,0,28 29 30,1,30,,253006,16,0,28 29 30,1
900,'009-Weekday-4-26-09-1111100',455,,209884,12,,,1,55,,209885,12,,,1,15,,209886,12,,,1,15,,209887,12,,,1,15,,209888,12,,,1,55,,209889,12,,,1,15,,209890,12,,,1,17,,209891,12,,,1,12,,209883,12,,,1,55,,209892,12,,,1,7,,209893,12,0,31,1,8,,209894,12,,,1,7,,209895,12,0,31,1,8,,209896,12,,,1,7,,209897,12,0,31,1,8,,209898,12,,,1,47,,209899,12,0,31,1,8,,209900,12,,,1,7,,209901,12,0,31,1,8,,209902,12,,,1,12,,209903,12,,,1,16,,209904,12,,,1,54,,209905,12,,,1,15,,209906,12,,,1,15,,209907,12,,,1,15,,209908,12,,,1,55,,209909,12,,,1,15,,209910,12,,,1,15,,209911,12,,,1,15,,209912,12,,,1,55,,209913,12,,,1,15,,209914,12,,,1,15,,209915,12,,,1,15,,209916,12,,,1,55,,209918,12,,,1,15,,209920,12,,,1,15,,209922,12,,,1,15,,209924,12,,,1,55,,209926,12,,,1,15,,209928,12,,,1,15,,209930,12,,,1,15,,209932,12,,,1,55,,209934,12,,,1,15,,209936,12,,,1,15,,209938,12,,,1,15,,209940,12,,,1,57,,209942,12,,,1,16,,209944,12,,,1,15,,209946,12,,,1,15,,209948,12,,,1,55,,209950,12,,,1,15,,209952,12,,,1,15,,209954,12,,,1,15,,209956,12,,,1,55,,209957,12,,,1,15,,209958,12,,,1,12,,209959,12,,,1,13,,209960,12,,,1,55,,209961,12,,,1,15,,209962,12,,,1,15,,209963,12,,,1,14,,209964,12,,,1,55,,209965,12,,,1,16,,209966,12,,,1,16,,209967,12,,,1,15,,209968,12,,,1,55,,209969,12,,,1,15,,209970,12,,,1,15,,209971,12,,,1,15,,209972,12,,,1,55,,209973,12,,,1,15,,209974,12,,,1,15,,209975,12,,,1,15,,209976,12,,,1,54,,209977,12,,,1,19,,209978,12,,,1,20,,209979,12,,,1,60,,209980,12,,,1,20,,209981,12,,,1,20,,209982,12,,,1,60,,209989,12,,,1,20,,209983,12,,,1,29,,209984,16,0,28 29 30,1,70,,209985,16,0,28 29 30,1,30,,209986,16,0,28 29 30,1,70,,209987,16,0,28 29 30,1,30,,209988,16,0,28 29 30,1
900,'009-Weekday-5-26-09-1111100',455,,253025,12,,,1,55,,253026,12,,,1,15,,253027,12,,,1,15,,253028,12,,,1,15,,253029,12,,,1,55,,253030,12,,,1,15,,253031,12,,,1,17,,253032,12,,,1,12,,253024,12,,,1,55,,253033,12,,,1,7,,253034,12,0,31,1,8,,253035,12,,,1,7,,253036,12,0,31,1,8,,253037,12,,,1,7,,253038,12,0,31,1,8,,253039,12,,,1,47,,253040,12,0,31,1,8,,253041,12,,,1,7,,253042,12,0,31,1,8,,253043,12,,,1,12,,253044,12,,,1,16,,253045,12,,,1,54,,253046,12,,,1,15,,253047,12,,,1,15,,253048,12,,,1,15,,253049,12,,,1,55,,253050,12,,,1,15,,253051,12,,,1,15,,253052,12,,,1,15,,253053,12,,,1,55,,253054,12,,,1,15,,253055,12,,,1,15,,253056,12,,,1,15,,253057,12,,,1,55,,253059,12,,,1,15,,253061,12,,,1,15,,253063,12,,,1,15,,253065,12,,,1,55,,253067,12,,,1,15,,253069,12,,,1,15,,253071,12,,,1,15,,253073,12,,,1,55,,253075,12,,,1,15,,253077,12,,,1,15,,253079,12,,,1,15,,253081,12,,,1,57,,253083,12,,,1,16,,253085,12,,,1,15,,253087,12,,,1,15,,253089,12,,,1,55,,253091,12,,,1,15,,253093,12,,,1,15,,253095,12,,,1,15,,253097,12,,,1,55,,253098,12,,,1,15,,253099,12,,,1,12,,253100,12,,,1,13,,253101,12,,,1,55,,253102,12,,,1,15,,253103,12,,,1,15,,253104,12,,,1,14,,253105,12,,,1,55,,253106,12,,,1,16,,253107,12,,,1,16,,253108,12,,,1,15,,253109,12,,,1,55,,253110,12,,,1,15,,253111,12,,,1,15,,253112,12,,,1,15,,253113,12,,,1,55,,253114,12,,,1,15,,253115,12,,,1,15,,253116,12,,,1,15,,253117,12,,,1,54,,253118,12,,,1,19,,253119,12,,,1,20,,253120,12,,,1,60,,253121,12,,,1,20,,253122,12,,,1,20,,253123,12,,,1,60,,253130,12,,,1,20,,253124,12,,,1,29,,253125,16,0,28 29 30,1,70,,253126,16,0,28 29 30,1,30,,253127,16,0,28 29 30,1,70,,253128,16,0,28 29 30,1,30,,253129,16,0,28 29 30,1
900,'009-Weekday-6-26-09-1111100',455,,253148,12,,,1,55,,253149,12,,,1,15,,253150,12,,,1,15,,253151,12,,,1,15,,253152,12,,,1,55,,253153,12,,,1,15,,253154,12,,,1,17,,253155,12,,,1,12,,253147,12,,,1,55,,253156,12,,,1,7,,253157,12,0,31,1,8,,253158,12,,,1,7,,253159,12,0,31,1,8,,253160,12,,,1,7,,253161,12,0,31,1,8,,253162,12,,,1,47,,253163,12,0,31,1,8,,253164,12,,,1,7,,253165,12,0,31,1,8,,253166,12,,,1,12,,253167,12,,,1,16,,253168,12,,,1,54,,253169,12,,,1,15,,253170,12,,,1,15,,253171,12,,,1,15,,253172,12,,,1,55,,253173,12,,,1,15,,253174,12,,,1,15,,253175,12,,,1,15,,253176,12,,,1,55,,253177,12,,,1,15,,253178,12,,,1,15,,253179,12,,,1,15,,253180,12,,,1,55,,253182,12,,,1,15,,253184,12,,,1,15,,253186,12,,,1,15,,253188,12,,,1,55,,253190,12,,,1,15,,253192,12,,,1,15,,253194,12,,,1,15,,253196,12,,,1,55,,253198,12,,,1,15,,253200,12,,,1,15,,253202,12,,,1,15,,253204,12,,,1,57,,253206,12,,,1,16,,253208,12,,,1,15,,253210,12,,,1,15,,253212,12,,,1,55,,253214,12,,,1,15,,253216,12,,,1,15,,253218,12,,,1,15,,253220,12,,,1,55,,253221,12,,,1,15,,253222,12,,,1,12,,253223,12,,,1,13,,253224,12,,,1,55,,253225,12,,,1,15,,253226,12,,,1,15,,253227,12,,,1,14,,253228,12,,,1,55,,253229,12,,,1,16,,253230,12,,,1,16,,253231,12,,,1,15,,253232,12,,,1,55,,253233,12,,,1,15,,253234,12,,,1,15,,253235,12,,,1,15,,253236,12,,,1,55,,253237,12,,,1,15,,253238,12,,,1,15,,253239,12,,,1,15,,253240,12,,,1,54,,253241,12,,,1,19,,253242,12,,,1,20,,253243,12,,,1,60,,253244,12,,,1,20,,253245,12,,,1,20,,253246,12,,,1,60,,253253,12,,,1,20,,253247,12,,,1,29,,253248,16,0,28 29 30,1,70,,253249,16,0,28 29 30,1,30,,253250,16,0,28 29 30,1,70,,253251,16,0,28 29 30,1,30,,253252,16,0,28 29 30,1
900,'009-Weekday-7-26-09-1111100',455,,253272,12,,,1,55,,253273,12,,,1,15,,253274,12,,,1,15,,253275,12,,,1,15,,253276,12,,,1,55,,253277,12,,,1,15,,253278,12,,,1,17,,253279,12,,,1,12,,253271,12,,,1,55,,253280,12,,,1,7,,253281,12,0,31,1,8,,253282,12,,,1,7,,253283,12,0,31,1,8,,253284,12,,,1,7,,253285,12,0,31,1,8,,253286,12,,,1,47,,253287,12,0,31,1,8,,253288,12,,,1,7,,253289,12,0,31,1,8,,253290,12,,,1,12,,253291,12,,,1,16,,253292,12,,,1,54,,253293,12,,,1,15,,253294,12,,,1,15,,253295,12,,,1,15,,253296,12,,,1,55,,253297,12,,,1,15,,253298,12,,,1,15,,253299,12,,,1,15,,253300,12,,,1,55,,253301,12,,,1,15,,253302,12,,,1,15,,253303,12,,,1,15,,253304,12,,,1,55,,253306,12,,,1,15,,253308,12,,,1,15,,253310,12,,,1,15,,253312,12,,,1,55,,253314,12,,,1,15,,253316,12,,,1,15,,253318,12,,,1,15,,253320,12,,,1,55,,253322,12,,,1,15,,253324,12,,,1,15,,253326,12,,,1,15,,253328,12,,,1,57,,253330,12,,,1,16,,253332,12,,,1,15,,253334,12,,,1,15,,253336,12,,,1,55,,253338,12,,,1,15,,253340,12,,,1,15,,253342,12,,,1,15,,253344,12,,,1,55,,253345,12,,,1,15,,253346,12,,,1,12,,253347,12,,,1,13,,253348,12,,,1,55,,253349,12,,,1,15,,253350,12,,,1,15,,253351,12,,,1,14,,253352,12,,,1,55,,253353,12,,,1,16,,253354,12,,,1,16,,253355,12,,,1,15,,253356,12,,,1,55,,253357,12,,,1,15,,253358,12,,,1,15,,253359,12,,,1,15,,253360,12,,,1,55,,253361,12,,,1,15,,253362,12,,,1,15,,253363,12,,,1,15,,253364,12,,,1,54,,253365,12,,,1,19,,253366,12,,,1,20,,253367,12,,,1,60,,253368,12,,,1,20,,253369,12,,,1,20,,253370,12,,,1,60,,253377,12,,,1,20,,253371,12,,,1,29,,253372,16,0,28 29 30,1,70,,253373,16,0,28 29 30,1,30,,253374,16,0,28 29 30,1,70,,253375,16,0,28 29 30,1,30,,253376,16,0,28 29 30,1
900,'009-Saturday-1-26-09-0000010',528,,210072,12,,,1,21,,210006,12,,,1,60,,210007,12,,,1,21,,210008,12,,,1,20,,210009,12,,,1,61,,210010,12,,,1,21,,210073,12,,,1,21,,210074,12,,,1,60,,210075,12,,,1,15,,210076,12,,,1,14,,210077,12,,,1,15,,210078,12,,,1,56,,210079,12,,,1,18,,210080,12,,,1,19,,210081,12,,,1,56,,210082,12,,,1,15,,210011,12,,,1,15,,210012,12,,,1,15,,210013,12,,,1,55,,210014,12,,,1,15,,210015,12,,,1,15,,210016,12,,,1,15,,210017,12,,,1,56,,210018,12,,,1,15,,210019,12,,,1,15,,210020,12,,,1,15,,210021,12,,,1,55,,210022,12,,,1,15,,210024,12,,,1,15,,210025,12,,,1,15,,210026,12,,,1,55,,210023,12,,,1,15,,210027,12,,,1,15,,210028,12,,,1,15,,210029,12,,,1,55,,210030,12,,,1,15,,210031,12,,,1,15,,210032,12,,,1,15,,210033,12,,,1,55,,210034,12,,,1,15,,210035,12,,,1,15,,210036,12,,,1,15,,210037,12,,,1,54,,210038,12,,,1,16,,210039,12,,,1,15,,210040,12,,,1,15,,210041,12,,,1,54,,210042,12,,,1,15,,210043,12,,,1,15,,210044,12,,,1,15,,210045,12,,,1,55,,210046,12,,,1,15,,210047,12,,,1,15,,210048,12,,,1,15,,210049,12,,,1,55,,210050,12,,,1,15,,210051,12,,,1,15,,210052,12,,,1,15,,210053,12,,,1,55,,210054,12,,,1,15,,210055,12,,,1,15,,210056,12,,,1,15,,210057,12,,,1,55,,210059,12,,,1,15,,210060,12,,,1,15,,210061,12,,,1,15,,210058,12,,,1,57,,210062,12,,,1,18,,210063,12,,,1,20,,210064,12,,,1,58,,210065,12,,,1,18,,210066,12,,,1,30,,210067,16,0,28 29 30,1,70,,210068,16,0,28 29 30,1,30,,210069,16,0,28 29 30,1,70,,210070,16,0,28 29 30,1,30,,210071,16,0,28 29 30,1
900,'009-Sunday-1-26-09-0000001',535,,210083,12,,,1,20,,210084,12,,,1,60,,210085,12,,,1,20,,210086,12,,,1,20,,210087,12,,,1,60,,210088,12,,,1,20,,210156,12,,,1,20,,210157,12,,,1,57,,210158,12,,,1,15,,210151,12,,,1,15,,210152,12,,,1,15,,210153,12,,,1,55,,210154,12,,,1,15,,210155,12,,,1,15,,210150,12,,,1,17,,210149,12,,,1,58,,210148,12,,,1,15,,210147,12,,,1,15,,210089,12,,,1,54,,210091,12,,,1,15,,210092,12,,,1,14,,210093,12,,,1,14,,210090,12,,,1,13,,210094,12,,,1,56,,210095,12,,,1,15,,210096,12,,,1,15,,210097,12,,,1,15,,210098,12,,,1,55,,210099,12,,,1,15,,210100,12,,,1,15,,210101,12,,,1,15,,210102,12,,,1,55,,210103,12,,,1,15,,210104,12,,,1,15,,210105,12,,,1,15,,210106,12,,,1,55,,210107,12,,,1,15,,210108,12,,,1,15,,210109,12,,,1,15,,210110,12,,,1,55,,210111,12,,,1,16,,210112,12,,,1,16,,210113,12,,,1,58,,210114,12,,,1,15,,210115,12,,,1,15,,210116,12,,,1,17,,210117,12,,,1,60,,210118,12,,,1,15,,210119,12,,,1,15,,210120,12,,,1,15,,210121,12,,,1,55,,210122,12,,,1,15,,210123,12,,,1,15,,210124,12,,,1,15,,210125,12,,,1,55,,210127,12,,,1,15,,210128,12,,,1,15,,210129,12,,,1,15,,210126,12,,,1,55,,210130,12,,,1,15,,210131,12,,,1,15,,210132,12,,,1,16,,210133,12,,,1,56,,210134,12,,,1,16,,210135,12,,,1,15,,210136,12,,,1,57,,210146,12,,,1,21,,210137,12,,,1,21,,210138,12,,,1,60,,210139,12,,,1,20,,210140,12,,,1,30,,210141,16,0,28 29 30,1,70,,210142,16,0,28 29 30,1,30,,210143,16,0,28 29 30,1,70,,210144,16,0,28 29 30,1,30,,210145,16,0,28 29 30,1
72300,'723-Weekday-1-26-09-1111100',636,,235036,8,,,1,70,,235037,8,,,1,15,,235051,8,,,1,15,,235038,8,,,1,15,,235052,8,,,1,55,,235039,8,,,1,15,,235053,8,,,1,15,,235040,8,,,1,15,,235054,8,,,1,55,,235041,8,,,1,16,,235055,8,,,1,15,,235042,8,,,1,499,,235043,8,,,1,70,,235044,8,,,1,32,,235045,8,,,1,70,,235046,8,,,1,30,,235047,8,,,1,70,,235048,8,,,1,30,,235049,8,,,1,70,,235050,8,,,1
72300,'723-Weekday-2-26-09-1111100',636,,235056,8,,,1,70,,235057,8,,,1,15,,235071,8,,,1,15,,235058,8,,,1,15,,235072,8,,,1,55,,235059,8,,,1,15,,235073,8,,,1,15,,235060,8,,,1,15,,235074,8,,,1,55,,235061,8,,,1,16,,235075,8,,,1,15,,235062,8,,,1,499,,235063,8,,,1,70,,235064,8,,,1,32,,235065,8,,,1,70,,235066,8,,,1,30,,235067,8,,,1,70,,235068,8,,,1,30,,235069,8,,,1,70,,235070,8,,,1
72300,'723-Weekday-3-26-09-1111100',636,,277613,8,,,1,70,,277614,8,,,1,15,,277628,8,,,1,15,,277615,8,,,1,15,,277629,8,,,1,55,,277616,8,,,1,15,,277630,8,,,1,15,,277617,8,,,1,15,,277631,8,,,1,55,,277618,8,,,1,16,,277632,8,,,1,15,,277619,8,,,1,499,,277620,8,,,1,70,,277621,8,,,1,32,,277622,8,,,1,70,,277623,8,,,1,30,,277624,8,,,1,70,,277625,8,,,1,30,,277626,8,,,1,70,,277627,8,,,1
72300,'723-Weekday-4-26-09-1111100',636,,235076,8,,,1,70,,235077,8,,,1,15,,235091,8,,,1,15,,235078,8,,,1,15,,235092,8,,,1,55,,235079,8,,,1,15,,235093,8,,,1,15,,235080,8,,,1,15,,235094,8,,,1,55,,235081,8,,,1,16,,235095,8,,,1,15,,235082,8,,,1,499,,235083,8,,,1,70,,235084,8,,,1,32,,235085,8,,,1,70,,235086,8,,,1,30,,235087,8,,,1,70,,235088,8,,,1,30,,235089,8,,,1,70,,235090,8,,,1
72300,'723-Weekday-5-26-09-1111100',636,,277633,8,,,1,70,,277634,8,,,1,15,,277648,8,,,1,15,,277635,8,,,1,15,,277649,8,,,1,55,,277636,8,,,1,15,,277650,8,,,1,15,,277637,8,,,1,15,,277651,8,,,1,55,,277638,8,,,1,16,,277652,8,,,1,15,,277639,8,,,1,499,,277640,8,,,1,70,,277641,8,,,1,32,,277642,8,,,1,70,,277643,8,,,1,30,,277644,8,,,1,70,,277645,8,,,1,30,,277646,8,,,1,70,,277647,8,,,1
72300,'723-Weekday-6-26-09-1111100',636,,277653,8,,,1,70,,277654,8,,,1,15,,277668,8,,,1,15,,277655,8,,,1,15,,277669,8,,,1,55,,277656,8,,,1,15,,277670,8,,,1,15,,277657,8,,,1,15,,277671,8,,,1,55,,277658,8,,,1,16,,277672,8,,,1,15,,277659,8,,,1,499,,277660,8,,,1,70,,277661,8,,,1,32,,277662,8,,,1,70,,277663,8,,,1,30,,277664,8,,,1,70,,277665,8,,,1,30,,277666,8,,,1,70,,277667,8,,,1
72300,'723-Weekday-7-26-09-1111100',636,,277673,8,,,1,70,,277674,8,,,1,15,,277688,8,,,1,15,,277675,8,,,1,15,,277689,8,,,1,55,,277676,8,,,1,15,,277690,8,,,1,15,,277677,8,,,1,15,,277691,8,,,1,55,,277678,8,,,1,16,,277692,8,,,1,15,,277679,8,,,1,499,,277680,8,,,1,70,,277681,8,,,1,32,,277682,8,,,1,70,,277683,8,,,1,30,,277684,8,,,1,70,,277685,8,,,1,30,,277686,8,,,1,70,,277687,8,,,1
