52100,'521-Weekday-1-26-09-1111100',548,,225695,18,,,1,70,,225725,18,,,1,12,,225735,18,,,1,17,,225734,18,,,1,54,,225696,18,,,1,12,,225731,18,,,1,12,,225699,18,,,1,4,,225743,18,,,1,8,,225697,18,,,1,12,,225698,18,,,1,52,,225700,18,,,1,12,,225733,18,,,1,12,,225701,18,,,1,12,,225702,18,,,1,12,,225703,18,,,1,58,,225726,18,,,1,26,,225727,18,,,1,70,,225714,18,,,1,30,,225704,18,,,1,70,,225705,18,,,1,30,,225706,18,,,1,70,,225707,18,,,1,30,,225708,18,,,1,70,,225709,18,,,1,30,,225710,18,,,1,70,,225711,18,,,1,30,,225712,18,,,1,72,,225713,18,,,1,44,,225728,18,,,1,55,,225715,18,,,1,15,,225716,18,,,1,15,,225717,18,,,1,15,,225718,18,,,1,55,,225719,18,,,1,15,,225720,18,,,1,15,,225721,18,,,1,15,,225722,18,,,1,55,,225723,18,,,1,15,,225724,18,,,1,21,,225730,18,,,1,65,,225729,18,,,1,32,,225736,18,,,1,68,,225737,18,,,1,30,,225738,18,,,1,70,,225739,18,,,1,30,,225740,18,,,1,70,,225741,18,,,1,96,,225742,18,,,1,100,,225732,18,,,1
52100,'521-Weekday-2-26-09-1111100',548,,225744,18,,,1,70,,225774,18,,,1,12,,225784,18,,,1,17,,225783,18,,,1,54,,225745,18,,,1,12,,225780,18,,,1,12,,225748,18,,,1,4,,225792,18,,,1,8,,225746,18,,,1,12,,225747,18,,,1,52,,225749,18,,,1,12,,225782,18,,,1,12,,225750,18,,,1,12,,225751,18,,,1,12,,225752,18,,,1,58,,225775,18,,,1,26,,225776,18,,,1,70,,225763,18,,,1,30,,225753,18,,,1,70,,225754,18,,,1,30,,225755,18,,,1,70,,225756,18,,,1,30,,225757,18,,,1,70,,225758,18,,,1,30,,225759,18,,,1,70,,225760,18,,,1,30,,225761,18,,,1,72,,225762,18,,,1,44,,225777,18,,,1,55,,225764,18,,,1,15,,225765,18,,,1,15,,225766,18,,,1,15,,225767,18,,,1,55,,225768,18,,,1,15,,225769,18,,,1,15,,225770,18,,,1,15,,225771,18,,,1,55,,225772,18,,,1,15,,225773,18,,,1,21,,225779,18,,,1,65,,225778,18,,,1,32,,225785,18,,,1,68,,225786,18,,,1,30,,225787,18,,,1,70,,225788,18,,,1,30,,225789,18,,,1,70,,225790,18,,,1,96,,225791,18,,,1,100,,225781,18,,,1
52100,'521-Weekday-3-26-09-1111100',548,,268721,18,,,1,70,,268751,18,,,1,12,,268761,18,,,1,17,,268760,18,,,1,54,,268722,18,,,1,12,,268757,18,,,1,12,,268725,18,,,1,4,,268769,18,,,1,8,,268723,18,,,1,12,,268724,18,,,1,52,,268726,18,,,1,12,,268759,18,,,1,12,,268727,18,,,1,12,,268728,18,,,1,12,,268729,18,,,1,58,,268752,18,,,1,26,,268753,18,,,1,70,,268740,18,,,1,30,,268730,18,,,1,70,,268731,18,,,1,30,,268732,18,,,1,70,,268733,18,,,1,30,,268734,18,,,1,70,,268735,18,,,1,30,,268736,18,,,1,70,,268737,18,,,1,30,,268738,18,,,1,72,,268739,18,,,1,44,,268754,18,,,1,55,,268741,18,,,1,15,,268742,18,,,1,15,,268743,18,,,1,15,,268744,18,,,1,55,,268745,18,,,1,15,,268746,18,,,1,15,,268747,18,,,1,15,,268748,18,,,1,55,,268749,18,,,1,15,,268750,18,,,1,21,,268756,18,,,1,65,,268755,18,,,1,32,,268762,18,,,1,68,,268763,18,,,1,30,,268764,18,,,1,70,,268765,18,,,1,30,,268766,18,,,1,70,,268767,18,,,1,96,,268768,18,,,1,100,,268758,18,,,1
52100,'521-Weekday-4-26-09-1111100',548,,225793,18,,,1,70,,225823,18,,,1,12,,225833,18,,,1,17,,225832,18,,,1,54,,225794,18,,,1,12,,225829,18,,,1,12,,225797,18,,,1,12,,225795,18,,,1,12,,225796,18,,,1,52,,225798,18,,,1,12,,225831,18,,,1,12,,225799,18,,,1,12,,225800,18,,,1,12,,225801,18,,,1,58,,225824,18,,,1,26,,225825,18,,,1,70,,225812,18,,,1,30,,225802,18,,,1,70,,225803,18,,,1,30,,225804,18,,,1,70,,225805,18,,,1,30,,225806,18,,,1,70,,225807,18,,,1,30,,225808,18,,,1,70,,225809,18,,,1,30,,225810,18,,,1,72,,225811,18,,,1,44,,225826,18,,,1,55,,225813,18,,,1,15,,225814,18,,,1,15,,225815,18,,,1,15,,225816,18,,,1,55,,225817,18,,,1,15,,225818,18,,,1,15,,225819,18,,,1,15,,225820,18,,,1,55,,225821,18,,,1,15,,225822,18,,,1,21,,225828,18,,,1,65,,225827,18,,,1,32,,225834,18,,,1,68,,225835,18,,,1,30,,225836,18,,,1,70,,225837,18,,,1,30,,225838,18,,,1,70,,225839,18,,,1,96,,225840,18,,,1,100,,225830,18,,,1
52100,'521-Weekday-5-26-09-1111100',548,,268770,18,,,1,70,,268800,18,,,1,12,,268810,18,,,1,17,,268809,18,,,1,54,,268771,18,,,1,12,,268806,18,,,1,12,,268774,18,,,1,12,,268772,18,,,1,12,,268773,18,,,1,52,,268775,18,,,1,12,,268808,18,,,1,12,,268776,18,,,1,12,,268777,18,,,1,12,,268778,18,,,1,58,,268801,18,,,1,26,,268802,18,,,1,70,,268789,18,,,1,30,,268779,18,,,1,70,,268780,18,,,1,30,,268781,18,,,1,70,,268782,18,,,1,30,,268783,18,,,1,70,,268784,18,,,1,30,,268785,18,,,1,70,,268786,18,,,1,30,,268787,18,,,1,72,,268788,18,,,1,44,,268803,18,,,1,55,,268790,18,,,1,15,,268791,18,,,1,15,,268792,18,,,1,15,,268793,18,,,1,55,,268794,18,,,1,15,,268795,18,,,1,15,,268796,18,,,1,15,,268797,18,,,1,55,,268798,18,,,1,15,,268799,18,,,1,21,,268805,18,,,1,65,,268804,18,,,1,32,,268811,18,,,1,68,,268812,18,,,1,30,,268813,18,,,1,70,,268814,18,,,1,30,,268815,18,,,1,70,,268816,18,,,1,96,,268817,18,,,1,100,,268807,18,,,1
52100,'521-Weekday-6-26-09-1111100',548,,268818,18,,,1,70,,268848,18,,,1,12,,268858,18,,,1,17,,268857,18,,,1,54,,268819,18,,,1,12,,268854,18,,,1,12,,268822,18,,,1,4,,268866,18,,,1,8,,268820,18,,,1,12,,268821,18,,,1,52,,268823,18,,,1,12,,268856,18,,,1,12,,268824,18,,,1,12,,268825,18,,,1,12,,268826,18,,,1,58,,268849,18,,,1,26,,268850,18,,,1,70,,268837,18,,,1,30,,268827,18,,,1,70,,268828,18,,,1,30,,268829,18,,,1,70,,268830,18,,,1,30,,268831,18,,,1,70,,268832,18,,,1,30,,268833,18,,,1,70,,268834,18,,,1,30,,268835,18,,,1,72,,268836,18,,,1,44,,268851,18,,,1,55,,268838,18,,,1,15,,268839,18,,,1,15,,268840,18,,,1,15,,268841,18,,,1,55,,268842,18,,,1,15,,268843,18,,,1,15,,268844,18,,,1,15,,268845,18,,,1,55,,268846,18,,,1,15,,268847,18,,,1,21,,268853,18,,,1,65,,268852,18,,,1,32,,268859,18,,,1,68,,268860,18,,,1,30,,268861,18,,,1,70,,268862,18,,,1,30,,268863,18,,,1,70,,268864,18,,,1,96,,268865,18,,,1,100,,268855,18,,,1
52100,'521-Weekday-7-26-09-1111100',548,,268867,18,,,1,70,,268897,18,,,1,12,,268907,18,,,1,17,,268906,18,,,1,54,,268868,18,,,1,12,,268903,18,,,1,12,,268871,18,,,1,12,,268869,18,,,1,12,,268870,18,,,1,52,,268872,18,,,1,12,,268905,18,,,1,12,,268873,18,,,1,12,,268874,18,,,1,12,,268875,18,,,1,58,,268898,18,,,1,26,,268899,18,,,1,70,,268886,18,,,1,30,,268876,18,,,1,70,,268877,18,,,1,30,,268878,18,,,1,70,,268879,18,,,1,30,,268880,18,,,1,70,,268881,18,,,1,30,,268882,18,,,1,70,,268883,18,,,1,30,,268884,18,,,1,72,,268885,18,,,1,44,,268900,18,,,1,55,,268887,18,,,1,15,,268888,18,,,1,15,,268889,18,,,1,15,,268890,18,,,1,55,,268891,18,,,1,15,,268892,18,,,1,15,,268893,18,,,1,15,,268894,18,,,1,55,,268895,18,,,1,15,,268896,18,,,1,21,,268902,18,,,1,65,,268901,18,,,1,32,,268908,18,,,1,68,,268909,18,,,1,30,,268910,18,,,1,70,,268911,18,,,1,30,,268912,18,,,1,70,,268913,18,,,1,96,,268914,18,,,1,100,,268904,18,,,1
52100,'521-Saturday-1-26-09-0000010',815,,225860,18,,,1,28,,225861,18,,,1,69,,225862,18,,,1,30,,225863,18,,,1,70,,225841,18,,,1,30,,225842,18,,,1,70,,225843,18,,,1,30,,225844,18,,,1,70,,225845,18,,,1,30,,225846,18,,,1,70,,225847,18,,,1,30,,225848,18,,,1,70,,225849,18,,,1,30,,225850,18,,,1,70,,225851,18,,,1,30,,225852,18,,,1,70,,225854,18,,,1,31,,225855,18,,,1,69,,225856,18,,,1,30,,225853,18,,,1,70,,225857,18,,,1,30,,225858,18,,,1,70,,225859,18,,,1
52100,'521-Sunday-1-26-09-0000001',1012,,225864,18,,,1,30,,225865,18,,,1,70,,225866,18,,,1,30,,225867,18,,,1,70,,225868,18,,,1,30,,225869,18,,,1,70,,225870,18,,,1,30,,225871,18,,,1,70,,225872,18,,,1,30,,225873,18,,,1,70,,225874,18,,,1,30,,225875,18,,,1,70,,225876,18,,,1,30,,225877,18,,,1,69,,225878,18,,,1,30,,225879,18,,,1,70,,225880,18,,,1,30,,225881,18,,,1,70,,225882,18,,,1
63801,'638-Weekday-1-26-09-0001000',1252,,227619,18,,,1
63801,'638-Weekday-1-26-09-1110100',1544,,227620,18,,,1
63801,'638-Weekday-1-26-09-1111100',1608,,227621,18,,,1
63801,'638-Weekday-3-26-09-1111100',1608,,227622,18,,,1
63801,'638-Weekday-4-26-09-1110100',1544,,270443,18,,,1
63801,'638-Weekday-7-26-09-1110100',1544,,270444,18,,,1
63801,'638-Weekday-7-26-09-1111100',1608,,270445,18,,,1
66400,'664-Weekday-1-26-09-0001000',1456,,227752,25,,,1,44,,227753,25,,,1
66400,'664-Weekday-1-26-09-1110100',1537,,227756,25,,,1,3,,227757,25,,,1
66400,'664-Weekday-3-26-09-1110100',1537,,227758,25,,,1,3,,227759,25,,,1
66400,'664-Weekday-7-26-09-1110100',1537,,270558,25,,,1,3,,270559,25,,,1
