50100,'501-Weekday-1-26-09-1111100',608,,221207,15,,,1,31,,221208,15,,,1,70,,221240,15,,,1,15,,221209,15,,,1,15,,221237,15,,,1,15,,221210,15,,,1,55,,221243,15,,,1,15,,221211,15,,,1,15,,221244,15,,,1,74,,221213,15,,,1,34,,221214,15,,,1,74,,221215,15,,,1,34,,221216,15,,,1,74,,221217,15,,,1,74,,221218,15,,,1,34,,221219,15,,,1,74,,221220,15,,,1,34,,221221,15,,,1,74,,221242,15,,,1,35,,221241,15,,,1,57,,221238,15,,,1,15,,221222,15,,,1,15,,221223,15,,,1,15,,221224,15,,,1,55,,221239,15,,,1,15,,221226,15,,,1,15,,221225,15,,,1,15,,221228,15,,,1,55,,221245,15,,,1,15,,221246,15,,,1,15,,221247,15,,,1,70,,221229,15,,,1,29,,221230,15,,,1,71,,221231,15,,,1,31,,221232,15,,,1,71,,221233,15,,,1,31,,221234,15,,,1,71,,221235,15,,,1,31,,221236,15,,,1,100,,221227,15,,,1,100,,221212,15,,,1
50100,'501-Weekday-2-26-09-1111100',608,,221248,15,,,1,31,,221249,15,,,1,70,,221281,15,,,1,15,,221250,15,,,1,15,,221278,15,,,1,15,,221251,15,,,1,55,,221284,15,,,1,15,,221252,15,,,1,15,,221285,15,,,1,74,,221254,15,,,1,34,,221255,15,,,1,74,,221256,15,,,1,34,,221257,15,,,1,74,,221258,15,,,1,74,,221259,15,,,1,34,,221260,15,,,1,74,,221261,15,,,1,34,,221262,15,,,1,74,,221283,15,,,1,35,,221282,15,,,1,57,,221279,15,,,1,15,,221263,15,,,1,15,,221264,15,,,1,15,,221265,15,,,1,55,,221280,15,,,1,15,,221267,15,,,1,15,,221266,15,,,1,15,,221269,15,,,1,55,,221286,15,,,1,15,,221287,15,,,1,15,,221288,15,,,1,70,,221270,15,,,1,29,,221271,15,,,1,71,,221272,15,,,1,31,,221273,15,,,1,71,,221274,15,,,1,31,,221275,15,,,1,71,,221276,15,,,1,31,,221277,15,,,1,100,,221268,15,,,1,100,,221253,15,,,1
50100,'501-Weekday-3-26-09-1111100',608,,264505,15,,,1,31,,264506,15,,,1,70,,264538,15,,,1,15,,264507,15,,,1,15,,264535,15,,,1,15,,264508,15,,,1,55,,264541,15,,,1,15,,264509,15,,,1,15,,264542,15,,,1,74,,264511,15,,,1,34,,264512,15,,,1,74,,264513,15,,,1,34,,264514,15,,,1,74,,264515,15,,,1,74,,264516,15,,,1,34,,264517,15,,,1,74,,264518,15,,,1,34,,264519,15,,,1,74,,264540,15,,,1,35,,264539,15,,,1,57,,264536,15,,,1,15,,264520,15,,,1,15,,264521,15,,,1,15,,264522,15,,,1,55,,264537,15,,,1,15,,264524,15,,,1,15,,264523,15,,,1,15,,264526,15,,,1,55,,264543,15,,,1,15,,264544,15,,,1,15,,264545,15,,,1,70,,264527,15,,,1,29,,264528,15,,,1,71,,264529,15,,,1,31,,264530,15,,,1,71,,264531,15,,,1,31,,264532,15,,,1,71,,264533,15,,,1,31,,264534,15,,,1,100,,264525,15,,,1,100,,264510,15,,,1
50100,'501-Weekday-4-26-09-1111100',608,,221289,15,,,1,31,,221290,15,,,1,70,,221322,15,,,1,15,,221291,15,,,1,15,,221319,15,,,1,15,,221292,15,,,1,55,,221325,15,,,1,15,,221293,15,,,1,15,,221326,15,,,1,74,,221295,15,,,1,34,,221296,15,,,1,74,,221297,15,,,1,34,,221298,15,,,1,74,,221299,15,,,1,74,,221300,15,,,1,34,,221301,15,,,1,74,,221302,15,,,1,34,,221303,15,,,1,74,,221324,15,,,1,35,,221323,15,,,1,57,,221320,15,,,1,15,,221304,15,,,1,15,,221305,15,,,1,15,,221306,15,,,1,55,,221321,15,,,1,15,,221308,15,,,1,15,,221307,15,,,1,15,,221310,15,,,1,55,,221327,15,,,1,15,,221328,15,,,1,15,,221329,15,,,1,70,,221311,15,,,1,29,,221312,15,,,1,71,,221313,15,,,1,31,,221314,15,,,1,71,,221315,15,,,1,31,,221316,15,,,1,71,,221317,15,,,1,31,,221318,15,,,1,100,,221309,15,,,1,100,,221294,15,,,1
50100,'501-Weekday-5-26-09-1111100',608,,264546,15,,,1,31,,264547,15,,,1,70,,264579,15,,,1,15,,264548,15,,,1,15,,264576,15,,,1,15,,264549,15,,,1,55,,264582,15,,,1,15,,264550,15,,,1,15,,264583,15,,,1,74,,264552,15,,,1,34,,264553,15,,,1,74,,264554,15,,,1,34,,264555,15,,,1,74,,264556,15,,,1,74,,264557,15,,,1,34,,264558,15,,,1,74,,264559,15,,,1,34,,264560,15,,,1,74,,264581,15,,,1,35,,264580,15,,,1,57,,264577,15,,,1,15,,264561,15,,,1,15,,264562,15,,,1,15,,264563,15,,,1,55,,264578,15,,,1,15,,264565,15,,,1,15,,264564,15,,,1,15,,264567,15,,,1,55,,264584,15,,,1,15,,264585,15,,,1,15,,264586,15,,,1,70,,264568,15,,,1,29,,264569,15,,,1,71,,264570,15,,,1,31,,264571,15,,,1,71,,264572,15,,,1,31,,264573,15,,,1,71,,264574,15,,,1,31,,264575,15,,,1,100,,264566,15,,,1,100,,264551,15,,,1
50100,'501-Weekday-6-26-09-1111100',608,,264587,15,,,1,31,,264588,15,,,1,70,,264620,15,,,1,15,,264589,15,,,1,15,,264617,15,,,1,15,,264590,15,,,1,55,,264623,15,,,1,15,,264591,15,,,1,15,,264624,15,,,1,74,,264593,15,,,1,34,,264594,15,,,1,74,,264595,15,,,1,34,,264596,15,,,1,74,,264597,15,,,1,74,,264598,15,,,1,34,,264599,15,,,1,74,,264600,15,,,1,34,,264601,15,,,1,74,,264622,15,,,1,35,,264621,15,,,1,57,,264618,15,,,1,15,,264602,15,,,1,15,,264603,15,,,1,15,,264604,15,,,1,55,,264619,15,,,1,15,,264606,15,,,1,15,,264605,15,,,1,15,,264608,15,,,1,55,,264625,15,,,1,15,,264626,15,,,1,15,,264627,15,,,1,70,,264609,15,,,1,29,,264610,15,,,1,71,,264611,15,,,1,31,,264612,15,,,1,71,,264613,15,,,1,31,,264614,15,,,1,71,,264615,15,,,1,31,,264616,15,,,1,100,,264607,15,,,1,100,,264592,15,,,1
50100,'501-Weekday-7-26-09-1111100',608,,264628,15,,,1,31,,264629,15,,,1,70,,264661,15,,,1,15,,264630,15,,,1,15,,264658,15,,,1,15,,264631,15,,,1,55,,264664,15,,,1,15,,264632,15,,,1,15,,264665,15,,,1,74,,264634,15,,,1,34,,264635,15,,,1,74,,264636,15,,,1,34,,264637,15,,,1,74,,264638,15,,,1,74,,264639,15,,,1,34,,264640,15,,,1,74,,264641,15,,,1,34,,264642,15,,,1,74,,264663,15,,,1,35,,264662,15,,,1,57,,264659,15,,,1,15,,264643,15,,,1,15,,264644,15,,,1,15,,264645,15,,,1,55,,264660,15,,,1,15,,264647,15,,,1,15,,264646,15,,,1,15,,264649,15,,,1,55,,264666,15,,,1,15,,264667,15,,,1,15,,264668,15,,,1,70,,264650,15,,,1,29,,264651,15,,,1,71,,264652,15,,,1,31,,264653,15,,,1,71,,264654,15,,,1,31,,264655,15,,,1,71,,264656,15,,,1,31,,264657,15,,,1,100,,264648,15,,,1,100,,264633,15,,,1
50100,'501-Saturday-1-26-09-0000010',609,,221352,15,,,1,100,,221353,15,,,1,100,,221330,15,,,1,30,,221331,15,,,1,70,,221332,15,,,1,32,,221333,15,,,1,72,,221334,15,,,1,32,,221335,15,,,1,72,,221336,15,,,1,32,,221337,15,,,1,72,,221338,15,,,1,32,,221339,15,,,1,72,,221340,15,,,1,32,,221341,15,,,1,72,,221342,15,,,1,72,,221343,15,,,1,32,,221344,15,,,1,72,,221345,15,,,1,32,,221346,15,,,1,72,,221347,15,,,1,32,,221348,15,,,1,72,,221349,15,,,1,32,,221350,15,,,1,72,,221351,15,,,1
50100,'501-Sunday-1-26-09-0000001',617,,221354,15,,,1,100,,221355,15,,,1,100,,221356,15,,,1,100,,221357,15,,,1,100,,221358,15,,,1,30,,221359,15,,,1,70,,221360,15,,,1,30,,221361,15,,,1,70,,221362,15,,,1,30,,221363,15,,,1,70,,221364,15,,,1,30,,221365,15,,,1,70,,221366,15,,,1,30,,221367,15,,,1,70,,221368,15,,,1,30,,221369,15,,,1,70,,221370,15,,,1,30,,221371,15,,,1,70,,221372,15,,,1,30,,221373,15,,,1,70,,221374,15,,,1,30,,221375,15,,,1,70,,221376,15,,,1
52500,'525-Weekday-1-26-09-1111100',942,,226694,6,,,1,70,,226695,6,,,1,30,,226696,6,,,1,70,,226697,6,,,1,30,,226698,6,,,1,70,,226699,6,,,1,30,,226700,6,,,1,70,,226701,6,,,1,30,,226702,6,,,1,70,,226703,6,,,1,30,,226704,6,,,1,103,,226705,6,,,1,100,,226706,6,,,1,100,,226707,6,,,1
52500,'525-Weekday-2-26-09-1111100',942,,226708,6,,,1,70,,226709,6,,,1,30,,226710,6,,,1,70,,226711,6,,,1,30,,226712,6,,,1,70,,226713,6,,,1,30,,226714,6,,,1,70,,226715,6,,,1,30,,226716,6,,,1,70,,226717,6,,,1,30,,226718,6,,,1,103,,226719,6,,,1,100,,226720,6,,,1,100,,226721,6,,,1
52500,'525-Weekday-3-26-09-1111100',942,,269677,6,,,1,70,,269678,6,,,1,30,,269679,6,,,1,70,,269680,6,,,1,30,,269681,6,,,1,70,,269682,6,,,1,30,,269683,6,,,1,70,,269684,6,,,1,30,,269685,6,,,1,70,,269686,6,,,1,30,,269687,6,,,1,103,,269688,6,,,1,100,,269689,6,,,1,100,,269690,6,,,1
52500,'525-Weekday-4-26-09-1111100',942,,226722,6,,,1,70,,226723,6,,,1,30,,226724,6,,,1,70,,226725,6,,,1,30,,226726,6,,,1,70,,226727,6,,,1,30,,226728,6,,,1,70,,226729,6,,,1,30,,226730,6,,,1,70,,226731,6,,,1,30,,226732,6,,,1,103,,226733,6,,,1,100,,226734,6,,,1,100,,226735,6,,,1
52500,'525-Weekday-5-26-09-1111100',942,,269691,6,,,1,70,,269692,6,,,1,30,,269693,6,,,1,70,,269694,6,,,1,30,,269695,6,,,1,70,,269696,6,,,1,30,,269697,6,,,1,70,,269698,6,,,1,30,,269699,6,,,1,70,,269700,6,,,1,30,,269701,6,,,1,103,,269702,6,,,1,100,,269703,6,,,1,100,,269704,6,,,1
52500,'525-Weekday-6-26-09-1111100',942,,269705,6,,,1,70,,269706,6,,,1,30,,269707,6,,,1,70,,269708,6,,,1,30,,269709,6,,,1,70,,269710,6,,,1,30,,269711,6,,,1,70,,269712,6,,,1,30,,269713,6,,,1,70,,269714,6,,,1,30,,269715,6,,,1,103,,269716,6,,,1,100,,269717,6,,,1,100,,269718,6,,,1
52500,'525-Weekday-7-26-09-1111100',942,,269719,6,,,1,70,,269720,6,,,1,30,,269721,6,,,1,70,,269722,6,,,1,30,,269723,6,,,1,70,,269724,6,,,1,30,,269725,6,,,1,70,,269726,6,,,1,30,,269727,6,,,1,70,,269728,6,,,1,30,,269729,6,,,1,103,,269730,6,,,1,100,,269731,6,,,1,100,,269732,6,,,1
52500,'525-Saturday-1-26-09-0000010',1114,,226736,6,,,1,100,,226737,6,,,1,100,,226738,6,,,1,100,,226739,6,,,1,100,,226740,6,,,1,100,,226741,6,,,1,100,,226742,6,,,1
52500,'525-Sunday-1-26-09-0000001',1113,,226743,6,,,1,100,,226744,6,,,1,100,,226745,6,,,1,100,,226746,6,,,1,100,,226747,6,,,1,100,,226748,6,,,1
