50101,'501-Weekday-1-26-09-0001000',1430,,221377,19,,,1
50101,'501-Weekday-1-26-09-1110100',1520,,221378,19,,,1
50101,'501-Weekday-1-26-09-1111100',612,,221379,19,,,1,32,,221380,19,,,1,76,,221381,19,,,1,15,,221382,19,,,1,15,,221407,19,,,1,55,,221383,19,,,1,15,,221384,19,,,1,15,,221385,19,,,1,15,,221421,19,,,1,55,,221422,19,,,1,15,,221387,19,,,1,32,,221388,19,,,1,74,,221389,19,,,1,74,,221390,19,,,1,34,,221391,19,,,1,74,,221392,19,,,1,34,,221409,19,,,1,74,,221393,19,,,1,34,,221394,19,,,1,74,,221395,19,,,1,34,,221396,19,,,1,63,,221408,19,,,1,15,,221386,19,,,1,15,,221411,19,,,1,57,,221412,19,,,1,15,,221413,19,,,1,15,,221414,19,,,1,15,,221415,19,,,1,55,,221416,19,,,1,15,,221417,19,,,1,15,,221397,19,,,1,15,,221398,19,,,1,55,,221418,19,,,1,15,,221419,19,,,1,25,,221420,19,,,1,66,,221399,19,,,1,31,,221400,19,,,1,71,,221401,19,,,1,31,,221402,19,,,1,71,,221403,19,,,1,31,,221404,19,,,1,69,,221410,19,,,1,100,,221406,19,,,1,100,,221405,19,,,1
50101,'501-Weekday-2-26-09-1110100',1520,,221423,19,,,1
50101,'501-Weekday-2-26-09-1111100',612,,221424,19,,,1,32,,221425,19,,,1,76,,221426,19,,,1,15,,221427,19,,,1,15,,221452,19,,,1,55,,221428,19,,,1,15,,221429,19,,,1,15,,221430,19,,,1,15,,221466,19,,,1,55,,221467,19,,,1,15,,221432,19,,,1,32,,221433,19,,,1,74,,221434,19,,,1,74,,221435,19,,,1,34,,221436,19,,,1,74,,221437,19,,,1,34,,221454,19,,,1,74,,221438,19,,,1,34,,221439,19,,,1,74,,221440,19,,,1,34,,221441,19,,,1,63,,221453,19,,,1,15,,221431,19,,,1,15,,221456,19,,,1,57,,221457,19,,,1,15,,221458,19,,,1,15,,221459,19,,,1,15,,221460,19,,,1,55,,221461,19,,,1,15,,221462,19,,,1,15,,221442,19,,,1,15,,221443,19,,,1,55,,221463,19,,,1,15,,221464,19,,,1,25,,221465,19,,,1,66,,221444,19,,,1,31,,221445,19,,,1,71,,221446,19,,,1,31,,221447,19,,,1,71,,221448,19,,,1,31,,221449,19,,,1,69,,221455,19,,,1,100,,221451,19,,,1,100,,221450,19,,,1
50101,'501-Weekday-3-26-09-1111100',612,,264669,19,,,1,32,,264670,19,,,1,76,,264671,19,,,1,15,,264672,19,,,1,15,,264697,19,,,1,55,,264673,19,,,1,15,,264674,19,,,1,15,,264675,19,,,1,15,,264711,19,,,1,55,,264712,19,,,1,15,,264677,19,,,1,32,,264678,19,,,1,74,,264679,19,,,1,74,,264680,19,,,1,34,,264681,19,,,1,74,,264682,19,,,1,34,,264699,19,,,1,74,,264683,19,,,1,34,,264684,19,,,1,74,,264685,19,,,1,34,,264686,19,,,1,63,,264698,19,,,1,15,,264676,19,,,1,15,,264701,19,,,1,57,,264702,19,,,1,15,,264703,19,,,1,15,,264704,19,,,1,15,,264705,19,,,1,55,,264706,19,,,1,15,,264707,19,,,1,15,,264687,19,,,1,15,,264688,19,,,1,55,,264708,19,,,1,15,,264709,19,,,1,25,,264710,19,,,1,66,,264689,19,,,1,31,,264690,19,,,1,71,,264691,19,,,1,31,,264692,19,,,1,71,,264693,19,,,1,31,,264694,19,,,1,69,,264700,19,,,1,100,,264696,19,,,1,100,,264695,19,,,1
50101,'501-Weekday-4-26-09-1111100',612,,221468,19,,,1,32,,221469,19,,,1,76,,221470,19,,,1,15,,221471,19,,,1,15,,221496,19,,,1,55,,221472,19,,,1,15,,221473,19,,,1,15,,221474,19,,,1,15,,221510,19,,,1,55,,221511,19,,,1,15,,221476,19,,,1,32,,221477,19,,,1,74,,221478,19,,,1,74,,221479,19,,,1,34,,221480,19,,,1,74,,221481,19,,,1,34,,221498,19,,,1,74,,221482,19,,,1,34,,221483,19,,,1,74,,221484,19,,,1,34,,221485,19,,,1,63,,221497,19,,,1,15,,221475,19,,,1,15,,221500,19,,,1,57,,221501,19,,,1,15,,221502,19,,,1,15,,221503,19,,,1,15,,221504,19,,,1,55,,221505,19,,,1,15,,221506,19,,,1,15,,221486,19,,,1,15,,221487,19,,,1,55,,221507,19,,,1,15,,221508,19,,,1,25,,221509,19,,,1,66,,221488,19,,,1,31,,221489,19,,,1,71,,221490,19,,,1,31,,221491,19,,,1,71,,221492,19,,,1,31,,221493,19,,,1,69,,221499,19,,,1,100,,221495,19,,,1,100,,221494,19,,,1
50101,'501-Weekday-5-26-09-1111100',612,,264713,19,,,1,32,,264714,19,,,1,76,,264715,19,,,1,15,,264716,19,,,1,15,,264741,19,,,1,55,,264717,19,,,1,15,,264718,19,,,1,15,,264719,19,,,1,15,,264755,19,,,1,55,,264756,19,,,1,15,,264721,19,,,1,32,,264722,19,,,1,74,,264723,19,,,1,74,,264724,19,,,1,34,,264725,19,,,1,74,,264726,19,,,1,34,,264743,19,,,1,74,,264727,19,,,1,34,,264728,19,,,1,74,,264729,19,,,1,34,,264730,19,,,1,63,,264742,19,,,1,15,,264720,19,,,1,15,,264745,19,,,1,57,,264746,19,,,1,15,,264747,19,,,1,15,,264748,19,,,1,15,,264749,19,,,1,55,,264750,19,,,1,15,,264751,19,,,1,15,,264731,19,,,1,15,,264732,19,,,1,55,,264752,19,,,1,15,,264753,19,,,1,25,,264754,19,,,1,66,,264733,19,,,1,31,,264734,19,,,1,71,,264735,19,,,1,31,,264736,19,,,1,71,,264737,19,,,1,31,,264738,19,,,1,69,,264744,19,,,1,100,,264740,19,,,1,100,,264739,19,,,1
50101,'501-Weekday-6-26-09-1110100',1520,,264757,19,,,1
50101,'501-Weekday-6-26-09-1111100',612,,264758,19,,,1,32,,264759,19,,,1,76,,264760,19,,,1,15,,264761,19,,,1,15,,264786,19,,,1,55,,264762,19,,,1,15,,264763,19,,,1,15,,264764,19,,,1,15,,264800,19,,,1,55,,264801,19,,,1,15,,264766,19,,,1,32,,264767,19,,,1,74,,264768,19,,,1,74,,264769,19,,,1,34,,264770,19,,,1,74,,264771,19,,,1,34,,264788,19,,,1,74,,264772,19,,,1,34,,264773,19,,,1,74,,264774,19,,,1,34,,264775,19,,,1,63,,264787,19,,,1,15,,264765,19,,,1,15,,264790,19,,,1,57,,264791,19,,,1,15,,264792,19,,,1,15,,264793,19,,,1,15,,264794,19,,,1,55,,264795,19,,,1,15,,264796,19,,,1,15,,264776,19,,,1,15,,264777,19,,,1,55,,264797,19,,,1,15,,264798,19,,,1,25,,264799,19,,,1,66,,264778,19,,,1,31,,264779,19,,,1,71,,264780,19,,,1,31,,264781,19,,,1,71,,264782,19,,,1,31,,264783,19,,,1,69,,264789,19,,,1,100,,264785,19,,,1,100,,264784,19,,,1
50101,'501-Weekday-7-26-09-1111100',612,,264802,19,,,1,32,,264803,19,,,1,76,,264804,19,,,1,15,,264805,19,,,1,15,,264830,19,,,1,55,,264806,19,,,1,15,,264807,19,,,1,15,,264808,19,,,1,15,,264844,19,,,1,55,,264845,19,,,1,15,,264810,19,,,1,32,,264811,19,,,1,74,,264812,19,,,1,74,,264813,19,,,1,34,,264814,19,,,1,74,,264815,19,,,1,34,,264832,19,,,1,74,,264816,19,,,1,34,,264817,19,,,1,74,,264818,19,,,1,34,,264819,19,,,1,63,,264831,19,,,1,15,,264809,19,,,1,15,,264834,19,,,1,57,,264835,19,,,1,15,,264836,19,,,1,15,,264837,19,,,1,15,,264838,19,,,1,55,,264839,19,,,1,15,,264840,19,,,1,15,,264820,19,,,1,15,,264821,19,,,1,55,,264841,19,,,1,15,,264842,19,,,1,25,,264843,19,,,1,66,,264822,19,,,1,31,,264823,19,,,1,71,,264824,19,,,1,31,,264825,19,,,1,71,,264826,19,,,1,31,,264827,19,,,1,69,,264833,19,,,1,100,,264829,19,,,1,100,,264828,19,,,1
50101,'501-Saturday-1-26-09-0000010',640,,221534,19,,,1,100,,221535,19,,,1,70,,221512,19,,,1,30,,221513,19,,,1,72,,221514,19,,,1,32,,221515,19,,,1,72,,221516,19,,,1,32,,221517,19,,,1,72,,221518,19,,,1,32,,221519,19,,,1,72,,221520,19,,,1,32,,221521,19,,,1,72,,221522,19,,,1,72,,221523,19,,,1,32,,221524,19,,,1,72,,221525,19,,,1,32,,221526,19,,,1,72,,221527,19,,,1,32,,221528,19,,,1,72,,221529,19,,,1,32,,221530,19,,,1,72,,221532,19,,,1,32,,221531,19,,,1,72,,221533,19,,,1
50101,'501-Sunday-1-26-09-0000001',649,,221557,19,,,1,100,,221558,19,,,1,100,,221536,19,,,1,101,,221537,19,,,1,70,,221538,19,,,1,30,,221539,19,,,1,70,,221540,19,,,1,30,,221541,19,,,1,70,,221542,19,,,1,30,,221543,19,,,1,70,,221544,19,,,1,30,,221545,19,,,1,70,,221546,19,,,1,30,,221547,19,,,1,70,,221548,19,,,1,30,,221549,19,,,1,70,,221550,19,,,1,30,,221551,19,,,1,70,,221552,19,,,1,30,,221553,19,,,1,70,,221554,19,,,1,30,,221555,19,,,1,70,,221556,19,,,1
