51500,'515-Weekday-1-26-09-1110100',1543,,223522,24,,,1
51500,'515-Weekday-1-26-09-1111100',552,,223523,24,,,1,70,,223564,24,,,1,33,,223556,24,,,1,55,,223569,24,,,1,15,,223560,24,,,1,15,,223561,24,,,1,15,,223524,24,,,1,55,,223570,24,,,1,15,,223525,24,,,1,15,,223526,24,,,1,60,,223527,24,,,1,20,,223550,24,,,1,20,,223528,24,,,1,60,,223529,24,,,1,20,,223551,24,,,1,20,,223530,24,,,1,60,,223531,24,,,1,20,,223552,24,,,1,20,,223532,24,,,1,60,,223533,24,,,1,20,,223553,24,,,1,20,,223534,24,,,1,60,,223535,24,,,1,20,,223554,24,,,1,20,,223536,24,,,1,60,,223537,24,,,1,20,,223555,24,,,1,20,,223538,24,,,1,60,,223539,24,,,1,18,,223568,24,,,1,16,,223571,24,,,1,15,,223558,24,,,1,55,,223565,24,,,1,15,,223559,24,,,1,15,,223572,24,,,1,15,,223557,24,,,1,55,,223566,24,,,1,15,,223567,24,,,1,15,,223573,24,,,1,15,,223540,24,,,1,70,,223562,24,,,1,27,,223541,24,,,1,69,,223542,24,,,1,30,,223543,24,,,1,70,,223544,24,,,1,30,,223545,24,,,1,70,,223546,24,,,1,30,,223547,24,,,1,68,,223563,24,,,1,100,,223548,24,,,1,100,,223549,24,,,1
51500,'515-Weekday-2-26-09-1110100',1543,,223574,24,,,1
51500,'515-Weekday-2-26-09-1111100',552,,223575,24,,,1,70,,223616,24,,,1,33,,223608,24,,,1,55,,223621,24,,,1,15,,223612,24,,,1,15,,223613,24,,,1,15,,223576,24,,,1,55,,223622,24,,,1,15,,223577,24,,,1,15,,223578,24,,,1,60,,223579,24,,,1,20,,223602,24,,,1,20,,223580,24,,,1,60,,223581,24,,,1,20,,223603,24,,,1,20,,223582,24,,,1,60,,223583,24,,,1,20,,223604,24,,,1,20,,223584,24,,,1,60,,223585,24,,,1,20,,223605,24,,,1,20,,223586,24,,,1,60,,223587,24,,,1,20,,223606,24,,,1,20,,223588,24,,,1,60,,223589,24,,,1,20,,223607,24,,,1,20,,223590,24,,,1,60,,223591,24,,,1,18,,223620,24,,,1,16,,223623,24,,,1,15,,223610,24,,,1,55,,223617,24,,,1,15,,223611,24,,,1,15,,223624,24,,,1,15,,223609,24,,,1,55,,223618,24,,,1,15,,223619,24,,,1,15,,223625,24,,,1,15,,223592,24,,,1,70,,223614,24,,,1,27,,223593,24,,,1,69,,223594,24,,,1,30,,223595,24,,,1,70,,223596,24,,,1,30,,223597,24,,,1,70,,223598,24,,,1,30,,223599,24,,,1,68,,223615,24,,,1,100,,223600,24,,,1,100,,223601,24,,,1
51500,'515-Weekday-3-26-09-1111100',552,,266752,24,,,1,70,,266793,24,,,1,33,,266785,24,,,1,55,,266798,24,,,1,15,,266789,24,,,1,15,,266790,24,,,1,15,,266753,24,,,1,55,,266799,24,,,1,15,,266754,24,,,1,15,,266755,24,,,1,60,,266756,24,,,1,20,,266779,24,,,1,20,,266757,24,,,1,60,,266758,24,,,1,20,,266780,24,,,1,20,,266759,24,,,1,60,,266760,24,,,1,20,,266781,24,,,1,20,,266761,24,,,1,60,,266762,24,,,1,20,,266782,24,,,1,20,,266763,24,,,1,60,,266764,24,,,1,20,,266783,24,,,1,20,,266765,24,,,1,60,,266766,24,,,1,20,,266784,24,,,1,20,,266767,24,,,1,60,,266768,24,,,1,18,,266797,24,,,1,16,,266800,24,,,1,15,,266787,24,,,1,55,,266794,24,,,1,15,,266788,24,,,1,15,,266801,24,,,1,15,,266786,24,,,1,55,,266795,24,,,1,15,,266796,24,,,1,15,,266802,24,,,1,15,,266769,24,,,1,70,,266791,24,,,1,27,,266770,24,,,1,69,,266771,24,,,1,30,,266772,24,,,1,70,,266773,24,,,1,30,,266774,24,,,1,70,,266775,24,,,1,30,,266776,24,,,1,68,,266792,24,,,1,100,,266777,24,,,1,100,,266778,24,,,1
51500,'515-Weekday-4-26-09-1111100',552,,223626,24,,,1,70,,223667,24,,,1,33,,223659,24,,,1,55,,223672,24,,,1,15,,223663,24,,,1,15,,223664,24,,,1,15,,223627,24,,,1,55,,223673,24,,,1,15,,223628,24,,,1,15,,223629,24,,,1,60,,223630,24,,,1,20,,223653,24,,,1,20,,223631,24,,,1,60,,223632,24,,,1,20,,223654,24,,,1,20,,223633,24,,,1,60,,223634,24,,,1,20,,223655,24,,,1,20,,223635,24,,,1,60,,223636,24,,,1,20,,223656,24,,,1,20,,223637,24,,,1,60,,223638,24,,,1,20,,223657,24,,,1,20,,223639,24,,,1,60,,223640,24,,,1,20,,223658,24,,,1,20,,223641,24,,,1,60,,223642,24,,,1,18,,223671,24,,,1,16,,223674,24,,,1,15,,223661,24,,,1,55,,223668,24,,,1,15,,223662,24,,,1,15,,223675,24,,,1,15,,223660,24,,,1,55,,223669,24,,,1,15,,223670,24,,,1,15,,223676,24,,,1,15,,223643,24,,,1,70,,223665,24,,,1,27,,223644,24,,,1,69,,223645,24,,,1,30,,223646,24,,,1,70,,223647,24,,,1,30,,223648,24,,,1,70,,223649,24,,,1,30,,223650,24,,,1,68,,223666,24,,,1,100,,223651,24,,,1,100,,223652,24,,,1
51500,'515-Weekday-5-26-09-1111100',552,,266803,24,,,1,70,,266844,24,,,1,33,,266836,24,,,1,55,,266849,24,,,1,15,,266840,24,,,1,15,,266841,24,,,1,15,,266804,24,,,1,55,,266850,24,,,1,15,,266805,24,,,1,15,,266806,24,,,1,60,,266807,24,,,1,20,,266830,24,,,1,20,,266808,24,,,1,60,,266809,24,,,1,20,,266831,24,,,1,20,,266810,24,,,1,60,,266811,24,,,1,20,,266832,24,,,1,20,,266812,24,,,1,60,,266813,24,,,1,20,,266833,24,,,1,20,,266814,24,,,1,60,,266815,24,,,1,20,,266834,24,,,1,20,,266816,24,,,1,60,,266817,24,,,1,20,,266835,24,,,1,20,,266818,24,,,1,60,,266819,24,,,1,18,,266848,24,,,1,16,,266851,24,,,1,15,,266838,24,,,1,55,,266845,24,,,1,15,,266839,24,,,1,15,,266852,24,,,1,15,,266837,24,,,1,55,,266846,24,,,1,15,,266847,24,,,1,15,,266853,24,,,1,15,,266820,24,,,1,70,,266842,24,,,1,27,,266821,24,,,1,69,,266822,24,,,1,30,,266823,24,,,1,70,,266824,24,,,1,30,,266825,24,,,1,70,,266826,24,,,1,30,,266827,24,,,1,68,,266843,24,,,1,100,,266828,24,,,1,100,,266829,24,,,1
51500,'515-Weekday-6-26-09-1110100',1543,,266854,24,,,1
51500,'515-Weekday-6-26-09-1111100',552,,266855,24,,,1,70,,266896,24,,,1,33,,266888,24,,,1,55,,266901,24,,,1,15,,266892,24,,,1,15,,266893,24,,,1,15,,266856,24,,,1,55,,266902,24,,,1,15,,266857,24,,,1,15,,266858,24,,,1,60,,266859,24,,,1,20,,266882,24,,,1,20,,266860,24,,,1,60,,266861,24,,,1,20,,266883,24,,,1,20,,266862,24,,,1,60,,266863,24,,,1,20,,266884,24,,,1,20,,266864,24,,,1,60,,266865,24,,,1,20,,266885,24,,,1,20,,266866,24,,,1,60,,266867,24,,,1,20,,266886,24,,,1,20,,266868,24,,,1,60,,266869,24,,,1,20,,266887,24,,,1,20,,266870,24,,,1,60,,266871,24,,,1,18,,266900,24,,,1,16,,266903,24,,,1,15,,266890,24,,,1,55,,266897,24,,,1,15,,266891,24,,,1,15,,266904,24,,,1,15,,266889,24,,,1,55,,266898,24,,,1,15,,266899,24,,,1,15,,266905,24,,,1,15,,266872,24,,,1,70,,266894,24,,,1,27,,266873,24,,,1,69,,266874,24,,,1,30,,266875,24,,,1,70,,266876,24,,,1,30,,266877,24,,,1,70,,266878,24,,,1,30,,266879,24,,,1,68,,266895,24,,,1,100,,266880,24,,,1,100,,266881,24,,,1
51500,'515-Weekday-7-26-09-1111100',552,,266906,24,,,1,70,,266947,24,,,1,33,,266939,24,,,1,55,,266952,24,,,1,15,,266943,24,,,1,15,,266944,24,,,1,15,,266907,24,,,1,55,,266953,24,,,1,15,,266908,24,,,1,15,,266909,24,,,1,60,,266910,24,,,1,20,,266933,24,,,1,20,,266911,24,,,1,60,,266912,24,,,1,20,,266934,24,,,1,20,,266913,24,,,1,60,,266914,24,,,1,20,,266935,24,,,1,20,,266915,24,,,1,60,,266916,24,,,1,20,,266936,24,,,1,20,,266917,24,,,1,60,,266918,24,,,1,20,,266937,24,,,1,20,,266919,24,,,1,60,,266920,24,,,1,20,,266938,24,,,1,20,,266921,24,,,1,60,,266922,24,,,1,18,,266951,24,,,1,16,,266954,24,,,1,15,,266941,24,,,1,55,,266948,24,,,1,15,,266942,24,,,1,15,,266955,24,,,1,15,,266940,24,,,1,55,,266949,24,,,1,15,,266950,24,,,1,15,,266956,24,,,1,15,,266923,24,,,1,70,,266945,24,,,1,27,,266924,24,,,1,69,,266925,24,,,1,30,,266926,24,,,1,70,,266927,24,,,1,30,,266928,24,,,1,70,,266929,24,,,1,30,,266930,24,,,1,68,,266946,24,,,1,100,,266931,24,,,1,100,,266932,24,,,1
51500,'515-Saturday-1-26-09-0000010',632,,223677,24,,,1,99,,223678,24,,,1,84,,223679,24,,,1,20,,223709,24,,,1,21,,223680,24,,,1,63,,223681,24,,,1,20,,223682,24,,,1,20,,223710,24,,,1,60,,223683,24,,,1,20,,223684,24,,,1,20,,223711,24,,,1,60,,223685,24,,,1,20,,223686,24,,,1,20,,223712,24,,,1,60,,223687,24,,,1,20,,223688,24,,,1,20,,223713,24,,,1,60,,223689,24,,,1,20,,223690,24,,,1,20,,223714,24,,,1,60,,223691,24,,,1,20,,223692,24,,,1,20,,223715,24,,,1,60,,223693,24,,,1,20,,223694,24,,,1,20,,223716,24,,,1,60,,223695,24,,,1,20,,223696,24,,,1,20,,223717,24,,,1,60,,223697,24,,,1,20,,223698,24,,,1,20,,223718,24,,,1,60,,223699,24,,,1,20,,223700,24,,,1,20,,223719,24,,,1,60,,223701,24,,,1,30,,223702,24,,,1,70,,223707,24,,,1,30,,223704,24,,,1,70,,223708,24,,,1,30,,223705,24,,,1,100,,223703,24,,,1,100,,223706,24,,,1
51500,'515-Sunday-1-26-09-0000001',631,,223720,24,,,1,100,,223721,24,,,1,100,,223722,24,,,1,101,,223723,24,,,1,85,,223724,24,,,1,20,,223725,24,,,1,20,,223749,24,,,1,60,,223726,24,,,1,20,,223727,24,,,1,20,,223750,24,,,1,60,,223728,24,,,1,20,,223729,24,,,1,20,,223751,24,,,1,60,,223730,24,,,1,20,,223731,24,,,1,20,,223752,24,,,1,60,,223732,24,,,1,20,,223733,24,,,1,20,,223753,24,,,1,60,,223734,24,,,1,20,,223735,24,,,1,20,,223754,24,,,1,60,,223736,24,,,1,20,,223737,24,,,1,20,,223755,24,,,1,60,,223738,24,,,1,22,,223739,24,,,1,20,,223756,24,,,1,60,,223740,24,,,1,20,,223741,24,,,1,20,,223757,24,,,1,60,,223742,24,,,1,30,,223745,24,,,1,70,,223743,24,,,1,30,,223746,24,,,1,70,,223747,24,,,1,100,,223744,24,,,1,100,,223748,24,,,1,100,,223758,24,,,1
63001,'630-Weekday-1-26-09-1110100',1608,,227572,45,4,,1
63001,'630-Weekday-3-26-09-1110100',1608,,227573,45,4,,1
63001,'630-Weekday-4-26-09-1110100',1608,,270399,45,4,,1
63001,'630-Weekday-7-26-09-1110100',1608,,270400,45,4,,1
63501,'635-Weekday-1-26-09-1111100',1628,,227602,55,4,,1
63501,'635-Weekday-3-26-09-1111100',1628,,227603,55,4,,1
63501,'635-Weekday-7-26-09-1111100',1628,,270433,55,4,,1
