50101,'501-Weekday-1-26-09-0001000',1419,,221377,5,,,1
50101,'501-Weekday-1-26-09-1110100',1508,,221378,5,,,1
50101,'501-Weekday-1-26-09-1111100',602,,221379,5,,,1,31,,221380,5,,,1,76,,221381,5,,,1,15,,221382,5,,,1,15,,221407,5,,,1,15,,221383,5,,,1,55,,221384,5,,,1,15,,221385,5,,,1,15,,221421,5,,,1,15,,221422,5,,,1,55,,221387,5,,,1,32,,221388,5,,,1,74,,221389,5,,,1,34,,221390,5,,,1,74,,221391,5,,,1,34,,221392,5,,,1,74,,221409,5,,,1,74,,221393,5,,,1,34,,221394,5,,,1,74,,221395,5,,,1,34,,221396,5,,,1,62,,221408,5,,,1,15,,221386,5,,,1,15,,221411,5,,,1,17,,221412,5,,,1,55,,221413,5,,,1,15,,221414,5,,,1,15,,221415,5,,,1,15,,221416,5,,,1,55,,221417,5,,,1,15,,221397,5,,,1,15,,221398,5,,,1,15,,221418,5,,,1,55,,221419,5,,,1,27,,221420,5,,,1,66,,221399,5,,,1,31,,221400,5,,,1,71,,221401,5,,,1,31,,221402,5,,,1,71,,221403,5,,,1,31,,221404,5,,,1,70,,221410,5,,,1,100,,221406,5,,,1,100,,221405,5,,,1
50101,'501-Weekday-2-26-09-1110100',1508,,221423,5,,,1
50101,'501-Weekday-2-26-09-1111100',602,,221424,5,,,1,31,,221425,5,,,1,76,,221426,5,,,1,15,,221427,5,,,1,15,,221452,5,,,1,15,,221428,5,,,1,55,,221429,5,,,1,15,,221430,5,,,1,15,,221466,5,,,1,15,,221467,5,,,1,55,,221432,5,,,1,32,,221433,5,,,1,74,,221434,5,,,1,34,,221435,5,,,1,74,,221436,5,,,1,34,,221437,5,,,1,74,,221454,5,,,1,74,,221438,5,,,1,34,,221439,5,,,1,74,,221440,5,,,1,34,,221441,5,,,1,62,,221453,5,,,1,15,,221431,5,,,1,15,,221456,5,,,1,17,,221457,5,,,1,55,,221458,5,,,1,15,,221459,5,,,1,15,,221460,5,,,1,15,,221461,5,,,1,55,,221462,5,,,1,15,,221442,5,,,1,15,,221443,5,,,1,15,,221463,5,,,1,55,,221464,5,,,1,27,,221465,5,,,1,66,,221444,5,,,1,31,,221445,5,,,1,71,,221446,5,,,1,31,,221447,5,,,1,71,,221448,5,,,1,31,,221449,5,,,1,70,,221455,5,,,1,100,,221451,5,,,1,100,,221450,5,,,1
50101,'501-Weekday-3-26-09-1111100',602,,264669,5,,,1,31,,264670,5,,,1,76,,264671,5,,,1,15,,264672,5,,,1,15,,264697,5,,,1,15,,264673,5,,,1,55,,264674,5,,,1,15,,264675,5,,,1,15,,264711,5,,,1,15,,264712,5,,,1,55,,264677,5,,,1,32,,264678,5,,,1,74,,264679,5,,,1,34,,264680,5,,,1,74,,264681,5,,,1,34,,264682,5,,,1,74,,264699,5,,,1,74,,264683,5,,,1,34,,264684,5,,,1,74,,264685,5,,,1,34,,264686,5,,,1,62,,264698,5,,,1,15,,264676,5,,,1,15,,264701,5,,,1,17,,264702,5,,,1,55,,264703,5,,,1,15,,264704,5,,,1,15,,264705,5,,,1,15,,264706,5,,,1,55,,264707,5,,,1,15,,264687,5,,,1,15,,264688,5,,,1,15,,264708,5,,,1,55,,264709,5,,,1,27,,264710,5,,,1,66,,264689,5,,,1,31,,264690,5,,,1,71,,264691,5,,,1,31,,264692,5,,,1,71,,264693,5,,,1,31,,264694,5,,,1,70,,264700,5,,,1,100,,264696,5,,,1,100,,264695,5,,,1
50101,'501-Weekday-4-26-09-1111100',602,,221468,5,,,1,31,,221469,5,,,1,76,,221470,5,,,1,15,,221471,5,,,1,15,,221496,5,,,1,15,,221472,5,,,1,55,,221473,5,,,1,15,,221474,5,,,1,15,,221510,5,,,1,15,,221511,5,,,1,55,,221476,5,,,1,32,,221477,5,,,1,74,,221478,5,,,1,34,,221479,5,,,1,74,,221480,5,,,1,34,,221481,5,,,1,74,,221498,5,,,1,74,,221482,5,,,1,34,,221483,5,,,1,74,,221484,5,,,1,34,,221485,5,,,1,62,,221497,5,,,1,15,,221475,5,,,1,15,,221500,5,,,1,17,,221501,5,,,1,55,,221502,5,,,1,15,,221503,5,,,1,15,,221504,5,,,1,15,,221505,5,,,1,55,,221506,5,,,1,15,,221486,5,,,1,15,,221487,5,,,1,15,,221507,5,,,1,55,,221508,5,,,1,27,,221509,5,,,1,66,,221488,5,,,1,31,,221489,5,,,1,71,,221490,5,,,1,31,,221491,5,,,1,71,,221492,5,,,1,31,,221493,5,,,1,70,,221499,5,,,1,100,,221495,5,,,1,100,,221494,5,,,1
50101,'501-Weekday-5-26-09-1111100',602,,264713,5,,,1,31,,264714,5,,,1,76,,264715,5,,,1,15,,264716,5,,,1,15,,264741,5,,,1,15,,264717,5,,,1,55,,264718,5,,,1,15,,264719,5,,,1,15,,264755,5,,,1,15,,264756,5,,,1,55,,264721,5,,,1,32,,264722,5,,,1,74,,264723,5,,,1,34,,264724,5,,,1,74,,264725,5,,,1,34,,264726,5,,,1,74,,264743,5,,,1,74,,264727,5,,,1,34,,264728,5,,,1,74,,264729,5,,,1,34,,264730,5,,,1,62,,264742,5,,,1,15,,264720,5,,,1,15,,264745,5,,,1,17,,264746,5,,,1,55,,264747,5,,,1,15,,264748,5,,,1,15,,264749,5,,,1,15,,264750,5,,,1,55,,264751,5,,,1,15,,264731,5,,,1,15,,264732,5,,,1,15,,264752,5,,,1,55,,264753,5,,,1,27,,264754,5,,,1,66,,264733,5,,,1,31,,264734,5,,,1,71,,264735,5,,,1,31,,264736,5,,,1,71,,264737,5,,,1,31,,264738,5,,,1,70,,264744,5,,,1,100,,264740,5,,,1,100,,264739,5,,,1
50101,'501-Weekday-6-26-09-1110100',1508,,264757,5,,,1
50101,'501-Weekday-6-26-09-1111100',602,,264758,5,,,1,31,,264759,5,,,1,76,,264760,5,,,1,15,,264761,5,,,1,15,,264786,5,,,1,15,,264762,5,,,1,55,,264763,5,,,1,15,,264764,5,,,1,15,,264800,5,,,1,15,,264801,5,,,1,55,,264766,5,,,1,32,,264767,5,,,1,74,,264768,5,,,1,34,,264769,5,,,1,74,,264770,5,,,1,34,,264771,5,,,1,74,,264788,5,,,1,74,,264772,5,,,1,34,,264773,5,,,1,74,,264774,5,,,1,34,,264775,5,,,1,62,,264787,5,,,1,15,,264765,5,,,1,15,,264790,5,,,1,17,,264791,5,,,1,55,,264792,5,,,1,15,,264793,5,,,1,15,,264794,5,,,1,15,,264795,5,,,1,55,,264796,5,,,1,15,,264776,5,,,1,15,,264777,5,,,1,15,,264797,5,,,1,55,,264798,5,,,1,27,,264799,5,,,1,66,,264778,5,,,1,31,,264779,5,,,1,71,,264780,5,,,1,31,,264781,5,,,1,71,,264782,5,,,1,31,,264783,5,,,1,70,,264789,5,,,1,100,,264785,5,,,1,100,,264784,5,,,1
50101,'501-Weekday-7-26-09-1111100',602,,264802,5,,,1,31,,264803,5,,,1,76,,264804,5,,,1,15,,264805,5,,,1,15,,264830,5,,,1,15,,264806,5,,,1,55,,264807,5,,,1,15,,264808,5,,,1,15,,264844,5,,,1,15,,264845,5,,,1,55,,264810,5,,,1,32,,264811,5,,,1,74,,264812,5,,,1,34,,264813,5,,,1,74,,264814,5,,,1,34,,264815,5,,,1,74,,264832,5,,,1,74,,264816,5,,,1,34,,264817,5,,,1,74,,264818,5,,,1,34,,264819,5,,,1,62,,264831,5,,,1,15,,264809,5,,,1,15,,264834,5,,,1,17,,264835,5,,,1,55,,264836,5,,,1,15,,264837,5,,,1,15,,264838,5,,,1,15,,264839,5,,,1,55,,264840,5,,,1,15,,264820,5,,,1,15,,264821,5,,,1,15,,264841,5,,,1,55,,264842,5,,,1,27,,264843,5,,,1,66,,264822,5,,,1,31,,264823,5,,,1,71,,264824,5,,,1,31,,264825,5,,,1,71,,264826,5,,,1,31,,264827,5,,,1,70,,264833,5,,,1,100,,264829,5,,,1,100,,264828,5,,,1
50101,'501-Saturday-1-26-09-0000010',631,,221534,5,,,1,100,,221535,5,,,1,70,,221512,5,,,1,30,,221513,5,,,1,70,,221514,5,,,1,32,,221515,5,,,1,72,,221516,5,,,1,32,,221517,5,,,1,72,,221518,5,,,1,32,,221519,5,,,1,72,,221520,5,,,1,32,,221521,5,,,1,72,,221522,5,,,1,32,,221523,5,,,1,72,,221524,5,,,1,32,,221525,5,,,1,72,,221526,5,,,1,32,,221527,5,,,1,72,,221528,5,,,1,72,,221529,5,,,1,32,,221530,5,,,1,72,,221532,5,,,1,32,,221531,5,,,1,72,,221533,5,,,1
50101,'501-Sunday-1-26-09-0000001',640,,221557,5,,,1,100,,221558,5,,,1,100,,221536,5,,,1,100,,221537,5,,,1,70,,221538,5,,,1,30,,221539,5,,,1,70,,221540,5,,,1,30,,221541,5,,,1,70,,221542,5,,,1,30,,221543,5,,,1,70,,221544,5,,,1,30,,221545,5,,,1,70,,221546,5,,,1,30,,221547,5,,,1,70,,221548,5,,,1,30,,221549,5,,,1,70,,221550,5,,,1,30,,221551,5,,,1,70,,221552,5,,,1,30,,221553,5,,,1,70,,221554,5,,,1,30,,221555,5,,,1,70,,221556,5,,,1
63001,'630-Weekday-1-26-09-1110100',1521,,227572,2,,,1
63001,'630-Weekday-3-26-09-1110100',1521,,227573,2,,,1
63001,'630-Weekday-4-26-09-1110100',1521,,270399,2,,,1
63001,'630-Weekday-7-26-09-1110100',1521,,270400,2,,,1
63101,'631-Weekday-1-26-09-0001000',1219,,227576,2,,,1
63101,'631-Weekday-1-26-09-1110100',1522,,227577,2,,,1
63101,'631-Weekday-3-26-09-1110100',1522,,227578,2,,,1
63101,'631-Weekday-4-26-09-1110100',1522,,270403,2,,,1
63101,'631-Weekday-7-26-09-1110100',1522,,270404,2,,,1
