91600,'916-Weekday-1-26-09-0001000',1521,,239928,39,,,1
91600,'916-Weekday-1-26-09-1111100',604,,239929,39,,,1,30,,239930,39,,,1,8,,239971,39,,,1,9,,239968,39,,,1,7,,239972,39,,,1,48,,239931,39,,,1,7,,239973,39,,,1,8,,239962,39,,,1,7,,239974,39,,,1,8,,239932,39,,,1,7,,239975,39,,,1,8,,239933,39,,,1,7,,239976,39,,,1,42,,239977,39,,,1,6,,239963,39,,,1,7,,239969,39,,,1,8,,239970,39,,,1,7,,239979,39,,,1,18,,239978,39,,,1,69,,239934,39,,,1,31,,239935,39,,,1,70,,239936,39,,,1,30,,239937,39,,,1,70,,239938,39,,,1,30,,239939,39,,,1,70,,239940,39,,,1,30,,239941,39,,,1,70,,239942,39,,,1,30,,239943,39,,,1,70,,239944,39,,,1,30,,239945,39,,,1,70,,239967,39,,,1,22,,239946,39,,,1,20,,239964,39,,,1,61,,239947,39,,,1,19,,239948,39,,,1,20,,239965,39,,,1,61,,239949,39,,,1,19,,239966,39,,,1,20,,239950,39,,,1,61,,239951,39,,,1,21,,239952,39,,,1,69,,239953,39,,,1,31,,239954,39,,,1,70,,239955,39,,,1,30,,239956,39,,,1,70,,239957,39,,,1,30,,239958,39,,,1,82,,239959,39,,,1,100,,239960,39,,,1,100,,239961,39,,,1
91600,'916-Weekday-2-26-09-1111100',604,,239980,39,,,1,30,,239981,39,,,1,8,,240022,39,,,1,9,,240019,39,,,1,7,,240023,39,,,1,48,,239982,39,,,1,7,,240024,39,,,1,8,,240013,39,,,1,7,,240025,39,,,1,8,,239983,39,,,1,7,,240026,39,,,1,8,,239984,39,,,1,7,,240027,39,,,1,42,,240028,39,,,1,6,,240014,39,,,1,7,,240020,39,,,1,8,,240021,39,,,1,7,,240030,39,,,1,18,,240029,39,,,1,69,,239985,39,,,1,31,,239986,39,,,1,70,,239987,39,,,1,30,,239988,39,,,1,70,,239989,39,,,1,30,,239990,39,,,1,70,,239991,39,,,1,30,,239992,39,,,1,70,,239993,39,,,1,30,,239994,39,,,1,70,,239995,39,,,1,30,,239996,39,,,1,70,,240018,39,,,1,22,,239997,39,,,1,20,,240015,39,,,1,61,,239998,39,,,1,19,,239999,39,,,1,20,,240016,39,,,1,61,,240000,39,,,1,19,,240017,39,,,1,20,,240001,39,,,1,61,,240002,39,,,1,21,,240003,39,,,1,69,,240004,39,,,1,31,,240005,39,,,1,70,,240006,39,,,1,30,,240007,39,,,1,70,,240008,39,,,1,30,,240009,39,,,1,82,,240010,39,,,1,100,,240011,39,,,1,100,,240012,39,,,1
91600,'916-Weekday-3-26-09-1111100',604,,282494,39,,,1,30,,282495,39,,,1,8,,282536,39,,,1,9,,282533,39,,,1,7,,282537,39,,,1,48,,282496,39,,,1,7,,282538,39,,,1,8,,282527,39,,,1,7,,282539,39,,,1,8,,282497,39,,,1,7,,282540,39,,,1,8,,282498,39,,,1,7,,282541,39,,,1,42,,282542,39,,,1,6,,282528,39,,,1,7,,282534,39,,,1,8,,282535,39,,,1,7,,282544,39,,,1,18,,282543,39,,,1,69,,282499,39,,,1,31,,282500,39,,,1,70,,282501,39,,,1,30,,282502,39,,,1,70,,282503,39,,,1,30,,282504,39,,,1,70,,282505,39,,,1,30,,282506,39,,,1,70,,282507,39,,,1,30,,282508,39,,,1,70,,282509,39,,,1,30,,282510,39,,,1,70,,282532,39,,,1,22,,282511,39,,,1,20,,282529,39,,,1,61,,282512,39,,,1,19,,282513,39,,,1,20,,282530,39,,,1,61,,282514,39,,,1,19,,282531,39,,,1,20,,282515,39,,,1,61,,282516,39,,,1,21,,282517,39,,,1,69,,282518,39,,,1,31,,282519,39,,,1,70,,282520,39,,,1,30,,282521,39,,,1,70,,282522,39,,,1,30,,282523,39,,,1,82,,282524,39,,,1,100,,282525,39,,,1,100,,282526,39,,,1
91600,'916-Weekday-4-26-09-1111100',604,,240031,39,,,1,30,,240032,39,,,1,8,,240073,39,,,1,9,,240070,39,,,1,7,,240074,39,,,1,48,,240033,39,,,1,7,,240075,39,,,1,8,,240064,39,,,1,7,,240076,39,,,1,8,,240034,39,,,1,7,,240077,39,,,1,8,,240035,39,,,1,7,,240078,39,,,1,48,,240065,39,,,1,7,,240071,39,,,1,8,,240072,39,,,1,7,,240080,39,,,1,18,,240079,39,,,1,69,,240036,39,,,1,31,,240037,39,,,1,70,,240038,39,,,1,30,,240039,39,,,1,70,,240040,39,,,1,30,,240041,39,,,1,70,,240042,39,,,1,30,,240043,39,,,1,70,,240044,39,,,1,30,,240045,39,,,1,70,,240046,39,,,1,30,,240047,39,,,1,70,,240069,39,,,1,22,,240048,39,,,1,20,,240066,39,,,1,61,,240049,39,,,1,19,,240050,39,,,1,20,,240067,39,,,1,61,,240051,39,,,1,19,,240068,39,,,1,20,,240052,39,,,1,61,,240053,39,,,1,21,,240054,39,,,1,69,,240055,39,,,1,31,,240056,39,,,1,70,,240057,39,,,1,30,,240058,39,,,1,70,,240059,39,,,1,30,,240060,39,,,1,82,,240061,39,,,1,100,,240062,39,,,1,100,,240063,39,,,1
91600,'916-Weekday-5-26-09-1111100',604,,282545,39,,,1,30,,282546,39,,,1,8,,282587,39,,,1,9,,282584,39,,,1,7,,282588,39,,,1,48,,282547,39,,,1,7,,282589,39,,,1,8,,282578,39,,,1,7,,282590,39,,,1,8,,282548,39,,,1,7,,282591,39,,,1,8,,282549,39,,,1,7,,282592,39,,,1,48,,282579,39,,,1,7,,282585,39,,,1,8,,282586,39,,,1,7,,282594,39,,,1,18,,282593,39,,,1,69,,282550,39,,,1,31,,282551,39,,,1,70,,282552,39,,,1,30,,282553,39,,,1,70,,282554,39,,,1,30,,282555,39,,,1,70,,282556,39,,,1,30,,282557,39,,,1,70,,282558,39,,,1,30,,282559,39,,,1,70,,282560,39,,,1,30,,282561,39,,,1,70,,282583,39,,,1,22,,282562,39,,,1,20,,282580,39,,,1,61,,282563,39,,,1,19,,282564,39,,,1,20,,282581,39,,,1,61,,282565,39,,,1,19,,282582,39,,,1,20,,282566,39,,,1,61,,282567,39,,,1,21,,282568,39,,,1,69,,282569,39,,,1,31,,282570,39,,,1,70,,282571,39,,,1,30,,282572,39,,,1,70,,282573,39,,,1,30,,282574,39,,,1,82,,282575,39,,,1,100,,282576,39,,,1,100,,282577,39,,,1
91600,'916-Weekday-6-26-09-1111100',604,,282595,39,,,1,30,,282596,39,,,1,8,,282637,39,,,1,9,,282634,39,,,1,7,,282638,39,,,1,48,,282597,39,,,1,7,,282639,39,,,1,8,,282628,39,,,1,7,,282640,39,,,1,8,,282598,39,,,1,7,,282641,39,,,1,8,,282599,39,,,1,7,,282642,39,,,1,42,,282643,39,,,1,6,,282629,39,,,1,7,,282635,39,,,1,8,,282636,39,,,1,7,,282645,39,,,1,18,,282644,39,,,1,69,,282600,39,,,1,31,,282601,39,,,1,70,,282602,39,,,1,30,,282603,39,,,1,70,,282604,39,,,1,30,,282605,39,,,1,70,,282606,39,,,1,30,,282607,39,,,1,70,,282608,39,,,1,30,,282609,39,,,1,70,,282610,39,,,1,30,,282611,39,,,1,70,,282633,39,,,1,22,,282612,39,,,1,20,,282630,39,,,1,61,,282613,39,,,1,19,,282614,39,,,1,20,,282631,39,,,1,61,,282615,39,,,1,19,,282632,39,,,1,20,,282616,39,,,1,61,,282617,39,,,1,21,,282618,39,,,1,69,,282619,39,,,1,31,,282620,39,,,1,70,,282621,39,,,1,30,,282622,39,,,1,70,,282623,39,,,1,30,,282624,39,,,1,82,,282625,39,,,1,100,,282626,39,,,1,100,,282627,39,,,1
91600,'916-Weekday-7-26-09-1111100',604,,282646,39,,,1,30,,282647,39,,,1,8,,282688,39,,,1,9,,282685,39,,,1,7,,282689,39,,,1,48,,282648,39,,,1,7,,282690,39,,,1,8,,282679,39,,,1,7,,282691,39,,,1,8,,282649,39,,,1,7,,282692,39,,,1,8,,282650,39,,,1,7,,282693,39,,,1,48,,282680,39,,,1,7,,282686,39,,,1,8,,282687,39,,,1,7,,282695,39,,,1,18,,282694,39,,,1,69,,282651,39,,,1,31,,282652,39,,,1,70,,282653,39,,,1,30,,282654,39,,,1,70,,282655,39,,,1,30,,282656,39,,,1,70,,282657,39,,,1,30,,282658,39,,,1,70,,282659,39,,,1,30,,282660,39,,,1,70,,282661,39,,,1,30,,282662,39,,,1,70,,282684,39,,,1,22,,282663,39,,,1,20,,282681,39,,,1,61,,282664,39,,,1,19,,282665,39,,,1,20,,282682,39,,,1,61,,282666,39,,,1,19,,282683,39,,,1,20,,282667,39,,,1,61,,282668,39,,,1,21,,282669,39,,,1,69,,282670,39,,,1,31,,282671,39,,,1,70,,282672,39,,,1,30,,282673,39,,,1,70,,282674,39,,,1,30,,282675,39,,,1,82,,282676,39,,,1,100,,282677,39,,,1,100,,282678,39,,,1
91600,'916-Saturday-1-26-09-0000010',623,,240081,39,,,1,100,,240082,39,,,1,100,,240083,39,,,1,31,,240084,39,,,1,70,,240085,39,,,1,32,,240086,39,,,1,70,,240087,39,,,1,30,,240088,39,,,1,70,,240089,39,,,1,30,,240090,39,,,1,70,,240091,39,,,1,30,,240092,39,,,1,70,,240093,39,,,1,30,,240094,39,,,1,70,,240095,39,,,1,30,,240096,39,,,1,70,,240097,39,,,1,30,,240098,39,,,1,70,,240099,39,,,1,30,,240100,39,,,1,68,,240101,39,,,1,30,,240102,39,,,1,70,,240103,39,,,1,30,,240104,39,,,1,70,,240105,39,,,1,100,,240106,39,,,1,100,,240107,39,,,1,100,,240108,39,,,1,100,,240109,39,,,1
91600,'916-Sunday-1-26-09-0000001',625,,240110,39,,,1,100,,240111,39,,,1,100,,240112,39,,,1,97,,240113,39,,,1,102,,240114,39,,,1,30,,240115,39,,,1,70,,240116,39,,,1,30,,240117,39,,,1,70,,240118,39,,,1,30,,240119,39,,,1,70,,240120,39,,,1,30,,240121,39,,,1,70,,240122,39,,,1,30,,240123,39,,,1,70,,240124,39,,,1,30,,240125,39,,,1,70,,240126,39,,,1,30,,240127,39,,,1,66,,240128,39,,,1,28,,240129,39,,,1,70,,240130,39,,,1,30,,240131,39,,,1,77,,240132,39,,,1,100,,240133,39,,,1,100,,240134,39,,,1,100,,240135,39,,,1,100,,240136,39,,,1
