65901,'659-Weekday-1-26-09-1111100',747,,227705,2,,,1,2,,227706,2,,,1
65901,'659-Weekday-4-26-09-1111100',747,,270501,2,,,1,2,,270502,2,,,1
65901,'659-Weekday-7-26-09-1111100',747,,270503,2,,,1,2,,270504,2,,,1
66701,'667-Weekday-1-26-09-1111100',824,,227782,6,,,1,6,,227783,6,,,1
66701,'667-Weekday-3-26-09-1111100',824,,227784,6,,,1,6,,227785,6,,,1
66701,'667-Weekday-7-26-09-1111100',824,,270572,6,,,1,6,,270573,6,,,1
71901,'719-Weekday-1-26-09-1111100',536,,233659,6,,,1,15,,233709,6,,,1,55,,233715,6,,,1,15,,233660,6,,,1,17,,233710,6,,,1,15,,233661,6,,,1,55,,233716,6,,,1,15,,233711,6,,,1,15,,233662,6,,,1,15,,233712,6,,,1,55,,233717,6,,,1,17,,233718,6,,,1,20,,233663,6,,,1,59,,233664,6,,,1,20,,233665,6,,,1,20,,233666,6,,,1,60,,233667,6,,,1,20,,233668,6,,,1,20,,233669,6,,,1,60,,233670,6,,,1,20,,233671,6,,,1,20,,233672,6,,,1,60,,233673,6,,,1,20,,233674,6,,,1,20,,233675,6,,,1,60,,233676,6,,,1,20,,233677,6,,,1,20,,233678,6,,,1,60,,233679,6,,,1,20,,233680,6,,,1,20,,233681,6,,,1,63,,233682,6,,,1,10,,233702,6,,,1,10,,233684,6,,,1,10,,233707,6,,,1,10,,233686,6,,,1,10,,233714,6,,,1,50,,233719,6,,,1,10,,233720,6,,,1,10,,233713,6,,,1,10,,233705,6,,,1,10,,233688,6,,,1,10,,233706,6,,,1,50,,233691,6,,,1,10,,233703,6,,,1,10,,233693,6,,,1,10,,233708,6,,,1,10,,233695,6,,,1,10,,233721,6,,,1,52,,233696,6,,,1,19,,233697,6,,,1,19,,233698,6,,,1,60,,233699,6,,,1,20,,233700,6,,,1,20,,233701,6,,,1,60,,233694,6,,,1,20,,233692,6,,,1,20,,233690,6,,,1,60,,233689,6,,,1,20,,233704,6,,,1,29,,233687,6,,,1,100,,233685,6,,,1,100,,233683,6,,,1
71901,'719-Weekday-2-26-09-1111100',536,,233722,6,,,1,15,,233772,6,,,1,55,,233778,6,,,1,15,,233723,6,,,1,17,,233773,6,,,1,15,,233724,6,,,1,55,,233779,6,,,1,15,,233774,6,,,1,15,,233725,6,,,1,15,,233775,6,,,1,55,,233780,6,,,1,17,,233781,6,,,1,20,,233726,6,,,1,59,,233727,6,,,1,20,,233728,6,,,1,20,,233729,6,,,1,60,,233730,6,,,1,20,,233731,6,,,1,20,,233732,6,,,1,60,,233733,6,,,1,20,,233734,6,,,1,20,,233735,6,,,1,60,,233736,6,,,1,20,,233737,6,,,1,20,,233738,6,,,1,60,,233739,6,,,1,20,,233740,6,,,1,20,,233741,6,,,1,60,,233742,6,,,1,20,,233743,6,,,1,20,,233744,6,,,1,63,,233745,6,,,1,10,,233765,6,,,1,10,,233747,6,,,1,10,,233770,6,,,1,10,,233749,6,,,1,10,,233777,6,,,1,50,,233782,6,,,1,10,,233783,6,,,1,10,,233776,6,,,1,10,,233768,6,,,1,10,,233751,6,,,1,10,,233769,6,,,1,50,,233754,6,,,1,10,,233766,6,,,1,10,,233756,6,,,1,10,,233771,6,,,1,10,,233758,6,,,1,10,,233784,6,,,1,52,,233759,6,,,1,19,,233760,6,,,1,19,,233761,6,,,1,60,,233762,6,,,1,20,,233763,6,,,1,20,,233764,6,,,1,60,,233757,6,,,1,20,,233755,6,,,1,20,,233753,6,,,1,60,,233752,6,,,1,20,,233767,6,,,1,29,,233750,6,,,1,100,,233748,6,,,1,100,,233746,6,,,1
71901,'719-Weekday-3-26-09-1111100',536,,276310,6,,,1,15,,276360,6,,,1,55,,276366,6,,,1,15,,276311,6,,,1,17,,276361,6,,,1,15,,276312,6,,,1,55,,276367,6,,,1,15,,276362,6,,,1,15,,276313,6,,,1,15,,276363,6,,,1,55,,276368,6,,,1,17,,276369,6,,,1,20,,276314,6,,,1,59,,276315,6,,,1,20,,276316,6,,,1,20,,276317,6,,,1,60,,276318,6,,,1,20,,276319,6,,,1,20,,276320,6,,,1,60,,276321,6,,,1,20,,276322,6,,,1,20,,276323,6,,,1,60,,276324,6,,,1,20,,276325,6,,,1,20,,276326,6,,,1,60,,276327,6,,,1,20,,276328,6,,,1,20,,276329,6,,,1,60,,276330,6,,,1,20,,276331,6,,,1,20,,276332,6,,,1,63,,276333,6,,,1,10,,276353,6,,,1,10,,276335,6,,,1,10,,276358,6,,,1,10,,276337,6,,,1,10,,276365,6,,,1,50,,276370,6,,,1,10,,276371,6,,,1,10,,276364,6,,,1,10,,276356,6,,,1,10,,276339,6,,,1,10,,276357,6,,,1,50,,276342,6,,,1,10,,276354,6,,,1,10,,276344,6,,,1,10,,276359,6,,,1,10,,276346,6,,,1,10,,276372,6,,,1,52,,276347,6,,,1,19,,276348,6,,,1,19,,276349,6,,,1,60,,276350,6,,,1,20,,276351,6,,,1,20,,276352,6,,,1,60,,276345,6,,,1,20,,276343,6,,,1,20,,276341,6,,,1,60,,276340,6,,,1,20,,276355,6,,,1,29,,276338,6,,,1,100,,276336,6,,,1,100,,276334,6,,,1
71901,'719-Weekday-4-26-09-1111100',536,,233785,6,,,1,15,,233835,6,,,1,55,,233841,6,,,1,15,,233786,6,,,1,17,,233836,6,,,1,15,,233787,6,,,1,55,,233842,6,,,1,15,,233837,6,,,1,15,,233788,6,,,1,15,,233838,6,,,1,55,,233843,6,,,1,17,,233844,6,,,1,20,,233789,6,,,1,59,,233790,6,,,1,20,,233791,6,,,1,20,,233792,6,,,1,60,,233793,6,,,1,20,,233794,6,,,1,20,,233795,6,,,1,60,,233796,6,,,1,20,,233797,6,,,1,20,,233798,6,,,1,60,,233799,6,,,1,20,,233800,6,,,1,20,,233801,6,,,1,60,,233802,6,,,1,20,,233803,6,,,1,20,,233804,6,,,1,60,,233805,6,,,1,20,,233806,6,,,1,20,,233807,6,,,1,63,,233808,6,,,1,10,,233828,6,,,1,10,,233810,6,,,1,10,,233833,6,,,1,10,,233812,6,,,1,10,,233840,6,,,1,50,,233845,6,,,1,10,,233846,6,,,1,10,,233839,6,,,1,10,,233831,6,,,1,10,,233814,6,,,1,10,,233832,6,,,1,50,,233817,6,,,1,10,,233829,6,,,1,10,,233819,6,,,1,10,,233834,6,,,1,10,,233821,6,,,1,10,,233847,6,,,1,52,,233822,6,,,1,19,,233823,6,,,1,19,,233824,6,,,1,60,,233825,6,,,1,20,,233826,6,,,1,20,,233827,6,,,1,60,,233820,6,,,1,20,,233818,6,,,1,20,,233816,6,,,1,60,,233815,6,,,1,20,,233830,6,,,1,29,,233813,6,,,1,100,,233811,6,,,1,100,,233809,6,,,1
71901,'719-Weekday-5-26-09-1111100',536,,276373,6,,,1,15,,276423,6,,,1,55,,276429,6,,,1,15,,276374,6,,,1,17,,276424,6,,,1,15,,276375,6,,,1,55,,276430,6,,,1,15,,276425,6,,,1,15,,276376,6,,,1,15,,276426,6,,,1,55,,276431,6,,,1,17,,276432,6,,,1,20,,276377,6,,,1,59,,276378,6,,,1,20,,276379,6,,,1,20,,276380,6,,,1,60,,276381,6,,,1,20,,276382,6,,,1,20,,276383,6,,,1,60,,276384,6,,,1,20,,276385,6,,,1,20,,276386,6,,,1,60,,276387,6,,,1,20,,276388,6,,,1,20,,276389,6,,,1,60,,276390,6,,,1,20,,276391,6,,,1,20,,276392,6,,,1,60,,276393,6,,,1,20,,276394,6,,,1,20,,276395,6,,,1,63,,276396,6,,,1,10,,276416,6,,,1,10,,276398,6,,,1,10,,276421,6,,,1,10,,276400,6,,,1,10,,276428,6,,,1,50,,276433,6,,,1,10,,276434,6,,,1,10,,276427,6,,,1,10,,276419,6,,,1,10,,276402,6,,,1,10,,276420,6,,,1,50,,276405,6,,,1,10,,276417,6,,,1,10,,276407,6,,,1,10,,276422,6,,,1,10,,276409,6,,,1,10,,276435,6,,,1,52,,276410,6,,,1,19,,276411,6,,,1,19,,276412,6,,,1,60,,276413,6,,,1,20,,276414,6,,,1,20,,276415,6,,,1,60,,276408,6,,,1,20,,276406,6,,,1,20,,276404,6,,,1,60,,276403,6,,,1,20,,276418,6,,,1,29,,276401,6,,,1,100,,276399,6,,,1,100,,276397,6,,,1
71901,'719-Weekday-6-26-09-1111100',536,,276436,6,,,1,15,,276486,6,,,1,55,,276492,6,,,1,15,,276437,6,,,1,17,,276487,6,,,1,15,,276438,6,,,1,55,,276493,6,,,1,15,,276488,6,,,1,15,,276439,6,,,1,15,,276489,6,,,1,55,,276494,6,,,1,17,,276495,6,,,1,20,,276440,6,,,1,59,,276441,6,,,1,20,,276442,6,,,1,20,,276443,6,,,1,60,,276444,6,,,1,20,,276445,6,,,1,20,,276446,6,,,1,60,,276447,6,,,1,20,,276448,6,,,1,20,,276449,6,,,1,60,,276450,6,,,1,20,,276451,6,,,1,20,,276452,6,,,1,60,,276453,6,,,1,20,,276454,6,,,1,20,,276455,6,,,1,60,,276456,6,,,1,20,,276457,6,,,1,20,,276458,6,,,1,63,,276459,6,,,1,10,,276479,6,,,1,10,,276461,6,,,1,10,,276484,6,,,1,10,,276463,6,,,1,10,,276491,6,,,1,50,,276496,6,,,1,10,,276497,6,,,1,10,,276490,6,,,1,10,,276482,6,,,1,10,,276465,6,,,1,10,,276483,6,,,1,50,,276468,6,,,1,10,,276480,6,,,1,10,,276470,6,,,1,10,,276485,6,,,1,10,,276472,6,,,1,10,,276498,6,,,1,52,,276473,6,,,1,19,,276474,6,,,1,19,,276475,6,,,1,60,,276476,6,,,1,20,,276477,6,,,1,20,,276478,6,,,1,60,,276471,6,,,1,20,,276469,6,,,1,20,,276467,6,,,1,60,,276466,6,,,1,20,,276481,6,,,1,29,,276464,6,,,1,100,,276462,6,,,1,100,,276460,6,,,1
71901,'719-Weekday-7-26-09-1111100',536,,276499,6,,,1,15,,276549,6,,,1,55,,276555,6,,,1,15,,276500,6,,,1,17,,276550,6,,,1,15,,276501,6,,,1,55,,276556,6,,,1,15,,276551,6,,,1,15,,276502,6,,,1,15,,276552,6,,,1,55,,276557,6,,,1,17,,276558,6,,,1,20,,276503,6,,,1,59,,276504,6,,,1,20,,276505,6,,,1,20,,276506,6,,,1,60,,276507,6,,,1,20,,276508,6,,,1,20,,276509,6,,,1,60,,276510,6,,,1,20,,276511,6,,,1,20,,276512,6,,,1,60,,276513,6,,,1,20,,276514,6,,,1,20,,276515,6,,,1,60,,276516,6,,,1,20,,276517,6,,,1,20,,276518,6,,,1,60,,276519,6,,,1,20,,276520,6,,,1,20,,276521,6,,,1,63,,276522,6,,,1,10,,276542,6,,,1,10,,276524,6,,,1,10,,276547,6,,,1,10,,276526,6,,,1,10,,276554,6,,,1,50,,276559,6,,,1,10,,276560,6,,,1,10,,276553,6,,,1,10,,276545,6,,,1,10,,276528,6,,,1,10,,276546,6,,,1,50,,276531,6,,,1,10,,276543,6,,,1,10,,276533,6,,,1,10,,276548,6,,,1,10,,276535,6,,,1,10,,276561,6,,,1,52,,276536,6,,,1,19,,276537,6,,,1,19,,276538,6,,,1,60,,276539,6,,,1,20,,276540,6,,,1,20,,276541,6,,,1,60,,276534,6,,,1,20,,276532,6,,,1,20,,276530,6,,,1,60,,276529,6,,,1,20,,276544,6,,,1,29,,276527,6,,,1,100,,276525,6,,,1,100,,276523,6,,,1
71901,'719-Saturday-1-26-09-0000010',544,,233861,6,,,1,70,,233864,6,,,1,30,,233859,6,,,1,70,,233862,6,,,1,30,,233865,6,,,1,70,,233879,6,,,1,30,,233849,6,,,1,70,,233869,6,,,1,30,,233851,6,,,1,70,,233850,6,,,1,30,,233867,6,,,1,70,,233852,6,,,1,30,,233868,6,,,1,70,,233866,6,,,1,30,,233863,6,,,1,70,,233880,6,,,1,30,,233877,6,,,1,70,,233882,6,,,1,30,,233881,6,,,1,70,,233878,6,,,1,30,,233876,6,,,1,70,,233871,6,,,1,30,,233873,6,,,1,70,,233875,6,,,1,30,,233874,6,,,1,70,,233872,6,,,1,30,,233854,6,,,1,70,,233855,6,,,1,30,,233856,6,,,1,70,,233870,6,,,1,30,,233857,6,,,1,70,,233853,6,,,1,30,,233858,6,,,1,70,,233848,6,,,1,30,,233884,6,,,1,70,,233883,6,,,1,30,,233860,6,,,1
71901,'719-Sunday-1-26-09-0000001',644,,233898,6,,,1,100,,233901,6,,,1,100,,233891,6,,,1,100,,233894,6,,,1,100,,233897,6,,,1,70,,233899,6,,,1,30,,233900,6,,,1,70,,233888,6,,,1,30,,233889,6,,,1,70,,233892,6,,,1,30,,233886,6,,,1,70,,233910,6,,,1,30,,233908,6,,,1,70,,233903,6,,,1,30,,233907,6,,,1,70,,233906,6,,,1,30,,233905,6,,,1,70,,233909,6,,,1,30,,233904,6,,,1,70,,233895,6,,,1,30,,233893,6,,,1,70,,233890,6,,,1,45,,233887,6,,,1,100,,233885,6,,,1,100,,233896,6,,,1,100,,233902,6,,,1,100,,233911,6,,,1
