50601,'506-Weekday-1-26-09-1111100',526,,222159,5,,,1,29,,222120,5,,,1,70,,222121,5,,,1,33,,222122,5,,,1,56,,222123,5,,,1,15,,222160,5,,,1,15,,222124,5,,,1,15,,222125,5,,,1,55,,222126,5,,,1,15,,222162,5,,,1,15,,222163,5,,,1,15,,222127,5,,,1,69,,222128,5,,,1,30,,222129,5,,,1,70,,222130,5,,,1,30,,222131,5,,,1,70,,222132,5,,,1,30,,222133,5,,,1,70,,222134,5,,,1,30,,222135,5,,,1,70,,222136,5,,,1,30,,222137,5,,,1,70,,222138,5,,,1,30,,222139,5,,,1,62,,222166,5,0,48,1,13,,222140,5,,,1,70,,222141,5,,,1,7,,222167,5,0,48,1,8,,222142,5,,,1,15,,222161,5,,,1,15,,222143,5,,,1,55,,222144,5,,,1,15,,222145,5,,,1,15,,222164,5,,,1,15,,222165,5,,,1,55,,222146,5,,,1,29,,222147,5,,,1,26,,222148,5,,,1,69,,222149,5,,,1,30,,222150,5,,,1,70,,222151,5,,,1,30,,222152,5,,,1,70,,222153,5,,,1,30,,222154,5,,,1,68,,222155,5,,,1,29,,222156,5,,,1,100,,222157,5,,,1,100,,222158,5,0,48,1
50601,'506-Weekday-2-26-09-1111100',526,,222207,5,,,1,29,,222168,5,,,1,70,,222169,5,,,1,33,,222170,5,,,1,56,,222171,5,,,1,15,,222208,5,,,1,15,,222172,5,,,1,15,,222173,5,,,1,55,,222174,5,,,1,15,,222210,5,,,1,15,,222211,5,,,1,15,,222175,5,,,1,69,,222176,5,,,1,30,,222177,5,,,1,70,,222178,5,,,1,30,,222179,5,,,1,70,,222180,5,,,1,30,,222181,5,,,1,70,,222182,5,,,1,30,,222183,5,,,1,70,,222184,5,,,1,30,,222185,5,,,1,70,,222186,5,,,1,30,,222187,5,,,1,62,,222214,5,0,48,1,13,,222188,5,,,1,70,,222189,5,,,1,7,,222215,5,0,48,1,8,,222190,5,,,1,15,,222209,5,,,1,15,,222191,5,,,1,55,,222192,5,,,1,15,,222193,5,,,1,15,,222212,5,,,1,15,,222213,5,,,1,55,,222194,5,,,1,29,,222195,5,,,1,26,,222196,5,,,1,69,,222197,5,,,1,30,,222198,5,,,1,70,,222199,5,,,1,30,,222200,5,,,1,70,,222201,5,,,1,30,,222202,5,,,1,68,,222203,5,,,1,29,,222204,5,,,1,100,,222205,5,,,1,100,,222206,5,0,48,1
50601,'506-Weekday-3-26-09-1111100',526,,265483,5,,,1,29,,265444,5,,,1,70,,265445,5,,,1,33,,265446,5,,,1,56,,265447,5,,,1,15,,265484,5,,,1,15,,265448,5,,,1,15,,265449,5,,,1,55,,265450,5,,,1,15,,265486,5,,,1,15,,265487,5,,,1,15,,265451,5,,,1,69,,265452,5,,,1,30,,265453,5,,,1,70,,265454,5,,,1,30,,265455,5,,,1,70,,265456,5,,,1,30,,265457,5,,,1,70,,265458,5,,,1,30,,265459,5,,,1,70,,265460,5,,,1,30,,265461,5,,,1,70,,265462,5,,,1,30,,265463,5,,,1,75,,265464,5,,,1,70,,265465,5,,,1,15,,265466,5,,,1,15,,265485,5,,,1,15,,265467,5,,,1,55,,265468,5,,,1,15,,265469,5,,,1,15,,265488,5,,,1,15,,265489,5,,,1,55,,265470,5,,,1,29,,265471,5,,,1,26,,265472,5,,,1,69,,265473,5,,,1,30,,265474,5,,,1,70,,265475,5,,,1,30,,265476,5,,,1,70,,265477,5,,,1,30,,265478,5,,,1,68,,265479,5,,,1,29,,265480,5,,,1,100,,265481,5,,,1,100,,265482,5,0,48,1
50601,'506-Weekday-4-26-09-1111100',526,,222255,5,,,1,29,,222216,5,,,1,70,,222217,5,,,1,33,,222218,5,,,1,56,,222219,5,,,1,15,,222256,5,,,1,15,,222220,5,,,1,15,,222221,5,,,1,55,,222222,5,,,1,15,,222258,5,,,1,15,,222259,5,,,1,15,,222223,5,,,1,69,,222224,5,,,1,30,,222225,5,,,1,70,,222226,5,,,1,30,,222227,5,,,1,70,,222228,5,,,1,30,,222229,5,,,1,70,,222230,5,,,1,30,,222231,5,,,1,70,,222232,5,,,1,30,,222233,5,,,1,70,,222234,5,,,1,30,,222235,5,,,1,75,,222236,5,,,1,70,,222237,5,,,1,15,,222238,5,,,1,15,,222257,5,,,1,15,,222239,5,,,1,55,,222240,5,,,1,15,,222241,5,,,1,15,,222260,5,,,1,15,,222261,5,,,1,55,,222242,5,,,1,29,,222243,5,,,1,26,,222244,5,,,1,69,,222245,5,,,1,30,,222246,5,,,1,70,,222247,5,,,1,30,,222248,5,,,1,70,,222249,5,,,1,30,,222250,5,,,1,68,,222251,5,,,1,29,,222252,5,,,1,100,,222253,5,,,1,100,,222254,5,0,48,1
50601,'506-Weekday-5-26-09-1111100',526,,265529,5,,,1,29,,265490,5,,,1,70,,265491,5,,,1,33,,265492,5,,,1,56,,265493,5,,,1,15,,265530,5,,,1,15,,265494,5,,,1,15,,265495,5,,,1,55,,265496,5,,,1,15,,265532,5,,,1,15,,265533,5,,,1,15,,265497,5,,,1,69,,265498,5,,,1,30,,265499,5,,,1,70,,265500,5,,,1,30,,265501,5,,,1,70,,265502,5,,,1,30,,265503,5,,,1,70,,265504,5,,,1,30,,265505,5,,,1,70,,265506,5,,,1,30,,265507,5,,,1,70,,265508,5,,,1,30,,265509,5,,,1,75,,265510,5,,,1,70,,265511,5,,,1,15,,265512,5,,,1,15,,265531,5,,,1,15,,265513,5,,,1,55,,265514,5,,,1,15,,265515,5,,,1,15,,265534,5,,,1,15,,265535,5,,,1,55,,265516,5,,,1,29,,265517,5,,,1,26,,265518,5,,,1,69,,265519,5,,,1,30,,265520,5,,,1,70,,265521,5,,,1,30,,265522,5,,,1,70,,265523,5,,,1,30,,265524,5,,,1,68,,265525,5,,,1,29,,265526,5,,,1,100,,265527,5,,,1,100,,265528,5,0,48,1
50601,'506-Weekday-6-26-09-1111100',526,,265575,5,,,1,29,,265536,5,,,1,70,,265537,5,,,1,33,,265538,5,,,1,56,,265539,5,,,1,15,,265576,5,,,1,15,,265540,5,,,1,15,,265541,5,,,1,55,,265542,5,,,1,15,,265578,5,,,1,15,,265579,5,,,1,15,,265543,5,,,1,69,,265544,5,,,1,30,,265545,5,,,1,70,,265546,5,,,1,30,,265547,5,,,1,70,,265548,5,,,1,30,,265549,5,,,1,70,,265550,5,,,1,30,,265551,5,,,1,70,,265552,5,,,1,30,,265553,5,,,1,70,,265554,5,,,1,30,,265555,5,,,1,62,,265582,5,0,48,1,13,,265556,5,,,1,70,,265557,5,,,1,7,,265583,5,0,48,1,8,,265558,5,,,1,15,,265577,5,,,1,15,,265559,5,,,1,55,,265560,5,,,1,15,,265561,5,,,1,15,,265580,5,,,1,15,,265581,5,,,1,55,,265562,5,,,1,29,,265563,5,,,1,26,,265564,5,,,1,69,,265565,5,,,1,30,,265566,5,,,1,70,,265567,5,,,1,30,,265568,5,,,1,70,,265569,5,,,1,30,,265570,5,,,1,68,,265571,5,,,1,29,,265572,5,,,1,100,,265573,5,,,1,100,,265574,5,0,48,1
50601,'506-Weekday-7-26-09-1111100',526,,265623,5,,,1,29,,265584,5,,,1,70,,265585,5,,,1,33,,265586,5,,,1,56,,265587,5,,,1,15,,265624,5,,,1,15,,265588,5,,,1,15,,265589,5,,,1,55,,265590,5,,,1,15,,265626,5,,,1,15,,265627,5,,,1,15,,265591,5,,,1,69,,265592,5,,,1,30,,265593,5,,,1,70,,265594,5,,,1,30,,265595,5,,,1,70,,265596,5,,,1,30,,265597,5,,,1,70,,265598,5,,,1,30,,265599,5,,,1,70,,265600,5,,,1,30,,265601,5,,,1,70,,265602,5,,,1,30,,265603,5,,,1,75,,265604,5,,,1,70,,265605,5,,,1,15,,265606,5,,,1,15,,265625,5,,,1,15,,265607,5,,,1,55,,265608,5,,,1,15,,265609,5,,,1,15,,265628,5,,,1,15,,265629,5,,,1,55,,265610,5,,,1,29,,265611,5,,,1,26,,265612,5,,,1,69,,265613,5,,,1,30,,265614,5,,,1,70,,265615,5,,,1,30,,265616,5,,,1,70,,265617,5,,,1,30,,265618,5,,,1,68,,265619,5,,,1,29,,265620,5,,,1,100,,265621,5,,,1,100,,265622,5,0,48,1
50601,'506-Saturday-1-26-09-0000010',542,,222262,5,,,1,100,,222263,5,,,1,100,,222264,5,,,1,70,,222265,5,,,1,28,,222266,5,,,1,70,,222267,5,,,1,33,,222268,5,,,1,70,,222269,5,,,1,30,,222270,5,,,1,70,,222271,5,,,1,30,,222272,5,,,1,70,,222273,5,,,1,30,,222274,5,,,1,70,,222275,5,,,1,30,,222276,5,,,1,70,,222277,5,,,1,30,,222278,5,,,1,70,,222279,5,,,1,30,,222280,5,,,1,70,,222281,5,,,1,30,,222282,5,,,1,70,,222283,5,,,1,29,,222284,5,,,1,70,,222285,5,,,1,30,,222286,5,,,1,70,,222287,5,,,1,30,,222288,5,,,1,85,,222289,5,,,1,100,,222290,5,,,1,100,,222291,5,,,1,100,,222292,5,,,1,100,,222293,5,0,48,1
50601,'506-Sunday-1-26-09-0000001',546,,222294,5,,,1,98,,222295,5,,,1,100,,222296,5,,,1,100,,222297,5,,,1,99,,222298,5,,,1,70,,222299,5,,,1,30,,222300,5,,,1,70,,222301,5,,,1,30,,222302,5,,,1,70,,222303,5,,,1,30,,222304,5,,,1,70,,222305,5,,,1,30,,222306,5,,,1,70,,222307,5,,,1,30,,222308,5,,,1,70,,222309,5,,,1,30,,222310,5,,,1,70,,222311,5,,,1,30,,222312,5,,,1,70,,222313,5,,,1,31,,222314,5,,,1,70,,222315,5,,,1,30,,222316,5,,,1,85,,222317,5,,,1,100,,222318,5,,,1,100,,222319,5,,,1,100,,222320,5,,,1,100,,222321,5,,,1
63100,'631-Weekday-1-26-09-1111100',732,,227574,6,,,1
63100,'631-Weekday-3-26-09-1111100',732,,227575,6,,,1
63100,'631-Weekday-4-26-09-1111100',732,,270401,6,,,1
63100,'631-Weekday-7-26-09-1111100',732,,270402,6,,,1
63101,'631-Weekday-1-26-09-0001000',1303,,227576,38,,,1
63101,'631-Weekday-1-26-09-1110100',1606,,227577,38,,,1
63101,'631-Weekday-3-26-09-1110100',1606,,227578,38,,,1
63101,'631-Weekday-4-26-09-1110100',1606,,270403,38,,,1
63101,'631-Weekday-7-26-09-1110100',1606,,270404,38,,,1
