50600,'506-Weekday-1-26-09-1111100',536,,221918,15,,,1,70,,221919,15,,,1,32,,221920,15,,,1,16,,221921,15,,,1,55,,221937,15,,,1,15,,221922,15,,,1,15,,221923,15,,,1,15,,221924,15,,,1,55,,221960,15,,,1,15,,221961,15,,,1,15,,221939,15,,,1,69,,221925,15,,,1,30,,221948,15,,,1,70,,221949,15,,,1,30,,221950,15,,,1,70,,221951,15,,,1,30,,221952,15,,,1,70,,221947,15,,,1,30,,221946,15,,,1,70,,221945,15,,,1,30,,221944,15,,,1,70,,221943,15,,,1,30,,221942,15,,,1,71,,221941,15,,,1,30,,221940,15,,,1,7,,221964,15,,,1,8,,221927,15,,,1,55,,221938,15,,,1,15,,221928,15,,,1,15,,221929,15,,,1,15,,221930,15,,,1,55,,221962,15,,,1,15,,221963,15,,,1,15,,221926,15,,,1,70,,221931,15,,,1,29,,221932,15,,,1,69,,221953,15,,,1,30,,221954,15,,,1,70,,221955,15,,,1,30,,221956,15,,,1,70,,221957,15,,,1,30,,221958,15,,,1,68,,221959,15,,,1,30,,221933,15,,,1,100,,221934,15,,,1,100,,221935,15,,,1
50600,'506-Weekday-2-26-09-1111100',536,,221966,15,,,1,70,,221967,15,,,1,32,,221968,15,,,1,16,,221969,15,,,1,55,,221985,15,,,1,15,,221970,15,,,1,15,,221971,15,,,1,15,,221972,15,,,1,55,,222008,15,,,1,15,,222009,15,,,1,15,,221987,15,,,1,69,,221973,15,,,1,30,,221996,15,,,1,70,,221997,15,,,1,30,,221998,15,,,1,70,,221999,15,,,1,30,,222000,15,,,1,70,,221995,15,,,1,30,,221994,15,,,1,70,,221993,15,,,1,30,,221992,15,,,1,70,,221991,15,,,1,30,,221990,15,,,1,71,,221989,15,,,1,30,,221988,15,,,1,7,,222012,15,,,1,8,,221975,15,,,1,55,,221986,15,,,1,15,,221976,15,,,1,15,,221977,15,,,1,15,,221978,15,,,1,55,,222010,15,,,1,15,,222011,15,,,1,15,,221974,15,,,1,70,,221979,15,,,1,29,,221980,15,,,1,69,,222001,15,,,1,30,,222002,15,,,1,70,,222003,15,,,1,30,,222004,15,,,1,70,,222005,15,,,1,30,,222006,15,,,1,68,,222007,15,,,1,30,,221981,15,,,1,100,,221982,15,,,1,100,,221983,15,,,1
50600,'506-Weekday-3-26-09-1111100',536,,265258,15,,,1,70,,265259,15,,,1,32,,265260,15,,,1,16,,265261,15,,,1,55,,265277,15,,,1,15,,265262,15,,,1,15,,265263,15,,,1,15,,265264,15,,,1,55,,265300,15,,,1,15,,265301,15,,,1,15,,265279,15,,,1,69,,265265,15,,,1,30,,265288,15,,,1,70,,265289,15,,,1,30,,265290,15,,,1,70,,265291,15,,,1,30,,265292,15,,,1,70,,265287,15,,,1,30,,265286,15,,,1,70,,265285,15,,,1,30,,265284,15,,,1,70,,265283,15,,,1,30,,265282,15,,,1,71,,265281,15,,,1,30,,265280,15,,,1,15,,265267,15,,,1,55,,265278,15,,,1,15,,265268,15,,,1,15,,265269,15,,,1,15,,265270,15,,,1,55,,265302,15,,,1,15,,265303,15,,,1,15,,265266,15,,,1,70,,265271,15,,,1,29,,265272,15,,,1,69,,265293,15,,,1,30,,265294,15,,,1,70,,265295,15,,,1,30,,265296,15,,,1,70,,265297,15,,,1,30,,265298,15,,,1,68,,265299,15,,,1,30,,265273,15,,,1,100,,265274,15,,,1,100,,265275,15,,,1
50600,'506-Weekday-4-26-09-1111100',536,,222014,15,,,1,70,,222015,15,,,1,32,,222016,15,,,1,16,,222017,15,,,1,55,,222033,15,,,1,15,,222018,15,,,1,15,,222019,15,,,1,15,,222020,15,,,1,55,,222056,15,,,1,15,,222057,15,,,1,15,,222035,15,,,1,69,,222021,15,,,1,30,,222044,15,,,1,70,,222045,15,,,1,30,,222046,15,,,1,70,,222047,15,,,1,30,,222048,15,,,1,70,,222043,15,,,1,30,,222042,15,,,1,70,,222041,15,,,1,30,,222040,15,,,1,70,,222039,15,,,1,30,,222038,15,,,1,71,,222037,15,,,1,30,,222036,15,,,1,15,,222023,15,,,1,55,,222034,15,,,1,15,,222024,15,,,1,15,,222025,15,,,1,15,,222026,15,,,1,55,,222058,15,,,1,15,,222059,15,,,1,15,,222022,15,,,1,70,,222027,15,,,1,29,,222028,15,,,1,69,,222049,15,,,1,30,,222050,15,,,1,70,,222051,15,,,1,30,,222052,15,,,1,70,,222053,15,,,1,30,,222054,15,,,1,68,,222055,15,,,1,30,,222029,15,,,1,100,,222030,15,,,1,100,,222031,15,,,1
50600,'506-Weekday-5-26-09-1111100',536,,265304,15,,,1,70,,265305,15,,,1,32,,265306,15,,,1,16,,265307,15,,,1,55,,265323,15,,,1,15,,265308,15,,,1,15,,265309,15,,,1,15,,265310,15,,,1,55,,265346,15,,,1,15,,265347,15,,,1,15,,265325,15,,,1,69,,265311,15,,,1,30,,265334,15,,,1,70,,265335,15,,,1,30,,265336,15,,,1,70,,265337,15,,,1,30,,265338,15,,,1,70,,265333,15,,,1,30,,265332,15,,,1,70,,265331,15,,,1,30,,265330,15,,,1,70,,265329,15,,,1,30,,265328,15,,,1,71,,265327,15,,,1,30,,265326,15,,,1,15,,265313,15,,,1,55,,265324,15,,,1,15,,265314,15,,,1,15,,265315,15,,,1,15,,265316,15,,,1,55,,265348,15,,,1,15,,265349,15,,,1,15,,265312,15,,,1,70,,265317,15,,,1,29,,265318,15,,,1,69,,265339,15,,,1,30,,265340,15,,,1,70,,265341,15,,,1,30,,265342,15,,,1,70,,265343,15,,,1,30,,265344,15,,,1,68,,265345,15,,,1,30,,265319,15,,,1,100,,265320,15,,,1,100,,265321,15,,,1
50600,'506-Weekday-6-26-09-1111100',536,,265350,15,,,1,70,,265351,15,,,1,32,,265352,15,,,1,16,,265353,15,,,1,55,,265369,15,,,1,15,,265354,15,,,1,15,,265355,15,,,1,15,,265356,15,,,1,55,,265392,15,,,1,15,,265393,15,,,1,15,,265371,15,,,1,69,,265357,15,,,1,30,,265380,15,,,1,70,,265381,15,,,1,30,,265382,15,,,1,70,,265383,15,,,1,30,,265384,15,,,1,70,,265379,15,,,1,30,,265378,15,,,1,70,,265377,15,,,1,30,,265376,15,,,1,70,,265375,15,,,1,30,,265374,15,,,1,71,,265373,15,,,1,30,,265372,15,,,1,7,,265396,15,,,1,8,,265359,15,,,1,55,,265370,15,,,1,15,,265360,15,,,1,15,,265361,15,,,1,15,,265362,15,,,1,55,,265394,15,,,1,15,,265395,15,,,1,15,,265358,15,,,1,70,,265363,15,,,1,29,,265364,15,,,1,69,,265385,15,,,1,30,,265386,15,,,1,70,,265387,15,,,1,30,,265388,15,,,1,70,,265389,15,,,1,30,,265390,15,,,1,68,,265391,15,,,1,30,,265365,15,,,1,100,,265366,15,,,1,100,,265367,15,,,1
50600,'506-Weekday-7-26-09-1111100',536,,265398,15,,,1,70,,265399,15,,,1,32,,265400,15,,,1,16,,265401,15,,,1,55,,265417,15,,,1,15,,265402,15,,,1,15,,265403,15,,,1,15,,265404,15,,,1,55,,265440,15,,,1,15,,265441,15,,,1,15,,265419,15,,,1,69,,265405,15,,,1,30,,265428,15,,,1,70,,265429,15,,,1,30,,265430,15,,,1,70,,265431,15,,,1,30,,265432,15,,,1,70,,265427,15,,,1,30,,265426,15,,,1,70,,265425,15,,,1,30,,265424,15,,,1,70,,265423,15,,,1,30,,265422,15,,,1,71,,265421,15,,,1,30,,265420,15,,,1,15,,265407,15,,,1,55,,265418,15,,,1,15,,265408,15,,,1,15,,265409,15,,,1,15,,265410,15,,,1,55,,265442,15,,,1,15,,265443,15,,,1,15,,265406,15,,,1,70,,265411,15,,,1,29,,265412,15,,,1,69,,265433,15,,,1,30,,265434,15,,,1,70,,265435,15,,,1,30,,265436,15,,,1,70,,265437,15,,,1,30,,265438,15,,,1,68,,265439,15,,,1,30,,265413,15,,,1,100,,265414,15,,,1,100,,265415,15,,,1
50600,'506-Saturday-1-26-09-0000010',625,,222060,15,,,1,100,,222061,15,,,1,98,,222062,15,,,1,28,,222063,15,,,1,72,,222064,15,,,1,30,,222065,15,,,1,70,,222066,15,,,1,30,,222067,15,,,1,70,,222068,15,,,1,30,,222069,15,,,1,70,,222070,15,,,1,30,,222071,15,,,1,70,,222072,15,,,1,30,,222073,15,,,1,70,,222074,15,,,1,30,,222075,15,,,1,70,,222076,15,,,1,30,,222077,15,,,1,70,,222078,15,,,1,32,,222079,15,,,1,69,,222080,15,,,1,30,,222081,15,,,1,70,,222082,15,,,1,30,,222083,15,,,1,70,,222084,15,,,1,85,,222085,15,,,1,100,,222086,15,,,1,100,,222087,15,,,1,100,,222088,15,,,1,100,,222089,15,,,1
50600,'506-Sunday-1-26-09-0000001',627,,222092,15,,,1,100,,222093,15,,,1,100,,222094,15,,,1,97,,222095,15,,,1,100,,222096,15,,,1,30,,222097,15,,,1,70,,222098,15,,,1,30,,222099,15,,,1,70,,222100,15,,,1,30,,222101,15,,,1,70,,222102,15,,,1,30,,222103,15,,,1,70,,222104,15,,,1,30,,222105,15,,,1,70,,222106,15,,,1,30,,222107,15,,,1,70,,222108,15,,,1,31,,222109,15,,,1,71,,222110,15,,,1,30,,222111,15,,,1,70,,222112,15,,,1,85,,222113,15,,,1,100,,222114,15,,,1,100,,222115,15,,,1,100,,222116,15,,,1,100,,222117,15,,,1
63101,'631-Weekday-1-26-09-0001000',1242,,227576,21,,,1
63101,'631-Weekday-1-26-09-1110100',1545,,227577,21,,,1
63101,'631-Weekday-3-26-09-1110100',1545,,227578,21,,,1
63101,'631-Weekday-4-26-09-1110100',1545,,270403,21,,,1
63101,'631-Weekday-7-26-09-1110100',1545,,270404,21,,,1
63401,'634-Weekday-1-26-09-1111100',1605,,227595,12,,,1,5,,227596,12,,,1
63401,'634-Weekday-3-26-09-1111100',1605,,227597,12,,,1,5,,227598,12,,,1
63401,'634-Weekday-7-26-09-1111100',1605,,270430,12,,,1,5,,270431,12,,,1
