90501,'905-Weekday-1-26-09-1111100',559,,237774,40,,,1,70,,237775,40,,,1,71,,237776,40,,,1,30,,237777,40,,,1,70,,237778,40,,,1,30,,237779,40,,,1,70,,237780,40,,,1,29,,237781,40,,,1,527,,237782,40,,,1,72,,237783,40,,,1,30,,237784,40,,,1,70,,237785,40,,,1,30,,237786,40,,,1,70,,237787,40,,,1,30,,237788,40,,,1,69,,237789,40,,,1
90501,'905-Weekday-2-26-09-1111100',559,,237790,40,,,1,70,,237791,40,,,1,71,,237792,40,,,1,30,,237793,40,,,1,70,,237794,40,,,1,30,,237795,40,,,1,70,,237796,40,,,1,29,,237797,40,,,1,527,,237798,40,,,1,72,,237799,40,,,1,30,,237800,40,,,1,70,,237801,40,,,1,30,,237802,40,,,1,70,,237803,40,,,1,30,,237804,40,,,1,69,,237805,40,,,1
90501,'905-Weekday-3-26-09-1111100',559,,280370,40,,,1,70,,280371,40,,,1,71,,280372,40,,,1,30,,280373,40,,,1,70,,280374,40,,,1,30,,280375,40,,,1,70,,280376,40,,,1,29,,280377,40,,,1,527,,280378,40,,,1,72,,280379,40,,,1,30,,280380,40,,,1,70,,280381,40,,,1,30,,280382,40,,,1,70,,280383,40,,,1,30,,280384,40,,,1,69,,280385,40,,,1
90501,'905-Weekday-4-26-09-1111100',559,,237806,40,,,1,70,,237807,40,,,1,71,,237808,40,,,1,30,,237809,40,,,1,70,,237810,40,,,1,30,,237811,40,,,1,70,,237812,40,,,1,29,,237813,40,,,1,527,,237814,40,,,1,72,,237815,40,,,1,30,,237816,40,,,1,70,,237817,40,,,1,30,,237818,40,,,1,70,,237819,40,,,1,30,,237820,40,,,1,69,,237821,40,,,1
90501,'905-Weekday-5-26-09-1111100',559,,280386,40,,,1,70,,280387,40,,,1,71,,280388,40,,,1,30,,280389,40,,,1,70,,280390,40,,,1,30,,280391,40,,,1,70,,280392,40,,,1,29,,280393,40,,,1,527,,280394,40,,,1,72,,280395,40,,,1,30,,280396,40,,,1,70,,280397,40,,,1,30,,280398,40,,,1,70,,280399,40,,,1,30,,280400,40,,,1,69,,280401,40,,,1
90501,'905-Weekday-6-26-09-1111100',559,,280402,40,,,1,70,,280403,40,,,1,71,,280404,40,,,1,30,,280405,40,,,1,70,,280406,40,,,1,30,,280407,40,,,1,70,,280408,40,,,1,29,,280409,40,,,1,527,,280410,40,,,1,72,,280411,40,,,1,30,,280412,40,,,1,70,,280413,40,,,1,30,,280414,40,,,1,70,,280415,40,,,1,30,,280416,40,,,1,69,,280417,40,,,1
90501,'905-Weekday-7-26-09-1111100',559,,280418,40,,,1,70,,280419,40,,,1,71,,280420,40,,,1,30,,280421,40,,,1,70,,280422,40,,,1,30,,280423,40,,,1,70,,280424,40,,,1,29,,280425,40,,,1,527,,280426,40,,,1,72,,280427,40,,,1,30,,280428,40,,,1,70,,280429,40,,,1,30,,280430,40,,,1,70,,280431,40,,,1,30,,280432,40,,,1,69,,280433,40,,,1
90600,'906-Weekday-1-26-09-1111100',557,,237822,39,,,1,71,,237823,39,,,1,74,,237824,39,,,1,30,,237825,39,,,1,70,,237826,39,,,1,30,,237827,39,,,1,70,,237828,39,,,1,30,,237829,39,,,1,602,,237830,39,,,1,70,,237831,39,,,1,30,,237832,39,,,1,70,,237833,39,,,1,30,,237834,39,,,1,70,,237835,39,,,1
90600,'906-Weekday-2-26-09-1111100',557,,237836,39,,,1,71,,237837,39,,,1,74,,237838,39,,,1,30,,237839,39,,,1,70,,237840,39,,,1,30,,237841,39,,,1,70,,237842,39,,,1,30,,237843,39,,,1,602,,237844,39,,,1,70,,237845,39,,,1,30,,237846,39,,,1,70,,237847,39,,,1,30,,237848,39,,,1,70,,237849,39,,,1
90600,'906-Weekday-3-26-09-1111100',557,,280434,39,,,1,71,,280435,39,,,1,74,,280436,39,,,1,30,,280437,39,,,1,70,,280438,39,,,1,30,,280439,39,,,1,70,,280440,39,,,1,30,,280441,39,,,1,602,,280442,39,,,1,70,,280443,39,,,1,30,,280444,39,,,1,70,,280445,39,,,1,30,,280446,39,,,1,70,,280447,39,,,1
90600,'906-Weekday-4-26-09-1111100',557,,237850,39,,,1,71,,237851,39,,,1,74,,237852,39,,,1,30,,237853,39,,,1,70,,237854,39,,,1,30,,237855,39,,,1,70,,237856,39,,,1,30,,237857,39,,,1,602,,237858,39,,,1,70,,237859,39,,,1,30,,237860,39,,,1,70,,237861,39,,,1,30,,237862,39,,,1,70,,237863,39,,,1
90600,'906-Weekday-5-26-09-1111100',557,,280448,39,,,1,71,,280449,39,,,1,74,,280450,39,,,1,30,,280451,39,,,1,70,,280452,39,,,1,30,,280453,39,,,1,70,,280454,39,,,1,30,,280455,39,,,1,602,,280456,39,,,1,70,,280457,39,,,1,30,,280458,39,,,1,70,,280459,39,,,1,30,,280460,39,,,1,70,,280461,39,,,1
90600,'906-Weekday-6-26-09-1111100',557,,280462,39,,,1,71,,280463,39,,,1,74,,280464,39,,,1,30,,280465,39,,,1,70,,280466,39,,,1,30,,280467,39,,,1,70,,280468,39,,,1,30,,280469,39,,,1,602,,280470,39,,,1,70,,280471,39,,,1,30,,280472,39,,,1,70,,280473,39,,,1,30,,280474,39,,,1,70,,280475,39,,,1
90600,'906-Weekday-7-26-09-1111100',557,,280476,39,,,1,71,,280477,39,,,1,74,,280478,39,,,1,30,,280479,39,,,1,70,,280480,39,,,1,30,,280481,39,,,1,70,,280482,39,,,1,30,,280483,39,,,1,602,,280484,39,,,1,70,,280485,39,,,1,30,,280486,39,,,1,70,,280487,39,,,1,30,,280488,39,,,1,70,,280489,39,,,1
