11401,'114-Weekday-1-26-09-1111100',527,,218285,16,,,1,30,,218286,16,,,1,70,,218287,16,,,1,19,,218288,16,,,1,12,,218289,16,,,1,52,,218290,16,,,1,12,,218343,16,,,1,12,,218292,16,,,1,12,,218291,16,,,1,12,,218293,16,,,1,46,,218347,16,,,1,6,,218294,16,,,1,6,,218348,16,,,1,6,,218344,16,,,1,12,,218295,16,,,1,11,,218349,16,,,1,5,,218342,16,,,1,8,,218350,16,,,1,47,,218337,16,,,1,15,,218338,16,,,1,15,,218339,16,,,1,15,,218340,16,,,1,55,,218309,16,,,1,15,,218308,16,,,1,15,,218307,16,,,1,15,,218305,16,,,1,55,,218306,16,,,1,15,,218313,16,,,1,15,,218312,16,,,1,15,,218311,16,,,1,55,,218310,16,,,1,15,,218336,16,,,1,15,,218296,16,,,1,15,,218297,16,,,1,55,,218298,16,,,1,15,,218299,16,,,1,15,,218300,16,,,1,15,,218301,16,,,1,55,,218302,16,,,1,15,,218303,16,,,1,15,,218304,16,,,1,14,,218345,16,,,1,53,,218334,16,,,1,14,,218335,16,,,1,12,,218333,16,,,1,12,,218332,16,,,1,3,,218351,16,,,1,9,,218331,16,,,1,52,,218330,16,,,1,12,,218329,16,,,1,12,,218328,16,,,1,12,,218327,16,,,1,12,,218325,16,,,1,52,,218326,16,,,1,12,,218341,16,,,1,19,,218346,16,,,1,20,,218324,16,,,1,70,,218323,16,,,1,29,,218322,16,,,1,70,,218321,16,,,1,30,,218320,16,,,1,70,,218319,16,,,1,30,,218318,16,,,1,70,,218317,16,,,1,30,,218316,16,,,1,97,,218315,16,,,1,100,,218314,16,,,1
11401,'114-Weekday-2-26-09-1111100',527,,218352,16,,,1,30,,218353,16,,,1,70,,218354,16,,,1,19,,218355,16,,,1,12,,218356,16,,,1,52,,218357,16,,,1,12,,218410,16,,,1,12,,218359,16,,,1,12,,218358,16,,,1,12,,218360,16,,,1,46,,218414,16,,,1,6,,218361,16,,,1,6,,218415,16,,,1,6,,218411,16,,,1,12,,218362,16,,,1,11,,218416,16,,,1,5,,218409,16,,,1,8,,218417,16,,,1,47,,218404,16,,,1,15,,218405,16,,,1,15,,218406,16,,,1,15,,218407,16,,,1,55,,218376,16,,,1,15,,218375,16,,,1,15,,218374,16,,,1,15,,218372,16,,,1,55,,218373,16,,,1,15,,218380,16,,,1,15,,218379,16,,,1,15,,218378,16,,,1,55,,218377,16,,,1,15,,218403,16,,,1,15,,218363,16,,,1,15,,218364,16,,,1,55,,218365,16,,,1,15,,218366,16,,,1,15,,218367,16,,,1,15,,218368,16,,,1,55,,218369,16,,,1,15,,218370,16,,,1,15,,218371,16,,,1,14,,218412,16,,,1,53,,218401,16,,,1,14,,218402,16,,,1,12,,218400,16,,,1,12,,218399,16,,,1,3,,218418,16,,,1,9,,218398,16,,,1,52,,218397,16,,,1,12,,218396,16,,,1,12,,218395,16,,,1,12,,218394,16,,,1,12,,218392,16,,,1,52,,218393,16,,,1,12,,218408,16,,,1,19,,218413,16,,,1,20,,218391,16,,,1,70,,218390,16,,,1,29,,218389,16,,,1,70,,218388,16,,,1,30,,218387,16,,,1,70,,218386,16,,,1,30,,218385,16,,,1,70,,218384,16,,,1,30,,218383,16,,,1,97,,218382,16,,,1,100,,218381,16,,,1
11401,'114-Weekday-3-26-09-1111100',527,,261754,16,,,1,30,,261755,16,,,1,70,,261756,16,,,1,19,,261757,16,,,1,12,,261758,16,,,1,52,,261759,16,,,1,12,,261812,16,,,1,12,,261761,16,,,1,12,,261760,16,,,1,12,,261762,16,,,1,46,,261816,16,,,1,6,,261763,16,,,1,6,,261817,16,,,1,6,,261813,16,,,1,12,,261764,16,,,1,11,,261818,16,,,1,5,,261811,16,,,1,8,,261819,16,,,1,47,,261806,16,,,1,15,,261807,16,,,1,15,,261808,16,,,1,15,,261809,16,,,1,55,,261778,16,,,1,15,,261777,16,,,1,15,,261776,16,,,1,15,,261774,16,,,1,55,,261775,16,,,1,15,,261782,16,,,1,15,,261781,16,,,1,15,,261780,16,,,1,55,,261779,16,,,1,15,,261805,16,,,1,15,,261765,16,,,1,15,,261766,16,,,1,55,,261767,16,,,1,15,,261768,16,,,1,15,,261769,16,,,1,15,,261770,16,,,1,55,,261771,16,,,1,15,,261772,16,,,1,15,,261773,16,,,1,14,,261814,16,,,1,53,,261803,16,,,1,14,,261804,16,,,1,12,,261802,16,,,1,12,,261801,16,,,1,3,,261820,16,,,1,9,,261800,16,,,1,52,,261799,16,,,1,12,,261798,16,,,1,12,,261797,16,,,1,12,,261796,16,,,1,12,,261794,16,,,1,52,,261795,16,,,1,12,,261810,16,,,1,19,,261815,16,,,1,20,,261793,16,,,1,70,,261792,16,,,1,29,,261791,16,,,1,70,,261790,16,,,1,30,,261789,16,,,1,70,,261788,16,,,1,30,,261787,16,,,1,70,,261786,16,,,1,30,,261785,16,,,1,97,,261784,16,,,1,100,,261783,16,,,1
11401,'114-Weekday-4-26-09-1111100',527,,218419,16,,,1,30,,218420,16,,,1,70,,218421,16,,,1,19,,218422,16,,,1,12,,218423,16,,,1,52,,218424,16,,,1,12,,218477,16,,,1,12,,218426,16,,,1,12,,218425,16,,,1,12,,218427,16,,,1,52,,218428,16,,,1,12,,218478,16,,,1,12,,218429,16,,,1,16,,218476,16,,,1,55,,218471,16,,,1,15,,218472,16,,,1,15,,218473,16,,,1,15,,218474,16,,,1,55,,218443,16,,,1,15,,218442,16,,,1,15,,218441,16,,,1,15,,218439,16,,,1,55,,218440,16,,,1,15,,218447,16,,,1,15,,218446,16,,,1,15,,218445,16,,,1,55,,218444,16,,,1,15,,218470,16,,,1,15,,218430,16,,,1,15,,218431,16,,,1,55,,218432,16,,,1,15,,218433,16,,,1,15,,218434,16,,,1,15,,218435,16,,,1,55,,218436,16,,,1,15,,218437,16,,,1,15,,218438,16,,,1,14,,218479,16,,,1,53,,218468,16,,,1,14,,218469,16,,,1,12,,218467,16,,,1,12,,218466,16,,,1,12,,218465,16,,,1,52,,218464,16,,,1,12,,218463,16,,,1,12,,218462,16,,,1,12,,218461,16,,,1,12,,218459,16,,,1,52,,218460,16,,,1,12,,218475,16,,,1,19,,218480,16,,,1,20,,218458,16,,,1,70,,218457,16,,,1,29,,218456,16,,,1,70,,218455,16,,,1,30,,218454,16,,,1,70,,218453,16,,,1,30,,218452,16,,,1,70,,218451,16,,,1,30,,218450,16,,,1,97,,218449,16,,,1,100,,218448,16,,,1
11401,'114-Weekday-5-26-09-1111100',527,,261821,16,,,1,30,,261822,16,,,1,70,,261823,16,,,1,19,,261824,16,,,1,12,,261825,16,,,1,52,,261826,16,,,1,12,,261879,16,,,1,12,,261828,16,,,1,12,,261827,16,,,1,12,,261829,16,,,1,52,,261830,16,,,1,12,,261880,16,,,1,12,,261831,16,,,1,16,,261878,16,,,1,55,,261873,16,,,1,15,,261874,16,,,1,15,,261875,16,,,1,15,,261876,16,,,1,55,,261845,16,,,1,15,,261844,16,,,1,15,,261843,16,,,1,15,,261841,16,,,1,55,,261842,16,,,1,15,,261849,16,,,1,15,,261848,16,,,1,15,,261847,16,,,1,55,,261846,16,,,1,15,,261872,16,,,1,15,,261832,16,,,1,15,,261833,16,,,1,55,,261834,16,,,1,15,,261835,16,,,1,15,,261836,16,,,1,15,,261837,16,,,1,55,,261838,16,,,1,15,,261839,16,,,1,15,,261840,16,,,1,14,,261881,16,,,1,53,,261870,16,,,1,14,,261871,16,,,1,12,,261869,16,,,1,12,,261868,16,,,1,12,,261867,16,,,1,52,,261866,16,,,1,12,,261865,16,,,1,12,,261864,16,,,1,12,,261863,16,,,1,12,,261861,16,,,1,52,,261862,16,,,1,12,,261877,16,,,1,19,,261882,16,,,1,20,,261860,16,,,1,70,,261859,16,,,1,29,,261858,16,,,1,70,,261857,16,,,1,30,,261856,16,,,1,70,,261855,16,,,1,30,,261854,16,,,1,70,,261853,16,,,1,30,,261852,16,,,1,97,,261851,16,,,1,100,,261850,16,,,1
11401,'114-Weekday-6-26-09-1111100',527,,261883,16,,,1,30,,261884,16,,,1,70,,261885,16,,,1,19,,261886,16,,,1,12,,261887,16,,,1,52,,261888,16,,,1,12,,261941,16,,,1,12,,261890,16,,,1,12,,261889,16,,,1,12,,261891,16,,,1,46,,261945,16,,,1,6,,261892,16,,,1,6,,261946,16,,,1,6,,261942,16,,,1,12,,261893,16,,,1,11,,261947,16,,,1,5,,261940,16,,,1,8,,261948,16,,,1,47,,261935,16,,,1,15,,261936,16,,,1,15,,261937,16,,,1,15,,261938,16,,,1,55,,261907,16,,,1,15,,261906,16,,,1,15,,261905,16,,,1,15,,261903,16,,,1,55,,261904,16,,,1,15,,261911,16,,,1,15,,261910,16,,,1,15,,261909,16,,,1,55,,261908,16,,,1,15,,261934,16,,,1,15,,261894,16,,,1,15,,261895,16,,,1,55,,261896,16,,,1,15,,261897,16,,,1,15,,261898,16,,,1,15,,261899,16,,,1,55,,261900,16,,,1,15,,261901,16,,,1,15,,261902,16,,,1,14,,261943,16,,,1,53,,261932,16,,,1,14,,261933,16,,,1,12,,261931,16,,,1,12,,261930,16,,,1,3,,261949,16,,,1,9,,261929,16,,,1,52,,261928,16,,,1,12,,261927,16,,,1,12,,261926,16,,,1,12,,261925,16,,,1,12,,261923,16,,,1,52,,261924,16,,,1,12,,261939,16,,,1,19,,261944,16,,,1,20,,261922,16,,,1,70,,261921,16,,,1,29,,261920,16,,,1,70,,261919,16,,,1,30,,261918,16,,,1,70,,261917,16,,,1,30,,261916,16,,,1,70,,261915,16,,,1,30,,261914,16,,,1,97,,261913,16,,,1,100,,261912,16,,,1
11401,'114-Weekday-7-26-09-1111100',527,,261950,16,,,1,30,,261951,16,,,1,70,,261952,16,,,1,19,,261953,16,,,1,12,,261954,16,,,1,52,,261955,16,,,1,12,,262008,16,,,1,12,,261957,16,,,1,12,,261956,16,,,1,12,,261958,16,,,1,52,,261959,16,,,1,12,,262009,16,,,1,12,,261960,16,,,1,16,,262007,16,,,1,55,,262002,16,,,1,15,,262003,16,,,1,15,,262004,16,,,1,15,,262005,16,,,1,55,,261974,16,,,1,15,,261973,16,,,1,15,,261972,16,,,1,15,,261970,16,,,1,55,,261971,16,,,1,15,,261978,16,,,1,15,,261977,16,,,1,15,,261976,16,,,1,55,,261975,16,,,1,15,,262001,16,,,1,15,,261961,16,,,1,15,,261962,16,,,1,55,,261963,16,,,1,15,,261964,16,,,1,15,,261965,16,,,1,15,,261966,16,,,1,55,,261967,16,,,1,15,,261968,16,,,1,15,,261969,16,,,1,14,,262010,16,,,1,53,,261999,16,,,1,14,,262000,16,,,1,12,,261998,16,,,1,12,,261997,16,,,1,12,,261996,16,,,1,52,,261995,16,,,1,12,,261994,16,,,1,12,,261993,16,,,1,12,,261992,16,,,1,12,,261990,16,,,1,52,,261991,16,,,1,12,,262006,16,,,1,19,,262011,16,,,1,20,,261989,16,,,1,70,,261988,16,,,1,29,,261987,16,,,1,70,,261986,16,,,1,30,,261985,16,,,1,70,,261984,16,,,1,30,,261983,16,,,1,70,,261982,16,,,1,30,,261981,16,,,1,97,,261980,16,,,1,100,,261979,16,,,1
11401,'114-Saturday-1-26-09-0000010',624,,218481,16,,,1,100,,218482,16,,,1,95,,218483,16,,,1,20,,218484,16,,,1,20,,218485,16,,,1,61,,218486,16,,,1,20,,218487,16,,,1,60,,218488,16,,,1,20,,218489,16,,,1,20,,218490,16,,,1,60,,218491,16,,,1,20,,218492,16,,,1,20,,218493,16,,,1,60,,218494,16,,,1,20,,218495,16,,,1,20,,218496,16,,,1,60,,218497,16,,,1,20,,218498,16,,,1,20,,218499,16,,,1,60,,218500,16,,,1,20,,218501,16,,,1,20,,218502,16,,,1,60,,218503,16,,,1,20,,218504,16,,,1,20,,218505,16,,,1,60,,218506,16,,,1,20,,218507,16,,,1,20,,218508,16,,,1,60,,218509,16,,,1,19,,218510,16,,,1,20,,218511,16,,,1,20,,218512,16,,,1,60,,218513,16,,,1,22,,218522,16,,,1,62,,218523,16,,,1,23,,218514,16,,,1,30,,218515,16,,,1,70,,218516,16,,,1,30,,218517,16,,,1,70,,218518,16,,,1,30,,218519,16,,,1,100,,218520,16,,,1,100,,218521,16,,,1
11401,'114-Sunday-1-26-09-0000001',627,,218556,16,,,1,100,,218557,16,,,1,100,,218558,16,,,1,101,,218559,16,,,1,100,,218552,16,,,1,20,,218561,16,,,1,60,,218562,16,,,1,20,,218528,16,,,1,20,,218529,16,,,1,60,,218530,16,,,1,20,,218540,16,,,1,20,,218541,16,,,1,60,,218542,16,,,1,20,,218543,16,,,1,20,,218544,16,,,1,60,,218545,16,,,1,20,,218546,16,,,1,20,,218547,16,,,1,60,,218548,16,,,1,20,,218549,16,,,1,20,,218550,16,,,1,60,,218539,16,,,1,20,,218535,16,,,1,20,,218553,16,,,1,60,,218554,16,,,1,19,,218555,16,,,1,20,,218527,16,,,1,60,,218526,16,,,1,20,,218525,16,,,1,20,,218531,16,,,1,60,,218536,16,,,1,25,,218532,16,,,1,70,,218533,16,,,1,30,,218534,16,,,1,70,,218537,16,,,1,30,,218538,16,,,1,70,,218524,16,,,1,100,,218551,16,,,1,100,,218560,16,,,1
61100,'611-Weekday-1-26-09-0001000',1150,3,227397,1,,,1,4,3,227398,1,,,1,275,3,227399,1,,,1
61100,'611-Weekday-1-26-09-1110100',1500,43,227400,1,,,1,4,3,227401,1,,,1,19,3,227402,1,,,1
61100,'611-Weekday-3-26-09-1110100',1523,3,227403,1,,,1
61100,'611-Weekday-4-26-09-1110100',1500,43,270258,1,,,1,4,3,270259,1,,,1
61100,'611-Weekday-7-26-09-1110100',1500,43,270260,1,,,1,4,3,270261,1,,,1,19,3,270262,1,,,1
