65801,'658-Weekday-1-26-09-1111100',736,,227699,1,,,1,3,,227700,1,,,1,2,,227701,1,,,1
65801,'658-Weekday-4-26-09-1111100',736,,270491,1,,,1,3,,270492,1,,,1,2,,270493,1,,,1
65801,'658-Weekday-7-26-09-1111100',736,,270494,1,,,1,3,,270495,1,,,1,2,,270496,1,,,1
72201,'722-Weekday-1-26-09-1111100',558,,234758,8,0,25,1,60,,234759,8,0,25,1,23,,234760,8,0,25,1,15,,234817,8,0,25,1,55,,234761,8,0,25,1,15,,234762,8,0,25,1,15,,234818,8,0,25,1,15,,234763,8,0,25,1,55,,234764,8,0,25,1,15,,234819,8,0,25,1,15,,234765,8,0,25,1,18,,234810,8,0,25,1,58,,234811,8,0,25,1,20,,234812,8,0,25,1,20,,234766,8,0,25,1,60,,234767,8,0,25,1,20,,234768,8,0,25,1,20,,234769,8,0,25,1,60,,234770,8,0,25,1,20,,234771,8,0,25,1,20,,234772,8,0,25,1,60,,234773,8,0,25,1,20,,234774,8,0,25,1,20,,234775,8,0,25,1,60,,234776,8,0,25,1,20,,234777,8,0,25,1,20,,234778,8,0,25,1,60,,234779,8,0,25,1,20,,234780,8,0,25,1,20,,234813,8,0,25,1,57,,234801,8,,,1,10,,234820,8,0,25,1,11,,234802,8,,,1,10,,234781,8,0,25,1,10,,234803,8,,,1,50,,234814,8,0,25,1,10,,234822,8,,,1,10,,234815,8,0,25,1,10,,234804,8,,,1,10,,234782,8,0,25,1,10,,234805,8,,,1,50,,234783,8,0,25,1,10,,234806,8,,,1,10,,234784,8,0,25,1,9,,234807,8,,,1,10,,234809,8,0,25,1,10,,234816,8,,,1,50,,234821,8,0,25,1,15,,234785,8,0,25,1,18,,234786,8,0,25,1,20,,234787,8,0,25,1,60,,234788,8,0,25,1,20,,234789,8,0,25,1,20,,234790,8,0,25,1,60,,234791,8,0,25,1,20,,234792,8,0,25,1,20,,234793,8,0,25,1,60,,234794,8,0,25,1,20,,234795,8,0,25,1,20,,234796,8,0,25,1,70,,234797,8,0,25,1,30,,234798,8,0,25,1,70,,234799,8,0,25,1,30,,234800,8,0,25,1,70,,234808,8,,,1
72201,'722-Weekday-2-26-09-1111100',558,,234823,8,0,25,1,60,,234824,8,0,25,1,23,,234825,8,0,25,1,15,,234882,8,0,25,1,55,,234826,8,0,25,1,15,,234827,8,0,25,1,15,,234883,8,0,25,1,15,,234828,8,0,25,1,55,,234829,8,0,25,1,15,,234884,8,0,25,1,15,,234830,8,0,25,1,18,,234875,8,0,25,1,58,,234876,8,0,25,1,20,,234877,8,0,25,1,20,,234831,8,0,25,1,60,,234832,8,0,25,1,20,,234833,8,0,25,1,20,,234834,8,0,25,1,60,,234835,8,0,25,1,20,,234836,8,0,25,1,20,,234837,8,0,25,1,60,,234838,8,0,25,1,20,,234839,8,0,25,1,20,,234840,8,0,25,1,60,,234841,8,0,25,1,20,,234842,8,0,25,1,20,,234843,8,0,25,1,60,,234844,8,0,25,1,20,,234845,8,0,25,1,20,,234878,8,0,25,1,57,,234866,8,,,1,10,,234885,8,0,25,1,11,,234867,8,,,1,10,,234846,8,0,25,1,10,,234868,8,,,1,50,,234879,8,0,25,1,10,,234887,8,,,1,10,,234880,8,0,25,1,10,,234869,8,,,1,10,,234847,8,0,25,1,10,,234870,8,,,1,50,,234848,8,0,25,1,10,,234871,8,,,1,10,,234849,8,0,25,1,9,,234872,8,,,1,10,,234874,8,0,25,1,10,,234881,8,,,1,50,,234886,8,0,25,1,15,,234850,8,0,25,1,18,,234851,8,0,25,1,20,,234852,8,0,25,1,60,,234853,8,0,25,1,20,,234854,8,0,25,1,20,,234855,8,0,25,1,60,,234856,8,0,25,1,20,,234857,8,0,25,1,20,,234858,8,0,25,1,60,,234859,8,0,25,1,20,,234860,8,0,25,1,20,,234861,8,0,25,1,70,,234862,8,0,25,1,30,,234863,8,0,25,1,70,,234864,8,0,25,1,30,,234865,8,0,25,1,70,,234873,8,,,1
72201,'722-Weekday-3-26-09-1111100',558,,277353,8,0,25,1,60,,277354,8,0,25,1,23,,277355,8,0,25,1,15,,277412,8,0,25,1,55,,277356,8,0,25,1,15,,277357,8,0,25,1,15,,277413,8,0,25,1,15,,277358,8,0,25,1,55,,277359,8,0,25,1,15,,277414,8,0,25,1,15,,277360,8,0,25,1,18,,277405,8,0,25,1,58,,277406,8,0,25,1,20,,277407,8,0,25,1,20,,277361,8,0,25,1,60,,277362,8,0,25,1,20,,277363,8,0,25,1,20,,277364,8,0,25,1,60,,277365,8,0,25,1,20,,277366,8,0,25,1,20,,277367,8,0,25,1,60,,277368,8,0,25,1,20,,277369,8,0,25,1,20,,277370,8,0,25,1,60,,277371,8,0,25,1,20,,277372,8,0,25,1,20,,277373,8,0,25,1,60,,277374,8,0,25,1,20,,277375,8,0,25,1,20,,277408,8,0,25,1,57,,277396,8,,,1,10,,277415,8,0,25,1,11,,277397,8,,,1,10,,277376,8,0,25,1,10,,277398,8,,,1,50,,277409,8,0,25,1,10,,277417,8,,,1,10,,277410,8,0,25,1,10,,277399,8,,,1,10,,277377,8,0,25,1,10,,277400,8,,,1,50,,277378,8,0,25,1,10,,277401,8,,,1,10,,277379,8,0,25,1,9,,277402,8,,,1,10,,277404,8,0,25,1,10,,277411,8,,,1,50,,277416,8,0,25,1,15,,277380,8,0,25,1,18,,277381,8,0,25,1,20,,277382,8,0,25,1,60,,277383,8,0,25,1,20,,277384,8,0,25,1,20,,277385,8,0,25,1,60,,277386,8,0,25,1,20,,277387,8,0,25,1,20,,277388,8,0,25,1,60,,277389,8,0,25,1,20,,277390,8,0,25,1,20,,277391,8,0,25,1,70,,277392,8,0,25,1,30,,277393,8,0,25,1,70,,277394,8,0,25,1,30,,277395,8,0,25,1,70,,277403,8,,,1
72201,'722-Weekday-4-26-09-1111100',558,,234888,8,0,25,1,60,,234889,8,0,25,1,23,,234890,8,0,25,1,15,,234947,8,0,25,1,55,,234891,8,0,25,1,15,,234892,8,0,25,1,15,,234948,8,0,25,1,15,,234893,8,0,25,1,55,,234894,8,0,25,1,15,,234949,8,0,25,1,15,,234895,8,0,25,1,18,,234940,8,0,25,1,58,,234941,8,0,25,1,20,,234942,8,0,25,1,20,,234896,8,0,25,1,60,,234897,8,0,25,1,20,,234898,8,0,25,1,20,,234899,8,0,25,1,60,,234900,8,0,25,1,20,,234901,8,0,25,1,20,,234902,8,0,25,1,60,,234903,8,0,25,1,20,,234904,8,0,25,1,20,,234905,8,0,25,1,60,,234906,8,0,25,1,20,,234907,8,0,25,1,20,,234908,8,0,25,1,60,,234909,8,0,25,1,20,,234910,8,0,25,1,20,,234943,8,0,25,1,57,,234931,8,,,1,10,,234950,8,0,25,1,11,,234932,8,,,1,10,,234911,8,0,25,1,10,,234933,8,,,1,50,,234944,8,0,25,1,10,,234952,8,,,1,10,,234945,8,0,25,1,10,,234934,8,,,1,10,,234912,8,0,25,1,10,,234935,8,,,1,50,,234913,8,0,25,1,10,,234936,8,,,1,10,,234914,8,0,25,1,9,,234937,8,,,1,10,,234939,8,0,25,1,10,,234946,8,,,1,50,,234951,8,0,25,1,15,,234915,8,0,25,1,18,,234916,8,0,25,1,20,,234917,8,0,25,1,60,,234918,8,0,25,1,20,,234919,8,0,25,1,20,,234920,8,0,25,1,60,,234921,8,0,25,1,20,,234922,8,0,25,1,20,,234923,8,0,25,1,60,,234924,8,0,25,1,20,,234925,8,0,25,1,20,,234926,8,0,25,1,70,,234927,8,0,25,1,30,,234928,8,0,25,1,70,,234929,8,0,25,1,30,,234930,8,0,25,1,70,,234938,8,,,1
72201,'722-Weekday-5-26-09-1111100',558,,277418,8,0,25,1,60,,277419,8,0,25,1,23,,277420,8,0,25,1,15,,277477,8,0,25,1,55,,277421,8,0,25,1,15,,277422,8,0,25,1,15,,277478,8,0,25,1,15,,277423,8,0,25,1,55,,277424,8,0,25,1,15,,277479,8,0,25,1,15,,277425,8,0,25,1,18,,277470,8,0,25,1,58,,277471,8,0,25,1,20,,277472,8,0,25,1,20,,277426,8,0,25,1,60,,277427,8,0,25,1,20,,277428,8,0,25,1,20,,277429,8,0,25,1,60,,277430,8,0,25,1,20,,277431,8,0,25,1,20,,277432,8,0,25,1,60,,277433,8,0,25,1,20,,277434,8,0,25,1,20,,277435,8,0,25,1,60,,277436,8,0,25,1,20,,277437,8,0,25,1,20,,277438,8,0,25,1,60,,277439,8,0,25,1,20,,277440,8,0,25,1,20,,277473,8,0,25,1,57,,277461,8,,,1,10,,277480,8,0,25,1,11,,277462,8,,,1,10,,277441,8,0,25,1,10,,277463,8,,,1,50,,277474,8,0,25,1,10,,277482,8,,,1,10,,277475,8,0,25,1,10,,277464,8,,,1,10,,277442,8,0,25,1,10,,277465,8,,,1,50,,277443,8,0,25,1,10,,277466,8,,,1,10,,277444,8,0,25,1,9,,277467,8,,,1,10,,277469,8,0,25,1,10,,277476,8,,,1,50,,277481,8,0,25,1,15,,277445,8,0,25,1,18,,277446,8,0,25,1,20,,277447,8,0,25,1,60,,277448,8,0,25,1,20,,277449,8,0,25,1,20,,277450,8,0,25,1,60,,277451,8,0,25,1,20,,277452,8,0,25,1,20,,277453,8,0,25,1,60,,277454,8,0,25,1,20,,277455,8,0,25,1,20,,277456,8,0,25,1,70,,277457,8,0,25,1,30,,277458,8,0,25,1,70,,277459,8,0,25,1,30,,277460,8,0,25,1,70,,277468,8,,,1
72201,'722-Weekday-6-26-09-1111100',558,,277483,8,0,25,1,60,,277484,8,0,25,1,23,,277485,8,0,25,1,15,,277542,8,0,25,1,55,,277486,8,0,25,1,15,,277487,8,0,25,1,15,,277543,8,0,25,1,15,,277488,8,0,25,1,55,,277489,8,0,25,1,15,,277544,8,0,25,1,15,,277490,8,0,25,1,18,,277535,8,0,25,1,58,,277536,8,0,25,1,20,,277537,8,0,25,1,20,,277491,8,0,25,1,60,,277492,8,0,25,1,20,,277493,8,0,25,1,20,,277494,8,0,25,1,60,,277495,8,0,25,1,20,,277496,8,0,25,1,20,,277497,8,0,25,1,60,,277498,8,0,25,1,20,,277499,8,0,25,1,20,,277500,8,0,25,1,60,,277501,8,0,25,1,20,,277502,8,0,25,1,20,,277503,8,0,25,1,60,,277504,8,0,25,1,20,,277505,8,0,25,1,20,,277538,8,0,25,1,57,,277526,8,,,1,10,,277545,8,0,25,1,11,,277527,8,,,1,10,,277506,8,0,25,1,10,,277528,8,,,1,50,,277539,8,0,25,1,10,,277547,8,,,1,10,,277540,8,0,25,1,10,,277529,8,,,1,10,,277507,8,0,25,1,10,,277530,8,,,1,50,,277508,8,0,25,1,10,,277531,8,,,1,10,,277509,8,0,25,1,9,,277532,8,,,1,10,,277534,8,0,25,1,10,,277541,8,,,1,50,,277546,8,0,25,1,15,,277510,8,0,25,1,18,,277511,8,0,25,1,20,,277512,8,0,25,1,60,,277513,8,0,25,1,20,,277514,8,0,25,1,20,,277515,8,0,25,1,60,,277516,8,0,25,1,20,,277517,8,0,25,1,20,,277518,8,0,25,1,60,,277519,8,0,25,1,20,,277520,8,0,25,1,20,,277521,8,0,25,1,70,,277522,8,0,25,1,30,,277523,8,0,25,1,70,,277524,8,0,25,1,30,,277525,8,0,25,1,70,,277533,8,,,1
72201,'722-Weekday-7-26-09-1111100',558,,277548,8,0,25,1,60,,277549,8,0,25,1,23,,277550,8,0,25,1,15,,277607,8,0,25,1,55,,277551,8,0,25,1,15,,277552,8,0,25,1,15,,277608,8,0,25,1,15,,277553,8,0,25,1,55,,277554,8,0,25,1,15,,277609,8,0,25,1,15,,277555,8,0,25,1,18,,277600,8,0,25,1,58,,277601,8,0,25,1,20,,277602,8,0,25,1,20,,277556,8,0,25,1,60,,277557,8,0,25,1,20,,277558,8,0,25,1,20,,277559,8,0,25,1,60,,277560,8,0,25,1,20,,277561,8,0,25,1,20,,277562,8,0,25,1,60,,277563,8,0,25,1,20,,277564,8,0,25,1,20,,277565,8,0,25,1,60,,277566,8,0,25,1,20,,277567,8,0,25,1,20,,277568,8,0,25,1,60,,277569,8,0,25,1,20,,277570,8,0,25,1,20,,277603,8,0,25,1,57,,277591,8,,,1,10,,277610,8,0,25,1,11,,277592,8,,,1,10,,277571,8,0,25,1,10,,277593,8,,,1,50,,277604,8,0,25,1,10,,277612,8,,,1,10,,277605,8,0,25,1,10,,277594,8,,,1,10,,277572,8,0,25,1,10,,277595,8,,,1,50,,277573,8,0,25,1,10,,277596,8,,,1,10,,277574,8,0,25,1,9,,277597,8,,,1,10,,277599,8,0,25,1,10,,277606,8,,,1,50,,277611,8,0,25,1,15,,277575,8,0,25,1,18,,277576,8,0,25,1,20,,277577,8,0,25,1,60,,277578,8,0,25,1,20,,277579,8,0,25,1,20,,277580,8,0,25,1,60,,277581,8,0,25,1,20,,277582,8,0,25,1,20,,277583,8,0,25,1,60,,277584,8,0,25,1,20,,277585,8,0,25,1,20,,277586,8,0,25,1,70,,277587,8,0,25,1,30,,277588,8,0,25,1,70,,277589,8,0,25,1,30,,277590,8,0,25,1,70,,277598,8,,,1
72201,'722-Saturday-1-26-09-0000010',620,,234955,8,0,25,1,30,,234999,8,0,25,1,70,,234958,8,0,25,1,30,,234960,8,0,25,1,70,,234977,8,0,25,1,20,,234974,8,0,25,1,60,,234957,8,0,25,1,19,,234996,8,0,25,1,20,,234953,8,0,25,1,20,,234991,8,0,25,1,60,,234975,8,0,25,1,20,,234978,8,0,25,1,20,,234997,8,0,25,1,60,,234976,8,0,25,1,20,,234954,8,0,25,1,20,,234966,8,0,25,1,60,,234965,8,0,25,1,20,,234964,8,0,25,1,20,,234967,8,0,25,1,60,,234959,8,0,25,1,20,,234982,8,0,25,1,20,,234972,8,0,25,1,60,,234968,8,0,25,1,20,,234956,8,0,25,1,20,,234970,8,0,25,1,60,,234998,8,0,25,1,20,,234988,8,0,25,1,20,,234994,8,0,25,1,60,,234979,8,0,25,1,20,,234990,8,0,25,1,20,,234984,8,0,25,1,61,,234963,8,0,25,1,20,,234981,8,0,25,1,60,,234969,8,0,25,1,20,,234983,8,0,25,1,20,,234995,8,0,25,1,60,,234986,8,0,25,1,20,,234980,8,0,25,1,30,,234971,8,0,25,1,70,,234973,8,0,25,1,30,,234987,8,0,25,1,70,,234992,8,0,25,1,30,,234961,8,0,25,1,70,,234989,8,0,25,1,30,,234962,8,0,25,1,70,,234993,8,0,25,1,30,,234985,8,0,25,1,70,,235000,8,,,1,30,,235001,8,,,1
72201,'722-Sunday-1-26-09-0000001',612,,235031,8,0,25,1,30,,235024,8,0,25,1,70,,235006,8,0,25,1,30,,235020,8,0,25,1,70,,235018,8,0,25,1,30,,235004,8,0,25,1,70,,235017,8,0,25,1,30,,235003,8,0,25,1,70,,235007,8,0,25,1,30,,235009,8,0,25,1,70,,235027,8,0,25,1,30,,235029,8,0,25,1,70,,235011,8,0,25,1,30,,235014,8,0,25,1,70,,235016,8,0,25,1,30,,235022,8,0,25,1,70,,235013,8,0,25,1,30,,235002,8,0,25,1,70,,235005,8,0,25,1,30,,235008,8,0,25,1,70,,235012,8,0,25,1,30,,235030,8,0,25,1,71,,235019,8,0,25,1,30,,235026,8,0,25,1,70,,235023,8,0,25,1,30,,235025,8,0,25,1,70,,235010,8,0,25,1,30,,235015,8,0,25,1,70,,235028,8,0,25,1,30,,235021,8,0,25,1,70,,235034,8,0,25,1,100,,235033,8,0,25,1,100,,235035,8,0,25,1,99,,235032,8,,,1
