11801,'118-Weekday-1-26-09-1111100',536,,219474,12,,,1,70,,219437,12,,,1,31,,219464,12,,,1,19,,219471,12,,,1,60,,219438,12,,,1,20,,219459,12,,,1,20,,219439,12,,,1,60,,219440,12,,,1,21,,219460,12,,,1,70,,219476,12,,,1,30,,219441,12,,,1,70,,219442,12,,,1,30,,219443,12,,,1,70,,219444,12,,,1,30,,219445,12,,,1,70,,219446,12,,,1,30,,219447,12,,,1,70,,219448,12,,,1,30,,219449,12,,,1,70,,219450,12,,,1,30,,219451,12,,,1,72,,219465,12,,,1,29,,219473,12,,,1,15,,219455,12,,,1,55,,219452,12,,,1,15,,219453,12,,,1,15,,219472,12,,,1,15,,219461,12,,,1,55,,219454,12,,,1,15,,219458,12,,,1,15,,219475,12,,,1,70,,219456,12,,,1,30,,219457,12,,,1,69,,219466,12,,,1,30,,219467,12,,,1,70,,219468,12,,,1,30,,219469,12,,,1,70,,219463,12,,,1,30,,219462,12,,,1,70,,219470,12,,,1
11801,'118-Weekday-2-26-09-1111100',536,,219514,12,,,1,70,,219477,12,,,1,31,,219504,12,,,1,19,,219511,12,,,1,60,,219478,12,,,1,20,,219499,12,,,1,20,,219479,12,,,1,60,,219480,12,,,1,21,,219500,12,,,1,70,,219516,12,,,1,30,,219481,12,,,1,70,,219482,12,,,1,30,,219483,12,,,1,70,,219484,12,,,1,30,,219485,12,,,1,70,,219486,12,,,1,30,,219487,12,,,1,70,,219488,12,,,1,30,,219489,12,,,1,70,,219490,12,,,1,30,,219491,12,,,1,72,,219505,12,,,1,29,,219513,12,,,1,15,,219495,12,,,1,55,,219492,12,,,1,15,,219493,12,,,1,15,,219512,12,,,1,15,,219501,12,,,1,55,,219494,12,,,1,15,,219498,12,,,1,15,,219515,12,,,1,70,,219496,12,,,1,30,,219497,12,,,1,69,,219506,12,,,1,30,,219507,12,,,1,70,,219508,12,,,1,30,,219509,12,,,1,70,,219503,12,,,1,30,,219502,12,,,1,70,,219510,12,,,1
11801,'118-Weekday-3-26-09-1111100',536,,262855,12,,,1,70,,262818,12,,,1,31,,262845,12,,,1,19,,262852,12,,,1,60,,262819,12,,,1,20,,262840,12,,,1,20,,262820,12,,,1,60,,262821,12,,,1,21,,262841,12,,,1,70,,262857,12,,,1,30,,262822,12,,,1,70,,262823,12,,,1,30,,262824,12,,,1,70,,262825,12,,,1,30,,262826,12,,,1,70,,262827,12,,,1,30,,262828,12,,,1,70,,262829,12,,,1,30,,262830,12,,,1,70,,262831,12,,,1,30,,262832,12,,,1,72,,262846,12,,,1,29,,262854,12,,,1,15,,262836,12,,,1,55,,262833,12,,,1,15,,262834,12,,,1,15,,262853,12,,,1,15,,262842,12,,,1,55,,262835,12,,,1,15,,262839,12,,,1,15,,262856,12,,,1,70,,262837,12,,,1,30,,262838,12,,,1,69,,262847,12,,,1,30,,262848,12,,,1,70,,262849,12,,,1,30,,262850,12,,,1,70,,262844,12,,,1,30,,262843,12,,,1,70,,262851,12,,,1
11801,'118-Weekday-4-26-09-1111100',536,,219554,12,,,1,70,,219517,12,,,1,31,,219544,12,,,1,19,,219551,12,,,1,60,,219518,12,,,1,20,,219539,12,,,1,20,,219519,12,,,1,60,,219520,12,,,1,21,,219540,12,,,1,70,,219556,12,,,1,30,,219521,12,,,1,70,,219522,12,,,1,30,,219523,12,,,1,70,,219524,12,,,1,30,,219525,12,,,1,70,,219526,12,,,1,30,,219527,12,,,1,70,,219528,12,,,1,30,,219529,12,,,1,70,,219530,12,,,1,30,,219531,12,,,1,72,,219545,12,,,1,29,,219553,12,,,1,15,,219535,12,,,1,55,,219532,12,,,1,15,,219533,12,,,1,15,,219552,12,,,1,15,,219541,12,,,1,55,,219534,12,,,1,15,,219538,12,,,1,15,,219555,12,,,1,70,,219536,12,,,1,30,,219537,12,,,1,69,,219546,12,,,1,30,,219547,12,,,1,70,,219548,12,,,1,30,,219549,12,,,1,70,,219543,12,,,1,30,,219542,12,,,1,70,,219550,12,,,1
11801,'118-Weekday-5-26-09-1111100',536,,262895,12,,,1,70,,262858,12,,,1,31,,262885,12,,,1,19,,262892,12,,,1,60,,262859,12,,,1,20,,262880,12,,,1,20,,262860,12,,,1,60,,262861,12,,,1,21,,262881,12,,,1,70,,262897,12,,,1,30,,262862,12,,,1,70,,262863,12,,,1,30,,262864,12,,,1,70,,262865,12,,,1,30,,262866,12,,,1,70,,262867,12,,,1,30,,262868,12,,,1,70,,262869,12,,,1,30,,262870,12,,,1,70,,262871,12,,,1,30,,262872,12,,,1,72,,262886,12,,,1,29,,262894,12,,,1,15,,262876,12,,,1,55,,262873,12,,,1,15,,262874,12,,,1,15,,262893,12,,,1,15,,262882,12,,,1,55,,262875,12,,,1,15,,262879,12,,,1,15,,262896,12,,,1,70,,262877,12,,,1,30,,262878,12,,,1,69,,262887,12,,,1,30,,262888,12,,,1,70,,262889,12,,,1,30,,262890,12,,,1,70,,262884,12,,,1,30,,262883,12,,,1,70,,262891,12,,,1
11801,'118-Weekday-6-26-09-1111100',536,,262935,12,,,1,70,,262898,12,,,1,31,,262925,12,,,1,19,,262932,12,,,1,60,,262899,12,,,1,20,,262920,12,,,1,20,,262900,12,,,1,60,,262901,12,,,1,21,,262921,12,,,1,70,,262937,12,,,1,30,,262902,12,,,1,70,,262903,12,,,1,30,,262904,12,,,1,70,,262905,12,,,1,30,,262906,12,,,1,70,,262907,12,,,1,30,,262908,12,,,1,70,,262909,12,,,1,30,,262910,12,,,1,70,,262911,12,,,1,30,,262912,12,,,1,72,,262926,12,,,1,29,,262934,12,,,1,15,,262916,12,,,1,55,,262913,12,,,1,15,,262914,12,,,1,15,,262933,12,,,1,15,,262922,12,,,1,55,,262915,12,,,1,15,,262919,12,,,1,15,,262936,12,,,1,70,,262917,12,,,1,30,,262918,12,,,1,69,,262927,12,,,1,30,,262928,12,,,1,70,,262929,12,,,1,30,,262930,12,,,1,70,,262924,12,,,1,30,,262923,12,,,1,70,,262931,12,,,1
11801,'118-Weekday-7-26-09-1111100',536,,262975,12,,,1,70,,262938,12,,,1,31,,262965,12,,,1,19,,262972,12,,,1,60,,262939,12,,,1,20,,262960,12,,,1,20,,262940,12,,,1,60,,262941,12,,,1,21,,262961,12,,,1,70,,262977,12,,,1,30,,262942,12,,,1,70,,262943,12,,,1,30,,262944,12,,,1,70,,262945,12,,,1,30,,262946,12,,,1,70,,262947,12,,,1,30,,262948,12,,,1,70,,262949,12,,,1,30,,262950,12,,,1,70,,262951,12,,,1,30,,262952,12,,,1,72,,262966,12,,,1,29,,262974,12,,,1,15,,262956,12,,,1,55,,262953,12,,,1,15,,262954,12,,,1,15,,262973,12,,,1,15,,262962,12,,,1,55,,262955,12,,,1,15,,262959,12,,,1,15,,262976,12,,,1,70,,262957,12,,,1,30,,262958,12,,,1,69,,262967,12,,,1,30,,262968,12,,,1,70,,262969,12,,,1,30,,262970,12,,,1,70,,262964,12,,,1,30,,262963,12,,,1,70,,262971,12,,,1
11801,'118-Saturday-1-26-09-0000010',656,,219557,12,,,1,100,,219558,12,,,1,90,,219559,12,,,1,71,,219581,12,,,1,30,,219560,12,,,1,70,,219561,12,,,1,30,,219562,12,,,1,70,,219563,12,,,1,30,,219564,12,,,1,70,,219565,12,,,1,30,,219566,12,,,1,70,,219567,12,,,1,30,,219568,12,,,1,70,,219569,12,,,1,30,,219570,12,,,1,70,,219571,12,,,1,30,,219572,12,,,1,70,,219573,12,,,1,30,,219574,12,,,1,70,,219575,12,,,1,30,,219576,12,,,1,70,,219577,12,,,1,30,,219578,12,,,1,70,,219579,12,,,1,30,,219580,12,,,1
11801,'118-Sunday-1-26-09-0000001',612,,219602,12,,,1,100,,219601,12,,,1,100,,219600,12,,,1,97,,219599,12,,,1,45,,219598,12,,,1,70,,219597,12,,,1,30,,219596,12,,,1,70,,219595,12,,,1,30,,219594,12,,,1,70,,219593,12,,,1,30,,219592,12,,,1,70,,219591,12,,,1,30,,219590,12,,,1,70,,219589,12,,,1,30,,219588,12,,,1,70,,219587,12,,,1,30,,219586,12,,,1,70,,219585,12,,,1,30,,219584,12,,,1,69,,219583,12,,,1,30,,219582,12,,,1,70,,219603,12,,,1
61201,'612-Weekday-1-26-09-1111100',729,,227410,11,,,1
61201,'612-Weekday-4-26-09-1111100',729,,270270,11,,,1
61201,'612-Weekday-7-26-09-1111100',729,,270271,11,,,1
62001,'620-Weekday-1-26-09-1111100',738,,227456,11,0,62 63,1,79,,227457,11,0,62 63,1,5,,227458,11,0,62 63,1
62001,'620-Weekday-3-26-09-1111100',817,,227459,11,0,62 63,1,5,,227460,11,0,62 63,1
62001,'620-Weekday-4-26-09-1111100',738,,270305,11,0,62 63,1
62001,'620-Weekday-7-26-09-1111100',738,,270306,11,0,62 63,1,79,,270307,11,0,62 63,1,5,,270308,11,0,62 63,1
