90100,'901-Weekday-1-26-09-0001000',1255,,235903,14,,,1
90100,'901-Weekday-1-26-09-1110100',1555,,235904,14,,,1
90100,'901-Weekday-1-26-09-1111100',515,,235978,23,,,1,20,,235979,23,,,1,20,,235906,23,,,1,49,,235907,23,,,1,10,,235908,23,,,1,10,,235909,23,,,1,12,,235910,23,,,1,15,,235911,23,,,1,50,,235912,23,,,1,10,,235913,23,,,1,10,,235914,23,,,1,10,,235915,23,,,1,10,,235916,23,,,1,10,,235917,23,,,1,50,,235918,23,,,1,10,,235919,23,,,1,10,,235920,23,,,1,10,,235921,23,,,1,10,,235922,23,,,1,10,,235923,23,,,1,55,,235924,23,,,1,13,,235925,23,,,1,15,,235926,23,,,1,15,,235927,23,,,1,55,,235928,23,,,1,15,,235929,23,,,1,15,,235930,23,,,1,15,,235931,23,,,1,55,,235932,23,,,1,15,,235933,23,,,1,15,,235934,23,,,1,15,,235935,23,,,1,55,,235936,23,,,1,15,,235937,23,,,1,15,,235938,23,,,1,15,,235939,23,,,1,55,,235940,23,,,1,15,,235941,23,,,1,15,,235942,23,,,1,15,,235943,23,,,1,55,,235944,23,,,1,15,,235945,23,,,1,15,,235946,23,,,1,15,,235947,23,,,1,55,,235948,23,,,1,17,,235949,23,,,1,15,,235950,23,,,1,15,,235951,23,,,1,55,,235952,23,,,1,15,,235953,23,,,1,15,,235954,23,,,1,15,,235955,23,,,1,55,,235956,23,,,1,15,,235957,23,,,1,15,,235958,23,,,1,15,,235959,23,,,1,60,,235960,23,,,1,19,,235961,23,,,1,15,,235962,23,,,1,60,,235963,23,,,1,20,,235964,23,,,1,20,,235965,23,,,1,60,,235966,23,,,1,20,,235967,23,,,1,20,,235905,23,,,1,60,,235968,23,,,1,20,,235969,23,,,1,20,,235970,23,,,1,59,,235971,23,,,1,29,,235972,23,,,1,70,,235973,23,,,1,30,,235974,23,,,1,70,,235975,23,,,1,30,,235976,23,,,1,70,,235977,23,,,1
90100,'901-Weekday-2-26-09-1111100',515,,236053,23,,,1,20,,236054,23,,,1,20,,235981,23,,,1,49,,235982,23,,,1,10,,235983,23,,,1,10,,235984,23,,,1,12,,235985,23,,,1,15,,235986,23,,,1,50,,235987,23,,,1,10,,235988,23,,,1,10,,235989,23,,,1,10,,235990,23,,,1,10,,235991,23,,,1,10,,235992,23,,,1,50,,235993,23,,,1,10,,235994,23,,,1,10,,235995,23,,,1,10,,235996,23,,,1,10,,235997,23,,,1,10,,235998,23,,,1,55,,235999,23,,,1,13,,236000,23,,,1,15,,236001,23,,,1,15,,236002,23,,,1,55,,236003,23,,,1,15,,236004,23,,,1,15,,236005,23,,,1,15,,236006,23,,,1,55,,236007,23,,,1,15,,236008,23,,,1,15,,236009,23,,,1,15,,236010,23,,,1,55,,236011,23,,,1,15,,236012,23,,,1,15,,236013,23,,,1,15,,236014,23,,,1,55,,236015,23,,,1,15,,236016,23,,,1,15,,236017,23,,,1,15,,236018,23,,,1,55,,236019,23,,,1,15,,236020,23,,,1,15,,236021,23,,,1,15,,236022,23,,,1,55,,236023,23,,,1,17,,236024,23,,,1,15,,236025,23,,,1,15,,236026,23,,,1,55,,236027,23,,,1,15,,236028,23,,,1,15,,236029,23,,,1,15,,236030,23,,,1,55,,236031,23,,,1,15,,236032,23,,,1,15,,236033,23,,,1,15,,236034,23,,,1,60,,236035,23,,,1,19,,236036,23,,,1,15,,236037,23,,,1,60,,236038,23,,,1,20,,236039,23,,,1,20,,236040,23,,,1,60,,236041,23,,,1,20,,236042,23,,,1,20,,235980,23,,,1,60,,236043,23,,,1,20,,236044,23,,,1,20,,236045,23,,,1,59,,236046,23,,,1,29,,236047,23,,,1,70,,236048,23,,,1,30,,236049,23,,,1,70,,236050,23,,,1,30,,236051,23,,,1,70,,236052,23,,,1
90100,'901-Weekday-3-26-09-1110100',1555,,278575,14,,,1
90100,'901-Weekday-3-26-09-1111100',515,,278649,23,,,1,20,,278650,23,,,1,20,,278577,23,,,1,49,,278578,23,,,1,10,,278579,23,,,1,10,,278580,23,,,1,12,,278581,23,,,1,15,,278582,23,,,1,50,,278583,23,,,1,10,,278584,23,,,1,10,,278585,23,,,1,10,,278586,23,,,1,10,,278587,23,,,1,10,,278588,23,,,1,50,,278589,23,,,1,10,,278590,23,,,1,10,,278591,23,,,1,10,,278592,23,,,1,10,,278593,23,,,1,10,,278594,23,,,1,55,,278595,23,,,1,13,,278596,23,,,1,15,,278597,23,,,1,15,,278598,23,,,1,55,,278599,23,,,1,15,,278600,23,,,1,15,,278601,23,,,1,15,,278602,23,,,1,55,,278603,23,,,1,15,,278604,23,,,1,15,,278605,23,,,1,15,,278606,23,,,1,55,,278607,23,,,1,15,,278608,23,,,1,15,,278609,23,,,1,15,,278610,23,,,1,55,,278611,23,,,1,15,,278612,23,,,1,15,,278613,23,,,1,15,,278614,23,,,1,55,,278615,23,,,1,15,,278616,23,,,1,15,,278617,23,,,1,15,,278618,23,,,1,55,,278619,23,,,1,17,,278620,23,,,1,15,,278621,23,,,1,15,,278622,23,,,1,55,,278623,23,,,1,15,,278624,23,,,1,15,,278625,23,,,1,15,,278626,23,,,1,55,,278627,23,,,1,15,,278628,23,,,1,15,,278629,23,,,1,15,,278630,23,,,1,60,,278631,23,,,1,19,,278632,23,,,1,15,,278633,23,,,1,60,,278634,23,,,1,20,,278635,23,,,1,20,,278636,23,,,1,60,,278637,23,,,1,20,,278638,23,,,1,20,,278576,23,,,1,60,,278639,23,,,1,20,,278640,23,,,1,20,,278641,23,,,1,59,,278642,23,,,1,29,,278643,23,,,1,70,,278644,23,,,1,30,,278645,23,,,1,70,,278646,23,,,1,30,,278647,23,,,1,70,,278648,23,,,1
90100,'901-Weekday-4-26-09-1111100',515,,236128,23,,,1,20,,236129,23,,,1,20,,236056,23,,,1,49,,236057,23,,,1,10,,236058,23,,,1,10,,236059,23,,,1,12,,236060,23,,,1,15,,236061,23,,,1,50,,236062,23,,,1,10,,236063,23,,,1,10,,236064,23,,,1,10,,236065,23,,,1,10,,236066,23,,,1,10,,236067,23,,,1,50,,236068,23,,,1,10,,236069,23,,,1,10,,236070,23,,,1,10,,236071,23,,,1,10,,236072,23,,,1,10,,236073,23,,,1,55,,236074,23,,,1,13,,236075,23,,,1,15,,236076,23,,,1,15,,236077,23,,,1,55,,236078,23,,,1,15,,236079,23,,,1,15,,236080,23,,,1,15,,236081,23,,,1,55,,236082,23,,,1,15,,236083,23,,,1,15,,236084,23,,,1,15,,236085,23,,,1,55,,236086,23,,,1,15,,236087,23,,,1,15,,236088,23,,,1,15,,236089,23,,,1,55,,236090,23,,,1,15,,236091,23,,,1,15,,236092,23,,,1,15,,236093,23,,,1,55,,236094,23,,,1,15,,236095,23,,,1,15,,236096,23,,,1,15,,236097,23,,,1,55,,236098,23,,,1,17,,236099,23,,,1,15,,236100,23,,,1,15,,236101,23,,,1,55,,236102,23,,,1,15,,236103,23,,,1,15,,236104,23,,,1,15,,236105,23,,,1,55,,236106,23,,,1,15,,236107,23,,,1,15,,236108,23,,,1,15,,236109,23,,,1,60,,236110,23,,,1,19,,236111,23,,,1,15,,236112,23,,,1,60,,236113,23,,,1,20,,236114,23,,,1,20,,236115,23,,,1,60,,236116,23,,,1,20,,236117,23,,,1,20,,236055,23,,,1,60,,236118,23,,,1,20,,236119,23,,,1,20,,236120,23,,,1,59,,236121,23,,,1,29,,236122,23,,,1,70,,236123,23,,,1,30,,236124,23,,,1,70,,236125,23,,,1,30,,236126,23,,,1,70,,236127,23,,,1
90100,'901-Weekday-5-26-09-1111100',515,,278724,23,,,1,20,,278725,23,,,1,20,,278652,23,,,1,49,,278653,23,,,1,10,,278654,23,,,1,10,,278655,23,,,1,12,,278656,23,,,1,15,,278657,23,,,1,50,,278658,23,,,1,10,,278659,23,,,1,10,,278660,23,,,1,10,,278661,23,,,1,10,,278662,23,,,1,10,,278663,23,,,1,50,,278664,23,,,1,10,,278665,23,,,1,10,,278666,23,,,1,10,,278667,23,,,1,10,,278668,23,,,1,10,,278669,23,,,1,55,,278670,23,,,1,13,,278671,23,,,1,15,,278672,23,,,1,15,,278673,23,,,1,55,,278674,23,,,1,15,,278675,23,,,1,15,,278676,23,,,1,15,,278677,23,,,1,55,,278678,23,,,1,15,,278679,23,,,1,15,,278680,23,,,1,15,,278681,23,,,1,55,,278682,23,,,1,15,,278683,23,,,1,15,,278684,23,,,1,15,,278685,23,,,1,55,,278686,23,,,1,15,,278687,23,,,1,15,,278688,23,,,1,15,,278689,23,,,1,55,,278690,23,,,1,15,,278691,23,,,1,15,,278692,23,,,1,15,,278693,23,,,1,55,,278694,23,,,1,17,,278695,23,,,1,15,,278696,23,,,1,15,,278697,23,,,1,55,,278698,23,,,1,15,,278699,23,,,1,15,,278700,23,,,1,15,,278701,23,,,1,55,,278702,23,,,1,15,,278703,23,,,1,15,,278704,23,,,1,15,,278705,23,,,1,60,,278706,23,,,1,19,,278707,23,,,1,15,,278708,23,,,1,60,,278709,23,,,1,20,,278710,23,,,1,20,,278711,23,,,1,60,,278712,23,,,1,20,,278713,23,,,1,20,,278651,23,,,1,60,,278714,23,,,1,20,,278715,23,,,1,20,,278716,23,,,1,59,,278717,23,,,1,29,,278718,23,,,1,70,,278719,23,,,1,30,,278720,23,,,1,70,,278721,23,,,1,30,,278722,23,,,1,70,,278723,23,,,1
90100,'901-Weekday-6-26-09-1110100',1555,,278726,14,,,1
90100,'901-Weekday-6-26-09-1111100',515,,278800,23,,,1,20,,278801,23,,,1,20,,278728,23,,,1,49,,278729,23,,,1,10,,278730,23,,,1,10,,278731,23,,,1,12,,278732,23,,,1,15,,278733,23,,,1,50,,278734,23,,,1,10,,278735,23,,,1,10,,278736,23,,,1,10,,278737,23,,,1,10,,278738,23,,,1,10,,278739,23,,,1,50,,278740,23,,,1,10,,278741,23,,,1,10,,278742,23,,,1,10,,278743,23,,,1,10,,278744,23,,,1,10,,278745,23,,,1,55,,278746,23,,,1,13,,278747,23,,,1,15,,278748,23,,,1,15,,278749,23,,,1,55,,278750,23,,,1,15,,278751,23,,,1,15,,278752,23,,,1,15,,278753,23,,,1,55,,278754,23,,,1,15,,278755,23,,,1,15,,278756,23,,,1,15,,278757,23,,,1,55,,278758,23,,,1,15,,278759,23,,,1,15,,278760,23,,,1,15,,278761,23,,,1,55,,278762,23,,,1,15,,278763,23,,,1,15,,278764,23,,,1,15,,278765,23,,,1,55,,278766,23,,,1,15,,278767,23,,,1,15,,278768,23,,,1,15,,278769,23,,,1,55,,278770,23,,,1,17,,278771,23,,,1,15,,278772,23,,,1,15,,278773,23,,,1,55,,278774,23,,,1,15,,278775,23,,,1,15,,278776,23,,,1,15,,278777,23,,,1,55,,278778,23,,,1,15,,278779,23,,,1,15,,278780,23,,,1,15,,278781,23,,,1,60,,278782,23,,,1,19,,278783,23,,,1,15,,278784,23,,,1,60,,278785,23,,,1,20,,278786,23,,,1,20,,278787,23,,,1,60,,278788,23,,,1,20,,278789,23,,,1,20,,278727,23,,,1,60,,278790,23,,,1,20,,278791,23,,,1,20,,278792,23,,,1,59,,278793,23,,,1,29,,278794,23,,,1,70,,278795,23,,,1,30,,278796,23,,,1,70,,278797,23,,,1,30,,278798,23,,,1,70,,278799,23,,,1
90100,'901-Weekday-7-26-09-1111100',515,,278875,23,,,1,20,,278876,23,,,1,20,,278803,23,,,1,49,,278804,23,,,1,10,,278805,23,,,1,10,,278806,23,,,1,12,,278807,23,,,1,15,,278808,23,,,1,50,,278809,23,,,1,10,,278810,23,,,1,10,,278811,23,,,1,10,,278812,23,,,1,10,,278813,23,,,1,10,,278814,23,,,1,50,,278815,23,,,1,10,,278816,23,,,1,10,,278817,23,,,1,10,,278818,23,,,1,10,,278819,23,,,1,10,,278820,23,,,1,55,,278821,23,,,1,13,,278822,23,,,1,15,,278823,23,,,1,15,,278824,23,,,1,55,,278825,23,,,1,15,,278826,23,,,1,15,,278827,23,,,1,15,,278828,23,,,1,55,,278829,23,,,1,15,,278830,23,,,1,15,,278831,23,,,1,15,,278832,23,,,1,55,,278833,23,,,1,15,,278834,23,,,1,15,,278835,23,,,1,15,,278836,23,,,1,55,,278837,23,,,1,15,,278838,23,,,1,15,,278839,23,,,1,15,,278840,23,,,1,55,,278841,23,,,1,15,,278842,23,,,1,15,,278843,23,,,1,15,,278844,23,,,1,55,,278845,23,,,1,17,,278846,23,,,1,15,,278847,23,,,1,15,,278848,23,,,1,55,,278849,23,,,1,15,,278850,23,,,1,15,,278851,23,,,1,15,,278852,23,,,1,55,,278853,23,,,1,15,,278854,23,,,1,15,,278855,23,,,1,15,,278856,23,,,1,60,,278857,23,,,1,19,,278858,23,,,1,15,,278859,23,,,1,60,,278860,23,,,1,20,,278861,23,,,1,20,,278862,23,,,1,60,,278863,23,,,1,20,,278864,23,,,1,20,,278802,23,,,1,60,,278865,23,,,1,20,,278866,23,,,1,20,,278867,23,,,1,59,,278868,23,,,1,29,,278869,23,,,1,70,,278870,23,,,1,30,,278871,23,,,1,70,,278872,23,,,1,30,,278873,23,,,1,70,,278874,23,,,1
90100,'901-Saturday-1-26-09-0000010',540,,236130,23,,,1,70,,236131,23,,,1,30,,236132,23,,,1,70,,236133,23,,,1,30,,236134,23,,,1,70,,236135,23,,,1,20,,236136,23,,,1,20,,236137,23,,,1,62,,236138,23,,,1,20,,236139,23,,,1,20,,236140,23,,,1,63,,236141,23,,,1,20,,236142,23,,,1,20,,236143,23,,,1,60,,236144,23,,,1,20,,236145,23,,,1,20,,236146,23,,,1,60,,236147,23,,,1,20,,236148,23,,,1,20,,236149,23,,,1,60,,236150,23,,,1,20,,236151,23,,,1,20,,236152,23,,,1,60,,236153,23,,,1,20,,236154,23,,,1,20,,236155,23,,,1,60,,236156,23,,,1,20,,236157,23,,,1,20,,236158,23,,,1,60,,236159,23,,,1,20,,236160,23,,,1,20,,236161,23,,,1,60,,236162,23,,,1,20,,236163,23,,,1,20,,236164,23,,,1,60,,236165,23,,,1,20,,236166,23,,,1,20,,236167,23,,,1,66,,236168,23,,,1,30,,236169,23,,,1,70,,236170,23,,,1,30,,236171,23,,,1,70,,236172,23,,,1,30,,236173,23,,,1,70,,236174,23,,,1,30,,236175,23,,,1,70,,236176,23,,,1,30,,236177,23,,,1,70,,236178,23,,,1
90100,'901-Sunday-1-26-09-0000001',559,,236179,23,,,1,100,,236180,23,,,1,100,,236181,23,,,1,100,,236182,23,,,1,72,,236183,23,,,1,70,,236184,23,,,1,30,,236185,23,,,1,70,,236186,23,,,1,30,,236187,23,,,1,70,,236188,23,,,1,30,,236189,23,,,1,70,,236190,23,,,1,30,,236191,23,,,1,70,,236192,23,,,1,30,,236193,23,,,1,70,,236194,23,,,1,30,,236195,23,,,1,70,,236196,23,,,1,30,,236197,23,,,1,70,,236198,23,,,1,30,,236199,23,,,1,70,,236200,23,,,1,30,,236201,23,,,1,70,,236202,23,,,1,30,,236203,23,,,1,70,,236204,23,,,1,30,,236205,23,,,1,70,,236206,23,,,1,100,,236207,23,,,1,100,,236208,23,,,1,100,,236209,23,,,1
