201,'002-Weekday-1-26-09-1111100',520,,204016,45,,,1,20,,204017,45,,,1,60,,204018,45,,,1,20,,204019,45,,,1,22,,204020,45,,,1,13,,204089,45,,,1,53,,204090,45,,,1,11,,204091,45,,,1,10,,204092,45,,,1,10,,204093,45,,,1,10,,204094,45,,,1,10,,204095,45,,,1,50,,204096,45,,,1,10,,204097,45,,,1,10,,204098,45,,,1,10,,204099,45,,,1,10,,204100,45,,,1,10,,204101,45,,,1,50,,204102,45,,,1,15,,204021,45,,,1,15,,204088,45,,,1,15,,204022,45,,,1,55,,204023,45,,,1,15,,204024,45,,,1,15,,204025,45,,,1,15,,204026,45,,,1,55,,204027,45,,,1,15,,204028,45,,,1,15,,204029,45,,,1,15,,204030,45,,,1,55,,204031,45,,,1,15,,204032,45,,,1,15,,204033,45,,,1,15,,204034,45,,,1,55,,204035,45,,,1,15,,204036,45,,,1,15,,204037,45,,,1,15,,204038,45,,,1,55,,204039,45,,,1,15,,204040,45,,,1,15,,204041,45,,,1,15,,204042,45,,,1,58,,204043,45,,,1,17,,204104,34,,,1,1,,204044,45,,,1,13,,204045,45,,,1,11,,204103,45,,,1,2,,204046,45,,,1,52,,204047,45,,,1,12,,204048,45,,,1,12,,204049,45,,,1,13,,204050,45,,,1,14,,204051,45,,,1,52,,204052,45,,,1,12,,204053,45,,,1,15,,204054,45,,,1,15,,204055,45,,,1,55,,204056,45,,,1,14,,204057,45,,,1,13,,204058,45,,,1,11,,204059,45,,,1,12,,204060,45,,,1,52,,204061,45,,,1,16,,204062,45,,,1,19,,204063,45,,,1,58,,204064,45,,,1,15,,204065,45,,,1,15,,204066,45,,,1,15,,204067,45,,,1,55,,204068,45,,,1,15,,204069,45,,,1,15,,204070,45,,,1,15,,204071,45,,,1,54,,204072,45,,,1,14,,204073,45,,,1,14,,204074,45,,,1,14,,204075,45,,,1,14,,204076,45,,,1,53,,204077,45,,,1,20,,204078,45,,,1,20,,204079,45,,,1,59,,204080,45,,,1,17,,204081,45,,,1,28,,204082,45,,,1,70,,204083,45,,,1,30,,204084,64,0,28 41 7 42,1,70,,204085,64,0,28 41 7 42,1,30,,204086,64,0,28 41 7 42,1,70,,204087,64,0,28 41 7 42,1
201,'002-Weekday-2-26-09-1111100',520,,204105,45,,,1,20,,204106,45,,,1,60,,204107,45,,,1,20,,204108,45,,,1,22,,204109,45,,,1,13,,204178,45,,,1,53,,204179,45,,,1,11,,204180,45,,,1,10,,204181,45,,,1,10,,204182,45,,,1,10,,204183,45,,,1,10,,204184,45,,,1,50,,204185,45,,,1,10,,204186,45,,,1,10,,204187,45,,,1,10,,204188,45,,,1,10,,204189,45,,,1,10,,204190,45,,,1,50,,204191,45,,,1,15,,204110,45,,,1,15,,204177,45,,,1,15,,204111,45,,,1,55,,204112,45,,,1,15,,204113,45,,,1,15,,204114,45,,,1,15,,204115,45,,,1,55,,204116,45,,,1,15,,204117,45,,,1,15,,204118,45,,,1,15,,204119,45,,,1,55,,204120,45,,,1,15,,204121,45,,,1,15,,204122,45,,,1,15,,204123,45,,,1,55,,204124,45,,,1,15,,204125,45,,,1,15,,204126,45,,,1,15,,204127,45,,,1,55,,204128,45,,,1,15,,204129,45,,,1,15,,204130,45,,,1,15,,204131,45,,,1,58,,204132,45,,,1,17,,204193,34,,,1,1,,204133,45,,,1,13,,204134,45,,,1,11,,204192,45,,,1,2,,204135,45,,,1,52,,204136,45,,,1,12,,204137,45,,,1,12,,204138,45,,,1,13,,204139,45,,,1,14,,204140,45,,,1,52,,204141,45,,,1,12,,204142,45,,,1,15,,204143,45,,,1,15,,204144,45,,,1,55,,204145,45,,,1,14,,204146,45,,,1,13,,204147,45,,,1,11,,204148,45,,,1,12,,204149,45,,,1,52,,204150,45,,,1,16,,204151,45,,,1,19,,204152,45,,,1,58,,204153,45,,,1,15,,204154,45,,,1,15,,204155,45,,,1,15,,204156,45,,,1,55,,204157,45,,,1,15,,204158,45,,,1,15,,204159,45,,,1,15,,204160,45,,,1,54,,204161,45,,,1,14,,204162,45,,,1,14,,204163,45,,,1,14,,204164,45,,,1,14,,204165,45,,,1,53,,204166,45,,,1,20,,204167,45,,,1,20,,204168,45,,,1,59,,204169,45,,,1,17,,204170,45,,,1,28,,204171,45,,,1,70,,204172,45,,,1,30,,204173,64,0,28 41 7 42,1,70,,204174,64,0,28 41 7 42,1,30,,204175,64,0,28 41 7 42,1,70,,204176,64,0,28 41 7 42,1
201,'002-Weekday-3-26-09-1111100',520,,248026,45,,,1,20,,248027,45,,,1,60,,248028,45,,,1,20,,248029,45,,,1,22,,248030,45,,,1,13,,248099,45,,,1,53,,248100,45,,,1,11,,248101,45,,,1,10,,248102,45,,,1,10,,248103,45,,,1,10,,248104,45,,,1,10,,248105,45,,,1,50,,248106,45,,,1,10,,248107,45,,,1,10,,248108,45,,,1,10,,248109,45,,,1,10,,248110,45,,,1,10,,248111,45,,,1,50,,248112,45,,,1,15,,248031,45,,,1,15,,248098,45,,,1,15,,248032,45,,,1,55,,248033,45,,,1,15,,248034,45,,,1,15,,248035,45,,,1,15,,248036,45,,,1,55,,248037,45,,,1,15,,248038,45,,,1,15,,248039,45,,,1,15,,248040,45,,,1,55,,248041,45,,,1,15,,248042,45,,,1,15,,248043,45,,,1,15,,248044,45,,,1,55,,248045,45,,,1,15,,248046,45,,,1,15,,248047,45,,,1,15,,248048,45,,,1,55,,248049,45,,,1,15,,248050,45,,,1,15,,248051,45,,,1,15,,248052,45,,,1,58,,248053,45,,,1,17,,248114,34,,,1,1,,248054,45,,,1,13,,248055,45,,,1,11,,248113,45,,,1,2,,248056,45,,,1,52,,248057,45,,,1,12,,248058,45,,,1,12,,248059,45,,,1,13,,248060,45,,,1,14,,248061,45,,,1,52,,248062,45,,,1,12,,248063,45,,,1,15,,248064,45,,,1,15,,248065,45,,,1,55,,248066,45,,,1,14,,248067,45,,,1,13,,248068,45,,,1,11,,248069,45,,,1,12,,248070,45,,,1,52,,248071,45,,,1,16,,248072,45,,,1,19,,248073,45,,,1,58,,248074,45,,,1,15,,248075,45,,,1,15,,248076,45,,,1,15,,248077,45,,,1,55,,248078,45,,,1,15,,248079,45,,,1,15,,248080,45,,,1,15,,248081,45,,,1,54,,248082,45,,,1,14,,248083,45,,,1,14,,248084,45,,,1,14,,248085,45,,,1,14,,248086,45,,,1,53,,248087,45,,,1,20,,248088,45,,,1,20,,248089,45,,,1,59,,248090,45,,,1,17,,248091,45,,,1,28,,248092,45,,,1,70,,248093,45,,,1,30,,248094,64,0,28 41 7 42,1,70,,248095,64,0,28 41 7 42,1,30,,248096,64,0,28 41 7 42,1,70,,248097,64,0,28 41 7 42,1
201,'002-Weekday-4-26-09-1111100',520,,204194,45,,,1,20,,204195,45,,,1,60,,204196,45,,,1,20,,204197,45,,,1,22,,204198,45,,,1,13,,204267,45,,,1,53,,204268,45,,,1,11,,204269,45,,,1,10,,204270,45,,,1,10,,204271,45,,,1,10,,204272,45,,,1,10,,204273,45,,,1,50,,204274,45,,,1,10,,204275,45,,,1,10,,204276,45,,,1,10,,204277,45,,,1,10,,204278,45,,,1,10,,204279,45,,,1,50,,204280,45,,,1,15,,204199,45,,,1,15,,204266,45,,,1,15,,204200,45,,,1,55,,204201,45,,,1,15,,204202,45,,,1,15,,204203,45,,,1,15,,204204,45,,,1,55,,204205,45,,,1,15,,204206,45,,,1,15,,204207,45,,,1,15,,204208,45,,,1,55,,204209,45,,,1,15,,204210,45,,,1,15,,204211,45,,,1,15,,204212,45,,,1,55,,204213,45,,,1,15,,204214,45,,,1,15,,204215,45,,,1,15,,204216,45,,,1,55,,204217,45,,,1,15,,204218,45,,,1,15,,204219,45,,,1,15,,204220,45,,,1,58,,204221,45,,,1,18,,204222,45,,,1,13,,204223,45,,,1,11,,204281,45,,,1,2,,204224,45,,,1,52,,204225,45,,,1,12,,204226,45,,,1,12,,204227,45,,,1,13,,204228,45,,,1,14,,204229,45,,,1,52,,204230,45,,,1,12,,204231,45,,,1,15,,204232,45,,,1,15,,204233,45,,,1,55,,204234,45,,,1,14,,204235,45,,,1,13,,204236,45,,,1,11,,204237,45,,,1,12,,204238,45,,,1,52,,204239,45,,,1,16,,204240,45,,,1,19,,204241,45,,,1,58,,204242,45,,,1,15,,204243,45,,,1,15,,204244,45,,,1,15,,204245,45,,,1,55,,204246,45,,,1,15,,204247,45,,,1,15,,204248,45,,,1,15,,204249,45,,,1,54,,204250,45,,,1,14,,204251,45,,,1,14,,204252,45,,,1,14,,204253,45,,,1,14,,204254,45,,,1,53,,204255,45,,,1,20,,204256,45,,,1,20,,204257,45,,,1,59,,204258,45,,,1,17,,204259,45,,,1,28,,204260,45,,,1,70,,204261,45,,,1,30,,204262,64,0,28 41 7 42,1,70,,204263,64,0,28 41 7 42,1,30,,204264,64,0,28 41 7 42,1,70,,204265,64,0,28 41 7 42,1
201,'002-Weekday-5-26-09-1111100',520,,248115,45,,,1,20,,248116,45,,,1,60,,248117,45,,,1,20,,248118,45,,,1,22,,248119,45,,,1,13,,248188,45,,,1,53,,248189,45,,,1,11,,248190,45,,,1,10,,248191,45,,,1,10,,248192,45,,,1,10,,248193,45,,,1,10,,248194,45,,,1,50,,248195,45,,,1,10,,248196,45,,,1,10,,248197,45,,,1,10,,248198,45,,,1,10,,248199,45,,,1,10,,248200,45,,,1,50,,248201,45,,,1,15,,248120,45,,,1,15,,248187,45,,,1,15,,248121,45,,,1,55,,248122,45,,,1,15,,248123,45,,,1,15,,248124,45,,,1,15,,248125,45,,,1,55,,248126,45,,,1,15,,248127,45,,,1,15,,248128,45,,,1,15,,248129,45,,,1,55,,248130,45,,,1,15,,248131,45,,,1,15,,248132,45,,,1,15,,248133,45,,,1,55,,248134,45,,,1,15,,248135,45,,,1,15,,248136,45,,,1,15,,248137,45,,,1,55,,248138,45,,,1,15,,248139,45,,,1,15,,248140,45,,,1,15,,248141,45,,,1,58,,248142,45,,,1,18,,248143,45,,,1,13,,248144,45,,,1,11,,248202,45,,,1,2,,248145,45,,,1,52,,248146,45,,,1,12,,248147,45,,,1,12,,248148,45,,,1,13,,248149,45,,,1,14,,248150,45,,,1,52,,248151,45,,,1,12,,248152,45,,,1,15,,248153,45,,,1,15,,248154,45,,,1,55,,248155,45,,,1,14,,248156,45,,,1,13,,248157,45,,,1,11,,248158,45,,,1,12,,248159,45,,,1,52,,248160,45,,,1,16,,248161,45,,,1,19,,248162,45,,,1,58,,248163,45,,,1,15,,248164,45,,,1,15,,248165,45,,,1,15,,248166,45,,,1,55,,248167,45,,,1,15,,248168,45,,,1,15,,248169,45,,,1,15,,248170,45,,,1,54,,248171,45,,,1,14,,248172,45,,,1,14,,248173,45,,,1,14,,248174,45,,,1,14,,248175,45,,,1,53,,248176,45,,,1,20,,248177,45,,,1,20,,248178,45,,,1,59,,248179,45,,,1,17,,248180,45,,,1,28,,248181,45,,,1,70,,248182,45,,,1,30,,248183,64,0,28 41 7 42,1,70,,248184,64,0,28 41 7 42,1,30,,248185,64,0,28 41 7 42,1,70,,248186,64,0,28 41 7 42,1
201,'002-Weekday-6-26-09-1111100',520,,248203,45,,,1,20,,248204,45,,,1,60,,248205,45,,,1,20,,248206,45,,,1,22,,248207,45,,,1,13,,248276,45,,,1,53,,248277,45,,,1,11,,248278,45,,,1,10,,248279,45,,,1,10,,248280,45,,,1,10,,248281,45,,,1,10,,248282,45,,,1,50,,248283,45,,,1,10,,248284,45,,,1,10,,248285,45,,,1,10,,248286,45,,,1,10,,248287,45,,,1,10,,248288,45,,,1,50,,248289,45,,,1,15,,248208,45,,,1,15,,248275,45,,,1,15,,248209,45,,,1,55,,248210,45,,,1,15,,248211,45,,,1,15,,248212,45,,,1,15,,248213,45,,,1,55,,248214,45,,,1,15,,248215,45,,,1,15,,248216,45,,,1,15,,248217,45,,,1,55,,248218,45,,,1,15,,248219,45,,,1,15,,248220,45,,,1,15,,248221,45,,,1,55,,248222,45,,,1,15,,248223,45,,,1,15,,248224,45,,,1,15,,248225,45,,,1,55,,248226,45,,,1,15,,248227,45,,,1,15,,248228,45,,,1,15,,248229,45,,,1,58,,248230,45,,,1,17,,248290,34,,,1,1,,248231,45,,,1,13,,248232,45,,,1,13,,248233,45,,,1,52,,248234,45,,,1,12,,248235,45,,,1,12,,248236,45,,,1,13,,248237,45,,,1,14,,248238,45,,,1,52,,248239,45,,,1,12,,248240,45,,,1,15,,248241,45,,,1,15,,248242,45,,,1,55,,248243,45,,,1,14,,248244,45,,,1,13,,248245,45,,,1,11,,248246,45,,,1,12,,248247,45,,,1,52,,248248,45,,,1,16,,248249,45,,,1,19,,248250,45,,,1,58,,248251,45,,,1,15,,248252,45,,,1,15,,248253,45,,,1,15,,248254,45,,,1,55,,248255,45,,,1,15,,248256,45,,,1,15,,248257,45,,,1,15,,248258,45,,,1,54,,248259,45,,,1,14,,248260,45,,,1,14,,248261,45,,,1,14,,248262,45,,,1,14,,248263,45,,,1,53,,248264,45,,,1,20,,248265,45,,,1,20,,248266,45,,,1,59,,248267,45,,,1,17,,248268,45,,,1,28,,248269,45,,,1,70,,248270,45,,,1,30,,248271,64,0,28 41 7 42,1,70,,248272,64,0,28 41 7 42,1,30,,248273,64,0,28 41 7 42,1,70,,248274,64,0,28 41 7 42,1
201,'002-Weekday-7-26-09-1111100',520,,248291,45,,,1,20,,248292,45,,,1,60,,248293,45,,,1,20,,248294,45,,,1,22,,248295,45,,,1,13,,248364,45,,,1,53,,248365,45,,,1,11,,248366,45,,,1,10,,248367,45,,,1,10,,248368,45,,,1,10,,248369,45,,,1,10,,248370,45,,,1,50,,248371,45,,,1,10,,248372,45,,,1,10,,248373,45,,,1,10,,248374,45,,,1,10,,248375,45,,,1,10,,248376,45,,,1,50,,248377,45,,,1,15,,248296,45,,,1,15,,248363,45,,,1,15,,248297,45,,,1,55,,248298,45,,,1,15,,248299,45,,,1,15,,248300,45,,,1,15,,248301,45,,,1,55,,248302,45,,,1,15,,248303,45,,,1,15,,248304,45,,,1,15,,248305,45,,,1,55,,248306,45,,,1,15,,248307,45,,,1,15,,248308,45,,,1,15,,248309,45,,,1,55,,248310,45,,,1,15,,248311,45,,,1,15,,248312,45,,,1,15,,248313,45,,,1,55,,248314,45,,,1,15,,248315,45,,,1,15,,248316,45,,,1,15,,248317,45,,,1,58,,248318,45,,,1,18,,248319,45,,,1,13,,248320,45,,,1,13,,248321,45,,,1,52,,248322,45,,,1,12,,248323,45,,,1,12,,248324,45,,,1,13,,248325,45,,,1,14,,248326,45,,,1,52,,248327,45,,,1,12,,248328,45,,,1,15,,248329,45,,,1,15,,248330,45,,,1,55,,248331,45,,,1,14,,248332,45,,,1,13,,248333,45,,,1,11,,248334,45,,,1,12,,248335,45,,,1,52,,248336,45,,,1,16,,248337,45,,,1,19,,248338,45,,,1,58,,248339,45,,,1,15,,248340,45,,,1,15,,248341,45,,,1,15,,248342,45,,,1,55,,248343,45,,,1,15,,248344,45,,,1,15,,248345,45,,,1,15,,248346,45,,,1,54,,248347,45,,,1,14,,248348,45,,,1,14,,248349,45,,,1,14,,248350,45,,,1,14,,248351,45,,,1,53,,248352,45,,,1,20,,248353,45,,,1,20,,248354,45,,,1,59,,248355,45,,,1,17,,248356,45,,,1,28,,248357,45,,,1,70,,248358,45,,,1,30,,248359,64,0,28 41 7 42,1,70,,248360,64,0,28 41 7 42,1,30,,248361,64,0,28 41 7 42,1,70,,248362,64,0,28 41 7 42,1
201,'002-Saturday-1-26-09-0000010',551,,204357,45,,,1,60,,204283,45,,,1,20,,204282,45,,,1,20,,204284,45,,,1,60,,204285,45,,,1,20,,204286,45,,,1,20,,204287,45,,,1,60,,204288,45,,,1,15,,204289,45,,,1,15,,204290,45,,,1,16,,204291,45,,,1,57,,204292,45,,,1,19,,204293,45,,,1,18,,204294,45,,,1,56,,204295,45,,,1,16,,204296,45,,,1,19,,204297,45,,,1,15,,204298,45,,,1,55,,204299,45,,,1,15,,204300,45,,,1,15,,204301,45,,,1,15,,204302,45,,,1,55,,204303,45,,,1,15,,204304,45,,,1,15,,204305,45,,,1,15,,204306,45,,,1,55,,204307,45,,,1,15,,204308,45,,,1,15,,204309,45,,,1,15,,204310,45,,,1,55,,204311,45,,,1,15,,204312,45,,,1,15,,204313,45,,,1,15,,204314,45,,,1,55,,204315,45,,,1,15,,204317,45,,,1,15,,204318,45,,,1,15,,204319,45,,,1,55,,204316,45,,,1,15,,204320,45,,,1,15,,204321,45,,,1,15,,204322,45,,,1,54,,204323,45,,,1,15,,204324,45,,,1,14,,204325,45,,,1,14,,204326,45,,,1,55,,204327,45,,,1,12,,204328,45,,,1,15,,204329,45,,,1,15,,204330,45,,,1,55,,204331,45,,,1,15,,204332,45,,,1,15,,204333,45,,,1,15,,204334,45,,,1,55,,204335,45,,,1,15,,204336,45,,,1,15,,204337,45,,,1,15,,204338,45,,,1,55,,204339,45,,,1,15,,204340,45,,,1,15,,204341,45,,,1,15,,204342,45,,,1,55,,204343,45,,,1,15,,204344,45,,,1,15,,204345,45,,,1,15,,204346,45,,,1,55,,204347,45,,,1,16,,204348,45,,,1,20,,204349,45,,,1,59,,204350,45,,,1,17,,204352,45,,,1,14,,204358,45,,,1,23,,204359,64,0,28 41 7 42,1,70,,204353,64,0,28 41 7 42,1,30,,204354,64,0,28 41 7 42,1,70,,204351,64,0,28 41 7 42,1,30,,204355,64,0,28 41 7 42,1,70,,204356,64,0,28 41 7 42,1
201,'002-Sunday-1-26-09-0000001',617,,204360,45,,,1,20,,204361,45,,,1,16,,204363,45,,,1,60,,204364,45,,,1,20,,204365,45,,,1,20,,204362,45,,,1,60,,204366,45,,,1,20,,204367,45,,,1,20,,204368,45,,,1,63,,204369,45,,,1,23,,204370,45,,,1,61,,204371,45,,,1,20,,204372,45,,,1,20,,204373,45,,,1,64,,204374,45,,,1,20,,204375,45,,,1,15,,204376,45,,,1,15,,204377,45,,,1,55,,204378,45,,,1,15,,204379,45,,,1,15,,204380,45,,,1,15,,204381,45,,,1,55,,204382,45,,,1,15,,204383,45,,,1,15,,204384,45,,,1,15,,204385,45,,,1,55,,204386,45,,,1,15,,204387,45,,,1,15,,204388,45,,,1,15,,204389,45,,,1,55,,204390,45,,,1,15,,204391,45,,,1,15,,204392,45,,,1,15,,204393,45,,,1,55,,204394,45,,,1,15,,204395,45,,,1,15,,204396,45,,,1,15,,204398,45,,,1,54,,204399,45,,,1,15,,204400,45,,,1,13,,204397,45,,,1,15,,204401,45,,,1,53,,204402,45,,,1,15,,204403,45,,,1,15,,204404,45,,,1,15,,204405,45,,,1,55,,204406,45,,,1,15,,204407,45,,,1,15,,204408,45,,,1,15,,204409,45,,,1,55,,204410,45,,,1,15,,204411,45,,,1,15,,204412,45,,,1,15,,204413,45,,,1,55,,204414,45,,,1,15,,204415,45,,,1,15,,204416,45,,,1,15,,204417,45,,,1,55,,204418,45,,,1,15,,204419,45,,,1,17,,204420,45,,,1,15,,204421,45,,,1,55,,204422,45,,,1,20,,204423,45,,,1,20,,204424,45,,,1,58,,204425,45,,,1,25,,204426,45,,,1,26,,204427,64,0,28 41 7 42,1,70,,204428,64,0,28 41 7 42,1,30,,204429,64,0,28 41 7 42,1,70,,204430,64,0,28 41 7 42,1,30,,204431,64,0,28 41 7 42,1,70,,204432,64,0,28 41 7 42,1
401,'004-Weekday-1-26-09-1111100',529,,205743,60,,,1,15,,205744,60,,,1,15,,205745,60,,,1,55,,205746,60,,,1,17,,205747,60,,,1,19,,205748,60,,,1,62,,205749,60,,,1,21,,205750,60,,,1,15,,205751,60,,,1,55,,205752,60,,,1,10,,205753,60,,,1,10,,205754,60,,,1,10,,205755,60,,,1,10,,205756,60,,,1,10,,205757,60,,,1,50,,205758,60,,,1,9,,205759,60,,,1,10,,205760,60,,,1,11,,205761,60,,,1,13,,205762,60,,,1,11,,205763,60,,,1,52,,205764,60,,,1,12,,205765,60,,,1,12,,205766,60,,,1,12,,205767,60,,,1,12,,205768,60,,,1,53,,205769,60,,,1,14,,205770,60,,,1,12,,205771,60,,,1,13,,205772,60,,,1,53,,205773,60,,,1,12,,205774,60,,,1,12,,205775,60,,,1,12,,205776,60,,,1,12,,205777,60,,,1,52,,205778,60,,,1,12,,205779,60,,,1,12,,205780,60,,,1,12,,205781,60,,,1,12,,205782,60,,,1,52,,205783,60,,,1,12,,205784,60,,,1,12,,205785,60,,,1,12,,205786,60,,,1,12,,205787,60,,,1,53,,205788,60,,,1,14,,205789,60,,,1,19,,205790,60,,,1,13,,205838,60,,,1,52,,205837,60,,,1,13,,205791,60,,,1,9,,205792,60,,,1,8,,205793,60,,,1,10,,205794,60,,,1,10,,205795,60,,,1,50,,205796,60,,,1,10,,205797,60,,,1,10,,205798,60,,,1,10,,205799,60,,,1,10,,205800,60,,,1,10,,205801,60,,,1,50,,205802,60,,,1,9,,205803,60,,,1,10,,205804,60,,,1,8,,205805,60,,,1,9,,205806,60,,,1,9,,205807,60,,,1,8,,205808,60,,,1,53,,205809,60,,,1,12,,205810,60,,,1,12,,205811,60,,,1,15,,205812,60,,,1,55,,205813,60,,,1,15,,205814,60,,,1,15,,205815,60,,,1,15,,205816,60,,,1,55,,205817,60,,,1,15,,205818,60,,,1,15,,205819,60,,,1,15,,205820,60,,,1,55,,205821,60,,,1,13,,205822,60,,,1,12,,205823,60,,,1,13,,205824,60,,,1,14,,205825,60,,,1,60,,205826,60,,,1,20,,205827,60,,,1,20,,205828,60,,,1,60,,205829,60,,,1,18,,205830,60,,,1,19,,205831,60,,,1,69,,205832,60,,,1,30,,205833,60,,,1,70,,205834,60,,,1,30,,205835,60,,,1,70,,205836,60,,,1
401,'004-Weekday-2-26-09-1111100',529,,205863,60,,,1,15,,205864,60,,,1,15,,205865,60,,,1,55,,205866,60,,,1,17,,205867,60,,,1,19,,205868,60,,,1,62,,205869,60,,,1,21,,205870,60,,,1,15,,205871,60,,,1,55,,205872,60,,,1,10,,205873,60,,,1,10,,205874,60,,,1,10,,205875,60,,,1,10,,205876,60,,,1,10,,205877,60,,,1,50,,205878,60,,,1,9,,205879,60,,,1,10,,205880,60,,,1,11,,205881,60,,,1,13,,205882,60,,,1,11,,205883,60,,,1,52,,205884,60,,,1,12,,205885,60,,,1,12,,205886,60,,,1,12,,205887,60,,,1,12,,205888,60,,,1,53,,205889,60,,,1,14,,205890,60,,,1,12,,205891,60,,,1,13,,205892,60,,,1,53,,205893,60,,,1,12,,205894,60,,,1,12,,205895,60,,,1,12,,205896,60,,,1,12,,205897,60,,,1,52,,205898,60,,,1,12,,205899,60,,,1,12,,205900,60,,,1,12,,205901,60,,,1,12,,205902,60,,,1,52,,205903,60,,,1,12,,205904,60,,,1,12,,205905,60,,,1,12,,205906,60,,,1,12,,205907,60,,,1,53,,205908,60,,,1,14,,205909,60,,,1,19,,205910,60,,,1,13,,205958,60,,,1,52,,205957,60,,,1,13,,205911,60,,,1,9,,205912,60,,,1,8,,205913,60,,,1,10,,205914,60,,,1,10,,205915,60,,,1,50,,205916,60,,,1,10,,205917,60,,,1,10,,205918,60,,,1,10,,205919,60,,,1,10,,205920,60,,,1,10,,205921,60,,,1,50,,205922,60,,,1,9,,205923,60,,,1,10,,205924,60,,,1,8,,205925,60,,,1,9,,205926,60,,,1,9,,205927,60,,,1,8,,205928,60,,,1,53,,205929,60,,,1,12,,205930,60,,,1,12,,205931,60,,,1,15,,205932,60,,,1,55,,205933,60,,,1,15,,205934,60,,,1,15,,205935,60,,,1,15,,205936,60,,,1,55,,205937,60,,,1,15,,205938,60,,,1,15,,205939,60,,,1,15,,205940,60,,,1,55,,205941,60,,,1,13,,205942,60,,,1,12,,205943,60,,,1,13,,205944,60,,,1,14,,205945,60,,,1,60,,205946,60,,,1,20,,205947,60,,,1,20,,205948,60,,,1,60,,205949,60,,,1,18,,205950,60,,,1,19,,205951,60,,,1,69,,205952,60,,,1,30,,205953,60,,,1,70,,205954,60,,,1,30,,205955,60,,,1,70,,205956,60,,,1
401,'004-Weekday-3-26-09-1111100',529,,249466,60,,,1,15,,249467,60,,,1,15,,249468,60,,,1,55,,249469,60,,,1,17,,249470,60,,,1,19,,249471,60,,,1,62,,249472,60,,,1,21,,249473,60,,,1,15,,249474,60,,,1,55,,249475,60,,,1,10,,249476,60,,,1,10,,249477,60,,,1,10,,249478,60,,,1,10,,249479,60,,,1,10,,249480,60,,,1,50,,249481,60,,,1,9,,249482,60,,,1,10,,249483,60,,,1,11,,249484,60,,,1,13,,249485,60,,,1,11,,249486,60,,,1,52,,249487,60,,,1,12,,249488,60,,,1,12,,249489,60,,,1,12,,249490,60,,,1,12,,249491,60,,,1,53,,249492,60,,,1,14,,249493,60,,,1,12,,249494,60,,,1,13,,249495,60,,,1,53,,249496,60,,,1,12,,249497,60,,,1,12,,249498,60,,,1,12,,249499,60,,,1,12,,249500,60,,,1,52,,249501,60,,,1,12,,249502,60,,,1,12,,249503,60,,,1,12,,249504,60,,,1,12,,249505,60,,,1,52,,249506,60,,,1,12,,249507,60,,,1,12,,249508,60,,,1,12,,249509,60,,,1,12,,249510,60,,,1,53,,249511,60,,,1,14,,249512,60,,,1,19,,249513,60,,,1,13,,249561,60,,,1,52,,249560,60,,,1,13,,249514,60,,,1,9,,249515,60,,,1,8,,249516,60,,,1,10,,249517,60,,,1,10,,249518,60,,,1,50,,249519,60,,,1,10,,249520,60,,,1,10,,249521,60,,,1,10,,249522,60,,,1,10,,249523,60,,,1,10,,249524,60,,,1,50,,249525,60,,,1,9,,249526,60,,,1,10,,249527,60,,,1,8,,249528,60,,,1,9,,249529,60,,,1,9,,249530,60,,,1,8,,249531,60,,,1,53,,249532,60,,,1,12,,249533,60,,,1,12,,249534,60,,,1,15,,249535,60,,,1,55,,249536,60,,,1,15,,249537,60,,,1,15,,249538,60,,,1,15,,249539,60,,,1,55,,249540,60,,,1,15,,249541,60,,,1,15,,249542,60,,,1,15,,249543,60,,,1,55,,249544,60,,,1,13,,249545,60,,,1,12,,249546,60,,,1,13,,249547,60,,,1,14,,249548,60,,,1,60,,249549,60,,,1,20,,249550,60,,,1,20,,249551,60,,,1,60,,249552,60,,,1,18,,249553,60,,,1,19,,249554,60,,,1,69,,249555,60,,,1,30,,249556,60,,,1,70,,249557,60,,,1,30,,249558,60,,,1,70,,249559,60,,,1
401,'004-Weekday-4-26-09-1111100',529,,205983,60,,,1,15,,205984,60,,,1,15,,205985,60,,,1,55,,205986,60,,,1,17,,205987,60,,,1,19,,205988,60,,,1,62,,205989,60,,,1,21,,205990,60,,,1,15,,205991,60,,,1,55,,205992,60,,,1,10,,205993,60,,,1,10,,205994,60,,,1,10,,205995,60,,,1,10,,205996,60,,,1,10,,205997,60,,,1,50,,205998,60,,,1,9,,205999,60,,,1,10,,206000,60,,,1,11,,206001,60,,,1,13,,206002,60,,,1,11,,206003,60,,,1,52,,206004,60,,,1,12,,206005,60,,,1,12,,206006,60,,,1,12,,206007,60,,,1,12,,206008,60,,,1,53,,206009,60,,,1,14,,206010,60,,,1,12,,206011,60,,,1,13,,206012,60,,,1,53,,206013,60,,,1,12,,206014,60,,,1,12,,206015,60,,,1,12,,206016,60,,,1,12,,206017,60,,,1,52,,206018,60,,,1,12,,206019,60,,,1,12,,206020,60,,,1,12,,206021,60,,,1,12,,206022,60,,,1,52,,206023,60,,,1,12,,206024,60,,,1,12,,206025,60,,,1,12,,206026,60,,,1,12,,206027,60,,,1,53,,206028,60,,,1,14,,206029,60,,,1,19,,206030,60,,,1,13,,206078,60,,,1,52,,206077,60,,,1,13,,206031,60,,,1,9,,206032,60,,,1,8,,206033,60,,,1,10,,206034,60,,,1,10,,206035,60,,,1,50,,206036,60,,,1,10,,206037,60,,,1,10,,206038,60,,,1,10,,206039,60,,,1,10,,206040,60,,,1,10,,206041,60,,,1,50,,206042,60,,,1,9,,206043,60,,,1,10,,206044,60,,,1,8,,206045,60,,,1,9,,206046,60,,,1,9,,206047,60,,,1,8,,206048,60,,,1,53,,206049,60,,,1,12,,206050,60,,,1,12,,206051,60,,,1,15,,206052,60,,,1,55,,206053,60,,,1,15,,206054,60,,,1,15,,206055,60,,,1,15,,206056,60,,,1,55,,206057,60,,,1,15,,206058,60,,,1,15,,206059,60,,,1,15,,206060,60,,,1,55,,206061,60,,,1,13,,206062,60,,,1,12,,206063,60,,,1,13,,206064,60,,,1,14,,206065,60,,,1,60,,206066,60,,,1,20,,206067,60,,,1,20,,206068,60,,,1,60,,206069,60,,,1,18,,206070,60,,,1,19,,206071,60,,,1,69,,206072,60,,,1,30,,206073,60,,,1,70,,206074,60,,,1,30,,206075,60,,,1,70,,206076,60,,,1
401,'004-Weekday-5-26-09-1111100',529,,249586,60,,,1,15,,249587,60,,,1,15,,249588,60,,,1,55,,249589,60,,,1,17,,249590,60,,,1,19,,249591,60,,,1,62,,249592,60,,,1,21,,249593,60,,,1,15,,249594,60,,,1,55,,249595,60,,,1,10,,249596,60,,,1,10,,249597,60,,,1,10,,249598,60,,,1,10,,249599,60,,,1,10,,249600,60,,,1,50,,249601,60,,,1,9,,249602,60,,,1,10,,249603,60,,,1,11,,249604,60,,,1,13,,249605,60,,,1,11,,249606,60,,,1,52,,249607,60,,,1,12,,249608,60,,,1,12,,249609,60,,,1,12,,249610,60,,,1,12,,249611,60,,,1,53,,249612,60,,,1,14,,249613,60,,,1,12,,249614,60,,,1,13,,249615,60,,,1,53,,249616,60,,,1,12,,249617,60,,,1,12,,249618,60,,,1,12,,249619,60,,,1,12,,249620,60,,,1,52,,249621,60,,,1,12,,249622,60,,,1,12,,249623,60,,,1,12,,249624,60,,,1,12,,249625,60,,,1,52,,249626,60,,,1,12,,249627,60,,,1,12,,249628,60,,,1,12,,249629,60,,,1,12,,249630,60,,,1,53,,249631,60,,,1,14,,249632,60,,,1,19,,249633,60,,,1,13,,249681,60,,,1,52,,249680,60,,,1,13,,249634,60,,,1,9,,249635,60,,,1,8,,249636,60,,,1,10,,249637,60,,,1,10,,249638,60,,,1,50,,249639,60,,,1,10,,249640,60,,,1,10,,249641,60,,,1,10,,249642,60,,,1,10,,249643,60,,,1,10,,249644,60,,,1,50,,249645,60,,,1,9,,249646,60,,,1,10,,249647,60,,,1,8,,249648,60,,,1,9,,249649,60,,,1,9,,249650,60,,,1,8,,249651,60,,,1,53,,249652,60,,,1,12,,249653,60,,,1,12,,249654,60,,,1,15,,249655,60,,,1,55,,249656,60,,,1,15,,249657,60,,,1,15,,249658,60,,,1,15,,249659,60,,,1,55,,249660,60,,,1,15,,249661,60,,,1,15,,249662,60,,,1,15,,249663,60,,,1,55,,249664,60,,,1,13,,249665,60,,,1,12,,249666,60,,,1,13,,249667,60,,,1,14,,249668,60,,,1,60,,249669,60,,,1,20,,249670,60,,,1,20,,249671,60,,,1,60,,249672,60,,,1,18,,249673,60,,,1,19,,249674,60,,,1,69,,249675,60,,,1,30,,249676,60,,,1,70,,249677,60,,,1,30,,249678,60,,,1,70,,249679,60,,,1
401,'004-Weekday-6-26-09-1111100',529,,249683,60,,,1,15,,249684,60,,,1,15,,249685,60,,,1,55,,249686,60,,,1,17,,249687,60,,,1,19,,249688,60,,,1,62,,249689,60,,,1,21,,249690,60,,,1,15,,249691,60,,,1,55,,249692,60,,,1,10,,249693,60,,,1,10,,249694,60,,,1,10,,249695,60,,,1,10,,249696,60,,,1,10,,249697,60,,,1,50,,249698,60,,,1,9,,249699,60,,,1,10,,249700,60,,,1,11,,249701,60,,,1,13,,249702,60,,,1,11,,249703,60,,,1,52,,249704,60,,,1,12,,249705,60,,,1,12,,249706,60,,,1,12,,249707,60,,,1,12,,249708,60,,,1,53,,249709,60,,,1,14,,249710,60,,,1,12,,249711,60,,,1,13,,249712,60,,,1,53,,249713,60,,,1,12,,249714,60,,,1,12,,249715,60,,,1,12,,249716,60,,,1,12,,249717,60,,,1,52,,249718,60,,,1,12,,249719,60,,,1,12,,249720,60,,,1,12,,249721,60,,,1,12,,249722,60,,,1,52,,249723,60,,,1,12,,249724,60,,,1,12,,249725,60,,,1,12,,249726,60,,,1,12,,249727,60,,,1,53,,249728,60,,,1,14,,249729,60,,,1,19,,249730,60,,,1,13,,249778,60,,,1,52,,249777,60,,,1,13,,249731,60,,,1,9,,249732,60,,,1,8,,249733,60,,,1,10,,249734,60,,,1,10,,249735,60,,,1,50,,249736,60,,,1,10,,249737,60,,,1,10,,249738,60,,,1,10,,249739,60,,,1,10,,249740,60,,,1,10,,249741,60,,,1,50,,249742,60,,,1,9,,249743,60,,,1,10,,249744,60,,,1,8,,249745,60,,,1,9,,249746,60,,,1,9,,249747,60,,,1,8,,249748,60,,,1,53,,249749,60,,,1,12,,249750,60,,,1,12,,249751,60,,,1,15,,249752,60,,,1,55,,249753,60,,,1,15,,249754,60,,,1,15,,249755,60,,,1,15,,249756,60,,,1,55,,249757,60,,,1,15,,249758,60,,,1,15,,249759,60,,,1,15,,249760,60,,,1,55,,249761,60,,,1,13,,249762,60,,,1,12,,249763,60,,,1,13,,249764,60,,,1,14,,249765,60,,,1,60,,249766,60,,,1,20,,249767,60,,,1,20,,249768,60,,,1,60,,249769,60,,,1,18,,249770,60,,,1,19,,249771,60,,,1,69,,249772,60,,,1,30,,249773,60,,,1,70,,249774,60,,,1,30,,249775,60,,,1,70,,249776,60,,,1
401,'004-Weekday-7-26-09-1111100',529,,249779,60,,,1,15,,249780,60,,,1,15,,249781,60,,,1,55,,249782,60,,,1,17,,249783,60,,,1,19,,249784,60,,,1,62,,249785,60,,,1,21,,249786,60,,,1,15,,249787,60,,,1,55,,249788,60,,,1,10,,249789,60,,,1,10,,249790,60,,,1,10,,249791,60,,,1,10,,249792,60,,,1,10,,249793,60,,,1,50,,249794,60,,,1,9,,249795,60,,,1,10,,249796,60,,,1,11,,249797,60,,,1,13,,249798,60,,,1,11,,249799,60,,,1,52,,249800,60,,,1,12,,249801,60,,,1,12,,249802,60,,,1,12,,249803,60,,,1,12,,249804,60,,,1,53,,249805,60,,,1,14,,249806,60,,,1,12,,249807,60,,,1,13,,249808,60,,,1,53,,249809,60,,,1,12,,249810,60,,,1,12,,249811,60,,,1,12,,249812,60,,,1,12,,249813,60,,,1,52,,249814,60,,,1,12,,249815,60,,,1,12,,249816,60,,,1,12,,249817,60,,,1,12,,249818,60,,,1,52,,249819,60,,,1,12,,249820,60,,,1,12,,249821,60,,,1,12,,249822,60,,,1,12,,249823,60,,,1,53,,249824,60,,,1,14,,249825,60,,,1,19,,249826,60,,,1,13,,249874,60,,,1,52,,249873,60,,,1,13,,249827,60,,,1,9,,249828,60,,,1,8,,249829,60,,,1,10,,249830,60,,,1,10,,249831,60,,,1,50,,249832,60,,,1,10,,249833,60,,,1,10,,249834,60,,,1,10,,249835,60,,,1,10,,249836,60,,,1,10,,249837,60,,,1,50,,249838,60,,,1,9,,249839,60,,,1,10,,249840,60,,,1,8,,249841,60,,,1,9,,249842,60,,,1,9,,249843,60,,,1,8,,249844,60,,,1,53,,249845,60,,,1,12,,249846,60,,,1,12,,249847,60,,,1,15,,249848,60,,,1,55,,249849,60,,,1,15,,249850,60,,,1,15,,249851,60,,,1,15,,249852,60,,,1,55,,249853,60,,,1,15,,249854,60,,,1,15,,249855,60,,,1,15,,249856,60,,,1,55,,249857,60,,,1,13,,249858,60,,,1,12,,249859,60,,,1,13,,249860,60,,,1,14,,249861,60,,,1,60,,249862,60,,,1,20,,249863,60,,,1,20,,249864,60,,,1,60,,249865,60,,,1,18,,249866,60,,,1,19,,249867,60,,,1,69,,249868,60,,,1,30,,249869,60,,,1,70,,249870,60,,,1,30,,249871,60,,,1,70,,249872,60,,,1
401,'004-Saturday-1-26-09-0000010',605,,206081,60,,,1,20,,206082,60,,,1,20,,206083,60,,,1,60,,206084,60,,,1,20,,206085,60,,,1,20,,206086,60,,,1,60,,206087,60,,,1,20,,206088,60,,,1,20,,206089,60,,,1,56,,206090,60,,,1,16,,206091,60,,,1,19,,206092,60,,,1,64,,206093,60,,,1,15,,206094,60,,,1,15,,206095,60,,,1,15,,206096,60,,,1,55,,206097,60,,,1,15,,206098,60,,,1,15,,206100,60,,,1,15,,206099,60,,,1,55,,206102,60,,,1,15,,206103,60,,,1,15,,206105,60,,,1,8,,206104,22,0,44 7 42,1,7,,206106,60,,,1,8,,206101,22,0,44 7 42,1,47,,206108,60,,,1,8,,206107,21,0,44 7 42,1,7,,206110,60,,,1,8,,206109,22,0,44 7 42,1,7,,206112,60,,,1,7,,206111,22,0,44 7 42,1,8,,206114,60,,,1,9,,206113,22,0,44 7 42,1,46,,206116,60,,,1,9,,206115,22,0,44 7 42,1,6,,206118,60,,,1,9,,206117,22,0,44 7 42,1,6,,206120,60,,,1,9,,206119,22,0,44 7 42,1,6,,206122,60,,,1,9,,206121,22,0,44 7 42,1,46,,206124,60,,,1,9,,206123,22,0,44 7 42,1,6,,206126,60,,,1,9,,206125,22,0,44 7 42,1,6,,206128,60,,,1,9,,206127,22,0,44 7 42,1,6,,206131,60,,,1,9,,206129,21,0,44 7 42,1,46,,206133,60,,,1,9,,206132,22,0,44 7 42,1,6,,206134,60,,,1,9,,206130,22,0,44 7 42,1,6,,206137,60,,,1,9,,206135,22,0,44 7 42,1,6,,206139,60,,,1,9,,206138,22,0,44 7 42,1,46,,206140,60,,,1,9,,206136,22,0,44 7 42,1,6,,206142,60,,,1,9,,206141,22,0,44 7 42,1,6,,206144,60,,,1,9,,206143,22,0,44 7 42,1,6,,206146,60,,,1,9,,206145,22,0,44 7 42,1,46,,206148,60,,,1,9,,206147,22,0,44 7 42,1,7,,206150,60,,,1,8,,206149,22,0,44 7 42,1,7,,206152,60,,,1,8,,206151,22,0,44 7 42,1,7,,206080,60,,,1,8,,206153,22,0,44 7 42,1,47,,206154,60,,,1,8,,206189,22,0,44 7 42,1,8,,206156,60,,,1,7,,206155,22,0,44 7 42,1,8,,206158,60,,,1,7,,206157,22,0,44 7 42,1,8,,206160,60,,,1,7,,206159,22,0,44 7 42,1,48,,206162,60,,,1,7,,206161,22,0,44 7 42,1,8,,206164,60,,,1,7,,206163,22,0,44 7 42,1,8,,206166,60,,,1,7,,206165,22,0,44 7 42,1,8,,206168,60,,,1,7,,206167,22,0,44 7 42,1,49,,206169,60,,,1,15,,206170,60,,,1,15,,206171,60,,,1,15,,206172,60,,,1,55,,206173,60,,,1,15,,206174,60,,,1,15,,206175,60,,,1,15,,206176,60,,,1,55,,206177,60,,,1,18,,206178,60,,,1,20,,206179,60,,,1,60,,206180,60,,,1,17,,206181,60,,,1,16,,206182,60,,,1,18,,206183,60,,,1,60,,206184,60,,,1,30,,206185,60,,,1,70,,206190,60,,,1,30,,206186,60,,,1,70,,206187,60,,,1,30,,206188,60,,,1
401,'004-Sunday-1-26-09-0000001',615,,206191,60,,,1,20,,206192,60,,,1,20,,206193,60,,,1,60,,206194,60,,,1,20,,206195,60,,,1,20,,206196,60,,,1,60,,206197,60,,,1,20,,206198,60,,,1,20,,206199,60,,,1,62,,206200,60,,,1,26,,206201,60,,,1,61,,206202,60,,,1,20,,206203,60,,,1,15,,206204,60,,,1,15,,206264,60,,,1,55,,206205,60,,,1,15,,206206,60,,,1,15,,206207,60,,,1,15,,206208,60,,,1,55,,206209,60,,,1,15,,206210,60,,,1,15,,206211,60,,,1,15,,206212,60,,,1,55,,206213,60,,,1,15,,206214,60,,,1,15,,206215,60,,,1,15,,206216,60,,,1,55,,206217,60,,,1,15,,206218,60,,,1,15,,206219,60,,,1,15,,206220,60,,,1,55,,206221,60,,,1,15,,206222,60,,,1,15,,206223,60,,,1,15,,206224,60,,,1,55,,206225,60,,,1,15,,206226,60,,,1,15,,206227,60,,,1,15,,206228,60,,,1,55,,206229,60,,,1,11,,206230,60,,,1,15,,206231,60,,,1,14,,206232,60,,,1,55,,206233,60,,,1,15,,206234,60,,,1,15,,206235,60,,,1,15,,206236,60,,,1,55,,206237,60,,,1,15,,206238,60,,,1,15,,206239,60,,,1,15,,206240,60,,,1,55,,206241,60,,,1,15,,206242,60,,,1,15,,206243,60,,,1,15,,206244,60,,,1,55,,206245,60,,,1,15,,206246,60,,,1,15,,206247,60,,,1,15,,206248,60,,,1,55,,206249,60,,,1,15,,206250,60,,,1,15,,206251,60,,,1,15,,206263,60,,,1,56,,206253,60,,,1,20,,206254,60,,,1,23,,206255,60,,,1,59,,206252,60,,,1,16,,206256,60,,,1,16,,206257,60,,,1,64,,206258,60,,,1,31,,206259,60,,,1,69,,206260,60,,,1,30,,206261,60,,,1,70,,206262,60,,,1,30,,206265,60,,,1
92400,'924-Weekday-1-26-09-1111100',712,,242287,11,,,1,4,,242287,16,,,1,26,,242288,11,,,1,4,,242288,16,,,1,66,,242289,11,,,1,4,,242289,16,,,1,26,,242290,11,,,1,4,,242290,16,,,1,66,,242291,11,,,1,4,,242291,16,,,1,26,,242304,11,,,1,4,,242304,16,,,1,66,,242292,11,,,1,4,,242292,16,,,1,96,,242293,11,,,1,4,,242293,16,,,1,96,,242294,11,,,1,4,,242294,16,,,1,96,,242295,11,,,1,4,,242295,16,,,1,96,,242296,11,,,1,4,,242296,16,,,1,96,,242297,11,,,1,4,,242297,16,,,1,102,,242298,11,,,1,4,,242298,16,,,1,24,,242299,11,,,1,4,,242299,16,,,1,66,,242300,11,,,1,4,,242300,16,,,1,26,,242301,11,,,1,4,,242301,16,,,1,62,,242302,11,,,1,4,,242302,16,,,1,26,,242303,11,,,1,4,,242303,16,,,1
92400,'924-Weekday-2-26-09-1111100',712,,242305,11,,,1,4,,242305,16,,,1,26,,242306,11,,,1,4,,242306,16,,,1,66,,242307,11,,,1,4,,242307,16,,,1,26,,242308,11,,,1,4,,242308,16,,,1,66,,242309,11,,,1,4,,242309,16,,,1,26,,242322,11,,,1,4,,242322,16,,,1,66,,242310,11,,,1,4,,242310,16,,,1,96,,242311,11,,,1,4,,242311,16,,,1,96,,242312,11,,,1,4,,242312,16,,,1,96,,242313,11,,,1,4,,242313,16,,,1,96,,242314,11,,,1,4,,242314,16,,,1,96,,242315,11,,,1,4,,242315,16,,,1,102,,242316,11,,,1,4,,242316,16,,,1,24,,242317,11,,,1,4,,242317,16,,,1,66,,242318,11,,,1,4,,242318,16,,,1,26,,242319,11,,,1,4,,242319,16,,,1,62,,242320,11,,,1,4,,242320,16,,,1,26,,242321,11,,,1,4,,242321,16,,,1
92400,'924-Weekday-3-26-09-1111100',712,,284799,11,,,1,4,,284799,16,,,1,26,,284800,11,,,1,4,,284800,16,,,1,66,,284801,11,,,1,4,,284801,16,,,1,26,,284802,11,,,1,4,,284802,16,,,1,66,,284803,11,,,1,4,,284803,16,,,1,26,,284816,11,,,1,4,,284816,16,,,1,66,,284804,11,,,1,4,,284804,16,,,1,96,,284805,11,,,1,4,,284805,16,,,1,96,,284806,11,,,1,4,,284806,16,,,1,96,,284807,11,,,1,4,,284807,16,,,1,96,,284808,11,,,1,4,,284808,16,,,1,96,,284809,11,,,1,4,,284809,16,,,1,102,,284810,11,,,1,4,,284810,16,,,1,24,,284811,11,,,1,4,,284811,16,,,1,66,,284812,11,,,1,4,,284812,16,,,1,26,,284813,11,,,1,4,,284813,16,,,1,62,,284814,11,,,1,4,,284814,16,,,1,26,,284815,11,,,1,4,,284815,16,,,1
92400,'924-Weekday-4-26-09-1111100',712,,242323,11,,,1,4,,242323,16,,,1,26,,242324,11,,,1,4,,242324,16,,,1,66,,242325,11,,,1,4,,242325,16,,,1,26,,242326,11,,,1,4,,242326,16,,,1,66,,242327,11,,,1,4,,242327,16,,,1,26,,242340,11,,,1,4,,242340,16,,,1,66,,242328,11,,,1,4,,242328,16,,,1,96,,242329,11,,,1,4,,242329,16,,,1,96,,242330,11,,,1,4,,242330,16,,,1,96,,242331,11,,,1,4,,242331,16,,,1,96,,242332,11,,,1,4,,242332,16,,,1,96,,242333,11,,,1,4,,242333,16,,,1,102,,242334,11,,,1,4,,242334,16,,,1,24,,242335,11,,,1,4,,242335,16,,,1,66,,242336,11,,,1,4,,242336,16,,,1,26,,242337,11,,,1,4,,242337,16,,,1,62,,242338,11,,,1,4,,242338,16,,,1,26,,242339,11,,,1,4,,242339,16,,,1
92400,'924-Weekday-5-26-09-1111100',712,,284817,11,,,1,4,,284817,16,,,1,26,,284818,11,,,1,4,,284818,16,,,1,66,,284819,11,,,1,4,,284819,16,,,1,26,,284820,11,,,1,4,,284820,16,,,1,66,,284821,11,,,1,4,,284821,16,,,1,26,,284834,11,,,1,4,,284834,16,,,1,66,,284822,11,,,1,4,,284822,16,,,1,96,,284823,11,,,1,4,,284823,16,,,1,96,,284824,11,,,1,4,,284824,16,,,1,96,,284825,11,,,1,4,,284825,16,,,1,96,,284826,11,,,1,4,,284826,16,,,1,96,,284827,11,,,1,4,,284827,16,,,1,102,,284828,11,,,1,4,,284828,16,,,1,24,,284829,11,,,1,4,,284829,16,,,1,66,,284830,11,,,1,4,,284830,16,,,1,26,,284831,11,,,1,4,,284831,16,,,1,62,,284832,11,,,1,4,,284832,16,,,1,26,,284833,11,,,1,4,,284833,16,,,1
92400,'924-Weekday-6-26-09-1111100',712,,284835,11,,,1,4,,284835,16,,,1,26,,284836,11,,,1,4,,284836,16,,,1,66,,284837,11,,,1,4,,284837,16,,,1,26,,284838,11,,,1,4,,284838,16,,,1,66,,284839,11,,,1,4,,284839,16,,,1,26,,284852,11,,,1,4,,284852,16,,,1,66,,284840,11,,,1,4,,284840,16,,,1,96,,284841,11,,,1,4,,284841,16,,,1,96,,284842,11,,,1,4,,284842,16,,,1,96,,284843,11,,,1,4,,284843,16,,,1,96,,284844,11,,,1,4,,284844,16,,,1,96,,284845,11,,,1,4,,284845,16,,,1,102,,284846,11,,,1,4,,284846,16,,,1,24,,284847,11,,,1,4,,284847,16,,,1,66,,284848,11,,,1,4,,284848,16,,,1,26,,284849,11,,,1,4,,284849,16,,,1,62,,284850,11,,,1,4,,284850,16,,,1,26,,284851,11,,,1,4,,284851,16,,,1
92400,'924-Weekday-7-26-09-1111100',712,,284853,11,,,1,4,,284853,16,,,1,26,,284854,11,,,1,4,,284854,16,,,1,66,,284855,11,,,1,4,,284855,16,,,1,26,,284856,11,,,1,4,,284856,16,,,1,66,,284857,11,,,1,4,,284857,16,,,1,26,,284870,11,,,1,4,,284870,16,,,1,66,,284858,11,,,1,4,,284858,16,,,1,96,,284859,11,,,1,4,,284859,16,,,1,96,,284860,11,,,1,4,,284860,16,,,1,96,,284861,11,,,1,4,,284861,16,,,1,96,,284862,11,,,1,4,,284862,16,,,1,96,,284863,11,,,1,4,,284863,16,,,1,102,,284864,11,,,1,4,,284864,16,,,1,24,,284865,11,,,1,4,,284865,16,,,1,66,,284866,11,,,1,4,,284866,16,,,1,26,,284867,11,,,1,4,,284867,16,,,1,62,,284868,11,,,1,4,,284868,16,,,1,26,,284869,11,,,1,4,,284869,16,,,1
92400,'924-Saturday-1-26-09-0000010',842,,242341,11,,,1,4,,242341,16,,,1,96,,242342,11,,,1,4,,242342,16,,,1,96,,242343,11,,,1,4,,242343,16,,,1,96,,242344,11,,,1,4,,242344,16,,,1,96,,242345,11,,,1,4,,242345,16,,,1,96,,242346,11,,,1,4,,242346,16,,,1,96,,242347,11,,,1,4,,242347,16,,,1,96,,242348,11,,,1,4,,242348,16,,,1,96,,242349,11,,,1,4,,242349,16,,,1,96,,242350,11,,,1,4,,242350,16,,,1,96,,242351,11,,,1,4,,242351,16,,,1
92400,'924-Sunday-1-26-09-0000001',1042,,242352,11,,,1,4,,242352,16,,,1,96,,242353,11,,,1,4,,242353,16,,,1,96,,242354,11,,,1,4,,242354,16,,,1,96,,242355,11,,,1,4,,242355,16,,,1,96,,242356,11,,,1,4,,242356,16,,,1,96,,242357,11,,,1,4,,242357,16,,,1,96,,242358,11,,,1,4,,242358,16,,,1,96,,242359,11,,,1,4,,242359,16,,,1,96,,242360,11,,,1,4,,242360,16,,,1
