10700,'107-Weekday-1-26-09-1111100',535,,215821,25,,,1,70,,215822,25,,,1,31,,215823,25,,,1,17,,215824,25,,,1,55,,215825,25,,,1,15,,215826,25,,,1,15,,215827,25,,,1,15,,215828,25,,,1,55,,215829,25,,,1,15,,215830,25,,,1,17,,215878,25,,,1,18,,215831,25,,,1,60,,215832,25,,,1,20,,215833,25,,,1,20,,215834,25,,,1,60,,215835,25,,,1,20,,215836,25,,,1,20,,215837,25,,,1,60,,215838,25,,,1,20,,215839,25,,,1,20,,215840,25,,,1,60,,215841,25,,,1,20,,215842,25,,,1,20,,215843,25,,,1,60,,215844,25,,,1,20,,215845,25,,,1,20,,215846,25,,,1,60,,215847,25,,,1,20,,215848,25,,,1,20,,215869,25,,,1,52,,215863,25,,,1,10,,215871,25,,,1,10,,215849,25,,,1,10,,215864,25,,,1,2,,215879,25,,,1,8,,215872,25,,,1,50,,215850,25,,,1,10,,215865,25,,,1,10,,215873,25,,,1,10,,215851,25,,,1,10,,215866,25,,,1,10,,215874,25,,,1,50,,215852,25,,,1,10,,215862,25,,,1,10,,215875,25,,,1,10,,215870,25,,,1,20,,215867,25,,,1,60,,215868,25,,,1,20,,215854,25,,,1,27,,215855,25,,,1,70,,215856,25,,,1,30,,215857,25,,,1,70,,215858,25,,,1,30,,215859,25,,,1,70,,215860,25,,,1,30,,215861,25,,,1,70,,215853,25,,,1,100,,215876,25,,,1,100,,215877,25,,,1
10700,'107-Weekday-2-26-09-1111100',535,,215880,25,,,1,70,,215881,25,,,1,31,,215882,25,,,1,17,,215883,25,,,1,55,,215884,25,,,1,15,,215885,25,,,1,15,,215886,25,,,1,15,,215887,25,,,1,55,,215888,25,,,1,15,,215889,25,,,1,17,,215937,25,,,1,18,,215890,25,,,1,60,,215891,25,,,1,20,,215892,25,,,1,20,,215893,25,,,1,60,,215894,25,,,1,20,,215895,25,,,1,20,,215896,25,,,1,60,,215897,25,,,1,20,,215898,25,,,1,20,,215899,25,,,1,60,,215900,25,,,1,20,,215901,25,,,1,20,,215902,25,,,1,60,,215903,25,,,1,20,,215904,25,,,1,20,,215905,25,,,1,60,,215906,25,,,1,20,,215907,25,,,1,20,,215928,25,,,1,52,,215922,25,,,1,10,,215930,25,,,1,10,,215908,25,,,1,10,,215923,25,,,1,2,,215938,25,,,1,8,,215931,25,,,1,50,,215909,25,,,1,10,,215924,25,,,1,10,,215932,25,,,1,10,,215910,25,,,1,10,,215925,25,,,1,10,,215933,25,,,1,50,,215911,25,,,1,10,,215921,25,,,1,10,,215934,25,,,1,10,,215929,25,,,1,20,,215926,25,,,1,60,,215927,25,,,1,20,,215913,25,,,1,27,,215914,25,,,1,70,,215915,25,,,1,30,,215916,25,,,1,70,,215917,25,,,1,30,,215918,25,,,1,70,,215919,25,,,1,30,,215920,25,,,1,70,,215912,25,,,1,100,,215935,25,,,1,100,,215936,25,,,1
10700,'107-Weekday-3-26-09-1111100',535,,259373,25,,,1,70,,259374,25,,,1,31,,259375,25,,,1,17,,259376,25,,,1,55,,259377,25,,,1,15,,259378,25,,,1,15,,259379,25,,,1,15,,259380,25,,,1,55,,259381,25,,,1,15,,259382,25,,,1,17,,259430,25,,,1,18,,259383,25,,,1,60,,259384,25,,,1,20,,259385,25,,,1,20,,259386,25,,,1,60,,259387,25,,,1,20,,259388,25,,,1,20,,259389,25,,,1,60,,259390,25,,,1,20,,259391,25,,,1,20,,259392,25,,,1,60,,259393,25,,,1,20,,259394,25,,,1,20,,259395,25,,,1,60,,259396,25,,,1,20,,259397,25,,,1,20,,259398,25,,,1,60,,259399,25,,,1,20,,259400,25,,,1,20,,259421,25,,,1,52,,259415,25,,,1,10,,259423,25,,,1,10,,259401,25,,,1,10,,259416,25,,,1,2,,259431,25,,,1,8,,259424,25,,,1,50,,259402,25,,,1,10,,259417,25,,,1,10,,259425,25,,,1,10,,259403,25,,,1,10,,259418,25,,,1,10,,259426,25,,,1,50,,259404,25,,,1,10,,259414,25,,,1,10,,259427,25,,,1,10,,259422,25,,,1,20,,259419,25,,,1,60,,259420,25,,,1,20,,259406,25,,,1,27,,259407,25,,,1,70,,259408,25,,,1,30,,259409,25,,,1,70,,259410,25,,,1,30,,259411,25,,,1,70,,259412,25,,,1,30,,259413,25,,,1,70,,259405,25,,,1,100,,259428,25,,,1,100,,259429,25,,,1
10700,'107-Weekday-4-26-09-1111100',535,,215939,25,,,1,70,,215940,25,,,1,31,,215941,25,,,1,17,,215942,25,,,1,55,,215943,25,,,1,15,,215944,25,,,1,15,,215945,25,,,1,15,,215946,25,,,1,55,,215947,25,,,1,15,,215948,25,,,1,17,,215996,25,,,1,18,,215949,25,,,1,60,,215950,25,,,1,20,,215951,25,,,1,20,,215952,25,,,1,60,,215953,25,,,1,20,,215954,25,,,1,20,,215955,25,,,1,60,,215956,25,,,1,20,,215957,25,,,1,20,,215958,25,,,1,60,,215959,25,,,1,20,,215960,25,,,1,20,,215961,25,,,1,60,,215962,25,,,1,20,,215963,25,,,1,20,,215964,25,,,1,60,,215965,25,,,1,20,,215966,25,,,1,20,,215987,25,,,1,52,,215981,25,,,1,10,,215989,25,,,1,10,,215967,25,,,1,10,,215982,25,,,1,10,,215990,25,,,1,50,,215968,25,,,1,10,,215983,25,,,1,10,,215991,25,,,1,10,,215969,25,,,1,10,,215984,25,,,1,10,,215992,25,,,1,50,,215970,25,,,1,10,,215980,25,,,1,10,,215993,25,,,1,10,,215988,25,,,1,20,,215985,25,,,1,60,,215986,25,,,1,20,,215972,25,,,1,27,,215973,25,,,1,70,,215974,25,,,1,30,,215975,25,,,1,70,,215976,25,,,1,30,,215977,25,,,1,70,,215978,25,,,1,30,,215979,25,,,1,70,,215971,25,,,1,100,,215994,25,,,1,100,,215995,25,,,1
10700,'107-Weekday-5-26-09-1111100',535,,259432,25,,,1,70,,259433,25,,,1,31,,259434,25,,,1,17,,259435,25,,,1,55,,259436,25,,,1,15,,259437,25,,,1,15,,259438,25,,,1,15,,259439,25,,,1,55,,259440,25,,,1,15,,259441,25,,,1,17,,259489,25,,,1,18,,259442,25,,,1,60,,259443,25,,,1,20,,259444,25,,,1,20,,259445,25,,,1,60,,259446,25,,,1,20,,259447,25,,,1,20,,259448,25,,,1,60,,259449,25,,,1,20,,259450,25,,,1,20,,259451,25,,,1,60,,259452,25,,,1,20,,259453,25,,,1,20,,259454,25,,,1,60,,259455,25,,,1,20,,259456,25,,,1,20,,259457,25,,,1,60,,259458,25,,,1,20,,259459,25,,,1,20,,259480,25,,,1,52,,259474,25,,,1,10,,259482,25,,,1,10,,259460,25,,,1,10,,259475,25,,,1,10,,259483,25,,,1,50,,259461,25,,,1,10,,259476,25,,,1,10,,259484,25,,,1,10,,259462,25,,,1,10,,259477,25,,,1,10,,259485,25,,,1,50,,259463,25,,,1,10,,259473,25,,,1,10,,259486,25,,,1,10,,259481,25,,,1,20,,259478,25,,,1,60,,259479,25,,,1,20,,259465,25,,,1,27,,259466,25,,,1,70,,259467,25,,,1,30,,259468,25,,,1,70,,259469,25,,,1,30,,259470,25,,,1,70,,259471,25,,,1,30,,259472,25,,,1,70,,259464,25,,,1,100,,259487,25,,,1,100,,259488,25,,,1
10700,'107-Weekday-6-26-09-1111100',535,,259490,25,,,1,70,,259491,25,,,1,31,,259492,25,,,1,17,,259493,25,,,1,55,,259494,25,,,1,15,,259495,25,,,1,15,,259496,25,,,1,15,,259497,25,,,1,55,,259498,25,,,1,15,,259499,25,,,1,17,,259547,25,,,1,18,,259500,25,,,1,60,,259501,25,,,1,20,,259502,25,,,1,20,,259503,25,,,1,60,,259504,25,,,1,20,,259505,25,,,1,20,,259506,25,,,1,60,,259507,25,,,1,20,,259508,25,,,1,20,,259509,25,,,1,60,,259510,25,,,1,20,,259511,25,,,1,20,,259512,25,,,1,60,,259513,25,,,1,20,,259514,25,,,1,20,,259515,25,,,1,60,,259516,25,,,1,20,,259517,25,,,1,20,,259538,25,,,1,52,,259532,25,,,1,10,,259540,25,,,1,10,,259518,25,,,1,10,,259533,25,,,1,2,,259548,25,,,1,8,,259541,25,,,1,50,,259519,25,,,1,10,,259534,25,,,1,10,,259542,25,,,1,10,,259520,25,,,1,10,,259535,25,,,1,10,,259543,25,,,1,50,,259521,25,,,1,10,,259531,25,,,1,10,,259544,25,,,1,10,,259539,25,,,1,20,,259536,25,,,1,60,,259537,25,,,1,20,,259523,25,,,1,27,,259524,25,,,1,70,,259525,25,,,1,30,,259526,25,,,1,70,,259527,25,,,1,30,,259528,25,,,1,70,,259529,25,,,1,30,,259530,25,,,1,70,,259522,25,,,1,100,,259545,25,,,1,100,,259546,25,,,1
10700,'107-Weekday-7-26-09-1111100',535,,259549,25,,,1,70,,259550,25,,,1,31,,259551,25,,,1,17,,259552,25,,,1,55,,259553,25,,,1,15,,259554,25,,,1,15,,259555,25,,,1,15,,259556,25,,,1,55,,259557,25,,,1,15,,259558,25,,,1,17,,259606,25,,,1,18,,259559,25,,,1,60,,259560,25,,,1,20,,259561,25,,,1,20,,259562,25,,,1,60,,259563,25,,,1,20,,259564,25,,,1,20,,259565,25,,,1,60,,259566,25,,,1,20,,259567,25,,,1,20,,259568,25,,,1,60,,259569,25,,,1,20,,259570,25,,,1,20,,259571,25,,,1,60,,259572,25,,,1,20,,259573,25,,,1,20,,259574,25,,,1,60,,259575,25,,,1,20,,259576,25,,,1,20,,259597,25,,,1,52,,259591,25,,,1,10,,259599,25,,,1,10,,259577,25,,,1,10,,259592,25,,,1,10,,259600,25,,,1,50,,259578,25,,,1,10,,259593,25,,,1,10,,259601,25,,,1,10,,259579,25,,,1,10,,259594,25,,,1,10,,259602,25,,,1,50,,259580,25,,,1,10,,259590,25,,,1,10,,259603,25,,,1,10,,259598,25,,,1,20,,259595,25,,,1,60,,259596,25,,,1,20,,259582,25,,,1,27,,259583,25,,,1,70,,259584,25,,,1,30,,259585,25,,,1,70,,259586,25,,,1,30,,259587,25,,,1,70,,259588,25,,,1,30,,259589,25,,,1,70,,259581,25,,,1,100,,259604,25,,,1,100,,259605,25,,,1
10700,'107-Saturday-1-26-09-0000010',629,,216015,25,,,1,100,,216014,25,,,1,100,,216024,25,,,1,28,,215997,25,,,1,70,,215998,25,,,1,30,,215999,25,,,1,70,,216000,25,,,1,30,,216001,25,,,1,70,,216002,25,,,1,30,,216003,25,,,1,70,,216004,25,,,1,30,,216005,25,,,1,70,,216006,25,,,1,30,,216007,25,,,1,70,,216008,25,,,1,30,,216009,25,,,1,70,,216010,25,,,1,30,,216016,25,,,1,71,,216017,25,,,1,31,,216018,25,,,1,70,,216019,25,,,1,30,,216011,25,,,1,70,,216012,25,,,1,30,,216013,25,,,1,70,,216026,25,,,1,100,,216020,25,,,1,100,,216021,25,,,1,100,,216022,25,,,1,100,,216023,25,,,1,100,,216025,25,,,1
10700,'107-Sunday-1-26-09-0000001',615,,216043,25,,,1,100,,216042,25,,,1,100,,216041,25,,,1,101,,216040,25,,,1,100,,216027,25,,,1,30,,216028,25,,,1,70,,216029,25,,,1,30,,216030,25,,,1,70,,216031,25,,,1,30,,216032,25,,,1,70,,216033,25,,,1,30,,216034,25,,,1,70,,216035,25,,,1,30,,216036,25,,,1,70,,216037,25,,,1,30,,216038,25,,,1,70,,216039,25,,,1,30,,216044,25,,,1,71,,216045,25,,,1,30,,216046,25,,,1,70,,216047,25,,,1,30,,216048,25,,,1,70,,216049,25,,,1,100,,216050,25,,,1,100,,216051,25,,,1,100,,216052,25,,,1,100,,216053,25,,,1,100,,216054,25,,,1
62600,'626-Weekday-1-26-09-0001000',1300,,227553,32,,,1,4,,227554,32,,,1
62600,'626-Weekday-1-26-09-1110100',1534,,227556,32,,,1,4,,227557,32,,,1,4,,227555,32,,,1
62600,'626-Weekday-4-26-09-1110100',1534,,270380,32,,,1,4,,270381,32,,,1,4,,270379,32,,,1
62600,'626-Weekday-7-26-09-1110100',1534,,270383,32,,,1,4,,270384,32,,,1,4,,270382,32,,,1
62800,'628-Weekday-1-26-09-1111100',1528,,227566,17,,,1
62800,'628-Weekday-3-26-09-1111100',1528,,227567,17,,,1
62800,'628-Weekday-7-26-09-1111100',1528,,270395,17,,,1
