5101,'051-Weekday-1-26-09-1111100',552,,211141,37,,,1,70,,211142,37,,,1,80,,211164,37,,,1,22,,211152,37,,,1,10,,211165,37,,,1,10,,211143,37,,,1,10,,211166,37,,,1,50,,211144,37,,,1,10,,211167,37,,,1,10,,211145,37,,,1,7,,211176,37,,,1,3,,211168,37,,,1,10,,211146,37,,,1,5,,211177,37,,,1,5,,211127,37,,,1,49,,211147,37,,,1,11,,211169,37,,,1,9,,211170,37,,,1,11,,211140,37,,,1,20,,211171,37,,,1,60,,211128,37,,,1,20,,211148,37,,,1,8,,211178,37,,,1,12,,211172,37,,,1,61,,211129,37,,,1,21,,211130,37,,,1,20,,211173,37,,,1,60,,211149,37,,,1,20,,211131,37,,,1,20,,211174,37,,,1,60,,211132,37,,,1,20,,211150,37,,,1,20,,211175,37,,,1,60,,211133,37,,,1,20,,211151,37,,,1,20,,211162,37,,,1,70,,211134,37,,,1,31,,211135,37,,,1,71,,211136,37,,,1,30,,211137,37,,,1,70,,211138,37,,,1,30,,211163,37,,,1,70,,211154,37,,,1,24,,211155,37,,,1,69,,211156,37,,,1,30,,211157,37,,,1,70,,211158,37,,,1,30,,211159,37,,,1,70,,211160,37,,,1,30,,211161,37,,,1,70,,211139,37,,,1,100,,211153,37,,,1
5101,'051-Weekday-2-26-09-1111100',552,,211193,37,,,1,70,,211194,37,,,1,80,,211216,37,,,1,22,,211204,37,,,1,10,,211217,37,,,1,10,,211195,37,,,1,10,,211218,37,,,1,50,,211196,37,,,1,10,,211219,37,,,1,10,,211197,37,,,1,7,,211228,37,,,1,3,,211220,37,,,1,10,,211198,37,,,1,5,,211229,37,,,1,5,,211179,37,,,1,49,,211199,37,,,1,11,,211221,37,,,1,9,,211222,37,,,1,11,,211192,37,,,1,20,,211223,37,,,1,60,,211180,37,,,1,20,,211200,37,,,1,8,,211230,37,,,1,12,,211224,37,,,1,61,,211181,37,,,1,21,,211182,37,,,1,20,,211225,37,,,1,60,,211201,37,,,1,20,,211183,37,,,1,20,,211226,37,,,1,60,,211184,37,,,1,20,,211202,37,,,1,20,,211227,37,,,1,60,,211185,37,,,1,20,,211203,37,,,1,20,,211214,37,,,1,70,,211186,37,,,1,31,,211187,37,,,1,71,,211188,37,,,1,30,,211189,37,,,1,70,,211190,37,,,1,30,,211215,37,,,1,70,,211206,37,,,1,24,,211207,37,,,1,69,,211208,37,,,1,30,,211209,37,,,1,70,,211210,37,,,1,30,,211211,37,,,1,70,,211212,37,,,1,30,,211213,37,,,1,70,,211191,37,,,1,100,,211205,37,,,1
5101,'051-Weekday-4-26-09-1111100',552,,211245,37,,,1,70,,211246,37,,,1,80,,211268,37,,,1,22,,211256,37,,,1,10,,211269,37,,,1,10,,211247,37,,,1,10,,211270,37,,,1,50,,211248,37,,,1,10,,211271,37,,,1,10,,211249,37,,,1,10,,211272,37,,,1,10,,211250,37,,,1,10,,211231,37,,,1,49,,211251,37,,,1,11,,211273,37,,,1,9,,211274,37,,,1,11,,211244,37,,,1,20,,211275,37,,,1,60,,211232,37,,,1,20,,211252,37,,,1,8,,211280,37,,,1,12,,211276,37,,,1,61,,211233,37,,,1,21,,211234,37,,,1,20,,211277,37,,,1,60,,211253,37,,,1,20,,211235,37,,,1,20,,211278,37,,,1,60,,211236,37,,,1,20,,211254,37,,,1,20,,211279,37,,,1,60,,211237,37,,,1,20,,211255,37,,,1,20,,211266,37,,,1,70,,211238,37,,,1,31,,211239,37,,,1,71,,211240,37,,,1,30,,211241,37,,,1,70,,211242,37,,,1,30,,211267,37,,,1,70,,211258,37,,,1,24,,211259,37,,,1,69,,211260,37,,,1,30,,211261,37,,,1,70,,211262,37,,,1,30,,211263,37,,,1,70,,211264,37,,,1,30,,211265,37,,,1,70,,211243,37,,,1,100,,211257,37,,,1
5101,'051-Saturday-1-26-09-0000010',632,,211281,37,,,1,100,,211282,37,,,1,100,,211283,37,,,1,70,,211284,37,,,1,32,,211285,37,,,1,70,,211286,37,,,1,30,,211287,37,,,1,70,,211288,37,,,1,30,,211289,37,,,1,70,,211290,37,,,1,30,,211291,37,,,1,70,,211292,37,,,1,30,,211293,37,,,1,70,,211294,37,,,1,30,,211295,37,,,1,70,,211296,37,,,1,30,,211297,37,,,1,70,,211298,37,,,1,30,,211299,37,,,1,70,,211300,37,,,1,27,,211301,37,,,1,70,,211302,37,,,1,30,,211303,37,,,1,70,,211304,37,,,1,30,,211305,37,,,1,100,,211306,37,,,1,100,,211307,37,,,1,100,,211308,37,,,1
5101,'051-Sunday-1-26-09-0000001',732,,211328,37,,,1,100,,211329,37,,,1,103,,211330,37,,,1,70,,211333,37,,,1,30,,211309,37,,,1,70,,211310,37,,,1,30,,211311,37,,,1,70,,211312,37,,,1,30,,211313,37,,,1,70,,211314,37,,,1,30,,211315,37,,,1,70,,211316,37,,,1,30,,211317,37,,,1,70,,211318,37,,,1,30,,211319,37,,,1,70,,211320,37,,,1,30,,211321,37,,,1,69,,211322,37,,,1,28,,211323,37,,,1,70,,211324,37,,,1,30,,211325,37,,,1,70,,211326,37,,,1,30,,211327,37,,,1,100,,211331,37,,,1,100,,211332,37,,,1,100,,211334,37,,,1
90201,'902-Weekday-1-26-09-1111100',541,,236725,20,,,1,70,,236727,20,,,1,35,,236728,20,,,1,73,,236729,20,,,1,30,,236767,20,,,1,53,,236764,20,,,1,12,,236731,20,,,1,12,,236732,20,,,1,12,,236733,20,,,1,12,,236734,20,,,1,52,,236735,20,,,1,13,,236736,20,,,1,13,,236737,20,,,1,12,,236771,20,,,1,12,,236770,20,,,1,58,,236765,20,,,1,19,,236769,20,,,1,20,,236738,20,,,1,60,,236739,20,,,1,20,,236740,20,,,1,20,,236741,20,,,1,60,,236742,20,,,1,20,,236743,20,,,1,20,,236744,20,,,1,60,,236745,20,,,1,20,,236746,20,,,1,20,,236747,20,,,1,60,,236748,20,,,1,20,,236749,20,,,1,20,,236750,20,,,1,61,,236766,20,,,1,22,,236768,20,,,1,18,,236751,20,,,1,64,,236752,20,,,1,24,,236763,20,,,1,64,,236753,20,,,1,24,,236754,20,,,1,24,,236772,20,,,1,64,,236773,20,,,1,21,,236762,20,,,1,21,,236755,20,,,1,66,,236756,20,,,1,30,,236757,20,,,1,70,,236758,20,,,1,30,,236759,20,,,1,70,,236760,20,,,1,30,,236726,20,,,1,66,,236761,20,,,1,100,,236730,20,,,1
90201,'902-Weekday-2-26-09-1111100',541,,236774,20,,,1,70,,236776,20,,,1,35,,236777,20,,,1,73,,236778,20,,,1,30,,236816,20,,,1,53,,236813,20,,,1,12,,236780,20,,,1,12,,236781,20,,,1,12,,236782,20,,,1,12,,236783,20,,,1,52,,236784,20,,,1,13,,236785,20,,,1,13,,236786,20,,,1,12,,236820,20,,,1,12,,236819,20,,,1,58,,236814,20,,,1,19,,236818,20,,,1,20,,236787,20,,,1,60,,236788,20,,,1,20,,236789,20,,,1,20,,236790,20,,,1,60,,236791,20,,,1,20,,236792,20,,,1,20,,236793,20,,,1,60,,236794,20,,,1,20,,236795,20,,,1,20,,236796,20,,,1,60,,236797,20,,,1,20,,236798,20,,,1,20,,236799,20,,,1,61,,236815,20,,,1,22,,236817,20,,,1,18,,236800,20,,,1,64,,236801,20,,,1,24,,236812,20,,,1,64,,236802,20,,,1,24,,236803,20,,,1,24,,236821,20,,,1,64,,236822,20,,,1,21,,236811,20,,,1,21,,236804,20,,,1,66,,236805,20,,,1,30,,236806,20,,,1,70,,236807,20,,,1,30,,236808,20,,,1,70,,236809,20,,,1,30,,236775,20,,,1,66,,236810,20,,,1,100,,236779,20,,,1
90201,'902-Weekday-4-26-09-1111100',541,,236823,20,,,1,70,,236825,20,,,1,35,,236826,20,,,1,73,,236827,20,,,1,30,,236865,20,,,1,53,,236862,20,,,1,12,,236829,20,,,1,12,,236830,20,,,1,12,,236831,20,,,1,12,,236832,20,,,1,52,,236833,20,,,1,13,,236834,20,,,1,13,,236835,20,,,1,12,,236869,20,,,1,12,,236868,20,,,1,58,,236863,20,,,1,19,,236867,20,,,1,20,,236836,20,,,1,60,,236837,20,,,1,20,,236838,20,,,1,20,,236839,20,,,1,60,,236840,20,,,1,20,,236841,20,,,1,20,,236842,20,,,1,60,,236843,20,,,1,20,,236844,20,,,1,20,,236845,20,,,1,60,,236846,20,,,1,20,,236847,20,,,1,20,,236848,20,,,1,61,,236864,20,,,1,22,,236866,20,,,1,18,,236849,20,,,1,64,,236850,20,,,1,24,,236861,20,,,1,64,,236851,20,,,1,24,,236852,20,,,1,24,,236870,20,,,1,64,,236871,20,,,1,21,,236860,20,,,1,21,,236853,20,,,1,66,,236854,20,,,1,30,,236855,20,,,1,70,,236856,20,,,1,30,,236857,20,,,1,70,,236858,20,,,1,30,,236824,20,,,1,66,,236859,20,,,1,100,,236828,20,,,1
90201,'902-Saturday-1-26-09-0000010',629,,236872,20,,,1,100,,236873,20,,,1,100,,236874,20,,,1,78,,236875,20,,,1,37,,236876,20,,,1,71,,236877,20,,,1,30,,236878,20,,,1,70,,236879,20,,,1,30,,236880,20,,,1,70,,236881,20,,,1,30,,236882,20,,,1,70,,236883,20,,,1,30,,236884,20,,,1,70,,236885,20,,,1,30,,236886,20,,,1,70,,236887,20,,,1,30,,236888,20,,,1,70,,236889,20,,,1,30,,236890,20,,,1,70,,236891,20,,,1,28,,236892,20,,,1,73,,236893,20,,,1,30,,236894,20,,,1,70,,236895,20,,,1,100,,236896,20,,,1,100,,236897,20,,,1,100,,236898,20,,,1,100,,236899,20,,,1,100,,236900,20,,,1
90201,'902-Sunday-1-26-09-0000001',634,,236901,20,,,1,100,,236902,20,,,1,100,,236903,20,,,1,100,,236904,20,,,1,100,,236905,20,,,1,85,,236906,20,,,1,30,,236907,20,,,1,70,,236908,20,,,1,30,,236909,20,,,1,70,,236910,20,,,1,30,,236911,20,,,1,70,,236912,20,,,1,30,,236913,20,,,1,70,,236914,20,,,1,30,,236915,20,,,1,70,,236916,20,,,1,30,,236917,20,,,1,70,,236918,20,,,1,29,,236919,20,,,1,70,,236920,20,,,1,30,,236921,20,,,1,70,,236922,20,,,1,30,,236923,20,,,1,100,,236924,20,,,1,100,,236925,20,,,1,100,,236926,20,,,1,100,,236927,20,,,1
