10901,'109-Weekday-1-26-09-1111100',539,,217037,31,0,18 14,1,70,,217038,31,0,18 14,1,32,,217039,31,0,18 14,1,64,,217040,31,0,18 14,1,15,,217041,31,0,18 14,1,15,,217042,31,0,18 14,1,15,,217043,31,0,18 14,1,55,,217045,31,0,18 14,1,15,,217044,31,0,18 14,1,15,,217079,31,0,18 14,1,16,,217077,31,0,18 14,1,61,,217046,31,0,18 14,1,29,,217047,31,0,18 14,1,70,,217048,31,0,18 14,1,30,,217049,31,0,18 14,1,70,,217050,31,0,18 14,1,30,,217051,31,0,18 14,1,70,,217052,31,0,18 14,1,30,,217053,31,0,18 14,1,70,,217054,31,0,18 14,1,30,,217055,31,0,18 14,1,70,,217056,31,0,18 14,1,30,,217057,31,0,18 14,1,72,,217058,31,0,18 14,1,25,,217059,31,0,18 14,1,15,,217060,31,0,18 14,1,55,,217061,31,0,18 14,1,15,,217062,31,0,18 14,1,15,,217075,31,0,18 14,1,15,,217063,31,0,18 14,1,55,,217080,31,0,18 14,1,15,,217078,31,0,18 14,1,22,,217064,31,0,18 14,1,70,,217065,31,0,18 14,1,28,,217066,31,0,18 14,1,68,,217067,31,0,18 14,1,30,,217068,31,0,18 14,1,70,,217069,31,0,18 14,1,30,,217070,31,0,18 14,1,70,,217071,31,0,18 14,1,30,,217072,31,0,18 14,1,68,,217076,31,0,18 14,1,99,,217073,31,0,18 14,1,100,,217074,31,0,18 14,1
10901,'109-Weekday-2-26-09-1111100',539,,217081,31,0,18 14,1,70,,217082,31,0,18 14,1,32,,217083,31,0,18 14,1,64,,217084,31,0,18 14,1,15,,217085,31,0,18 14,1,15,,217086,31,0,18 14,1,15,,217087,31,0,18 14,1,55,,217089,31,0,18 14,1,15,,217088,31,0,18 14,1,15,,217123,31,0,18 14,1,16,,217121,31,0,18 14,1,61,,217090,31,0,18 14,1,29,,217091,31,0,18 14,1,70,,217092,31,0,18 14,1,30,,217093,31,0,18 14,1,70,,217094,31,0,18 14,1,30,,217095,31,0,18 14,1,70,,217096,31,0,18 14,1,30,,217097,31,0,18 14,1,70,,217098,31,0,18 14,1,30,,217099,31,0,18 14,1,70,,217100,31,0,18 14,1,30,,217101,31,0,18 14,1,72,,217102,31,0,18 14,1,25,,217103,31,0,18 14,1,15,,217104,31,0,18 14,1,55,,217105,31,0,18 14,1,15,,217106,31,0,18 14,1,15,,217119,31,0,18 14,1,15,,217107,31,0,18 14,1,55,,217124,31,0,18 14,1,15,,217122,31,0,18 14,1,22,,217108,31,0,18 14,1,70,,217109,31,0,18 14,1,28,,217110,31,0,18 14,1,68,,217111,31,0,18 14,1,30,,217112,31,0,18 14,1,70,,217113,31,0,18 14,1,30,,217114,31,0,18 14,1,70,,217115,31,0,18 14,1,30,,217116,31,0,18 14,1,68,,217120,31,0,18 14,1,99,,217117,31,0,18 14,1,100,,217118,31,0,18 14,1
10901,'109-Weekday-3-26-09-1111100',539,,260570,31,0,18 14,1,70,,260571,31,0,18 14,1,32,,260572,31,0,18 14,1,64,,260573,31,0,18 14,1,15,,260574,31,0,18 14,1,15,,260575,31,0,18 14,1,15,,260576,31,0,18 14,1,55,,260578,31,0,18 14,1,15,,260577,31,0,18 14,1,15,,260612,31,0,18 14,1,16,,260610,31,0,18 14,1,61,,260579,31,0,18 14,1,29,,260580,31,0,18 14,1,70,,260581,31,0,18 14,1,30,,260582,31,0,18 14,1,70,,260583,31,0,18 14,1,30,,260584,31,0,18 14,1,70,,260585,31,0,18 14,1,30,,260586,31,0,18 14,1,70,,260587,31,0,18 14,1,30,,260588,31,0,18 14,1,70,,260589,31,0,18 14,1,30,,260590,31,0,18 14,1,72,,260591,31,0,18 14,1,25,,260592,31,0,18 14,1,15,,260593,31,0,18 14,1,55,,260594,31,0,18 14,1,15,,260595,31,0,18 14,1,15,,260608,31,0,18 14,1,15,,260596,31,0,18 14,1,55,,260613,31,0,18 14,1,15,,260611,31,0,18 14,1,22,,260597,31,0,18 14,1,70,,260598,31,0,18 14,1,28,,260599,31,0,18 14,1,68,,260600,31,0,18 14,1,30,,260601,31,0,18 14,1,70,,260602,31,0,18 14,1,30,,260603,31,0,18 14,1,70,,260604,31,0,18 14,1,30,,260605,31,0,18 14,1,68,,260609,31,0,18 14,1,99,,260606,31,0,18 14,1,100,,260607,31,0,18 14,1
10901,'109-Weekday-4-26-09-1111100',539,,217125,31,0,18 14,1,70,,217126,31,0,18 14,1,32,,217127,31,0,18 14,1,64,,217128,31,0,18 14,1,15,,217129,31,0,18 14,1,15,,217130,31,0,18 14,1,15,,217131,31,0,18 14,1,55,,217133,31,0,18 14,1,15,,217132,31,0,18 14,1,15,,217167,31,0,18 14,1,16,,217165,31,0,18 14,1,61,,217134,31,0,18 14,1,29,,217135,31,0,18 14,1,70,,217136,31,0,18 14,1,30,,217137,31,0,18 14,1,70,,217138,31,0,18 14,1,30,,217139,31,0,18 14,1,70,,217140,31,0,18 14,1,30,,217141,31,0,18 14,1,70,,217142,31,0,18 14,1,30,,217143,31,0,18 14,1,70,,217144,31,0,18 14,1,30,,217145,31,0,18 14,1,72,,217146,31,0,18 14,1,25,,217147,31,0,18 14,1,15,,217148,31,0,18 14,1,55,,217149,31,0,18 14,1,15,,217150,31,0,18 14,1,15,,217163,31,0,18 14,1,15,,217151,31,0,18 14,1,55,,217168,31,0,18 14,1,15,,217166,31,0,18 14,1,22,,217152,31,0,18 14,1,70,,217153,31,0,18 14,1,28,,217154,31,0,18 14,1,68,,217155,31,0,18 14,1,30,,217156,31,0,18 14,1,70,,217157,31,0,18 14,1,30,,217158,31,0,18 14,1,70,,217159,31,0,18 14,1,30,,217160,31,0,18 14,1,68,,217164,31,0,18 14,1,99,,217161,31,0,18 14,1,100,,217162,31,0,18 14,1
10901,'109-Weekday-5-26-09-1111100',539,,260614,31,0,18 14,1,70,,260615,31,0,18 14,1,32,,260616,31,0,18 14,1,64,,260617,31,0,18 14,1,15,,260618,31,0,18 14,1,15,,260619,31,0,18 14,1,15,,260620,31,0,18 14,1,55,,260622,31,0,18 14,1,15,,260621,31,0,18 14,1,15,,260656,31,0,18 14,1,16,,260654,31,0,18 14,1,61,,260623,31,0,18 14,1,29,,260624,31,0,18 14,1,70,,260625,31,0,18 14,1,30,,260626,31,0,18 14,1,70,,260627,31,0,18 14,1,30,,260628,31,0,18 14,1,70,,260629,31,0,18 14,1,30,,260630,31,0,18 14,1,70,,260631,31,0,18 14,1,30,,260632,31,0,18 14,1,70,,260633,31,0,18 14,1,30,,260634,31,0,18 14,1,72,,260635,31,0,18 14,1,25,,260636,31,0,18 14,1,15,,260637,31,0,18 14,1,55,,260638,31,0,18 14,1,15,,260639,31,0,18 14,1,15,,260652,31,0,18 14,1,15,,260640,31,0,18 14,1,55,,260657,31,0,18 14,1,15,,260655,31,0,18 14,1,22,,260641,31,0,18 14,1,70,,260642,31,0,18 14,1,28,,260643,31,0,18 14,1,68,,260644,31,0,18 14,1,30,,260645,31,0,18 14,1,70,,260646,31,0,18 14,1,30,,260647,31,0,18 14,1,70,,260648,31,0,18 14,1,30,,260649,31,0,18 14,1,68,,260653,31,0,18 14,1,99,,260650,31,0,18 14,1,100,,260651,31,0,18 14,1
10901,'109-Weekday-6-26-09-1111100',539,,260658,31,0,18 14,1,70,,260659,31,0,18 14,1,32,,260660,31,0,18 14,1,64,,260661,31,0,18 14,1,15,,260662,31,0,18 14,1,15,,260663,31,0,18 14,1,15,,260664,31,0,18 14,1,55,,260666,31,0,18 14,1,15,,260665,31,0,18 14,1,15,,260700,31,0,18 14,1,16,,260698,31,0,18 14,1,61,,260667,31,0,18 14,1,29,,260668,31,0,18 14,1,70,,260669,31,0,18 14,1,30,,260670,31,0,18 14,1,70,,260671,31,0,18 14,1,30,,260672,31,0,18 14,1,70,,260673,31,0,18 14,1,30,,260674,31,0,18 14,1,70,,260675,31,0,18 14,1,30,,260676,31,0,18 14,1,70,,260677,31,0,18 14,1,30,,260678,31,0,18 14,1,72,,260679,31,0,18 14,1,25,,260680,31,0,18 14,1,15,,260681,31,0,18 14,1,55,,260682,31,0,18 14,1,15,,260683,31,0,18 14,1,15,,260696,31,0,18 14,1,15,,260684,31,0,18 14,1,55,,260701,31,0,18 14,1,15,,260699,31,0,18 14,1,22,,260685,31,0,18 14,1,70,,260686,31,0,18 14,1,28,,260687,31,0,18 14,1,68,,260688,31,0,18 14,1,30,,260689,31,0,18 14,1,70,,260690,31,0,18 14,1,30,,260691,31,0,18 14,1,70,,260692,31,0,18 14,1,30,,260693,31,0,18 14,1,68,,260697,31,0,18 14,1,99,,260694,31,0,18 14,1,100,,260695,31,0,18 14,1
10901,'109-Weekday-7-26-09-1111100',539,,260702,31,0,18 14,1,70,,260703,31,0,18 14,1,32,,260704,31,0,18 14,1,64,,260705,31,0,18 14,1,15,,260706,31,0,18 14,1,15,,260707,31,0,18 14,1,15,,260708,31,0,18 14,1,55,,260710,31,0,18 14,1,15,,260709,31,0,18 14,1,15,,260744,31,0,18 14,1,16,,260742,31,0,18 14,1,61,,260711,31,0,18 14,1,29,,260712,31,0,18 14,1,70,,260713,31,0,18 14,1,30,,260714,31,0,18 14,1,70,,260715,31,0,18 14,1,30,,260716,31,0,18 14,1,70,,260717,31,0,18 14,1,30,,260718,31,0,18 14,1,70,,260719,31,0,18 14,1,30,,260720,31,0,18 14,1,70,,260721,31,0,18 14,1,30,,260722,31,0,18 14,1,72,,260723,31,0,18 14,1,25,,260724,31,0,18 14,1,15,,260725,31,0,18 14,1,55,,260726,31,0,18 14,1,15,,260727,31,0,18 14,1,15,,260740,31,0,18 14,1,15,,260728,31,0,18 14,1,55,,260745,31,0,18 14,1,15,,260743,31,0,18 14,1,22,,260729,31,0,18 14,1,70,,260730,31,0,18 14,1,28,,260731,31,0,18 14,1,68,,260732,31,0,18 14,1,30,,260733,31,0,18 14,1,70,,260734,31,0,18 14,1,30,,260735,31,0,18 14,1,70,,260736,31,0,18 14,1,30,,260737,31,0,18 14,1,68,,260741,31,0,18 14,1,99,,260738,31,0,18 14,1,100,,260739,31,0,18 14,1
10901,'109-Saturday-1-26-09-0000010',832,,217169,31,0,18 14,1,70,,217170,31,0,18 14,1,30,,217171,31,0,18 14,1,70,,217172,31,0,18 14,1,30,,217173,31,0,18 14,1,70,,217174,31,0,18 14,1,30,,217175,31,0,18 14,1,70,,217176,31,0,18 14,1,30,,217177,31,0,18 14,1,70,,217178,31,0,18 14,1,30,,217179,31,0,18 14,1,70,,217180,31,0,18 14,1,30,,217181,31,0,18 14,1,70,,217182,31,0,18 14,1,30,,217183,31,0,18 14,1,70,,217184,31,0,18 14,1,30,,217185,31,0,18 14,1,70,,217186,31,0,18 14,1,30,,217187,31,0,18 14,1,70,,217188,31,0,18 14,1,30,,217189,31,0,18 14,1,70,,217190,31,0,18 14,1,30,,217191,31,0,18 14,1,70,,217192,31,0,18 14,1,30,,217193,31,0,18 14,1,70,,217194,31,0,18 14,1,30,,217195,31,0,18 14,1,70,,217196,31,0,18 14,1
10901,'109-Sunday-1-26-09-0000001',1042,,217197,31,0,18 14,1,70,,217198,31,0,18 14,1,30,,217199,31,0,18 14,1,70,,217200,31,0,18 14,1,30,,217201,31,0,18 14,1,70,,217202,31,0,18 14,1,30,,217203,31,0,18 14,1,70,,217204,31,0,18 14,1,30,,217205,31,0,18 14,1,70,,217206,31,0,18 14,1,30,,217207,31,0,18 14,1,70,,217208,31,0,18 14,1,30,,217209,31,0,18 14,1,70,,217210,31,0,18 14,1,30,,217211,31,0,18 14,1,70,,217212,31,0,18 14,1,30,,217213,31,0,18 14,1,70,,217214,31,0,18 14,1
61501,'615-Weekday-1-26-09-0001000',1241,,227427,14,,,1
61501,'615-Weekday-1-26-09-1110100',1545,,227428,14,,,1
61501,'615-Weekday-4-26-09-1110100',1545,,270286,14,,,1
61501,'615-Weekday-7-26-09-1110100',1545,,270287,14,,,1
61801,'618-Weekday-1-26-09-1111100',816,,227449,26,,,1
61801,'618-Weekday-4-26-09-1111100',816,,270299,26,,,1
61801,'618-Weekday-7-26-09-1111100',816,,270300,26,,,1
68301,'683-Weekday-1-26-09-1111100',744,,227878,20,,,1,5,,227879,20,,,1,5,,227880,20,,,1,5,,227881,20,,,1
68301,'683-Weekday-3-26-09-1111100',744,,227882,20,,,1,5,,227883,20,,,1,5,,227884,20,,,1,5,,227885,20,,,1
68301,'683-Weekday-4-26-09-1111100',744,,270640,20,,,1,5,,270641,20,,,1,5,,270642,20,,,1,5,,270643,20,,,1
68301,'683-Weekday-7-26-09-1111100',744,,270644,20,,,1,5,,270645,20,,,1,5,,270646,20,,,1,5,,270647,20,,,1
