11801,'118-Weekday-1-26-09-1111100',548,,219474,39,,,1,70,,219437,39,,,1,32,,219464,39,,,1,59,,219471,39,,,1,20,,219438,39,,,1,20,,219459,39,,,1,60,,219439,39,,,1,20,,219440,39,,,1,21,,219460,39,,,1,70,,219476,39,,,1,30,,219441,39,,,1,70,,219442,39,,,1,30,,219443,39,,,1,70,,219444,39,,,1,30,,219445,39,,,1,70,,219446,39,,,1,30,,219447,39,,,1,70,,219448,39,,,1,30,,219449,39,,,1,70,,219450,39,,,1,30,,219451,39,,,1,73,,219465,39,,,1,29,,219473,39,,,1,55,,219455,39,,,1,15,,219452,39,,,1,15,,219453,39,,,1,15,,219472,39,,,1,55,,219461,39,,,1,15,,219454,39,,,1,15,,219458,39,,,1,15,,219475,39,,,1,70,,219456,39,,,1,29,,219457,39,,,1,69,,219466,39,,,1,30,,219467,39,,,1,70,,219468,39,,,1,30,,219469,39,,,1,70,,219463,39,,,1,30,,219462,39,,,1,69,,219470,39,,,1
11801,'118-Weekday-2-26-09-1111100',548,,219514,39,,,1,70,,219477,39,,,1,32,,219504,39,,,1,59,,219511,39,,,1,20,,219478,39,,,1,20,,219499,39,,,1,60,,219479,39,,,1,20,,219480,39,,,1,21,,219500,39,,,1,70,,219516,39,,,1,30,,219481,39,,,1,70,,219482,39,,,1,30,,219483,39,,,1,70,,219484,39,,,1,30,,219485,39,,,1,70,,219486,39,,,1,30,,219487,39,,,1,70,,219488,39,,,1,30,,219489,39,,,1,70,,219490,39,,,1,30,,219491,39,,,1,73,,219505,39,,,1,29,,219513,39,,,1,55,,219495,39,,,1,15,,219492,39,,,1,15,,219493,39,,,1,15,,219512,39,,,1,55,,219501,39,,,1,15,,219494,39,,,1,15,,219498,39,,,1,15,,219515,39,,,1,70,,219496,39,,,1,29,,219497,39,,,1,69,,219506,39,,,1,30,,219507,39,,,1,70,,219508,39,,,1,30,,219509,39,,,1,70,,219503,39,,,1,30,,219502,39,,,1,69,,219510,39,,,1
11801,'118-Weekday-3-26-09-1111100',548,,262855,39,,,1,70,,262818,39,,,1,32,,262845,39,,,1,59,,262852,39,,,1,20,,262819,39,,,1,20,,262840,39,,,1,60,,262820,39,,,1,20,,262821,39,,,1,21,,262841,39,,,1,70,,262857,39,,,1,30,,262822,39,,,1,70,,262823,39,,,1,30,,262824,39,,,1,70,,262825,39,,,1,30,,262826,39,,,1,70,,262827,39,,,1,30,,262828,39,,,1,70,,262829,39,,,1,30,,262830,39,,,1,70,,262831,39,,,1,30,,262832,39,,,1,73,,262846,39,,,1,29,,262854,39,,,1,55,,262836,39,,,1,15,,262833,39,,,1,15,,262834,39,,,1,15,,262853,39,,,1,55,,262842,39,,,1,15,,262835,39,,,1,15,,262839,39,,,1,15,,262856,39,,,1,70,,262837,39,,,1,29,,262838,39,,,1,69,,262847,39,,,1,30,,262848,39,,,1,70,,262849,39,,,1,30,,262850,39,,,1,70,,262844,39,,,1,30,,262843,39,,,1,69,,262851,39,,,1
11801,'118-Weekday-4-26-09-1111100',548,,219554,39,,,1,70,,219517,39,,,1,32,,219544,39,,,1,59,,219551,39,,,1,20,,219518,39,,,1,20,,219539,39,,,1,60,,219519,39,,,1,20,,219520,39,,,1,21,,219540,39,,,1,70,,219556,39,,,1,30,,219521,39,,,1,70,,219522,39,,,1,30,,219523,39,,,1,70,,219524,39,,,1,30,,219525,39,,,1,70,,219526,39,,,1,30,,219527,39,,,1,70,,219528,39,,,1,30,,219529,39,,,1,70,,219530,39,,,1,30,,219531,39,,,1,73,,219545,39,,,1,29,,219553,39,,,1,55,,219535,39,,,1,15,,219532,39,,,1,15,,219533,39,,,1,15,,219552,39,,,1,55,,219541,39,,,1,15,,219534,39,,,1,15,,219538,39,,,1,15,,219555,39,,,1,70,,219536,39,,,1,29,,219537,39,,,1,69,,219546,39,,,1,30,,219547,39,,,1,70,,219548,39,,,1,30,,219549,39,,,1,70,,219543,39,,,1,30,,219542,39,,,1,69,,219550,39,,,1
11801,'118-Weekday-5-26-09-1111100',548,,262895,39,,,1,70,,262858,39,,,1,32,,262885,39,,,1,59,,262892,39,,,1,20,,262859,39,,,1,20,,262880,39,,,1,60,,262860,39,,,1,20,,262861,39,,,1,21,,262881,39,,,1,70,,262897,39,,,1,30,,262862,39,,,1,70,,262863,39,,,1,30,,262864,39,,,1,70,,262865,39,,,1,30,,262866,39,,,1,70,,262867,39,,,1,30,,262868,39,,,1,70,,262869,39,,,1,30,,262870,39,,,1,70,,262871,39,,,1,30,,262872,39,,,1,73,,262886,39,,,1,29,,262894,39,,,1,55,,262876,39,,,1,15,,262873,39,,,1,15,,262874,39,,,1,15,,262893,39,,,1,55,,262882,39,,,1,15,,262875,39,,,1,15,,262879,39,,,1,15,,262896,39,,,1,70,,262877,39,,,1,29,,262878,39,,,1,69,,262887,39,,,1,30,,262888,39,,,1,70,,262889,39,,,1,30,,262890,39,,,1,70,,262884,39,,,1,30,,262883,39,,,1,69,,262891,39,,,1
11801,'118-Weekday-6-26-09-1111100',548,,262935,39,,,1,70,,262898,39,,,1,32,,262925,39,,,1,59,,262932,39,,,1,20,,262899,39,,,1,20,,262920,39,,,1,60,,262900,39,,,1,20,,262901,39,,,1,21,,262921,39,,,1,70,,262937,39,,,1,30,,262902,39,,,1,70,,262903,39,,,1,30,,262904,39,,,1,70,,262905,39,,,1,30,,262906,39,,,1,70,,262907,39,,,1,30,,262908,39,,,1,70,,262909,39,,,1,30,,262910,39,,,1,70,,262911,39,,,1,30,,262912,39,,,1,73,,262926,39,,,1,29,,262934,39,,,1,55,,262916,39,,,1,15,,262913,39,,,1,15,,262914,39,,,1,15,,262933,39,,,1,55,,262922,39,,,1,15,,262915,39,,,1,15,,262919,39,,,1,15,,262936,39,,,1,70,,262917,39,,,1,29,,262918,39,,,1,69,,262927,39,,,1,30,,262928,39,,,1,70,,262929,39,,,1,30,,262930,39,,,1,70,,262924,39,,,1,30,,262923,39,,,1,69,,262931,39,,,1
11801,'118-Weekday-7-26-09-1111100',548,,262975,39,,,1,70,,262938,39,,,1,32,,262965,39,,,1,59,,262972,39,,,1,20,,262939,39,,,1,20,,262960,39,,,1,60,,262940,39,,,1,20,,262941,39,,,1,21,,262961,39,,,1,70,,262977,39,,,1,30,,262942,39,,,1,70,,262943,39,,,1,30,,262944,39,,,1,70,,262945,39,,,1,30,,262946,39,,,1,70,,262947,39,,,1,30,,262948,39,,,1,70,,262949,39,,,1,30,,262950,39,,,1,70,,262951,39,,,1,30,,262952,39,,,1,73,,262966,39,,,1,29,,262974,39,,,1,55,,262956,39,,,1,15,,262953,39,,,1,15,,262954,39,,,1,15,,262973,39,,,1,55,,262962,39,,,1,15,,262955,39,,,1,15,,262959,39,,,1,15,,262976,39,,,1,70,,262957,39,,,1,29,,262958,39,,,1,69,,262967,39,,,1,30,,262968,39,,,1,70,,262969,39,,,1,30,,262970,39,,,1,70,,262964,39,,,1,30,,262963,39,,,1,69,,262971,39,,,1
11801,'118-Saturday-1-26-09-0000010',707,,219557,39,,,1,100,,219558,39,,,1,51,,219559,39,,,1,72,,219581,39,,,1,70,,219560,39,,,1,30,,219561,39,,,1,70,,219562,39,,,1,30,,219563,39,,,1,70,,219564,39,,,1,30,,219565,39,,,1,70,,219566,39,,,1,30,,219567,39,,,1,70,,219568,39,,,1,30,,219569,39,,,1,70,,219570,39,,,1,30,,219571,39,,,1,70,,219572,39,,,1,30,,219573,39,,,1,70,,219574,39,,,1,29,,219575,39,,,1,30,,219576,39,,,1,70,,219577,39,,,1,30,,219578,39,,,1,70,,219579,39,,,1,30,,219580,39,,,1
11801,'118-Sunday-1-26-09-0000001',623,,219602,39,,,1,100,,219601,39,,,1,100,,219600,39,,,1,99,,219599,39,,,1,85,,219598,39,,,1,30,,219597,39,,,1,70,,219596,39,,,1,30,,219595,39,,,1,70,,219594,39,,,1,30,,219593,39,,,1,70,,219592,39,,,1,30,,219591,39,,,1,70,,219590,39,,,1,30,,219589,39,,,1,70,,219588,39,,,1,30,,219587,39,,,1,70,,219586,39,,,1,30,,219585,39,,,1,68,,219584,39,,,1,29,,219583,39,,,1,70,,219582,39,,,1,30,,219603,39,,,1
62101,'621-Weekday-1-26-09-1111100',742,,227466,18,,,1,5,,227467,18,,,1,80,,227468,18,,,1
62101,'621-Weekday-3-26-09-1111100',827,,227469,18,,,1
62101,'621-Weekday-4-26-09-1111100',742,,270314,18,,,1,5,,270315,18,,,1
62101,'621-Weekday-7-26-09-1111100',742,,270316,18,,,1,5,,270317,18,,,1,80,,270318,18,,,1
62301,'623-Weekday-1-26-09-1111100',743,,227550,18,,,1
62301,'623-Weekday-4-26-09-1111100',743,,270373,18,,,1
62301,'623-Weekday-7-26-09-1111100',743,,270374,18,,,1
