91900,'919-Weekday-1-26-09-0001000',1520,,240703,8,,,1
91900,'919-Weekday-1-26-09-1111100',542,,240704,8,,,1,70,,240705,8,,,1,32,,240706,8,,,1,7,,240753,8,,,1,8,,240707,8,,,1,47,,240754,8,,,1,8,,240708,8,,,1,7,,240755,8,,,1,8,,240709,8,,,1,7,,240756,8,,,1,8,,240710,8,,,1,7,,240757,8,,,1,8,,240711,8,,,1,47,,240758,8,,,1,8,,240712,8,,,1,7,,240759,8,,,1,8,,240713,8,,,1,7,,240760,8,,,1,8,,240714,8,,,1,59,,240715,8,,,1,20,,240716,8,,,1,20,,240717,8,,,1,60,,240718,8,,,1,20,,240719,8,,,1,20,,240720,8,,,1,60,,240721,8,,,1,20,,240722,8,,,1,20,,240723,8,,,1,60,,240724,8,,,1,20,,240725,8,,,1,20,,240726,8,,,1,60,,240727,8,,,1,20,,240728,8,,,1,20,,240729,8,,,1,60,,240730,8,,,1,20,,240731,8,,,1,20,,240732,8,,,1,60,,240733,8,,,1,21,,240734,8,,,1,20,,240735,8,,,1,7,,240761,8,,,1,8,,240736,8,,,1,47,,240762,8,,,1,8,,240737,8,,,1,7,,240763,8,,,1,8,,240738,8,,,1,7,,240764,8,,,1,8,,240739,8,,,1,7,,240765,8,,,1,8,,240740,8,,,1,47,,240766,8,,,1,8,,240741,8,,,1,7,,240767,8,,,1,8,,240742,8,,,1,7,,240768,8,,,1,8,,240743,8,,,1,7,,240769,8,,,1,8,,240744,8,,,1,47,,240770,8,,,1,8,,240745,8,,,1,29,,240746,8,,,1,70,,240747,8,,,1,30,,240748,8,,,1,70,,240749,8,,,1,30,,240750,8,,,1,70,,240751,8,,,1,30,,240752,8,,,1
91900,'919-Weekday-2-26-09-1111100',542,,240771,8,,,1,70,,240772,8,,,1,32,,240773,8,,,1,7,,240820,8,,,1,8,,240774,8,,,1,47,,240821,8,,,1,8,,240775,8,,,1,7,,240822,8,,,1,8,,240776,8,,,1,7,,240823,8,,,1,8,,240777,8,,,1,7,,240824,8,,,1,8,,240778,8,,,1,47,,240825,8,,,1,8,,240779,8,,,1,7,,240826,8,,,1,8,,240780,8,,,1,7,,240827,8,,,1,8,,240781,8,,,1,59,,240782,8,,,1,20,,240783,8,,,1,20,,240784,8,,,1,60,,240785,8,,,1,20,,240786,8,,,1,20,,240787,8,,,1,60,,240788,8,,,1,20,,240789,8,,,1,20,,240790,8,,,1,60,,240791,8,,,1,20,,240792,8,,,1,20,,240793,8,,,1,60,,240794,8,,,1,20,,240795,8,,,1,20,,240796,8,,,1,60,,240797,8,,,1,20,,240798,8,,,1,20,,240799,8,,,1,60,,240800,8,,,1,21,,240801,8,,,1,20,,240802,8,,,1,7,,240828,8,,,1,8,,240803,8,,,1,47,,240829,8,,,1,8,,240804,8,,,1,7,,240830,8,,,1,8,,240805,8,,,1,7,,240831,8,,,1,8,,240806,8,,,1,7,,240832,8,,,1,8,,240807,8,,,1,47,,240833,8,,,1,8,,240808,8,,,1,7,,240834,8,,,1,8,,240809,8,,,1,7,,240835,8,,,1,8,,240810,8,,,1,7,,240836,8,,,1,8,,240811,8,,,1,47,,240837,8,,,1,8,,240812,8,,,1,29,,240813,8,,,1,70,,240814,8,,,1,30,,240815,8,,,1,70,,240816,8,,,1,30,,240817,8,,,1,70,,240818,8,,,1,30,,240819,8,,,1
91900,'919-Weekday-3-26-09-1111100',542,,283231,8,,,1,70,,283232,8,,,1,32,,283233,8,,,1,7,,283280,8,,,1,8,,283234,8,,,1,47,,283281,8,,,1,8,,283235,8,,,1,7,,283282,8,,,1,8,,283236,8,,,1,7,,283283,8,,,1,8,,283237,8,,,1,7,,283284,8,,,1,8,,283238,8,,,1,47,,283285,8,,,1,8,,283239,8,,,1,7,,283286,8,,,1,8,,283240,8,,,1,7,,283287,8,,,1,8,,283241,8,,,1,59,,283242,8,,,1,20,,283243,8,,,1,20,,283244,8,,,1,60,,283245,8,,,1,20,,283246,8,,,1,20,,283247,8,,,1,60,,283248,8,,,1,20,,283249,8,,,1,20,,283250,8,,,1,60,,283251,8,,,1,20,,283252,8,,,1,20,,283253,8,,,1,60,,283254,8,,,1,20,,283255,8,,,1,20,,283256,8,,,1,60,,283257,8,,,1,20,,283258,8,,,1,20,,283259,8,,,1,60,,283260,8,,,1,21,,283261,8,,,1,20,,283262,8,,,1,7,,283288,8,,,1,8,,283263,8,,,1,47,,283289,8,,,1,8,,283264,8,,,1,7,,283290,8,,,1,8,,283265,8,,,1,7,,283291,8,,,1,8,,283266,8,,,1,7,,283292,8,,,1,8,,283267,8,,,1,47,,283293,8,,,1,8,,283268,8,,,1,7,,283294,8,,,1,8,,283269,8,,,1,7,,283295,8,,,1,8,,283270,8,,,1,7,,283296,8,,,1,8,,283271,8,,,1,47,,283297,8,,,1,8,,283272,8,,,1,29,,283273,8,,,1,70,,283274,8,,,1,30,,283275,8,,,1,70,,283276,8,,,1,30,,283277,8,,,1,70,,283278,8,,,1,30,,283279,8,,,1
91900,'919-Weekday-4-26-09-1111100',542,,240838,8,,,1,70,,240839,8,,,1,32,,240840,8,,,1,7,,240887,8,,,1,8,,240841,8,,,1,47,,240888,8,,,1,8,,240842,8,,,1,7,,240889,8,,,1,8,,240843,8,,,1,7,,240890,8,,,1,8,,240844,8,,,1,7,,240891,8,,,1,8,,240845,8,,,1,47,,240892,8,,,1,8,,240846,8,,,1,7,,240893,8,,,1,8,,240847,8,,,1,7,,240894,8,,,1,8,,240848,8,,,1,59,,240849,8,,,1,20,,240850,8,,,1,20,,240851,8,,,1,60,,240852,8,,,1,20,,240853,8,,,1,20,,240854,8,,,1,60,,240855,8,,,1,20,,240856,8,,,1,20,,240857,8,,,1,60,,240858,8,,,1,20,,240859,8,,,1,20,,240860,8,,,1,60,,240861,8,,,1,20,,240862,8,,,1,20,,240863,8,,,1,60,,240864,8,,,1,20,,240865,8,,,1,20,,240866,8,,,1,60,,240867,8,,,1,21,,240868,8,,,1,20,,240869,8,,,1,7,,240895,8,,,1,8,,240870,8,,,1,47,,240896,8,,,1,8,,240871,8,,,1,7,,240897,8,,,1,8,,240872,8,,,1,7,,240898,8,,,1,8,,240873,8,,,1,7,,240899,8,,,1,8,,240874,8,,,1,47,,240900,8,,,1,8,,240875,8,,,1,7,,240901,8,,,1,8,,240876,8,,,1,7,,240902,8,,,1,8,,240877,8,,,1,7,,240903,8,,,1,8,,240878,8,,,1,47,,240904,8,,,1,8,,240879,8,,,1,29,,240880,8,,,1,70,,240881,8,,,1,30,,240882,8,,,1,70,,240883,8,,,1,30,,240884,8,,,1,70,,240885,8,,,1,30,,240886,8,,,1
91900,'919-Weekday-5-26-09-1111100',542,,283298,8,,,1,70,,283299,8,,,1,32,,283300,8,,,1,7,,283347,8,,,1,8,,283301,8,,,1,47,,283348,8,,,1,8,,283302,8,,,1,7,,283349,8,,,1,8,,283303,8,,,1,7,,283350,8,,,1,8,,283304,8,,,1,7,,283351,8,,,1,8,,283305,8,,,1,47,,283352,8,,,1,8,,283306,8,,,1,7,,283353,8,,,1,8,,283307,8,,,1,7,,283354,8,,,1,8,,283308,8,,,1,59,,283309,8,,,1,20,,283310,8,,,1,20,,283311,8,,,1,60,,283312,8,,,1,20,,283313,8,,,1,20,,283314,8,,,1,60,,283315,8,,,1,20,,283316,8,,,1,20,,283317,8,,,1,60,,283318,8,,,1,20,,283319,8,,,1,20,,283320,8,,,1,60,,283321,8,,,1,20,,283322,8,,,1,20,,283323,8,,,1,60,,283324,8,,,1,20,,283325,8,,,1,20,,283326,8,,,1,60,,283327,8,,,1,21,,283328,8,,,1,20,,283329,8,,,1,7,,283355,8,,,1,8,,283330,8,,,1,47,,283356,8,,,1,8,,283331,8,,,1,7,,283357,8,,,1,8,,283332,8,,,1,7,,283358,8,,,1,8,,283333,8,,,1,7,,283359,8,,,1,8,,283334,8,,,1,47,,283360,8,,,1,8,,283335,8,,,1,7,,283361,8,,,1,8,,283336,8,,,1,7,,283362,8,,,1,8,,283337,8,,,1,7,,283363,8,,,1,8,,283338,8,,,1,47,,283364,8,,,1,8,,283339,8,,,1,29,,283340,8,,,1,70,,283341,8,,,1,30,,283342,8,,,1,70,,283343,8,,,1,30,,283344,8,,,1,70,,283345,8,,,1,30,,283346,8,,,1
91900,'919-Weekday-6-26-09-1111100',542,,283365,8,,,1,70,,283366,8,,,1,32,,283367,8,,,1,7,,283414,8,,,1,8,,283368,8,,,1,47,,283415,8,,,1,8,,283369,8,,,1,7,,283416,8,,,1,8,,283370,8,,,1,7,,283417,8,,,1,8,,283371,8,,,1,7,,283418,8,,,1,8,,283372,8,,,1,47,,283419,8,,,1,8,,283373,8,,,1,7,,283420,8,,,1,8,,283374,8,,,1,7,,283421,8,,,1,8,,283375,8,,,1,59,,283376,8,,,1,20,,283377,8,,,1,20,,283378,8,,,1,60,,283379,8,,,1,20,,283380,8,,,1,20,,283381,8,,,1,60,,283382,8,,,1,20,,283383,8,,,1,20,,283384,8,,,1,60,,283385,8,,,1,20,,283386,8,,,1,20,,283387,8,,,1,60,,283388,8,,,1,20,,283389,8,,,1,20,,283390,8,,,1,60,,283391,8,,,1,20,,283392,8,,,1,20,,283393,8,,,1,60,,283394,8,,,1,21,,283395,8,,,1,20,,283396,8,,,1,7,,283422,8,,,1,8,,283397,8,,,1,47,,283423,8,,,1,8,,283398,8,,,1,7,,283424,8,,,1,8,,283399,8,,,1,7,,283425,8,,,1,8,,283400,8,,,1,7,,283426,8,,,1,8,,283401,8,,,1,47,,283427,8,,,1,8,,283402,8,,,1,7,,283428,8,,,1,8,,283403,8,,,1,7,,283429,8,,,1,8,,283404,8,,,1,7,,283430,8,,,1,8,,283405,8,,,1,47,,283431,8,,,1,8,,283406,8,,,1,29,,283407,8,,,1,70,,283408,8,,,1,30,,283409,8,,,1,70,,283410,8,,,1,30,,283411,8,,,1,70,,283412,8,,,1,30,,283413,8,,,1
91900,'919-Weekday-7-26-09-1111100',542,,283432,8,,,1,70,,283433,8,,,1,32,,283434,8,,,1,7,,283481,8,,,1,8,,283435,8,,,1,47,,283482,8,,,1,8,,283436,8,,,1,7,,283483,8,,,1,8,,283437,8,,,1,7,,283484,8,,,1,8,,283438,8,,,1,7,,283485,8,,,1,8,,283439,8,,,1,47,,283486,8,,,1,8,,283440,8,,,1,7,,283487,8,,,1,8,,283441,8,,,1,7,,283488,8,,,1,8,,283442,8,,,1,59,,283443,8,,,1,20,,283444,8,,,1,20,,283445,8,,,1,60,,283446,8,,,1,20,,283447,8,,,1,20,,283448,8,,,1,60,,283449,8,,,1,20,,283450,8,,,1,20,,283451,8,,,1,60,,283452,8,,,1,20,,283453,8,,,1,20,,283454,8,,,1,60,,283455,8,,,1,20,,283456,8,,,1,20,,283457,8,,,1,60,,283458,8,,,1,20,,283459,8,,,1,20,,283460,8,,,1,60,,283461,8,,,1,21,,283462,8,,,1,20,,283463,8,,,1,7,,283489,8,,,1,8,,283464,8,,,1,47,,283490,8,,,1,8,,283465,8,,,1,7,,283491,8,,,1,8,,283466,8,,,1,7,,283492,8,,,1,8,,283467,8,,,1,7,,283493,8,,,1,8,,283468,8,,,1,47,,283494,8,,,1,8,,283469,8,,,1,7,,283495,8,,,1,8,,283470,8,,,1,7,,283496,8,,,1,8,,283471,8,,,1,7,,283497,8,,,1,8,,283472,8,,,1,47,,283498,8,,,1,8,,283473,8,,,1,29,,283474,8,,,1,70,,283475,8,,,1,30,,283476,8,,,1,70,,283477,8,,,1,30,,283478,8,,,1,70,,283479,8,,,1,30,,283480,8,,,1
91900,'919-Saturday-1-26-09-0000010',612,,240905,8,,,1,100,,240906,8,,,1,100,,240907,8,,,1,30,,240908,8,,,1,71,,240909,8,,,1,30,,240910,8,,,1,70,,240911,8,,,1,30,,240912,8,,,1,70,,240913,8,,,1,30,,240914,8,,,1,70,,240915,8,,,1,30,,240916,8,,,1,70,,240917,8,,,1,30,,240918,8,,,1,70,,240919,8,,,1,30,,240920,8,,,1,70,,240921,8,,,1,30,,240922,8,,,1,70,,240923,8,,,1,30,,240924,8,,,1,70,,240925,8,,,1,30,,240926,8,,,1,70,,240927,8,,,1,30,,240928,8,,,1,70,,240929,8,,,1,100,,240930,8,,,1,100,,240931,8,,,1,100,,240932,8,,,1
91900,'919-Sunday-1-26-09-0000001',816,,240933,8,,,1,102,,240934,8,,,1,100,,240935,8,,,1,30,,240936,8,,,1,70,,240937,8,,,1,30,,240938,8,,,1,70,,240939,8,,,1,30,,240940,8,,,1,70,,240941,8,,,1,30,,240942,8,,,1,70,,240943,8,,,1,30,,240944,8,,,1,70,,240945,8,,,1,30,,240946,8,,,1,70,,240947,8,,,1,30,,240948,8,,,1,69,,240949,8,,,1,30,,240950,8,,,1,70,,240951,8,,,1,30,,240952,8,,,1,70,,240953,8,,,1,100,,240954,8,,,1,100,,240955,8,,,1,100,,240956,8,,,1
