10900,'109-Weekday-1-26-09-1111100',527,,216855,47,,,1,30,,216856,47,,,1,71,,216857,47,,,1,72,,216895,47,,,1,15,,216858,47,,,1,15,,216890,47,,,1,15,,216860,47,,,1,55,,216859,47,,,1,15,,216891,47,,,1,15,,216861,47,,,1,15,,216899,47,,,1,55,,216898,47,,,1,29,,216862,47,,,1,30,,216863,47,,,1,70,,216864,47,,,1,30,,216865,47,,,1,70,,216866,47,,,1,30,,216867,47,,,1,70,,216868,47,,,1,30,,216869,47,,,1,70,,216870,47,,,1,30,,216871,47,,,1,70,,216872,47,,,1,30,,216873,47,,,1,74,,216874,47,,,1,15,,216875,47,,,1,55,,216892,47,,,1,15,,216877,47,,,1,15,,216876,47,,,1,15,,216893,47,,,1,55,,216878,47,,,1,15,,216897,47,,,1,15,,216896,47,,,1,70,,216879,47,,,1,30,,216880,47,,,1,25,,216881,47,,,1,70,,216882,47,,,1,30,,216883,47,,,1,70,,216884,47,,,1,30,,216885,47,,,1,70,,216886,47,,,1,30,,216887,47,,,1,70,,216894,47,,,1,100,,216888,47,,,1,100,,216889,47,,,1
10900,'109-Weekday-2-26-09-1111100',527,,216900,47,,,1,30,,216901,47,,,1,71,,216902,47,,,1,72,,216940,47,,,1,15,,216903,47,,,1,15,,216935,47,,,1,15,,216905,47,,,1,55,,216904,47,,,1,15,,216936,47,,,1,15,,216906,47,,,1,15,,216944,47,,,1,55,,216943,47,,,1,29,,216907,47,,,1,30,,216908,47,,,1,70,,216909,47,,,1,30,,216910,47,,,1,70,,216911,47,,,1,30,,216912,47,,,1,70,,216913,47,,,1,30,,216914,47,,,1,70,,216915,47,,,1,30,,216916,47,,,1,70,,216917,47,,,1,30,,216918,47,,,1,74,,216919,47,,,1,15,,216920,47,,,1,55,,216937,47,,,1,15,,216922,47,,,1,15,,216921,47,,,1,15,,216938,47,,,1,55,,216923,47,,,1,15,,216942,47,,,1,15,,216941,47,,,1,70,,216924,47,,,1,30,,216925,47,,,1,25,,216926,47,,,1,70,,216927,47,,,1,30,,216928,47,,,1,70,,216929,47,,,1,30,,216930,47,,,1,70,,216931,47,,,1,30,,216932,47,,,1,70,,216939,47,,,1,100,,216933,47,,,1,100,,216934,47,,,1
10900,'109-Weekday-3-26-09-1111100',527,,260390,47,,,1,30,,260391,47,,,1,71,,260392,47,,,1,72,,260430,47,,,1,15,,260393,47,,,1,15,,260425,47,,,1,15,,260395,47,,,1,55,,260394,47,,,1,15,,260426,47,,,1,15,,260396,47,,,1,15,,260434,47,,,1,55,,260433,47,,,1,29,,260397,47,,,1,30,,260398,47,,,1,70,,260399,47,,,1,30,,260400,47,,,1,70,,260401,47,,,1,30,,260402,47,,,1,70,,260403,47,,,1,30,,260404,47,,,1,70,,260405,47,,,1,30,,260406,47,,,1,70,,260407,47,,,1,30,,260408,47,,,1,74,,260409,47,,,1,15,,260410,47,,,1,55,,260427,47,,,1,15,,260412,47,,,1,15,,260411,47,,,1,15,,260428,47,,,1,55,,260413,47,,,1,15,,260432,47,,,1,15,,260431,47,,,1,70,,260414,47,,,1,30,,260415,47,,,1,25,,260416,47,,,1,70,,260417,47,,,1,30,,260418,47,,,1,70,,260419,47,,,1,30,,260420,47,,,1,70,,260421,47,,,1,30,,260422,47,,,1,70,,260429,47,,,1,100,,260423,47,,,1,100,,260424,47,,,1
10900,'109-Weekday-4-26-09-1111100',527,,216945,47,,,1,30,,216946,47,,,1,71,,216947,47,,,1,72,,216985,47,,,1,15,,216948,47,,,1,15,,216980,47,,,1,15,,216950,47,,,1,55,,216949,47,,,1,15,,216981,47,,,1,15,,216951,47,,,1,15,,216989,47,,,1,55,,216988,47,,,1,29,,216952,47,,,1,30,,216953,47,,,1,70,,216954,47,,,1,30,,216955,47,,,1,70,,216956,47,,,1,30,,216957,47,,,1,70,,216958,47,,,1,30,,216959,47,,,1,70,,216960,47,,,1,30,,216961,47,,,1,70,,216962,47,,,1,30,,216963,47,,,1,74,,216964,47,,,1,15,,216965,47,,,1,55,,216982,47,,,1,15,,216967,47,,,1,15,,216966,47,,,1,15,,216983,47,,,1,55,,216968,47,,,1,15,,216987,47,,,1,15,,216986,47,,,1,70,,216969,47,,,1,30,,216970,47,,,1,25,,216971,47,,,1,70,,216972,47,,,1,30,,216973,47,,,1,70,,216974,47,,,1,30,,216975,47,,,1,70,,216976,47,,,1,30,,216977,47,,,1,70,,216984,47,,,1,100,,216978,47,,,1,100,,216979,47,,,1
10900,'109-Weekday-5-26-09-1111100',527,,260435,47,,,1,30,,260436,47,,,1,71,,260437,47,,,1,72,,260475,47,,,1,15,,260438,47,,,1,15,,260470,47,,,1,15,,260440,47,,,1,55,,260439,47,,,1,15,,260471,47,,,1,15,,260441,47,,,1,15,,260479,47,,,1,55,,260478,47,,,1,29,,260442,47,,,1,30,,260443,47,,,1,70,,260444,47,,,1,30,,260445,47,,,1,70,,260446,47,,,1,30,,260447,47,,,1,70,,260448,47,,,1,30,,260449,47,,,1,70,,260450,47,,,1,30,,260451,47,,,1,70,,260452,47,,,1,30,,260453,47,,,1,74,,260454,47,,,1,15,,260455,47,,,1,55,,260472,47,,,1,15,,260457,47,,,1,15,,260456,47,,,1,15,,260473,47,,,1,55,,260458,47,,,1,15,,260477,47,,,1,15,,260476,47,,,1,70,,260459,47,,,1,30,,260460,47,,,1,25,,260461,47,,,1,70,,260462,47,,,1,30,,260463,47,,,1,70,,260464,47,,,1,30,,260465,47,,,1,70,,260466,47,,,1,30,,260467,47,,,1,70,,260474,47,,,1,100,,260468,47,,,1,100,,260469,47,,,1
10900,'109-Weekday-6-26-09-1111100',527,,260480,47,,,1,30,,260481,47,,,1,71,,260482,47,,,1,72,,260520,47,,,1,15,,260483,47,,,1,15,,260515,47,,,1,15,,260485,47,,,1,55,,260484,47,,,1,15,,260516,47,,,1,15,,260486,47,,,1,15,,260524,47,,,1,55,,260523,47,,,1,29,,260487,47,,,1,30,,260488,47,,,1,70,,260489,47,,,1,30,,260490,47,,,1,70,,260491,47,,,1,30,,260492,47,,,1,70,,260493,47,,,1,30,,260494,47,,,1,70,,260495,47,,,1,30,,260496,47,,,1,70,,260497,47,,,1,30,,260498,47,,,1,74,,260499,47,,,1,15,,260500,47,,,1,55,,260517,47,,,1,15,,260502,47,,,1,15,,260501,47,,,1,15,,260518,47,,,1,55,,260503,47,,,1,15,,260522,47,,,1,15,,260521,47,,,1,70,,260504,47,,,1,30,,260505,47,,,1,25,,260506,47,,,1,70,,260507,47,,,1,30,,260508,47,,,1,70,,260509,47,,,1,30,,260510,47,,,1,70,,260511,47,,,1,30,,260512,47,,,1,70,,260519,47,,,1,100,,260513,47,,,1,100,,260514,47,,,1
10900,'109-Weekday-7-26-09-1111100',527,,260525,47,,,1,30,,260526,47,,,1,71,,260527,47,,,1,72,,260565,47,,,1,15,,260528,47,,,1,15,,260560,47,,,1,15,,260530,47,,,1,55,,260529,47,,,1,15,,260561,47,,,1,15,,260531,47,,,1,15,,260569,47,,,1,55,,260568,47,,,1,29,,260532,47,,,1,30,,260533,47,,,1,70,,260534,47,,,1,30,,260535,47,,,1,70,,260536,47,,,1,30,,260537,47,,,1,70,,260538,47,,,1,30,,260539,47,,,1,70,,260540,47,,,1,30,,260541,47,,,1,70,,260542,47,,,1,30,,260543,47,,,1,74,,260544,47,,,1,15,,260545,47,,,1,55,,260562,47,,,1,15,,260547,47,,,1,15,,260546,47,,,1,15,,260563,47,,,1,55,,260548,47,,,1,15,,260567,47,,,1,15,,260566,47,,,1,70,,260549,47,,,1,30,,260550,47,,,1,25,,260551,47,,,1,70,,260552,47,,,1,30,,260553,47,,,1,70,,260554,47,,,1,30,,260555,47,,,1,70,,260556,47,,,1,30,,260557,47,,,1,70,,260564,47,,,1,100,,260558,47,,,1,100,,260559,47,,,1
10900,'109-Saturday-1-26-09-0000010',817,,216990,47,,,1,30,,216991,47,,,1,73,,216992,47,,,1,31,,216993,47,,,1,70,,216994,47,,,1,30,,216995,47,,,1,70,,216996,47,,,1,30,,216997,47,,,1,70,,216998,47,,,1,30,,216999,47,,,1,70,,217000,47,,,1,30,,217001,47,,,1,70,,217002,47,,,1,30,,217003,47,,,1,70,,217004,47,,,1,30,,217005,47,,,1,70,,217006,47,,,1,30,,217007,47,,,1,68,,217008,47,,,1,30,,217009,47,,,1,70,,217010,47,,,1,30,,217011,47,,,1,70,,217012,47,,,1,30,,217013,47,,,1,70,,217014,47,,,1,30,,217015,47,,,1,70,,217016,47,,,1,30,,217017,47,,,1,70,,217018,47,,,1
10900,'109-Sunday-1-26-09-0000001',1030,,217019,47,,,1,70,,217020,47,,,1,30,,217021,47,,,1,70,,217022,47,,,1,30,,217023,47,,,1,70,,217024,47,,,1,30,,217025,47,,,1,70,,217026,47,,,1,30,,217027,47,,,1,70,,217028,47,,,1,30,,217029,47,,,1,70,,217030,47,,,1,30,,217031,47,,,1,70,,217032,47,,,1,29,,217033,47,,,1,30,,217034,47,,,1,70,,217035,47,,,1,30,,217036,47,,,1
62500,'625-Weekday-1-26-09-1110100',1543,,227551,49,4,,1
62500,'625-Weekday-4-26-09-1110100',1543,,270375,49,4,,1
62500,'625-Weekday-7-26-09-1110100',1543,,270376,49,4,,1
24014000,'140X-Weekday-1-26-09-1111100',1548,,245037,48,4,,1,61,,245038,48,4,,1,22,,245039,48,4,,1,22,,245040,48,4,,1,60,,245041,48,4,,1,18,,245042,48,4,,1,15,,245043,48,4,,1,55,,245044,48,4,,1
24014000,'140X-Weekday-2-26-09-1111100',1548,,245045,48,4,,1,61,,245046,48,4,,1,22,,245047,48,4,,1,22,,245048,48,4,,1,60,,245049,48,4,,1,18,,245050,48,4,,1,15,,245051,48,4,,1,55,,245052,48,4,,1
24014000,'140X-Weekday-3-26-09-1111100',1548,,287530,48,4,,1,61,,287531,48,4,,1,22,,287532,48,4,,1,22,,287533,48,4,,1,60,,287534,48,4,,1,18,,287535,48,4,,1,15,,287536,48,4,,1,55,,287537,48,4,,1
24014000,'140X-Weekday-4-26-09-1111100',1548,,245053,48,4,,1,61,,245054,48,4,,1,22,,245055,48,4,,1,22,,245056,48,4,,1,60,,245057,48,4,,1,18,,245058,48,4,,1,15,,245059,48,4,,1,55,,245060,48,4,,1
24014000,'140X-Weekday-5-26-09-1111100',1548,,287538,48,4,,1,61,,287539,48,4,,1,22,,287540,48,4,,1,22,,287541,48,4,,1,60,,287542,48,4,,1,18,,287543,48,4,,1,15,,287544,48,4,,1,55,,287545,48,4,,1
24014000,'140X-Weekday-6-26-09-1111100',1548,,287546,48,4,,1,61,,287547,48,4,,1,22,,287548,48,4,,1,22,,287549,48,4,,1,60,,287550,48,4,,1,18,,287551,48,4,,1,15,,287552,48,4,,1,55,,287553,48,4,,1
24014000,'140X-Weekday-7-26-09-1111100',1548,,287554,48,4,,1,61,,287555,48,4,,1,22,,287556,48,4,,1,22,,287557,48,4,,1,60,,287558,48,4,,1,18,,287559,48,4,,1,15,,287560,48,4,,1,55,,287561,48,4,,1
