51800,'518-Weekday-1-26-09-1111100',541,,224859,30,,,1,70,,224860,30,,,1,32,,224894,30,,,1,57,,224861,30,,,1,12,,224862,30,,,1,12,,224896,30,,,1,12,,224863,30,,,1,3,,224907,30,,,1,15,,224864,30,,,1,52,,224865,30,,,1,12,,224866,30,,,1,12,,224897,30,,,1,12,,224867,30,,,1,12,,224868,30,,,1,52,,224905,30,,,1,12,,224908,30,,,1,27,,224900,30,,,1,70,,224869,30,,,1,30,,224870,30,,,1,70,,224871,30,,,1,30,,224872,30,,,1,70,,224873,30,,,1,30,,224874,30,,,1,70,,224875,30,,,1,30,,224876,30,,,1,70,,224877,30,,,1,30,,224878,30,,,1,73,,224901,30,,,1,22,,224879,30,,,1,12,,224880,30,,,1,52,,224881,30,,,1,12,,224898,30,,,1,12,,224882,30,,,1,12,,224883,30,,,1,12,,224884,30,,,1,52,,224885,30,,,1,12,,224899,30,,,1,12,,224886,30,,,1,12,,224887,30,,,1,12,,224909,30,,,1,52,,224910,30,,,1,12,,224911,30,,,1,12,,224906,30,,,1,23,,224888,30,,,1,65,,224889,30,,,1,30,,224890,30,,,1,70,,224891,30,,,1,30,,224902,30,,,1,70,,224903,30,,,1,30,,224904,30,,,1,68,,224895,30,,,1,43,,224893,30,,,1,100,,224892,30,,,1
51800,'518-Weekday-2-26-09-1111100',541,,224912,30,,,1,70,,224913,30,,,1,32,,224947,30,,,1,57,,224914,30,,,1,12,,224915,30,,,1,12,,224949,30,,,1,12,,224916,30,,,1,3,,224960,30,,,1,15,,224917,30,,,1,52,,224918,30,,,1,12,,224919,30,,,1,12,,224950,30,,,1,12,,224920,30,,,1,12,,224921,30,,,1,52,,224958,30,,,1,12,,224961,30,,,1,27,,224953,30,,,1,70,,224922,30,,,1,30,,224923,30,,,1,70,,224924,30,,,1,30,,224925,30,,,1,70,,224926,30,,,1,30,,224927,30,,,1,70,,224928,30,,,1,30,,224929,30,,,1,70,,224930,30,,,1,30,,224931,30,,,1,73,,224954,30,,,1,22,,224932,30,,,1,12,,224933,30,,,1,52,,224934,30,,,1,12,,224951,30,,,1,12,,224935,30,,,1,12,,224936,30,,,1,12,,224937,30,,,1,52,,224938,30,,,1,12,,224952,30,,,1,12,,224939,30,,,1,12,,224940,30,,,1,12,,224962,30,,,1,52,,224963,30,,,1,12,,224964,30,,,1,12,,224959,30,,,1,23,,224941,30,,,1,65,,224942,30,,,1,30,,224943,30,,,1,70,,224944,30,,,1,30,,224955,30,,,1,70,,224956,30,,,1,30,,224957,30,,,1,68,,224948,30,,,1,43,,224946,30,,,1,100,,224945,30,,,1
51800,'518-Weekday-3-26-09-1111100',541,,267923,30,,,1,70,,267924,30,,,1,32,,267958,30,,,1,57,,267925,30,,,1,12,,267926,30,,,1,12,,267960,30,,,1,12,,267927,30,,,1,3,,267971,30,,,1,15,,267928,30,,,1,52,,267929,30,,,1,12,,267930,30,,,1,12,,267961,30,,,1,12,,267931,30,,,1,12,,267932,30,,,1,52,,267969,30,,,1,12,,267972,30,,,1,27,,267964,30,,,1,70,,267933,30,,,1,30,,267934,30,,,1,70,,267935,30,,,1,30,,267936,30,,,1,70,,267937,30,,,1,30,,267938,30,,,1,70,,267939,30,,,1,30,,267940,30,,,1,70,,267941,30,,,1,30,,267942,30,,,1,73,,267965,30,,,1,22,,267943,30,,,1,12,,267944,30,,,1,52,,267945,30,,,1,12,,267962,30,,,1,12,,267946,30,,,1,12,,267947,30,,,1,12,,267948,30,,,1,52,,267949,30,,,1,12,,267963,30,,,1,12,,267950,30,,,1,12,,267951,30,,,1,12,,267973,30,,,1,52,,267974,30,,,1,12,,267975,30,,,1,12,,267970,30,,,1,23,,267952,30,,,1,65,,267953,30,,,1,30,,267954,30,,,1,70,,267955,30,,,1,30,,267966,30,,,1,70,,267967,30,,,1,30,,267968,30,,,1,68,,267959,30,,,1,43,,267957,30,,,1,100,,267956,30,,,1
51800,'518-Weekday-4-26-09-1111100',541,,224965,30,,,1,70,,224966,30,,,1,32,,225000,30,,,1,57,,224967,30,,,1,12,,224968,30,,,1,12,,225002,30,,,1,12,,224969,30,,,1,18,,224970,30,,,1,52,,224971,30,,,1,12,,224972,30,,,1,12,,225003,30,,,1,12,,224973,30,,,1,12,,224974,30,,,1,52,,225011,30,,,1,12,,225013,30,,,1,27,,225006,30,,,1,70,,224975,30,,,1,30,,224976,30,,,1,70,,224977,30,,,1,30,,224978,30,,,1,70,,224979,30,,,1,30,,224980,30,,,1,70,,224981,30,,,1,30,,224982,30,,,1,70,,224983,30,,,1,30,,224984,30,,,1,73,,225007,30,,,1,22,,224985,30,,,1,12,,224986,30,,,1,52,,224987,30,,,1,12,,225004,30,,,1,12,,224988,30,,,1,12,,224989,30,,,1,12,,224990,30,,,1,52,,224991,30,,,1,12,,225005,30,,,1,12,,224992,30,,,1,12,,224993,30,,,1,12,,225014,30,,,1,52,,225015,30,,,1,12,,225016,30,,,1,12,,225012,30,,,1,23,,224994,30,,,1,65,,224995,30,,,1,30,,224996,30,,,1,70,,224997,30,,,1,30,,225008,30,,,1,70,,225009,30,,,1,30,,225010,30,,,1,68,,225001,30,,,1,43,,224999,30,,,1,100,,224998,30,,,1
51800,'518-Weekday-5-26-09-1111100',541,,267976,30,,,1,70,,267977,30,,,1,32,,268011,30,,,1,57,,267978,30,,,1,12,,267979,30,,,1,12,,268013,30,,,1,12,,267980,30,,,1,18,,267981,30,,,1,52,,267982,30,,,1,12,,267983,30,,,1,12,,268014,30,,,1,12,,267984,30,,,1,12,,267985,30,,,1,52,,268022,30,,,1,12,,268024,30,,,1,27,,268017,30,,,1,70,,267986,30,,,1,30,,267987,30,,,1,70,,267988,30,,,1,30,,267989,30,,,1,70,,267990,30,,,1,30,,267991,30,,,1,70,,267992,30,,,1,30,,267993,30,,,1,70,,267994,30,,,1,30,,267995,30,,,1,73,,268018,30,,,1,22,,267996,30,,,1,12,,267997,30,,,1,52,,267998,30,,,1,12,,268015,30,,,1,12,,267999,30,,,1,12,,268000,30,,,1,12,,268001,30,,,1,52,,268002,30,,,1,12,,268016,30,,,1,12,,268003,30,,,1,12,,268004,30,,,1,12,,268025,30,,,1,52,,268026,30,,,1,12,,268027,30,,,1,12,,268023,30,,,1,23,,268005,30,,,1,65,,268006,30,,,1,30,,268007,30,,,1,70,,268008,30,,,1,30,,268019,30,,,1,70,,268020,30,,,1,30,,268021,30,,,1,68,,268012,30,,,1,43,,268010,30,,,1,100,,268009,30,,,1
51800,'518-Weekday-6-26-09-1111100',541,,268028,30,,,1,70,,268029,30,,,1,32,,268063,30,,,1,57,,268030,30,,,1,12,,268031,30,,,1,12,,268065,30,,,1,12,,268032,30,,,1,3,,268076,30,,,1,15,,268033,30,,,1,52,,268034,30,,,1,12,,268035,30,,,1,12,,268066,30,,,1,12,,268036,30,,,1,12,,268037,30,,,1,52,,268074,30,,,1,12,,268077,30,,,1,27,,268069,30,,,1,70,,268038,30,,,1,30,,268039,30,,,1,70,,268040,30,,,1,30,,268041,30,,,1,70,,268042,30,,,1,30,,268043,30,,,1,70,,268044,30,,,1,30,,268045,30,,,1,70,,268046,30,,,1,30,,268047,30,,,1,73,,268070,30,,,1,22,,268048,30,,,1,12,,268049,30,,,1,52,,268050,30,,,1,12,,268067,30,,,1,12,,268051,30,,,1,12,,268052,30,,,1,12,,268053,30,,,1,52,,268054,30,,,1,12,,268068,30,,,1,12,,268055,30,,,1,12,,268056,30,,,1,12,,268078,30,,,1,52,,268079,30,,,1,12,,268080,30,,,1,12,,268075,30,,,1,23,,268057,30,,,1,65,,268058,30,,,1,30,,268059,30,,,1,70,,268060,30,,,1,30,,268071,30,,,1,70,,268072,30,,,1,30,,268073,30,,,1,68,,268064,30,,,1,43,,268062,30,,,1,100,,268061,30,,,1
51800,'518-Weekday-7-26-09-1111100',541,,268081,30,,,1,70,,268082,30,,,1,32,,268116,30,,,1,57,,268083,30,,,1,12,,268084,30,,,1,12,,268118,30,,,1,12,,268085,30,,,1,18,,268086,30,,,1,52,,268087,30,,,1,12,,268088,30,,,1,12,,268119,30,,,1,12,,268089,30,,,1,12,,268090,30,,,1,52,,268127,30,,,1,12,,268129,30,,,1,27,,268122,30,,,1,70,,268091,30,,,1,30,,268092,30,,,1,70,,268093,30,,,1,30,,268094,30,,,1,70,,268095,30,,,1,30,,268096,30,,,1,70,,268097,30,,,1,30,,268098,30,,,1,70,,268099,30,,,1,30,,268100,30,,,1,73,,268123,30,,,1,22,,268101,30,,,1,12,,268102,30,,,1,52,,268103,30,,,1,12,,268120,30,,,1,12,,268104,30,,,1,12,,268105,30,,,1,12,,268106,30,,,1,52,,268107,30,,,1,12,,268121,30,,,1,12,,268108,30,,,1,12,,268109,30,,,1,12,,268130,30,,,1,52,,268131,30,,,1,12,,268132,30,,,1,12,,268128,30,,,1,23,,268110,30,,,1,65,,268111,30,,,1,30,,268112,30,,,1,70,,268113,30,,,1,30,,268124,30,,,1,70,,268125,30,,,1,30,,268126,30,,,1,68,,268117,30,,,1,43,,268115,30,,,1,100,,268114,30,,,1
51800,'518-Saturday-1-26-09-0000010',639,,225018,30,,,1,100,,225019,30,,,1,100,,225020,30,,,1,70,,225021,30,,,1,33,,225022,30,,,1,72,,225023,30,,,1,30,,225024,30,,,1,70,,225025,30,,,1,30,,225026,30,,,1,70,,225027,30,,,1,30,,225028,30,,,1,70,,225029,30,,,1,30,,225030,30,,,1,70,,225031,30,,,1,30,,225032,30,,,1,70,,225033,30,,,1,30,,225034,30,,,1,70,,225035,30,,,1,30,,225036,30,,,1,70,,225037,30,,,1,29,,225038,30,,,1,69,,225039,30,,,1,30,,225040,30,,,1,70,,225041,30,,,1,30,,225017,30,,,1,70,,225047,30,,,1,30,,225042,30,,,1,70,,225048,30,,,1,30,,225043,30,,,1,70,,225049,30,,,1,30,,225044,30,,,1,100,,225045,30,,,1,100,,225046,30,,,1
51800,'518-Sunday-1-26-09-0000001',639,,225071,30,,,1,100,,225072,30,,,1,100,,225073,30,,,1,103,,225074,30,,,1,85,,225050,30,,,1,30,,225051,30,,,1,70,,225052,30,,,1,30,,225053,30,,,1,70,,225054,30,,,1,30,,225055,30,,,1,70,,225056,30,,,1,30,,225057,30,,,1,70,,225058,30,,,1,30,,225059,30,,,1,70,,225060,30,,,1,30,,225061,30,,,1,70,,225062,30,,,1,30,,225063,30,,,1,68,,225064,30,,,1,30,,225065,30,,,1,70,,225066,30,,,1,30,,225067,30,,,1,85,,225068,30,,,1,100,,225069,30,,,1,100,,225070,30,,,1,100,,225075,30,,,1,100,,225076,30,,,1
66500,'665-Weekday-1-26-09-0001000',1505,,227766,38,,,1,3,,227767,38,,,1
66500,'665-Weekday-1-26-09-1110100',1544,,227768,38,,,1,3,,227769,38,,,1
66500,'665-Weekday-3-26-09-1110100',1544,,227770,38,,,1,3,,227771,38,,,1
66500,'665-Weekday-7-26-09-1110100',1544,,270566,38,,,1,3,,270567,38,,,1
