71300,'713-Weekday-1-26-09-1111100',542,,231634,14,,,1,70,,231635,14,,,1,34,,231636,14,,,1,55,,231637,14,,,1,15,,231638,14,,,1,15,,231639,14,,,1,15,,231675,14,,,1,55,,231641,14,,,1,15,,231640,14,,,1,15,,231642,14,,,1,15,,231674,14,,,1,54,,231643,14,,,1,13,,231644,14,,,1,30,,231645,14,,,1,70,,231646,14,,,1,30,,231647,14,,,1,70,,231648,14,,,1,30,,231649,14,,,1,70,,231650,14,,,1,30,,231651,14,,,1,70,,231652,14,,,1,30,,231653,14,,,1,70,,231654,14,,,1,30,,231655,14,,,1,77,,231656,14,,,1,20,,231657,14,,,1,60,,231658,14,,,1,20,,231659,14,,,1,20,,231660,14,,,1,60,,231661,14,,,1,20,,231662,14,,,1,20,,231663,14,,,1,17,,231664,14,,,1,60,,231665,14,,,1,26,,231666,14,,,1,70,,231667,14,,,1,30,,231668,14,,,1,70,,231669,14,,,1,30,,231670,14,,,1,70,,231671,14,,,1,30,,231672,14,,,1,68,,231673,14,,,1
71300,'713-Weekday-2-26-09-1111100',542,,231676,14,,,1,70,,231677,14,,,1,34,,231678,14,,,1,55,,231679,14,,,1,15,,231680,14,,,1,15,,231681,14,,,1,15,,231717,14,,,1,55,,231683,14,,,1,15,,231682,14,,,1,15,,231684,14,,,1,15,,231716,14,,,1,54,,231685,14,,,1,13,,231686,14,,,1,30,,231687,14,,,1,70,,231688,14,,,1,30,,231689,14,,,1,70,,231690,14,,,1,30,,231691,14,,,1,70,,231692,14,,,1,30,,231693,14,,,1,70,,231694,14,,,1,30,,231695,14,,,1,70,,231696,14,,,1,30,,231697,14,,,1,77,,231698,14,,,1,20,,231699,14,,,1,60,,231700,14,,,1,20,,231701,14,,,1,20,,231702,14,,,1,60,,231703,14,,,1,20,,231704,14,,,1,20,,231705,14,,,1,17,,231706,14,,,1,60,,231707,14,,,1,26,,231708,14,,,1,70,,231709,14,,,1,30,,231710,14,,,1,70,,231711,14,,,1,30,,231712,14,,,1,70,,231713,14,,,1,30,,231714,14,,,1,68,,231715,14,,,1
71300,'713-Weekday-3-26-09-1111100',542,,274384,14,,,1,70,,274385,14,,,1,34,,274386,14,,,1,55,,274387,14,,,1,15,,274388,14,,,1,15,,274389,14,,,1,15,,274425,14,,,1,55,,274391,14,,,1,15,,274390,14,,,1,15,,274392,14,,,1,15,,274424,14,,,1,54,,274393,14,,,1,13,,274394,14,,,1,30,,274395,14,,,1,70,,274396,14,,,1,30,,274397,14,,,1,70,,274398,14,,,1,30,,274399,14,,,1,70,,274400,14,,,1,30,,274401,14,,,1,70,,274402,14,,,1,30,,274403,14,,,1,70,,274404,14,,,1,30,,274405,14,,,1,77,,274406,14,,,1,20,,274407,14,,,1,60,,274408,14,,,1,20,,274409,14,,,1,20,,274410,14,,,1,60,,274411,14,,,1,20,,274412,14,,,1,20,,274413,14,,,1,17,,274414,14,,,1,60,,274415,14,,,1,26,,274416,14,,,1,70,,274417,14,,,1,30,,274418,14,,,1,70,,274419,14,,,1,30,,274420,14,,,1,70,,274421,14,,,1,30,,274422,14,,,1,68,,274423,14,,,1
71300,'713-Weekday-4-26-09-1111100',542,,231718,14,,,1,70,,231719,14,,,1,34,,231720,14,,,1,55,,231721,14,,,1,15,,231722,14,,,1,15,,231723,14,,,1,15,,231759,14,,,1,55,,231725,14,,,1,15,,231724,14,,,1,15,,231726,14,,,1,15,,231758,14,,,1,54,,231727,14,,,1,13,,231728,14,,,1,30,,231729,14,,,1,70,,231730,14,,,1,30,,231731,14,,,1,70,,231732,14,,,1,30,,231733,14,,,1,70,,231734,14,,,1,30,,231735,14,,,1,70,,231736,14,,,1,30,,231737,14,,,1,70,,231738,14,,,1,30,,231739,14,,,1,77,,231740,14,,,1,20,,231741,14,,,1,60,,231742,14,,,1,20,,231743,14,,,1,20,,231744,14,,,1,60,,231745,14,,,1,20,,231746,14,,,1,20,,231747,14,,,1,17,,231748,14,,,1,60,,231749,14,,,1,26,,231750,14,,,1,70,,231751,14,,,1,30,,231752,14,,,1,70,,231753,14,,,1,30,,231754,14,,,1,70,,231755,14,,,1,30,,231756,14,,,1,68,,231757,14,,,1
71300,'713-Weekday-5-26-09-1111100',542,,274426,14,,,1,70,,274427,14,,,1,34,,274428,14,,,1,55,,274429,14,,,1,15,,274430,14,,,1,15,,274431,14,,,1,15,,274467,14,,,1,55,,274433,14,,,1,15,,274432,14,,,1,15,,274434,14,,,1,15,,274466,14,,,1,54,,274435,14,,,1,13,,274436,14,,,1,30,,274437,14,,,1,70,,274438,14,,,1,30,,274439,14,,,1,70,,274440,14,,,1,30,,274441,14,,,1,70,,274442,14,,,1,30,,274443,14,,,1,70,,274444,14,,,1,30,,274445,14,,,1,70,,274446,14,,,1,30,,274447,14,,,1,77,,274448,14,,,1,20,,274449,14,,,1,60,,274450,14,,,1,20,,274451,14,,,1,20,,274452,14,,,1,60,,274453,14,,,1,20,,274454,14,,,1,20,,274455,14,,,1,17,,274456,14,,,1,60,,274457,14,,,1,26,,274458,14,,,1,70,,274459,14,,,1,30,,274460,14,,,1,70,,274461,14,,,1,30,,274462,14,,,1,70,,274463,14,,,1,30,,274464,14,,,1,68,,274465,14,,,1
71300,'713-Weekday-6-26-09-1111100',542,,274468,14,,,1,70,,274469,14,,,1,34,,274470,14,,,1,55,,274471,14,,,1,15,,274472,14,,,1,15,,274473,14,,,1,15,,274509,14,,,1,55,,274475,14,,,1,15,,274474,14,,,1,15,,274476,14,,,1,15,,274508,14,,,1,54,,274477,14,,,1,13,,274478,14,,,1,30,,274479,14,,,1,70,,274480,14,,,1,30,,274481,14,,,1,70,,274482,14,,,1,30,,274483,14,,,1,70,,274484,14,,,1,30,,274485,14,,,1,70,,274486,14,,,1,30,,274487,14,,,1,70,,274488,14,,,1,30,,274489,14,,,1,77,,274490,14,,,1,20,,274491,14,,,1,60,,274492,14,,,1,20,,274493,14,,,1,20,,274494,14,,,1,60,,274495,14,,,1,20,,274496,14,,,1,20,,274497,14,,,1,17,,274498,14,,,1,60,,274499,14,,,1,26,,274500,14,,,1,70,,274501,14,,,1,30,,274502,14,,,1,70,,274503,14,,,1,30,,274504,14,,,1,70,,274505,14,,,1,30,,274506,14,,,1,68,,274507,14,,,1
71300,'713-Weekday-7-26-09-1111100',542,,274510,14,,,1,70,,274511,14,,,1,34,,274512,14,,,1,55,,274513,14,,,1,15,,274514,14,,,1,15,,274515,14,,,1,15,,274551,14,,,1,55,,274517,14,,,1,15,,274516,14,,,1,15,,274518,14,,,1,15,,274550,14,,,1,54,,274519,14,,,1,13,,274520,14,,,1,30,,274521,14,,,1,70,,274522,14,,,1,30,,274523,14,,,1,70,,274524,14,,,1,30,,274525,14,,,1,70,,274526,14,,,1,30,,274527,14,,,1,70,,274528,14,,,1,30,,274529,14,,,1,70,,274530,14,,,1,30,,274531,14,,,1,77,,274532,14,,,1,20,,274533,14,,,1,60,,274534,14,,,1,20,,274535,14,,,1,20,,274536,14,,,1,60,,274537,14,,,1,20,,274538,14,,,1,20,,274539,14,,,1,17,,274540,14,,,1,60,,274541,14,,,1,26,,274542,14,,,1,70,,274543,14,,,1,30,,274544,14,,,1,70,,274545,14,,,1,30,,274546,14,,,1,70,,274547,14,,,1,30,,274548,14,,,1,68,,274549,14,,,1
71300,'713-Saturday-1-26-09-0000010',813,,231760,14,,,1,30,,231761,14,,,1,72,,231762,14,,,1,30,,231763,14,,,1,70,,231764,14,,,1,30,,231765,14,,,1,70,,231766,14,,,1,30,,231767,14,,,1,70,,231768,14,,,1,30,,231769,14,,,1,70,,231770,14,,,1,30,,231771,14,,,1,70,,231772,14,,,1,30,,231773,14,,,1,70,,231774,14,,,1,30,,231775,14,,,1,70,,231776,14,,,1,30,,231777,14,,,1,69,,231778,14,,,1,30,,231779,14,,,1,70,,231780,14,,,1,30,,231781,14,,,1,70,,231782,14,,,1,100,,231783,14,,,1,100,,231784,14,,,1,100,,231785,14,,,1
71300,'713-Sunday-1-26-09-0000001',810,,231786,14,,,1,102,,231787,14,,,1,100,,231788,14,,,1,88,,231789,14,,,1,30,,231790,14,,,1,70,,231791,14,,,1,30,,231792,14,,,1,70,,231793,14,,,1,30,,231794,14,,,1,70,,231795,14,,,1,30,,231796,14,,,1,70,,231797,14,,,1,30,,231798,14,,,1,70,,231799,14,,,1,30,,231800,14,,,1,70,,231801,14,,,1,31,,231802,14,,,1,70,,231803,14,,,1,30,,231804,14,,,1,70,,231805,14,,,1
71301,'713-Weekday-1-26-09-1110100',1552,,231806,19,4,,1
71301,'713-Weekday-2-26-09-1110100',1552,,231849,19,4,,1
71301,'713-Weekday-6-26-09-1110100',1552,,274636,19,4,,1
