200,'002-Weekday-1-26-09-1111100',2515,,203670,72,0,28 37,1,30,,203671,72,0,28 37,1,70,,203672,72,0,28 37,1,30,,203673,72,0,28 37,1,70,,203674,72,0,28 37,1
200,'002-Weekday-2-26-09-1111100',2515,,203758,72,0,28 37,1,30,,203759,72,0,28 37,1,70,,203760,72,0,28 37,1,30,,203761,72,0,28 37,1,70,,203762,72,0,28 37,1
200,'002-Weekday-3-26-09-1111100',2515,,247743,72,0,28 37,1,30,,247744,72,0,28 37,1,70,,247745,72,0,28 37,1,30,,247746,72,0,28 37,1,70,,247747,72,0,28 37,1
200,'002-Weekday-4-26-09-1111100',2515,,203846,72,0,28 37,1,30,,203847,72,0,28 37,1,70,,203848,72,0,28 37,1,30,,203849,72,0,28 37,1,70,,203850,72,0,28 37,1
200,'002-Weekday-5-26-09-1111100',2515,,247831,72,0,28 37,1,30,,247832,72,0,28 37,1,70,,247833,72,0,28 37,1,30,,247834,72,0,28 37,1,70,,247835,72,0,28 37,1
200,'002-Weekday-6-26-09-1111100',2515,,247918,72,0,28 37,1,30,,247919,72,0,28 37,1,70,,247920,72,0,28 37,1,30,,247921,72,0,28 37,1,70,,247922,72,0,28 37,1
200,'002-Weekday-7-26-09-1111100',2515,,248006,72,0,28 37,1,30,,248007,72,0,28 37,1,70,,248008,72,0,28 37,1,30,,248009,72,0,28 37,1,70,,248010,72,0,28 37,1
200,'002-Saturday-1-26-09-0000010',2517,,203936,72,0,28 37,1,30,,203937,72,0,28 37,1,70,,203938,72,0,28 37,1,30,,203939,72,0,28 37,1,70,,203940,72,0,28 37,1
200,'002-Sunday-1-26-09-0000001',2417,,204008,72,0,28 37,1,30,,204009,72,0,28 37,1,70,,204010,72,0,28 37,1,30,,204011,72,0,28 37,1,70,,204012,72,0,28 37,1,30,,204013,72,0,28 37,1,70,,204015,72,0,28 37,1
5300,'053-Weekday-1-26-09-1111100',539,,211769,43,,,1,70,,211770,43,,,1,30,,211771,43,,,1,75,,211772,43,,,1,18,,211773,43,,,1,15,,211774,43,,,1,55,,211775,43,,,1,15,,211724,43,,,1,15,,211725,43,,,1,15,,211768,43,,,1,55,,211726,43,,,1,15,,211727,43,,,1,19,,211766,43,,,1,19,,211728,43,,,1,60,,211756,43,,,1,20,,211760,43,,,1,20,,211764,43,,,1,60,,211759,43,,,1,20,,211767,43,,,1,20,,211729,43,,,1,60,,211730,43,,,1,20,,211731,43,,,1,20,,211732,43,,,1,60,,211733,43,,,1,20,,211734,43,,,1,20,,211735,43,,,1,60,,211736,43,,,1,20,,211737,43,,,1,20,,211738,43,,,1,61,,211739,43,,,1,17,,211757,43,,,1,17,,211740,43,,,1,55,,211741,43,,,1,15,,211742,43,,,1,15,,211754,43,,,1,15,,211743,43,,,1,55,,211744,43,,,1,15,,211755,43,,,1,15,,211745,43,,,1,15,,211765,43,,,1,55,,211761,43,,,1,16,,211762,43,,,1,29,,211763,43,,,1,63,,211758,43,,,1,30,,211746,43,,,1,70,,211747,43,,,1,30,,211748,43,,,1,70,,211749,43,,,1,30,,211750,43,,,1,70,,211751,43,,,1,30,,211752,43,,,1,100,,211753,43,,,1,100,,211723,43,,,1
5300,'053-Weekday-2-26-09-1111100',539,,211822,43,,,1,70,,211823,43,,,1,30,,211824,43,,,1,75,,211825,43,,,1,18,,211826,43,,,1,15,,211827,43,,,1,55,,211828,43,,,1,15,,211777,43,,,1,15,,211778,43,,,1,15,,211821,43,,,1,55,,211779,43,,,1,15,,211780,43,,,1,19,,211819,43,,,1,19,,211781,43,,,1,60,,211809,43,,,1,20,,211813,43,,,1,20,,211817,43,,,1,60,,211812,43,,,1,20,,211820,43,,,1,20,,211782,43,,,1,60,,211783,43,,,1,20,,211784,43,,,1,20,,211785,43,,,1,60,,211786,43,,,1,20,,211787,43,,,1,20,,211788,43,,,1,60,,211789,43,,,1,20,,211790,43,,,1,20,,211791,43,,,1,61,,211792,43,,,1,17,,211810,43,,,1,17,,211793,43,,,1,55,,211794,43,,,1,15,,211795,43,,,1,15,,211807,43,,,1,15,,211796,43,,,1,55,,211797,43,,,1,15,,211808,43,,,1,15,,211798,43,,,1,15,,211818,43,,,1,55,,211814,43,,,1,16,,211815,43,,,1,29,,211816,43,,,1,63,,211811,43,,,1,30,,211799,43,,,1,70,,211800,43,,,1,30,,211801,43,,,1,70,,211802,43,,,1,30,,211803,43,,,1,70,,211804,43,,,1,30,,211805,43,,,1,100,,211806,43,,,1,100,,211776,43,,,1
5300,'053-Weekday-3-26-09-1111100',539,,255018,43,,,1,70,,255019,43,,,1,30,,255020,43,,,1,75,,255021,43,,,1,18,,255022,43,,,1,15,,255023,43,,,1,55,,255024,43,,,1,15,,254973,43,,,1,15,,254974,43,,,1,15,,255017,43,,,1,55,,254975,43,,,1,15,,254976,43,,,1,19,,255015,43,,,1,19,,254977,43,,,1,60,,255005,43,,,1,20,,255009,43,,,1,20,,255013,43,,,1,60,,255008,43,,,1,20,,255016,43,,,1,20,,254978,43,,,1,60,,254979,43,,,1,20,,254980,43,,,1,20,,254981,43,,,1,60,,254982,43,,,1,20,,254983,43,,,1,20,,254984,43,,,1,60,,254985,43,,,1,20,,254986,43,,,1,20,,254987,43,,,1,61,,254988,43,,,1,17,,255006,43,,,1,17,,254989,43,,,1,55,,254990,43,,,1,15,,254991,43,,,1,15,,255003,43,,,1,15,,254992,43,,,1,55,,254993,43,,,1,15,,255004,43,,,1,15,,254994,43,,,1,15,,255014,43,,,1,55,,255010,43,,,1,16,,255011,43,,,1,29,,255012,43,,,1,63,,255007,43,,,1,30,,254995,43,,,1,70,,254996,43,,,1,30,,254997,43,,,1,70,,254998,43,,,1,30,,254999,43,,,1,70,,255000,43,,,1,30,,255001,43,,,1,100,,255002,43,,,1,100,,254972,43,,,1
5300,'053-Weekday-4-26-09-1111100',539,,211875,43,,,1,70,,211876,43,,,1,30,,211877,43,,,1,75,,211878,43,,,1,18,,211879,43,,,1,15,,211880,43,,,1,55,,211881,43,,,1,15,,211830,43,,,1,15,,211831,43,,,1,15,,211874,43,,,1,55,,211832,43,,,1,15,,211833,43,,,1,19,,211872,43,,,1,19,,211834,43,,,1,60,,211862,43,,,1,20,,211866,43,,,1,20,,211870,43,,,1,60,,211865,43,,,1,20,,211873,43,,,1,20,,211835,43,,,1,60,,211836,43,,,1,20,,211837,43,,,1,20,,211838,43,,,1,60,,211839,43,,,1,20,,211840,43,,,1,20,,211841,43,,,1,60,,211842,43,,,1,20,,211843,43,,,1,20,,211844,43,,,1,61,,211845,43,,,1,17,,211863,43,,,1,17,,211846,43,,,1,55,,211847,43,,,1,15,,211848,43,,,1,15,,211860,43,,,1,15,,211849,43,,,1,55,,211850,43,,,1,15,,211861,43,,,1,15,,211851,43,,,1,15,,211871,43,,,1,55,,211867,43,,,1,16,,211868,43,,,1,29,,211869,43,,,1,63,,211864,43,,,1,30,,211852,43,,,1,70,,211853,43,,,1,30,,211854,43,,,1,70,,211855,43,,,1,30,,211856,43,,,1,70,,211857,43,,,1,30,,211858,43,,,1,100,,211859,43,,,1,100,,211829,43,,,1
5300,'053-Weekday-5-26-09-1111100',539,,255071,43,,,1,70,,255072,43,,,1,30,,255073,43,,,1,75,,255074,43,,,1,18,,255075,43,,,1,15,,255076,43,,,1,55,,255077,43,,,1,15,,255026,43,,,1,15,,255027,43,,,1,15,,255070,43,,,1,55,,255028,43,,,1,15,,255029,43,,,1,19,,255068,43,,,1,19,,255030,43,,,1,60,,255058,43,,,1,20,,255062,43,,,1,20,,255066,43,,,1,60,,255061,43,,,1,20,,255069,43,,,1,20,,255031,43,,,1,60,,255032,43,,,1,20,,255033,43,,,1,20,,255034,43,,,1,60,,255035,43,,,1,20,,255036,43,,,1,20,,255037,43,,,1,60,,255038,43,,,1,20,,255039,43,,,1,20,,255040,43,,,1,61,,255041,43,,,1,17,,255059,43,,,1,17,,255042,43,,,1,55,,255043,43,,,1,15,,255044,43,,,1,15,,255056,43,,,1,15,,255045,43,,,1,55,,255046,43,,,1,15,,255057,43,,,1,15,,255047,43,,,1,15,,255067,43,,,1,55,,255063,43,,,1,16,,255064,43,,,1,29,,255065,43,,,1,63,,255060,43,,,1,30,,255048,43,,,1,70,,255049,43,,,1,30,,255050,43,,,1,70,,255051,43,,,1,30,,255052,43,,,1,70,,255053,43,,,1,30,,255054,43,,,1,100,,255055,43,,,1,100,,255025,43,,,1
5300,'053-Weekday-6-26-09-1111100',539,,255124,43,,,1,70,,255125,43,,,1,30,,255126,43,,,1,75,,255127,43,,,1,18,,255128,43,,,1,15,,255129,43,,,1,55,,255130,43,,,1,15,,255079,43,,,1,15,,255080,43,,,1,15,,255123,43,,,1,55,,255081,43,,,1,15,,255082,43,,,1,19,,255121,43,,,1,19,,255083,43,,,1,60,,255111,43,,,1,20,,255115,43,,,1,20,,255119,43,,,1,60,,255114,43,,,1,20,,255122,43,,,1,20,,255084,43,,,1,60,,255085,43,,,1,20,,255086,43,,,1,20,,255087,43,,,1,60,,255088,43,,,1,20,,255089,43,,,1,20,,255090,43,,,1,60,,255091,43,,,1,20,,255092,43,,,1,20,,255093,43,,,1,61,,255094,43,,,1,17,,255112,43,,,1,17,,255095,43,,,1,55,,255096,43,,,1,15,,255097,43,,,1,15,,255109,43,,,1,15,,255098,43,,,1,55,,255099,43,,,1,15,,255110,43,,,1,15,,255100,43,,,1,15,,255120,43,,,1,55,,255116,43,,,1,16,,255117,43,,,1,29,,255118,43,,,1,63,,255113,43,,,1,30,,255101,43,,,1,70,,255102,43,,,1,30,,255103,43,,,1,70,,255104,43,,,1,30,,255105,43,,,1,70,,255106,43,,,1,30,,255107,43,,,1,100,,255108,43,,,1,100,,255078,43,,,1
5300,'053-Weekday-7-26-09-1111100',539,,255177,43,,,1,70,,255178,43,,,1,30,,255179,43,,,1,75,,255180,43,,,1,18,,255181,43,,,1,15,,255182,43,,,1,55,,255183,43,,,1,15,,255132,43,,,1,15,,255133,43,,,1,15,,255176,43,,,1,55,,255134,43,,,1,15,,255135,43,,,1,19,,255174,43,,,1,19,,255136,43,,,1,60,,255164,43,,,1,20,,255168,43,,,1,20,,255172,43,,,1,60,,255167,43,,,1,20,,255175,43,,,1,20,,255137,43,,,1,60,,255138,43,,,1,20,,255139,43,,,1,20,,255140,43,,,1,60,,255141,43,,,1,20,,255142,43,,,1,20,,255143,43,,,1,60,,255144,43,,,1,20,,255145,43,,,1,20,,255146,43,,,1,61,,255147,43,,,1,17,,255165,43,,,1,17,,255148,43,,,1,55,,255149,43,,,1,15,,255150,43,,,1,15,,255162,43,,,1,15,,255151,43,,,1,55,,255152,43,,,1,15,,255163,43,,,1,15,,255153,43,,,1,15,,255173,43,,,1,55,,255169,43,,,1,16,,255170,43,,,1,29,,255171,43,,,1,63,,255166,43,,,1,30,,255154,43,,,1,70,,255155,43,,,1,30,,255156,43,,,1,70,,255157,43,,,1,30,,255158,43,,,1,70,,255159,43,,,1,30,,255160,43,,,1,100,,255161,43,,,1,100,,255131,43,,,1
5300,'053-Saturday-1-26-09-0000010',639,,211882,43,,,1,100,,211883,43,,,1,100,,211884,43,,,1,65,,211912,43,,,1,27,,211885,43,,,1,70,,211886,43,,,1,30,,211887,43,,,1,70,,211888,43,,,1,30,,211889,43,,,1,70,,211890,43,,,1,30,,211891,43,,,1,70,,211892,43,,,1,30,,211893,43,,,1,70,,211894,43,,,1,30,,211895,43,,,1,70,,211896,43,,,1,30,,211897,43,,,1,70,,211898,43,,,1,30,,211899,43,,,1,70,,211900,43,,,1,30,,211901,43,,,1,70,,211902,43,,,1,30,,211903,43,,,1,70,,211904,43,,,1,30,,211905,43,,,1,70,,211906,43,,,1,39,,211907,43,,,1,100,,211908,43,,,1,100,,211909,43,,,1,100,,211910,43,,,1,100,,211911,43,,,1
5300,'053-Sunday-1-26-09-0000001',742,,211913,43,,,1,100,,211914,43,,,1,99,,211915,43,,,1,100,,211916,43,,,1,70,,211917,43,,,1,30,,211918,43,,,1,70,,211919,43,,,1,30,,211920,43,,,1,70,,211921,43,,,1,30,,211922,43,,,1,70,,211923,43,,,1,30,,211924,43,,,1,70,,211925,43,,,1,30,,211926,43,,,1,70,,211927,43,,,1,30,,211928,43,,,1,70,,211929,43,,,1,30,,211930,43,,,1,70,,211931,43,,,1,30,,211932,43,,,1,70,,211933,43,,,1,30,,211938,43,,,1,100,,211934,43,,,1,100,,211935,43,,,1,100,,211936,43,,,1,100,,211937,43,,,1
7100,'071-Saturday-1-26-09-0000010',529,,257012,4,,,1,8,,256966,4,,,1,7,,257013,4,,,1,8,,256940,4,,,1,7,,257014,4,,,1,48,,256930,4,,,1,7,,257015,4,,,1,8,,257009,4,,,1,7,,257016,4,,,1,8,,256999,4,,,1,7,,257017,4,,,1,8,,256982,4,,,1,7,,257018,4,,,1,48,,256882,4,,,1,7,,256967,4,,,1,8,,256879,4,,,1,7,,256920,4,,,1,8,,256901,4,,,1,7,,256898,4,,,1,8,,256858,4,,,1,7,,256876,4,,,1,48,,256962,4,,,1,7,,256942,4,,,1,8,,256917,4,,,1,7,,256983,4,,,1,8,,257005,4,,,1,7,,256909,4,,,1,8,,257011,4,,,1,7,,256959,4,,,1,48,,256877,4,,,1,7,,256870,4,,,1,8,,256973,4,,,1,7,,257000,4,,,1,8,,256885,4,,,1,7,,256855,4,,,1,8,,256921,4,,,1,7,,256968,4,,,1,48,,256903,4,,,1,7,,257007,4,,,1,8,,256935,4,,,1,7,,256949,4,,,1,8,,256957,4,,,1,7,,256868,4,,,1,8,,256991,4,,,1,7,,256950,4,,,1,48,,256969,4,,,1,7,,256872,4,,,1,8,,256857,4,,,1,7,,257006,4,,,1,8,,256936,4,,,1,7,,256956,4,,,1,8,,256939,4,,,1,7,,256990,4,,,1,48,,256978,4,,,1,7,,256883,4,,,1,8,,256933,4,,,1,7,,256899,4,,,1,8,,256924,4,,,1,7,,256995,4,,,1,8,,256875,4,,,1,7,,256938,4,,,1,48,,257008,4,,,1,7,,256941,4,,,1,8,,256914,4,,,1,7,,256871,4,,,1,8,,256974,4,,,1,7,,256958,4,,,1,8,,256859,4,,,1,7,,256931,4,,,1,48,,256989,4,,,1,7,,256854,4,,,1,8,,256971,4,,,1,7,,256880,4,,,1,8,,256951,4,,,1,7,,256922,4,,,1,8,,256960,4,,,1,7,,256947,4,,,1,48,,256862,4,,,1,7,,256913,4,,,1,8,,256985,4,,,1,7,,256929,4,,,1,8,,256888,4,,,1,7,,257003,4,,,1,8,,256865,4,,,1,7,,256874,4,,,1,48,,256893,4,,,1,7,,256994,4,,,1,8,,256932,4,,,1,7,,256884,4,,,1,8,,256984,4,,,1,7,,256998,4,,,1,8,,256923,4,,,1,7,,256895,4,,,1,48,,256906,4,,,1,7,,257001,4,,,1,8,,256997,4,,,1,7,,256970,4,,,1,8,,256878,4,,,1,7,,256928,4,,,1,8,,256864,4,,,1,7,,256981,4,,,1,48,,256912,4,,,1,7,,256979,4,,,1,8,,256977,4,,,1,7,,256905,4,,,1,8,,256911,4,,,1,7,,256915,4,,,1,8,,256996,4,,,1,7,,257010,4,,,1,48,,257004,4,,,1,7,,256908,4,,,1,8,,256894,4,,,1,7,,256892,4,,,1,8,,256975,4,,,1,7,,256946,4,,,1,8,,256896,4,,,1,7,,256964,4,,,1,48,,256961,4,,,1,7,,256861,4,,,1,8,,256856,4,,,1,7,,256937,4,,,1,8,,256952,4,,,1,7,,256955,4,,,1,8,,256902,4,,,1,7,,256889,4,,,1,48,,256887,4,,,1,7,,256890,4,,,1,8,,256934,4,,,1,7,,256919,4,,,1,8,,256916,4,,,1,7,,257002,4,,,1,8,,256910,4,,,1,7,,256891,4,,,1,48,,256866,4,,,1,7,,256953,4,,,1,8,,256988,4,,,1,7,,256927,4,,,1,8,,256863,4,,,1,7,,256944,4,,,1,8,,256860,4,,,1,7,,256869,4,,,1,48,,256986,4,,,1,7,,256907,4,,,1,8,,256943,4,,,1,7,,256918,4,,,1,8,,256925,4,,,1,7,,256904,4,,,1,8,,256954,4,,,1,7,,256926,4,,,1,48,,256945,4,,,1,7,,256980,4,,,1,8,,256976,4,,,1,7,,256992,4,,,1,8,,256963,4,,,1,7,,256965,4,,,1,8,,256987,4,,,1,7,,256873,4,,,1,48,,256886,4,,,1,7,,256993,4,,,1,8,,256867,4,,,1,7,,256881,4,,,1,8,,256972,4,,,1,7,,256897,4,,,1,8,,256900,4,,,1,7,,256948,4,,,1
7100,'071-Sunday-1-26-09-0000001',601,,257093,4,,,1,7,,257020,4,,,1,8,,257094,4,,,1,7,,257021,4,,,1,8,,257095,4,,,1,7,,257022,4,,,1,8,,257096,4,,,1,7,,257023,4,,,1,48,,257097,4,,,1,7,,257024,4,,,1,8,,257098,4,,,1,7,,257025,4,,,1,8,,257099,4,,,1,7,,257026,4,,,1,8,,257100,4,,,1,7,,257027,4,,,1,48,,257101,4,,,1,7,,257028,4,,,1,8,,257102,4,,,1,7,,257029,4,,,1,8,,257103,4,,,1,7,,257030,4,,,1,8,,257104,4,,,1,7,,257031,4,,,1,48,,257105,4,,,1,7,,257032,4,,,1,8,,257106,4,,,1,7,,257033,4,,,1,8,,257107,4,,,1,7,,257034,4,,,1,8,,257108,4,,,1,7,,257035,4,,,1,48,,257109,4,,,1,7,,257036,4,,,1,8,,257110,4,,,1,7,,257037,4,,,1,8,,257111,4,,,1,7,,257038,4,,,1,8,,257112,4,,,1,7,,257039,4,,,1,48,,257113,4,,,1,7,,257040,4,,,1,8,,257114,4,,,1,7,,257041,4,,,1,8,,257115,4,,,1,7,,257042,4,,,1,8,,257116,4,,,1,7,,257043,4,,,1,48,,257117,4,,,1,7,,257044,4,,,1,8,,257118,4,,,1,7,,257045,4,,,1,8,,257119,4,,,1,7,,257046,4,,,1,8,,257120,4,,,1,7,,257047,4,,,1,48,,257121,4,,,1,7,,257048,4,,,1,8,,257122,4,,,1,7,,257049,4,,,1,8,,257123,4,,,1,7,,257050,4,,,1,8,,257124,4,,,1,7,,257051,4,,,1,48,,257125,4,,,1,7,,257052,4,,,1,8,,257126,4,,,1,7,,257053,4,,,1,8,,257127,4,,,1,7,,257054,4,,,1,8,,257128,4,,,1,7,,257055,4,,,1,48,,257129,4,,,1,7,,257056,4,,,1,8,,257130,4,,,1,7,,257057,4,,,1,8,,257131,4,,,1,7,,257058,4,,,1,8,,257132,4,,,1,7,,257059,4,,,1,48,,257133,4,,,1,7,,257060,4,,,1,8,,257134,4,,,1,7,,257061,4,,,1,8,,257135,4,,,1,7,,257062,4,,,1,8,,257136,4,,,1,7,,257063,4,,,1,48,,257137,4,,,1,7,,257064,4,,,1,8,,257138,4,,,1,7,,257065,4,,,1,8,,257139,4,,,1,7,,257066,4,,,1,8,,257140,4,,,1,7,,257067,4,,,1,48,,257141,4,,,1,7,,257068,4,,,1,8,,257142,4,,,1,7,,257069,4,,,1,8,,257143,4,,,1,7,,257070,4,,,1,8,,257144,4,,,1,7,,257071,4,,,1,48,,257145,4,,,1,7,,257072,4,,,1,8,,257146,4,,,1,7,,257073,4,,,1,8,,257147,4,,,1,7,,257074,4,,,1,8,,257148,4,,,1,7,,257075,4,,,1,48,,257149,4,,,1,7,,257076,4,,,1,8,,257150,4,,,1,7,,257077,4,,,1,8,,257151,4,,,1,7,,257078,4,,,1,8,,257152,4,,,1,7,,257079,4,,,1,48,,257153,4,,,1,7,,257080,4,,,1,8,,257154,4,,,1,7,,257081,4,,,1,8,,257155,4,,,1,7,,257082,4,,,1,8,,257156,4,,,1,7,,257083,4,,,1,48,,257157,4,,,1,7,,257084,4,,,1,8,,257158,4,,,1,7,,257085,4,,,1,8,,257159,4,,,1,7,,257086,4,,,1,8,,257160,4,,,1,7,,257087,4,,,1,48,,257161,4,,,1,7,,257088,4,,,1,8,,257162,4,,,1,7,,257089,4,,,1,8,,257163,4,,,1,7,,257090,4,,,1,8,,257164,4,,,1,7,,257091,4,,,1,48,,257165,4,,,1,7,,257092,4,,,1,8,,257166,4,,,1,7,,257169,4,,,1,8,,257167,4,,,1,7,,257170,4,,,1,8,,257168,4,,,1,7,,257171,4,,,1,48,,257019,4,,,1,7,,257172,4,,,1
63300,'633-Weekday-1-26-09-0001000',1237,,227579,26,,,1,2,,227580,26,,,1,2,,227581,26,,,1
63300,'633-Weekday-1-26-09-1110100',1537,,227585,26,,,1,2,,227582,26,,,1,2,,227583,26,,,1,3,,227584,26,,,1
63300,'633-Weekday-4-26-09-1110100',1537,,270415,26,,,1,2,,270412,26,,,1,2,,270413,26,,,1,3,,270414,26,,,1
63300,'633-Weekday-7-26-09-1110100',1537,,270419,26,,,1,2,,270416,26,,,1,2,,270417,26,,,1,3,,270418,26,,,1
