600,'006-Weekday-1-26-09-1111100',513,,207270,20,,,1,20,,207271,20,,,1,20,,207272,20,,,1,60,,207273,20,,,1,20,,207274,20,,,1,24,,207275,20,,,1,64,,207276,20,,,1,15,,207277,20,,,1,15,,207278,20,,,1,55,,207279,20,,,1,15,,207280,20,,,1,15,,207281,20,,,1,16,,207282,20,,,1,55,,207283,20,,,1,13,,207284,20,,,1,15,,207285,20,,,1,15,,207286,20,,,1,55,,207287,20,,,1,15,,207288,20,,,1,15,,207289,20,,,1,15,,207290,20,,,1,55,,207291,20,,,1,15,,207292,20,,,1,15,,207293,20,,,1,15,,207294,20,,,1,55,,207295,20,,,1,15,,207296,20,,,1,15,,207297,20,,,1,15,,207298,20,,,1,55,,207299,20,,,1,15,,207300,20,,,1,15,,207301,20,,,1,15,,207302,20,,,1,55,,207303,20,,,1,15,,207304,20,,,1,15,,207305,20,,,1,15,,207306,20,,,1,56,,207307,20,,,1,17,,207321,20,,,1,15,,207308,20,,,1,15,,207309,20,,,1,55,,207310,20,,,1,15,,207311,20,,,1,15,,207312,20,,,1,15,,207327,20,,,1,55,,207326,20,,,1,15,,207325,20,,,1,15,,207324,20,,,1,15,,207323,20,,,1,55,,207322,20,,,1,14,,207313,20,,,1,14,,207314,20,,,1,12,,207328,20,,,1,55,,207329,20,,,1,15,,207330,20,,,1,15,,207331,20,,,1,15,,207332,20,,,1,55,,207333,20,,,1,15,,207334,20,,,1,15,,207335,20,,,1,15,,207336,20,,,1,55,,207337,20,,,1,15,,207338,20,,,1,15,,207339,20,,,1,15,,207340,20,,,1,55,,207341,20,,,1,14,,207342,20,,,1,15,,207343,20,,,1,17,,207315,20,,,1,60,,207316,20,,,1,20,,207317,20,,,1,20,,207318,20,,,1,60,,207319,20,,,1,20,,207320,20,,,1
600,'006-Weekday-2-26-09-1111100',513,,207344,20,,,1,20,,207345,20,,,1,20,,207346,20,,,1,60,,207347,20,,,1,20,,207348,20,,,1,24,,207349,20,,,1,64,,207350,20,,,1,15,,207351,20,,,1,15,,207352,20,,,1,55,,207353,20,,,1,15,,207354,20,,,1,15,,207355,20,,,1,16,,207356,20,,,1,55,,207357,20,,,1,13,,207358,20,,,1,15,,207359,20,,,1,15,,207360,20,,,1,55,,207361,20,,,1,15,,207362,20,,,1,15,,207363,20,,,1,15,,207364,20,,,1,55,,207365,20,,,1,15,,207366,20,,,1,15,,207367,20,,,1,15,,207368,20,,,1,55,,207369,20,,,1,15,,207370,20,,,1,15,,207371,20,,,1,15,,207372,20,,,1,55,,207373,20,,,1,15,,207374,20,,,1,15,,207375,20,,,1,15,,207376,20,,,1,55,,207377,20,,,1,15,,207378,20,,,1,15,,207379,20,,,1,15,,207380,20,,,1,56,,207381,20,,,1,17,,207395,20,,,1,15,,207382,20,,,1,15,,207383,20,,,1,55,,207384,20,,,1,15,,207385,20,,,1,15,,207386,20,,,1,15,,207401,20,,,1,55,,207400,20,,,1,15,,207399,20,,,1,15,,207398,20,,,1,15,,207397,20,,,1,55,,207396,20,,,1,14,,207387,20,,,1,14,,207388,20,,,1,12,,207402,20,,,1,55,,207403,20,,,1,15,,207404,20,,,1,15,,207405,20,,,1,15,,207406,20,,,1,55,,207407,20,,,1,15,,207408,20,,,1,15,,207409,20,,,1,15,,207410,20,,,1,55,,207411,20,,,1,15,,207412,20,,,1,15,,207413,20,,,1,15,,207414,20,,,1,55,,207415,20,,,1,14,,207416,20,,,1,15,,207417,20,,,1,17,,207389,20,,,1,60,,207390,20,,,1,20,,207391,20,,,1,20,,207392,20,,,1,60,,207393,20,,,1,20,,207394,20,,,1
600,'006-Weekday-3-26-09-1111100',513,,250847,20,,,1,20,,250848,20,,,1,20,,250849,20,,,1,60,,250850,20,,,1,20,,250851,20,,,1,24,,250852,20,,,1,64,,250853,20,,,1,15,,250854,20,,,1,15,,250855,20,,,1,55,,250856,20,,,1,15,,250857,20,,,1,15,,250858,20,,,1,16,,250859,20,,,1,55,,250860,20,,,1,13,,250861,20,,,1,15,,250862,20,,,1,15,,250863,20,,,1,55,,250864,20,,,1,15,,250865,20,,,1,15,,250866,20,,,1,15,,250867,20,,,1,55,,250868,20,,,1,15,,250869,20,,,1,15,,250870,20,,,1,15,,250871,20,,,1,55,,250872,20,,,1,15,,250873,20,,,1,15,,250874,20,,,1,15,,250875,20,,,1,55,,250876,20,,,1,15,,250877,20,,,1,15,,250878,20,,,1,15,,250879,20,,,1,55,,250880,20,,,1,15,,250881,20,,,1,15,,250882,20,,,1,15,,250883,20,,,1,56,,250884,20,,,1,17,,250898,20,,,1,15,,250885,20,,,1,15,,250886,20,,,1,55,,250887,20,,,1,15,,250888,20,,,1,15,,250889,20,,,1,15,,250904,20,,,1,55,,250903,20,,,1,15,,250902,20,,,1,15,,250901,20,,,1,15,,250900,20,,,1,55,,250899,20,,,1,14,,250890,20,,,1,14,,250891,20,,,1,12,,250905,20,,,1,55,,250906,20,,,1,15,,250907,20,,,1,15,,250908,20,,,1,15,,250909,20,,,1,55,,250910,20,,,1,15,,250911,20,,,1,15,,250912,20,,,1,15,,250913,20,,,1,55,,250914,20,,,1,15,,250915,20,,,1,15,,250916,20,,,1,15,,250917,20,,,1,55,,250918,20,,,1,14,,250919,20,,,1,15,,250920,20,,,1,17,,250892,20,,,1,60,,250893,20,,,1,20,,250894,20,,,1,20,,250895,20,,,1,60,,250896,20,,,1,20,,250897,20,,,1
600,'006-Weekday-4-26-09-1111100',513,,207418,20,,,1,20,,207419,20,,,1,20,,207420,20,,,1,60,,207421,20,,,1,20,,207422,20,,,1,24,,207423,20,,,1,64,,207424,20,,,1,15,,207425,20,,,1,15,,207426,20,,,1,55,,207427,20,,,1,15,,207428,20,,,1,15,,207429,20,,,1,16,,207430,20,,,1,55,,207431,20,,,1,13,,207432,20,,,1,15,,207433,20,,,1,15,,207434,20,,,1,55,,207435,20,,,1,15,,207436,20,,,1,15,,207437,20,,,1,15,,207438,20,,,1,55,,207439,20,,,1,15,,207440,20,,,1,15,,207441,20,,,1,15,,207442,20,,,1,55,,207443,20,,,1,15,,207444,20,,,1,15,,207445,20,,,1,15,,207446,20,,,1,55,,207447,20,,,1,15,,207448,20,,,1,15,,207449,20,,,1,15,,207450,20,,,1,55,,207451,20,,,1,15,,207452,20,,,1,15,,207453,20,,,1,15,,207454,20,,,1,56,,207455,20,,,1,17,,207469,20,,,1,15,,207456,20,,,1,15,,207457,20,,,1,55,,207458,20,,,1,15,,207459,20,,,1,15,,207460,20,,,1,15,,207475,20,,,1,55,,207474,20,,,1,15,,207473,20,,,1,15,,207472,20,,,1,15,,207471,20,,,1,55,,207470,20,,,1,14,,207461,20,,,1,14,,207462,20,,,1,12,,207476,20,,,1,55,,207477,20,,,1,15,,207478,20,,,1,15,,207479,20,,,1,15,,207480,20,,,1,55,,207481,20,,,1,15,,207482,20,,,1,15,,207483,20,,,1,15,,207484,20,,,1,55,,207485,20,,,1,15,,207486,20,,,1,15,,207487,20,,,1,15,,207488,20,,,1,55,,207489,20,,,1,14,,207490,20,,,1,15,,207491,20,,,1,17,,207463,20,,,1,60,,207464,20,,,1,20,,207465,20,,,1,20,,207466,20,,,1,60,,207467,20,,,1,20,,207468,20,,,1
600,'006-Weekday-5-26-09-1111100',513,,250921,20,,,1,20,,250922,20,,,1,20,,250923,20,,,1,60,,250924,20,,,1,20,,250925,20,,,1,24,,250926,20,,,1,64,,250927,20,,,1,15,,250928,20,,,1,15,,250929,20,,,1,55,,250930,20,,,1,15,,250931,20,,,1,15,,250932,20,,,1,16,,250933,20,,,1,55,,250934,20,,,1,13,,250935,20,,,1,15,,250936,20,,,1,15,,250937,20,,,1,55,,250938,20,,,1,15,,250939,20,,,1,15,,250940,20,,,1,15,,250941,20,,,1,55,,250942,20,,,1,15,,250943,20,,,1,15,,250944,20,,,1,15,,250945,20,,,1,55,,250946,20,,,1,15,,250947,20,,,1,15,,250948,20,,,1,15,,250949,20,,,1,55,,250950,20,,,1,15,,250951,20,,,1,15,,250952,20,,,1,15,,250953,20,,,1,55,,250954,20,,,1,15,,250955,20,,,1,15,,250956,20,,,1,15,,250957,20,,,1,56,,250958,20,,,1,17,,250972,20,,,1,15,,250959,20,,,1,15,,250960,20,,,1,55,,250961,20,,,1,15,,250962,20,,,1,15,,250963,20,,,1,15,,250978,20,,,1,55,,250977,20,,,1,15,,250976,20,,,1,15,,250975,20,,,1,15,,250974,20,,,1,55,,250973,20,,,1,14,,250964,20,,,1,14,,250965,20,,,1,12,,250979,20,,,1,55,,250980,20,,,1,15,,250981,20,,,1,15,,250982,20,,,1,15,,250983,20,,,1,55,,250984,20,,,1,15,,250985,20,,,1,15,,250986,20,,,1,15,,250987,20,,,1,55,,250988,20,,,1,15,,250989,20,,,1,15,,250990,20,,,1,15,,250991,20,,,1,55,,250992,20,,,1,14,,250993,20,,,1,15,,250994,20,,,1,17,,250966,20,,,1,60,,250967,20,,,1,20,,250968,20,,,1,20,,250969,20,,,1,60,,250970,20,,,1,20,,250971,20,,,1
600,'006-Weekday-6-26-09-1111100',513,,250995,20,,,1,20,,250996,20,,,1,20,,250997,20,,,1,60,,250998,20,,,1,20,,250999,20,,,1,24,,251000,20,,,1,64,,251001,20,,,1,15,,251002,20,,,1,15,,251003,20,,,1,55,,251004,20,,,1,15,,251005,20,,,1,15,,251006,20,,,1,16,,251007,20,,,1,55,,251008,20,,,1,13,,251009,20,,,1,15,,251010,20,,,1,15,,251011,20,,,1,55,,251012,20,,,1,15,,251013,20,,,1,15,,251014,20,,,1,15,,251015,20,,,1,55,,251016,20,,,1,15,,251017,20,,,1,15,,251018,20,,,1,15,,251019,20,,,1,55,,251020,20,,,1,15,,251021,20,,,1,15,,251022,20,,,1,15,,251023,20,,,1,55,,251024,20,,,1,15,,251025,20,,,1,15,,251026,20,,,1,15,,251027,20,,,1,55,,251028,20,,,1,15,,251029,20,,,1,15,,251030,20,,,1,15,,251031,20,,,1,56,,251032,20,,,1,17,,251046,20,,,1,15,,251033,20,,,1,15,,251034,20,,,1,55,,251035,20,,,1,15,,251036,20,,,1,15,,251037,20,,,1,15,,251052,20,,,1,55,,251051,20,,,1,15,,251050,20,,,1,15,,251049,20,,,1,15,,251048,20,,,1,55,,251047,20,,,1,14,,251038,20,,,1,14,,251039,20,,,1,12,,251053,20,,,1,55,,251054,20,,,1,15,,251055,20,,,1,15,,251056,20,,,1,15,,251057,20,,,1,55,,251058,20,,,1,15,,251059,20,,,1,15,,251060,20,,,1,15,,251061,20,,,1,55,,251062,20,,,1,15,,251063,20,,,1,15,,251064,20,,,1,15,,251065,20,,,1,55,,251066,20,,,1,14,,251067,20,,,1,15,,251068,20,,,1,17,,251040,20,,,1,60,,251041,20,,,1,20,,251042,20,,,1,20,,251043,20,,,1,60,,251044,20,,,1,20,,251045,20,,,1
600,'006-Weekday-7-26-09-1111100',513,,251069,20,,,1,20,,251070,20,,,1,20,,251071,20,,,1,60,,251072,20,,,1,20,,251073,20,,,1,24,,251074,20,,,1,64,,251075,20,,,1,15,,251076,20,,,1,15,,251077,20,,,1,55,,251078,20,,,1,15,,251079,20,,,1,15,,251080,20,,,1,16,,251081,20,,,1,55,,251082,20,,,1,13,,251083,20,,,1,15,,251084,20,,,1,15,,251085,20,,,1,55,,251086,20,,,1,15,,251087,20,,,1,15,,251088,20,,,1,15,,251089,20,,,1,55,,251090,20,,,1,15,,251091,20,,,1,15,,251092,20,,,1,15,,251093,20,,,1,55,,251094,20,,,1,15,,251095,20,,,1,15,,251096,20,,,1,15,,251097,20,,,1,55,,251098,20,,,1,15,,251099,20,,,1,15,,251100,20,,,1,15,,251101,20,,,1,55,,251102,20,,,1,15,,251103,20,,,1,15,,251104,20,,,1,15,,251105,20,,,1,56,,251106,20,,,1,17,,251120,20,,,1,15,,251107,20,,,1,15,,251108,20,,,1,55,,251109,20,,,1,15,,251110,20,,,1,15,,251111,20,,,1,15,,251126,20,,,1,55,,251125,20,,,1,15,,251124,20,,,1,15,,251123,20,,,1,15,,251122,20,,,1,55,,251121,20,,,1,14,,251112,20,,,1,14,,251113,20,,,1,12,,251127,20,,,1,55,,251128,20,,,1,15,,251129,20,,,1,15,,251130,20,,,1,15,,251131,20,,,1,55,,251132,20,,,1,15,,251133,20,,,1,15,,251134,20,,,1,15,,251135,20,,,1,55,,251136,20,,,1,15,,251137,20,,,1,15,,251138,20,,,1,15,,251139,20,,,1,55,,251140,20,,,1,14,,251141,20,,,1,15,,251142,20,,,1,17,,251114,20,,,1,60,,251115,20,,,1,20,,251116,20,,,1,20,,251117,20,,,1,60,,251118,20,,,1,20,,251119,20,,,1
600,'006-Saturday-1-26-09-0000010',549,,207492,20,,,1,60,,207493,20,,,1,20,,207494,20,,,1,20,,207495,20,,,1,60,,207496,20,,,1,20,,207497,20,,,1,20,,207498,20,,,1,60,,207499,20,,,1,20,,207500,20,,,1,17,,207501,20,,,1,55,,207502,20,,,1,17,,207503,20,,,1,15,,207504,20,,,1,15,,207505,20,,,1,55,,207506,20,,,1,15,,207507,20,,,1,15,,207508,20,,,1,15,,207509,20,,,1,55,,207510,20,,,1,15,,207511,20,,,1,15,,207512,20,,,1,15,,207513,20,,,1,55,,207514,20,,,1,15,,207515,20,,,1,15,,207516,20,,,1,15,,207517,20,,,1,55,,207518,20,,,1,15,,207519,20,,,1,15,,207520,20,,,1,15,,207521,20,,,1,55,,207522,20,,,1,15,,207523,20,,,1,15,,207524,20,,,1,15,,207525,20,,,1,55,,207526,20,,,1,15,,207527,20,,,1,15,,207528,20,,,1,15,,207529,20,,,1,55,,207530,20,,,1,15,,207531,20,,,1,15,,207532,20,,,1,15,,207533,20,,,1,55,,207534,20,,,1,14,,207535,20,,,1,15,,207536,20,,,1,15,,207537,20,,,1,55,,207538,20,,,1,15,,207539,20,,,1,15,,207540,20,,,1,15,,207541,20,,,1,55,,207542,20,,,1,15,,207543,20,,,1,17,,207544,20,,,1,18,,207545,20,,,1,60,,207546,20,,,1,20,,207547,20,,,1,20,,207548,20,,,1,60,,207549,20,,,1,20,,207550,20,,,1,20,,207551,20,,,1,59,,207552,20,,,1,19,,207553,20,,,1,19,,207554,20,,,1,60,,207555,20,,,1,20,,207556,20,,,1,20,,207557,20,,,1,60,,207558,20,,,1,20,,207559,20,,,1,20,,207560,20,,,1,60,,207561,20,,,1
600,'006-Sunday-1-26-09-0000001',607,,207562,20,,,1,20,,207563,20,,,1,20,,207564,20,,,1,60,,207565,20,,,1,20,,207566,20,,,1,20,,207567,20,,,1,60,,207568,20,,,1,20,,207569,20,,,1,20,,207570,20,,,1,61,,207571,20,,,1,20,,207572,20,,,1,19,,207573,20,,,1,55,,207574,20,,,1,15,,207575,20,,,1,15,,207576,20,,,1,15,,207577,20,,,1,55,,207578,20,,,1,15,,207579,20,,,1,15,,207580,20,,,1,15,,207581,20,,,1,55,,207582,20,,,1,15,,207583,20,,,1,15,,207584,20,,,1,15,,207585,20,,,1,55,,207586,20,,,1,15,,207587,20,,,1,15,,207588,20,,,1,15,,207589,20,,,1,55,,207590,20,,,1,15,,207591,20,,,1,15,,207592,20,,,1,15,,207593,20,,,1,55,,207594,20,,,1,15,,207595,20,,,1,15,,207596,20,,,1,15,,207597,20,,,1,55,,207598,20,,,1,15,,207599,20,,,1,15,,207600,20,,,1,15,,207601,20,,,1,56,,207602,20,,,1,14,,207603,20,,,1,15,,207604,20,,,1,15,,207605,20,,,1,55,,207606,20,,,1,15,,207607,20,,,1,15,,207608,20,,,1,15,,207609,20,,,1,60,,207610,20,,,1,20,,207611,20,,,1,20,,207612,20,,,1,60,,207613,20,,,1,20,,207614,20,,,1,20,,207615,20,,,1,60,,207616,20,,,1,20,,207617,20,,,1,20,,207618,20,,,1,60,,207619,20,,,1,20,,207620,20,,,1,20,,207621,20,,,1,60,,207622,20,,,1,20,,207623,20,,,1,20,,207624,20,,,1,60,,207625,20,,,1
50101,'501-Weekday-1-26-09-0001000',1443,,221377,39,,,1
50101,'501-Weekday-1-26-09-1110100',1535,,221378,39,,,1
50101,'501-Weekday-1-26-09-1111100',624,,221379,39,,,1,34,,221380,39,,,1,76,,221381,39,,,1,15,,221382,39,,,1,55,,221407,39,,,1,15,,221383,39,,,1,15,,221384,39,,,1,15,,221385,39,,,1,55,,221421,39,,,1,14,,221422,39,,,1,15,,221387,39,,,1,72,,221388,39,,,1,34,,221389,39,,,1,74,,221390,39,,,1,34,,221391,39,,,1,74,,221392,39,,,1,34,,221409,39,,,1,74,,221393,39,,,1,74,,221394,39,,,1,34,,221395,39,,,1,76,,221396,39,,,1,23,,221408,39,,,1,15,,221386,39,,,1,55,,221411,39,,,1,17,,221412,39,,,1,15,,221413,39,,,1,15,,221414,39,,,1,55,,221415,39,,,1,15,,221416,39,,,1,15,,221417,39,,,1,15,,221397,39,,,1,55,,221398,39,,,1,15,,221418,39,,,1,14,,221419,39,,,1,64,,221420,39,,,1,26,,221399,39,,,1,31,,221400,39,,,1,71,,221401,39,,,1,71,,221402,39,,,1,31,,221403,39,,,1,71,,221404,39,,,1,28,,221410,39,,,1,100,,221406,39,,,1,100,,221405,39,,,1
50101,'501-Weekday-2-26-09-1110100',1535,,221423,39,,,1
50101,'501-Weekday-2-26-09-1111100',624,,221424,39,,,1,34,,221425,39,,,1,76,,221426,39,,,1,15,,221427,39,,,1,55,,221452,39,,,1,15,,221428,39,,,1,15,,221429,39,,,1,15,,221430,39,,,1,55,,221466,39,,,1,14,,221467,39,,,1,15,,221432,39,,,1,72,,221433,39,,,1,34,,221434,39,,,1,74,,221435,39,,,1,34,,221436,39,,,1,74,,221437,39,,,1,34,,221454,39,,,1,74,,221438,39,,,1,74,,221439,39,,,1,34,,221440,39,,,1,76,,221441,39,,,1,23,,221453,39,,,1,15,,221431,39,,,1,55,,221456,39,,,1,17,,221457,39,,,1,15,,221458,39,,,1,15,,221459,39,,,1,55,,221460,39,,,1,15,,221461,39,,,1,15,,221462,39,,,1,15,,221442,39,,,1,55,,221443,39,,,1,15,,221463,39,,,1,14,,221464,39,,,1,64,,221465,39,,,1,26,,221444,39,,,1,31,,221445,39,,,1,71,,221446,39,,,1,71,,221447,39,,,1,31,,221448,39,,,1,71,,221449,39,,,1,28,,221455,39,,,1,100,,221451,39,,,1,100,,221450,39,,,1
50101,'501-Weekday-3-26-09-1111100',624,,264669,39,,,1,34,,264670,39,,,1,76,,264671,39,,,1,15,,264672,39,,,1,55,,264697,39,,,1,15,,264673,39,,,1,15,,264674,39,,,1,15,,264675,39,,,1,55,,264711,39,,,1,14,,264712,39,,,1,15,,264677,39,,,1,72,,264678,39,,,1,34,,264679,39,,,1,74,,264680,39,,,1,34,,264681,39,,,1,74,,264682,39,,,1,34,,264699,39,,,1,74,,264683,39,,,1,74,,264684,39,,,1,34,,264685,39,,,1,76,,264686,39,,,1,23,,264698,39,,,1,15,,264676,39,,,1,55,,264701,39,,,1,17,,264702,39,,,1,15,,264703,39,,,1,15,,264704,39,,,1,55,,264705,39,,,1,15,,264706,39,,,1,15,,264707,39,,,1,15,,264687,39,,,1,55,,264688,39,,,1,15,,264708,39,,,1,14,,264709,39,,,1,64,,264710,39,,,1,26,,264689,39,,,1,31,,264690,39,,,1,71,,264691,39,,,1,71,,264692,39,,,1,31,,264693,39,,,1,71,,264694,39,,,1,28,,264700,39,,,1,100,,264696,39,,,1,100,,264695,39,,,1
50101,'501-Weekday-4-26-09-1111100',624,,221468,39,,,1,34,,221469,39,,,1,76,,221470,39,,,1,15,,221471,39,,,1,55,,221496,39,,,1,15,,221472,39,,,1,15,,221473,39,,,1,15,,221474,39,,,1,55,,221510,39,,,1,14,,221511,39,,,1,15,,221476,39,,,1,72,,221477,39,,,1,34,,221478,39,,,1,74,,221479,39,,,1,34,,221480,39,,,1,74,,221481,39,,,1,34,,221498,39,,,1,74,,221482,39,,,1,74,,221483,39,,,1,34,,221484,39,,,1,76,,221485,39,,,1,23,,221497,39,,,1,15,,221475,39,,,1,55,,221500,39,,,1,17,,221501,39,,,1,15,,221502,39,,,1,15,,221503,39,,,1,55,,221504,39,,,1,15,,221505,39,,,1,15,,221506,39,,,1,15,,221486,39,,,1,55,,221487,39,,,1,15,,221507,39,,,1,14,,221508,39,,,1,64,,221509,39,,,1,26,,221488,39,,,1,31,,221489,39,,,1,71,,221490,39,,,1,71,,221491,39,,,1,31,,221492,39,,,1,71,,221493,39,,,1,28,,221499,39,,,1,100,,221495,39,,,1,100,,221494,39,,,1
50101,'501-Weekday-5-26-09-1111100',624,,264713,39,,,1,34,,264714,39,,,1,76,,264715,39,,,1,15,,264716,39,,,1,55,,264741,39,,,1,15,,264717,39,,,1,15,,264718,39,,,1,15,,264719,39,,,1,55,,264755,39,,,1,14,,264756,39,,,1,15,,264721,39,,,1,72,,264722,39,,,1,34,,264723,39,,,1,74,,264724,39,,,1,34,,264725,39,,,1,74,,264726,39,,,1,34,,264743,39,,,1,74,,264727,39,,,1,74,,264728,39,,,1,34,,264729,39,,,1,76,,264730,39,,,1,23,,264742,39,,,1,15,,264720,39,,,1,55,,264745,39,,,1,17,,264746,39,,,1,15,,264747,39,,,1,15,,264748,39,,,1,55,,264749,39,,,1,15,,264750,39,,,1,15,,264751,39,,,1,15,,264731,39,,,1,55,,264732,39,,,1,15,,264752,39,,,1,14,,264753,39,,,1,64,,264754,39,,,1,26,,264733,39,,,1,31,,264734,39,,,1,71,,264735,39,,,1,71,,264736,39,,,1,31,,264737,39,,,1,71,,264738,39,,,1,28,,264744,39,,,1,100,,264740,39,,,1,100,,264739,39,,,1
50101,'501-Weekday-6-26-09-1110100',1535,,264757,39,,,1
50101,'501-Weekday-6-26-09-1111100',624,,264758,39,,,1,34,,264759,39,,,1,76,,264760,39,,,1,15,,264761,39,,,1,55,,264786,39,,,1,15,,264762,39,,,1,15,,264763,39,,,1,15,,264764,39,,,1,55,,264800,39,,,1,14,,264801,39,,,1,15,,264766,39,,,1,72,,264767,39,,,1,34,,264768,39,,,1,74,,264769,39,,,1,34,,264770,39,,,1,74,,264771,39,,,1,34,,264788,39,,,1,74,,264772,39,,,1,74,,264773,39,,,1,34,,264774,39,,,1,76,,264775,39,,,1,23,,264787,39,,,1,15,,264765,39,,,1,55,,264790,39,,,1,17,,264791,39,,,1,15,,264792,39,,,1,15,,264793,39,,,1,55,,264794,39,,,1,15,,264795,39,,,1,15,,264796,39,,,1,15,,264776,39,,,1,55,,264777,39,,,1,15,,264797,39,,,1,14,,264798,39,,,1,64,,264799,39,,,1,26,,264778,39,,,1,31,,264779,39,,,1,71,,264780,39,,,1,71,,264781,39,,,1,31,,264782,39,,,1,71,,264783,39,,,1,28,,264789,39,,,1,100,,264785,39,,,1,100,,264784,39,,,1
50101,'501-Weekday-7-26-09-1111100',624,,264802,39,,,1,34,,264803,39,,,1,76,,264804,39,,,1,15,,264805,39,,,1,55,,264830,39,,,1,15,,264806,39,,,1,15,,264807,39,,,1,15,,264808,39,,,1,55,,264844,39,,,1,14,,264845,39,,,1,15,,264810,39,,,1,72,,264811,39,,,1,34,,264812,39,,,1,74,,264813,39,,,1,34,,264814,39,,,1,74,,264815,39,,,1,34,,264832,39,,,1,74,,264816,39,,,1,74,,264817,39,,,1,34,,264818,39,,,1,76,,264819,39,,,1,23,,264831,39,,,1,15,,264809,39,,,1,55,,264834,39,,,1,17,,264835,39,,,1,15,,264836,39,,,1,15,,264837,39,,,1,55,,264838,39,,,1,15,,264839,39,,,1,15,,264840,39,,,1,15,,264820,39,,,1,55,,264821,39,,,1,15,,264841,39,,,1,14,,264842,39,,,1,64,,264843,39,,,1,26,,264822,39,,,1,31,,264823,39,,,1,71,,264824,39,,,1,71,,264825,39,,,1,31,,264826,39,,,1,71,,264827,39,,,1,28,,264833,39,,,1,100,,264829,39,,,1,100,,264828,39,,,1
50101,'501-Saturday-1-26-09-0000010',653,,221534,39,,,1,100,,221535,39,,,1,70,,221512,39,,,1,30,,221513,39,,,1,72,,221514,39,,,1,32,,221515,39,,,1,72,,221516,39,,,1,72,,221517,39,,,1,32,,221518,39,,,1,72,,221519,39,,,1,32,,221520,39,,,1,72,,221521,39,,,1,32,,221522,39,,,1,72,,221523,39,,,1,32,,221524,39,,,1,72,,221525,39,,,1,32,,221526,39,,,1,72,,221527,39,,,1,32,,221528,39,,,1,72,,221529,39,,,1,32,,221530,39,,,1,72,,221532,39,,,1,72,,221531,39,,,1,32,,221533,39,,,1
50101,'501-Sunday-1-26-09-0000001',701,,221557,39,,,1,100,,221558,39,,,1,100,,221536,39,,,1,101,,221537,39,,,1,30,,221538,39,,,1,70,,221539,39,,,1,30,,221540,39,,,1,70,,221541,39,,,1,30,,221542,39,,,1,70,,221543,39,,,1,30,,221544,39,,,1,70,,221545,39,,,1,30,,221546,39,,,1,70,,221547,39,,,1,30,,221548,39,,,1,70,,221549,39,,,1,30,,221550,39,,,1,70,,221551,39,,,1,30,,221552,39,,,1,70,,221553,39,,,1,30,,221554,39,,,1,70,,221555,39,,,1,30,,221556,39,,,1
50200,'502-Weekday-1-26-09-1111100',642,,221566,10,,,1,70,,221559,10,,,1,30,,221560,10,,,1,70,,221561,10,,,1,30,,221562,10,,,1,70,,221563,10,,,1,30,,221564,10,,,1,567,,221565,10,,,1,30,,221567,10,,,1,70,,221568,10,,,1,30,,221569,10,,,1,70,,221570,10,,,1,30,,221571,10,,,1
50200,'502-Weekday-2-26-09-1111100',642,,221579,10,,,1,70,,221572,10,,,1,30,,221573,10,,,1,70,,221574,10,,,1,30,,221575,10,,,1,70,,221576,10,,,1,30,,221577,10,,,1,567,,221578,10,,,1,30,,221580,10,,,1,70,,221581,10,,,1,30,,221582,10,,,1,70,,221583,10,,,1,30,,221584,10,,,1
50200,'502-Weekday-3-26-09-1111100',642,,264853,10,,,1,70,,264846,10,,,1,30,,264847,10,,,1,70,,264848,10,,,1,30,,264849,10,,,1,70,,264850,10,,,1,30,,264851,10,,,1,567,,264852,10,,,1,30,,264854,10,,,1,70,,264855,10,,,1,30,,264856,10,,,1,70,,264857,10,,,1,30,,264858,10,,,1
50200,'502-Weekday-4-26-09-1111100',642,,221592,10,,,1,70,,221585,10,,,1,30,,221586,10,,,1,70,,221587,10,,,1,30,,221588,10,,,1,70,,221589,10,,,1,30,,221590,10,,,1,567,,221591,10,,,1,30,,221593,10,,,1,70,,221594,10,,,1,30,,221595,10,,,1,70,,221596,10,,,1,30,,221597,10,,,1
50200,'502-Weekday-5-26-09-1111100',642,,264866,10,,,1,70,,264859,10,,,1,30,,264860,10,,,1,70,,264861,10,,,1,30,,264862,10,,,1,70,,264863,10,,,1,30,,264864,10,,,1,567,,264865,10,,,1,30,,264867,10,,,1,70,,264868,10,,,1,30,,264869,10,,,1,70,,264870,10,,,1,30,,264871,10,,,1
50200,'502-Weekday-6-26-09-1111100',642,,264879,10,,,1,70,,264872,10,,,1,30,,264873,10,,,1,70,,264874,10,,,1,30,,264875,10,,,1,70,,264876,10,,,1,30,,264877,10,,,1,567,,264878,10,,,1,30,,264880,10,,,1,70,,264881,10,,,1,30,,264882,10,,,1,70,,264883,10,,,1,30,,264884,10,,,1
50200,'502-Weekday-7-26-09-1111100',642,,264892,10,,,1,70,,264885,10,,,1,30,,264886,10,,,1,70,,264887,10,,,1,30,,264888,10,,,1,70,,264889,10,,,1,30,,264890,10,,,1,567,,264891,10,,,1,30,,264893,10,,,1,70,,264894,10,,,1,30,,264895,10,,,1,70,,264896,10,,,1,30,,264897,10,,,1
50300,'503-Weekday-1-26-09-1111100',707,,221634,26,,,1,30,,221635,26,,,1,70,,221636,26,,,1,30,,221637,26,,,1,70,,221638,26,,,1,715,,221639,26,,,1,30,,221640,26,,,1,70,,221641,26,,,1,30,,221642,26,,,1,70,,221643,26,,,1,30,,221644,26,,,1
50300,'503-Weekday-2-26-09-1111100',707,,221645,26,,,1,30,,221646,26,,,1,70,,221647,26,,,1,30,,221648,26,,,1,70,,221649,26,,,1,715,,221650,26,,,1,30,,221651,26,,,1,70,,221652,26,,,1,30,,221653,26,,,1,70,,221654,26,,,1,30,,221655,26,,,1
50300,'503-Weekday-3-26-09-1111100',707,,264946,26,,,1,30,,264947,26,,,1,70,,264948,26,,,1,30,,264949,26,,,1,70,,264950,26,,,1,715,,264951,26,,,1,30,,264952,26,,,1,70,,264953,26,,,1,30,,264954,26,,,1,70,,264955,26,,,1,30,,264956,26,,,1
50300,'503-Weekday-4-26-09-1111100',707,,221656,26,,,1,30,,221657,26,,,1,70,,221658,26,,,1,30,,221659,26,,,1,70,,221660,26,,,1,715,,221661,26,,,1,30,,221662,26,,,1,70,,221663,26,,,1,30,,221664,26,,,1,70,,221665,26,,,1,30,,221666,26,,,1
50300,'503-Weekday-5-26-09-1111100',707,,264957,26,,,1,30,,264958,26,,,1,70,,264959,26,,,1,30,,264960,26,,,1,70,,264961,26,,,1,715,,264962,26,,,1,30,,264963,26,,,1,70,,264964,26,,,1,30,,264965,26,,,1,70,,264966,26,,,1,30,,264967,26,,,1
50300,'503-Weekday-6-26-09-1111100',707,,264968,26,,,1,30,,264969,26,,,1,70,,264970,26,,,1,30,,264971,26,,,1,70,,264972,26,,,1,715,,264973,26,,,1,30,,264974,26,,,1,70,,264975,26,,,1,30,,264976,26,,,1,70,,264977,26,,,1,30,,264978,26,,,1
50300,'503-Weekday-7-26-09-1111100',707,,264979,26,,,1,30,,264980,26,,,1,70,,264981,26,,,1,30,,264982,26,,,1,70,,264983,26,,,1,715,,264984,26,,,1,30,,264985,26,,,1,70,,264986,26,,,1,30,,264987,26,,,1,70,,264988,26,,,1,30,,264989,26,,,1
