5501,'055-Weekday-1-26-09-1111100',603,,212935,16,,,1,32,,212918,16,,,1,72,,212922,16,,,1,16,,212939,16,,,1,18,,212907,16,,,1,17,,212920,16,,,1,55,,212902,16,,,1,15,,212934,16,,,1,14,,212938,16,,,1,14,,212906,16,,,1,53,,212949,16,,,1,20,,212908,16,,,1,20,,212948,16,,,1,60,,212909,16,,,1,20,,212910,16,,,1,20,,212940,16,,,1,60,,212911,16,,,1,20,,212941,16,,,1,20,,212912,16,,,1,60,,212942,16,,,1,20,,212913,16,,,1,20,,212943,16,,,1,60,,212914,16,,,1,20,,212944,16,,,1,20,,212915,16,,,1,60,,212945,16,,,1,20,,212916,16,,,1,20,,212946,16,,,1,62,,212947,16,,,1,23,,212917,16,,,1,16,,212921,16,,,1,56,,212904,16,,,1,18,,212923,16,,,1,17,,212924,16,,,1,15,,212953,16,,,1,55,,212925,16,,,1,15,,212952,16,,,1,14,,212926,16,,,1,13,,212937,16,,,1,54,,212927,16,,,1,15,,212901,16,,,1,14,,212928,16,,,1,11,,212903,16,,,1,66,,212929,16,,,1,30,,212919,16,,,1,70,,212930,16,,,1,30,,212951,16,,,1,70,,212931,16,,,1,30,,212936,16,,,1,69,,212932,16,,,1,28,,212905,16,,,1,100,,212933,16,,,1,100,,212950,16,,,1
5501,'055-Weekday-2-26-09-1111100',603,,212988,16,,,1,32,,212971,16,,,1,72,,212975,16,,,1,16,,212992,16,,,1,18,,212960,16,,,1,17,,212973,16,,,1,55,,212955,16,,,1,15,,212987,16,,,1,14,,212991,16,,,1,14,,212959,16,,,1,53,,213002,16,,,1,20,,212961,16,,,1,20,,213001,16,,,1,60,,212962,16,,,1,20,,212963,16,,,1,20,,212993,16,,,1,60,,212964,16,,,1,20,,212994,16,,,1,20,,212965,16,,,1,60,,212995,16,,,1,20,,212966,16,,,1,20,,212996,16,,,1,60,,212967,16,,,1,20,,212997,16,,,1,20,,212968,16,,,1,60,,212998,16,,,1,20,,212969,16,,,1,20,,212999,16,,,1,62,,213000,16,,,1,23,,212970,16,,,1,16,,212974,16,,,1,56,,212957,16,,,1,18,,212976,16,,,1,17,,212977,16,,,1,15,,213006,16,,,1,55,,212978,16,,,1,15,,213005,16,,,1,14,,212979,16,,,1,13,,212990,16,,,1,54,,212980,16,,,1,15,,212954,16,,,1,14,,212981,16,,,1,11,,212956,16,,,1,66,,212982,16,,,1,30,,212972,16,,,1,70,,212983,16,,,1,30,,213004,16,,,1,70,,212984,16,,,1,30,,212989,16,,,1,69,,212985,16,,,1,28,,212958,16,,,1,100,,212986,16,,,1,100,,213003,16,,,1
5501,'055-Weekday-3-26-09-1111100',603,,256070,16,,,1,32,,256053,16,,,1,72,,256057,16,,,1,16,,256074,16,,,1,18,,256042,16,,,1,17,,256055,16,,,1,55,,256037,16,,,1,15,,256069,16,,,1,14,,256073,16,,,1,14,,256041,16,,,1,53,,256084,16,,,1,20,,256043,16,,,1,20,,256083,16,,,1,60,,256044,16,,,1,20,,256045,16,,,1,20,,256075,16,,,1,60,,256046,16,,,1,20,,256076,16,,,1,20,,256047,16,,,1,60,,256077,16,,,1,20,,256048,16,,,1,20,,256078,16,,,1,60,,256049,16,,,1,20,,256079,16,,,1,20,,256050,16,,,1,60,,256080,16,,,1,20,,256051,16,,,1,20,,256081,16,,,1,62,,256082,16,,,1,23,,256052,16,,,1,16,,256056,16,,,1,56,,256039,16,,,1,18,,256058,16,,,1,17,,256059,16,,,1,15,,256088,16,,,1,55,,256060,16,,,1,15,,256087,16,,,1,14,,256061,16,,,1,13,,256072,16,,,1,54,,256062,16,,,1,15,,256036,16,,,1,14,,256063,16,,,1,11,,256038,16,,,1,66,,256064,16,,,1,30,,256054,16,,,1,70,,256065,16,,,1,30,,256086,16,,,1,70,,256066,16,,,1,30,,256071,16,,,1,69,,256067,16,,,1,28,,256040,16,,,1,100,,256068,16,,,1,100,,256085,16,,,1
5501,'055-Weekday-4-26-09-1111100',603,,213041,16,,,1,32,,213024,16,,,1,72,,213028,16,,,1,16,,213045,16,,,1,18,,213013,16,,,1,17,,213026,16,,,1,55,,213008,16,,,1,15,,213040,16,,,1,14,,213044,16,,,1,14,,213012,16,,,1,53,,213055,16,,,1,20,,213014,16,,,1,20,,213054,16,,,1,60,,213015,16,,,1,20,,213016,16,,,1,20,,213046,16,,,1,60,,213017,16,,,1,20,,213047,16,,,1,20,,213018,16,,,1,60,,213048,16,,,1,20,,213019,16,,,1,20,,213049,16,,,1,60,,213020,16,,,1,20,,213050,16,,,1,20,,213021,16,,,1,60,,213051,16,,,1,20,,213022,16,,,1,20,,213052,16,,,1,62,,213053,16,,,1,23,,213023,16,,,1,16,,213027,16,,,1,56,,213010,16,,,1,18,,213029,16,,,1,17,,213030,16,,,1,15,,213059,16,,,1,55,,213031,16,,,1,15,,213058,16,,,1,14,,213032,16,,,1,13,,213043,16,,,1,54,,213033,16,,,1,15,,213007,16,,,1,14,,213034,16,,,1,11,,213009,16,,,1,66,,213035,16,,,1,30,,213025,16,,,1,70,,213036,16,,,1,30,,213057,16,,,1,70,,213037,16,,,1,30,,213042,16,,,1,69,,213038,16,,,1,28,,213011,16,,,1,100,,213039,16,,,1,100,,213056,16,,,1
5501,'055-Weekday-5-26-09-1111100',603,,256123,16,,,1,32,,256106,16,,,1,72,,256110,16,,,1,16,,256127,16,,,1,18,,256095,16,,,1,17,,256108,16,,,1,55,,256090,16,,,1,15,,256122,16,,,1,14,,256126,16,,,1,14,,256094,16,,,1,53,,256137,16,,,1,20,,256096,16,,,1,20,,256136,16,,,1,60,,256097,16,,,1,20,,256098,16,,,1,20,,256128,16,,,1,60,,256099,16,,,1,20,,256129,16,,,1,20,,256100,16,,,1,60,,256130,16,,,1,20,,256101,16,,,1,20,,256131,16,,,1,60,,256102,16,,,1,20,,256132,16,,,1,20,,256103,16,,,1,60,,256133,16,,,1,20,,256104,16,,,1,20,,256134,16,,,1,62,,256135,16,,,1,23,,256105,16,,,1,16,,256109,16,,,1,56,,256092,16,,,1,18,,256111,16,,,1,17,,256112,16,,,1,15,,256141,16,,,1,55,,256113,16,,,1,15,,256140,16,,,1,14,,256114,16,,,1,13,,256125,16,,,1,54,,256115,16,,,1,15,,256089,16,,,1,14,,256116,16,,,1,11,,256091,16,,,1,66,,256117,16,,,1,30,,256107,16,,,1,70,,256118,16,,,1,30,,256139,16,,,1,70,,256119,16,,,1,30,,256124,16,,,1,69,,256120,16,,,1,28,,256093,16,,,1,100,,256121,16,,,1,100,,256138,16,,,1
5501,'055-Weekday-6-26-09-1111100',603,,256176,16,,,1,32,,256159,16,,,1,72,,256163,16,,,1,16,,256180,16,,,1,18,,256148,16,,,1,17,,256161,16,,,1,55,,256143,16,,,1,15,,256175,16,,,1,14,,256179,16,,,1,14,,256147,16,,,1,53,,256190,16,,,1,20,,256149,16,,,1,20,,256189,16,,,1,60,,256150,16,,,1,20,,256151,16,,,1,20,,256181,16,,,1,60,,256152,16,,,1,20,,256182,16,,,1,20,,256153,16,,,1,60,,256183,16,,,1,20,,256154,16,,,1,20,,256184,16,,,1,60,,256155,16,,,1,20,,256185,16,,,1,20,,256156,16,,,1,60,,256186,16,,,1,20,,256157,16,,,1,20,,256187,16,,,1,62,,256188,16,,,1,23,,256158,16,,,1,16,,256162,16,,,1,56,,256145,16,,,1,18,,256164,16,,,1,17,,256165,16,,,1,15,,256194,16,,,1,55,,256166,16,,,1,15,,256193,16,,,1,14,,256167,16,,,1,13,,256178,16,,,1,54,,256168,16,,,1,15,,256142,16,,,1,14,,256169,16,,,1,11,,256144,16,,,1,66,,256170,16,,,1,30,,256160,16,,,1,70,,256171,16,,,1,30,,256192,16,,,1,70,,256172,16,,,1,30,,256177,16,,,1,69,,256173,16,,,1,28,,256146,16,,,1,100,,256174,16,,,1,100,,256191,16,,,1
5501,'055-Weekday-7-26-09-1111100',603,,256229,16,,,1,32,,256212,16,,,1,72,,256216,16,,,1,16,,256233,16,,,1,18,,256201,16,,,1,17,,256214,16,,,1,55,,256196,16,,,1,15,,256228,16,,,1,14,,256232,16,,,1,14,,256200,16,,,1,53,,256243,16,,,1,20,,256202,16,,,1,20,,256242,16,,,1,60,,256203,16,,,1,20,,256204,16,,,1,20,,256234,16,,,1,60,,256205,16,,,1,20,,256235,16,,,1,20,,256206,16,,,1,60,,256236,16,,,1,20,,256207,16,,,1,20,,256237,16,,,1,60,,256208,16,,,1,20,,256238,16,,,1,20,,256209,16,,,1,60,,256239,16,,,1,20,,256210,16,,,1,20,,256240,16,,,1,62,,256241,16,,,1,23,,256211,16,,,1,16,,256215,16,,,1,56,,256198,16,,,1,18,,256217,16,,,1,17,,256218,16,,,1,15,,256247,16,,,1,55,,256219,16,,,1,15,,256246,16,,,1,14,,256220,16,,,1,13,,256231,16,,,1,54,,256221,16,,,1,15,,256195,16,,,1,14,,256222,16,,,1,11,,256197,16,,,1,66,,256223,16,,,1,30,,256213,16,,,1,70,,256224,16,,,1,30,,256245,16,,,1,70,,256225,16,,,1,30,,256230,16,,,1,69,,256226,16,,,1,28,,256199,16,,,1,100,,256227,16,,,1,100,,256244,16,,,1
5501,'055-Saturday-1-26-09-0000010',631,,213060,16,,,1,100,,213061,16,,,1,100,,213062,16,,,1,73,,213063,16,,,1,34,,213064,16,,,1,70,,213065,16,,,1,28,,213066,16,,,1,20,,213067,16,,,1,60,,213068,16,,,1,20,,213069,16,,,1,20,,213070,16,,,1,60,,213071,16,,,1,20,,213072,16,,,1,20,,213073,16,,,1,60,,213074,16,,,1,20,,213075,16,,,1,20,,213076,16,,,1,60,,213077,16,,,1,20,,213078,16,,,1,20,,213079,16,,,1,60,,213080,16,,,1,20,,213081,16,,,1,20,,213082,16,,,1,60,,213083,16,,,1,20,,213084,16,,,1,22,,213085,16,,,1,59,,213086,16,,,1,19,,213087,16,,,1,20,,213088,16,,,1,60,,213089,16,,,1,20,,213090,16,,,1,20,,213091,16,,,1,65,,213092,16,,,1,22,,213093,16,,,1,70,,213094,16,,,1,30,,213095,16,,,1,70,,213096,16,,,1,30,,213097,16,,,1,70,,213098,16,,,1,30,,213099,16,,,1,100,,213100,16,,,1,100,,213101,16,,,1
5501,'055-Sunday-1-26-09-0000001',631,,213102,16,,,1,100,,213103,16,,,1,100,,213104,16,,,1,69,,213105,16,,,1,38,,213106,16,,,1,70,,213107,16,,,1,28,,213108,16,,,1,20,,213109,16,,,1,60,,213110,16,,,1,20,,213111,16,,,1,20,,213112,16,,,1,60,,213113,16,,,1,20,,213114,16,,,1,20,,213115,16,,,1,60,,213116,16,,,1,20,,213117,16,,,1,20,,213118,16,,,1,60,,213119,16,,,1,20,,213120,16,,,1,20,,213121,16,,,1,60,,213122,16,,,1,20,,213123,16,,,1,20,,213124,16,,,1,60,,213125,16,,,1,20,,213126,16,,,1,20,,213127,16,,,1,59,,213128,16,,,1,18,,213129,16,,,1,20,,213130,16,,,1,60,,213131,16,,,1,20,,213132,16,,,1,20,,213133,16,,,1,60,,213134,16,,,1,26,,213135,16,,,1,96,,213136,16,,,1,100,,213137,16,,,1,100,,213138,16,,,1,100,,213139,16,,,1,100,,213140,16,,,1
5601,'056-Weekday-1-26-09-1111100',546,,213488,57,,,1,70,,213489,57,,,1,17,,213490,57,,,1,18,,213491,57,,,1,58,,213492,57,,,1,17,,213493,57,,,1,16,,213494,57,,,1,15,,213495,57,,,1,55,,213487,57,,,1,15,,213497,57,,,1,15,,213499,57,,,1,14,,213501,57,,,1,54,,213503,57,,,1,14,,213505,57,,,1,16,,213507,57,,,1,15,,213508,57,,,1,55,,213509,57,,,1,15,,213510,57,,,1,15,,213511,57,,,1,15,,213512,57,,,1,55,,213513,57,,,1,15,,213514,57,,,1,15,,213515,57,,,1,15,,213516,57,,,1,55,,213517,57,,,1,15,,213518,57,,,1,15,,213519,57,,,1,15,,213520,57,,,1,55,,213521,57,,,1,15,,213522,57,,,1,15,,213523,57,,,1,15,,213524,57,,,1,55,,213525,57,,,1,15,,213526,57,,,1,15,,213527,57,,,1,15,,213528,57,,,1,58,,213529,57,,,1,17,,213530,57,,,1,18,,213531,57,,,1,54,,213532,57,,,1,13,,213533,57,,,1,12,,213534,57,,,1,12,,213535,57,,,1,12,,213536,57,,,1,52,,213537,57,,,1,12,,213538,57,,,1,12,,213539,57,,,1,12,,213540,57,,,1,12,,213541,57,,,1,52,,213542,57,,,1,12,,213543,57,,,1,11,,213544,57,,,1,10,,213545,57,,,1,10,,213546,57,,,1,10,,213547,57,,,1,56,,213548,57,,,1,20,,213549,57,,,1,20,,213550,57,,,1,60,,213551,57,,,1,20,,213552,57,,,1,20,,213553,57,,,1,60,,213554,57,,,1,20,,213563,57,,,1,20,,213564,57,,,1,60,,213565,57,,,1,16,,213566,57,,,1,17,,213567,57,,,1,59,,213555,57,,,1,100,,213556,57,,,1,100,,213557,57,,,1
5601,'056-Weekday-2-26-09-1111100',546,,213569,57,,,1,70,,213570,57,,,1,17,,213571,57,,,1,18,,213572,57,,,1,58,,213573,57,,,1,17,,213574,57,,,1,16,,213575,57,,,1,15,,213576,57,,,1,55,,213568,57,,,1,15,,213578,57,,,1,15,,213580,57,,,1,14,,213582,57,,,1,54,,213584,57,,,1,14,,213586,57,,,1,16,,213588,57,,,1,15,,213589,57,,,1,55,,213590,57,,,1,15,,213591,57,,,1,15,,213592,57,,,1,15,,213593,57,,,1,55,,213594,57,,,1,15,,213595,57,,,1,15,,213596,57,,,1,15,,213597,57,,,1,55,,213598,57,,,1,15,,213599,57,,,1,15,,213600,57,,,1,15,,213601,57,,,1,55,,213602,57,,,1,15,,213603,57,,,1,15,,213604,57,,,1,15,,213605,57,,,1,55,,213606,57,,,1,15,,213607,57,,,1,15,,213608,57,,,1,15,,213609,57,,,1,58,,213610,57,,,1,17,,213611,57,,,1,18,,213612,57,,,1,54,,213613,57,,,1,13,,213614,57,,,1,12,,213615,57,,,1,12,,213616,57,,,1,12,,213617,57,,,1,52,,213618,57,,,1,12,,213619,57,,,1,12,,213620,57,,,1,12,,213621,57,,,1,12,,213622,57,,,1,52,,213623,57,,,1,12,,213624,57,,,1,11,,213625,57,,,1,10,,213626,57,,,1,10,,213627,57,,,1,10,,213628,57,,,1,56,,213629,57,,,1,20,,213630,57,,,1,20,,213631,57,,,1,60,,213632,57,,,1,20,,213633,57,,,1,20,,213634,57,,,1,60,,213635,57,,,1,20,,213644,57,,,1,20,,213645,57,,,1,60,,213646,57,,,1,16,,213647,57,,,1,17,,213648,57,,,1,59,,213636,57,,,1,100,,213637,57,,,1,100,,213638,57,,,1
5601,'056-Weekday-3-26-09-1111100',546,,256534,57,,,1,70,,256535,57,,,1,17,,256536,57,,,1,18,,256537,57,,,1,58,,256538,57,,,1,17,,256539,57,,,1,16,,256540,57,,,1,15,,256541,57,,,1,55,,256533,57,,,1,15,,256543,57,,,1,15,,256545,57,,,1,14,,256547,57,,,1,54,,256549,57,,,1,14,,256551,57,,,1,16,,256553,57,,,1,15,,256554,57,,,1,55,,256555,57,,,1,15,,256556,57,,,1,15,,256557,57,,,1,15,,256558,57,,,1,55,,256559,57,,,1,15,,256560,57,,,1,15,,256561,57,,,1,15,,256562,57,,,1,55,,256563,57,,,1,15,,256564,57,,,1,15,,256565,57,,,1,15,,256566,57,,,1,55,,256567,57,,,1,15,,256568,57,,,1,15,,256569,57,,,1,15,,256570,57,,,1,55,,256571,57,,,1,15,,256572,57,,,1,15,,256573,57,,,1,15,,256574,57,,,1,58,,256575,57,,,1,17,,256576,57,,,1,18,,256577,57,,,1,54,,256578,57,,,1,13,,256579,57,,,1,12,,256580,57,,,1,12,,256581,57,,,1,12,,256582,57,,,1,52,,256583,57,,,1,12,,256584,57,,,1,12,,256585,57,,,1,12,,256586,57,,,1,12,,256587,57,,,1,52,,256588,57,,,1,12,,256589,57,,,1,11,,256590,57,,,1,10,,256591,57,,,1,10,,256592,57,,,1,10,,256593,57,,,1,56,,256594,57,,,1,20,,256595,57,,,1,20,,256596,57,,,1,60,,256597,57,,,1,20,,256598,57,,,1,20,,256599,57,,,1,60,,256600,57,,,1,20,,256608,57,,,1,20,,256609,57,,,1,60,,256610,57,,,1,16,,256611,57,,,1,17,,256612,57,,,1,59,,256601,57,,,1,100,,256602,57,,,1,100,,256603,57,,,1
5601,'056-Weekday-4-26-09-1111100',546,,213650,57,,,1,70,,213651,57,,,1,17,,213652,57,,,1,18,,213653,57,,,1,58,,213654,57,,,1,17,,213655,57,,,1,16,,213656,57,,,1,15,,213657,57,,,1,55,,213649,57,,,1,15,,213659,57,,,1,15,,213661,57,,,1,14,,213663,57,,,1,54,,213665,57,,,1,14,,213667,57,,,1,16,,213669,57,,,1,15,,213670,57,,,1,55,,213671,57,,,1,15,,213672,57,,,1,15,,213673,57,,,1,15,,213674,57,,,1,55,,213675,57,,,1,15,,213676,57,,,1,15,,213677,57,,,1,15,,213678,57,,,1,55,,213679,57,,,1,15,,213680,57,,,1,15,,213681,57,,,1,15,,213682,57,,,1,55,,213683,57,,,1,15,,213684,57,,,1,15,,213685,57,,,1,15,,213686,57,,,1,55,,213687,57,,,1,15,,213688,57,,,1,15,,213689,57,,,1,15,,213690,57,,,1,58,,213691,57,,,1,17,,213692,57,,,1,18,,213693,57,,,1,54,,213694,57,,,1,13,,213695,57,,,1,12,,213696,57,,,1,12,,213697,57,,,1,12,,213698,57,,,1,52,,213699,57,,,1,12,,213700,57,,,1,12,,213701,57,,,1,12,,213702,57,,,1,12,,213703,57,,,1,52,,213704,57,,,1,12,,213705,57,,,1,11,,213706,57,,,1,10,,213707,57,,,1,10,,213708,57,,,1,10,,213709,57,,,1,56,,213710,57,,,1,20,,213711,57,,,1,20,,213712,57,,,1,60,,213713,57,,,1,20,,213714,57,,,1,20,,213715,57,,,1,60,,213716,57,,,1,20,,213724,57,,,1,20,,213725,57,,,1,60,,213726,57,,,1,16,,213727,57,,,1,17,,213728,57,,,1,59,,213717,57,,,1,100,,213718,57,,,1,100,,213719,57,,,1
5601,'056-Weekday-5-26-09-1111100',546,,256614,57,,,1,70,,256615,57,,,1,17,,256616,57,,,1,18,,256617,57,,,1,58,,256618,57,,,1,17,,256619,57,,,1,16,,256620,57,,,1,15,,256621,57,,,1,55,,256613,57,,,1,15,,256623,57,,,1,15,,256625,57,,,1,14,,256627,57,,,1,54,,256629,57,,,1,14,,256631,57,,,1,16,,256633,57,,,1,15,,256634,57,,,1,55,,256635,57,,,1,15,,256636,57,,,1,15,,256637,57,,,1,15,,256638,57,,,1,55,,256639,57,,,1,15,,256640,57,,,1,15,,256641,57,,,1,15,,256642,57,,,1,55,,256643,57,,,1,15,,256644,57,,,1,15,,256645,57,,,1,15,,256646,57,,,1,55,,256647,57,,,1,15,,256648,57,,,1,15,,256649,57,,,1,15,,256650,57,,,1,55,,256651,57,,,1,15,,256652,57,,,1,15,,256653,57,,,1,15,,256654,57,,,1,58,,256655,57,,,1,17,,256656,57,,,1,18,,256657,57,,,1,54,,256658,57,,,1,13,,256659,57,,,1,12,,256660,57,,,1,12,,256661,57,,,1,12,,256662,57,,,1,52,,256663,57,,,1,12,,256664,57,,,1,12,,256665,57,,,1,12,,256666,57,,,1,12,,256667,57,,,1,52,,256668,57,,,1,12,,256669,57,,,1,11,,256670,57,,,1,10,,256671,57,,,1,10,,256672,57,,,1,10,,256673,57,,,1,56,,256674,57,,,1,20,,256675,57,,,1,20,,256676,57,,,1,60,,256677,57,,,1,20,,256678,57,,,1,20,,256679,57,,,1,60,,256680,57,,,1,20,,256688,57,,,1,20,,256689,57,,,1,60,,256690,57,,,1,16,,256691,57,,,1,17,,256692,57,,,1,59,,256681,57,,,1,100,,256682,57,,,1,100,,256683,57,,,1
5601,'056-Weekday-6-26-09-1111100',546,,256694,57,,,1,70,,256695,57,,,1,17,,256696,57,,,1,18,,256697,57,,,1,58,,256698,57,,,1,17,,256699,57,,,1,16,,256700,57,,,1,15,,256701,57,,,1,55,,256693,57,,,1,15,,256703,57,,,1,15,,256705,57,,,1,14,,256707,57,,,1,54,,256709,57,,,1,14,,256711,57,,,1,16,,256713,57,,,1,15,,256714,57,,,1,55,,256715,57,,,1,15,,256716,57,,,1,15,,256717,57,,,1,15,,256718,57,,,1,55,,256719,57,,,1,15,,256720,57,,,1,15,,256721,57,,,1,15,,256722,57,,,1,55,,256723,57,,,1,15,,256724,57,,,1,15,,256725,57,,,1,15,,256726,57,,,1,55,,256727,57,,,1,15,,256728,57,,,1,15,,256729,57,,,1,15,,256730,57,,,1,55,,256731,57,,,1,15,,256732,57,,,1,15,,256733,57,,,1,15,,256734,57,,,1,58,,256735,57,,,1,17,,256736,57,,,1,18,,256737,57,,,1,54,,256738,57,,,1,13,,256739,57,,,1,12,,256740,57,,,1,12,,256741,57,,,1,12,,256742,57,,,1,52,,256743,57,,,1,12,,256744,57,,,1,12,,256745,57,,,1,12,,256746,57,,,1,12,,256747,57,,,1,52,,256748,57,,,1,12,,256749,57,,,1,11,,256750,57,,,1,10,,256751,57,,,1,10,,256752,57,,,1,10,,256753,57,,,1,56,,256754,57,,,1,20,,256755,57,,,1,20,,256756,57,,,1,60,,256757,57,,,1,20,,256758,57,,,1,20,,256759,57,,,1,60,,256760,57,,,1,20,,256769,57,,,1,20,,256770,57,,,1,60,,256771,57,,,1,16,,256772,57,,,1,17,,256773,57,,,1,59,,256761,57,,,1,100,,256762,57,,,1,100,,256763,57,,,1
5601,'056-Weekday-7-26-09-1111100',546,,256775,57,,,1,70,,256776,57,,,1,17,,256777,57,,,1,18,,256778,57,,,1,58,,256779,57,,,1,17,,256780,57,,,1,16,,256781,57,,,1,15,,256782,57,,,1,55,,256774,57,,,1,15,,256784,57,,,1,15,,256786,57,,,1,14,,256788,57,,,1,54,,256790,57,,,1,14,,256792,57,,,1,16,,256794,57,,,1,15,,256795,57,,,1,55,,256796,57,,,1,15,,256797,57,,,1,15,,256798,57,,,1,15,,256799,57,,,1,55,,256800,57,,,1,15,,256801,57,,,1,15,,256802,57,,,1,15,,256803,57,,,1,55,,256804,57,,,1,15,,256805,57,,,1,15,,256806,57,,,1,15,,256807,57,,,1,55,,256808,57,,,1,15,,256809,57,,,1,15,,256810,57,,,1,15,,256811,57,,,1,55,,256812,57,,,1,15,,256813,57,,,1,15,,256814,57,,,1,15,,256815,57,,,1,58,,256816,57,,,1,17,,256817,57,,,1,18,,256818,57,,,1,54,,256819,57,,,1,13,,256820,57,,,1,12,,256821,57,,,1,12,,256822,57,,,1,12,,256823,57,,,1,52,,256824,57,,,1,12,,256825,57,,,1,12,,256826,57,,,1,12,,256827,57,,,1,12,,256828,57,,,1,52,,256829,57,,,1,12,,256830,57,,,1,11,,256831,57,,,1,10,,256832,57,,,1,10,,256833,57,,,1,10,,256834,57,,,1,56,,256835,57,,,1,20,,256836,57,,,1,20,,256837,57,,,1,60,,256838,57,,,1,20,,256839,57,,,1,20,,256840,57,,,1,60,,256841,57,,,1,20,,256849,57,,,1,20,,256850,57,,,1,60,,256851,57,,,1,16,,256852,57,,,1,17,,256853,57,,,1,59,,256842,57,,,1,100,,256843,57,,,1,100,,256844,57,,,1
5601,'056-Saturday-1-26-09-0000010',609,,213774,57,,,1,30,,213729,57,,,1,70,,213775,57,,,1,30,,213730,57,,,1,70,,213776,57,,,1,30,,213731,57,,,1,15,,213732,57,,,1,56,,213777,57,,,1,17,,213733,57,,,1,19,,213734,57,,,1,57,,213735,57,,,1,15,,213778,57,,,1,15,,213736,57,,,1,15,,213737,57,,,1,55,,213738,57,,,1,15,,213779,57,,,1,15,,213739,57,,,1,15,,213740,57,,,1,55,,213741,57,,,1,15,,213780,57,,,1,15,,213742,57,,,1,15,,213743,57,,,1,55,,213744,57,,,1,15,,213781,57,,,1,15,,213745,57,,,1,15,,213746,57,,,1,55,,213747,57,,,1,15,,213782,57,,,1,15,,213748,57,,,1,15,,213749,57,,,1,55,,213750,57,,,1,15,,213783,57,,,1,15,,213751,57,,,1,15,,213752,57,,,1,55,,213753,57,,,1,15,,213784,57,,,1,15,,213762,57,,,1,15,,213763,57,,,1,54,,213764,57,,,1,15,,213785,57,,,1,13,,213765,57,,,1,12,,213766,57,,,1,14,,213767,57,,,1,55,,213786,57,,,1,15,,213768,57,,,1,15,,213769,57,,,1,15,,213770,57,,,1,55,,213787,57,,,1,15,,213771,57,,,1,15,,213772,57,,,1,60,,213773,57,,,1,20,,213759,57,,,1,20,,213754,57,,,1,60,,213788,57,,,1,20,,213760,57,,,1,20,,213755,57,,,1,60,,213789,57,,,1,20,,213761,57,,,1,20,,213756,57,,,1,60,,213790,57,,,1,30,,213791,57,,,1,70,,213757,57,,,1,30,,213792,57,,,1,70,,213758,57,,,1
5601,'056-Sunday-1-26-09-0000001',620,,213826,57,,,1,30,,213793,57,,,1,70,,213827,57,,,1,30,,213794,57,,,1,70,,213828,57,,,1,30,,213795,57,,,1,56,,213824,57,,,1,16,,213829,57,,,1,18,,213796,57,,,1,17,,213825,57,,,1,55,,213830,57,,,1,15,,213797,57,,,1,15,,213798,57,,,1,15,,213831,57,,,1,55,,213799,57,,,1,15,,213800,57,,,1,15,,213832,57,,,1,15,,213801,57,,,1,55,,213802,57,,,1,15,,213833,57,,,1,15,,213803,57,,,1,15,,213804,57,,,1,55,,213834,57,,,1,15,,213805,57,,,1,15,,213806,57,,,1,15,,213835,57,,,1,55,,213807,57,,,1,15,,213808,57,,,1,15,,213836,57,,,1,15,,213809,57,,,1,55,,213810,57,,,1,15,,213837,57,,,1,15,,213811,57,,,1,15,,213812,57,,,1,55,,213838,57,,,1,15,,213813,57,,,1,15,,213814,57,,,1,15,,213839,57,,,1,54,,213815,57,,,1,13,,213845,57,,,1,13,,213846,57,,,1,13,,213847,57,,,1,55,,213848,57,,,1,15,,213849,57,,,1,15,,213850,57,,,1,15,,213851,57,,,1,55,,213852,57,,,1,14,,213853,57,,,1,16,,213854,57,,,1,15,,213855,57,,,1,60,,213821,57,,,1,20,,213840,57,,,1,20,,213816,57,,,1,60,,213822,57,,,1,20,,213841,57,,,1,20,,213817,57,,,1,60,,213823,57,,,1,20,,213842,57,,,1,20,,213818,57,,,1,70,,213843,57,,,1,30,,213819,57,,,1,70,,213844,57,,,1,30,,213820,57,,,1
90401,'904-Weekday-1-26-09-1111100',554,,237564,35,,,1,70,,237576,35,,,1,35,,237580,35,,,1,60,,237577,35,,,1,20,,237579,35,,,1,20,,237578,35,,,1,60,,237585,35,,,1,20,,237584,35,,,1,63,,237583,35,,,1,29,,237582,35,,,1,70,,237570,35,,,1,30,,237566,35,,,1,70,,237575,35,,,1,30,,237574,35,,,1,70,,237573,35,,,1,30,,237565,35,,,1,70,,237571,35,,,1,30,,237572,35,,,1,70,,237567,35,,,1,30,,237568,35,,,1,27,,237569,35,,,1,64,,237586,35,,,1,22,,237587,35,,,1,9,,237581,35,,,1,51,,237588,35,,,1,20,,237589,35,,,1,20,,237590,35,,,1,60,,237591,35,,,1,20,,237592,35,,,1,13,,237593,35,,,1,70,,237594,35,,,1,30,,237595,35,,,1,64,,237596,35,,,1,31,,237597,35,,,1,70,,237598,35,,,1,30,,237599,35,,,1,70,,237600,35,,,1,30,,237601,35,,,1,70,,237602,35,,,1,98,,237603,35,,,1
90401,'904-Weekday-2-26-09-1111100',554,,237604,35,,,1,70,,237616,35,,,1,35,,237620,35,,,1,60,,237617,35,,,1,20,,237619,35,,,1,20,,237618,35,,,1,60,,237625,35,,,1,20,,237624,35,,,1,63,,237623,35,,,1,29,,237622,35,,,1,70,,237610,35,,,1,30,,237606,35,,,1,70,,237615,35,,,1,30,,237614,35,,,1,70,,237613,35,,,1,30,,237605,35,,,1,70,,237611,35,,,1,30,,237612,35,,,1,70,,237607,35,,,1,30,,237608,35,,,1,27,,237609,35,,,1,64,,237626,35,,,1,22,,237627,35,,,1,9,,237621,35,,,1,51,,237628,35,,,1,20,,237629,35,,,1,20,,237630,35,,,1,60,,237631,35,,,1,20,,237632,35,,,1,13,,237633,35,,,1,70,,237634,35,,,1,30,,237635,35,,,1,64,,237636,35,,,1,31,,237637,35,,,1,70,,237638,35,,,1,30,,237639,35,,,1,70,,237640,35,,,1,30,,237641,35,,,1,70,,237642,35,,,1,98,,237643,35,,,1
90401,'904-Weekday-3-26-09-1111100',554,,280157,35,,,1,70,,280169,35,,,1,35,,280173,35,,,1,60,,280170,35,,,1,20,,280172,35,,,1,20,,280171,35,,,1,60,,280177,35,,,1,20,,280176,35,,,1,63,,280175,35,,,1,29,,280174,35,,,1,70,,280163,35,,,1,30,,280159,35,,,1,70,,280168,35,,,1,30,,280167,35,,,1,70,,280166,35,,,1,30,,280158,35,,,1,70,,280164,35,,,1,30,,280165,35,,,1,70,,280160,35,,,1,30,,280161,35,,,1,27,,280162,35,,,1,64,,280178,35,,,1,22,,280179,35,,,1,60,,280180,35,,,1,20,,280181,35,,,1,20,,280182,35,,,1,60,,280183,35,,,1,20,,280184,35,,,1,13,,280185,35,,,1,70,,280186,35,,,1,30,,280187,35,,,1,64,,280188,35,,,1,31,,280189,35,,,1,70,,280190,35,,,1,30,,280191,35,,,1,70,,280192,35,,,1,30,,280193,35,,,1,70,,280194,35,,,1,98,,280195,35,,,1
90401,'904-Weekday-4-26-09-1111100',554,,237644,35,,,1,70,,237656,35,,,1,35,,237660,35,,,1,60,,237657,35,,,1,20,,237659,35,,,1,20,,237658,35,,,1,60,,237664,35,,,1,20,,237663,35,,,1,63,,237662,35,,,1,29,,237661,35,,,1,70,,237650,35,,,1,30,,237646,35,,,1,70,,237655,35,,,1,30,,237654,35,,,1,70,,237653,35,,,1,30,,237645,35,,,1,70,,237651,35,,,1,30,,237652,35,,,1,70,,237647,35,,,1,30,,237648,35,,,1,27,,237649,35,,,1,64,,237665,35,,,1,22,,237666,35,,,1,60,,237667,35,,,1,20,,237668,35,,,1,20,,237669,35,,,1,60,,237670,35,,,1,20,,237671,35,,,1,13,,237672,35,,,1,70,,237673,35,,,1,30,,237674,35,,,1,64,,237675,35,,,1,31,,237676,35,,,1,70,,237677,35,,,1,30,,237678,35,,,1,70,,237679,35,,,1,30,,237680,35,,,1,70,,237681,35,,,1,98,,237682,35,,,1
90401,'904-Weekday-5-26-09-1111100',554,,280196,35,,,1,70,,280208,35,,,1,35,,280212,35,,,1,60,,280209,35,,,1,20,,280211,35,,,1,20,,280210,35,,,1,60,,280216,35,,,1,20,,280215,35,,,1,63,,280214,35,,,1,29,,280213,35,,,1,70,,280202,35,,,1,30,,280198,35,,,1,70,,280207,35,,,1,30,,280206,35,,,1,70,,280205,35,,,1,30,,280197,35,,,1,70,,280203,35,,,1,30,,280204,35,,,1,70,,280199,35,,,1,30,,280200,35,,,1,27,,280201,35,,,1,64,,280217,35,,,1,22,,280218,35,,,1,60,,280219,35,,,1,20,,280220,35,,,1,20,,280221,35,,,1,60,,280222,35,,,1,20,,280223,35,,,1,13,,280224,35,,,1,70,,280225,35,,,1,30,,280226,35,,,1,64,,280227,35,,,1,31,,280228,35,,,1,70,,280229,35,,,1,30,,280230,35,,,1,70,,280231,35,,,1,30,,280232,35,,,1,70,,280233,35,,,1,98,,280234,35,,,1
90401,'904-Weekday-6-26-09-1111100',554,,280235,35,,,1,70,,280247,35,,,1,35,,280251,35,,,1,60,,280248,35,,,1,20,,280250,35,,,1,20,,280249,35,,,1,60,,280256,35,,,1,20,,280255,35,,,1,63,,280254,35,,,1,29,,280253,35,,,1,70,,280241,35,,,1,30,,280237,35,,,1,70,,280246,35,,,1,30,,280245,35,,,1,70,,280244,35,,,1,30,,280236,35,,,1,70,,280242,35,,,1,30,,280243,35,,,1,70,,280238,35,,,1,30,,280239,35,,,1,27,,280240,35,,,1,64,,280257,35,,,1,22,,280258,35,,,1,9,,280252,35,,,1,51,,280259,35,,,1,20,,280260,35,,,1,20,,280261,35,,,1,60,,280262,35,,,1,20,,280263,35,,,1,13,,280264,35,,,1,70,,280265,35,,,1,30,,280266,35,,,1,64,,280267,35,,,1,31,,280268,35,,,1,70,,280269,35,,,1,30,,280270,35,,,1,70,,280271,35,,,1,30,,280272,35,,,1,70,,280273,35,,,1,98,,280274,35,,,1
90401,'904-Weekday-7-26-09-1111100',554,,280275,35,,,1,70,,280287,35,,,1,35,,280291,35,,,1,60,,280288,35,,,1,20,,280290,35,,,1,20,,280289,35,,,1,60,,280295,35,,,1,20,,280294,35,,,1,63,,280293,35,,,1,29,,280292,35,,,1,70,,280281,35,,,1,30,,280277,35,,,1,70,,280286,35,,,1,30,,280285,35,,,1,70,,280284,35,,,1,30,,280276,35,,,1,70,,280282,35,,,1,30,,280283,35,,,1,70,,280278,35,,,1,30,,280279,35,,,1,27,,280280,35,,,1,64,,280296,35,,,1,22,,280297,35,,,1,60,,280298,35,,,1,20,,280299,35,,,1,20,,280300,35,,,1,60,,280301,35,,,1,20,,280302,35,,,1,13,,280303,35,,,1,70,,280304,35,,,1,30,,280305,35,,,1,64,,280306,35,,,1,31,,280307,35,,,1,70,,280308,35,,,1,30,,280309,35,,,1,70,,280310,35,,,1,30,,280311,35,,,1,70,,280312,35,,,1,98,,280313,35,,,1
90401,'904-Saturday-1-26-09-0000010',719,,237683,35,,,1,100,,237684,35,,,1,27,,237685,35,,,1,69,,237686,35,,,1,29,,237687,35,,,1,70,,237688,35,,,1,30,,237689,35,,,1,70,,237690,35,,,1,30,,237691,35,,,1,70,,237692,35,,,1,30,,237693,35,,,1,70,,237694,35,,,1,30,,237695,35,,,1,70,,237696,35,,,1,30,,237697,35,,,1,70,,237698,35,,,1,30,,237699,35,,,1,70,,237700,35,,,1,30,,237701,35,,,1,69,,237702,35,,,1,30,,237703,35,,,1,70,,237704,35,,,1,30,,237705,35,,,1,70,,237706,35,,,1,30,,237707,35,,,1,100,,237708,35,,,1,100,,237709,35,,,1
90401,'904-Sunday-1-26-09-0000001',745,,237710,35,,,1,100,,237711,35,,,1,100,,237712,35,,,1,70,,237713,35,,,1,30,,237714,35,,,1,70,,237715,35,,,1,30,,237716,35,,,1,70,,237717,35,,,1,30,,237718,35,,,1,70,,237719,35,,,1,30,,237720,35,,,1,70,,237721,35,,,1,30,,237722,35,,,1,70,,237723,35,,,1,30,,237724,35,,,1,70,,237725,35,,,1,30,,237726,35,,,1,69,,237727,35,,,1,29,,237728,35,,,1,70,,237729,35,,,1,30,,237730,35,,,1,70,,237731,35,,,1
