91601,'916-Weekday-1-26-09-0001000',1233,,240137,32,,,1
91601,'916-Weekday-1-26-09-1110100',1533,,240139,32,,,1,102,,240138,32,,,1
91601,'916-Weekday-1-26-09-1111100',552,,240140,32,,,1,70,,240178,32,,,1,17,,240168,32,,,1,17,,240183,32,,,1,55,,240169,32,,,1,15,,240170,32,,,1,15,,240171,32,,,1,15,,240184,32,,,1,55,,240172,32,,,1,15,,240177,32,,,1,30,,240176,32,,,1,71,,240141,32,,,1,30,,240142,32,,,1,70,,240143,32,,,1,30,,240144,32,,,1,70,,240145,32,,,1,30,,240146,32,,,1,70,,240147,32,,,1,30,,240148,32,,,1,70,,240149,32,,,1,30,,240150,32,,,1,70,,240151,32,,,1,30,,240152,32,,,1,73,,240153,32,,,1,12,,240154,32,,,1,12,,240173,32,,,1,52,,240155,32,,,1,12,,240156,32,,,1,12,,240185,32,,,1,12,,240157,32,,,1,12,,240174,32,,,1,52,,240158,32,,,1,12,,240159,32,,,1,12,,240186,32,,,1,12,,240160,32,,,1,12,,240179,32,,,1,70,,240180,32,,,1,27,,240161,32,,,1,70,,240162,32,,,1,30,,240163,32,,,1,70,,240164,32,,,1,30,,240165,32,,,1,70,,240166,32,,,1,30,,240167,32,,,1,67,,240181,32,,,1,100,,240175,32,,,1,100,,240182,32,,,1
91601,'916-Weekday-2-26-09-1110100',1635,,240187,32,,,1
91601,'916-Weekday-2-26-09-1111100',552,,240188,32,,,1,70,,240226,32,,,1,17,,240216,32,,,1,17,,240231,32,,,1,55,,240217,32,,,1,15,,240218,32,,,1,15,,240219,32,,,1,15,,240232,32,,,1,55,,240220,32,,,1,15,,240225,32,,,1,30,,240224,32,,,1,71,,240189,32,,,1,30,,240190,32,,,1,70,,240191,32,,,1,30,,240192,32,,,1,70,,240193,32,,,1,30,,240194,32,,,1,70,,240195,32,,,1,30,,240196,32,,,1,70,,240197,32,,,1,30,,240198,32,,,1,70,,240199,32,,,1,30,,240200,32,,,1,73,,240201,32,,,1,12,,240202,32,,,1,12,,240221,32,,,1,52,,240203,32,,,1,12,,240204,32,,,1,12,,240233,32,,,1,12,,240205,32,,,1,12,,240222,32,,,1,52,,240206,32,,,1,12,,240207,32,,,1,12,,240234,32,,,1,12,,240208,32,,,1,12,,240227,32,,,1,70,,240228,32,,,1,27,,240209,32,,,1,70,,240210,32,,,1,30,,240211,32,,,1,70,,240212,32,,,1,30,,240213,32,,,1,70,,240214,32,,,1,30,,240215,32,,,1,67,,240229,32,,,1,100,,240223,32,,,1,100,,240230,32,,,1
91601,'916-Weekday-3-26-09-1110100',1533,,282696,32,,,1
91601,'916-Weekday-3-26-09-1111100',552,,282697,32,,,1,70,,282735,32,,,1,17,,282725,32,,,1,17,,282740,32,,,1,55,,282726,32,,,1,15,,282727,32,,,1,15,,282728,32,,,1,15,,282741,32,,,1,55,,282729,32,,,1,15,,282734,32,,,1,30,,282733,32,,,1,71,,282698,32,,,1,30,,282699,32,,,1,70,,282700,32,,,1,30,,282701,32,,,1,70,,282702,32,,,1,30,,282703,32,,,1,70,,282704,32,,,1,30,,282705,32,,,1,70,,282706,32,,,1,30,,282707,32,,,1,70,,282708,32,,,1,30,,282709,32,,,1,73,,282710,32,,,1,12,,282711,32,,,1,12,,282730,32,,,1,52,,282712,32,,,1,12,,282713,32,,,1,12,,282742,32,,,1,12,,282714,32,,,1,12,,282731,32,,,1,52,,282715,32,,,1,12,,282716,32,,,1,12,,282743,32,,,1,12,,282717,32,,,1,12,,282736,32,,,1,70,,282737,32,,,1,27,,282718,32,,,1,70,,282719,32,,,1,30,,282720,32,,,1,70,,282721,32,,,1,30,,282722,32,,,1,70,,282723,32,,,1,30,,282724,32,,,1,67,,282738,32,,,1,100,,282732,32,,,1,100,,282739,32,,,1
91601,'916-Weekday-4-26-09-1111100',552,,240235,32,,,1,70,,240273,32,,,1,17,,240263,32,,,1,17,,240278,32,,,1,55,,240264,32,,,1,15,,240265,32,,,1,15,,240266,32,,,1,15,,240279,32,,,1,55,,240267,32,,,1,15,,240272,32,,,1,30,,240271,32,,,1,71,,240236,32,,,1,30,,240237,32,,,1,70,,240238,32,,,1,30,,240239,32,,,1,70,,240240,32,,,1,30,,240241,32,,,1,70,,240242,32,,,1,30,,240243,32,,,1,70,,240244,32,,,1,30,,240245,32,,,1,70,,240246,32,,,1,30,,240247,32,,,1,73,,240248,32,,,1,12,,240249,32,,,1,12,,240268,32,,,1,52,,240250,32,,,1,12,,240251,32,,,1,12,,240280,32,,,1,12,,240252,32,,,1,12,,240269,32,,,1,52,,240253,32,,,1,12,,240254,32,,,1,12,,240281,32,,,1,12,,240255,32,,,1,12,,240274,32,,,1,70,,240275,32,,,1,27,,240256,32,,,1,70,,240257,32,,,1,30,,240258,32,,,1,70,,240259,32,,,1,30,,240260,32,,,1,70,,240261,32,,,1,30,,240262,32,,,1,67,,240276,32,,,1,100,,240270,32,,,1,100,,240277,32,,,1
91601,'916-Weekday-5-26-09-1111100',552,,282744,32,,,1,70,,282782,32,,,1,17,,282772,32,,,1,17,,282787,32,,,1,55,,282773,32,,,1,15,,282774,32,,,1,15,,282775,32,,,1,15,,282788,32,,,1,55,,282776,32,,,1,15,,282781,32,,,1,30,,282780,32,,,1,71,,282745,32,,,1,30,,282746,32,,,1,70,,282747,32,,,1,30,,282748,32,,,1,70,,282749,32,,,1,30,,282750,32,,,1,70,,282751,32,,,1,30,,282752,32,,,1,70,,282753,32,,,1,30,,282754,32,,,1,70,,282755,32,,,1,30,,282756,32,,,1,73,,282757,32,,,1,12,,282758,32,,,1,12,,282777,32,,,1,52,,282759,32,,,1,12,,282760,32,,,1,12,,282789,32,,,1,12,,282761,32,,,1,12,,282778,32,,,1,52,,282762,32,,,1,12,,282763,32,,,1,12,,282790,32,,,1,12,,282764,32,,,1,12,,282783,32,,,1,70,,282784,32,,,1,27,,282765,32,,,1,70,,282766,32,,,1,30,,282767,32,,,1,70,,282768,32,,,1,30,,282769,32,,,1,70,,282770,32,,,1,30,,282771,32,,,1,67,,282785,32,,,1,100,,282779,32,,,1,100,,282786,32,,,1
91601,'916-Weekday-6-26-09-1110100',1533,,282792,32,,,1,102,,282791,32,,,1
91601,'916-Weekday-6-26-09-1111100',552,,282793,32,,,1,70,,282831,32,,,1,17,,282821,32,,,1,17,,282836,32,,,1,55,,282822,32,,,1,15,,282823,32,,,1,15,,282824,32,,,1,15,,282837,32,,,1,55,,282825,32,,,1,15,,282830,32,,,1,30,,282829,32,,,1,71,,282794,32,,,1,30,,282795,32,,,1,70,,282796,32,,,1,30,,282797,32,,,1,70,,282798,32,,,1,30,,282799,32,,,1,70,,282800,32,,,1,30,,282801,32,,,1,70,,282802,32,,,1,30,,282803,32,,,1,70,,282804,32,,,1,30,,282805,32,,,1,73,,282806,32,,,1,12,,282807,32,,,1,12,,282826,32,,,1,52,,282808,32,,,1,12,,282809,32,,,1,12,,282838,32,,,1,12,,282810,32,,,1,12,,282827,32,,,1,52,,282811,32,,,1,12,,282812,32,,,1,12,,282839,32,,,1,12,,282813,32,,,1,12,,282832,32,,,1,70,,282833,32,,,1,27,,282814,32,,,1,70,,282815,32,,,1,30,,282816,32,,,1,70,,282817,32,,,1,30,,282818,32,,,1,70,,282819,32,,,1,30,,282820,32,,,1,67,,282834,32,,,1,100,,282828,32,,,1,100,,282835,32,,,1
91601,'916-Weekday-7-26-09-1111100',552,,282840,32,,,1,70,,282878,32,,,1,17,,282868,32,,,1,17,,282883,32,,,1,55,,282869,32,,,1,15,,282870,32,,,1,15,,282871,32,,,1,15,,282884,32,,,1,55,,282872,32,,,1,15,,282877,32,,,1,30,,282876,32,,,1,71,,282841,32,,,1,30,,282842,32,,,1,70,,282843,32,,,1,30,,282844,32,,,1,70,,282845,32,,,1,30,,282846,32,,,1,70,,282847,32,,,1,30,,282848,32,,,1,70,,282849,32,,,1,30,,282850,32,,,1,70,,282851,32,,,1,30,,282852,32,,,1,73,,282853,32,,,1,12,,282854,32,,,1,12,,282873,32,,,1,52,,282855,32,,,1,12,,282856,32,,,1,12,,282885,32,,,1,12,,282857,32,,,1,12,,282874,32,,,1,52,,282858,32,,,1,12,,282859,32,,,1,12,,282886,32,,,1,12,,282860,32,,,1,12,,282879,32,,,1,70,,282880,32,,,1,27,,282861,32,,,1,70,,282862,32,,,1,30,,282863,32,,,1,70,,282864,32,,,1,30,,282865,32,,,1,70,,282866,32,,,1,30,,282867,32,,,1,67,,282881,32,,,1,100,,282875,32,,,1,100,,282882,32,,,1
91601,'916-Saturday-1-26-09-0000010',655,,240282,32,,,1,100,,240283,32,,,1,70,,240284,32,,,1,30,,240285,32,,,1,74,,240286,32,,,1,72,,240287,32,,,1,32,,240288,32,,,1,70,,240289,32,,,1,30,,240290,32,,,1,70,,240291,32,,,1,30,,240292,32,,,1,70,,240293,32,,,1,30,,240294,32,,,1,70,,240295,32,,,1,30,,240296,32,,,1,70,,240297,32,,,1,30,,240298,32,,,1,70,,240299,32,,,1,30,,240300,32,,,1,70,,240301,32,,,1,30,,240302,32,,,1,70,,240303,32,,,1,30,,240310,32,,,1,70,,240311,32,,,1,25,,240304,32,,,1,100,,240305,32,,,1,100,,240306,32,,,1,100,,240307,32,,,1,100,,240308,32,,,1,100,,240309,32,,,1
91601,'916-Sunday-1-26-09-0000001',655,,240312,32,,,1,100,,240313,32,,,1,100,,240314,32,,,1,102,,240336,32,,,1,101,,240315,32,,,1,70,,240316,32,,,1,30,,240317,32,,,1,70,,240318,32,,,1,30,,240319,32,,,1,70,,240320,32,,,1,30,,240321,32,,,1,70,,240322,32,,,1,30,,240323,32,,,1,70,,240324,32,,,1,30,,240325,32,,,1,70,,240326,32,,,1,30,,240327,32,,,1,70,,240337,32,,,1,26,,240338,32,,,1,68,,240328,32,,,1,30,,240329,32,,,1,70,,240330,32,,,1,37,,240331,32,,,1,100,,240332,32,,,1,100,,240333,32,,,1,100,,240334,32,,,1,100,,240335,32,,,1
