51301,'513-Weekday-1-26-09-1111100',548,,223217,25,0,19 20,1,70,,223218,25,0,19 20,1,32,,223219,25,0,19 20,1,70,,223220,25,0,19 20,1,20,,223221,25,0,19 20,1,60,,223251,25,0,19 20,1,20,,223222,25,0,19 20,1,20,,223223,25,0,19 20,1,70,,223224,25,0,19 20,1,29,,223225,25,0,19 20,1,70,,223226,25,0,19 20,1,30,,223227,25,0,19 20,1,70,,223228,25,0,19 20,1,30,,223229,25,0,19 20,1,70,,223230,25,0,19 20,1,30,,223231,25,0,19 20,1,70,,223232,25,0,19 20,1,30,,223233,25,0,19 20,1,70,,223234,25,0,19 20,1,30,,223235,25,0,19 20,1,70,,223236,25,0,19 20,1,21,,223237,25,0,19 20,1,20,,223252,25,0,19 20,1,60,,223238,25,0,19 20,1,20,,223239,25,0,19 20,1,20,,223253,25,0,19 20,1,60,,223240,25,0,19 20,1,30,,223241,25,0,19 20,1,70,,223242,25,0,19 20,1,29,,223243,25,0,19 20,1,69,,223244,25,0,19 20,1,30,,223245,25,0,19 20,1,70,,223246,25,0,19 20,1,30,,223247,25,0,19 20,1,70,,223248,25,0,19 20,1,30,,223249,25,0,19 20,1,70,,223250,25,0,19 20,1
51301,'513-Weekday-2-26-09-1111100',548,,223254,25,0,19 20,1,70,,223255,25,0,19 20,1,32,,223256,25,0,19 20,1,70,,223257,25,0,19 20,1,20,,223258,25,0,19 20,1,60,,223288,25,0,19 20,1,20,,223259,25,0,19 20,1,20,,223260,25,0,19 20,1,70,,223261,25,0,19 20,1,29,,223262,25,0,19 20,1,70,,223263,25,0,19 20,1,30,,223264,25,0,19 20,1,70,,223265,25,0,19 20,1,30,,223266,25,0,19 20,1,70,,223267,25,0,19 20,1,30,,223268,25,0,19 20,1,70,,223269,25,0,19 20,1,30,,223270,25,0,19 20,1,70,,223271,25,0,19 20,1,30,,223272,25,0,19 20,1,70,,223273,25,0,19 20,1,21,,223274,25,0,19 20,1,20,,223289,25,0,19 20,1,60,,223275,25,0,19 20,1,20,,223276,25,0,19 20,1,20,,223290,25,0,19 20,1,60,,223277,25,0,19 20,1,30,,223278,25,0,19 20,1,70,,223279,25,0,19 20,1,29,,223280,25,0,19 20,1,69,,223281,25,0,19 20,1,30,,223282,25,0,19 20,1,70,,223283,25,0,19 20,1,30,,223284,25,0,19 20,1,70,,223285,25,0,19 20,1,30,,223286,25,0,19 20,1,70,,223287,25,0,19 20,1
51301,'513-Weekday-3-26-09-1111100',548,,266456,25,0,19 20,1,70,,266457,25,0,19 20,1,32,,266458,25,0,19 20,1,70,,266459,25,0,19 20,1,20,,266460,25,0,19 20,1,60,,266490,25,0,19 20,1,20,,266461,25,0,19 20,1,20,,266462,25,0,19 20,1,70,,266463,25,0,19 20,1,29,,266464,25,0,19 20,1,70,,266465,25,0,19 20,1,30,,266466,25,0,19 20,1,70,,266467,25,0,19 20,1,30,,266468,25,0,19 20,1,70,,266469,25,0,19 20,1,30,,266470,25,0,19 20,1,70,,266471,25,0,19 20,1,30,,266472,25,0,19 20,1,70,,266473,25,0,19 20,1,30,,266474,25,0,19 20,1,70,,266475,25,0,19 20,1,21,,266476,25,0,19 20,1,20,,266491,25,0,19 20,1,60,,266477,25,0,19 20,1,20,,266478,25,0,19 20,1,20,,266492,25,0,19 20,1,60,,266479,25,0,19 20,1,30,,266480,25,0,19 20,1,70,,266481,25,0,19 20,1,29,,266482,25,0,19 20,1,69,,266483,25,0,19 20,1,30,,266484,25,0,19 20,1,70,,266485,25,0,19 20,1,30,,266486,25,0,19 20,1,70,,266487,25,0,19 20,1,30,,266488,25,0,19 20,1,70,,266489,25,0,19 20,1
51301,'513-Weekday-4-26-09-1111100',548,,223291,25,0,19 20,1,70,,223292,25,0,19 20,1,32,,223293,25,0,19 20,1,70,,223294,25,0,19 20,1,20,,223295,25,0,19 20,1,60,,223325,25,0,19 20,1,20,,223296,25,0,19 20,1,20,,223297,25,0,19 20,1,70,,223298,25,0,19 20,1,29,,223299,25,0,19 20,1,70,,223300,25,0,19 20,1,30,,223301,25,0,19 20,1,70,,223302,25,0,19 20,1,30,,223303,25,0,19 20,1,70,,223304,25,0,19 20,1,30,,223305,25,0,19 20,1,70,,223306,25,0,19 20,1,30,,223307,25,0,19 20,1,70,,223308,25,0,19 20,1,30,,223309,25,0,19 20,1,70,,223310,25,0,19 20,1,21,,223311,25,0,19 20,1,20,,223326,25,0,19 20,1,60,,223312,25,0,19 20,1,20,,223313,25,0,19 20,1,20,,223327,25,0,19 20,1,60,,223314,25,0,19 20,1,30,,223315,25,0,19 20,1,70,,223316,25,0,19 20,1,29,,223317,25,0,19 20,1,69,,223318,25,0,19 20,1,30,,223319,25,0,19 20,1,70,,223320,25,0,19 20,1,30,,223321,25,0,19 20,1,70,,223322,25,0,19 20,1,30,,223323,25,0,19 20,1,70,,223324,25,0,19 20,1
51301,'513-Weekday-5-26-09-1111100',548,,266493,25,0,19 20,1,70,,266494,25,0,19 20,1,32,,266495,25,0,19 20,1,70,,266496,25,0,19 20,1,20,,266497,25,0,19 20,1,60,,266527,25,0,19 20,1,20,,266498,25,0,19 20,1,20,,266499,25,0,19 20,1,70,,266500,25,0,19 20,1,29,,266501,25,0,19 20,1,70,,266502,25,0,19 20,1,30,,266503,25,0,19 20,1,70,,266504,25,0,19 20,1,30,,266505,25,0,19 20,1,70,,266506,25,0,19 20,1,30,,266507,25,0,19 20,1,70,,266508,25,0,19 20,1,30,,266509,25,0,19 20,1,70,,266510,25,0,19 20,1,30,,266511,25,0,19 20,1,70,,266512,25,0,19 20,1,21,,266513,25,0,19 20,1,20,,266528,25,0,19 20,1,60,,266514,25,0,19 20,1,20,,266515,25,0,19 20,1,20,,266529,25,0,19 20,1,60,,266516,25,0,19 20,1,30,,266517,25,0,19 20,1,70,,266518,25,0,19 20,1,29,,266519,25,0,19 20,1,69,,266520,25,0,19 20,1,30,,266521,25,0,19 20,1,70,,266522,25,0,19 20,1,30,,266523,25,0,19 20,1,70,,266524,25,0,19 20,1,30,,266525,25,0,19 20,1,70,,266526,25,0,19 20,1
51301,'513-Weekday-6-26-09-1111100',548,,266530,25,0,19 20,1,70,,266531,25,0,19 20,1,32,,266532,25,0,19 20,1,70,,266533,25,0,19 20,1,20,,266534,25,0,19 20,1,60,,266564,25,0,19 20,1,20,,266535,25,0,19 20,1,20,,266536,25,0,19 20,1,70,,266537,25,0,19 20,1,29,,266538,25,0,19 20,1,70,,266539,25,0,19 20,1,30,,266540,25,0,19 20,1,70,,266541,25,0,19 20,1,30,,266542,25,0,19 20,1,70,,266543,25,0,19 20,1,30,,266544,25,0,19 20,1,70,,266545,25,0,19 20,1,30,,266546,25,0,19 20,1,70,,266547,25,0,19 20,1,30,,266548,25,0,19 20,1,70,,266549,25,0,19 20,1,21,,266550,25,0,19 20,1,20,,266565,25,0,19 20,1,60,,266551,25,0,19 20,1,20,,266552,25,0,19 20,1,20,,266566,25,0,19 20,1,60,,266553,25,0,19 20,1,30,,266554,25,0,19 20,1,70,,266555,25,0,19 20,1,29,,266556,25,0,19 20,1,69,,266557,25,0,19 20,1,30,,266558,25,0,19 20,1,70,,266559,25,0,19 20,1,30,,266560,25,0,19 20,1,70,,266561,25,0,19 20,1,30,,266562,25,0,19 20,1,70,,266563,25,0,19 20,1
51301,'513-Weekday-7-26-09-1111100',548,,266567,25,0,19 20,1,70,,266568,25,0,19 20,1,32,,266569,25,0,19 20,1,70,,266570,25,0,19 20,1,20,,266571,25,0,19 20,1,60,,266601,25,0,19 20,1,20,,266572,25,0,19 20,1,20,,266573,25,0,19 20,1,70,,266574,25,0,19 20,1,29,,266575,25,0,19 20,1,70,,266576,25,0,19 20,1,30,,266577,25,0,19 20,1,70,,266578,25,0,19 20,1,30,,266579,25,0,19 20,1,70,,266580,25,0,19 20,1,30,,266581,25,0,19 20,1,70,,266582,25,0,19 20,1,30,,266583,25,0,19 20,1,70,,266584,25,0,19 20,1,30,,266585,25,0,19 20,1,70,,266586,25,0,19 20,1,21,,266587,25,0,19 20,1,20,,266602,25,0,19 20,1,60,,266588,25,0,19 20,1,20,,266589,25,0,19 20,1,20,,266603,25,0,19 20,1,60,,266590,25,0,19 20,1,30,,266591,25,0,19 20,1,70,,266592,25,0,19 20,1,29,,266593,25,0,19 20,1,69,,266594,25,0,19 20,1,30,,266595,25,0,19 20,1,70,,266596,25,0,19 20,1,30,,266597,25,0,19 20,1,70,,266598,25,0,19 20,1,30,,266599,25,0,19 20,1,70,,266600,25,0,19 20,1
51301,'513-Saturday-1-26-09-0000010',831,,223328,25,0,19 20,1,70,,223329,25,0,19 20,1,32,,223330,25,0,19 20,1,70,,223331,25,0,19 20,1,30,,223332,25,0,19 20,1,70,,223333,25,0,19 20,1,30,,223334,25,0,19 20,1,70,,223335,25,0,19 20,1,30,,223336,25,0,19 20,1,70,,223337,25,0,19 20,1,30,,223338,25,0,19 20,1,70,,223339,25,0,19 20,1,30,,223340,25,0,19 20,1,70,,223341,25,0,19 20,1,30,,223342,25,0,19 20,1,70,,223343,25,0,19 20,1,30,,223344,25,0,19 20,1,70,,223345,25,0,19 20,1,30,,223346,25,0,19 20,1,70,,223347,25,0,19 20,1,30,,223348,25,0,19 20,1,70,,223349,25,0,19 20,1
51301,'513-Sunday-1-26-09-0000001',948,,223350,25,0,19 20,1,71,,223351,25,0,19 20,1,30,,223352,25,0,19 20,1,70,,223353,25,0,19 20,1,30,,223354,25,0,19 20,1,70,,223355,25,0,19 20,1,30,,223356,25,0,19 20,1,70,,223357,25,0,19 20,1,30,,223358,25,0,19 20,1,70,,223359,25,0,19 20,1,30,,223360,25,0,19 20,1,70,,223361,25,0,19 20,1,30,,223362,25,0,19 20,1,70,,223363,25,0,19 20,1,30,,223364,25,0,19 20,1,70,,223365,25,0,19 20,1,29,,223366,25,0,19 20,1,70,,223367,25,0,19 20,1,30,,223368,25,0,19 20,1
1050900,'509-Weekday-1-26-09-0001000',1354,,243027,4,0,13 19 20,1
1050900,'509-Weekday-1-26-09-1110100',1508,,243028,4,0,13 19 20,1
1050900,'509-Weekday-1-26-09-1111100',538,,243029,42,0,13 19 20,1,70,,243030,42,0,13 19 20,1,32,,243031,42,0,13 19 20,1,79,,243032,42,0,13 19 20,1,15,,243077,42,0,13 19 20,1,15,,243033,42,0,13 19 20,1,55,,243034,42,0,13 19 20,1,15,,243068,42,0,13 19 20,1,15,,243035,42,0,13 19 20,1,5,,243081,42,0,13 19 20,1,10,,243036,42,0,13 19 20,1,57,,243078,42,0,13 19 20,1,16,,243037,42,0,13 19 20,1,18,,243038,42,0,13 19 20,1,60,,243039,42,0,13 19 20,1,20,,243040,42,0,13 19 20,1,20,,243041,42,0,13 19 20,1,60,,243042,42,0,13 19 20,1,20,,243043,42,0,13 19 20,1,20,,243044,42,0,13 19 20,1,60,,243045,42,0,13 19 20,1,20,,243046,42,0,13 19 20,1,20,,243047,42,0,13 19 20,1,60,,243048,42,0,13 19 20,1,20,,243049,42,0,13 19 20,1,20,,243050,42,0,13 19 20,1,60,,243051,42,0,13 19 20,1,20,,243052,42,0,13 19 20,1,20,,243053,42,0,13 19 20,1,60,,243054,42,0,13 19 20,1,22,,243055,42,0,13 19 20,1,22,,243079,42,0,13 19 20,1,7,,243082,42,0,13 19 20,1,53,,243080,42,0,13 19 20,1,17,,243069,42,0,13 19 20,1,15,,243070,42,0,13 19 20,1,15,,243071,42,0,13 19 20,1,55,,243072,42,0,13 19 20,1,15,,243073,42,0,13 19 20,1,15,,243076,42,0,13 19 20,1,15,,243074,42,0,13 19 20,1,55,,243075,42,0,13 19 20,1,22,,243067,42,0,13 19 20,1,27,,243056,42,0,13 19 20,1,66,,243057,42,0,13 19 20,1,30,,243058,42,0,13 19 20,1,70,,243059,42,0,13 19 20,1,30,,243060,42,0,13 19 20,1,70,,243061,42,0,13 19 20,1,30,,243062,42,0,13 19 20,1,68,,243063,42,0,13 19 20,1,87,,243064,42,0,13 19 20,1,45,,243065,42,0,13 19 20,1,85,,243066,42,0,13 19 20,1
1050900,'509-Weekday-2-26-09-1110100',1508,,243083,4,0,13 19 20,1
1050900,'509-Weekday-2-26-09-1111100',538,,243084,42,0,13 19 20,1,70,,243085,42,0,13 19 20,1,32,,243086,42,0,13 19 20,1,79,,243087,42,0,13 19 20,1,15,,243132,42,0,13 19 20,1,15,,243088,42,0,13 19 20,1,55,,243089,42,0,13 19 20,1,15,,243123,42,0,13 19 20,1,15,,243090,42,0,13 19 20,1,5,,243136,42,0,13 19 20,1,10,,243091,42,0,13 19 20,1,57,,243133,42,0,13 19 20,1,16,,243092,42,0,13 19 20,1,18,,243093,42,0,13 19 20,1,60,,243094,42,0,13 19 20,1,20,,243095,42,0,13 19 20,1,20,,243096,42,0,13 19 20,1,60,,243097,42,0,13 19 20,1,20,,243098,42,0,13 19 20,1,20,,243099,42,0,13 19 20,1,60,,243100,42,0,13 19 20,1,20,,243101,42,0,13 19 20,1,20,,243102,42,0,13 19 20,1,60,,243103,42,0,13 19 20,1,20,,243104,42,0,13 19 20,1,20,,243105,42,0,13 19 20,1,60,,243106,42,0,13 19 20,1,20,,243107,42,0,13 19 20,1,20,,243108,42,0,13 19 20,1,60,,243109,42,0,13 19 20,1,22,,243110,42,0,13 19 20,1,22,,243134,42,0,13 19 20,1,7,,243137,42,0,13 19 20,1,53,,243135,42,0,13 19 20,1,17,,243124,42,0,13 19 20,1,15,,243125,42,0,13 19 20,1,15,,243126,42,0,13 19 20,1,55,,243127,42,0,13 19 20,1,15,,243128,42,0,13 19 20,1,15,,243131,42,0,13 19 20,1,15,,243129,42,0,13 19 20,1,55,,243130,42,0,13 19 20,1,22,,243122,42,0,13 19 20,1,27,,243111,42,0,13 19 20,1,66,,243112,42,0,13 19 20,1,30,,243113,42,0,13 19 20,1,70,,243114,42,0,13 19 20,1,30,,243115,42,0,13 19 20,1,70,,243116,42,0,13 19 20,1,30,,243117,42,0,13 19 20,1,68,,243118,42,0,13 19 20,1,87,,243119,42,0,13 19 20,1,45,,243120,42,0,13 19 20,1,85,,243121,42,0,13 19 20,1
1050900,'509-Weekday-3-26-09-1111100',538,,285494,42,0,13 19 20,1,70,,285495,42,0,13 19 20,1,32,,285496,42,0,13 19 20,1,79,,285497,42,0,13 19 20,1,15,,285542,42,0,13 19 20,1,15,,285498,42,0,13 19 20,1,55,,285499,42,0,13 19 20,1,15,,285533,42,0,13 19 20,1,15,,285500,42,0,13 19 20,1,15,,285501,42,0,13 19 20,1,57,,285543,42,0,13 19 20,1,16,,285502,42,0,13 19 20,1,18,,285503,42,0,13 19 20,1,60,,285504,42,0,13 19 20,1,20,,285505,42,0,13 19 20,1,20,,285506,42,0,13 19 20,1,60,,285507,42,0,13 19 20,1,20,,285508,42,0,13 19 20,1,20,,285509,42,0,13 19 20,1,60,,285510,42,0,13 19 20,1,20,,285511,42,0,13 19 20,1,20,,285512,42,0,13 19 20,1,60,,285513,42,0,13 19 20,1,20,,285514,42,0,13 19 20,1,20,,285515,42,0,13 19 20,1,60,,285516,42,0,13 19 20,1,20,,285517,42,0,13 19 20,1,20,,285518,42,0,13 19 20,1,60,,285519,42,0,13 19 20,1,22,,285520,42,0,13 19 20,1,22,,285544,42,0,13 19 20,1,7,,285546,42,0,13 19 20,1,53,,285545,42,0,13 19 20,1,17,,285534,42,0,13 19 20,1,15,,285535,42,0,13 19 20,1,15,,285536,42,0,13 19 20,1,55,,285537,42,0,13 19 20,1,15,,285538,42,0,13 19 20,1,15,,285541,42,0,13 19 20,1,15,,285539,42,0,13 19 20,1,55,,285540,42,0,13 19 20,1,22,,285532,42,0,13 19 20,1,27,,285521,42,0,13 19 20,1,66,,285522,42,0,13 19 20,1,30,,285523,42,0,13 19 20,1,70,,285524,42,0,13 19 20,1,30,,285525,42,0,13 19 20,1,70,,285526,42,0,13 19 20,1,30,,285527,42,0,13 19 20,1,68,,285528,42,0,13 19 20,1,87,,285529,42,0,13 19 20,1,45,,285530,42,0,13 19 20,1,85,,285531,42,0,13 19 20,1
1050900,'509-Weekday-4-26-09-1111100',538,,243138,42,0,13 19 20,1,70,,243139,42,0,13 19 20,1,32,,243140,42,0,13 19 20,1,79,,243141,42,0,13 19 20,1,15,,243186,42,0,13 19 20,1,15,,243142,42,0,13 19 20,1,55,,243143,42,0,13 19 20,1,15,,243177,42,0,13 19 20,1,15,,243144,42,0,13 19 20,1,15,,243145,42,0,13 19 20,1,57,,243187,42,0,13 19 20,1,16,,243146,42,0,13 19 20,1,18,,243147,42,0,13 19 20,1,60,,243148,42,0,13 19 20,1,20,,243149,42,0,13 19 20,1,20,,243150,42,0,13 19 20,1,60,,243151,42,0,13 19 20,1,20,,243152,42,0,13 19 20,1,20,,243153,42,0,13 19 20,1,60,,243154,42,0,13 19 20,1,20,,243155,42,0,13 19 20,1,20,,243156,42,0,13 19 20,1,60,,243157,42,0,13 19 20,1,20,,243158,42,0,13 19 20,1,20,,243159,42,0,13 19 20,1,60,,243160,42,0,13 19 20,1,20,,243161,42,0,13 19 20,1,20,,243162,42,0,13 19 20,1,60,,243163,42,0,13 19 20,1,22,,243164,42,0,13 19 20,1,22,,243188,42,0,13 19 20,1,60,,243189,42,0,13 19 20,1,17,,243178,42,0,13 19 20,1,15,,243179,42,0,13 19 20,1,15,,243180,42,0,13 19 20,1,55,,243181,42,0,13 19 20,1,15,,243182,42,0,13 19 20,1,15,,243185,42,0,13 19 20,1,15,,243183,42,0,13 19 20,1,55,,243184,42,0,13 19 20,1,22,,243176,42,0,13 19 20,1,27,,243165,42,0,13 19 20,1,66,,243166,42,0,13 19 20,1,30,,243167,42,0,13 19 20,1,70,,243168,42,0,13 19 20,1,30,,243169,42,0,13 19 20,1,70,,243170,42,0,13 19 20,1,30,,243171,42,0,13 19 20,1,68,,243172,42,0,13 19 20,1,87,,243173,42,0,13 19 20,1,45,,243174,42,0,13 19 20,1,85,,243175,42,0,13 19 20,1
1050900,'509-Weekday-5-26-09-1111100',538,,285547,42,0,13 19 20,1,70,,285548,42,0,13 19 20,1,32,,285549,42,0,13 19 20,1,79,,285550,42,0,13 19 20,1,15,,285595,42,0,13 19 20,1,15,,285551,42,0,13 19 20,1,55,,285552,42,0,13 19 20,1,15,,285586,42,0,13 19 20,1,15,,285553,42,0,13 19 20,1,15,,285554,42,0,13 19 20,1,57,,285596,42,0,13 19 20,1,16,,285555,42,0,13 19 20,1,18,,285556,42,0,13 19 20,1,60,,285557,42,0,13 19 20,1,20,,285558,42,0,13 19 20,1,20,,285559,42,0,13 19 20,1,60,,285560,42,0,13 19 20,1,20,,285561,42,0,13 19 20,1,20,,285562,42,0,13 19 20,1,60,,285563,42,0,13 19 20,1,20,,285564,42,0,13 19 20,1,20,,285565,42,0,13 19 20,1,60,,285566,42,0,13 19 20,1,20,,285567,42,0,13 19 20,1,20,,285568,42,0,13 19 20,1,60,,285569,42,0,13 19 20,1,20,,285570,42,0,13 19 20,1,20,,285571,42,0,13 19 20,1,60,,285572,42,0,13 19 20,1,22,,285573,42,0,13 19 20,1,22,,285597,42,0,13 19 20,1,60,,285598,42,0,13 19 20,1,17,,285587,42,0,13 19 20,1,15,,285588,42,0,13 19 20,1,15,,285589,42,0,13 19 20,1,55,,285590,42,0,13 19 20,1,15,,285591,42,0,13 19 20,1,15,,285594,42,0,13 19 20,1,15,,285592,42,0,13 19 20,1,55,,285593,42,0,13 19 20,1,22,,285585,42,0,13 19 20,1,27,,285574,42,0,13 19 20,1,66,,285575,42,0,13 19 20,1,30,,285576,42,0,13 19 20,1,70,,285577,42,0,13 19 20,1,30,,285578,42,0,13 19 20,1,70,,285579,42,0,13 19 20,1,30,,285580,42,0,13 19 20,1,68,,285581,42,0,13 19 20,1,87,,285582,42,0,13 19 20,1,45,,285583,42,0,13 19 20,1,85,,285584,42,0,13 19 20,1
1050900,'509-Weekday-6-26-09-1110100',1508,,285599,4,0,13 19 20,1
1050900,'509-Weekday-6-26-09-1111100',538,,285600,42,0,13 19 20,1,70,,285601,42,0,13 19 20,1,32,,285602,42,0,13 19 20,1,79,,285603,42,0,13 19 20,1,15,,285648,42,0,13 19 20,1,15,,285604,42,0,13 19 20,1,55,,285605,42,0,13 19 20,1,15,,285639,42,0,13 19 20,1,15,,285606,42,0,13 19 20,1,5,,285652,42,0,13 19 20,1,10,,285607,42,0,13 19 20,1,57,,285649,42,0,13 19 20,1,16,,285608,42,0,13 19 20,1,18,,285609,42,0,13 19 20,1,60,,285610,42,0,13 19 20,1,20,,285611,42,0,13 19 20,1,20,,285612,42,0,13 19 20,1,60,,285613,42,0,13 19 20,1,20,,285614,42,0,13 19 20,1,20,,285615,42,0,13 19 20,1,60,,285616,42,0,13 19 20,1,20,,285617,42,0,13 19 20,1,20,,285618,42,0,13 19 20,1,60,,285619,42,0,13 19 20,1,20,,285620,42,0,13 19 20,1,20,,285621,42,0,13 19 20,1,60,,285622,42,0,13 19 20,1,20,,285623,42,0,13 19 20,1,20,,285624,42,0,13 19 20,1,60,,285625,42,0,13 19 20,1,22,,285626,42,0,13 19 20,1,22,,285650,42,0,13 19 20,1,7,,285653,42,0,13 19 20,1,53,,285651,42,0,13 19 20,1,17,,285640,42,0,13 19 20,1,15,,285641,42,0,13 19 20,1,15,,285642,42,0,13 19 20,1,55,,285643,42,0,13 19 20,1,15,,285644,42,0,13 19 20,1,15,,285647,42,0,13 19 20,1,15,,285645,42,0,13 19 20,1,55,,285646,42,0,13 19 20,1,22,,285638,42,0,13 19 20,1,27,,285627,42,0,13 19 20,1,66,,285628,42,0,13 19 20,1,30,,285629,42,0,13 19 20,1,70,,285630,42,0,13 19 20,1,30,,285631,42,0,13 19 20,1,70,,285632,42,0,13 19 20,1,30,,285633,42,0,13 19 20,1,68,,285634,42,0,13 19 20,1,87,,285635,42,0,13 19 20,1,45,,285636,42,0,13 19 20,1,85,,285637,42,0,13 19 20,1
1050900,'509-Weekday-7-26-09-1111100',538,,285654,42,0,13 19 20,1,70,,285655,42,0,13 19 20,1,32,,285656,42,0,13 19 20,1,79,,285657,42,0,13 19 20,1,15,,285702,42,0,13 19 20,1,15,,285658,42,0,13 19 20,1,55,,285659,42,0,13 19 20,1,15,,285693,42,0,13 19 20,1,15,,285660,42,0,13 19 20,1,15,,285661,42,0,13 19 20,1,57,,285703,42,0,13 19 20,1,16,,285662,42,0,13 19 20,1,18,,285663,42,0,13 19 20,1,60,,285664,42,0,13 19 20,1,20,,285665,42,0,13 19 20,1,20,,285666,42,0,13 19 20,1,60,,285667,42,0,13 19 20,1,20,,285668,42,0,13 19 20,1,20,,285669,42,0,13 19 20,1,60,,285670,42,0,13 19 20,1,20,,285671,42,0,13 19 20,1,20,,285672,42,0,13 19 20,1,60,,285673,42,0,13 19 20,1,20,,285674,42,0,13 19 20,1,20,,285675,42,0,13 19 20,1,60,,285676,42,0,13 19 20,1,20,,285677,42,0,13 19 20,1,20,,285678,42,0,13 19 20,1,60,,285679,42,0,13 19 20,1,22,,285680,42,0,13 19 20,1,22,,285704,42,0,13 19 20,1,60,,285705,42,0,13 19 20,1,17,,285694,42,0,13 19 20,1,15,,285695,42,0,13 19 20,1,15,,285696,42,0,13 19 20,1,55,,285697,42,0,13 19 20,1,15,,285698,42,0,13 19 20,1,15,,285701,42,0,13 19 20,1,15,,285699,42,0,13 19 20,1,55,,285700,42,0,13 19 20,1,22,,285692,42,0,13 19 20,1,27,,285681,42,0,13 19 20,1,66,,285682,42,0,13 19 20,1,30,,285683,42,0,13 19 20,1,70,,285684,42,0,13 19 20,1,30,,285685,42,0,13 19 20,1,70,,285686,42,0,13 19 20,1,30,,285687,42,0,13 19 20,1,68,,285688,42,0,13 19 20,1,87,,285689,42,0,13 19 20,1,45,,285690,42,0,13 19 20,1,85,,285691,42,0,13 19 20,1
1050900,'509-Saturday-1-26-09-0000010',701,,243190,42,0,13 19 20,1,45,,243191,42,0,13 19 20,1,76,,243192,42,0,13 19 20,1,30,,243193,42,0,13 19 20,1,74,,243194,42,0,13 19 20,1,31,,243195,42,0,13 19 20,1,70,,243196,42,0,13 19 20,1,30,,243197,42,0,13 19 20,1,70,,243198,42,0,13 19 20,1,30,,243199,42,0,13 19 20,1,70,,243200,42,0,13 19 20,1,30,,243201,42,0,13 19 20,1,70,,243202,42,0,13 19 20,1,30,,243203,42,0,13 19 20,1,70,,243204,42,0,13 19 20,1,30,,243205,42,0,13 19 20,1,70,,243206,42,0,13 19 20,1,30,,243207,42,0,13 19 20,1,70,,243208,42,0,13 19 20,1,30,,243209,42,0,13 19 20,1,67,,243210,42,0,13 19 20,1,29,,243211,42,0,13 19 20,1,70,,243212,42,0,13 19 20,1,30,,243213,42,0,13 19 20,1,70,,243214,42,0,13 19 20,1,30,,243215,42,0,13 19 20,1,92,,243216,42,0,13 19 20,1,85,,243217,42,0,13 19 20,1,85,,243218,42,0,13 19 20,1,85,,243219,42,0,13 19 20,1,45,,243220,42,0,13 19 20,1,85,,243221,42,0,13 19 20,1,85,,243222,42,0,13 19 20,1
1050900,'509-Sunday-1-26-09-0000001',632,,243223,42,0,13 19 20,1,83,,243224,42,0,13 19 20,1,44,,243225,42,0,13 19 20,1,84,,243226,42,0,13 19 20,1,89,,243227,42,0,13 19 20,1,84,,243228,42,0,13 19 20,1,37,,243253,42,0,13 19 20,1,70,,243229,42,0,13 19 20,1,30,,243230,42,0,13 19 20,1,70,,243231,42,0,13 19 20,1,30,,243232,42,0,13 19 20,1,70,,243233,42,0,13 19 20,1,30,,243234,42,0,13 19 20,1,70,,243235,42,0,13 19 20,1,30,,243236,42,0,13 19 20,1,70,,243237,42,0,13 19 20,1,30,,243238,42,0,13 19 20,1,70,,243239,42,0,13 19 20,1,30,,243240,42,0,13 19 20,1,67,,243241,42,0,13 19 20,1,29,,243242,42,0,13 19 20,1,70,,243243,42,0,13 19 20,1,30,,243244,42,0,13 19 20,1,70,,243245,42,0,13 19 20,1,26,,243247,42,0,13 19 20,1,79,,243248,42,0,13 19 20,1,85,,243249,42,0,13 19 20,1,45,,243246,42,0,13 19 20,1,85,,243250,42,0,13 19 20,1,85,,243251,42,0,13 19 20,1,85,,243252,42,0,13 19 20,1
