400,'004-Weekday-1-26-09-1111100',513,,205181,33,,,1,15,,205182,33,,,1,15,,205183,33,,,1,15,,205184,33,,,1,55,,205185,33,,,1,16,,205186,33,,,1,21,,205187,33,,,1,59,,205188,33,,,1,12,,205279,33,,,1,10,,205189,33,,,1,10,,205190,33,,,1,10,,205276,33,,,1,50,,205191,33,,,1,10,,205192,33,,,1,10,,205193,33,,,1,10,,205194,33,,,1,10,,205195,33,,,1,10,,205196,33,,,1,49,,205197,33,,,1,9,,205198,33,,,1,10,,205199,33,,,1,11,,205200,33,,,1,12,,205201,33,,,1,12,,205202,33,,,1,52,,205203,33,,,1,12,,205204,33,,,1,12,,205205,33,,,1,12,,205206,33,,,1,12,,205207,33,,,1,52,,205208,33,,,1,12,,205209,33,,,1,12,,205210,33,,,1,12,,205211,33,,,1,12,,205212,33,,,1,52,,205213,33,,,1,12,,205214,33,,,1,12,,205215,33,,,1,12,,205216,33,,,1,12,,205217,33,,,1,52,,205218,33,,,1,12,,205219,33,,,1,12,,205220,33,,,1,12,,205221,33,,,1,12,,205222,33,,,1,52,,205223,33,,,1,12,,205224,33,,,1,12,,205225,33,,,1,12,,205226,33,,,1,12,,205227,33,,,1,49,,205228,33,,,1,11,,205229,33,,,1,10,,205230,33,,,1,10,,205231,33,,,1,10,,205232,33,,,1,10,,205233,33,,,1,50,,205234,33,,,1,10,,205235,33,,,1,10,,205236,33,,,1,10,,205237,33,,,1,10,,205238,33,,,1,10,,205239,33,,,1,50,,205240,33,,,1,10,,205277,33,,,1,10,,205241,33,,,1,10,,205242,33,,,1,10,,205243,33,,,1,10,,205244,33,,,1,51,,205245,33,,,1,12,,205246,33,,,1,14,,205247,33,,,1,12,,205248,33,,,1,13,,205249,33,,,1,51,,205250,33,,,1,15,,205251,33,,,1,15,,205252,33,,,1,15,,205253,33,,,1,55,,205254,33,,,1,15,,205255,33,,,1,15,,205256,33,,,1,15,,205257,33,,,1,55,,205258,33,,,1,15,,205259,33,,,1,15,,205260,33,,,1,15,,205261,33,,,1,54,,205262,33,,,1,14,,205263,33,,,1,14,,205264,33,,,1,16,,205265,33,,,1,60,,205266,33,,,1,20,,205267,33,,,1,20,,205268,33,,,1,60,,205269,33,,,1,19,,205270,33,,,1,27,,205271,33,,,1,70,,205272,33,,,1,30,,205273,33,,,1,70,,205274,33,,,1,30,,205275,33,,,1,70,,205280,33,,,1
400,'004-Weekday-2-26-09-1111100',513,,205305,33,,,1,15,,205306,33,,,1,15,,205307,33,,,1,15,,205308,33,,,1,55,,205309,33,,,1,16,,205310,33,,,1,21,,205311,33,,,1,59,,205312,33,,,1,12,,205403,33,,,1,10,,205313,33,,,1,10,,205314,33,,,1,10,,205400,33,,,1,50,,205315,33,,,1,10,,205316,33,,,1,10,,205317,33,,,1,10,,205318,33,,,1,10,,205319,33,,,1,10,,205320,33,,,1,49,,205321,33,,,1,9,,205322,33,,,1,10,,205323,33,,,1,11,,205324,33,,,1,12,,205325,33,,,1,12,,205326,33,,,1,52,,205327,33,,,1,12,,205328,33,,,1,12,,205329,33,,,1,12,,205330,33,,,1,12,,205331,33,,,1,52,,205332,33,,,1,12,,205333,33,,,1,12,,205334,33,,,1,12,,205335,33,,,1,12,,205336,33,,,1,52,,205337,33,,,1,12,,205338,33,,,1,12,,205339,33,,,1,12,,205340,33,,,1,12,,205341,33,,,1,52,,205342,33,,,1,12,,205343,33,,,1,12,,205344,33,,,1,12,,205345,33,,,1,12,,205346,33,,,1,52,,205347,33,,,1,12,,205348,33,,,1,12,,205349,33,,,1,12,,205350,33,,,1,12,,205351,33,,,1,49,,205352,33,,,1,11,,205353,33,,,1,10,,205354,33,,,1,10,,205355,33,,,1,10,,205356,33,,,1,10,,205357,33,,,1,50,,205358,33,,,1,10,,205359,33,,,1,10,,205360,33,,,1,10,,205361,33,,,1,10,,205362,33,,,1,10,,205363,33,,,1,50,,205364,33,,,1,10,,205401,33,,,1,10,,205365,33,,,1,10,,205366,33,,,1,10,,205367,33,,,1,10,,205368,33,,,1,51,,205369,33,,,1,12,,205370,33,,,1,14,,205371,33,,,1,12,,205372,33,,,1,13,,205373,33,,,1,51,,205374,33,,,1,15,,205375,33,,,1,15,,205376,33,,,1,15,,205377,33,,,1,55,,205378,33,,,1,15,,205379,33,,,1,15,,205380,33,,,1,15,,205381,33,,,1,55,,205382,33,,,1,15,,205383,33,,,1,15,,205384,33,,,1,15,,205385,33,,,1,54,,205386,33,,,1,14,,205387,33,,,1,14,,205388,33,,,1,16,,205389,33,,,1,60,,205390,33,,,1,20,,205391,33,,,1,20,,205392,33,,,1,60,,205393,33,,,1,19,,205394,33,,,1,27,,205395,33,,,1,70,,205396,33,,,1,30,,205397,33,,,1,70,,205398,33,,,1,30,,205399,33,,,1,70,,205404,33,,,1
400,'004-Weekday-3-26-09-1111100',513,,249016,33,,,1,15,,249017,33,,,1,15,,249018,33,,,1,15,,249019,33,,,1,55,,249020,33,,,1,16,,249021,33,,,1,21,,249022,33,,,1,59,,249023,33,,,1,12,,249114,33,,,1,10,,249024,33,,,1,10,,249025,33,,,1,10,,249111,33,,,1,50,,249026,33,,,1,10,,249027,33,,,1,10,,249028,33,,,1,10,,249029,33,,,1,10,,249030,33,,,1,10,,249031,33,,,1,49,,249032,33,,,1,9,,249033,33,,,1,10,,249034,33,,,1,11,,249035,33,,,1,12,,249036,33,,,1,12,,249037,33,,,1,52,,249038,33,,,1,12,,249039,33,,,1,12,,249040,33,,,1,12,,249041,33,,,1,12,,249042,33,,,1,52,,249043,33,,,1,12,,249044,33,,,1,12,,249045,33,,,1,12,,249046,33,,,1,12,,249047,33,,,1,52,,249048,33,,,1,12,,249049,33,,,1,12,,249050,33,,,1,12,,249051,33,,,1,12,,249052,33,,,1,52,,249053,33,,,1,12,,249054,33,,,1,12,,249055,33,,,1,12,,249056,33,,,1,12,,249057,33,,,1,52,,249058,33,,,1,12,,249059,33,,,1,12,,249060,33,,,1,12,,249061,33,,,1,12,,249062,33,,,1,49,,249063,33,,,1,11,,249064,33,,,1,10,,249065,33,,,1,10,,249066,33,,,1,10,,249067,33,,,1,10,,249068,33,,,1,50,,249069,33,,,1,10,,249070,33,,,1,10,,249071,33,,,1,10,,249072,33,,,1,10,,249073,33,,,1,10,,249074,33,,,1,50,,249075,33,,,1,10,,249112,33,,,1,10,,249076,33,,,1,10,,249077,33,,,1,10,,249078,33,,,1,10,,249079,33,,,1,51,,249080,33,,,1,12,,249081,33,,,1,14,,249082,33,,,1,12,,249083,33,,,1,13,,249084,33,,,1,51,,249085,33,,,1,15,,249086,33,,,1,15,,249087,33,,,1,15,,249088,33,,,1,55,,249089,33,,,1,15,,249090,33,,,1,15,,249091,33,,,1,15,,249092,33,,,1,55,,249093,33,,,1,15,,249094,33,,,1,15,,249095,33,,,1,15,,249096,33,,,1,54,,249097,33,,,1,14,,249098,33,,,1,14,,249099,33,,,1,16,,249100,33,,,1,60,,249101,33,,,1,20,,249102,33,,,1,20,,249103,33,,,1,60,,249104,33,,,1,19,,249105,33,,,1,27,,249106,33,,,1,70,,249107,33,,,1,30,,249108,33,,,1,70,,249109,33,,,1,30,,249110,33,,,1,70,,249115,33,,,1
400,'004-Weekday-4-26-09-1111100',513,,205429,33,,,1,15,,205430,33,,,1,15,,205431,33,,,1,15,,205432,33,,,1,55,,205433,33,,,1,16,,205434,33,,,1,21,,205435,33,,,1,59,,205436,33,,,1,12,,205527,33,,,1,10,,205437,33,,,1,10,,205438,33,,,1,10,,205524,33,,,1,50,,205439,33,,,1,10,,205440,33,,,1,10,,205441,33,,,1,10,,205442,33,,,1,10,,205443,33,,,1,10,,205444,33,,,1,49,,205445,33,,,1,9,,205446,33,,,1,10,,205447,33,,,1,11,,205448,33,,,1,12,,205449,33,,,1,12,,205450,33,,,1,52,,205451,33,,,1,12,,205452,33,,,1,12,,205453,33,,,1,12,,205454,33,,,1,12,,205455,33,,,1,52,,205456,33,,,1,12,,205457,33,,,1,12,,205458,33,,,1,12,,205459,33,,,1,12,,205460,33,,,1,52,,205461,33,,,1,12,,205462,33,,,1,12,,205463,33,,,1,12,,205464,33,,,1,12,,205465,33,,,1,52,,205466,33,,,1,12,,205467,33,,,1,12,,205468,33,,,1,12,,205469,33,,,1,12,,205470,33,,,1,52,,205471,33,,,1,12,,205472,33,,,1,12,,205473,33,,,1,12,,205474,33,,,1,12,,205475,33,,,1,49,,205476,33,,,1,11,,205477,33,,,1,10,,205478,33,,,1,10,,205479,33,,,1,10,,205480,33,,,1,10,,205481,33,,,1,50,,205482,33,,,1,10,,205483,33,,,1,10,,205484,33,,,1,10,,205485,33,,,1,10,,205486,33,,,1,10,,205487,33,,,1,50,,205488,33,,,1,10,,205525,33,,,1,10,,205489,33,,,1,10,,205490,33,,,1,10,,205491,33,,,1,10,,205492,33,,,1,51,,205493,33,,,1,12,,205494,33,,,1,14,,205495,33,,,1,12,,205496,33,,,1,13,,205497,33,,,1,51,,205498,33,,,1,15,,205499,33,,,1,15,,205500,33,,,1,15,,205501,33,,,1,55,,205502,33,,,1,15,,205503,33,,,1,15,,205504,33,,,1,15,,205505,33,,,1,55,,205506,33,,,1,15,,205507,33,,,1,15,,205508,33,,,1,15,,205509,33,,,1,54,,205510,33,,,1,14,,205511,33,,,1,14,,205512,33,,,1,16,,205513,33,,,1,60,,205514,33,,,1,20,,205515,33,,,1,20,,205516,33,,,1,60,,205517,33,,,1,19,,205518,33,,,1,27,,205519,33,,,1,70,,205520,33,,,1,30,,205521,33,,,1,70,,205522,33,,,1,30,,205523,33,,,1,70,,205528,33,,,1
400,'004-Weekday-5-26-09-1111100',513,,249140,33,,,1,15,,249141,33,,,1,15,,249142,33,,,1,15,,249143,33,,,1,55,,249144,33,,,1,16,,249145,33,,,1,21,,249146,33,,,1,59,,249147,33,,,1,12,,249238,33,,,1,10,,249148,33,,,1,10,,249149,33,,,1,10,,249235,33,,,1,50,,249150,33,,,1,10,,249151,33,,,1,10,,249152,33,,,1,10,,249153,33,,,1,10,,249154,33,,,1,10,,249155,33,,,1,49,,249156,33,,,1,9,,249157,33,,,1,10,,249158,33,,,1,11,,249159,33,,,1,12,,249160,33,,,1,12,,249161,33,,,1,52,,249162,33,,,1,12,,249163,33,,,1,12,,249164,33,,,1,12,,249165,33,,,1,12,,249166,33,,,1,52,,249167,33,,,1,12,,249168,33,,,1,12,,249169,33,,,1,12,,249170,33,,,1,12,,249171,33,,,1,52,,249172,33,,,1,12,,249173,33,,,1,12,,249174,33,,,1,12,,249175,33,,,1,12,,249176,33,,,1,52,,249177,33,,,1,12,,249178,33,,,1,12,,249179,33,,,1,12,,249180,33,,,1,12,,249181,33,,,1,52,,249182,33,,,1,12,,249183,33,,,1,12,,249184,33,,,1,12,,249185,33,,,1,12,,249186,33,,,1,49,,249187,33,,,1,11,,249188,33,,,1,10,,249189,33,,,1,10,,249190,33,,,1,10,,249191,33,,,1,10,,249192,33,,,1,50,,249193,33,,,1,10,,249194,33,,,1,10,,249195,33,,,1,10,,249196,33,,,1,10,,249197,33,,,1,10,,249198,33,,,1,50,,249199,33,,,1,10,,249236,33,,,1,10,,249200,33,,,1,10,,249201,33,,,1,10,,249202,33,,,1,10,,249203,33,,,1,51,,249204,33,,,1,12,,249205,33,,,1,14,,249206,33,,,1,12,,249207,33,,,1,13,,249208,33,,,1,51,,249209,33,,,1,15,,249210,33,,,1,15,,249211,33,,,1,15,,249212,33,,,1,55,,249213,33,,,1,15,,249214,33,,,1,15,,249215,33,,,1,15,,249216,33,,,1,55,,249217,33,,,1,15,,249218,33,,,1,15,,249219,33,,,1,15,,249220,33,,,1,54,,249221,33,,,1,14,,249222,33,,,1,14,,249223,33,,,1,16,,249224,33,,,1,60,,249225,33,,,1,20,,249226,33,,,1,20,,249227,33,,,1,60,,249228,33,,,1,19,,249229,33,,,1,27,,249230,33,,,1,70,,249231,33,,,1,30,,249232,33,,,1,70,,249233,33,,,1,30,,249234,33,,,1,70,,249239,33,,,1
400,'004-Weekday-6-26-09-1111100',513,,249244,33,,,1,15,,249245,33,,,1,15,,249246,33,,,1,15,,249247,33,,,1,55,,249248,33,,,1,16,,249249,33,,,1,21,,249250,33,,,1,59,,249251,33,,,1,12,,249341,33,,,1,10,,249252,33,,,1,10,,249253,33,,,1,10,,249339,33,,,1,50,,249254,33,,,1,10,,249255,33,,,1,10,,249256,33,,,1,10,,249257,33,,,1,10,,249258,33,,,1,10,,249259,33,,,1,49,,249260,33,,,1,9,,249261,33,,,1,10,,249262,33,,,1,11,,249263,33,,,1,12,,249264,33,,,1,12,,249265,33,,,1,52,,249266,33,,,1,12,,249267,33,,,1,12,,249268,33,,,1,12,,249269,33,,,1,12,,249270,33,,,1,52,,249271,33,,,1,12,,249272,33,,,1,12,,249273,33,,,1,12,,249274,33,,,1,12,,249275,33,,,1,52,,249276,33,,,1,12,,249277,33,,,1,12,,249278,33,,,1,12,,249279,33,,,1,12,,249280,33,,,1,52,,249281,33,,,1,12,,249282,33,,,1,12,,249283,33,,,1,12,,249284,33,,,1,12,,249285,33,,,1,52,,249286,33,,,1,12,,249287,33,,,1,12,,249288,33,,,1,12,,249289,33,,,1,12,,249290,33,,,1,49,,249291,33,,,1,11,,249292,33,,,1,10,,249293,33,,,1,10,,249294,33,,,1,10,,249295,33,,,1,10,,249296,33,,,1,50,,249297,33,,,1,10,,249298,33,,,1,10,,249299,33,,,1,10,,249300,33,,,1,10,,249301,33,,,1,10,,249302,33,,,1,50,,249303,33,,,1,10,,249340,33,,,1,10,,249304,33,,,1,10,,249305,33,,,1,10,,249306,33,,,1,10,,249307,33,,,1,51,,249308,33,,,1,12,,249309,33,,,1,14,,249310,33,,,1,12,,249311,33,,,1,13,,249312,33,,,1,51,,249313,33,,,1,15,,249314,33,,,1,15,,249315,33,,,1,15,,249316,33,,,1,55,,249317,33,,,1,15,,249318,33,,,1,15,,249319,33,,,1,15,,249320,33,,,1,55,,249321,33,,,1,15,,249322,33,,,1,15,,249323,33,,,1,15,,249324,33,,,1,54,,249325,33,,,1,14,,249326,33,,,1,14,,249327,33,,,1,16,,249328,33,,,1,60,,249329,33,,,1,20,,249330,33,,,1,20,,249331,33,,,1,60,,249332,33,,,1,19,,249333,33,,,1,27,,249334,33,,,1,70,,249335,33,,,1,30,,249336,33,,,1,70,,249337,33,,,1,30,,249338,33,,,1,70,,249342,33,,,1
400,'004-Weekday-7-26-09-1111100',513,,249344,33,,,1,15,,249345,33,,,1,15,,249346,33,,,1,15,,249347,33,,,1,55,,249348,33,,,1,16,,249349,33,,,1,21,,249350,33,,,1,59,,249351,33,,,1,12,,249441,33,,,1,10,,249352,33,,,1,10,,249353,33,,,1,10,,249439,33,,,1,50,,249354,33,,,1,10,,249355,33,,,1,10,,249356,33,,,1,10,,249357,33,,,1,10,,249358,33,,,1,10,,249359,33,,,1,49,,249360,33,,,1,9,,249361,33,,,1,10,,249362,33,,,1,11,,249363,33,,,1,12,,249364,33,,,1,12,,249365,33,,,1,52,,249366,33,,,1,12,,249367,33,,,1,12,,249368,33,,,1,12,,249369,33,,,1,12,,249370,33,,,1,52,,249371,33,,,1,12,,249372,33,,,1,12,,249373,33,,,1,12,,249374,33,,,1,12,,249375,33,,,1,52,,249376,33,,,1,12,,249377,33,,,1,12,,249378,33,,,1,12,,249379,33,,,1,12,,249380,33,,,1,52,,249381,33,,,1,12,,249382,33,,,1,12,,249383,33,,,1,12,,249384,33,,,1,12,,249385,33,,,1,52,,249386,33,,,1,12,,249387,33,,,1,12,,249388,33,,,1,12,,249389,33,,,1,12,,249390,33,,,1,49,,249391,33,,,1,11,,249392,33,,,1,10,,249393,33,,,1,10,,249394,33,,,1,10,,249395,33,,,1,10,,249396,33,,,1,50,,249397,33,,,1,10,,249398,33,,,1,10,,249399,33,,,1,10,,249400,33,,,1,10,,249401,33,,,1,10,,249402,33,,,1,50,,249403,33,,,1,10,,249440,33,,,1,10,,249404,33,,,1,10,,249405,33,,,1,10,,249406,33,,,1,10,,249407,33,,,1,51,,249408,33,,,1,12,,249409,33,,,1,14,,249410,33,,,1,12,,249411,33,,,1,13,,249412,33,,,1,51,,249413,33,,,1,15,,249414,33,,,1,15,,249415,33,,,1,15,,249416,33,,,1,55,,249417,33,,,1,15,,249418,33,,,1,15,,249419,33,,,1,15,,249420,33,,,1,55,,249421,33,,,1,15,,249422,33,,,1,15,,249423,33,,,1,15,,249424,33,,,1,54,,249425,33,,,1,14,,249426,33,,,1,14,,249427,33,,,1,16,,249428,33,,,1,60,,249429,33,,,1,20,,249430,33,,,1,20,,249431,33,,,1,60,,249432,33,,,1,19,,249433,33,,,1,27,,249434,33,,,1,70,,249435,33,,,1,30,,249436,33,,,1,70,,249437,33,,,1,30,,249438,33,,,1,70,,249442,33,,,1
400,'004-Saturday-1-26-09-0000010',551,,205644,33,,,1,60,,205533,33,,,1,20,,205534,33,,,1,20,,205535,33,,,1,60,,205536,33,,,1,20,,205537,33,,,1,20,,205538,33,,,1,60,,205539,33,,,1,15,,205540,33,,,1,15,,205541,33,,,1,15,,205542,33,,,1,56,,205543,33,,,1,17,,205544,33,,,1,19,,205545,33,,,1,55,,205546,33,,,1,15,,205547,33,,,1,15,,205548,33,,,1,15,,205549,33,,,1,55,,205550,33,,,1,15,,205551,33,,,1,15,,205552,33,,,1,15,,205553,33,,,1,55,,205554,33,,,1,15,,205555,33,,,1,15,,205556,33,,,1,15,,205557,33,,,1,55,,205558,33,,,1,15,,205559,33,,,1,8,,205560,26,0,47,1,7,,205561,33,,,1,8,,205562,26,0,47,1,7,,205563,33,,,1,8,,205564,26,0,47,1,47,,205565,33,,,1,8,,205566,26,0,47,1,7,,205567,33,,,1,8,,205568,26,0,47,1,7,,205569,33,,,1,8,,205570,26,0,47,1,7,,205571,33,,,1,8,,205572,26,0,47,1,47,,205573,33,,,1,8,,205574,26,0,47,1,7,,205575,33,,,1,8,,205576,26,0,47,1,7,,205577,33,,,1,8,,205578,26,0,47,1,7,,205579,33,,,1,8,,205580,26,0,47,1,47,,205581,33,,,1,8,,205582,26,0,47,1,7,,205583,33,,,1,8,,205584,26,0,47,1,7,,205585,33,,,1,7,,205586,26,0,47,1,8,,205587,33,,,1,7,,205588,26,0,47,1,48,,205589,33,,,1,7,,205590,26,0,47,1,8,,205591,33,,,1,7,,205592,26,0,47,1,7,,205593,33,,,1,8,,205594,26,0,47,1,6,,205596,33,,,1,9,,205597,26,0,47,1,46,,205532,33,,,1,9,,205598,26,0,47,1,6,,205595,33,,,1,9,,205599,26,0,47,1,6,,205600,33,,,1,9,,205601,26,0,47,1,6,,205602,33,,,1,9,,205603,26,0,47,1,46,,205604,33,,,1,9,,205605,26,0,47,1,6,,205606,33,,,1,9,,205607,26,0,47,1,6,,205608,33,,,1,9,,205609,26,0,47,1,6,,205610,33,,,1,9,,205611,26,0,47,1,46,,205612,33,,,1,9,,205613,26,0,47,1,6,,205614,33,,,1,9,,205615,26,0,47,1,6,,205616,33,,,1,8,,205617,26,0,47,1,7,,205618,33,,,1,6,,205619,26,0,47,1,49,,205620,33,,,1,6,,205621,26,0,47,1,9,,205622,33,,,1,6,,205623,26,0,47,1,9,,205624,33,,,1,6,,205625,26,0,47,1,9,,205626,33,,,1,6,,205627,26,0,47,1,49,,205628,33,,,1,6,,205629,26,0,47,1,9,,205631,33,,,1,15,,205632,33,,,1,15,,205633,33,,,1,60,,205630,33,,,1,20,,205634,33,,,1,20,,205635,33,,,1,59,,205636,33,,,1,19,,205637,33,,,1,28,,205638,33,,,1,70,,205639,33,,,1,30,,205640,33,,,1,70,,205641,33,,,1,30,,205642,33,,,1,70,,205643,33,,,1
400,'004-Sunday-1-26-09-0000001',558,,205645,33,,,1,60,,205646,33,,,1,20,,205647,33,,,1,20,,205648,33,,,1,60,,205649,33,,,1,20,,205650,33,,,1,20,,205651,33,,,1,60,,205652,33,,,1,19,,205653,33,,,1,18,,205654,33,,,1,56,,205717,33,,,1,17,,205655,33,,,1,19,,205656,33,,,1,58,,205657,33,,,1,15,,205658,33,,,1,15,,205659,33,,,1,15,,205660,33,,,1,55,,205661,33,,,1,15,,205662,33,,,1,15,,205663,33,,,1,15,,205664,33,,,1,55,,205665,33,,,1,15,,205666,33,,,1,15,,205667,33,,,1,15,,205668,33,,,1,55,,205669,33,,,1,15,,205670,33,,,1,15,,205671,33,,,1,15,,205672,33,,,1,55,,205673,33,,,1,15,,205674,33,,,1,15,,205675,33,,,1,15,,205676,33,,,1,55,,205677,33,,,1,15,,205678,33,,,1,15,,205679,33,,,1,15,,205680,33,,,1,55,,205681,33,,,1,15,,205682,33,,,1,15,,205683,33,,,1,15,,205684,33,,,1,55,,205685,33,,,1,16,,205686,33,,,1,13,,205687,33,,,1,13,,205688,33,,,1,55,,205689,33,,,1,15,,205690,33,,,1,15,,205691,33,,,1,15,,205692,33,,,1,55,,205693,33,,,1,15,,205694,33,,,1,15,,205695,33,,,1,15,,205696,33,,,1,55,,205697,33,,,1,15,,205698,33,,,1,15,,205699,33,,,1,15,,205700,33,,,1,55,,205701,33,,,1,15,,205702,33,,,1,15,,205703,33,,,1,15,,205704,33,,,1,55,,205716,33,,,1,15,,205705,33,,,1,20,,205706,33,,,1,20,,205707,33,,,1,60,,205709,33,,,1,20,,205710,33,,,1,20,,205711,33,,,1,68,,205708,33,,,1,26,,205712,33,,,1,70,,205713,33,,,1,30,,205714,33,,,1,70,,205715,33,,,1,30,,205719,33,,,1,70,,205718,33,,,1
401,'004-Weekday-1-26-09-1111100',508,,205743,36,,,1,15,,205744,36,,,1,15,,205745,36,,,1,15,,205746,36,,,1,56,,205747,36,,,1,15,,205748,36,,,1,20,,205749,36,,,1,61,,205750,36,,,1,15,,205751,36,,,1,10,,205720,20,0,47,1,5,,205752,36,,,1,5,,205721,20,0,47,1,5,,205753,36,,,1,5,,205722,20,0,47,1,5,,205754,36,,,1,45,,205723,20,0,47,1,5,,205755,36,,,1,5,,205724,20,0,47,1,5,,205756,36,,,1,5,,205725,20,0,47,1,5,,205757,36,,,1,5,,205726,20,0,47,1,5,,205758,36,,,1,5,,205727,20,0,47,1,5,,205759,36,,,1,5,,205728,20,0,47,1,5,,205760,36,,,1,51,,205761,36,,,1,13,,205762,36,,,1,11,,205763,36,,,1,12,,205764,36,,,1,12,,205765,36,,,1,52,,205766,36,,,1,12,,205767,36,,,1,12,,205768,36,,,1,12,,205769,36,,,1,12,,205770,36,,,1,52,,205771,36,,,1,13,,205772,36,,,1,13,,205773,36,,,1,12,,205774,36,,,1,12,,205775,36,,,1,52,,205776,36,,,1,12,,205777,36,,,1,12,,205778,36,,,1,12,,205779,36,,,1,12,,205780,36,,,1,52,,205781,36,,,1,12,,205782,36,,,1,12,,205783,36,,,1,12,,205784,36,,,1,12,,205785,36,,,1,52,,205786,36,,,1,12,,205787,36,,,1,12,,205788,36,,,1,12,,205789,36,,,1,12,,205790,36,,,1,53,,205838,36,,,1,12,,205837,36,,,1,6,,205839,20,0,47,1,7,,205791,36,,,1,3,,205729,20,0,47,1,6,,205792,36,,,1,2,,205742,20,0,47,1,6,,205793,36,,,1,3,,205731,20,0,47,1,47,,205794,36,,,1,3,,205732,20,0,47,1,7,,205795,36,,,1,3,,205733,20,0,47,1,7,,205796,36,,,1,3,,205734,20,0,47,1,7,,205797,36,,,1,3,,205735,20,0,47,1,7,,205798,36,,,1,3,,205736,20,0,47,1,7,,205799,36,,,1,3,,205737,20,0,47,1,47,,205800,36,,,1,3,,205738,20,0,47,1,7,,205801,36,,,1,3,,205739,20,0,47,1,7,,205802,36,,,1,3,,205740,20,0,47,1,7,,205803,36,,,1,3,,205741,20,0,47,1,7,,205804,36,,,1,3,,205730,20,0,47,1,7,,205805,36,,,1,51,,205806,36,,,1,14,,205807,36,,,1,13,,205808,36,,,1,13,,205809,36,,,1,12,,205810,36,,,1,52,,205811,36,,,1,15,,205812,36,,,1,15,,205813,36,,,1,15,,205814,36,,,1,55,,205815,36,,,1,15,,205816,36,,,1,15,,205817,36,,,1,15,,205818,36,,,1,55,,205819,36,,,1,15,,205820,36,,,1,15,,205821,36,,,1,15,,205822,36,,,1,54,,205823,36,,,1,13,,205824,36,,,1,14,,205825,36,,,1,20,,205826,36,,,1,60,,205827,36,,,1,20,,205828,36,,,1,20,,205829,36,,,1,58,,205830,36,,,1,19,,205831,36,,,1,29,,205832,36,,,1,70,,205833,36,,,1,30,,205834,36,,,1,70,,205835,36,,,1,30,,205836,36,,,1
401,'004-Weekday-2-26-09-1111100',508,,205863,36,,,1,15,,205864,36,,,1,15,,205865,36,,,1,15,,205866,36,,,1,56,,205867,36,,,1,15,,205868,36,,,1,20,,205869,36,,,1,61,,205870,36,,,1,15,,205871,36,,,1,10,,205840,20,0,47,1,5,,205872,36,,,1,5,,205841,20,0,47,1,5,,205873,36,,,1,5,,205842,20,0,47,1,5,,205874,36,,,1,45,,205843,20,0,47,1,5,,205875,36,,,1,5,,205844,20,0,47,1,5,,205876,36,,,1,5,,205845,20,0,47,1,5,,205877,36,,,1,5,,205846,20,0,47,1,5,,205878,36,,,1,5,,205847,20,0,47,1,5,,205879,36,,,1,5,,205848,20,0,47,1,5,,205880,36,,,1,51,,205881,36,,,1,13,,205882,36,,,1,11,,205883,36,,,1,12,,205884,36,,,1,12,,205885,36,,,1,52,,205886,36,,,1,12,,205887,36,,,1,12,,205888,36,,,1,12,,205889,36,,,1,12,,205890,36,,,1,52,,205891,36,,,1,13,,205892,36,,,1,13,,205893,36,,,1,12,,205894,36,,,1,12,,205895,36,,,1,52,,205896,36,,,1,12,,205897,36,,,1,12,,205898,36,,,1,12,,205899,36,,,1,12,,205900,36,,,1,52,,205901,36,,,1,12,,205902,36,,,1,12,,205903,36,,,1,12,,205904,36,,,1,12,,205905,36,,,1,52,,205906,36,,,1,12,,205907,36,,,1,12,,205908,36,,,1,12,,205909,36,,,1,12,,205910,36,,,1,53,,205958,36,,,1,12,,205957,36,,,1,6,,205959,20,0,47,1,7,,205911,36,,,1,3,,205849,20,0,47,1,6,,205912,36,,,1,2,,205862,20,0,47,1,6,,205913,36,,,1,3,,205851,20,0,47,1,47,,205914,36,,,1,3,,205852,20,0,47,1,7,,205915,36,,,1,3,,205853,20,0,47,1,7,,205916,36,,,1,3,,205854,20,0,47,1,7,,205917,36,,,1,3,,205855,20,0,47,1,7,,205918,36,,,1,3,,205856,20,0,47,1,7,,205919,36,,,1,3,,205857,20,0,47,1,47,,205920,36,,,1,3,,205858,20,0,47,1,7,,205921,36,,,1,3,,205859,20,0,47,1,7,,205922,36,,,1,3,,205860,20,0,47,1,7,,205923,36,,,1,3,,205861,20,0,47,1,7,,205924,36,,,1,3,,205850,20,0,47,1,7,,205925,36,,,1,51,,205926,36,,,1,14,,205927,36,,,1,13,,205928,36,,,1,13,,205929,36,,,1,12,,205930,36,,,1,52,,205931,36,,,1,15,,205932,36,,,1,15,,205933,36,,,1,15,,205934,36,,,1,55,,205935,36,,,1,15,,205936,36,,,1,15,,205937,36,,,1,15,,205938,36,,,1,55,,205939,36,,,1,15,,205940,36,,,1,15,,205941,36,,,1,15,,205942,36,,,1,54,,205943,36,,,1,13,,205944,36,,,1,14,,205945,36,,,1,20,,205946,36,,,1,60,,205947,36,,,1,20,,205948,36,,,1,20,,205949,36,,,1,58,,205950,36,,,1,19,,205951,36,,,1,29,,205952,36,,,1,70,,205953,36,,,1,30,,205954,36,,,1,70,,205955,36,,,1,30,,205956,36,,,1
401,'004-Weekday-3-26-09-1111100',508,,249466,36,,,1,15,,249467,36,,,1,15,,249468,36,,,1,15,,249469,36,,,1,56,,249470,36,,,1,15,,249471,36,,,1,20,,249472,36,,,1,61,,249473,36,,,1,15,,249474,36,,,1,10,,249443,20,0,47,1,5,,249475,36,,,1,5,,249444,20,0,47,1,5,,249476,36,,,1,5,,249445,20,0,47,1,5,,249477,36,,,1,45,,249446,20,0,47,1,5,,249478,36,,,1,5,,249447,20,0,47,1,5,,249479,36,,,1,5,,249448,20,0,47,1,5,,249480,36,,,1,5,,249449,20,0,47,1,5,,249481,36,,,1,5,,249450,20,0,47,1,5,,249482,36,,,1,5,,249451,20,0,47,1,5,,249483,36,,,1,51,,249484,36,,,1,13,,249485,36,,,1,11,,249486,36,,,1,12,,249487,36,,,1,12,,249488,36,,,1,52,,249489,36,,,1,12,,249490,36,,,1,12,,249491,36,,,1,12,,249492,36,,,1,12,,249493,36,,,1,52,,249494,36,,,1,13,,249495,36,,,1,13,,249496,36,,,1,12,,249497,36,,,1,12,,249498,36,,,1,52,,249499,36,,,1,12,,249500,36,,,1,12,,249501,36,,,1,12,,249502,36,,,1,12,,249503,36,,,1,52,,249504,36,,,1,12,,249505,36,,,1,12,,249506,36,,,1,12,,249507,36,,,1,12,,249508,36,,,1,52,,249509,36,,,1,12,,249510,36,,,1,12,,249511,36,,,1,12,,249512,36,,,1,12,,249513,36,,,1,53,,249561,36,,,1,12,,249560,36,,,1,6,,249562,20,0,47,1,7,,249514,36,,,1,3,,249452,20,0,47,1,6,,249515,36,,,1,2,,249465,20,0,47,1,6,,249516,36,,,1,3,,249454,20,0,47,1,47,,249517,36,,,1,3,,249455,20,0,47,1,7,,249518,36,,,1,3,,249456,20,0,47,1,7,,249519,36,,,1,3,,249457,20,0,47,1,7,,249520,36,,,1,3,,249458,20,0,47,1,7,,249521,36,,,1,3,,249459,20,0,47,1,7,,249522,36,,,1,3,,249460,20,0,47,1,47,,249523,36,,,1,3,,249461,20,0,47,1,7,,249524,36,,,1,3,,249462,20,0,47,1,7,,249525,36,,,1,3,,249463,20,0,47,1,7,,249526,36,,,1,3,,249464,20,0,47,1,7,,249527,36,,,1,3,,249453,20,0,47,1,7,,249528,36,,,1,51,,249529,36,,,1,14,,249530,36,,,1,13,,249531,36,,,1,13,,249532,36,,,1,12,,249533,36,,,1,52,,249534,36,,,1,15,,249535,36,,,1,15,,249536,36,,,1,15,,249537,36,,,1,55,,249538,36,,,1,15,,249539,36,,,1,15,,249540,36,,,1,15,,249541,36,,,1,55,,249542,36,,,1,15,,249543,36,,,1,15,,249544,36,,,1,15,,249545,36,,,1,54,,249546,36,,,1,13,,249547,36,,,1,14,,249548,36,,,1,20,,249549,36,,,1,60,,249550,36,,,1,20,,249551,36,,,1,20,,249552,36,,,1,58,,249553,36,,,1,19,,249554,36,,,1,29,,249555,36,,,1,70,,249556,36,,,1,30,,249557,36,,,1,70,,249558,36,,,1,30,,249559,36,,,1
401,'004-Weekday-4-26-09-1111100',508,,205983,36,,,1,15,,205984,36,,,1,15,,205985,36,,,1,15,,205986,36,,,1,56,,205987,36,,,1,15,,205988,36,,,1,20,,205989,36,,,1,61,,205990,36,,,1,15,,205991,36,,,1,10,,205960,20,0,47,1,5,,205992,36,,,1,5,,205961,20,0,47,1,5,,205993,36,,,1,5,,205962,20,0,47,1,5,,205994,36,,,1,45,,205963,20,0,47,1,5,,205995,36,,,1,5,,205964,20,0,47,1,5,,205996,36,,,1,5,,205965,20,0,47,1,5,,205997,36,,,1,5,,205966,20,0,47,1,5,,205998,36,,,1,5,,205967,20,0,47,1,5,,205999,36,,,1,5,,205968,20,0,47,1,5,,206000,36,,,1,51,,206001,36,,,1,13,,206002,36,,,1,11,,206003,36,,,1,12,,206004,36,,,1,12,,206005,36,,,1,52,,206006,36,,,1,12,,206007,36,,,1,12,,206008,36,,,1,12,,206009,36,,,1,12,,206010,36,,,1,52,,206011,36,,,1,13,,206012,36,,,1,13,,206013,36,,,1,12,,206014,36,,,1,12,,206015,36,,,1,52,,206016,36,,,1,12,,206017,36,,,1,12,,206018,36,,,1,12,,206019,36,,,1,12,,206020,36,,,1,52,,206021,36,,,1,12,,206022,36,,,1,12,,206023,36,,,1,12,,206024,36,,,1,12,,206025,36,,,1,52,,206026,36,,,1,12,,206027,36,,,1,12,,206028,36,,,1,12,,206029,36,,,1,12,,206030,36,,,1,53,,206078,36,,,1,12,,206077,36,,,1,6,,206079,20,0,47,1,7,,206031,36,,,1,3,,205969,20,0,47,1,6,,206032,36,,,1,2,,205982,20,0,47,1,6,,206033,36,,,1,3,,205971,20,0,47,1,47,,206034,36,,,1,3,,205972,20,0,47,1,7,,206035,36,,,1,3,,205973,20,0,47,1,7,,206036,36,,,1,3,,205974,20,0,47,1,7,,206037,36,,,1,3,,205975,20,0,47,1,7,,206038,36,,,1,3,,205976,20,0,47,1,7,,206039,36,,,1,3,,205977,20,0,47,1,47,,206040,36,,,1,3,,205978,20,0,47,1,7,,206041,36,,,1,3,,205979,20,0,47,1,7,,206042,36,,,1,3,,205980,20,0,47,1,7,,206043,36,,,1,3,,205981,20,0,47,1,7,,206044,36,,,1,3,,205970,20,0,47,1,7,,206045,36,,,1,51,,206046,36,,,1,14,,206047,36,,,1,13,,206048,36,,,1,13,,206049,36,,,1,12,,206050,36,,,1,52,,206051,36,,,1,15,,206052,36,,,1,15,,206053,36,,,1,15,,206054,36,,,1,55,,206055,36,,,1,15,,206056,36,,,1,15,,206057,36,,,1,15,,206058,36,,,1,55,,206059,36,,,1,15,,206060,36,,,1,15,,206061,36,,,1,15,,206062,36,,,1,54,,206063,36,,,1,13,,206064,36,,,1,14,,206065,36,,,1,20,,206066,36,,,1,60,,206067,36,,,1,20,,206068,36,,,1,20,,206069,36,,,1,58,,206070,36,,,1,19,,206071,36,,,1,29,,206072,36,,,1,70,,206073,36,,,1,30,,206074,36,,,1,70,,206075,36,,,1,30,,206076,36,,,1
401,'004-Weekday-5-26-09-1111100',508,,249586,36,,,1,15,,249587,36,,,1,15,,249588,36,,,1,15,,249589,36,,,1,56,,249590,36,,,1,15,,249591,36,,,1,20,,249592,36,,,1,61,,249593,36,,,1,15,,249594,36,,,1,10,,249563,20,0,47,1,5,,249595,36,,,1,5,,249564,20,0,47,1,5,,249596,36,,,1,5,,249565,20,0,47,1,5,,249597,36,,,1,45,,249566,20,0,47,1,5,,249598,36,,,1,5,,249567,20,0,47,1,5,,249599,36,,,1,5,,249568,20,0,47,1,5,,249600,36,,,1,5,,249569,20,0,47,1,5,,249601,36,,,1,5,,249570,20,0,47,1,5,,249602,36,,,1,5,,249571,20,0,47,1,5,,249603,36,,,1,51,,249604,36,,,1,13,,249605,36,,,1,11,,249606,36,,,1,12,,249607,36,,,1,12,,249608,36,,,1,52,,249609,36,,,1,12,,249610,36,,,1,12,,249611,36,,,1,12,,249612,36,,,1,12,,249613,36,,,1,52,,249614,36,,,1,13,,249615,36,,,1,13,,249616,36,,,1,12,,249617,36,,,1,12,,249618,36,,,1,52,,249619,36,,,1,12,,249620,36,,,1,12,,249621,36,,,1,12,,249622,36,,,1,12,,249623,36,,,1,52,,249624,36,,,1,12,,249625,36,,,1,12,,249626,36,,,1,12,,249627,36,,,1,12,,249628,36,,,1,52,,249629,36,,,1,12,,249630,36,,,1,12,,249631,36,,,1,12,,249632,36,,,1,12,,249633,36,,,1,53,,249681,36,,,1,12,,249680,36,,,1,6,,249682,20,0,47,1,7,,249634,36,,,1,3,,249572,20,0,47,1,6,,249635,36,,,1,2,,249585,20,0,47,1,6,,249636,36,,,1,3,,249574,20,0,47,1,47,,249637,36,,,1,3,,249575,20,0,47,1,7,,249638,36,,,1,3,,249576,20,0,47,1,7,,249639,36,,,1,3,,249577,20,0,47,1,7,,249640,36,,,1,3,,249578,20,0,47,1,7,,249641,36,,,1,3,,249579,20,0,47,1,7,,249642,36,,,1,3,,249580,20,0,47,1,47,,249643,36,,,1,3,,249581,20,0,47,1,7,,249644,36,,,1,3,,249582,20,0,47,1,7,,249645,36,,,1,3,,249583,20,0,47,1,7,,249646,36,,,1,3,,249584,20,0,47,1,7,,249647,36,,,1,3,,249573,20,0,47,1,7,,249648,36,,,1,51,,249649,36,,,1,14,,249650,36,,,1,13,,249651,36,,,1,13,,249652,36,,,1,12,,249653,36,,,1,52,,249654,36,,,1,15,,249655,36,,,1,15,,249656,36,,,1,15,,249657,36,,,1,55,,249658,36,,,1,15,,249659,36,,,1,15,,249660,36,,,1,15,,249661,36,,,1,55,,249662,36,,,1,15,,249663,36,,,1,15,,249664,36,,,1,15,,249665,36,,,1,54,,249666,36,,,1,13,,249667,36,,,1,14,,249668,36,,,1,20,,249669,36,,,1,60,,249670,36,,,1,20,,249671,36,,,1,20,,249672,36,,,1,58,,249673,36,,,1,19,,249674,36,,,1,29,,249675,36,,,1,70,,249676,36,,,1,30,,249677,36,,,1,70,,249678,36,,,1,30,,249679,36,,,1
401,'004-Weekday-6-26-09-1111100',508,,249683,36,,,1,15,,249684,36,,,1,15,,249685,36,,,1,15,,249686,36,,,1,56,,249687,36,,,1,15,,249688,36,,,1,20,,249689,36,,,1,61,,249690,36,,,1,15,,249691,36,,,1,15,,249692,36,,,1,10,,249693,36,,,1,10,,249694,36,,,1,50,,249695,36,,,1,10,,249696,36,,,1,10,,249697,36,,,1,10,,249698,36,,,1,10,,249699,36,,,1,10,,249700,36,,,1,51,,249701,36,,,1,13,,249702,36,,,1,11,,249703,36,,,1,12,,249704,36,,,1,12,,249705,36,,,1,52,,249706,36,,,1,12,,249707,36,,,1,12,,249708,36,,,1,12,,249709,36,,,1,12,,249710,36,,,1,52,,249711,36,,,1,13,,249712,36,,,1,13,,249713,36,,,1,12,,249714,36,,,1,12,,249715,36,,,1,52,,249716,36,,,1,12,,249717,36,,,1,12,,249718,36,,,1,12,,249719,36,,,1,12,,249720,36,,,1,52,,249721,36,,,1,12,,249722,36,,,1,12,,249723,36,,,1,12,,249724,36,,,1,12,,249725,36,,,1,52,,249726,36,,,1,12,,249727,36,,,1,12,,249728,36,,,1,12,,249729,36,,,1,12,,249730,36,,,1,53,,249778,36,,,1,12,,249777,36,,,1,13,,249731,36,,,1,9,,249732,36,,,1,8,,249733,36,,,1,50,,249734,36,,,1,10,,249735,36,,,1,10,,249736,36,,,1,10,,249737,36,,,1,10,,249738,36,,,1,10,,249739,36,,,1,50,,249740,36,,,1,10,,249741,36,,,1,10,,249742,36,,,1,10,,249743,36,,,1,10,,249744,36,,,1,10,,249745,36,,,1,51,,249746,36,,,1,14,,249747,36,,,1,13,,249748,36,,,1,13,,249749,36,,,1,12,,249750,36,,,1,52,,249751,36,,,1,15,,249752,36,,,1,15,,249753,36,,,1,15,,249754,36,,,1,55,,249755,36,,,1,15,,249756,36,,,1,15,,249757,36,,,1,15,,249758,36,,,1,55,,249759,36,,,1,15,,249760,36,,,1,15,,249761,36,,,1,15,,249762,36,,,1,54,,249763,36,,,1,13,,249764,36,,,1,14,,249765,36,,,1,20,,249766,36,,,1,60,,249767,36,,,1,20,,249768,36,,,1,20,,249769,36,,,1,58,,249770,36,,,1,19,,249771,36,,,1,29,,249772,36,,,1,70,,249773,36,,,1,30,,249774,36,,,1,70,,249775,36,,,1,30,,249776,36,,,1
401,'004-Weekday-7-26-09-1111100',508,,249779,36,,,1,15,,249780,36,,,1,15,,249781,36,,,1,15,,249782,36,,,1,56,,249783,36,,,1,15,,249784,36,,,1,20,,249785,36,,,1,61,,249786,36,,,1,15,,249787,36,,,1,15,,249788,36,,,1,10,,249789,36,,,1,10,,249790,36,,,1,50,,249791,36,,,1,10,,249792,36,,,1,10,,249793,36,,,1,10,,249794,36,,,1,10,,249795,36,,,1,10,,249796,36,,,1,51,,249797,36,,,1,13,,249798,36,,,1,11,,249799,36,,,1,12,,249800,36,,,1,12,,249801,36,,,1,52,,249802,36,,,1,12,,249803,36,,,1,12,,249804,36,,,1,12,,249805,36,,,1,12,,249806,36,,,1,52,,249807,36,,,1,13,,249808,36,,,1,13,,249809,36,,,1,12,,249810,36,,,1,12,,249811,36,,,1,52,,249812,36,,,1,12,,249813,36,,,1,12,,249814,36,,,1,12,,249815,36,,,1,12,,249816,36,,,1,52,,249817,36,,,1,12,,249818,36,,,1,12,,249819,36,,,1,12,,249820,36,,,1,12,,249821,36,,,1,52,,249822,36,,,1,12,,249823,36,,,1,12,,249824,36,,,1,12,,249825,36,,,1,12,,249826,36,,,1,53,,249874,36,,,1,12,,249873,36,,,1,13,,249827,36,,,1,9,,249828,36,,,1,8,,249829,36,,,1,50,,249830,36,,,1,10,,249831,36,,,1,10,,249832,36,,,1,10,,249833,36,,,1,10,,249834,36,,,1,10,,249835,36,,,1,50,,249836,36,,,1,10,,249837,36,,,1,10,,249838,36,,,1,10,,249839,36,,,1,10,,249840,36,,,1,10,,249841,36,,,1,51,,249842,36,,,1,14,,249843,36,,,1,13,,249844,36,,,1,13,,249845,36,,,1,12,,249846,36,,,1,52,,249847,36,,,1,15,,249848,36,,,1,15,,249849,36,,,1,15,,249850,36,,,1,55,,249851,36,,,1,15,,249852,36,,,1,15,,249853,36,,,1,15,,249854,36,,,1,55,,249855,36,,,1,15,,249856,36,,,1,15,,249857,36,,,1,15,,249858,36,,,1,54,,249859,36,,,1,13,,249860,36,,,1,14,,249861,36,,,1,20,,249862,36,,,1,60,,249863,36,,,1,20,,249864,36,,,1,20,,249865,36,,,1,58,,249866,36,,,1,19,,249867,36,,,1,29,,249868,36,,,1,70,,249869,36,,,1,30,,249870,36,,,1,70,,249871,36,,,1,30,,249872,36,,,1
401,'004-Saturday-1-26-09-0000010',544,,206081,36,,,1,60,,206082,36,,,1,20,,206083,36,,,1,20,,206084,36,,,1,60,,206085,36,,,1,20,,206086,36,,,1,20,,206087,36,,,1,60,,206088,36,,,1,20,,206089,36,,,1,15,,206090,36,,,1,15,,206091,36,,,1,57,,206092,36,,,1,24,,206093,36,,,1,15,,206094,36,,,1,55,,206095,36,,,1,15,,206096,36,,,1,15,,206097,36,,,1,15,,206098,36,,,1,55,,206100,36,,,1,15,,206099,36,,,1,15,,206102,36,,,1,15,,206103,36,,,1,55,,206105,36,,,1,15,,206106,36,,,1,15,,206108,36,,,1,15,,206110,36,,,1,55,,206112,36,,,1,15,,206114,36,,,1,15,,206116,36,,,1,15,,206118,36,,,1,55,,206120,36,,,1,15,,206122,36,,,1,15,,206124,36,,,1,15,,206126,36,,,1,55,,206128,36,,,1,15,,206131,36,,,1,15,,206133,36,,,1,15,,206134,36,,,1,55,,206137,36,,,1,15,,206139,36,,,1,15,,206140,36,,,1,15,,206142,36,,,1,55,,206144,36,,,1,15,,206146,36,,,1,15,,206148,36,,,1,16,,206150,36,,,1,55,,206152,36,,,1,15,,206080,36,,,1,15,,206154,36,,,1,16,,206156,36,,,1,55,,206158,36,,,1,15,,206160,36,,,1,15,,206162,36,,,1,15,,206164,36,,,1,55,,206166,36,,,1,15,,206168,36,,,1,16,,206169,36,,,1,15,,206170,36,,,1,55,,206171,36,,,1,15,,206172,36,,,1,15,,206173,36,,,1,15,,206174,36,,,1,55,,206175,36,,,1,15,,206176,36,,,1,15,,206177,36,,,1,18,,206178,36,,,1,60,,206179,36,,,1,20,,206180,36,,,1,20,,206181,36,,,1,57,,206182,36,,,1,18,,206183,36,,,1,20,,206184,36,,,1,70,,206185,36,,,1,30,,206190,36,,,1,70,,206186,36,,,1,30,,206187,36,,,1,70,,206188,36,,,1
401,'004-Sunday-1-26-09-0000001',554,,206191,36,,,1,60,,206192,36,,,1,20,,206193,36,,,1,20,,206194,36,,,1,60,,206195,36,,,1,20,,206196,36,,,1,20,,206197,36,,,1,60,,206198,36,,,1,20,,206199,36,,,1,20,,206200,36,,,1,65,,206201,36,,,1,21,,206202,36,,,1,60,,206203,36,,,1,15,,206204,36,,,1,15,,206264,36,,,1,15,,206205,36,,,1,55,,206206,36,,,1,15,,206207,36,,,1,15,,206208,36,,,1,15,,206209,36,,,1,55,,206210,36,,,1,15,,206211,36,,,1,15,,206212,36,,,1,15,,206213,36,,,1,55,,206214,36,,,1,15,,206215,36,,,1,15,,206216,36,,,1,15,,206217,36,,,1,55,,206218,36,,,1,15,,206219,36,,,1,15,,206220,36,,,1,15,,206221,36,,,1,55,,206222,36,,,1,15,,206223,36,,,1,15,,206224,36,,,1,15,,206225,36,,,1,55,,206226,36,,,1,15,,206227,36,,,1,15,,206228,36,,,1,15,,206229,36,,,1,11,,206230,36,,,1,55,,206231,36,,,1,14,,206232,36,,,1,15,,206233,36,,,1,15,,206234,36,,,1,55,,206235,36,,,1,15,,206236,36,,,1,15,,206237,36,,,1,15,,206238,36,,,1,55,,206239,36,,,1,15,,206240,36,,,1,15,,206241,36,,,1,15,,206242,36,,,1,55,,206243,36,,,1,15,,206244,36,,,1,15,,206245,36,,,1,15,,206246,36,,,1,55,,206247,36,,,1,15,,206248,36,,,1,15,,206249,36,,,1,15,,206250,36,,,1,55,,206251,36,,,1,15,,206263,36,,,1,16,,206253,36,,,1,60,,206254,36,,,1,23,,206255,36,,,1,20,,206252,36,,,1,59,,206256,36,,,1,16,,206257,36,,,1,24,,206258,36,,,1,71,,206259,36,,,1,29,,206260,36,,,1,70,,206261,36,,,1,30,,206262,36,,,1,70,,206265,36,,,1
3100,'031-Weekday-1-26-09-1111100',619,,210703,9,,,1,37,,210704,9,,,1,70,,210705,9,,,1,16,,210706,9,,,1,16,,210719,9,,,1,55,,210707,9,,,1,14,,210695,9,,,1,14,,210694,9,,,1,15,,210720,9,,,1,53,,210696,9,,,1,13,,210697,9,,,1,15,,210708,9,,,1,15,,210721,9,,,1,60,,210698,9,,,1,20,,210699,9,,,1,20,,210722,9,,,1,60,,210693,9,,,1,20,,210700,9,,,1,20,,210723,9,,,1,60,,210701,9,,,1,20,,210691,9,,,1,20,,210718,9,,,1,60,,210702,9,,,1,20,,210683,9,,,1,20,,210717,9,,,1,60,,210690,9,,,1,30,,210684,9,,,1,70,,210685,9,,,1,31,,210686,9,,,1,70,,210689,9,,,1,30,,210692,9,,,1,70,,210687,9,,,1,30,,210688,9,,,1,74,,210710,9,,,1,28,,210711,9,,,1,70,,210712,9,,,1,30,,210713,9,,,1,70,,210714,9,,,1,30,,210715,9,,,1,70,,210716,9,,,1,30,,210709,9,,,1
3100,'031-Weekday-2-26-09-1111100',619,,210744,9,,,1,37,,210745,9,,,1,70,,210746,9,,,1,16,,210747,9,,,1,16,,210760,9,,,1,55,,210748,9,,,1,14,,210736,9,,,1,14,,210735,9,,,1,15,,210761,9,,,1,53,,210737,9,,,1,13,,210738,9,,,1,15,,210749,9,,,1,15,,210762,9,,,1,60,,210739,9,,,1,20,,210740,9,,,1,20,,210763,9,,,1,60,,210734,9,,,1,20,,210741,9,,,1,20,,210764,9,,,1,60,,210742,9,,,1,20,,210732,9,,,1,20,,210759,9,,,1,60,,210743,9,,,1,20,,210724,9,,,1,20,,210758,9,,,1,60,,210731,9,,,1,30,,210725,9,,,1,70,,210726,9,,,1,31,,210727,9,,,1,70,,210730,9,,,1,30,,210733,9,,,1,70,,210728,9,,,1,30,,210729,9,,,1,74,,210751,9,,,1,28,,210752,9,,,1,70,,210753,9,,,1,30,,210754,9,,,1,70,,210755,9,,,1,30,,210756,9,,,1,70,,210757,9,,,1,30,,210750,9,,,1
3100,'031-Weekday-3-26-09-1111100',619,,253907,9,,,1,37,,253908,9,,,1,70,,253909,9,,,1,16,,253910,9,,,1,16,,253923,9,,,1,55,,253911,9,,,1,14,,253899,9,,,1,14,,253898,9,,,1,15,,253924,9,,,1,53,,253900,9,,,1,13,,253901,9,,,1,15,,253912,9,,,1,15,,253925,9,,,1,60,,253902,9,,,1,20,,253903,9,,,1,20,,253926,9,,,1,60,,253897,9,,,1,20,,253904,9,,,1,20,,253927,9,,,1,60,,253905,9,,,1,20,,253895,9,,,1,20,,253922,9,,,1,60,,253906,9,,,1,20,,253887,9,,,1,20,,253921,9,,,1,60,,253894,9,,,1,30,,253888,9,,,1,70,,253889,9,,,1,31,,253890,9,,,1,70,,253893,9,,,1,30,,253896,9,,,1,70,,253891,9,,,1,30,,253892,9,,,1,74,,253914,9,,,1,28,,253915,9,,,1,70,,253916,9,,,1,30,,253917,9,,,1,70,,253918,9,,,1,30,,253919,9,,,1,70,,253920,9,,,1,30,,253913,9,,,1
3100,'031-Weekday-4-26-09-1111100',619,,210785,9,,,1,37,,210786,9,,,1,70,,210787,9,,,1,16,,210788,9,,,1,16,,210801,9,,,1,55,,210789,9,,,1,14,,210777,9,,,1,14,,210776,9,,,1,15,,210802,9,,,1,53,,210778,9,,,1,13,,210779,9,,,1,15,,210790,9,,,1,15,,210803,9,,,1,60,,210780,9,,,1,20,,210781,9,,,1,20,,210804,9,,,1,60,,210775,9,,,1,20,,210782,9,,,1,20,,210805,9,,,1,60,,210783,9,,,1,20,,210773,9,,,1,20,,210800,9,,,1,60,,210784,9,,,1,20,,210765,9,,,1,20,,210799,9,,,1,60,,210772,9,,,1,30,,210766,9,,,1,70,,210767,9,,,1,31,,210768,9,,,1,70,,210771,9,,,1,30,,210774,9,,,1,70,,210769,9,,,1,30,,210770,9,,,1,74,,210792,9,,,1,28,,210793,9,,,1,70,,210794,9,,,1,30,,210795,9,,,1,70,,210796,9,,,1,30,,210797,9,,,1,70,,210798,9,,,1,30,,210791,9,,,1
3100,'031-Weekday-5-26-09-1111100',619,,253948,9,,,1,37,,253949,9,,,1,70,,253950,9,,,1,16,,253951,9,,,1,16,,253964,9,,,1,55,,253952,9,,,1,14,,253940,9,,,1,14,,253939,9,,,1,15,,253965,9,,,1,53,,253941,9,,,1,13,,253942,9,,,1,15,,253953,9,,,1,15,,253966,9,,,1,60,,253943,9,,,1,20,,253944,9,,,1,20,,253967,9,,,1,60,,253938,9,,,1,20,,253945,9,,,1,20,,253968,9,,,1,60,,253946,9,,,1,20,,253936,9,,,1,20,,253963,9,,,1,60,,253947,9,,,1,20,,253928,9,,,1,20,,253962,9,,,1,60,,253935,9,,,1,30,,253929,9,,,1,70,,253930,9,,,1,31,,253931,9,,,1,70,,253934,9,,,1,30,,253937,9,,,1,70,,253932,9,,,1,30,,253933,9,,,1,74,,253955,9,,,1,28,,253956,9,,,1,70,,253957,9,,,1,30,,253958,9,,,1,70,,253959,9,,,1,30,,253960,9,,,1,70,,253961,9,,,1,30,,253954,9,,,1
3100,'031-Weekday-6-26-09-1111100',619,,253989,9,,,1,37,,253990,9,,,1,70,,253991,9,,,1,16,,253992,9,,,1,16,,254005,9,,,1,55,,253993,9,,,1,14,,253981,9,,,1,14,,253980,9,,,1,15,,254006,9,,,1,53,,253982,9,,,1,13,,253983,9,,,1,15,,253994,9,,,1,15,,254007,9,,,1,60,,253984,9,,,1,20,,253985,9,,,1,20,,254008,9,,,1,60,,253979,9,,,1,20,,253986,9,,,1,20,,254009,9,,,1,60,,253987,9,,,1,20,,253977,9,,,1,20,,254004,9,,,1,60,,253988,9,,,1,20,,253969,9,,,1,20,,254003,9,,,1,60,,253976,9,,,1,30,,253970,9,,,1,70,,253971,9,,,1,31,,253972,9,,,1,70,,253975,9,,,1,30,,253978,9,,,1,70,,253973,9,,,1,30,,253974,9,,,1,74,,253996,9,,,1,28,,253997,9,,,1,70,,253998,9,,,1,30,,253999,9,,,1,70,,254000,9,,,1,30,,254001,9,,,1,70,,254002,9,,,1,30,,253995,9,,,1
3100,'031-Weekday-7-26-09-1111100',619,,254030,9,,,1,37,,254031,9,,,1,70,,254032,9,,,1,16,,254033,9,,,1,16,,254046,9,,,1,55,,254034,9,,,1,14,,254022,9,,,1,14,,254021,9,,,1,15,,254047,9,,,1,53,,254023,9,,,1,13,,254024,9,,,1,15,,254035,9,,,1,15,,254048,9,,,1,60,,254025,9,,,1,20,,254026,9,,,1,20,,254049,9,,,1,60,,254020,9,,,1,20,,254027,9,,,1,20,,254050,9,,,1,60,,254028,9,,,1,20,,254018,9,,,1,20,,254045,9,,,1,60,,254029,9,,,1,20,,254010,9,,,1,20,,254044,9,,,1,60,,254017,9,,,1,30,,254011,9,,,1,70,,254012,9,,,1,31,,254013,9,,,1,70,,254016,9,,,1,30,,254019,9,,,1,70,,254014,9,,,1,30,,254015,9,,,1,74,,254037,9,,,1,28,,254038,9,,,1,70,,254039,9,,,1,30,,254040,9,,,1,70,,254041,9,,,1,30,,254042,9,,,1,70,,254043,9,,,1,30,,254036,9,,,1
5100,'051-Weekday-1-26-09-1111100',542,,210970,5,,,1,70,,210956,4,,,1,31,,210966,5,,,1,70,,210954,4,,,1,30,,210935,4,,,1,70,,210960,4,,,1,30,,210961,4,,,1,70,,210962,4,,,1,30,,210967,4,,,1,59,,210968,4,,,1,19,,210948,4,,,1,20,,210947,4,,,1,60,,210946,4,,,1,20,,210950,4,,,1,20,,210957,4,,,1,60,,210958,4,,,1,20,,210951,4,,,1,20,,210959,4,,,1,60,,210952,4,,,1,20,,210963,4,,,1,20,,210964,4,,,1,11,,210981,4,,,1,49,,210953,4,,,1,20,,210965,4,,,1,17,,210971,4,,,1,15,,210972,5,,,1,55,,210973,4,,,1,15,,210936,5,,,1,15,,210974,5,,,1,15,,210975,4,,,1,55,,210937,4,,,1,15,,210976,4,,,1,15,,210977,5,,,1,15,,210978,5,,,1,63,,210955,4,,,1,23,,210938,4,,,1,70,,210939,4,,,1,30,,210940,4,,,1,70,,210969,4,,,1,30,,210949,4,,,1,70,,210941,4,,,1,30,,210942,4,,,1,70,,210943,5,,,1,30,,210944,4,,,1,99,,210945,4,,,1
5100,'051-Weekday-2-26-09-1111100',542,,211017,5,,,1,70,,211003,4,,,1,31,,211013,5,,,1,70,,211001,4,,,1,30,,210982,4,,,1,70,,211007,4,,,1,30,,211008,4,,,1,70,,211009,4,,,1,30,,211014,4,,,1,59,,211015,4,,,1,19,,210995,4,,,1,20,,210994,4,,,1,60,,210993,4,,,1,20,,210997,4,,,1,20,,211004,4,,,1,60,,211005,4,,,1,20,,210998,4,,,1,20,,211006,4,,,1,60,,210999,4,,,1,20,,211010,4,,,1,20,,211011,4,,,1,11,,211028,4,,,1,49,,211000,4,,,1,20,,211012,4,,,1,17,,211018,4,,,1,15,,211019,5,,,1,55,,211020,4,,,1,15,,210983,5,,,1,15,,211021,5,,,1,15,,211022,4,,,1,55,,210984,4,,,1,15,,211023,4,,,1,15,,211024,5,,,1,15,,211025,5,,,1,63,,211002,4,,,1,23,,210985,4,,,1,70,,210986,4,,,1,30,,210987,4,,,1,70,,211016,4,,,1,30,,210996,4,,,1,70,,210988,4,,,1,30,,210989,4,,,1,70,,210990,5,,,1,30,,210991,4,,,1,99,,210992,4,,,1
5100,'051-Weekday-3-26-09-1111100',542,,254258,5,,,1,70,,254244,4,,,1,31,,254254,5,,,1,70,,254242,4,,,1,30,,254223,4,,,1,70,,254248,4,,,1,30,,254249,4,,,1,70,,254250,4,,,1,30,,254255,4,,,1,59,,254256,4,,,1,19,,254236,4,,,1,20,,254235,4,,,1,60,,254234,4,,,1,20,,254238,4,,,1,20,,254245,4,,,1,60,,254246,4,,,1,20,,254239,4,,,1,20,,254247,4,,,1,60,,254240,4,,,1,20,,254251,4,,,1,20,,254252,4,,,1,11,,254267,4,,,1,49,,254241,4,,,1,20,,254253,4,,,1,17,,254259,4,,,1,15,,254260,5,,,1,55,,254261,4,,,1,15,,254224,5,,,1,15,,254262,5,,,1,15,,254263,4,,,1,55,,254225,4,,,1,15,,254264,4,,,1,15,,254265,5,,,1,15,,254266,5,,,1,63,,254243,4,,,1,23,,254226,4,,,1,70,,254227,4,,,1,30,,254228,4,,,1,70,,254257,4,,,1,30,,254237,4,,,1,70,,254229,4,,,1,30,,254230,4,,,1,70,,254231,5,,,1,30,,254232,4,,,1,99,,254233,4,,,1
5100,'051-Weekday-4-26-09-1111100',542,,211064,5,,,1,70,,211050,4,,,1,31,,211060,5,,,1,70,,211048,4,,,1,30,,211029,4,,,1,70,,211054,4,,,1,30,,211055,5,,,1,70,,211056,4,,,1,30,,211061,4,,,1,59,,211062,4,,,1,19,,211042,4,,,1,20,,211041,4,,,1,60,,211040,4,,,1,20,,211044,4,,,1,20,,211051,4,,,1,60,,211052,4,,,1,20,,211045,4,,,1,20,,211053,4,,,1,60,,211046,4,,,1,20,,211057,4,,,1,20,,211058,4,,,1,11,,211073,4,,,1,49,,211047,4,,,1,20,,211059,4,,,1,17,,211065,4,,,1,15,,211066,5,,,1,55,,211067,4,,,1,15,,211030,5,,,1,15,,211068,5,,,1,15,,211069,4,,,1,55,,211031,4,,,1,15,,211070,4,,,1,15,,211071,5,,,1,15,,211072,5,,,1,63,,211049,4,,,1,23,,211032,4,,,1,70,,211033,4,,,1,30,,211034,4,,,1,70,,211063,4,,,1,30,,211043,4,,,1,70,,211035,4,,,1,30,,211036,4,,,1,70,,211037,5,,,1,30,,211038,4,,,1,99,,211039,4,,,1
5100,'051-Weekday-5-26-09-1111100',542,,254303,5,,,1,70,,254289,4,,,1,31,,254299,5,,,1,70,,254287,4,,,1,30,,254268,4,,,1,70,,254293,4,,,1,30,,254294,5,,,1,70,,254295,4,,,1,30,,254300,4,,,1,59,,254301,4,,,1,19,,254281,4,,,1,20,,254280,4,,,1,60,,254279,4,,,1,20,,254283,4,,,1,20,,254290,4,,,1,60,,254291,4,,,1,20,,254284,4,,,1,20,,254292,4,,,1,60,,254285,4,,,1,20,,254296,4,,,1,20,,254297,4,,,1,11,,254312,4,,,1,49,,254286,4,,,1,20,,254298,4,,,1,17,,254304,4,,,1,15,,254305,5,,,1,55,,254306,4,,,1,15,,254269,5,,,1,15,,254307,5,,,1,15,,254308,4,,,1,55,,254270,4,,,1,15,,254309,4,,,1,15,,254310,5,,,1,15,,254311,5,,,1,63,,254288,4,,,1,23,,254271,4,,,1,70,,254272,4,,,1,30,,254273,4,,,1,70,,254302,4,,,1,30,,254282,4,,,1,70,,254274,4,,,1,30,,254275,4,,,1,70,,254276,5,,,1,30,,254277,4,,,1,99,,254278,4,,,1
5100,'051-Weekday-6-26-09-1111100',542,,254348,5,,,1,70,,254334,4,,,1,31,,254344,5,,,1,70,,254332,4,,,1,30,,254313,4,,,1,70,,254338,4,,,1,30,,254339,4,,,1,70,,254340,4,,,1,30,,254345,4,,,1,59,,254346,4,,,1,19,,254326,4,,,1,20,,254325,4,,,1,60,,254324,5,,,1,20,,254328,4,,,1,20,,254335,4,,,1,60,,254336,4,,,1,20,,254329,4,,,1,20,,254337,4,,,1,60,,254330,4,,,1,20,,254341,4,,,1,20,,254342,4,,,1,60,,254331,4,,,1,20,,254343,4,,,1,17,,254349,4,,,1,15,,254350,5,,,1,55,,254351,4,,,1,15,,254314,5,,,1,15,,254352,5,,,1,15,,254353,4,,,1,55,,254315,4,,,1,15,,254354,4,,,1,15,,254355,5,,,1,15,,254356,5,,,1,63,,254333,4,,,1,23,,254316,4,,,1,70,,254317,4,,,1,30,,254318,4,,,1,70,,254347,4,,,1,30,,254327,4,,,1,70,,254319,4,,,1,30,,254320,4,,,1,70,,254321,5,,,1,30,,254322,4,,,1,99,,254323,4,,,1
5100,'051-Weekday-7-26-09-1111100',542,,254394,5,,,1,70,,254380,4,,,1,31,,254390,5,,,1,70,,254378,4,,,1,30,,254359,4,,,1,70,,254384,4,,,1,30,,254385,5,,,1,70,,254386,4,,,1,30,,254391,4,,,1,59,,254392,4,,,1,19,,254372,4,,,1,20,,254371,4,,,1,60,,254370,5,,,1,20,,254374,4,,,1,20,,254381,4,,,1,60,,254382,4,,,1,20,,254375,4,,,1,20,,254383,4,,,1,60,,254376,4,,,1,20,,254387,4,,,1,20,,254388,4,,,1,60,,254377,4,,,1,20,,254389,4,,,1,17,,254395,4,,,1,15,,254396,5,,,1,55,,254397,4,,,1,15,,254360,5,,,1,15,,254398,5,,,1,15,,254399,4,,,1,55,,254361,4,,,1,15,,254400,4,,,1,15,,254401,5,,,1,15,,254402,5,,,1,63,,254379,4,,,1,23,,254362,4,,,1,70,,254363,4,,,1,30,,254364,4,,,1,70,,254393,4,,,1,30,,254373,4,,,1,70,,254365,4,,,1,30,,254366,4,,,1,70,,254367,5,,,1,30,,254368,4,,,1,99,,254369,4,,,1
5100,'051-Saturday-1-26-09-0000010',640,,211097,4,,,1,99,,211074,4,,,1,100,,211075,4,,,1,72,,211076,4,,,1,32,,211077,4,,,1,70,,211078,4,,,1,30,,211079,4,,,1,70,,211081,4,,,1,30,,211082,4,,,1,70,,211083,4,,,1,30,,211080,5,,,1,70,,211084,4,,,1,30,,211085,4,,,1,70,,211086,4,,,1,30,,211088,4,,,1,70,,211089,4,,,1,30,,211090,4,,,1,70,,211087,4,,,1,30,,211091,4,,,1,69,,211092,4,,,1,30,,211093,4,,,1,70,,211094,4,,,1,30,,211095,4,,,1,70,,211096,5,,,1,100,,211098,5,,,1,100,,211099,4,,,1,100,,211100,4,,,1
5100,'051-Sunday-1-26-09-0000001',721,,211101,4,,,1,100,,211102,4,,,1,101,,211103,4,,,1,26,,211104,4,,,1,66,,211105,4,,,1,30,,211106,4,,,1,70,,211107,4,,,1,30,,211108,4,,,1,70,,211109,4,,,1,30,,211110,4,,,1,70,,211111,4,,,1,30,,211112,4,,,1,70,,211113,4,,,1,30,,211114,4,,,1,70,,211115,4,,,1,30,,211116,4,,,1,70,,211117,4,,,1,30,,211118,4,,,1,69,,211119,4,,,1,29,,211120,4,,,1,69,,211121,4,,,1,30,,211122,4,,,1,70,,211123,4,,,1,100,,211124,5,,,1,100,,211125,4,,,1,100,,211126,4,,,1
72300,'723-Weekday-1-26-09-1111100',643,,235036,13,,,1,70,,235037,13,,,1,15,,235051,13,,,1,15,,235038,13,,,1,15,,235052,13,,,1,55,,235039,13,,,1,15,,235053,13,,,1,15,,235040,13,,,1,15,,235054,13,,,1,55,,235041,13,,,1,16,,235055,13,,,1,15,,235042,13,,,1,499,,235043,13,,,1,70,,235044,13,,,1,32,,235045,13,,,1,70,,235046,13,,,1,30,,235047,13,,,1,70,,235048,13,,,1,30,,235049,13,,,1,70,,235050,13,,,1
72300,'723-Weekday-2-26-09-1111100',643,,235056,13,,,1,70,,235057,13,,,1,15,,235071,13,,,1,15,,235058,13,,,1,15,,235072,13,,,1,55,,235059,13,,,1,15,,235073,13,,,1,15,,235060,13,,,1,15,,235074,13,,,1,55,,235061,13,,,1,16,,235075,13,,,1,15,,235062,13,,,1,499,,235063,13,,,1,70,,235064,13,,,1,32,,235065,13,,,1,70,,235066,13,,,1,30,,235067,13,,,1,70,,235068,13,,,1,30,,235069,13,,,1,70,,235070,13,,,1
72300,'723-Weekday-3-26-09-1111100',643,,277613,13,,,1,70,,277614,13,,,1,15,,277628,13,,,1,15,,277615,13,,,1,15,,277629,13,,,1,55,,277616,13,,,1,15,,277630,13,,,1,15,,277617,13,,,1,15,,277631,13,,,1,55,,277618,13,,,1,16,,277632,13,,,1,15,,277619,13,,,1,499,,277620,13,,,1,70,,277621,13,,,1,32,,277622,13,,,1,70,,277623,13,,,1,30,,277624,13,,,1,70,,277625,13,,,1,30,,277626,13,,,1,70,,277627,13,,,1
72300,'723-Weekday-4-26-09-1111100',643,,235076,13,,,1,70,,235077,13,,,1,15,,235091,13,,,1,15,,235078,13,,,1,15,,235092,13,,,1,55,,235079,13,,,1,15,,235093,13,,,1,15,,235080,13,,,1,15,,235094,13,,,1,55,,235081,13,,,1,16,,235095,13,,,1,15,,235082,13,,,1,499,,235083,13,,,1,70,,235084,13,,,1,32,,235085,13,,,1,70,,235086,13,,,1,30,,235087,13,,,1,70,,235088,13,,,1,30,,235089,13,,,1,70,,235090,13,,,1
72300,'723-Weekday-5-26-09-1111100',643,,277633,13,,,1,70,,277634,13,,,1,15,,277648,13,,,1,15,,277635,13,,,1,15,,277649,13,,,1,55,,277636,13,,,1,15,,277650,13,,,1,15,,277637,13,,,1,15,,277651,13,,,1,55,,277638,13,,,1,16,,277652,13,,,1,15,,277639,13,,,1,499,,277640,13,,,1,70,,277641,13,,,1,32,,277642,13,,,1,70,,277643,13,,,1,30,,277644,13,,,1,70,,277645,13,,,1,30,,277646,13,,,1,70,,277647,13,,,1
72300,'723-Weekday-6-26-09-1111100',643,,277653,13,,,1,70,,277654,13,,,1,15,,277668,13,,,1,15,,277655,13,,,1,15,,277669,13,,,1,55,,277656,13,,,1,15,,277670,13,,,1,15,,277657,13,,,1,15,,277671,13,,,1,55,,277658,13,,,1,16,,277672,13,,,1,15,,277659,13,,,1,499,,277660,13,,,1,70,,277661,13,,,1,32,,277662,13,,,1,70,,277663,13,,,1,30,,277664,13,,,1,70,,277665,13,,,1,30,,277666,13,,,1,70,,277667,13,,,1
72300,'723-Weekday-7-26-09-1111100',643,,277673,13,,,1,70,,277674,13,,,1,15,,277688,13,,,1,15,,277675,13,,,1,15,,277689,13,,,1,55,,277676,13,,,1,15,,277690,13,,,1,15,,277677,13,,,1,15,,277691,13,,,1,55,,277678,13,,,1,16,,277692,13,,,1,15,,277679,13,,,1,499,,277680,13,,,1,70,,277681,13,,,1,32,,277682,13,,,1,70,,277683,13,,,1,30,,277684,13,,,1,70,,277685,13,,,1,30,,277686,13,,,1,70,,277687,13,,,1
24092000,'920X-Weekday-1-26-09-1111100',625,,246297,4,,,1,77,,246298,4,,,1,32,,246299,4,,,1,12,,246310,4,,,1,12,,246300,4,,,1,52,,246311,4,,,1,12,,246305,4,,,1,12,,246301,4,,,1,12,,246306,4,,,1,11,,246302,4,,,1,51,,246307,4,,,1,12,,246308,4,,,1,12,,246303,4,,,1,12,,246309,4,,,1,12,,246304,4,,,1
24092000,'920X-Weekday-2-26-09-1111100',625,,246312,4,,,1,77,,246313,4,,,1,32,,246314,4,,,1,12,,246325,4,,,1,12,,246315,4,,,1,52,,246326,4,,,1,12,,246320,4,,,1,12,,246316,4,,,1,12,,246321,4,,,1,11,,246317,4,,,1,51,,246322,4,,,1,12,,246323,4,,,1,12,,246318,4,,,1,12,,246324,4,,,1,12,,246319,4,,,1
24092000,'920X-Weekday-3-26-09-1111100',625,,289106,4,,,1,77,,289107,4,,,1,32,,289108,4,,,1,12,,289119,4,,,1,12,,289109,4,,,1,52,,289120,4,,,1,12,,289114,4,,,1,12,,289110,4,,,1,12,,289115,4,,,1,11,,289111,4,,,1,51,,289116,4,,,1,12,,289117,4,,,1,12,,289112,4,,,1,12,,289118,4,,,1,12,,289113,4,,,1
24092000,'920X-Weekday-4-26-09-1111100',625,,246327,4,,,1,77,,246328,4,,,1,32,,246329,4,,,1,12,,246340,4,,,1,12,,246330,4,,,1,52,,246341,4,,,1,12,,246335,4,,,1,12,,246331,4,,,1,12,,246336,4,,,1,11,,246332,4,,,1,51,,246337,4,,,1,12,,246338,4,,,1,12,,246333,4,,,1,12,,246339,4,,,1,12,,246334,4,,,1
24092000,'920X-Weekday-5-26-09-1111100',625,,289121,4,,,1,77,,289122,4,,,1,32,,289123,4,,,1,12,,289134,4,,,1,12,,289124,4,,,1,52,,289135,4,,,1,12,,289129,4,,,1,12,,289125,4,,,1,12,,289130,4,,,1,11,,289126,4,,,1,51,,289131,4,,,1,12,,289132,4,,,1,12,,289127,4,,,1,12,,289133,4,,,1,12,,289128,4,,,1
24092000,'920X-Weekday-6-26-09-1111100',625,,289136,4,,,1,77,,289137,4,,,1,32,,289138,4,,,1,12,,289149,4,,,1,12,,289139,4,,,1,52,,289150,4,,,1,12,,289144,4,,,1,12,,289140,4,,,1,12,,289145,4,,,1,11,,289141,4,,,1,51,,289146,4,,,1,12,,289147,4,,,1,12,,289142,4,,,1,12,,289148,4,,,1,12,,289143,4,,,1
24092000,'920X-Weekday-7-26-09-1111100',625,,289151,4,,,1,77,,289152,4,,,1,32,,289153,4,,,1,12,,289164,4,,,1,12,,289154,4,,,1,52,,289165,4,,,1,12,,289159,4,,,1,12,,289155,4,,,1,12,,289160,4,,,1,11,,289156,4,,,1,51,,289161,4,,,1,12,,289162,4,,,1,12,,289157,4,,,1,12,,289163,4,,,1,12,,289158,4,,,1
