801,'008-Weekday-1-26-09-1111100',530,,209243,54,,,1,20,,209244,54,,,1,60,,209245,54,,,1,21,,209246,54,,,1,27,,209247,54,,,1,65,,209248,54,,,1,12,,209318,54,,,1,12,,209317,54,,,1,12,,209249,54,,,1,52,,209319,54,,,1,12,,209250,54,,,1,12,,209251,54,,,1,12,,209315,54,,,1,12,,209252,54,,,1,52,,209320,54,,,1,12,,209253,54,,,1,12,,209254,54,,,1,12,,209255,54,,,1,12,,209256,54,,,1,55,,209257,54,,,1,15,,209258,54,,,1,15,,209259,54,,,1,15,,209260,54,,,1,55,,209261,54,,,1,15,,209262,54,,,1,15,,209263,54,,,1,15,,209264,54,,,1,55,,209265,54,,,1,15,,209266,54,,,1,17,,209267,54,,,1,57,,209268,54,,,1,15,,209269,54,,,1,15,,209270,54,,,1,15,,209271,54,,,1,55,,209272,54,,,1,15,,209273,54,,,1,15,,209274,54,,,1,15,,209275,54,,,1,53,,209276,54,,,1,14,,209277,54,,,1,14,,209278,54,,,1,15,,209279,54,,,1,14,,209280,54,,,1,52,,209281,54,,,1,12,,209282,54,,,1,12,,209283,54,,,1,12,,209284,54,,,1,11,,209285,54,,,1,52,,209286,54,,,1,12,,209287,54,,,1,12,,209288,54,,,1,12,,209289,54,,,1,12,,209290,54,,,1,55,,209291,54,,,1,15,,209292,54,,,1,13,,209293,54,,,1,11,,209294,54,,,1,51,,209295,54,,,1,12,,209296,54,,,1,14,,209297,54,,,1,15,,209298,54,,,1,15,,209299,54,,,1,55,,209300,54,,,1,15,,209301,54,,,1,15,,209302,54,,,1,15,,209303,54,,,1,55,,209304,54,,,1,15,,209305,54,,,1,15,,209306,54,,,1,14,,209307,54,,,1,54,,209308,54,,,1,12,,209309,54,,,1,18,,209316,54,,,1,60,,209310,54,,,1,20,,209311,54,,,1,20,,209312,54,,,1,59,,209313,54,,,1,18,,209314,54,,,1,15,,209237,54,,,1,70,,209238,54,,,1,30,,209239,54,,,1,70,,209240,54,,,1,30,,209241,54,,,1,70,,209242,54,,,1
801,'008-Weekday-2-26-09-1111100',530,,209327,54,,,1,20,,209328,54,,,1,60,,209329,54,,,1,21,,209330,54,,,1,27,,209331,54,,,1,65,,209332,54,,,1,12,,209402,54,,,1,12,,209401,54,,,1,12,,209333,54,,,1,52,,209403,54,,,1,12,,209334,54,,,1,12,,209335,54,,,1,12,,209399,54,,,1,12,,209336,54,,,1,52,,209404,54,,,1,12,,209337,54,,,1,12,,209338,54,,,1,12,,209339,54,,,1,12,,209340,54,,,1,55,,209341,54,,,1,15,,209342,54,,,1,15,,209343,54,,,1,15,,209344,54,,,1,55,,209345,54,,,1,15,,209346,54,,,1,15,,209347,54,,,1,15,,209348,54,,,1,55,,209349,54,,,1,15,,209350,54,,,1,17,,209351,54,,,1,57,,209352,54,,,1,15,,209353,54,,,1,15,,209354,54,,,1,15,,209355,54,,,1,55,,209356,54,,,1,15,,209357,54,,,1,15,,209358,54,,,1,15,,209359,54,,,1,53,,209360,54,,,1,14,,209361,54,,,1,14,,209362,54,,,1,15,,209363,54,,,1,14,,209364,54,,,1,52,,209365,54,,,1,12,,209366,54,,,1,12,,209367,54,,,1,12,,209368,54,,,1,11,,209369,54,,,1,52,,209370,54,,,1,12,,209371,54,,,1,12,,209372,54,,,1,12,,209373,54,,,1,12,,209374,54,,,1,55,,209375,54,,,1,15,,209376,54,,,1,13,,209377,54,,,1,11,,209378,54,,,1,51,,209379,54,,,1,12,,209380,54,,,1,14,,209381,54,,,1,15,,209382,54,,,1,15,,209383,54,,,1,55,,209384,54,,,1,15,,209385,54,,,1,15,,209386,54,,,1,15,,209387,54,,,1,55,,209388,54,,,1,15,,209389,54,,,1,15,,209390,54,,,1,14,,209391,54,,,1,54,,209392,54,,,1,12,,209393,54,,,1,18,,209400,54,,,1,60,,209394,54,,,1,20,,209395,54,,,1,20,,209396,54,,,1,59,,209397,54,,,1,18,,209398,54,,,1,15,,209321,54,,,1,70,,209322,54,,,1,30,,209323,54,,,1,70,,209324,54,,,1,30,,209325,54,,,1,70,,209326,54,,,1
801,'008-Weekday-3-26-09-1111100',530,,252571,54,,,1,20,,252572,54,,,1,60,,252573,54,,,1,21,,252574,54,,,1,27,,252575,54,,,1,65,,252576,54,,,1,12,,252646,54,,,1,12,,252645,54,,,1,12,,252577,54,,,1,52,,252647,54,,,1,12,,252578,54,,,1,12,,252579,54,,,1,12,,252643,54,,,1,12,,252580,54,,,1,52,,252648,54,,,1,12,,252581,54,,,1,12,,252582,54,,,1,12,,252583,54,,,1,12,,252584,54,,,1,55,,252585,54,,,1,15,,252586,54,,,1,15,,252587,54,,,1,15,,252588,54,,,1,55,,252589,54,,,1,15,,252590,54,,,1,15,,252591,54,,,1,15,,252592,54,,,1,55,,252593,54,,,1,15,,252594,54,,,1,17,,252595,54,,,1,57,,252596,54,,,1,15,,252597,54,,,1,15,,252598,54,,,1,15,,252599,54,,,1,55,,252600,54,,,1,15,,252601,54,,,1,15,,252602,54,,,1,15,,252603,54,,,1,53,,252604,54,,,1,14,,252605,54,,,1,14,,252606,54,,,1,15,,252607,54,,,1,14,,252608,54,,,1,52,,252609,54,,,1,12,,252610,54,,,1,12,,252611,54,,,1,12,,252612,54,,,1,11,,252613,54,,,1,52,,252614,54,,,1,12,,252615,54,,,1,12,,252616,54,,,1,12,,252617,54,,,1,12,,252618,54,,,1,55,,252619,54,,,1,15,,252620,54,,,1,13,,252621,54,,,1,11,,252622,54,,,1,51,,252623,54,,,1,12,,252624,54,,,1,14,,252625,54,,,1,15,,252626,54,,,1,15,,252627,54,,,1,55,,252628,54,,,1,15,,252629,54,,,1,15,,252630,54,,,1,15,,252631,54,,,1,55,,252632,54,,,1,15,,252633,54,,,1,15,,252634,54,,,1,14,,252635,54,,,1,54,,252636,54,,,1,12,,252637,54,,,1,18,,252644,54,,,1,60,,252638,54,,,1,20,,252639,54,,,1,20,,252640,54,,,1,59,,252641,54,,,1,18,,252642,54,,,1,15,,252565,54,,,1,70,,252566,54,,,1,30,,252567,54,,,1,70,,252568,54,,,1,30,,252569,54,,,1,70,,252570,54,,,1
801,'008-Weekday-4-26-09-1111100',530,,209411,54,,,1,20,,209412,54,,,1,60,,209413,54,,,1,21,,209414,54,,,1,27,,209415,54,,,1,65,,209416,54,,,1,12,,209486,54,,,1,12,,209485,54,,,1,12,,209417,54,,,1,52,,209487,54,,,1,12,,209418,54,,,1,12,,209419,54,,,1,12,,209483,54,,,1,12,,209420,54,,,1,52,,209488,54,,,1,12,,209421,54,,,1,12,,209422,54,,,1,12,,209423,54,,,1,12,,209424,54,,,1,55,,209425,54,,,1,15,,209426,54,,,1,15,,209427,54,,,1,15,,209428,54,,,1,55,,209429,54,,,1,15,,209430,54,,,1,15,,209431,54,,,1,15,,209432,54,,,1,55,,209433,54,,,1,15,,209434,54,,,1,17,,209435,54,,,1,57,,209436,54,,,1,15,,209437,54,,,1,15,,209438,54,,,1,15,,209439,54,,,1,55,,209440,54,,,1,15,,209441,54,,,1,15,,209442,54,,,1,15,,209443,54,,,1,53,,209444,54,,,1,14,,209445,54,,,1,14,,209446,54,,,1,15,,209447,54,,,1,14,,209448,54,,,1,52,,209449,54,,,1,12,,209450,54,,,1,12,,209451,54,,,1,12,,209452,54,,,1,11,,209453,54,,,1,52,,209454,54,,,1,12,,209455,54,,,1,12,,209456,54,,,1,12,,209457,54,,,1,12,,209458,54,,,1,55,,209459,54,,,1,15,,209460,54,,,1,13,,209461,54,,,1,11,,209462,54,,,1,51,,209463,54,,,1,12,,209464,54,,,1,14,,209465,54,,,1,15,,209466,54,,,1,15,,209467,54,,,1,55,,209468,54,,,1,15,,209469,54,,,1,15,,209470,54,,,1,15,,209471,54,,,1,55,,209472,54,,,1,15,,209473,54,,,1,15,,209474,54,,,1,14,,209475,54,,,1,54,,209476,54,,,1,12,,209477,54,,,1,18,,209484,54,,,1,60,,209478,54,,,1,20,,209479,54,,,1,20,,209480,54,,,1,59,,209481,54,,,1,18,,209482,54,,,1,15,,209405,54,,,1,70,,209406,54,,,1,30,,209407,54,,,1,70,,209408,54,,,1,30,,209409,54,,,1,70,,209410,54,,,1
801,'008-Weekday-5-26-09-1111100',530,,252655,54,,,1,20,,252656,54,,,1,60,,252657,54,,,1,21,,252658,54,,,1,27,,252659,54,,,1,65,,252660,54,,,1,12,,252730,54,,,1,12,,252729,54,,,1,12,,252661,54,,,1,52,,252731,54,,,1,12,,252662,54,,,1,12,,252663,54,,,1,12,,252727,54,,,1,12,,252664,54,,,1,52,,252732,54,,,1,12,,252665,54,,,1,12,,252666,54,,,1,12,,252667,54,,,1,12,,252668,54,,,1,55,,252669,54,,,1,15,,252670,54,,,1,15,,252671,54,,,1,15,,252672,54,,,1,55,,252673,54,,,1,15,,252674,54,,,1,15,,252675,54,,,1,15,,252676,54,,,1,55,,252677,54,,,1,15,,252678,54,,,1,17,,252679,54,,,1,57,,252680,54,,,1,15,,252681,54,,,1,15,,252682,54,,,1,15,,252683,54,,,1,55,,252684,54,,,1,15,,252685,54,,,1,15,,252686,54,,,1,15,,252687,54,,,1,53,,252688,54,,,1,14,,252689,54,,,1,14,,252690,54,,,1,15,,252691,54,,,1,14,,252692,54,,,1,52,,252693,54,,,1,12,,252694,54,,,1,12,,252695,54,,,1,12,,252696,54,,,1,11,,252697,54,,,1,52,,252698,54,,,1,12,,252699,54,,,1,12,,252700,54,,,1,12,,252701,54,,,1,12,,252702,54,,,1,55,,252703,54,,,1,15,,252704,54,,,1,13,,252705,54,,,1,11,,252706,54,,,1,51,,252707,54,,,1,12,,252708,54,,,1,14,,252709,54,,,1,15,,252710,54,,,1,15,,252711,54,,,1,55,,252712,54,,,1,15,,252713,54,,,1,15,,252714,54,,,1,15,,252715,54,,,1,55,,252716,54,,,1,15,,252717,54,,,1,15,,252718,54,,,1,14,,252719,54,,,1,54,,252720,54,,,1,12,,252721,54,,,1,18,,252728,54,,,1,60,,252722,54,,,1,20,,252723,54,,,1,20,,252724,54,,,1,59,,252725,54,,,1,18,,252726,54,,,1,15,,252649,54,,,1,70,,252650,54,,,1,30,,252651,54,,,1,70,,252652,54,,,1,30,,252653,54,,,1,70,,252654,54,,,1
801,'008-Weekday-6-26-09-1111100',530,,252739,54,,,1,20,,252740,54,,,1,60,,252741,54,,,1,21,,252742,54,,,1,27,,252743,54,,,1,65,,252744,54,,,1,12,,252814,54,,,1,12,,252813,54,,,1,12,,252745,54,,,1,52,,252815,54,,,1,12,,252746,54,,,1,12,,252747,54,,,1,12,,252811,54,,,1,12,,252748,54,,,1,52,,252816,54,,,1,12,,252749,54,,,1,12,,252750,54,,,1,12,,252751,54,,,1,12,,252752,54,,,1,55,,252753,54,,,1,15,,252754,54,,,1,15,,252755,54,,,1,15,,252756,54,,,1,55,,252757,54,,,1,15,,252758,54,,,1,15,,252759,54,,,1,15,,252760,54,,,1,55,,252761,54,,,1,15,,252762,54,,,1,17,,252763,54,,,1,57,,252764,54,,,1,15,,252765,54,,,1,15,,252766,54,,,1,15,,252767,54,,,1,55,,252768,54,,,1,15,,252769,54,,,1,15,,252770,54,,,1,15,,252771,54,,,1,53,,252772,54,,,1,14,,252773,54,,,1,14,,252774,54,,,1,15,,252775,54,,,1,14,,252776,54,,,1,52,,252777,54,,,1,12,,252778,54,,,1,12,,252779,54,,,1,12,,252780,54,,,1,11,,252781,54,,,1,52,,252782,54,,,1,12,,252783,54,,,1,12,,252784,54,,,1,12,,252785,54,,,1,12,,252786,54,,,1,55,,252787,54,,,1,15,,252788,54,,,1,13,,252789,54,,,1,11,,252790,54,,,1,51,,252791,54,,,1,12,,252792,54,,,1,14,,252793,54,,,1,15,,252794,54,,,1,15,,252795,54,,,1,55,,252796,54,,,1,15,,252797,54,,,1,15,,252798,54,,,1,15,,252799,54,,,1,55,,252800,54,,,1,15,,252801,54,,,1,15,,252802,54,,,1,14,,252803,54,,,1,54,,252804,54,,,1,12,,252805,54,,,1,18,,252812,54,,,1,60,,252806,54,,,1,20,,252807,54,,,1,20,,252808,54,,,1,59,,252809,54,,,1,18,,252810,54,,,1,15,,252733,54,,,1,70,,252734,54,,,1,30,,252735,54,,,1,70,,252736,54,,,1,30,,252737,54,,,1,70,,252738,54,,,1
801,'008-Weekday-7-26-09-1111100',530,,252823,54,,,1,20,,252824,54,,,1,60,,252825,54,,,1,21,,252826,54,,,1,27,,252827,54,,,1,65,,252828,54,,,1,12,,252898,54,,,1,12,,252897,54,,,1,12,,252829,54,,,1,52,,252899,54,,,1,12,,252830,54,,,1,12,,252831,54,,,1,12,,252895,54,,,1,12,,252832,54,,,1,52,,252900,54,,,1,12,,252833,54,,,1,12,,252834,54,,,1,12,,252835,54,,,1,12,,252836,54,,,1,55,,252837,54,,,1,15,,252838,54,,,1,15,,252839,54,,,1,15,,252840,54,,,1,55,,252841,54,,,1,15,,252842,54,,,1,15,,252843,54,,,1,15,,252844,54,,,1,55,,252845,54,,,1,15,,252846,54,,,1,17,,252847,54,,,1,57,,252848,54,,,1,15,,252849,54,,,1,15,,252850,54,,,1,15,,252851,54,,,1,55,,252852,54,,,1,15,,252853,54,,,1,15,,252854,54,,,1,15,,252855,54,,,1,53,,252856,54,,,1,14,,252857,54,,,1,14,,252858,54,,,1,15,,252859,54,,,1,14,,252860,54,,,1,52,,252861,54,,,1,12,,252862,54,,,1,12,,252863,54,,,1,12,,252864,54,,,1,11,,252865,54,,,1,52,,252866,54,,,1,12,,252867,54,,,1,12,,252868,54,,,1,12,,252869,54,,,1,12,,252870,54,,,1,55,,252871,54,,,1,15,,252872,54,,,1,13,,252873,54,,,1,11,,252874,54,,,1,51,,252875,54,,,1,12,,252876,54,,,1,14,,252877,54,,,1,15,,252878,54,,,1,15,,252879,54,,,1,55,,252880,54,,,1,15,,252881,54,,,1,15,,252882,54,,,1,15,,252883,54,,,1,55,,252884,54,,,1,15,,252885,54,,,1,15,,252886,54,,,1,14,,252887,54,,,1,54,,252888,54,,,1,12,,252889,54,,,1,18,,252896,54,,,1,60,,252890,54,,,1,20,,252891,54,,,1,20,,252892,54,,,1,59,,252893,54,,,1,18,,252894,54,,,1,15,,252817,54,,,1,70,,252818,54,,,1,30,,252819,54,,,1,70,,252820,54,,,1,30,,252821,54,,,1,70,,252822,54,,,1
801,'008-Saturday-1-26-09-0000010',603,,209489,54,,,1,20,,209490,54,,,1,20,,209491,54,,,1,60,,209492,54,,,1,20,,209493,54,,,1,20,,209494,54,,,1,60,,209495,54,,,1,20,,209496,54,,,1,20,,209497,54,,,1,61,,209498,54,,,1,19,,209499,54,,,1,18,,209500,54,,,1,16,,209501,54,,,1,55,,209502,54,,,1,15,,209503,54,,,1,15,,209504,54,,,1,15,,209505,54,,,1,55,,209506,54,,,1,15,,209507,54,,,1,15,,209508,54,,,1,15,,209509,54,,,1,56,,209510,54,,,1,15,,209511,54,,,1,15,,209512,54,,,1,15,,209513,54,,,1,55,,209514,54,,,1,15,,209515,54,,,1,15,,209516,54,,,1,15,,209517,54,,,1,55,,209518,54,,,1,15,,209519,54,,,1,15,,209520,54,,,1,15,,209521,54,,,1,55,,209522,54,,,1,15,,209523,54,,,1,15,,209524,54,,,1,15,,209525,54,,,1,55,,209526,54,,,1,15,,209527,54,,,1,15,,209528,54,,,1,15,,209529,54,,,1,55,,209530,54,,,1,15,,209531,54,,,1,13,,209532,54,,,1,17,,209533,54,,,1,56,,209534,54,,,1,16,,209535,54,,,1,16,,209536,54,,,1,55,,209537,54,,,1,14,,209538,54,,,1,14,,209539,54,,,1,15,,209541,54,,,1,15,,209542,54,,,1,55,,209543,54,,,1,15,,209540,54,,,1,15,,209544,54,,,1,15,,209545,54,,,1,55,,209546,54,,,1,15,,209547,54,,,1,15,,209549,54,,,1,15,,209550,54,,,1,55,,209551,54,,,1,15,,209548,54,,,1,21,,209552,54,,,1,61,,209553,54,,,1,21,,209554,54,,,1,20,,209555,54,,,1,60,,209556,54,,,1,26,,209557,54,,,1,70,,209558,54,,,1,30,,209559,54,,,1,70,,209560,54,,,1,30,,209561,54,,,1,70,,209562,54,,,1
801,'008-Sunday-1-26-09-0000001',613,,209563,54,,,1,20,,209564,54,,,1,20,,209565,54,,,1,60,,209566,54,,,1,20,,209567,54,,,1,20,,209568,54,,,1,60,,209569,54,,,1,20,,209570,54,,,1,20,,209571,54,,,1,59,,209572,54,,,1,20,,209573,54,,,1,16,,209574,54,,,1,55,,209575,54,,,1,15,,209576,54,,,1,15,,209625,54,,,1,15,,209577,54,,,1,55,,209578,54,,,1,15,,209579,54,,,1,15,,209580,54,,,1,15,,209581,54,,,1,56,,209582,54,,,1,15,,209583,54,,,1,15,,209584,54,,,1,15,,209585,54,,,1,55,,209586,54,,,1,15,,209587,54,,,1,15,,209588,54,,,1,15,,209589,54,,,1,55,,209590,54,,,1,15,,209591,54,,,1,15,,209592,54,,,1,15,,209593,54,,,1,55,,209594,54,,,1,15,,209595,54,,,1,15,,209596,54,,,1,15,,209597,54,,,1,55,,209598,54,,,1,15,,209599,54,,,1,15,,209600,54,,,1,15,,209601,54,,,1,55,,209602,54,,,1,13,,209603,54,,,1,14,,209604,54,,,1,15,,209605,54,,,1,56,,209606,54,,,1,15,,209607,54,,,1,15,,209608,54,,,1,15,,209609,54,,,1,55,,209610,54,,,1,15,,209611,54,,,1,14,,209612,54,,,1,15,,209613,54,,,1,56,,209634,54,,,1,20,,209633,54,,,1,20,,209632,54,,,1,60,,209631,54,,,1,20,,209627,54,,,1,20,,209630,54,,,1,60,,209629,54,,,1,20,,209628,54,,,1,21,,209614,54,,,1,60,,209615,54,,,1,20,,209616,54,,,1,20,,209624,54,,,1,60,,209617,54,,,1,17,,209618,54,,,1,20,,209626,54,,,1,70,,209619,54,,,1,30,,209620,54,,,1,70,,209621,54,,,1,30,,209622,54,,,1,70,,209623,54,,,1
52301,'523-Weekday-1-26-09-1111100',529,,226320,9,,,1,15,,226321,9,,,1,15,,226322,9,,,1,55,,226323,9,,,1,15,,226324,9,,,1,14,,226325,9,,,1,14,,226326,9,,,1,53,,226327,9,,,1,12,,226328,9,,,1,12,,226329,9,,,1,12,,226330,9,,,1,12,,226331,9,,,1,52,,226332,9,,,1,12,,226333,9,,,1,14,,226334,9,,,1,15,,226335,9,,,1,55,,226336,9,,,1,16,,226337,9,,,1,18,,226338,9,,,1,60,,226339,9,,,1,20,,226340,9,,,1,20,,226341,9,,,1,60,,226342,9,,,1,20,,226343,9,,,1,20,,226344,9,,,1,60,,226345,9,,,1,20,,226346,9,,,1,20,,226347,9,,,1,60,,226348,9,,,1,20,,226349,9,,,1,20,,226350,9,,,1,60,,226351,9,,,1,20,,226352,9,,,1,20,,226353,9,,,1,61,,226354,9,,,1,16,,226355,9,,,1,15,,226356,9,,,1,15,,226357,9,,,1,55,,226358,9,,,1,15,,226359,9,,,1,15,,226360,9,,,1,15,,226361,9,,,1,55,,226362,9,,,1,15,,226363,9,,,1,15,,226364,9,,,1,15,,226365,9,,,1,55,,226366,9,,,1,15,,226367,9,,,1,26,,226368,9,,,1,70,,226369,9,,,1,29,,226370,9,,,1,70,,226371,9,,,1,30,,226372,9,,,1,70,,226373,9,,,1,30,,226374,9,,,1,69,,226375,9,,,1,96,,226376,9,,,1,100,,226377,9,,,1
52301,'523-Weekday-2-26-09-1111100',529,,226378,9,,,1,15,,226379,9,,,1,15,,226380,9,,,1,55,,226381,9,,,1,15,,226382,9,,,1,14,,226383,9,,,1,14,,226384,9,,,1,53,,226385,9,,,1,12,,226386,9,,,1,12,,226387,9,,,1,12,,226388,9,,,1,12,,226389,9,,,1,52,,226390,9,,,1,12,,226391,9,,,1,14,,226392,9,,,1,15,,226393,9,,,1,55,,226394,9,,,1,16,,226395,9,,,1,18,,226396,9,,,1,60,,226397,9,,,1,20,,226398,9,,,1,20,,226399,9,,,1,60,,226400,9,,,1,20,,226401,9,,,1,20,,226402,9,,,1,60,,226403,9,,,1,20,,226404,9,,,1,20,,226405,9,,,1,60,,226406,9,,,1,20,,226407,9,,,1,20,,226408,9,,,1,60,,226409,9,,,1,20,,226410,9,,,1,20,,226411,9,,,1,61,,226412,9,,,1,16,,226413,9,,,1,15,,226414,9,,,1,15,,226415,9,,,1,55,,226416,9,,,1,15,,226417,9,,,1,15,,226418,9,,,1,15,,226419,9,,,1,55,,226420,9,,,1,15,,226421,9,,,1,15,,226422,9,,,1,15,,226423,9,,,1,55,,226424,9,,,1,15,,226425,9,,,1,26,,226426,9,,,1,70,,226427,9,,,1,29,,226428,9,,,1,70,,226429,9,,,1,30,,226430,9,,,1,70,,226431,9,,,1,30,,226432,9,,,1,69,,226433,9,,,1,96,,226434,9,,,1,100,,226435,9,,,1
52301,'523-Weekday-3-26-09-1111100',529,,269325,9,,,1,15,,269326,9,,,1,15,,269327,9,,,1,55,,269328,9,,,1,15,,269329,9,,,1,14,,269330,9,,,1,14,,269331,9,,,1,53,,269332,9,,,1,12,,269333,9,,,1,12,,269334,9,,,1,12,,269335,9,,,1,12,,269336,9,,,1,52,,269337,9,,,1,12,,269338,9,,,1,14,,269339,9,,,1,15,,269340,9,,,1,55,,269341,9,,,1,16,,269342,9,,,1,18,,269343,9,,,1,60,,269344,9,,,1,20,,269345,9,,,1,20,,269346,9,,,1,60,,269347,9,,,1,20,,269348,9,,,1,20,,269349,9,,,1,60,,269350,9,,,1,20,,269351,9,,,1,20,,269352,9,,,1,60,,269353,9,,,1,20,,269354,9,,,1,20,,269355,9,,,1,60,,269356,9,,,1,20,,269357,9,,,1,20,,269358,9,,,1,61,,269359,9,,,1,16,,269360,9,,,1,15,,269361,9,,,1,15,,269362,9,,,1,55,,269363,9,,,1,15,,269364,9,,,1,15,,269365,9,,,1,15,,269366,9,,,1,55,,269367,9,,,1,15,,269368,9,,,1,15,,269369,9,,,1,15,,269370,9,,,1,55,,269371,9,,,1,15,,269372,9,,,1,26,,269373,9,,,1,70,,269374,9,,,1,29,,269375,9,,,1,70,,269376,9,,,1,30,,269377,9,,,1,70,,269378,9,,,1,30,,269379,9,,,1,69,,269380,9,,,1,96,,269381,9,,,1,100,,269382,9,,,1
52301,'523-Weekday-4-26-09-1111100',529,,226436,9,,,1,15,,226437,9,,,1,15,,226438,9,,,1,55,,226439,9,,,1,15,,226440,9,,,1,14,,226441,9,,,1,14,,226442,9,,,1,53,,226443,9,,,1,12,,226444,9,,,1,12,,226445,9,,,1,12,,226446,9,,,1,12,,226447,9,,,1,52,,226448,9,,,1,12,,226449,9,,,1,14,,226450,9,,,1,15,,226451,9,,,1,55,,226452,9,,,1,16,,226453,9,,,1,18,,226454,9,,,1,60,,226455,9,,,1,20,,226456,9,,,1,20,,226457,9,,,1,60,,226458,9,,,1,20,,226459,9,,,1,20,,226460,9,,,1,60,,226461,9,,,1,20,,226462,9,,,1,20,,226463,9,,,1,60,,226464,9,,,1,20,,226465,9,,,1,20,,226466,9,,,1,60,,226467,9,,,1,20,,226468,9,,,1,20,,226469,9,,,1,61,,226470,9,,,1,16,,226471,9,,,1,15,,226472,9,,,1,15,,226473,9,,,1,55,,226474,9,,,1,15,,226475,9,,,1,15,,226476,9,,,1,15,,226477,9,,,1,55,,226478,9,,,1,15,,226479,9,,,1,15,,226480,9,,,1,15,,226481,9,,,1,55,,226482,9,,,1,15,,226483,9,,,1,26,,226484,9,,,1,70,,226485,9,,,1,29,,226486,9,,,1,70,,226487,9,,,1,30,,226488,9,,,1,70,,226489,9,,,1,30,,226490,9,,,1,69,,226491,9,,,1,96,,226492,9,,,1,100,,226493,9,,,1
52301,'523-Weekday-5-26-09-1111100',529,,269383,9,,,1,15,,269384,9,,,1,15,,269385,9,,,1,55,,269386,9,,,1,15,,269387,9,,,1,14,,269388,9,,,1,14,,269389,9,,,1,53,,269390,9,,,1,12,,269391,9,,,1,12,,269392,9,,,1,12,,269393,9,,,1,12,,269394,9,,,1,52,,269395,9,,,1,12,,269396,9,,,1,14,,269397,9,,,1,15,,269398,9,,,1,55,,269399,9,,,1,16,,269400,9,,,1,18,,269401,9,,,1,60,,269402,9,,,1,20,,269403,9,,,1,20,,269404,9,,,1,60,,269405,9,,,1,20,,269406,9,,,1,20,,269407,9,,,1,60,,269408,9,,,1,20,,269409,9,,,1,20,,269410,9,,,1,60,,269411,9,,,1,20,,269412,9,,,1,20,,269413,9,,,1,60,,269414,9,,,1,20,,269415,9,,,1,20,,269416,9,,,1,61,,269417,9,,,1,16,,269418,9,,,1,15,,269419,9,,,1,15,,269420,9,,,1,55,,269421,9,,,1,15,,269422,9,,,1,15,,269423,9,,,1,15,,269424,9,,,1,55,,269425,9,,,1,15,,269426,9,,,1,15,,269427,9,,,1,15,,269428,9,,,1,55,,269429,9,,,1,15,,269430,9,,,1,26,,269431,9,,,1,70,,269432,9,,,1,29,,269433,9,,,1,70,,269434,9,,,1,30,,269435,9,,,1,70,,269436,9,,,1,30,,269437,9,,,1,69,,269438,9,,,1,96,,269439,9,,,1,100,,269440,9,,,1
52301,'523-Weekday-6-26-09-1111100',529,,269441,9,,,1,15,,269442,9,,,1,15,,269443,9,,,1,55,,269444,9,,,1,15,,269445,9,,,1,14,,269446,9,,,1,14,,269447,9,,,1,53,,269448,9,,,1,12,,269449,9,,,1,12,,269450,9,,,1,12,,269451,9,,,1,12,,269452,9,,,1,52,,269453,9,,,1,12,,269454,9,,,1,14,,269455,9,,,1,15,,269456,9,,,1,55,,269457,9,,,1,16,,269458,9,,,1,18,,269459,9,,,1,60,,269460,9,,,1,20,,269461,9,,,1,20,,269462,9,,,1,60,,269463,9,,,1,20,,269464,9,,,1,20,,269465,9,,,1,60,,269466,9,,,1,20,,269467,9,,,1,20,,269468,9,,,1,60,,269469,9,,,1,20,,269470,9,,,1,20,,269471,9,,,1,60,,269472,9,,,1,20,,269473,9,,,1,20,,269474,9,,,1,61,,269475,9,,,1,16,,269476,9,,,1,15,,269477,9,,,1,15,,269478,9,,,1,55,,269479,9,,,1,15,,269480,9,,,1,15,,269481,9,,,1,15,,269482,9,,,1,55,,269483,9,,,1,15,,269484,9,,,1,15,,269485,9,,,1,15,,269486,9,,,1,55,,269487,9,,,1,15,,269488,9,,,1,26,,269489,9,,,1,70,,269490,9,,,1,29,,269491,9,,,1,70,,269492,9,,,1,30,,269493,9,,,1,70,,269494,9,,,1,30,,269495,9,,,1,69,,269496,9,,,1,96,,269497,9,,,1,100,,269498,9,,,1
52301,'523-Weekday-7-26-09-1111100',529,,269499,9,,,1,15,,269500,9,,,1,15,,269501,9,,,1,55,,269502,9,,,1,15,,269503,9,,,1,14,,269504,9,,,1,14,,269505,9,,,1,53,,269506,9,,,1,12,,269507,9,,,1,12,,269508,9,,,1,12,,269509,9,,,1,12,,269510,9,,,1,52,,269511,9,,,1,12,,269512,9,,,1,14,,269513,9,,,1,15,,269514,9,,,1,55,,269515,9,,,1,16,,269516,9,,,1,18,,269517,9,,,1,60,,269518,9,,,1,20,,269519,9,,,1,20,,269520,9,,,1,60,,269521,9,,,1,20,,269522,9,,,1,20,,269523,9,,,1,60,,269524,9,,,1,20,,269525,9,,,1,20,,269526,9,,,1,60,,269527,9,,,1,20,,269528,9,,,1,20,,269529,9,,,1,60,,269530,9,,,1,20,,269531,9,,,1,20,,269532,9,,,1,61,,269533,9,,,1,16,,269534,9,,,1,15,,269535,9,,,1,15,,269536,9,,,1,55,,269537,9,,,1,15,,269538,9,,,1,15,,269539,9,,,1,15,,269540,9,,,1,55,,269541,9,,,1,15,,269542,9,,,1,15,,269543,9,,,1,15,,269544,9,,,1,55,,269545,9,,,1,15,,269546,9,,,1,26,,269547,9,,,1,70,,269548,9,,,1,29,,269549,9,,,1,70,,269550,9,,,1,30,,269551,9,,,1,70,,269552,9,,,1,30,,269553,9,,,1,69,,269554,9,,,1,96,,269555,9,,,1,100,,269556,9,,,1
52301,'523-Saturday-1-26-09-0000010',628,,226494,9,,,1,100,,226495,9,,,1,100,,226496,9,,,1,20,,226497,9,,,1,60,,226526,9,,,1,22,,226498,9,,,1,23,,226499,9,,,1,60,,226527,9,,,1,20,,226500,9,,,1,20,,226501,9,,,1,60,,226528,9,,,1,20,,226502,9,,,1,20,,226503,9,,,1,60,,226529,9,,,1,20,,226504,9,,,1,20,,226505,9,,,1,60,,226530,9,,,1,20,,226507,9,,,1,20,,226508,9,,,1,60,,226531,9,,,1,20,,226509,9,,,1,20,,226506,9,,,1,60,,226532,9,,,1,20,,226510,9,,,1,20,,226511,9,,,1,60,,226533,9,,,1,20,,226512,9,,,1,20,,226513,9,,,1,60,,226534,9,,,1,19,,226514,9,,,1,18,,226515,9,,,1,60,,226535,9,,,1,20,,226516,9,,,1,20,,226517,9,,,1,60,,226536,9,,,1,20,,226518,9,,,1,20,,226519,9,,,1,60,,226537,9,,,1,20,,226520,9,,,1,20,,226521,9,,,1,60,,226538,9,,,1,20,,226522,9,,,1,20,,226539,9,,,1,60,,226523,9,,,1,101,,226524,9,,,1,100,,226525,9,,,1
52301,'523-Sunday-1-26-09-0000001',628,,226540,9,,,1,100,,226541,9,,,1,100,,226542,9,,,1,104,,226543,9,,,1,100,,226544,9,,,1,20,,226545,9,,,1,60,,226546,9,,,1,20,,226547,9,,,1,20,,226549,9,,,1,60,,226550,9,,,1,20,,226551,9,,,1,20,,226548,9,,,1,60,,226552,9,,,1,20,,226553,9,,,1,20,,226554,9,,,1,60,,226555,9,,,1,20,,226556,9,,,1,20,,226558,9,,,1,60,,226559,9,,,1,20,,226560,9,,,1,20,,226557,9,,,1,60,,226561,9,,,1,20,,226562,9,,,1,20,,226569,9,,,1,60,,226563,9,,,1,19,,226570,9,,,1,19,,226564,9,,,1,60,,226573,9,,,1,20,,226574,9,,,1,20,,226575,9,,,1,60,,226576,9,,,1,30,,226572,9,,,1,70,,226571,9,,,1,30,,226568,9,,,1,70,,226566,9,,,1,100,,226567,9,,,1,100,,226565,9,,,1,100,,226577,9,,,1
