50100,'501-Weekday-1-26-09-1111100',609,,221207,16,,,1,31,,221208,16,,,1,70,,221240,16,,,1,15,,221209,16,,,1,15,,221237,16,,,1,15,,221210,16,,,1,55,,221243,16,,,1,15,,221211,16,,,1,15,,221244,16,,,1,74,,221213,16,,,1,34,,221214,16,,,1,74,,221215,16,,,1,34,,221216,16,,,1,74,,221217,16,,,1,74,,221218,16,,,1,34,,221219,16,,,1,74,,221220,16,,,1,34,,221221,16,,,1,74,,221242,16,,,1,35,,221241,16,,,1,56,,221238,16,,,1,15,,221222,16,,,1,15,,221223,16,,,1,15,,221224,16,,,1,55,,221239,16,,,1,15,,221226,16,,,1,15,,221225,16,,,1,15,,221228,16,,,1,55,,221245,16,,,1,15,,221246,16,,,1,15,,221247,16,,,1,70,,221229,16,,,1,30,,221230,16,,,1,71,,221231,16,,,1,31,,221232,16,,,1,71,,221233,16,,,1,31,,221234,16,,,1,71,,221235,16,,,1,31,,221236,16,,,1,99,,221227,16,,,1,100,,221212,16,,,1
50100,'501-Weekday-2-26-09-1111100',609,,221248,16,,,1,31,,221249,16,,,1,70,,221281,16,,,1,15,,221250,16,,,1,15,,221278,16,,,1,15,,221251,16,,,1,55,,221284,16,,,1,15,,221252,16,,,1,15,,221285,16,,,1,74,,221254,16,,,1,34,,221255,16,,,1,74,,221256,16,,,1,34,,221257,16,,,1,74,,221258,16,,,1,74,,221259,16,,,1,34,,221260,16,,,1,74,,221261,16,,,1,34,,221262,16,,,1,74,,221283,16,,,1,35,,221282,16,,,1,56,,221279,16,,,1,15,,221263,16,,,1,15,,221264,16,,,1,15,,221265,16,,,1,55,,221280,16,,,1,15,,221267,16,,,1,15,,221266,16,,,1,15,,221269,16,,,1,55,,221286,16,,,1,15,,221287,16,,,1,15,,221288,16,,,1,70,,221270,16,,,1,30,,221271,16,,,1,71,,221272,16,,,1,31,,221273,16,,,1,71,,221274,16,,,1,31,,221275,16,,,1,71,,221276,16,,,1,31,,221277,16,,,1,99,,221268,16,,,1,100,,221253,16,,,1
50100,'501-Weekday-3-26-09-1111100',609,,264505,16,,,1,31,,264506,16,,,1,70,,264538,16,,,1,15,,264507,16,,,1,15,,264535,16,,,1,15,,264508,16,,,1,55,,264541,16,,,1,15,,264509,16,,,1,15,,264542,16,,,1,74,,264511,16,,,1,34,,264512,16,,,1,74,,264513,16,,,1,34,,264514,16,,,1,74,,264515,16,,,1,74,,264516,16,,,1,34,,264517,16,,,1,74,,264518,16,,,1,34,,264519,16,,,1,74,,264540,16,,,1,35,,264539,16,,,1,56,,264536,16,,,1,15,,264520,16,,,1,15,,264521,16,,,1,15,,264522,16,,,1,55,,264537,16,,,1,15,,264524,16,,,1,15,,264523,16,,,1,15,,264526,16,,,1,55,,264543,16,,,1,15,,264544,16,,,1,15,,264545,16,,,1,70,,264527,16,,,1,30,,264528,16,,,1,71,,264529,16,,,1,31,,264530,16,,,1,71,,264531,16,,,1,31,,264532,16,,,1,71,,264533,16,,,1,31,,264534,16,,,1,99,,264525,16,,,1,100,,264510,16,,,1
50100,'501-Weekday-4-26-09-1111100',609,,221289,16,,,1,31,,221290,16,,,1,70,,221322,16,,,1,15,,221291,16,,,1,15,,221319,16,,,1,15,,221292,16,,,1,55,,221325,16,,,1,15,,221293,16,,,1,15,,221326,16,,,1,74,,221295,16,,,1,34,,221296,16,,,1,74,,221297,16,,,1,34,,221298,16,,,1,74,,221299,16,,,1,74,,221300,16,,,1,34,,221301,16,,,1,74,,221302,16,,,1,34,,221303,16,,,1,74,,221324,16,,,1,35,,221323,16,,,1,56,,221320,16,,,1,15,,221304,16,,,1,15,,221305,16,,,1,15,,221306,16,,,1,55,,221321,16,,,1,15,,221308,16,,,1,15,,221307,16,,,1,15,,221310,16,,,1,55,,221327,16,,,1,15,,221328,16,,,1,15,,221329,16,,,1,70,,221311,16,,,1,30,,221312,16,,,1,71,,221313,16,,,1,31,,221314,16,,,1,71,,221315,16,,,1,31,,221316,16,,,1,71,,221317,16,,,1,31,,221318,16,,,1,99,,221309,16,,,1,100,,221294,16,,,1
50100,'501-Weekday-5-26-09-1111100',609,,264546,16,,,1,31,,264547,16,,,1,70,,264579,16,,,1,15,,264548,16,,,1,15,,264576,16,,,1,15,,264549,16,,,1,55,,264582,16,,,1,15,,264550,16,,,1,15,,264583,16,,,1,74,,264552,16,,,1,34,,264553,16,,,1,74,,264554,16,,,1,34,,264555,16,,,1,74,,264556,16,,,1,74,,264557,16,,,1,34,,264558,16,,,1,74,,264559,16,,,1,34,,264560,16,,,1,74,,264581,16,,,1,35,,264580,16,,,1,56,,264577,16,,,1,15,,264561,16,,,1,15,,264562,16,,,1,15,,264563,16,,,1,55,,264578,16,,,1,15,,264565,16,,,1,15,,264564,16,,,1,15,,264567,16,,,1,55,,264584,16,,,1,15,,264585,16,,,1,15,,264586,16,,,1,70,,264568,16,,,1,30,,264569,16,,,1,71,,264570,16,,,1,31,,264571,16,,,1,71,,264572,16,,,1,31,,264573,16,,,1,71,,264574,16,,,1,31,,264575,16,,,1,99,,264566,16,,,1,100,,264551,16,,,1
50100,'501-Weekday-6-26-09-1111100',609,,264587,16,,,1,31,,264588,16,,,1,70,,264620,16,,,1,15,,264589,16,,,1,15,,264617,16,,,1,15,,264590,16,,,1,55,,264623,16,,,1,15,,264591,16,,,1,15,,264624,16,,,1,74,,264593,16,,,1,34,,264594,16,,,1,74,,264595,16,,,1,34,,264596,16,,,1,74,,264597,16,,,1,74,,264598,16,,,1,34,,264599,16,,,1,74,,264600,16,,,1,34,,264601,16,,,1,74,,264622,16,,,1,35,,264621,16,,,1,56,,264618,16,,,1,15,,264602,16,,,1,15,,264603,16,,,1,15,,264604,16,,,1,55,,264619,16,,,1,15,,264606,16,,,1,15,,264605,16,,,1,15,,264608,16,,,1,55,,264625,16,,,1,15,,264626,16,,,1,15,,264627,16,,,1,70,,264609,16,,,1,30,,264610,16,,,1,71,,264611,16,,,1,31,,264612,16,,,1,71,,264613,16,,,1,31,,264614,16,,,1,71,,264615,16,,,1,31,,264616,16,,,1,99,,264607,16,,,1,100,,264592,16,,,1
50100,'501-Weekday-7-26-09-1111100',609,,264628,16,,,1,31,,264629,16,,,1,70,,264661,16,,,1,15,,264630,16,,,1,15,,264658,16,,,1,15,,264631,16,,,1,55,,264664,16,,,1,15,,264632,16,,,1,15,,264665,16,,,1,74,,264634,16,,,1,34,,264635,16,,,1,74,,264636,16,,,1,34,,264637,16,,,1,74,,264638,16,,,1,74,,264639,16,,,1,34,,264640,16,,,1,74,,264641,16,,,1,34,,264642,16,,,1,74,,264663,16,,,1,35,,264662,16,,,1,56,,264659,16,,,1,15,,264643,16,,,1,15,,264644,16,,,1,15,,264645,16,,,1,55,,264660,16,,,1,15,,264647,16,,,1,15,,264646,16,,,1,15,,264649,16,,,1,55,,264666,16,,,1,15,,264667,16,,,1,15,,264668,16,,,1,70,,264650,16,,,1,30,,264651,16,,,1,71,,264652,16,,,1,31,,264653,16,,,1,71,,264654,16,,,1,31,,264655,16,,,1,71,,264656,16,,,1,31,,264657,16,,,1,99,,264648,16,,,1,100,,264633,16,,,1
50100,'501-Saturday-1-26-09-0000010',609,,221352,16,,,1,100,,221353,16,,,1,100,,221330,16,,,1,30,,221331,16,,,1,71,,221332,16,,,1,32,,221333,16,,,1,72,,221334,16,,,1,32,,221335,16,,,1,72,,221336,16,,,1,32,,221337,16,,,1,72,,221338,16,,,1,32,,221339,16,,,1,72,,221340,16,,,1,32,,221341,16,,,1,72,,221342,16,,,1,72,,221343,16,,,1,32,,221344,16,,,1,72,,221345,16,,,1,32,,221346,16,,,1,72,,221347,16,,,1,32,,221348,16,,,1,72,,221349,16,,,1,32,,221350,16,,,1,72,,221351,16,,,1
50100,'501-Sunday-1-26-09-0000001',617,,221354,16,,,1,100,,221355,16,,,1,100,,221356,16,,,1,101,,221357,16,,,1,100,,221358,16,,,1,30,,221359,16,,,1,70,,221360,16,,,1,30,,221361,16,,,1,70,,221362,16,,,1,30,,221363,16,,,1,70,,221364,16,,,1,30,,221365,16,,,1,70,,221366,16,,,1,30,,221367,16,,,1,70,,221368,16,,,1,30,,221369,16,,,1,70,,221370,16,,,1,30,,221371,16,,,1,70,,221372,16,,,1,30,,221373,16,,,1,70,,221374,16,,,1,30,,221375,16,,,1,70,,221376,16,,,1
52500,'525-Weekday-1-26-09-1111100',943,,226694,7,,,1,70,,226695,7,,,1,30,,226696,7,,,1,70,,226697,7,,,1,30,,226698,7,,,1,70,,226699,7,,,1,30,,226700,7,,,1,70,,226701,7,,,1,30,,226702,7,,,1,70,,226703,7,,,1,30,,226704,7,,,1,102,,226705,7,,,1,100,,226706,7,,,1,100,,226707,7,,,1
52500,'525-Weekday-2-26-09-1111100',943,,226708,7,,,1,70,,226709,7,,,1,30,,226710,7,,,1,70,,226711,7,,,1,30,,226712,7,,,1,70,,226713,7,,,1,30,,226714,7,,,1,70,,226715,7,,,1,30,,226716,7,,,1,70,,226717,7,,,1,30,,226718,7,,,1,102,,226719,7,,,1,100,,226720,7,,,1,100,,226721,7,,,1
52500,'525-Weekday-3-26-09-1111100',943,,269677,7,,,1,70,,269678,7,,,1,30,,269679,7,,,1,70,,269680,7,,,1,30,,269681,7,,,1,70,,269682,7,,,1,30,,269683,7,,,1,70,,269684,7,,,1,30,,269685,7,,,1,70,,269686,7,,,1,30,,269687,7,,,1,102,,269688,7,,,1,100,,269689,7,,,1,100,,269690,7,,,1
52500,'525-Weekday-4-26-09-1111100',943,,226722,7,,,1,70,,226723,7,,,1,30,,226724,7,,,1,70,,226725,7,,,1,30,,226726,7,,,1,70,,226727,7,,,1,30,,226728,7,,,1,70,,226729,7,,,1,30,,226730,7,,,1,70,,226731,7,,,1,30,,226732,7,,,1,102,,226733,7,,,1,100,,226734,7,,,1,100,,226735,7,,,1
52500,'525-Weekday-5-26-09-1111100',943,,269691,7,,,1,70,,269692,7,,,1,30,,269693,7,,,1,70,,269694,7,,,1,30,,269695,7,,,1,70,,269696,7,,,1,30,,269697,7,,,1,70,,269698,7,,,1,30,,269699,7,,,1,70,,269700,7,,,1,30,,269701,7,,,1,102,,269702,7,,,1,100,,269703,7,,,1,100,,269704,7,,,1
52500,'525-Weekday-6-26-09-1111100',943,,269705,7,,,1,70,,269706,7,,,1,30,,269707,7,,,1,70,,269708,7,,,1,30,,269709,7,,,1,70,,269710,7,,,1,30,,269711,7,,,1,70,,269712,7,,,1,30,,269713,7,,,1,70,,269714,7,,,1,30,,269715,7,,,1,102,,269716,7,,,1,100,,269717,7,,,1,100,,269718,7,,,1
52500,'525-Weekday-7-26-09-1111100',943,,269719,7,,,1,70,,269720,7,,,1,30,,269721,7,,,1,70,,269722,7,,,1,30,,269723,7,,,1,70,,269724,7,,,1,30,,269725,7,,,1,70,,269726,7,,,1,30,,269727,7,,,1,70,,269728,7,,,1,30,,269729,7,,,1,102,,269730,7,,,1,100,,269731,7,,,1,100,,269732,7,,,1
52500,'525-Saturday-1-26-09-0000010',1114,,226736,7,,,1,100,,226737,7,,,1,100,,226738,7,,,1,100,,226739,7,,,1,100,,226740,7,,,1,100,,226741,7,,,1,100,,226742,7,,,1
52500,'525-Sunday-1-26-09-0000001',1113,,226743,7,,,1,100,,226744,7,,,1,100,,226745,7,,,1,100,,226746,7,,,1,100,,226747,7,,,1,100,,226748,7,,,1
