50400,'504-Weekday-1-26-09-1111100',530,,221700,1,,,1,70,,221701,1,,,1,29,,221702,1,,,1,72,,221703,1,,,1,30,,221704,1,,,1,70,,221705,1,,,1,30,,221706,1,,,1,99,,221707,1,,,1,100,,221708,1,,,1,100,,221709,1,,,1,100,,221710,1,,,1,100,,221711,1,,,1,100,,221712,1,,,1,84,,221713,1,,,1,31,,221714,1,,,1,70,,221715,1,,,1,30,,221716,1,,,1,70,,221717,1,,,1,101,,221718,1,,,1,101,,221719,1,,,1,100,,221720,1,,,1,100,,221721,1,,,1
50400,'504-Weekday-2-26-09-1111100',530,,221722,1,,,1,70,,221723,1,,,1,29,,221724,1,,,1,72,,221725,1,,,1,30,,221726,1,,,1,70,,221727,1,,,1,30,,221728,1,,,1,99,,221729,1,,,1,100,,221730,1,,,1,100,,221731,1,,,1,100,,221732,1,,,1,100,,221733,1,,,1,100,,221734,1,,,1,84,,221735,1,,,1,31,,221736,1,,,1,70,,221737,1,,,1,30,,221738,1,,,1,70,,221739,1,,,1,101,,221740,1,,,1,101,,221741,1,,,1,100,,221742,1,,,1,100,,221743,1,,,1
50400,'504-Weekday-3-26-09-1111100',530,,265034,1,,,1,70,,265035,1,,,1,29,,265036,1,,,1,72,,265037,1,,,1,30,,265038,1,,,1,70,,265039,1,,,1,30,,265040,1,,,1,99,,265041,1,,,1,100,,265042,1,,,1,100,,265043,1,,,1,100,,265044,1,,,1,100,,265045,1,,,1,100,,265046,1,,,1,84,,265047,1,,,1,31,,265048,1,,,1,70,,265049,1,,,1,30,,265050,1,,,1,70,,265051,1,,,1,101,,265052,1,,,1,101,,265053,1,,,1,100,,265054,1,,,1,100,,265055,1,,,1
50400,'504-Weekday-4-26-09-1111100',530,,221744,1,,,1,70,,221745,1,,,1,29,,221746,1,,,1,72,,221747,1,,,1,30,,221748,1,,,1,70,,221749,1,,,1,30,,221750,1,,,1,99,,221751,1,,,1,100,,221752,1,,,1,100,,221753,1,,,1,100,,221754,1,,,1,100,,221755,1,,,1,100,,221756,1,,,1,84,,221757,1,,,1,31,,221758,1,,,1,70,,221759,1,,,1,30,,221760,1,,,1,70,,221761,1,,,1,101,,221762,1,,,1,101,,221763,1,,,1,100,,221764,1,,,1,100,,221765,1,,,1
50400,'504-Weekday-5-26-09-1111100',530,,265056,1,,,1,70,,265057,1,,,1,29,,265058,1,,,1,72,,265059,1,,,1,30,,265060,1,,,1,70,,265061,1,,,1,30,,265062,1,,,1,99,,265063,1,,,1,100,,265064,1,,,1,100,,265065,1,,,1,100,,265066,1,,,1,100,,265067,1,,,1,100,,265068,1,,,1,84,,265069,1,,,1,31,,265070,1,,,1,70,,265071,1,,,1,30,,265072,1,,,1,70,,265073,1,,,1,101,,265074,1,,,1,101,,265075,1,,,1,100,,265076,1,,,1,100,,265077,1,,,1
50400,'504-Weekday-6-26-09-1111100',530,,265078,1,,,1,70,,265079,1,,,1,29,,265080,1,,,1,72,,265081,1,,,1,30,,265082,1,,,1,70,,265083,1,,,1,30,,265084,1,,,1,99,,265085,1,,,1,100,,265086,1,,,1,100,,265087,1,,,1,100,,265088,1,,,1,100,,265089,1,,,1,100,,265090,1,,,1,84,,265091,1,,,1,31,,265092,1,,,1,70,,265093,1,,,1,30,,265094,1,,,1,70,,265095,1,,,1,101,,265096,1,,,1,101,,265097,1,,,1,100,,265098,1,,,1,100,,265099,1,,,1
50400,'504-Weekday-7-26-09-1111100',530,,265100,1,,,1,70,,265101,1,,,1,29,,265102,1,,,1,72,,265103,1,,,1,30,,265104,1,,,1,70,,265105,1,,,1,30,,265106,1,,,1,99,,265107,1,,,1,100,,265108,1,,,1,100,,265109,1,,,1,100,,265110,1,,,1,100,,265111,1,,,1,100,,265112,1,,,1,84,,265113,1,,,1,31,,265114,1,,,1,70,,265115,1,,,1,30,,265116,1,,,1,70,,265117,1,,,1,101,,265118,1,,,1,101,,265119,1,,,1,100,,265120,1,,,1,100,,265121,1,,,1
50400,'504-Saturday-1-26-09-0000010',743,,221766,1,,,1,100,,221767,1,,,1,100,,221768,1,,,1,100,,221769,1,,,1,100,,221770,1,,,1,100,,221771,1,,,1,100,,221772,1,,,1,100,,221773,1,,,1,100,,221774,1,,,1,100,,221775,1,,,1,100,,221776,1,,,1,100,,221777,1,,,1,100,,221778,1,,,1
50400,'504-Sunday-1-26-09-0000001',740,,221779,1,,,1,99,,221780,1,,,1,99,,221781,1,,,1,100,,221782,1,,,1,100,,221783,1,,,1,100,,221784,1,,,1,100,,221785,1,,,1,100,,221786,1,,,1,100,,221787,1,,,1,101,,221788,1,,,1,101,,221789,1,,,1,100,,221790,1,,,1
50401,'504-Weekday-1-26-09-1111100',551,,221791,27,4,,1,70,,221792,27,4,,1,35,,221793,27,4,,1,70,,221794,27,4,,1,30,,221795,27,4,,1,70,,221796,27,4,,1,30,,221797,27,4,,1,67,,221798,27,4,,1,100,,221799,27,4,,1,100,,221800,27,4,,1,100,,221801,27,4,,1,100,,221802,27,4,,1,100,,221803,27,4,,1,86,,221804,27,4,,1,32,,221805,27,4,,1,72,,221806,27,4,,1,30,,221807,27,4,,1,70,,221808,27,4,,1,100,,221809,27,4,,1,95,,221810,27,4,,1,100,,221811,27,4,,1,100,,221812,27,4,,1,100,,221813,27,4,,1
50401,'504-Weekday-2-26-09-1111100',551,,221814,27,4,,1,70,,221815,27,4,,1,35,,221816,27,4,,1,70,,221817,27,4,,1,30,,221818,27,4,,1,70,,221819,27,4,,1,30,,221820,27,4,,1,67,,221821,27,4,,1,100,,221822,27,4,,1,100,,221823,27,4,,1,100,,221824,27,4,,1,100,,221825,27,4,,1,100,,221826,27,4,,1,86,,221827,27,4,,1,32,,221828,27,4,,1,72,,221829,27,4,,1,30,,221830,27,4,,1,70,,221831,27,4,,1,100,,221832,27,4,,1,95,,221833,27,4,,1,100,,221834,27,4,,1,100,,221835,27,4,,1,100,,221836,27,4,,1
50401,'504-Weekday-3-26-09-1111100',551,,265122,27,4,,1,70,,265123,27,4,,1,35,,265124,27,4,,1,70,,265125,27,4,,1,30,,265126,27,4,,1,70,,265127,27,4,,1,30,,265128,27,4,,1,67,,265129,27,4,,1,100,,265130,27,4,,1,100,,265131,27,4,,1,100,,265132,27,4,,1,100,,265133,27,4,,1,100,,265134,27,4,,1,86,,265135,27,4,,1,32,,265136,27,4,,1,72,,265137,27,4,,1,30,,265138,27,4,,1,70,,265139,27,4,,1,100,,265140,27,4,,1,95,,265141,27,4,,1,100,,265142,27,4,,1,100,,265143,27,4,,1,100,,265144,27,4,,1
50401,'504-Weekday-4-26-09-1111100',551,,221837,27,4,,1,70,,221838,27,4,,1,35,,221839,27,4,,1,70,,221840,27,4,,1,30,,221841,27,4,,1,70,,221842,27,4,,1,30,,221843,27,4,,1,67,,221844,27,4,,1,100,,221845,27,4,,1,100,,221846,27,4,,1,100,,221847,27,4,,1,100,,221848,27,4,,1,100,,221849,27,4,,1,86,,221850,27,4,,1,32,,221851,27,4,,1,72,,221852,27,4,,1,30,,221853,27,4,,1,70,,221854,27,4,,1,100,,221855,27,4,,1,95,,221856,27,4,,1,100,,221857,27,4,,1,100,,221858,27,4,,1,100,,221859,27,4,,1
50401,'504-Weekday-5-26-09-1111100',551,,265145,27,4,,1,70,,265146,27,4,,1,35,,265147,27,4,,1,70,,265148,27,4,,1,30,,265149,27,4,,1,70,,265150,27,4,,1,30,,265151,27,4,,1,67,,265152,27,4,,1,100,,265153,27,4,,1,100,,265154,27,4,,1,100,,265155,27,4,,1,100,,265156,27,4,,1,100,,265157,27,4,,1,86,,265158,27,4,,1,32,,265159,27,4,,1,72,,265160,27,4,,1,30,,265161,27,4,,1,70,,265162,27,4,,1,100,,265163,27,4,,1,95,,265164,27,4,,1,100,,265165,27,4,,1,100,,265166,27,4,,1,100,,265167,27,4,,1
50401,'504-Weekday-6-26-09-1111100',551,,265168,27,4,,1,70,,265169,27,4,,1,35,,265170,27,4,,1,70,,265171,27,4,,1,30,,265172,27,4,,1,70,,265173,27,4,,1,30,,265174,27,4,,1,67,,265175,27,4,,1,100,,265176,27,4,,1,100,,265177,27,4,,1,100,,265178,27,4,,1,100,,265179,27,4,,1,100,,265180,27,4,,1,86,,265181,27,4,,1,32,,265182,27,4,,1,72,,265183,27,4,,1,30,,265184,27,4,,1,70,,265185,27,4,,1,100,,265186,27,4,,1,95,,265187,27,4,,1,100,,265188,27,4,,1,100,,265189,27,4,,1,100,,265190,27,4,,1
50401,'504-Weekday-7-26-09-1111100',551,,265191,27,4,,1,70,,265192,27,4,,1,35,,265193,27,4,,1,70,,265194,27,4,,1,30,,265195,27,4,,1,70,,265196,27,4,,1,30,,265197,27,4,,1,67,,265198,27,4,,1,100,,265199,27,4,,1,100,,265200,27,4,,1,100,,265201,27,4,,1,100,,265202,27,4,,1,100,,265203,27,4,,1,86,,265204,27,4,,1,32,,265205,27,4,,1,72,,265206,27,4,,1,30,,265207,27,4,,1,70,,265208,27,4,,1,100,,265209,27,4,,1,95,,265210,27,4,,1,100,,265211,27,4,,1,100,,265212,27,4,,1,100,,265213,27,4,,1
50401,'504-Saturday-1-26-09-0000010',735,,221860,27,4,,1,100,,221861,27,4,,1,100,,221862,27,4,,1,100,,221863,27,4,,1,100,,221864,27,4,,1,100,,221865,27,4,,1,100,,221866,27,4,,1,100,,221867,27,4,,1,100,,221868,27,4,,1,100,,221869,27,4,,1,100,,221870,27,4,,1,100,,221871,27,4,,1,100,,221872,27,4,,1
50401,'504-Sunday-1-26-09-0000001',830,,221873,27,4,,1,100,,221874,27,4,,1,100,,221875,27,4,,1,100,,221876,27,4,,1,100,,221877,27,4,,1,100,,221878,27,4,,1,100,,221879,27,4,,1,100,,221880,27,4,,1,100,,221881,27,4,,1,100,,221882,27,4,,1,100,,221883,27,4,,1,100,,221884,27,4,,1
