400,'004-Weekday-1-26-09-1111100',511,,205160,16,,,1,16,,205181,51,,,1,15,,205182,51,,,1,15,,205183,51,,,1,55,,205184,51,,,1,15,,205185,51,,,1,21,,205186,51,,,1,62,,205187,51,,,1,19,,205188,51,,,1,7,,205161,16,0,45 46,1,5,,205279,51,,,1,6,,205162,16,0,45 46,1,4,,205189,51,,,1,5,,205163,15,0,45 46,1,45,,205190,51,,,1,5,,205164,15,0,45 46,1,5,,205276,51,,,1,5,,205165,15,0,45 46,1,5,,205191,51,,,1,5,,205166,15,0,45 46,1,5,,205192,51,,,1,5,,205167,15,0,45 46,1,5,,205193,51,,,1,10,,205194,51,,,1,50,,205195,51,,,1,11,,205196,51,,,1,9,,205197,51,,,1,8,,205198,51,,,1,10,,205199,51,,,1,11,,205200,51,,,1,52,,205201,51,,,1,12,,205202,51,,,1,12,,205203,51,,,1,12,,205204,51,,,1,12,,205205,51,,,1,6,,205283,16,0,45 46,1,46,,205206,51,,,1,12,,205207,51,,,1,12,,205208,51,,,1,12,,205209,51,,,1,12,,205210,51,,,1,52,,205211,51,,,1,12,,205212,51,,,1,12,,205213,51,,,1,12,,205214,51,,,1,12,,205215,51,,,1,52,,205216,51,,,1,12,,205217,51,,,1,12,,205218,51,,,1,12,,205219,51,,,1,12,,205220,51,,,1,52,,205221,51,,,1,12,,205222,51,,,1,12,,205223,51,,,1,12,,205224,51,,,1,12,,205225,51,,,1,53,,205226,51,,,1,13,,205227,51,,,1,5,,205278,16,0,45 46,1,5,,205228,51,,,1,6,,205180,16,0,45 46,1,5,,205229,51,,,1,5,,205168,16,0,45 46,1,5,,205230,51,,,1,4,,205169,15,0,45 46,1,6,,205231,51,,,1,44,,205170,15,0,45 46,1,6,,205232,51,,,1,4,,205171,15,0,45 46,1,6,,205233,51,,,1,4,,205172,15,0,45 46,1,6,,205234,51,,,1,4,,205173,15,0,45 46,1,6,,205235,51,,,1,4,,205174,15,0,45 46,1,6,,205236,51,,,1,4,,205175,15,0,45 46,1,6,,205237,51,,,1,44,,205176,15,0,45 46,1,6,,205238,51,,,1,4,,205177,15,0,45 46,1,6,,205239,51,,,1,4,,205178,15,0,45 46,1,6,,205240,51,,,1,4,,205179,15,0,45 46,1,6,,205277,51,,,1,4,,205281,15,0,45 46,1,6,,205241,51,,,1,4,,205282,15,0,45 46,1,6,,205242,51,,,1,50,,205243,51,,,1,10,,205244,51,,,1,11,,205245,51,,,1,11,,205246,51,,,1,12,,205247,51,,,1,52,,205248,51,,,1,13,,205249,51,,,1,11,,205250,51,,,1,15,,205251,51,,,1,15,,205252,51,,,1,55,,205253,51,,,1,15,,205254,51,,,1,15,,205255,51,,,1,15,,205256,51,,,1,55,,205257,51,,,1,15,,205258,51,,,1,15,,205259,51,,,1,15,,205260,51,,,1,53,,205261,51,,,1,13,,205262,51,,,1,14,,205263,51,,,1,14,,205264,51,,,1,56,,205265,51,,,1,20,,205266,51,,,1,20,,205267,51,,,1,59,,205268,51,,,1,18,,205269,51,,,1,19,,205270,51,,,1,67,,205271,51,,,1,30,,205272,51,,,1,70,,205273,51,,,1,30,,205274,51,,,1,70,,205275,51,,,1,30,,205280,51,,,1
400,'004-Weekday-2-26-09-1111100',511,,205284,16,,,1,16,,205305,51,,,1,15,,205306,51,,,1,15,,205307,51,,,1,55,,205308,51,,,1,15,,205309,51,,,1,21,,205310,51,,,1,62,,205311,51,,,1,19,,205312,51,,,1,7,,205285,16,0,45 46,1,5,,205403,51,,,1,6,,205286,16,0,45 46,1,4,,205313,51,,,1,5,,205287,15,0,45 46,1,45,,205314,51,,,1,5,,205288,15,0,45 46,1,5,,205400,51,,,1,5,,205289,15,0,45 46,1,5,,205315,51,,,1,5,,205290,15,0,45 46,1,5,,205316,51,,,1,5,,205291,15,0,45 46,1,5,,205317,51,,,1,10,,205318,51,,,1,50,,205319,51,,,1,11,,205320,51,,,1,9,,205321,51,,,1,8,,205322,51,,,1,10,,205323,51,,,1,11,,205324,51,,,1,52,,205325,51,,,1,12,,205326,51,,,1,12,,205327,51,,,1,12,,205328,51,,,1,12,,205329,51,,,1,6,,205407,16,0,45 46,1,46,,205330,51,,,1,12,,205331,51,,,1,12,,205332,51,,,1,12,,205333,51,,,1,12,,205334,51,,,1,52,,205335,51,,,1,12,,205336,51,,,1,12,,205337,51,,,1,12,,205338,51,,,1,12,,205339,51,,,1,52,,205340,51,,,1,12,,205341,51,,,1,12,,205342,51,,,1,12,,205343,51,,,1,12,,205344,51,,,1,52,,205345,51,,,1,12,,205346,51,,,1,12,,205347,51,,,1,12,,205348,51,,,1,12,,205349,51,,,1,53,,205350,51,,,1,13,,205351,51,,,1,5,,205402,16,0,45 46,1,5,,205352,51,,,1,6,,205304,16,0,45 46,1,5,,205353,51,,,1,5,,205292,16,0,45 46,1,5,,205354,51,,,1,4,,205293,15,0,45 46,1,6,,205355,51,,,1,44,,205294,15,0,45 46,1,6,,205356,51,,,1,4,,205295,15,0,45 46,1,6,,205357,51,,,1,4,,205296,15,0,45 46,1,6,,205358,51,,,1,4,,205297,15,0,45 46,1,6,,205359,51,,,1,4,,205298,15,0,45 46,1,6,,205360,51,,,1,4,,205299,15,0,45 46,1,6,,205361,51,,,1,44,,205300,15,0,45 46,1,6,,205362,51,,,1,4,,205301,15,0,45 46,1,6,,205363,51,,,1,4,,205302,15,0,45 46,1,6,,205364,51,,,1,4,,205303,15,0,45 46,1,6,,205401,51,,,1,4,,205405,15,0,45 46,1,6,,205365,51,,,1,4,,205406,15,0,45 46,1,6,,205366,51,,,1,50,,205367,51,,,1,10,,205368,51,,,1,11,,205369,51,,,1,11,,205370,51,,,1,12,,205371,51,,,1,52,,205372,51,,,1,13,,205373,51,,,1,11,,205374,51,,,1,15,,205375,51,,,1,15,,205376,51,,,1,55,,205377,51,,,1,15,,205378,51,,,1,15,,205379,51,,,1,15,,205380,51,,,1,55,,205381,51,,,1,15,,205382,51,,,1,15,,205383,51,,,1,15,,205384,51,,,1,53,,205385,51,,,1,13,,205386,51,,,1,14,,205387,51,,,1,14,,205388,51,,,1,56,,205389,51,,,1,20,,205390,51,,,1,20,,205391,51,,,1,59,,205392,51,,,1,18,,205393,51,,,1,19,,205394,51,,,1,67,,205395,51,,,1,30,,205396,51,,,1,70,,205397,51,,,1,30,,205398,51,,,1,70,,205399,51,,,1,30,,205404,51,,,1
400,'004-Weekday-3-26-09-1111100',511,,248995,16,,,1,16,,249016,51,,,1,15,,249017,51,,,1,15,,249018,51,,,1,55,,249019,51,,,1,15,,249020,51,,,1,21,,249021,51,,,1,62,,249022,51,,,1,19,,249023,51,,,1,7,,248996,16,0,45 46,1,5,,249114,51,,,1,6,,248997,16,0,45 46,1,4,,249024,51,,,1,5,,248998,15,0,45 46,1,45,,249025,51,,,1,5,,248999,15,0,45 46,1,5,,249111,51,,,1,5,,249000,15,0,45 46,1,5,,249026,51,,,1,5,,249001,15,0,45 46,1,5,,249027,51,,,1,5,,249002,15,0,45 46,1,5,,249028,51,,,1,10,,249029,51,,,1,50,,249030,51,,,1,11,,249031,51,,,1,9,,249032,51,,,1,8,,249033,51,,,1,10,,249034,51,,,1,11,,249035,51,,,1,52,,249036,51,,,1,12,,249037,51,,,1,12,,249038,51,,,1,12,,249039,51,,,1,12,,249040,51,,,1,6,,249118,16,0,45 46,1,46,,249041,51,,,1,12,,249042,51,,,1,12,,249043,51,,,1,12,,249044,51,,,1,12,,249045,51,,,1,52,,249046,51,,,1,12,,249047,51,,,1,12,,249048,51,,,1,12,,249049,51,,,1,12,,249050,51,,,1,52,,249051,51,,,1,12,,249052,51,,,1,12,,249053,51,,,1,12,,249054,51,,,1,12,,249055,51,,,1,52,,249056,51,,,1,12,,249057,51,,,1,12,,249058,51,,,1,12,,249059,51,,,1,12,,249060,51,,,1,53,,249061,51,,,1,13,,249062,51,,,1,5,,249113,16,0,45 46,1,5,,249063,51,,,1,6,,249015,16,0,45 46,1,5,,249064,51,,,1,5,,249003,16,0,45 46,1,5,,249065,51,,,1,4,,249004,15,0,45 46,1,6,,249066,51,,,1,44,,249005,15,0,45 46,1,6,,249067,51,,,1,4,,249006,15,0,45 46,1,6,,249068,51,,,1,4,,249007,15,0,45 46,1,6,,249069,51,,,1,4,,249008,15,0,45 46,1,6,,249070,51,,,1,4,,249009,15,0,45 46,1,6,,249071,51,,,1,4,,249010,15,0,45 46,1,6,,249072,51,,,1,44,,249011,15,0,45 46,1,6,,249073,51,,,1,4,,249012,15,0,45 46,1,6,,249074,51,,,1,4,,249013,15,0,45 46,1,6,,249075,51,,,1,4,,249014,15,0,45 46,1,6,,249112,51,,,1,4,,249116,15,0,45 46,1,6,,249076,51,,,1,4,,249117,15,0,45 46,1,6,,249077,51,,,1,50,,249078,51,,,1,10,,249079,51,,,1,11,,249080,51,,,1,11,,249081,51,,,1,12,,249082,51,,,1,52,,249083,51,,,1,13,,249084,51,,,1,11,,249085,51,,,1,15,,249086,51,,,1,15,,249087,51,,,1,55,,249088,51,,,1,15,,249089,51,,,1,15,,249090,51,,,1,15,,249091,51,,,1,55,,249092,51,,,1,15,,249093,51,,,1,15,,249094,51,,,1,15,,249095,51,,,1,53,,249096,51,,,1,13,,249097,51,,,1,14,,249098,51,,,1,14,,249099,51,,,1,56,,249100,51,,,1,20,,249101,51,,,1,20,,249102,51,,,1,59,,249103,51,,,1,18,,249104,51,,,1,19,,249105,51,,,1,67,,249106,51,,,1,30,,249107,51,,,1,70,,249108,51,,,1,30,,249109,51,,,1,70,,249110,51,,,1,30,,249115,51,,,1
400,'004-Weekday-4-26-09-1111100',511,,205408,16,,,1,16,,205429,51,,,1,15,,205430,51,,,1,15,,205431,51,,,1,55,,205432,51,,,1,15,,205433,51,,,1,21,,205434,51,,,1,62,,205435,51,,,1,19,,205436,51,,,1,7,,205409,16,0,45 46,1,5,,205527,51,,,1,6,,205410,16,0,45 46,1,4,,205437,51,,,1,5,,205411,15,0,45 46,1,45,,205438,51,,,1,5,,205412,15,0,45 46,1,5,,205524,51,,,1,5,,205413,15,0,45 46,1,5,,205439,51,,,1,5,,205414,15,0,45 46,1,5,,205440,51,,,1,5,,205415,15,0,45 46,1,5,,205441,51,,,1,10,,205442,51,,,1,50,,205443,51,,,1,11,,205444,51,,,1,9,,205445,51,,,1,8,,205446,51,,,1,10,,205447,51,,,1,11,,205448,51,,,1,52,,205449,51,,,1,12,,205450,51,,,1,12,,205451,51,,,1,12,,205452,51,,,1,12,,205453,51,,,1,6,,205531,16,0,45 46,1,46,,205454,51,,,1,12,,205455,51,,,1,12,,205456,51,,,1,12,,205457,51,,,1,12,,205458,51,,,1,52,,205459,51,,,1,12,,205460,51,,,1,12,,205461,51,,,1,12,,205462,51,,,1,12,,205463,51,,,1,52,,205464,51,,,1,12,,205465,51,,,1,12,,205466,51,,,1,12,,205467,51,,,1,12,,205468,51,,,1,52,,205469,51,,,1,12,,205470,51,,,1,12,,205471,51,,,1,12,,205472,51,,,1,12,,205473,51,,,1,53,,205474,51,,,1,13,,205475,51,,,1,5,,205526,16,0,45 46,1,5,,205476,51,,,1,6,,205428,16,0,45 46,1,5,,205477,51,,,1,5,,205416,16,0,45 46,1,5,,205478,51,,,1,4,,205417,15,0,45 46,1,6,,205479,51,,,1,44,,205418,15,0,45 46,1,6,,205480,51,,,1,4,,205419,15,0,45 46,1,6,,205481,51,,,1,4,,205420,15,0,45 46,1,6,,205482,51,,,1,4,,205421,15,0,45 46,1,6,,205483,51,,,1,4,,205422,15,0,45 46,1,6,,205484,51,,,1,4,,205423,15,0,45 46,1,6,,205485,51,,,1,44,,205424,15,0,45 46,1,6,,205486,51,,,1,4,,205425,15,0,45 46,1,6,,205487,51,,,1,4,,205426,15,0,45 46,1,6,,205488,51,,,1,4,,205427,15,0,45 46,1,6,,205525,51,,,1,4,,205529,15,0,45 46,1,6,,205489,51,,,1,4,,205530,15,0,45 46,1,6,,205490,51,,,1,50,,205491,51,,,1,10,,205492,51,,,1,11,,205493,51,,,1,11,,205494,51,,,1,12,,205495,51,,,1,52,,205496,51,,,1,13,,205497,51,,,1,11,,205498,51,,,1,15,,205499,51,,,1,15,,205500,51,,,1,55,,205501,51,,,1,15,,205502,51,,,1,15,,205503,51,,,1,15,,205504,51,,,1,55,,205505,51,,,1,15,,205506,51,,,1,15,,205507,51,,,1,15,,205508,51,,,1,53,,205509,51,,,1,13,,205510,51,,,1,14,,205511,51,,,1,14,,205512,51,,,1,56,,205513,51,,,1,20,,205514,51,,,1,20,,205515,51,,,1,59,,205516,51,,,1,18,,205517,51,,,1,19,,205518,51,,,1,67,,205519,51,,,1,30,,205520,51,,,1,70,,205521,51,,,1,30,,205522,51,,,1,70,,205523,51,,,1,30,,205528,51,,,1
400,'004-Weekday-5-26-09-1111100',511,,249119,16,,,1,16,,249140,51,,,1,15,,249141,51,,,1,15,,249142,51,,,1,55,,249143,51,,,1,15,,249144,51,,,1,21,,249145,51,,,1,62,,249146,51,,,1,19,,249147,51,,,1,7,,249120,16,0,45 46,1,5,,249238,51,,,1,6,,249121,16,0,45 46,1,4,,249148,51,,,1,5,,249122,15,0,45 46,1,45,,249149,51,,,1,5,,249123,15,0,45 46,1,5,,249235,51,,,1,5,,249124,15,0,45 46,1,5,,249150,51,,,1,5,,249125,15,0,45 46,1,5,,249151,51,,,1,5,,249126,15,0,45 46,1,5,,249152,51,,,1,10,,249153,51,,,1,50,,249154,51,,,1,11,,249155,51,,,1,9,,249156,51,,,1,8,,249157,51,,,1,10,,249158,51,,,1,11,,249159,51,,,1,52,,249160,51,,,1,12,,249161,51,,,1,12,,249162,51,,,1,12,,249163,51,,,1,12,,249164,51,,,1,6,,249242,16,0,45 46,1,46,,249165,51,,,1,12,,249166,51,,,1,12,,249167,51,,,1,12,,249168,51,,,1,12,,249169,51,,,1,52,,249170,51,,,1,12,,249171,51,,,1,12,,249172,51,,,1,12,,249173,51,,,1,12,,249174,51,,,1,52,,249175,51,,,1,12,,249176,51,,,1,12,,249177,51,,,1,12,,249178,51,,,1,12,,249179,51,,,1,52,,249180,51,,,1,12,,249181,51,,,1,12,,249182,51,,,1,12,,249183,51,,,1,12,,249184,51,,,1,53,,249185,51,,,1,13,,249186,51,,,1,5,,249237,16,0,45 46,1,5,,249187,51,,,1,6,,249139,16,0,45 46,1,5,,249188,51,,,1,5,,249127,16,0,45 46,1,5,,249189,51,,,1,4,,249128,15,0,45 46,1,6,,249190,51,,,1,44,,249129,15,0,45 46,1,6,,249191,51,,,1,4,,249130,15,0,45 46,1,6,,249192,51,,,1,4,,249131,15,0,45 46,1,6,,249193,51,,,1,4,,249132,15,0,45 46,1,6,,249194,51,,,1,4,,249133,15,0,45 46,1,6,,249195,51,,,1,4,,249134,15,0,45 46,1,6,,249196,51,,,1,44,,249135,15,0,45 46,1,6,,249197,51,,,1,4,,249136,15,0,45 46,1,6,,249198,51,,,1,4,,249137,15,0,45 46,1,6,,249199,51,,,1,4,,249138,15,0,45 46,1,6,,249236,51,,,1,4,,249240,15,0,45 46,1,6,,249200,51,,,1,4,,249241,15,0,45 46,1,6,,249201,51,,,1,50,,249202,51,,,1,10,,249203,51,,,1,11,,249204,51,,,1,11,,249205,51,,,1,12,,249206,51,,,1,52,,249207,51,,,1,13,,249208,51,,,1,11,,249209,51,,,1,15,,249210,51,,,1,15,,249211,51,,,1,55,,249212,51,,,1,15,,249213,51,,,1,15,,249214,51,,,1,15,,249215,51,,,1,55,,249216,51,,,1,15,,249217,51,,,1,15,,249218,51,,,1,15,,249219,51,,,1,53,,249220,51,,,1,13,,249221,51,,,1,14,,249222,51,,,1,14,,249223,51,,,1,56,,249224,51,,,1,20,,249225,51,,,1,20,,249226,51,,,1,59,,249227,51,,,1,18,,249228,51,,,1,19,,249229,51,,,1,67,,249230,51,,,1,30,,249231,51,,,1,70,,249232,51,,,1,30,,249233,51,,,1,70,,249234,51,,,1,30,,249239,51,,,1
400,'004-Weekday-6-26-09-1111100',511,,249243,16,,,1,16,,249244,51,,,1,15,,249245,51,,,1,15,,249246,51,,,1,55,,249247,51,,,1,15,,249248,51,,,1,21,,249249,51,,,1,62,,249250,51,,,1,19,,249251,51,,,1,12,,249341,51,,,1,10,,249252,51,,,1,50,,249253,51,,,1,10,,249339,51,,,1,10,,249254,51,,,1,10,,249255,51,,,1,10,,249256,51,,,1,10,,249257,51,,,1,50,,249258,51,,,1,11,,249259,51,,,1,9,,249260,51,,,1,8,,249261,51,,,1,10,,249262,51,,,1,11,,249263,51,,,1,52,,249264,51,,,1,12,,249265,51,,,1,12,,249266,51,,,1,12,,249267,51,,,1,12,,249268,51,,,1,52,,249269,51,,,1,12,,249270,51,,,1,12,,249271,51,,,1,12,,249272,51,,,1,12,,249273,51,,,1,52,,249274,51,,,1,12,,249275,51,,,1,12,,249276,51,,,1,12,,249277,51,,,1,12,,249278,51,,,1,52,,249279,51,,,1,12,,249280,51,,,1,12,,249281,51,,,1,12,,249282,51,,,1,12,,249283,51,,,1,52,,249284,51,,,1,12,,249285,51,,,1,12,,249286,51,,,1,12,,249287,51,,,1,12,,249288,51,,,1,53,,249289,51,,,1,13,,249290,51,,,1,10,,249291,51,,,1,11,,249292,51,,,1,10,,249293,51,,,1,10,,249294,51,,,1,50,,249295,51,,,1,10,,249296,51,,,1,10,,249297,51,,,1,10,,249298,51,,,1,10,,249299,51,,,1,10,,249300,51,,,1,50,,249301,51,,,1,10,,249302,51,,,1,10,,249303,51,,,1,10,,249340,51,,,1,10,,249304,51,,,1,10,,249305,51,,,1,50,,249306,51,,,1,10,,249307,51,,,1,11,,249308,51,,,1,11,,249309,51,,,1,12,,249310,51,,,1,52,,249311,51,,,1,13,,249312,51,,,1,11,,249313,51,,,1,15,,249314,51,,,1,15,,249315,51,,,1,55,,249316,51,,,1,15,,249317,51,,,1,15,,249318,51,,,1,15,,249319,51,,,1,55,,249320,51,,,1,15,,249321,51,,,1,15,,249322,51,,,1,15,,249323,51,,,1,53,,249324,51,,,1,13,,249325,51,,,1,14,,249326,51,,,1,14,,249327,51,,,1,56,,249328,51,,,1,20,,249329,51,,,1,20,,249330,51,,,1,59,,249331,51,,,1,18,,249332,51,,,1,19,,249333,51,,,1,67,,249334,51,,,1,30,,249335,51,,,1,70,,249336,51,,,1,30,,249337,51,,,1,70,,249338,51,,,1,30,,249342,51,,,1
400,'004-Weekday-7-26-09-1111100',511,,249343,16,,,1,16,,249344,51,,,1,15,,249345,51,,,1,15,,249346,51,,,1,55,,249347,51,,,1,15,,249348,51,,,1,21,,249349,51,,,1,62,,249350,51,,,1,19,,249351,51,,,1,12,,249441,51,,,1,10,,249352,51,,,1,50,,249353,51,,,1,10,,249439,51,,,1,10,,249354,51,,,1,10,,249355,51,,,1,10,,249356,51,,,1,10,,249357,51,,,1,50,,249358,51,,,1,11,,249359,51,,,1,9,,249360,51,,,1,8,,249361,51,,,1,10,,249362,51,,,1,11,,249363,51,,,1,52,,249364,51,,,1,12,,249365,51,,,1,12,,249366,51,,,1,12,,249367,51,,,1,12,,249368,51,,,1,52,,249369,51,,,1,12,,249370,51,,,1,12,,249371,51,,,1,12,,249372,51,,,1,12,,249373,51,,,1,52,,249374,51,,,1,12,,249375,51,,,1,12,,249376,51,,,1,12,,249377,51,,,1,12,,249378,51,,,1,52,,249379,51,,,1,12,,249380,51,,,1,12,,249381,51,,,1,12,,249382,51,,,1,12,,249383,51,,,1,52,,249384,51,,,1,12,,249385,51,,,1,12,,249386,51,,,1,12,,249387,51,,,1,12,,249388,51,,,1,53,,249389,51,,,1,13,,249390,51,,,1,10,,249391,51,,,1,11,,249392,51,,,1,10,,249393,51,,,1,10,,249394,51,,,1,50,,249395,51,,,1,10,,249396,51,,,1,10,,249397,51,,,1,10,,249398,51,,,1,10,,249399,51,,,1,10,,249400,51,,,1,50,,249401,51,,,1,10,,249402,51,,,1,10,,249403,51,,,1,10,,249440,51,,,1,10,,249404,51,,,1,10,,249405,51,,,1,50,,249406,51,,,1,10,,249407,51,,,1,11,,249408,51,,,1,11,,249409,51,,,1,12,,249410,51,,,1,52,,249411,51,,,1,13,,249412,51,,,1,11,,249413,51,,,1,15,,249414,51,,,1,15,,249415,51,,,1,55,,249416,51,,,1,15,,249417,51,,,1,15,,249418,51,,,1,15,,249419,51,,,1,55,,249420,51,,,1,15,,249421,51,,,1,15,,249422,51,,,1,15,,249423,51,,,1,53,,249424,51,,,1,13,,249425,51,,,1,14,,249426,51,,,1,14,,249427,51,,,1,56,,249428,51,,,1,20,,249429,51,,,1,20,,249430,51,,,1,59,,249431,51,,,1,18,,249432,51,,,1,19,,249433,51,,,1,67,,249434,51,,,1,30,,249435,51,,,1,70,,249436,51,,,1,30,,249437,51,,,1,70,,249438,51,,,1,30,,249442,51,,,1
400,'004-Saturday-1-26-09-0000010',607,,205644,51,,,1,20,,205533,51,,,1,20,,205534,51,,,1,60,,205535,51,,,1,20,,205536,51,,,1,20,,205537,51,,,1,60,,205538,51,,,1,20,,205539,51,,,1,15,,205540,51,,,1,15,,205541,51,,,1,59,,205542,51,,,1,16,,205543,51,,,1,17,,205544,51,,,1,59,,205545,51,,,1,15,,205546,51,,,1,15,,205547,51,,,1,15,,205548,51,,,1,55,,205549,51,,,1,15,,205550,51,,,1,15,,205551,51,,,1,15,,205552,51,,,1,55,,205553,51,,,1,15,,205554,51,,,1,15,,205555,51,,,1,15,,205556,51,,,1,55,,205557,51,,,1,15,,205558,51,,,1,15,,205559,51,,,1,15,,205561,51,,,1,55,,205563,51,,,1,15,,205565,51,,,1,15,,205567,51,,,1,15,,205569,51,,,1,55,,205571,51,,,1,15,,205573,51,,,1,15,,205575,51,,,1,15,,205577,51,,,1,55,,205579,51,,,1,15,,205581,51,,,1,15,,205583,51,,,1,15,,205585,51,,,1,55,,205587,51,,,1,15,,205589,51,,,1,15,,205591,51,,,1,14,,205593,51,,,1,54,,205596,51,,,1,15,,205532,51,,,1,15,,205595,51,,,1,15,,205600,51,,,1,55,,205602,51,,,1,15,,205604,51,,,1,15,,205606,51,,,1,15,,205608,51,,,1,55,,205610,51,,,1,15,,205612,51,,,1,15,,205614,51,,,1,15,,205616,51,,,1,55,,205618,51,,,1,15,,205620,51,,,1,15,,205622,51,,,1,15,,205624,51,,,1,55,,205626,51,,,1,15,,205628,51,,,1,15,,205631,51,,,1,15,,205632,51,,,1,55,,205633,51,,,1,20,,205630,51,,,1,20,,205634,51,,,1,59,,205635,51,,,1,15,,205636,51,,,1,19,,205637,51,,,1,68,,205638,51,,,1,30,,205639,51,,,1,70,,205640,51,,,1,30,,205641,51,,,1,70,,205642,51,,,1,30,,205643,51,,,1
400,'004-Sunday-1-26-09-0000001',612,,205645,51,,,1,20,,205646,51,,,1,20,,205647,51,,,1,60,,205648,51,,,1,20,,205649,51,,,1,20,,205650,51,,,1,60,,205651,51,,,1,20,,205652,51,,,1,19,,205653,51,,,1,62,,205654,51,,,1,17,,205717,51,,,1,17,,205655,51,,,1,59,,205656,51,,,1,18,,205657,51,,,1,15,,205658,51,,,1,15,,205659,51,,,1,55,,205660,51,,,1,15,,205661,51,,,1,15,,205662,51,,,1,15,,205663,51,,,1,55,,205664,51,,,1,15,,205665,51,,,1,15,,205666,51,,,1,15,,205667,51,,,1,55,,205668,51,,,1,15,,205669,51,,,1,15,,205670,51,,,1,15,,205671,51,,,1,55,,205672,51,,,1,15,,205673,51,,,1,15,,205674,51,,,1,15,,205675,51,,,1,55,,205676,51,,,1,15,,205677,51,,,1,15,,205678,51,,,1,15,,205679,51,,,1,55,,205680,51,,,1,15,,205681,51,,,1,15,,205682,51,,,1,15,,205683,51,,,1,54,,205684,51,,,1,15,,205685,51,,,1,16,,205686,51,,,1,13,,205687,51,,,1,53,,205688,51,,,1,15,,205689,51,,,1,15,,205690,51,,,1,15,,205691,51,,,1,55,,205692,51,,,1,15,,205693,51,,,1,15,,205694,51,,,1,15,,205695,51,,,1,55,,205696,51,,,1,15,,205697,51,,,1,15,,205698,51,,,1,15,,205699,51,,,1,55,,205700,51,,,1,15,,205701,51,,,1,15,,205702,51,,,1,15,,205703,51,,,1,55,,205704,51,,,1,15,,205716,51,,,1,15,,205705,51,,,1,20,,205706,51,,,1,60,,205707,51,,,1,20,,205709,51,,,1,20,,205710,51,,,1,56,,205711,51,,,1,27,,205708,51,,,1,66,,205712,51,,,1,30,,205713,51,,,1,70,,205714,51,,,1,30,,205715,51,,,1,70,,205719,51,,,1,30,,205718,51,,,1
50100,'501-Weekday-1-26-09-1111100',610,,221207,18,,,1,31,,221208,18,,,1,70,,221240,18,,,1,15,,221209,18,,,1,15,,221237,18,,,1,15,,221210,18,,,1,55,,221243,18,,,1,15,,221211,18,,,1,15,,221244,18,,,1,74,,221213,18,,,1,34,,221214,18,,,1,74,,221215,18,,,1,34,,221216,18,,,1,74,,221217,18,,,1,74,,221218,18,,,1,34,,221219,18,,,1,74,,221220,18,,,1,34,,221221,18,,,1,74,,221242,18,,,1,35,,221241,18,,,1,57,,221238,18,,,1,15,,221222,18,,,1,15,,221223,18,,,1,15,,221224,18,,,1,55,,221239,18,,,1,15,,221226,18,,,1,15,,221225,18,,,1,15,,221228,18,,,1,55,,221245,18,,,1,15,,221246,18,,,1,15,,221247,18,,,1,70,,221229,18,,,1,29,,221230,18,,,1,71,,221231,18,,,1,31,,221232,18,,,1,71,,221233,18,,,1,31,,221234,18,,,1,71,,221235,18,,,1,31,,221236,18,,,1,99,,221227,18,,,1,100,,221212,18,,,1
50100,'501-Weekday-2-26-09-1111100',610,,221248,18,,,1,31,,221249,18,,,1,70,,221281,18,,,1,15,,221250,18,,,1,15,,221278,18,,,1,15,,221251,18,,,1,55,,221284,18,,,1,15,,221252,18,,,1,15,,221285,18,,,1,74,,221254,18,,,1,34,,221255,18,,,1,74,,221256,18,,,1,34,,221257,18,,,1,74,,221258,18,,,1,74,,221259,18,,,1,34,,221260,18,,,1,74,,221261,18,,,1,34,,221262,18,,,1,74,,221283,18,,,1,35,,221282,18,,,1,57,,221279,18,,,1,15,,221263,18,,,1,15,,221264,18,,,1,15,,221265,18,,,1,55,,221280,18,,,1,15,,221267,18,,,1,15,,221266,18,,,1,15,,221269,18,,,1,55,,221286,18,,,1,15,,221287,18,,,1,15,,221288,18,,,1,70,,221270,18,,,1,29,,221271,18,,,1,71,,221272,18,,,1,31,,221273,18,,,1,71,,221274,18,,,1,31,,221275,18,,,1,71,,221276,18,,,1,31,,221277,18,,,1,99,,221268,18,,,1,100,,221253,18,,,1
50100,'501-Weekday-3-26-09-1111100',610,,264505,18,,,1,31,,264506,18,,,1,70,,264538,18,,,1,15,,264507,18,,,1,15,,264535,18,,,1,15,,264508,18,,,1,55,,264541,18,,,1,15,,264509,18,,,1,15,,264542,18,,,1,74,,264511,18,,,1,34,,264512,18,,,1,74,,264513,18,,,1,34,,264514,18,,,1,74,,264515,18,,,1,74,,264516,18,,,1,34,,264517,18,,,1,74,,264518,18,,,1,34,,264519,18,,,1,74,,264540,18,,,1,35,,264539,18,,,1,57,,264536,18,,,1,15,,264520,18,,,1,15,,264521,18,,,1,15,,264522,18,,,1,55,,264537,18,,,1,15,,264524,18,,,1,15,,264523,18,,,1,15,,264526,18,,,1,55,,264543,18,,,1,15,,264544,18,,,1,15,,264545,18,,,1,70,,264527,18,,,1,29,,264528,18,,,1,71,,264529,18,,,1,31,,264530,18,,,1,71,,264531,18,,,1,31,,264532,18,,,1,71,,264533,18,,,1,31,,264534,18,,,1,99,,264525,18,,,1,100,,264510,18,,,1
50100,'501-Weekday-4-26-09-1111100',610,,221289,18,,,1,31,,221290,18,,,1,70,,221322,18,,,1,15,,221291,18,,,1,15,,221319,18,,,1,15,,221292,18,,,1,55,,221325,18,,,1,15,,221293,18,,,1,15,,221326,18,,,1,74,,221295,18,,,1,34,,221296,18,,,1,74,,221297,18,,,1,34,,221298,18,,,1,74,,221299,18,,,1,74,,221300,18,,,1,34,,221301,18,,,1,74,,221302,18,,,1,34,,221303,18,,,1,74,,221324,18,,,1,35,,221323,18,,,1,57,,221320,18,,,1,15,,221304,18,,,1,15,,221305,18,,,1,15,,221306,18,,,1,55,,221321,18,,,1,15,,221308,18,,,1,15,,221307,18,,,1,15,,221310,18,,,1,55,,221327,18,,,1,15,,221328,18,,,1,15,,221329,18,,,1,70,,221311,18,,,1,29,,221312,18,,,1,71,,221313,18,,,1,31,,221314,18,,,1,71,,221315,18,,,1,31,,221316,18,,,1,71,,221317,18,,,1,31,,221318,18,,,1,99,,221309,18,,,1,100,,221294,18,,,1
50100,'501-Weekday-5-26-09-1111100',610,,264546,18,,,1,31,,264547,18,,,1,70,,264579,18,,,1,15,,264548,18,,,1,15,,264576,18,,,1,15,,264549,18,,,1,55,,264582,18,,,1,15,,264550,18,,,1,15,,264583,18,,,1,74,,264552,18,,,1,34,,264553,18,,,1,74,,264554,18,,,1,34,,264555,18,,,1,74,,264556,18,,,1,74,,264557,18,,,1,34,,264558,18,,,1,74,,264559,18,,,1,34,,264560,18,,,1,74,,264581,18,,,1,35,,264580,18,,,1,57,,264577,18,,,1,15,,264561,18,,,1,15,,264562,18,,,1,15,,264563,18,,,1,55,,264578,18,,,1,15,,264565,18,,,1,15,,264564,18,,,1,15,,264567,18,,,1,55,,264584,18,,,1,15,,264585,18,,,1,15,,264586,18,,,1,70,,264568,18,,,1,29,,264569,18,,,1,71,,264570,18,,,1,31,,264571,18,,,1,71,,264572,18,,,1,31,,264573,18,,,1,71,,264574,18,,,1,31,,264575,18,,,1,99,,264566,18,,,1,100,,264551,18,,,1
50100,'501-Weekday-6-26-09-1111100',610,,264587,18,,,1,31,,264588,18,,,1,70,,264620,18,,,1,15,,264589,18,,,1,15,,264617,18,,,1,15,,264590,18,,,1,55,,264623,18,,,1,15,,264591,18,,,1,15,,264624,18,,,1,74,,264593,18,,,1,34,,264594,18,,,1,74,,264595,18,,,1,34,,264596,18,,,1,74,,264597,18,,,1,74,,264598,18,,,1,34,,264599,18,,,1,74,,264600,18,,,1,34,,264601,18,,,1,74,,264622,18,,,1,35,,264621,18,,,1,57,,264618,18,,,1,15,,264602,18,,,1,15,,264603,18,,,1,15,,264604,18,,,1,55,,264619,18,,,1,15,,264606,18,,,1,15,,264605,18,,,1,15,,264608,18,,,1,55,,264625,18,,,1,15,,264626,18,,,1,15,,264627,18,,,1,70,,264609,18,,,1,29,,264610,18,,,1,71,,264611,18,,,1,31,,264612,18,,,1,71,,264613,18,,,1,31,,264614,18,,,1,71,,264615,18,,,1,31,,264616,18,,,1,99,,264607,18,,,1,100,,264592,18,,,1
50100,'501-Weekday-7-26-09-1111100',610,,264628,18,,,1,31,,264629,18,,,1,70,,264661,18,,,1,15,,264630,18,,,1,15,,264658,18,,,1,15,,264631,18,,,1,55,,264664,18,,,1,15,,264632,18,,,1,15,,264665,18,,,1,74,,264634,18,,,1,34,,264635,18,,,1,74,,264636,18,,,1,34,,264637,18,,,1,74,,264638,18,,,1,74,,264639,18,,,1,34,,264640,18,,,1,74,,264641,18,,,1,34,,264642,18,,,1,74,,264663,18,,,1,35,,264662,18,,,1,57,,264659,18,,,1,15,,264643,18,,,1,15,,264644,18,,,1,15,,264645,18,,,1,55,,264660,18,,,1,15,,264647,18,,,1,15,,264646,18,,,1,15,,264649,18,,,1,55,,264666,18,,,1,15,,264667,18,,,1,15,,264668,18,,,1,70,,264650,18,,,1,29,,264651,18,,,1,71,,264652,18,,,1,31,,264653,18,,,1,71,,264654,18,,,1,31,,264655,18,,,1,71,,264656,18,,,1,31,,264657,18,,,1,99,,264648,18,,,1,100,,264633,18,,,1
50100,'501-Saturday-1-26-09-0000010',610,,221352,18,,,1,100,,221353,18,,,1,100,,221330,18,,,1,30,,221331,18,,,1,71,,221332,18,,,1,32,,221333,18,,,1,72,,221334,18,,,1,32,,221335,18,,,1,72,,221336,18,,,1,32,,221337,18,,,1,72,,221338,18,,,1,32,,221339,18,,,1,72,,221340,18,,,1,32,,221341,18,,,1,72,,221342,18,,,1,72,,221343,18,,,1,32,,221344,18,,,1,72,,221345,18,,,1,32,,221346,18,,,1,72,,221347,18,,,1,32,,221348,18,,,1,72,,221349,18,,,1,32,,221350,18,,,1,72,,221351,18,,,1
50100,'501-Sunday-1-26-09-0000001',618,,221354,18,,,1,100,,221355,18,,,1,100,,221356,18,,,1,101,,221357,18,,,1,100,,221358,18,,,1,30,,221359,18,,,1,70,,221360,18,,,1,30,,221361,18,,,1,70,,221362,18,,,1,30,,221363,18,,,1,70,,221364,18,,,1,30,,221365,18,,,1,70,,221366,18,,,1,30,,221367,18,,,1,70,,221368,18,,,1,30,,221369,18,,,1,70,,221370,18,,,1,30,,221371,18,,,1,70,,221372,18,,,1,30,,221373,18,,,1,70,,221374,18,,,1,30,,221375,18,,,1,70,,221376,18,,,1
52500,'525-Weekday-1-26-09-1111100',945,,226694,9,,,1,70,,226695,9,,,1,30,,226696,9,,,1,70,,226697,9,,,1,30,,226698,9,,,1,70,,226699,9,,,1,30,,226700,9,,,1,70,,226701,9,,,1,30,,226702,9,,,1,70,,226703,9,,,1,30,,226704,9,,,1,102,,226705,9,,,1,100,,226706,9,,,1,100,,226707,9,,,1
52500,'525-Weekday-2-26-09-1111100',945,,226708,9,,,1,70,,226709,9,,,1,30,,226710,9,,,1,70,,226711,9,,,1,30,,226712,9,,,1,70,,226713,9,,,1,30,,226714,9,,,1,70,,226715,9,,,1,30,,226716,9,,,1,70,,226717,9,,,1,30,,226718,9,,,1,102,,226719,9,,,1,100,,226720,9,,,1,100,,226721,9,,,1
52500,'525-Weekday-3-26-09-1111100',945,,269677,9,,,1,70,,269678,9,,,1,30,,269679,9,,,1,70,,269680,9,,,1,30,,269681,9,,,1,70,,269682,9,,,1,30,,269683,9,,,1,70,,269684,9,,,1,30,,269685,9,,,1,70,,269686,9,,,1,30,,269687,9,,,1,102,,269688,9,,,1,100,,269689,9,,,1,100,,269690,9,,,1
52500,'525-Weekday-4-26-09-1111100',945,,226722,9,,,1,70,,226723,9,,,1,30,,226724,9,,,1,70,,226725,9,,,1,30,,226726,9,,,1,70,,226727,9,,,1,30,,226728,9,,,1,70,,226729,9,,,1,30,,226730,9,,,1,70,,226731,9,,,1,30,,226732,9,,,1,102,,226733,9,,,1,100,,226734,9,,,1,100,,226735,9,,,1
52500,'525-Weekday-5-26-09-1111100',945,,269691,9,,,1,70,,269692,9,,,1,30,,269693,9,,,1,70,,269694,9,,,1,30,,269695,9,,,1,70,,269696,9,,,1,30,,269697,9,,,1,70,,269698,9,,,1,30,,269699,9,,,1,70,,269700,9,,,1,30,,269701,9,,,1,102,,269702,9,,,1,100,,269703,9,,,1,100,,269704,9,,,1
52500,'525-Weekday-6-26-09-1111100',945,,269705,9,,,1,70,,269706,9,,,1,30,,269707,9,,,1,70,,269708,9,,,1,30,,269709,9,,,1,70,,269710,9,,,1,30,,269711,9,,,1,70,,269712,9,,,1,30,,269713,9,,,1,70,,269714,9,,,1,30,,269715,9,,,1,102,,269716,9,,,1,100,,269717,9,,,1,100,,269718,9,,,1
52500,'525-Weekday-7-26-09-1111100',945,,269719,9,,,1,70,,269720,9,,,1,30,,269721,9,,,1,70,,269722,9,,,1,30,,269723,9,,,1,70,,269724,9,,,1,30,,269725,9,,,1,70,,269726,9,,,1,30,,269727,9,,,1,70,,269728,9,,,1,30,,269729,9,,,1,102,,269730,9,,,1,100,,269731,9,,,1,100,,269732,9,,,1
52500,'525-Saturday-1-26-09-0000010',1116,,226736,9,,,1,100,,226737,9,,,1,100,,226738,9,,,1,100,,226739,9,,,1,100,,226740,9,,,1,100,,226741,9,,,1,100,,226742,9,,,1
52500,'525-Sunday-1-26-09-0000001',1115,,226743,9,,,1,100,,226744,9,,,1,100,,226745,9,,,1,100,,226746,9,,,1,100,,226747,9,,,1,100,,226748,9,,,1
