10600,'106-Weekday-1-26-09-0001000',1223,,215312,7,,,1,5,,215313,7,,,1
10600,'106-Weekday-1-26-09-1110100',1458,,215314,7,,,1,45,,215315,7,,,1,5,,215316,7,,,1
10600,'106-Weekday-1-26-09-1111100',548,,215369,28,,,1,73,,215320,28,,,1,34,,215321,28,,,1,70,,215367,28,,,1,12,,215322,28,,,1,15,,215378,7,,,1,55,,215323,28,,,1,10,,215324,28,,,1,10,,215370,28,,,1,10,,215326,28,,,1,10,,215325,28,,,1,10,,215371,28,,,1,49,,215329,28,,,1,10,,215327,28,,,1,9,,215372,28,,,1,14,,215332,28,,,1,16,,215333,28,,,1,57,,215334,28,,,1,20,,215335,28,,,1,20,,215336,28,,,1,60,,215337,28,,,1,20,,215338,28,,,1,20,,215339,28,,,1,60,,215340,28,,,1,20,,215341,28,,,1,20,,215342,28,,,1,60,,215343,28,,,1,20,,215344,28,,,1,20,,215345,28,,,1,60,,215346,28,,,1,20,,215347,28,,,1,20,,215348,28,,,1,61,,215349,28,,,1,22,,215350,28,,,1,11,,215328,28,,,1,10,,215373,28,,,1,50,,215353,28,,,1,10,,215330,28,,,1,10,,215374,28,,,1,10,,215354,28,,,1,10,,215331,28,,,1,10,,215375,28,,,1,50,,215355,28,,,1,10,,215351,28,,,1,10,,215376,28,,,1,10,,215356,28,,,1,10,,215352,28,,,1,10,,215377,28,,,1,50,,215357,28,,,1,14,,215366,28,,,1,15,,215358,28,,,1,66,,215359,28,,,1,25,,215360,28,,,1,30,,215361,28,,,1,70,,215362,28,,,1,30,,215363,28,,,1,70,,215364,28,,,1,29,,215365,28,,,1,67,,215318,28,,,1,26,,215319,28,,,1
10600,'106-Weekday-2-26-09-1111100',548,,215431,28,,,1,73,,215382,28,,,1,34,,215383,28,,,1,70,,215429,28,,,1,12,,215384,28,,,1,15,,215430,28,,,1,55,,215385,28,,,1,10,,215386,28,,,1,10,,215432,28,,,1,10,,215388,28,,,1,10,,215387,28,,,1,10,,215433,28,,,1,49,,215391,28,,,1,10,,215389,28,,,1,9,,215434,28,,,1,14,,215394,28,,,1,16,,215395,28,,,1,57,,215396,28,,,1,20,,215397,28,,,1,20,,215398,28,,,1,60,,215399,28,,,1,20,,215400,28,,,1,20,,215401,28,,,1,60,,215402,28,,,1,20,,215403,28,,,1,20,,215404,28,,,1,60,,215405,28,,,1,20,,215406,28,,,1,20,,215407,28,,,1,60,,215408,28,,,1,20,,215409,28,,,1,20,,215410,28,,,1,61,,215411,28,,,1,22,,215412,28,,,1,11,,215390,28,,,1,10,,215435,28,,,1,50,,215415,28,,,1,10,,215392,28,,,1,10,,215436,28,,,1,10,,215416,28,,,1,10,,215393,28,,,1,10,,215437,28,,,1,50,,215417,28,,,1,10,,215413,28,,,1,10,,215438,28,,,1,10,,215418,28,,,1,10,,215414,28,,,1,10,,215439,28,,,1,50,,215419,28,,,1,14,,215428,28,,,1,15,,215420,28,,,1,66,,215421,28,,,1,25,,215422,28,,,1,30,,215423,28,,,1,70,,215424,28,,,1,30,,215425,28,,,1,70,,215426,28,,,1,29,,215427,28,,,1,67,,215380,28,,,1,26,,215381,28,,,1
10600,'106-Weekday-3-26-09-1110100',1458,,258877,7,,,1,45,,258878,7,,,1,5,,258879,7,,,1
10600,'106-Weekday-3-26-09-1111100',548,,258932,28,,,1,73,,258883,28,,,1,34,,258884,28,,,1,70,,258930,28,,,1,12,,258885,28,,,1,15,,258941,7,,,1,55,,258886,28,,,1,10,,258887,28,,,1,10,,258933,28,,,1,10,,258889,28,,,1,10,,258888,28,,,1,10,,258934,28,,,1,49,,258892,28,,,1,10,,258890,28,,,1,9,,258935,28,,,1,14,,258895,28,,,1,16,,258896,28,,,1,57,,258897,28,,,1,20,,258898,28,,,1,20,,258899,28,,,1,60,,258900,28,,,1,20,,258901,28,,,1,20,,258902,28,,,1,60,,258903,28,,,1,20,,258904,28,,,1,20,,258905,28,,,1,60,,258906,28,,,1,20,,258907,28,,,1,20,,258908,28,,,1,60,,258909,28,,,1,20,,258910,28,,,1,20,,258911,28,,,1,61,,258912,28,,,1,22,,258913,28,,,1,11,,258891,28,,,1,10,,258936,28,,,1,50,,258916,28,,,1,10,,258893,28,,,1,10,,258937,28,,,1,10,,258917,28,,,1,10,,258894,28,,,1,10,,258938,28,,,1,50,,258918,28,,,1,10,,258914,28,,,1,10,,258939,28,,,1,10,,258919,28,,,1,10,,258915,28,,,1,10,,258940,28,,,1,50,,258920,28,,,1,14,,258929,28,,,1,15,,258921,28,,,1,66,,258922,28,,,1,25,,258923,28,,,1,30,,258924,28,,,1,70,,258925,28,,,1,30,,258926,28,,,1,70,,258927,28,,,1,29,,258928,28,,,1,67,,258881,28,,,1,26,,258882,28,,,1
10600,'106-Weekday-4-26-09-1111100',548,,215492,28,,,1,73,,215443,28,,,1,34,,215444,28,,,1,70,,215490,28,,,1,12,,215445,28,,,1,15,,215491,28,,,1,55,,215446,28,,,1,10,,215447,28,,,1,10,,215493,28,,,1,10,,215449,28,,,1,10,,215448,28,,,1,10,,215494,28,,,1,49,,215452,28,,,1,10,,215450,28,,,1,9,,215495,28,,,1,14,,215455,28,,,1,16,,215456,28,,,1,57,,215457,28,,,1,20,,215458,28,,,1,20,,215459,28,,,1,60,,215460,28,,,1,20,,215461,28,,,1,20,,215462,28,,,1,60,,215463,28,,,1,20,,215464,28,,,1,20,,215465,28,,,1,60,,215466,28,,,1,20,,215467,28,,,1,20,,215468,28,,,1,60,,215469,28,,,1,20,,215470,28,,,1,20,,215471,28,,,1,61,,215472,28,,,1,22,,215473,28,,,1,11,,215451,28,,,1,10,,215496,28,,,1,50,,215476,28,,,1,10,,215453,28,,,1,10,,215497,28,,,1,10,,215477,28,,,1,10,,215454,28,,,1,10,,215498,28,,,1,50,,215478,28,,,1,10,,215474,28,,,1,10,,215499,28,,,1,10,,215479,28,,,1,10,,215475,28,,,1,10,,215500,28,,,1,50,,215480,28,,,1,14,,215489,28,,,1,15,,215481,28,,,1,66,,215482,28,,,1,25,,215483,28,,,1,30,,215484,28,,,1,70,,215485,28,,,1,30,,215486,28,,,1,70,,215487,28,,,1,29,,215488,28,,,1,67,,215441,28,,,1,26,,215442,28,,,1
10600,'106-Weekday-5-26-09-1111100',548,,258994,28,,,1,73,,258945,28,,,1,34,,258946,28,,,1,70,,258992,28,,,1,12,,258947,28,,,1,15,,258993,28,,,1,55,,258948,28,,,1,10,,258949,28,,,1,10,,258995,28,,,1,10,,258951,28,,,1,10,,258950,28,,,1,10,,258996,28,,,1,49,,258954,28,,,1,10,,258952,28,,,1,9,,258997,28,,,1,14,,258957,28,,,1,16,,258958,28,,,1,57,,258959,28,,,1,20,,258960,28,,,1,20,,258961,28,,,1,60,,258962,28,,,1,20,,258963,28,,,1,20,,258964,28,,,1,60,,258965,28,,,1,20,,258966,28,,,1,20,,258967,28,,,1,60,,258968,28,,,1,20,,258969,28,,,1,20,,258970,28,,,1,60,,258971,28,,,1,20,,258972,28,,,1,20,,258973,28,,,1,61,,258974,28,,,1,22,,258975,28,,,1,11,,258953,28,,,1,10,,258998,28,,,1,50,,258978,28,,,1,10,,258955,28,,,1,10,,258999,28,,,1,10,,258979,28,,,1,10,,258956,28,,,1,10,,259000,28,,,1,50,,258980,28,,,1,10,,258976,28,,,1,10,,259001,28,,,1,10,,258981,28,,,1,10,,258977,28,,,1,10,,259002,28,,,1,50,,258982,28,,,1,14,,258991,28,,,1,15,,258983,28,,,1,66,,258984,28,,,1,25,,258985,28,,,1,30,,258986,28,,,1,70,,258987,28,,,1,30,,258988,28,,,1,70,,258989,28,,,1,29,,258990,28,,,1,67,,258943,28,,,1,26,,258944,28,,,1
10600,'106-Weekday-6-26-09-1110100',1458,,259003,7,,,1,45,,259004,7,,,1,5,,259005,7,,,1
10600,'106-Weekday-6-26-09-1111100',548,,259058,28,,,1,73,,259009,28,,,1,34,,259010,28,,,1,70,,259056,28,,,1,12,,259011,28,,,1,15,,259067,7,,,1,55,,259012,28,,,1,10,,259013,28,,,1,10,,259059,28,,,1,10,,259015,28,,,1,10,,259014,28,,,1,10,,259060,28,,,1,49,,259018,28,,,1,10,,259016,28,,,1,9,,259061,28,,,1,14,,259021,28,,,1,16,,259022,28,,,1,57,,259023,28,,,1,20,,259024,28,,,1,20,,259025,28,,,1,60,,259026,28,,,1,20,,259027,28,,,1,20,,259028,28,,,1,60,,259029,28,,,1,20,,259030,28,,,1,20,,259031,28,,,1,60,,259032,28,,,1,20,,259033,28,,,1,20,,259034,28,,,1,60,,259035,28,,,1,20,,259036,28,,,1,20,,259037,28,,,1,61,,259038,28,,,1,22,,259039,28,,,1,11,,259017,28,,,1,10,,259062,28,,,1,50,,259042,28,,,1,10,,259019,28,,,1,10,,259063,28,,,1,10,,259043,28,,,1,10,,259020,28,,,1,10,,259064,28,,,1,50,,259044,28,,,1,10,,259040,28,,,1,10,,259065,28,,,1,10,,259045,28,,,1,10,,259041,28,,,1,10,,259066,28,,,1,50,,259046,28,,,1,14,,259055,28,,,1,15,,259047,28,,,1,66,,259048,28,,,1,25,,259049,28,,,1,30,,259050,28,,,1,70,,259051,28,,,1,30,,259052,28,,,1,70,,259053,28,,,1,29,,259054,28,,,1,67,,259007,28,,,1,26,,259008,28,,,1
10600,'106-Weekday-7-26-09-1111100',548,,259120,28,,,1,73,,259071,28,,,1,34,,259072,28,,,1,70,,259118,28,,,1,12,,259073,28,,,1,15,,259119,28,,,1,55,,259074,28,,,1,10,,259075,28,,,1,10,,259121,28,,,1,10,,259077,28,,,1,10,,259076,28,,,1,10,,259122,28,,,1,49,,259080,28,,,1,10,,259078,28,,,1,9,,259123,28,,,1,14,,259083,28,,,1,16,,259084,28,,,1,57,,259085,28,,,1,20,,259086,28,,,1,20,,259087,28,,,1,60,,259088,28,,,1,20,,259089,28,,,1,20,,259090,28,,,1,60,,259091,28,,,1,20,,259092,28,,,1,20,,259093,28,,,1,60,,259094,28,,,1,20,,259095,28,,,1,20,,259096,28,,,1,60,,259097,28,,,1,20,,259098,28,,,1,20,,259099,28,,,1,61,,259100,28,,,1,22,,259101,28,,,1,11,,259079,28,,,1,10,,259124,28,,,1,50,,259104,28,,,1,10,,259081,28,,,1,10,,259125,28,,,1,10,,259105,28,,,1,10,,259082,28,,,1,10,,259126,28,,,1,50,,259106,28,,,1,10,,259102,28,,,1,10,,259127,28,,,1,10,,259107,28,,,1,10,,259103,28,,,1,10,,259128,28,,,1,50,,259108,28,,,1,14,,259117,28,,,1,15,,259109,28,,,1,66,,259110,28,,,1,25,,259111,28,,,1,30,,259112,28,,,1,70,,259113,28,,,1,30,,259114,28,,,1,70,,259115,28,,,1,29,,259116,28,,,1,67,,259069,28,,,1,26,,259070,28,,,1
10600,'106-Saturday-1-26-09-0000010',551,,215501,28,,,1,72,,215502,28,,,1,30,,215503,28,,,1,70,,215504,28,,,1,30,,215505,28,,,1,70,,215506,28,,,1,31,,215507,28,,,1,71,,215508,28,,,1,76,,215509,28,,,1,30,,215510,28,,,1,70,,215511,28,,,1,30,,215512,28,,,1,70,,215513,28,,,1,30,,215514,28,,,1,70,,215515,28,,,1,30,,215516,28,,,1,70,,215517,28,,,1,30,,215518,28,,,1,70,,215519,28,,,1,30,,215520,28,,,1,70,,215521,28,,,1,30,,215522,28,,,1,70,,215523,28,,,1,28,,215524,28,,,1,29,,215525,28,,,1,70,,215526,28,,,1,30,,215527,28,,,1,70,,215528,28,,,1,30,,215529,28,,,1,70,,215530,28,,,1,30,,215531,28,,,1,70,,215532,28,,,1,30,,215533,28,,,1,70,,215534,28,,,1,30,,215535,28,,,1,100,,215536,28,,,1
10600,'106-Sunday-1-26-09-0000001',639,,215537,28,,,1,70,,215538,28,,,1,30,,215539,28,,,1,70,,215540,28,,,1,30,,215541,28,,,1,71,,215542,28,,,1,32,,215543,28,,,1,74,,215544,28,,,1,30,,215545,28,,,1,70,,215546,28,,,1,30,,215547,28,,,1,70,,215548,28,,,1,30,,215549,28,,,1,70,,215550,28,,,1,30,,215551,28,,,1,70,,215552,28,,,1,30,,215553,28,,,1,70,,215554,28,,,1,30,,215555,28,,,1,70,,215556,28,,,1,30,,215557,28,,,1,69,,215558,28,,,1,28,,215559,28,,,1,67,,215560,28,,,1,30,,215561,28,,,1,70,,215562,28,,,1,30,,215563,28,,,1,70,,215564,28,,,1,30,,215565,28,,,1,70,,215566,28,,,1,30,,215567,28,,,1,100,,215568,28,,,1
12800,'128-Weekday-1-26-09-1111100',858,,221143,8,,,1,100,,221144,8,,,1,100,,221145,8,,,1,100,,221146,8,,,1,100,,221147,8,,,1,100,,221148,8,,,1,100,,221149,8,,,1,100,,221150,8,,,1
12800,'128-Weekday-2-26-09-1111100',858,,221151,8,,,1,100,,221152,8,,,1,100,,221153,8,,,1,100,,221154,8,,,1,100,,221155,8,,,1,100,,221156,8,,,1,100,,221157,8,,,1,100,,221158,8,,,1
12800,'128-Weekday-3-26-09-1111100',858,,264441,8,,,1,100,,264442,8,,,1,100,,264443,8,,,1,100,,264444,8,,,1,100,,264445,8,,,1,100,,264446,8,,,1,100,,264447,8,,,1,100,,264448,8,,,1
12800,'128-Weekday-4-26-09-1111100',858,,221159,8,,,1,100,,221160,8,,,1,100,,221161,8,,,1,100,,221162,8,,,1,100,,221163,8,,,1,100,,221164,8,,,1,100,,221165,8,,,1,100,,221166,8,,,1
12800,'128-Weekday-5-26-09-1111100',858,,264449,8,,,1,100,,264450,8,,,1,100,,264451,8,,,1,100,,264452,8,,,1,100,,264453,8,,,1,100,,264454,8,,,1,100,,264455,8,,,1,100,,264456,8,,,1
12800,'128-Weekday-6-26-09-1111100',858,,264457,8,,,1,100,,264458,8,,,1,100,,264459,8,,,1,100,,264460,8,,,1,100,,264461,8,,,1,100,,264462,8,,,1,100,,264463,8,,,1,100,,264464,8,,,1
12800,'128-Weekday-7-26-09-1111100',858,,264465,8,,,1,100,,264466,8,,,1,100,,264467,8,,,1,100,,264468,8,,,1,100,,264469,8,,,1,100,,264470,8,,,1,100,,264471,8,,,1,100,,264472,8,,,1
12800,'128-Saturday-1-26-09-0000010',857,,221167,8,,,1,100,,221168,8,,,1,100,,221169,8,,,1,100,,221170,8,,,1,100,,221171,8,,,1,100,,221172,8,,,1,100,,221173,8,,,1,100,,221174,8,,,1
61200,'612-Weekday-1-26-09-0001000',1229,,227408,6,,,1
61200,'612-Weekday-1-26-09-1110100',1507,,227409,6,,,1
61200,'612-Weekday-4-26-09-1110100',1507,,270268,6,,,1
61200,'612-Weekday-7-26-09-1110100',1507,,270269,6,,,1
62300,'623-Weekday-1-26-09-0001000',1229,,227548,6,,,1
62300,'623-Weekday-1-26-09-1110100',1507,,227549,6,,,1
62300,'623-Weekday-4-26-09-1110100',1507,,270371,6,,,1
62300,'623-Weekday-7-26-09-1110100',1507,,270372,6,,,1
62600,'626-Weekday-1-26-09-0001000',1229,,227553,6,,,1,4,,227554,6,,,1
62600,'626-Weekday-1-26-09-1110100',1503,,227556,6,,,1,4,,227557,6,,,1,4,,227555,6,,,1
62600,'626-Weekday-4-26-09-1110100',1503,,270380,6,,,1,4,,270381,6,,,1,4,,270379,6,,,1
62600,'626-Weekday-7-26-09-1110100',1503,,270383,6,,,1,4,,270384,6,,,1,4,,270382,6,,,1
