71300,'713-Weekday-1-26-09-1111100',540,,231634,9,,,1,70,,231635,9,,,1,33,,231636,9,,,1,15,,231637,9,,,1,55,,231638,9,,,1,15,,231639,9,,,1,15,,231675,9,,,1,15,,231641,9,,,1,55,,231640,9,,,1,15,,231642,9,,,1,15,,231674,9,,,1,14,,231643,9,,,1,53,,231644,9,,,1,30,,231645,9,,,1,70,,231646,9,,,1,30,,231647,9,,,1,70,,231648,9,,,1,30,,231649,9,,,1,70,,231650,9,,,1,30,,231651,9,,,1,70,,231652,9,,,1,30,,231653,9,,,1,70,,231654,9,,,1,30,,231655,9,,,1,77,,231656,9,,,1,20,,231657,9,,,1,20,,231658,9,,,1,60,,231659,9,,,1,20,,231660,9,,,1,20,,231661,9,,,1,60,,231662,9,,,1,20,,231663,9,,,1,17,,231664,9,,,1,60,,231665,9,,,1,26,,231666,9,,,1,70,,231667,9,,,1,30,,231668,9,,,1,70,,231669,9,,,1,30,,231670,9,,,1,70,,231671,9,,,1,30,,231672,9,,,1,69,,231673,9,,,1
71300,'713-Weekday-2-26-09-1111100',540,,231676,9,,,1,70,,231677,9,,,1,33,,231678,9,,,1,15,,231679,9,,,1,55,,231680,9,,,1,15,,231681,9,,,1,15,,231717,9,,,1,15,,231683,9,,,1,55,,231682,9,,,1,15,,231684,9,,,1,15,,231716,9,,,1,14,,231685,9,,,1,53,,231686,9,,,1,30,,231687,9,,,1,70,,231688,9,,,1,30,,231689,9,,,1,70,,231690,9,,,1,30,,231691,9,,,1,70,,231692,9,,,1,30,,231693,9,,,1,70,,231694,9,,,1,30,,231695,9,,,1,70,,231696,9,,,1,30,,231697,9,,,1,77,,231698,9,,,1,20,,231699,9,,,1,20,,231700,9,,,1,60,,231701,9,,,1,20,,231702,9,,,1,20,,231703,9,,,1,60,,231704,9,,,1,20,,231705,9,,,1,17,,231706,9,,,1,60,,231707,9,,,1,26,,231708,9,,,1,70,,231709,9,,,1,30,,231710,9,,,1,70,,231711,9,,,1,30,,231712,9,,,1,70,,231713,9,,,1,30,,231714,9,,,1,69,,231715,9,,,1
71300,'713-Weekday-3-26-09-1111100',540,,274384,9,,,1,70,,274385,9,,,1,33,,274386,9,,,1,15,,274387,9,,,1,55,,274388,9,,,1,15,,274389,9,,,1,15,,274425,9,,,1,15,,274391,9,,,1,55,,274390,9,,,1,15,,274392,9,,,1,15,,274424,9,,,1,14,,274393,9,,,1,53,,274394,9,,,1,30,,274395,9,,,1,70,,274396,9,,,1,30,,274397,9,,,1,70,,274398,9,,,1,30,,274399,9,,,1,70,,274400,9,,,1,30,,274401,9,,,1,70,,274402,9,,,1,30,,274403,9,,,1,70,,274404,9,,,1,30,,274405,9,,,1,77,,274406,9,,,1,20,,274407,9,,,1,20,,274408,9,,,1,60,,274409,9,,,1,20,,274410,9,,,1,20,,274411,9,,,1,60,,274412,9,,,1,20,,274413,9,,,1,17,,274414,9,,,1,60,,274415,9,,,1,26,,274416,9,,,1,70,,274417,9,,,1,30,,274418,9,,,1,70,,274419,9,,,1,30,,274420,9,,,1,70,,274421,9,,,1,30,,274422,9,,,1,69,,274423,9,,,1
71300,'713-Weekday-4-26-09-1111100',540,,231718,9,,,1,70,,231719,9,,,1,33,,231720,9,,,1,15,,231721,9,,,1,55,,231722,9,,,1,15,,231723,9,,,1,15,,231759,9,,,1,15,,231725,9,,,1,55,,231724,9,,,1,15,,231726,9,,,1,15,,231758,9,,,1,14,,231727,9,,,1,53,,231728,9,,,1,30,,231729,9,,,1,70,,231730,9,,,1,30,,231731,9,,,1,70,,231732,9,,,1,30,,231733,9,,,1,70,,231734,9,,,1,30,,231735,9,,,1,70,,231736,9,,,1,30,,231737,9,,,1,70,,231738,9,,,1,30,,231739,9,,,1,77,,231740,9,,,1,20,,231741,9,,,1,20,,231742,9,,,1,60,,231743,9,,,1,20,,231744,9,,,1,20,,231745,9,,,1,60,,231746,9,,,1,20,,231747,9,,,1,17,,231748,9,,,1,60,,231749,9,,,1,26,,231750,9,,,1,70,,231751,9,,,1,30,,231752,9,,,1,70,,231753,9,,,1,30,,231754,9,,,1,70,,231755,9,,,1,30,,231756,9,,,1,69,,231757,9,,,1
71300,'713-Weekday-5-26-09-1111100',540,,274426,9,,,1,70,,274427,9,,,1,33,,274428,9,,,1,15,,274429,9,,,1,55,,274430,9,,,1,15,,274431,9,,,1,15,,274467,9,,,1,15,,274433,9,,,1,55,,274432,9,,,1,15,,274434,9,,,1,15,,274466,9,,,1,14,,274435,9,,,1,53,,274436,9,,,1,30,,274437,9,,,1,70,,274438,9,,,1,30,,274439,9,,,1,70,,274440,9,,,1,30,,274441,9,,,1,70,,274442,9,,,1,30,,274443,9,,,1,70,,274444,9,,,1,30,,274445,9,,,1,70,,274446,9,,,1,30,,274447,9,,,1,77,,274448,9,,,1,20,,274449,9,,,1,20,,274450,9,,,1,60,,274451,9,,,1,20,,274452,9,,,1,20,,274453,9,,,1,60,,274454,9,,,1,20,,274455,9,,,1,17,,274456,9,,,1,60,,274457,9,,,1,26,,274458,9,,,1,70,,274459,9,,,1,30,,274460,9,,,1,70,,274461,9,,,1,30,,274462,9,,,1,70,,274463,9,,,1,30,,274464,9,,,1,69,,274465,9,,,1
71300,'713-Weekday-6-26-09-1111100',540,,274468,9,,,1,70,,274469,9,,,1,33,,274470,9,,,1,15,,274471,9,,,1,55,,274472,9,,,1,15,,274473,9,,,1,15,,274509,9,,,1,15,,274475,9,,,1,55,,274474,9,,,1,15,,274476,9,,,1,15,,274508,9,,,1,14,,274477,9,,,1,53,,274478,9,,,1,30,,274479,9,,,1,70,,274480,9,,,1,30,,274481,9,,,1,70,,274482,9,,,1,30,,274483,9,,,1,70,,274484,9,,,1,30,,274485,9,,,1,70,,274486,9,,,1,30,,274487,9,,,1,70,,274488,9,,,1,30,,274489,9,,,1,77,,274490,9,,,1,20,,274491,9,,,1,20,,274492,9,,,1,60,,274493,9,,,1,20,,274494,9,,,1,20,,274495,9,,,1,60,,274496,9,,,1,20,,274497,9,,,1,17,,274498,9,,,1,60,,274499,9,,,1,26,,274500,9,,,1,70,,274501,9,,,1,30,,274502,9,,,1,70,,274503,9,,,1,30,,274504,9,,,1,70,,274505,9,,,1,30,,274506,9,,,1,69,,274507,9,,,1
71300,'713-Weekday-7-26-09-1111100',540,,274510,9,,,1,70,,274511,9,,,1,33,,274512,9,,,1,15,,274513,9,,,1,55,,274514,9,,,1,15,,274515,9,,,1,15,,274551,9,,,1,15,,274517,9,,,1,55,,274516,9,,,1,15,,274518,9,,,1,15,,274550,9,,,1,14,,274519,9,,,1,53,,274520,9,,,1,30,,274521,9,,,1,70,,274522,9,,,1,30,,274523,9,,,1,70,,274524,9,,,1,30,,274525,9,,,1,70,,274526,9,,,1,30,,274527,9,,,1,70,,274528,9,,,1,30,,274529,9,,,1,70,,274530,9,,,1,30,,274531,9,,,1,77,,274532,9,,,1,20,,274533,9,,,1,20,,274534,9,,,1,60,,274535,9,,,1,20,,274536,9,,,1,20,,274537,9,,,1,60,,274538,9,,,1,20,,274539,9,,,1,17,,274540,9,,,1,60,,274541,9,,,1,26,,274542,9,,,1,70,,274543,9,,,1,30,,274544,9,,,1,70,,274545,9,,,1,30,,274546,9,,,1,70,,274547,9,,,1,30,,274548,9,,,1,69,,274549,9,,,1
71300,'713-Saturday-1-26-09-0000010',811,,231760,9,,,1,30,,231761,9,,,1,71,,231762,9,,,1,30,,231763,9,,,1,70,,231764,9,,,1,30,,231765,9,,,1,70,,231766,9,,,1,30,,231767,9,,,1,70,,231768,9,,,1,30,,231769,9,,,1,70,,231770,9,,,1,30,,231771,9,,,1,70,,231772,9,,,1,30,,231773,9,,,1,70,,231774,9,,,1,30,,231775,9,,,1,70,,231776,9,,,1,30,,231777,9,,,1,69,,231778,9,,,1,30,,231779,9,,,1,70,,231780,9,,,1,30,,231781,9,,,1,70,,231782,9,,,1,100,,231783,9,,,1,100,,231784,9,,,1,100,,231785,9,,,1
71300,'713-Sunday-1-26-09-0000001',808,,231786,9,,,1,101,,231787,9,,,1,100,,231788,9,,,1,48,,231789,9,,,1,70,,231790,9,,,1,30,,231791,9,,,1,70,,231792,9,,,1,30,,231793,9,,,1,70,,231794,9,,,1,30,,231795,9,,,1,70,,231796,9,,,1,30,,231797,9,,,1,70,,231798,9,,,1,30,,231799,9,,,1,70,,231800,9,,,1,30,,231801,9,,,1,71,,231802,9,,,1,30,,231803,9,,,1,70,,231804,9,,,1,30,,231805,9,,,1
71301,'713-Weekday-1-26-09-1110100',1549,,231806,14,,,1
71301,'713-Weekday-2-26-09-1110100',1549,,231849,14,,,1
71301,'713-Weekday-6-26-09-1110100',1549,,274636,14,,,1
