65801,'658-Weekday-1-26-09-1111100',800,,227699,23,4,,1,3,,227700,23,4,,1,2,,227701,23,4,,1
65801,'658-Weekday-4-26-09-1111100',800,,270491,23,4,,1,3,,270492,23,4,,1,2,,270493,23,4,,1
65801,'658-Weekday-7-26-09-1111100',800,,270494,23,4,,1,3,,270495,23,4,,1,2,,270496,23,4,,1
65901,'659-Weekday-1-26-09-1111100',803,,227705,17,4,,1,2,,227706,17,4,,1
65901,'659-Weekday-4-26-09-1111100',803,,270501,17,4,,1,2,,270502,17,4,,1
65901,'659-Weekday-7-26-09-1111100',803,,270503,17,4,,1,2,,270504,17,4,,1
66301,'663-Weekday-1-26-09-0001000',1224,3,227745,1,,,1,2,3,227746,1,,,1,2,3,227747,1,,,1
66301,'663-Weekday-1-26-09-1110100',1518,3,227748,1,,,1,2,3,227749,1,,,1,2,3,227750,1,,,1
66301,'663-Weekday-4-26-09-1110100',1518,3,270548,1,,,1,2,3,270549,1,,,1,2,3,270550,1,,,1
66301,'663-Weekday-7-26-09-1110100',1518,3,270551,1,,,1,2,3,270552,1,,,1,2,3,270553,1,,,1
66401,'664-Weekday-1-26-09-1111100',757,,227761,17,4,,1,48,,227760,17,4,,1
66401,'664-Weekday-4-26-09-1111100',757,,270561,17,4,,1,48,,270560,17,4,,1
66401,'664-Weekday-7-26-09-1111100',757,,270563,17,4,,1,48,,270562,17,4,,1
66901,'669-Weekday-1-26-09-0001000',1225,3,227802,1,,,1,3,3,227803,1,,,1
66901,'669-Weekday-1-26-09-1110100',1520,3,227804,1,,,1,2,3,227805,1,,,1
66901,'669-Weekday-4-26-09-1110100',1520,3,270584,1,,,1,2,3,270585,1,,,1
66901,'669-Weekday-7-26-09-1110100',1520,3,270586,1,,,1,2,3,270587,1,,,1
