10601,'106-Weekday-1-26-09-0001000',1226,,215570,4,0,14,1
10601,'106-Weekday-1-26-09-1110100',1502,,215571,4,0,14,1,4,,215572,4,0,14,1
10601,'106-Weekday-1-26-09-1111100',540,,215573,14,,,1,70,,215574,14,,,1,34,,215575,14,,,1,70,,215576,14,,,1,10,,215577,14,,,1,10,,215623,14,,,1,10,,215578,14,,,1,10,,215579,14,,,1,5,,215632,13,0,14,1,45,,215622,14,,,1,5,,215633,13,0,14,1,5,,215580,14,,,1,10,,215581,14,,,1,10,,215620,14,,,1,16,,215629,14,,,1,57,,215630,14,,,1,17,,215582,14,,,1,20,,215583,14,,,1,60,,215584,14,,,1,20,,215585,14,,,1,20,,215586,14,,,1,60,,215587,14,,,1,20,,215588,14,,,1,20,,215589,14,,,1,60,,215590,14,,,1,20,,215591,14,,,1,20,,215592,14,,,1,60,,215593,14,,,1,20,,215594,14,,,1,20,,215595,14,,,1,60,,215596,14,,,1,20,,215597,14,,,1,20,,215598,14,,,1,10,,215599,14,,,1,50,,215624,14,,,1,10,,215600,14,,,1,10,,215601,14,,,1,10,,215625,14,,,1,10,,215602,14,,,1,10,,215603,14,,,1,50,,215626,14,,,1,10,,215604,14,,,1,10,,215605,14,,,1,10,,215627,14,,,1,10,,215606,14,,,1,10,,215607,14,,,1,50,,215628,14,,,1,10,,215621,14,,,1,15,,215631,14,,,1,15,,215608,14,,,1,70,,215609,14,,,1,28,,215610,14,,,1,70,,215611,14,,,1,30,,215612,14,,,1,70,,215613,14,,,1,30,,215614,14,,,1,70,,215615,14,,,1,30,,215616,14,,,1,68,,215617,14,,,1,100,,215618,14,,,1,100,,215619,14,0,14,1
10601,'106-Weekday-2-26-09-1111100',540,,215634,14,,,1,70,,215635,14,,,1,34,,215636,14,,,1,70,,215637,14,,,1,10,,215638,14,,,1,10,,215684,14,,,1,10,,215639,14,,,1,10,,215640,14,,,1,50,,215683,14,,,1,10,,215641,14,,,1,10,,215642,14,,,1,10,,215681,14,,,1,16,,215690,14,,,1,57,,215691,14,,,1,17,,215643,14,,,1,20,,215644,14,,,1,60,,215645,14,,,1,20,,215646,14,,,1,20,,215647,14,,,1,60,,215648,14,,,1,20,,215649,14,,,1,20,,215650,14,,,1,60,,215651,14,,,1,20,,215652,14,,,1,20,,215653,14,,,1,60,,215654,14,,,1,20,,215655,14,,,1,20,,215656,14,,,1,60,,215657,14,,,1,20,,215658,14,,,1,20,,215659,14,,,1,10,,215660,14,,,1,50,,215685,14,,,1,10,,215661,14,,,1,10,,215662,14,,,1,10,,215686,14,,,1,10,,215663,14,,,1,10,,215664,14,,,1,50,,215687,14,,,1,10,,215665,14,,,1,10,,215666,14,,,1,10,,215688,14,,,1,10,,215667,14,,,1,10,,215668,14,,,1,50,,215689,14,,,1,10,,215682,14,,,1,15,,215692,14,,,1,15,,215669,14,,,1,70,,215670,14,,,1,28,,215671,14,,,1,70,,215672,14,,,1,30,,215673,14,,,1,70,,215674,14,,,1,30,,215675,14,,,1,70,,215676,14,,,1,30,,215677,14,,,1,68,,215678,14,,,1,100,,215679,14,,,1,100,,215680,14,0,14,1
10601,'106-Weekday-3-26-09-1110100',1502,,259129,4,0,14,1,4,,259130,4,0,14,1
10601,'106-Weekday-3-26-09-1111100',540,,259131,14,,,1,70,,259132,14,,,1,34,,259133,14,,,1,70,,259134,14,,,1,10,,259135,14,,,1,10,,259181,14,,,1,10,,259136,14,,,1,10,,259137,14,,,1,5,,259190,13,0,14,1,45,,259180,14,,,1,5,,259191,13,0,14,1,5,,259138,14,,,1,10,,259139,14,,,1,10,,259178,14,,,1,16,,259187,14,,,1,57,,259188,14,,,1,17,,259140,14,,,1,20,,259141,14,,,1,60,,259142,14,,,1,20,,259143,14,,,1,20,,259144,14,,,1,60,,259145,14,,,1,20,,259146,14,,,1,20,,259147,14,,,1,60,,259148,14,,,1,20,,259149,14,,,1,20,,259150,14,,,1,60,,259151,14,,,1,20,,259152,14,,,1,20,,259153,14,,,1,60,,259154,14,,,1,20,,259155,14,,,1,20,,259156,14,,,1,10,,259157,14,,,1,50,,259182,14,,,1,10,,259158,14,,,1,10,,259159,14,,,1,10,,259183,14,,,1,10,,259160,14,,,1,10,,259161,14,,,1,50,,259184,14,,,1,10,,259162,14,,,1,10,,259163,14,,,1,10,,259185,14,,,1,10,,259164,14,,,1,10,,259165,14,,,1,50,,259186,14,,,1,10,,259179,14,,,1,15,,259189,14,,,1,15,,259166,14,,,1,70,,259167,14,,,1,28,,259168,14,,,1,70,,259169,14,,,1,30,,259170,14,,,1,70,,259171,14,,,1,30,,259172,14,,,1,70,,259173,14,,,1,30,,259174,14,,,1,68,,259175,14,,,1,100,,259176,14,,,1,100,,259177,14,0,14,1
10601,'106-Weekday-4-26-09-1111100',540,,215693,14,,,1,70,,215694,14,,,1,34,,215695,14,,,1,70,,215696,14,,,1,10,,215697,14,,,1,10,,215743,14,,,1,10,,215698,14,,,1,10,,215699,14,,,1,50,,215742,14,,,1,10,,215700,14,,,1,10,,215701,14,,,1,10,,215740,14,,,1,16,,215749,14,,,1,57,,215750,14,,,1,17,,215702,14,,,1,20,,215703,14,,,1,60,,215704,14,,,1,20,,215705,14,,,1,20,,215706,14,,,1,60,,215707,14,,,1,20,,215708,14,,,1,20,,215709,14,,,1,60,,215710,14,,,1,20,,215711,14,,,1,20,,215712,14,,,1,60,,215713,14,,,1,20,,215714,14,,,1,20,,215715,14,,,1,60,,215716,14,,,1,20,,215717,14,,,1,20,,215718,14,,,1,10,,215719,14,,,1,50,,215744,14,,,1,10,,215720,14,,,1,10,,215721,14,,,1,10,,215745,14,,,1,10,,215722,14,,,1,10,,215723,14,,,1,50,,215746,14,,,1,10,,215724,14,,,1,10,,215725,14,,,1,10,,215747,14,,,1,10,,215726,14,,,1,10,,215727,14,,,1,50,,215748,14,,,1,10,,215741,14,,,1,15,,215751,14,,,1,15,,215728,14,,,1,70,,215729,14,,,1,28,,215730,14,,,1,70,,215731,14,,,1,30,,215732,14,,,1,70,,215733,14,,,1,30,,215734,14,,,1,70,,215735,14,,,1,30,,215736,14,,,1,68,,215737,14,,,1,100,,215738,14,,,1,100,,215739,14,0,14,1
10601,'106-Weekday-5-26-09-1111100',540,,259192,14,,,1,70,,259193,14,,,1,34,,259194,14,,,1,70,,259195,14,,,1,10,,259196,14,,,1,10,,259242,14,,,1,10,,259197,14,,,1,10,,259198,14,,,1,50,,259241,14,,,1,10,,259199,14,,,1,10,,259200,14,,,1,10,,259239,14,,,1,16,,259248,14,,,1,57,,259249,14,,,1,17,,259201,14,,,1,20,,259202,14,,,1,60,,259203,14,,,1,20,,259204,14,,,1,20,,259205,14,,,1,60,,259206,14,,,1,20,,259207,14,,,1,20,,259208,14,,,1,60,,259209,14,,,1,20,,259210,14,,,1,20,,259211,14,,,1,60,,259212,14,,,1,20,,259213,14,,,1,20,,259214,14,,,1,60,,259215,14,,,1,20,,259216,14,,,1,20,,259217,14,,,1,10,,259218,14,,,1,50,,259243,14,,,1,10,,259219,14,,,1,10,,259220,14,,,1,10,,259244,14,,,1,10,,259221,14,,,1,10,,259222,14,,,1,50,,259245,14,,,1,10,,259223,14,,,1,10,,259224,14,,,1,10,,259246,14,,,1,10,,259225,14,,,1,10,,259226,14,,,1,50,,259247,14,,,1,10,,259240,14,,,1,15,,259250,14,,,1,15,,259227,14,,,1,70,,259228,14,,,1,28,,259229,14,,,1,70,,259230,14,,,1,30,,259231,14,,,1,70,,259232,14,,,1,30,,259233,14,,,1,70,,259234,14,,,1,30,,259235,14,,,1,68,,259236,14,,,1,100,,259237,14,,,1,100,,259238,14,0,14,1
10601,'106-Weekday-6-26-09-1110100',1502,,259251,4,0,14,1,4,,259252,4,0,14,1
10601,'106-Weekday-6-26-09-1111100',540,,259253,14,,,1,70,,259254,14,,,1,34,,259255,14,,,1,70,,259256,14,,,1,10,,259257,14,,,1,10,,259303,14,,,1,10,,259258,14,,,1,10,,259259,14,,,1,5,,259312,13,0,14,1,45,,259302,14,,,1,5,,259313,13,0,14,1,5,,259260,14,,,1,10,,259261,14,,,1,10,,259300,14,,,1,16,,259309,14,,,1,57,,259310,14,,,1,17,,259262,14,,,1,20,,259263,14,,,1,60,,259264,14,,,1,20,,259265,14,,,1,20,,259266,14,,,1,60,,259267,14,,,1,20,,259268,14,,,1,20,,259269,14,,,1,60,,259270,14,,,1,20,,259271,14,,,1,20,,259272,14,,,1,60,,259273,14,,,1,20,,259274,14,,,1,20,,259275,14,,,1,60,,259276,14,,,1,20,,259277,14,,,1,20,,259278,14,,,1,10,,259279,14,,,1,50,,259304,14,,,1,10,,259280,14,,,1,10,,259281,14,,,1,10,,259305,14,,,1,10,,259282,14,,,1,10,,259283,14,,,1,50,,259306,14,,,1,10,,259284,14,,,1,10,,259285,14,,,1,10,,259307,14,,,1,10,,259286,14,,,1,10,,259287,14,,,1,50,,259308,14,,,1,10,,259301,14,,,1,15,,259311,14,,,1,15,,259288,14,,,1,70,,259289,14,,,1,28,,259290,14,,,1,70,,259291,14,,,1,30,,259292,14,,,1,70,,259293,14,,,1,30,,259294,14,,,1,70,,259295,14,,,1,30,,259296,14,,,1,68,,259297,14,,,1,100,,259298,14,,,1,100,,259299,14,0,14,1
10601,'106-Weekday-7-26-09-1111100',540,,259314,14,,,1,70,,259315,14,,,1,34,,259316,14,,,1,70,,259317,14,,,1,10,,259318,14,,,1,10,,259364,14,,,1,10,,259319,14,,,1,10,,259320,14,,,1,50,,259363,14,,,1,10,,259321,14,,,1,10,,259322,14,,,1,10,,259361,14,,,1,16,,259370,14,,,1,57,,259371,14,,,1,17,,259323,14,,,1,20,,259324,14,,,1,60,,259325,14,,,1,20,,259326,14,,,1,20,,259327,14,,,1,60,,259328,14,,,1,20,,259329,14,,,1,20,,259330,14,,,1,60,,259331,14,,,1,20,,259332,14,,,1,20,,259333,14,,,1,60,,259334,14,,,1,20,,259335,14,,,1,20,,259336,14,,,1,60,,259337,14,,,1,20,,259338,14,,,1,20,,259339,14,,,1,10,,259340,14,,,1,50,,259365,14,,,1,10,,259341,14,,,1,10,,259342,14,,,1,10,,259366,14,,,1,10,,259343,14,,,1,10,,259344,14,,,1,50,,259367,14,,,1,10,,259345,14,,,1,10,,259346,14,,,1,10,,259368,14,,,1,10,,259347,14,,,1,10,,259348,14,,,1,50,,259369,14,,,1,10,,259362,14,,,1,15,,259372,14,,,1,15,,259349,14,,,1,70,,259350,14,,,1,28,,259351,14,,,1,70,,259352,14,,,1,30,,259353,14,,,1,70,,259354,14,,,1,30,,259355,14,,,1,70,,259356,14,,,1,30,,259357,14,,,1,68,,259358,14,,,1,100,,259359,14,,,1,100,,259360,14,0,14,1
10601,'106-Saturday-1-26-09-0000010',542,,215752,14,,,1,70,,215753,14,,,1,30,,215754,14,,,1,70,,215755,14,,,1,30,,215756,14,,,1,70,,215757,14,,,1,30,,215786,14,,,1,71,,215758,14,,,1,30,,215759,14,,,1,70,,215760,14,,,1,30,,215761,14,,,1,70,,215762,14,,,1,30,,215763,14,,,1,70,,215764,14,,,1,30,,215765,14,,,1,70,,215766,14,,,1,30,,215767,14,,,1,70,,215768,14,,,1,30,,215769,14,,,1,70,,215770,14,,,1,30,,215771,14,,,1,70,,215772,14,,,1,30,,215773,14,,,1,70,,215785,14,,,1,30,,215784,14,,,1,70,,215783,14,,,1,30,,215782,14,,,1,70,,215774,14,,,1,30,,215775,14,,,1,70,,215776,14,,,1,30,,215777,14,,,1,70,,215778,14,,,1,30,,215779,14,,,1,70,,215787,14,,,1,100,,215780,14,,,1,100,,215781,14,,,1
10601,'106-Sunday-1-26-09-0000001',627,,215788,14,,,1,30,,215789,14,,,1,70,,215790,14,,,1,30,,215791,14,,,1,70,,215792,14,,,1,29,,215793,14,,,1,73,,215794,14,,,1,30,,215795,14,,,1,70,,215796,14,,,1,30,,215797,14,,,1,70,,215798,14,,,1,30,,215799,14,,,1,70,,215800,14,,,1,30,,215801,14,,,1,70,,215802,14,,,1,30,,215803,14,,,1,70,,215804,14,,,1,30,,215805,14,,,1,70,,215806,14,,,1,30,,215807,14,,,1,70,,215808,14,,,1,30,,215809,14,,,1,67,,215810,14,,,1,30,,215811,14,,,1,70,,215812,14,,,1,30,,215813,14,,,1,70,,215814,14,,,1,30,,215815,14,,,1,70,,215816,14,,,1,30,,215817,14,,,1,100,,215818,14,,,1,100,,215819,14,,,1,100,,215820,14,0,14,1
12801,'128-Weekday-1-26-09-1111100',922,,221175,10,,,1,100,,221176,10,,,1,100,,221177,10,,,1,100,,221178,10,,,1,100,,221179,10,,,1,100,,221180,10,,,1,100,,221181,10,,,1,100,,221182,10,,,1
12801,'128-Weekday-2-26-09-1111100',922,,221183,10,,,1,100,,221184,10,,,1,100,,221185,10,,,1,100,,221186,10,,,1,100,,221187,10,,,1,100,,221188,10,,,1,100,,221189,10,,,1,100,,221190,10,,,1
12801,'128-Weekday-3-26-09-1111100',922,,264473,10,,,1,100,,264474,10,,,1,100,,264475,10,,,1,100,,264476,10,,,1,100,,264477,10,,,1,100,,264478,10,,,1,100,,264479,10,,,1,100,,264480,10,,,1
12801,'128-Weekday-4-26-09-1111100',922,,221191,10,,,1,100,,221192,10,,,1,100,,221193,10,,,1,100,,221194,10,,,1,100,,221195,10,,,1,100,,221196,10,,,1,100,,221197,10,,,1,100,,221198,10,,,1
12801,'128-Weekday-5-26-09-1111100',922,,264481,10,,,1,100,,264482,10,,,1,100,,264483,10,,,1,100,,264484,10,,,1,100,,264485,10,,,1,100,,264486,10,,,1,100,,264487,10,,,1,100,,264488,10,,,1
12801,'128-Weekday-6-26-09-1111100',922,,264489,10,,,1,100,,264490,10,,,1,100,,264491,10,,,1,100,,264492,10,,,1,100,,264493,10,,,1,100,,264494,10,,,1,100,,264495,10,,,1,100,,264496,10,,,1
12801,'128-Weekday-7-26-09-1111100',922,,264497,10,,,1,100,,264498,10,,,1,100,,264499,10,,,1,100,,264500,10,,,1,100,,264501,10,,,1,100,,264502,10,,,1,100,,264503,10,,,1,100,,264504,10,,,1
12801,'128-Saturday-1-26-09-0000010',921,,221199,10,,,1,100,,221200,10,,,1,100,,221201,10,,,1,100,,221202,10,,,1,100,,221203,10,,,1,100,,221204,10,,,1,100,,221205,10,,,1,100,,221206,10,,,1
61201,'612-Weekday-1-26-09-1111100',758,,227410,45,,,1
61201,'612-Weekday-4-26-09-1111100',758,,270270,45,,,1
61201,'612-Weekday-7-26-09-1111100',758,,270271,45,,,1
62301,'623-Weekday-1-26-09-1111100',757,,227550,29,,,1
62301,'623-Weekday-4-26-09-1111100',757,,270373,29,,,1
62301,'623-Weekday-7-26-09-1111100',757,,270374,29,,,1
62601,'626-Weekday-1-26-09-1111100',743,,227558,39,,,1,5,,227559,39,,,1,5,,227560,39,,,1,5,,227561,39,,,1
62601,'626-Weekday-4-26-09-1111100',743,,270385,39,,,1,5,,270386,39,,,1,5,,270387,39,,,1,5,,270388,39,,,1
62601,'626-Weekday-7-26-09-1111100',743,,270389,39,,,1,5,,270390,39,,,1,5,,270391,39,,,1,5,,270392,39,,,1
