5400,'054-Weekday-1-26-09-1111100',505,,212153,15,,,1,30,,212154,15,,,1,15,,212155,15,,,1,55,,212156,15,,,1,15,,212157,15,,,1,16,,212158,15,,,1,15,,212159,15,,,1,55,,212160,15,,,1,16,,212161,15,,,1,15,,212162,15,,,1,15,,212163,15,,,1,57,,212164,15,,,1,18,,212165,15,,,1,19,,212166,15,,,1,61,,212167,15,,,1,20,,212168,15,,,1,20,,212169,15,,,1,60,,212170,15,,,1,20,,212171,15,,,1,20,,212172,15,,,1,60,,212173,15,,,1,20,,212174,15,,,1,20,,212175,15,,,1,60,,212176,15,,,1,20,,212177,15,,,1,20,,212178,15,,,1,60,,212179,15,,,1,20,,212180,15,,,1,20,,212181,15,,,1,60,,212182,15,,,1,20,,212183,15,,,1,20,,212184,15,,,1,60,,212185,15,,,1,15,,212186,15,,,1,15,,212187,15,,,1,16,,212188,15,,,1,55,,212189,15,,,1,15,,212190,15,,,1,15,,212191,15,,,1,15,,212192,15,,,1,55,,212193,15,,,1,15,,212194,15,,,1,14,,212195,15,,,1,15,,212196,15,,,1,62,,212197,15,,,1,23,,212198,15,,,1,70,,212199,15,,,1,30,,212200,15,,,1,70,,212201,15,,,1,30,,212202,15,,,1,70,,212203,15,,,1,30,,212204,15,,,1,70,,212205,15,,,1,100,,212206,15,,,1,100,,212207,15,,,1
5400,'054-Weekday-2-26-09-1111100',505,,212208,15,,,1,30,,212209,15,,,1,15,,212210,15,,,1,55,,212211,15,,,1,15,,212212,15,,,1,16,,212213,15,,,1,15,,212214,15,,,1,55,,212215,15,,,1,16,,212216,15,,,1,15,,212217,15,,,1,15,,212218,15,,,1,57,,212219,15,,,1,18,,212220,15,,,1,19,,212221,15,,,1,61,,212222,15,,,1,20,,212223,15,,,1,20,,212224,15,,,1,60,,212225,15,,,1,20,,212226,15,,,1,20,,212227,15,,,1,60,,212228,15,,,1,20,,212229,15,,,1,20,,212230,15,,,1,60,,212231,15,,,1,20,,212232,15,,,1,20,,212233,15,,,1,60,,212234,15,,,1,20,,212235,15,,,1,20,,212236,15,,,1,60,,212237,15,,,1,20,,212238,15,,,1,20,,212239,15,,,1,60,,212240,15,,,1,15,,212241,15,,,1,15,,212242,15,,,1,16,,212243,15,,,1,55,,212244,15,,,1,15,,212245,15,,,1,15,,212246,15,,,1,15,,212247,15,,,1,55,,212248,15,,,1,15,,212249,15,,,1,14,,212250,15,,,1,15,,212251,15,,,1,62,,212252,15,,,1,23,,212253,15,,,1,70,,212254,15,,,1,30,,212255,15,,,1,70,,212256,15,,,1,30,,212257,15,,,1,70,,212258,15,,,1,30,,212259,15,,,1,70,,212260,15,,,1,100,,212261,15,,,1,100,,212262,15,,,1
5400,'054-Weekday-4-26-09-1111100',505,,212263,15,,,1,30,,212264,15,,,1,15,,212265,15,,,1,55,,212266,15,,,1,15,,212267,15,,,1,16,,212268,15,,,1,15,,212269,15,,,1,55,,212270,15,,,1,16,,212271,15,,,1,15,,212272,15,,,1,15,,212273,15,,,1,57,,212274,15,,,1,18,,212275,15,,,1,19,,212276,15,,,1,61,,212277,15,,,1,20,,212278,15,,,1,20,,212279,15,,,1,60,,212280,15,,,1,20,,212281,15,,,1,20,,212282,15,,,1,60,,212283,15,,,1,20,,212284,15,,,1,20,,212285,15,,,1,60,,212286,15,,,1,20,,212287,15,,,1,20,,212288,15,,,1,60,,212289,15,,,1,20,,212290,15,,,1,20,,212291,15,,,1,60,,212292,15,,,1,20,,212293,15,,,1,20,,212294,15,,,1,60,,212295,15,,,1,15,,212296,15,,,1,15,,212297,15,,,1,16,,212298,15,,,1,55,,212299,15,,,1,15,,212300,15,,,1,15,,212301,15,,,1,15,,212302,15,,,1,55,,212303,15,,,1,15,,212304,15,,,1,14,,212305,15,,,1,15,,212306,15,,,1,62,,212307,15,,,1,23,,212308,15,,,1,70,,212309,15,,,1,30,,212310,15,,,1,70,,212311,15,,,1,30,,212312,15,,,1,70,,212313,15,,,1,30,,212314,15,,,1,70,,212315,15,,,1,100,,212316,15,,,1,100,,212317,15,,,1
5400,'054-Weekday-8-26-09-1111100',505,,246483,15,,,1,30,,246484,15,,,1,15,,246485,15,,,1,55,,246486,15,,,1,15,,246487,15,,,1,16,,246488,15,,,1,15,,246489,15,,,1,55,,246490,15,,,1,16,,246491,15,,,1,15,,246492,15,,,1,15,,246493,15,,,1,57,,246494,15,,,1,18,,246495,15,,,1,19,,246496,15,,,1,61,,246497,15,,,1,20,,246498,15,,,1,20,,246499,15,,,1,60,,246500,15,,,1,20,,246501,15,,,1,20,,246502,15,,,1,60,,246503,15,,,1,20,,246504,15,,,1,20,,246505,15,,,1,60,,246506,15,,,1,20,,246507,15,,,1,20,,246508,15,,,1,60,,246509,15,,,1,20,,246510,15,,,1,20,,246511,15,,,1,60,,246512,15,,,1,20,,246513,15,,,1,20,,246514,15,,,1,60,,246515,15,,,1,15,,246516,15,,,1,15,,246517,15,,,1,16,,246518,15,,,1,55,,246519,15,,,1,15,,246520,15,,,1,15,,246521,15,,,1,15,,246522,15,,,1,55,,246523,15,,,1,15,,246524,15,,,1,14,,246525,15,,,1,15,,246526,15,,,1,62,,246527,15,,,1,23,,246528,15,,,1,70,,246529,15,,,1,30,,246530,15,,,1,70,,246531,15,,,1,30,,246532,15,,,1,70,,246533,15,,,1,30,,246534,15,,,1,70,,246535,15,,,1,100,,246536,15,,,1,100,,246537,15,,,1
5400,'054-Weekday-9-26-09-1111100',505,,246538,15,,,1,30,,246539,15,,,1,15,,246540,15,,,1,55,,246541,15,,,1,15,,246542,15,,,1,16,,246543,15,,,1,15,,246544,15,,,1,55,,246545,15,,,1,16,,246546,15,,,1,15,,246547,15,,,1,15,,246548,15,,,1,57,,246549,15,,,1,18,,246550,15,,,1,19,,246551,15,,,1,61,,246552,15,,,1,20,,246553,15,,,1,20,,246554,15,,,1,60,,246555,15,,,1,20,,246556,15,,,1,20,,246557,15,,,1,60,,246558,15,,,1,20,,246559,15,,,1,20,,246560,15,,,1,60,,246561,15,,,1,20,,246562,15,,,1,20,,246563,15,,,1,60,,246564,15,,,1,20,,246565,15,,,1,20,,246566,15,,,1,60,,246567,15,,,1,20,,246568,15,,,1,20,,246569,15,,,1,60,,246570,15,,,1,15,,246571,15,,,1,15,,246572,15,,,1,16,,246573,15,,,1,55,,246574,15,,,1,15,,246575,15,,,1,15,,246576,15,,,1,15,,246577,15,,,1,55,,246578,15,,,1,15,,246579,15,,,1,14,,246580,15,,,1,15,,246581,15,,,1,62,,246582,15,,,1,23,,246583,15,,,1,70,,246584,15,,,1,30,,246585,15,,,1,70,,246586,15,,,1,30,,246587,15,,,1,70,,246588,15,,,1,30,,246589,15,,,1,70,,246590,15,,,1,100,,246591,15,,,1,100,,246592,15,,,1
5400,'054-Saturday-1-26-09-0000010',600,,212318,15,,,1,30,,212319,15,,,1,70,,212320,15,,,1,30,,212321,15,,,1,70,,212322,15,,,1,30,,212323,15,,,1,20,,212324,15,,,1,61,,212325,15,,,1,20,,212326,15,,,1,20,,212327,15,,,1,60,,212328,15,,,1,20,,212329,15,,,1,20,,212330,15,,,1,60,,212331,15,,,1,20,,212332,15,,,1,20,,212333,15,,,1,60,,212334,15,,,1,20,,212335,15,,,1,20,,212336,15,,,1,60,,212337,15,,,1,20,,212338,15,,,1,20,,212339,15,,,1,60,,212340,15,,,1,20,,212341,15,,,1,20,,212342,15,,,1,60,,212343,15,,,1,20,,212344,15,,,1,20,,212345,15,,,1,60,,212346,15,,,1,20,,212347,15,,,1,20,,212348,15,,,1,59,,212349,15,,,1,20,,212350,15,,,1,20,,212351,15,,,1,60,,212352,15,,,1,20,,212353,15,,,1,20,,212354,15,,,1,60,,212355,15,,,1,20,,212356,15,,,1,20,,212357,15,,,1,60,,212358,15,,,1,20,,212359,15,,,1,20,,212360,15,,,1,60,,212361,15,,,1,20,,212362,15,,,1,70,,212363,15,,,1,100,,212364,15,,,1,100,,212365,15,,,1
5400,'054-Saturday-2-26-09-0000010',600,,246593,15,,,1,30,,246594,15,,,1,70,,246595,15,,,1,30,,246596,15,,,1,70,,246597,15,,,1,30,,246598,15,,,1,20,,246599,15,,,1,61,,246600,15,,,1,20,,246601,15,,,1,20,,246602,15,,,1,60,,246603,15,,,1,20,,246604,15,,,1,20,,246605,15,,,1,60,,246606,15,,,1,20,,246607,15,,,1,20,,246608,15,,,1,60,,246609,15,,,1,20,,246610,15,,,1,20,,246611,15,,,1,60,,246612,15,,,1,20,,246613,15,,,1,20,,246614,15,,,1,60,,246615,15,,,1,20,,246616,15,,,1,20,,246617,15,,,1,60,,246618,15,,,1,20,,246619,15,,,1,20,,246620,15,,,1,60,,246621,15,,,1,20,,246622,15,,,1,20,,246623,15,,,1,59,,246624,15,,,1,20,,246625,15,,,1,20,,246626,15,,,1,60,,246627,15,,,1,20,,246628,15,,,1,20,,246629,15,,,1,60,,246630,15,,,1,20,,246631,15,,,1,20,,246632,15,,,1,60,,246633,15,,,1,20,,246634,15,,,1,20,,246635,15,,,1,60,,246636,15,,,1,20,,246637,15,,,1,70,,246638,15,,,1,100,,246639,15,,,1,100,,246640,15,,,1
5400,'054-Sunday-1-26-09-0000001',602,,212408,15,,,1,30,,212409,15,,,1,70,,212366,15,,,1,30,,212367,15,,,1,70,,212368,15,,,1,30,,212369,15,,,1,70,,212370,15,,,1,30,,212371,15,,,1,70,,212372,15,,,1,20,,212373,15,,,1,20,,212374,15,,,1,60,,212375,15,,,1,20,,212376,15,,,1,20,,212377,15,,,1,60,,212378,15,,,1,20,,212379,15,,,1,20,,212380,15,,,1,60,,212381,15,,,1,20,,212382,15,,,1,20,,212383,15,,,1,60,,212384,15,,,1,20,,212385,15,,,1,20,,212386,15,,,1,60,,212387,15,,,1,20,,212388,15,,,1,20,,212389,15,,,1,60,,212390,15,,,1,20,,212391,15,,,1,20,,212392,15,,,1,60,,212393,15,,,1,20,,212394,15,,,1,20,,212395,15,,,1,60,,212396,15,,,1,20,,212397,15,,,1,20,,212398,15,,,1,60,,212399,15,,,1,30,,212400,15,,,1,70,,212401,15,,,1,30,,212402,15,,,1,70,,212403,15,,,1,30,,212404,15,,,1,70,,212405,15,,,1,100,,212406,15,,,1,100,,212407,15,,,1
5400,'054-Sunday-2-26-09-0000001',602,,246683,15,,,1,30,,246684,15,,,1,70,,246641,15,,,1,30,,246642,15,,,1,70,,246643,15,,,1,30,,246644,15,,,1,70,,246645,15,,,1,30,,246646,15,,,1,70,,246647,15,,,1,20,,246648,15,,,1,20,,246649,15,,,1,60,,246650,15,,,1,20,,246651,15,,,1,20,,246652,15,,,1,60,,246653,15,,,1,20,,246654,15,,,1,20,,246655,15,,,1,60,,246656,15,,,1,20,,246657,15,,,1,20,,246658,15,,,1,60,,246659,15,,,1,20,,246660,15,,,1,20,,246661,15,,,1,60,,246662,15,,,1,20,,246663,15,,,1,20,,246664,15,,,1,60,,246665,15,,,1,20,,246666,15,,,1,20,,246667,15,,,1,60,,246668,15,,,1,20,,246669,15,,,1,20,,246670,15,,,1,60,,246671,15,,,1,20,,246672,15,,,1,20,,246673,15,,,1,60,,246674,15,,,1,30,,246675,15,,,1,70,,246676,15,,,1,30,,246677,15,,,1,70,,246678,15,,,1,30,,246679,15,,,1,70,,246680,15,,,1,100,,246681,15,,,1,100,,246682,15,,,1
5400,'054-Sunday-3-26-09-0000001',602,,246727,15,,,1,30,,246728,15,,,1,70,,246685,15,,,1,30,,246686,15,,,1,70,,246687,15,,,1,30,,246688,15,,,1,70,,246689,15,,,1,30,,246690,15,,,1,70,,246691,15,,,1,20,,246692,15,,,1,20,,246693,15,,,1,60,,246694,15,,,1,20,,246695,15,,,1,20,,246696,15,,,1,60,,246697,15,,,1,20,,246698,15,,,1,20,,246699,15,,,1,60,,246700,15,,,1,20,,246701,15,,,1,20,,246702,15,,,1,60,,246703,15,,,1,20,,246704,15,,,1,20,,246705,15,,,1,60,,246706,15,,,1,20,,246707,15,,,1,20,,246708,15,,,1,60,,246709,15,,,1,20,,246710,15,,,1,20,,246711,15,,,1,60,,246712,15,,,1,20,,246713,15,,,1,20,,246714,15,,,1,60,,246715,15,,,1,20,,246716,15,,,1,20,,246717,15,,,1,60,,246718,15,,,1,30,,246719,15,,,1,70,,246720,15,,,1,30,,246721,15,,,1,70,,246722,15,,,1,30,,246723,15,,,1,70,,246724,15,,,1,100,,246725,15,,,1,100,,246726,15,,,1
