5400,'054-Weekday-1-26-09-1111100',503,,212153,12,,,1,30,,212154,12,,,1,15,,212155,12,,,1,55,,212156,12,,,1,15,,212157,12,,,1,16,,212158,12,,,1,15,,212159,12,,,1,55,,212160,12,,,1,16,,212161,12,,,1,15,,212162,12,,,1,15,,212163,12,,,1,57,,212164,12,,,1,18,,212165,12,,,1,19,,212166,12,,,1,61,,212167,12,,,1,20,,212168,12,,,1,20,,212169,12,,,1,60,,212170,12,,,1,20,,212171,12,,,1,20,,212172,12,,,1,60,,212173,12,,,1,20,,212174,12,,,1,20,,212175,12,,,1,60,,212176,12,,,1,20,,212177,12,,,1,20,,212178,12,,,1,60,,212179,12,,,1,20,,212180,12,,,1,20,,212181,12,,,1,60,,212182,12,,,1,20,,212183,12,,,1,20,,212184,12,,,1,60,,212185,12,,,1,15,,212186,12,,,1,15,,212187,12,,,1,16,,212188,12,,,1,55,,212189,12,,,1,15,,212190,12,,,1,15,,212191,12,,,1,15,,212192,12,,,1,55,,212193,12,,,1,15,,212194,12,,,1,14,,212195,12,,,1,15,,212196,12,,,1,62,,212197,12,,,1,23,,212198,12,,,1,70,,212199,12,,,1,30,,212200,12,,,1,70,,212201,12,,,1,30,,212202,12,,,1,70,,212203,12,,,1,30,,212204,12,,,1,70,,212205,12,,,1,100,,212206,12,,,1,100,,212207,12,,,1
5400,'054-Weekday-2-26-09-1111100',503,,212208,12,,,1,30,,212209,12,,,1,15,,212210,12,,,1,55,,212211,12,,,1,15,,212212,12,,,1,16,,212213,12,,,1,15,,212214,12,,,1,55,,212215,12,,,1,16,,212216,12,,,1,15,,212217,12,,,1,15,,212218,12,,,1,57,,212219,12,,,1,18,,212220,12,,,1,19,,212221,12,,,1,61,,212222,12,,,1,20,,212223,12,,,1,20,,212224,12,,,1,60,,212225,12,,,1,20,,212226,12,,,1,20,,212227,12,,,1,60,,212228,12,,,1,20,,212229,12,,,1,20,,212230,12,,,1,60,,212231,12,,,1,20,,212232,12,,,1,20,,212233,12,,,1,60,,212234,12,,,1,20,,212235,12,,,1,20,,212236,12,,,1,60,,212237,12,,,1,20,,212238,12,,,1,20,,212239,12,,,1,60,,212240,12,,,1,15,,212241,12,,,1,15,,212242,12,,,1,16,,212243,12,,,1,55,,212244,12,,,1,15,,212245,12,,,1,15,,212246,12,,,1,15,,212247,12,,,1,55,,212248,12,,,1,15,,212249,12,,,1,14,,212250,12,,,1,15,,212251,12,,,1,62,,212252,12,,,1,23,,212253,12,,,1,70,,212254,12,,,1,30,,212255,12,,,1,70,,212256,12,,,1,30,,212257,12,,,1,70,,212258,12,,,1,30,,212259,12,,,1,70,,212260,12,,,1,100,,212261,12,,,1,100,,212262,12,,,1
5400,'054-Weekday-3-26-09-1111100',503,,255392,12,,,1,30,,255393,12,,,1,15,,255394,12,,,1,55,,255395,12,,,1,15,,255396,12,,,1,16,,255397,12,,,1,15,,255398,12,,,1,55,,255399,12,,,1,16,,255400,12,,,1,15,,255401,12,,,1,15,,255402,12,,,1,57,,255403,12,,,1,18,,255404,12,,,1,19,,255405,12,,,1,61,,255406,12,,,1,20,,255407,12,,,1,20,,255408,12,,,1,60,,255409,12,,,1,20,,255410,12,,,1,20,,255411,12,,,1,60,,255412,12,,,1,20,,255413,12,,,1,20,,255414,12,,,1,60,,255415,12,,,1,20,,255416,12,,,1,20,,255417,12,,,1,60,,255418,12,,,1,20,,255419,12,,,1,20,,255420,12,,,1,60,,255421,12,,,1,20,,255422,12,,,1,20,,255423,12,,,1,60,,255424,12,,,1,15,,255425,12,,,1,15,,255426,12,,,1,16,,255427,12,,,1,55,,255428,12,,,1,15,,255429,12,,,1,15,,255430,12,,,1,15,,255431,12,,,1,55,,255432,12,,,1,15,,255433,12,,,1,14,,255434,12,,,1,15,,255435,12,,,1,62,,255436,12,,,1,23,,255437,12,,,1,70,,255438,12,,,1,30,,255439,12,,,1,70,,255440,12,,,1,30,,255441,12,,,1,70,,255442,12,,,1,30,,255443,12,,,1,70,,255444,12,,,1,100,,255445,12,,,1,100,,255446,12,,,1
5400,'054-Weekday-4-26-09-1111100',503,,212263,12,,,1,30,,212264,12,,,1,15,,212265,12,,,1,55,,212266,12,,,1,15,,212267,12,,,1,16,,212268,12,,,1,15,,212269,12,,,1,55,,212270,12,,,1,16,,212271,12,,,1,15,,212272,12,,,1,15,,212273,12,,,1,57,,212274,12,,,1,18,,212275,12,,,1,19,,212276,12,,,1,61,,212277,12,,,1,20,,212278,12,,,1,20,,212279,12,,,1,60,,212280,12,,,1,20,,212281,12,,,1,20,,212282,12,,,1,60,,212283,12,,,1,20,,212284,12,,,1,20,,212285,12,,,1,60,,212286,12,,,1,20,,212287,12,,,1,20,,212288,12,,,1,60,,212289,12,,,1,20,,212290,12,,,1,20,,212291,12,,,1,60,,212292,12,,,1,20,,212293,12,,,1,20,,212294,12,,,1,60,,212295,12,,,1,15,,212296,12,,,1,15,,212297,12,,,1,16,,212298,12,,,1,55,,212299,12,,,1,15,,212300,12,,,1,15,,212301,12,,,1,15,,212302,12,,,1,55,,212303,12,,,1,15,,212304,12,,,1,14,,212305,12,,,1,15,,212306,12,,,1,62,,212307,12,,,1,23,,212308,12,,,1,70,,212309,12,,,1,30,,212310,12,,,1,70,,212311,12,,,1,30,,212312,12,,,1,70,,212313,12,,,1,30,,212314,12,,,1,70,,212315,12,,,1,100,,212316,12,,,1,100,,212317,12,,,1
5400,'054-Weekday-5-26-09-1111100',503,,255447,12,,,1,30,,255448,12,,,1,15,,255449,12,,,1,55,,255450,12,,,1,15,,255451,12,,,1,16,,255452,12,,,1,15,,255453,12,,,1,55,,255454,12,,,1,16,,255455,12,,,1,15,,255456,12,,,1,15,,255457,12,,,1,57,,255458,12,,,1,18,,255459,12,,,1,19,,255460,12,,,1,61,,255461,12,,,1,20,,255462,12,,,1,20,,255463,12,,,1,60,,255464,12,,,1,20,,255465,12,,,1,20,,255466,12,,,1,60,,255467,12,,,1,20,,255468,12,,,1,20,,255469,12,,,1,60,,255470,12,,,1,20,,255471,12,,,1,20,,255472,12,,,1,60,,255473,12,,,1,20,,255474,12,,,1,20,,255475,12,,,1,60,,255476,12,,,1,20,,255477,12,,,1,20,,255478,12,,,1,60,,255479,12,,,1,15,,255480,12,,,1,15,,255481,12,,,1,16,,255482,12,,,1,55,,255483,12,,,1,15,,255484,12,,,1,15,,255485,12,,,1,15,,255486,12,,,1,55,,255487,12,,,1,15,,255488,12,,,1,14,,255489,12,,,1,15,,255490,12,,,1,62,,255491,12,,,1,23,,255492,12,,,1,70,,255493,12,,,1,30,,255494,12,,,1,70,,255495,12,,,1,30,,255496,12,,,1,70,,255497,12,,,1,30,,255498,12,,,1,70,,255499,12,,,1,100,,255500,12,,,1,100,,255501,12,,,1
5400,'054-Weekday-6-26-09-1111100',503,,255502,12,,,1,30,,255503,12,,,1,15,,255504,12,,,1,55,,255505,12,,,1,15,,255506,12,,,1,16,,255507,12,,,1,15,,255508,12,,,1,55,,255509,12,,,1,16,,255510,12,,,1,15,,255511,12,,,1,15,,255512,12,,,1,57,,255513,12,,,1,18,,255514,12,,,1,19,,255515,12,,,1,61,,255516,12,,,1,20,,255517,12,,,1,20,,255518,12,,,1,60,,255519,12,,,1,20,,255520,12,,,1,20,,255521,12,,,1,60,,255522,12,,,1,20,,255523,12,,,1,20,,255524,12,,,1,60,,255525,12,,,1,20,,255526,12,,,1,20,,255527,12,,,1,60,,255528,12,,,1,20,,255529,12,,,1,20,,255530,12,,,1,60,,255531,12,,,1,20,,255532,12,,,1,20,,255533,12,,,1,60,,255534,12,,,1,15,,255535,12,,,1,15,,255536,12,,,1,16,,255537,12,,,1,55,,255538,12,,,1,15,,255539,12,,,1,15,,255540,12,,,1,15,,255541,12,,,1,55,,255542,12,,,1,15,,255543,12,,,1,14,,255544,12,,,1,15,,255545,12,,,1,62,,255546,12,,,1,23,,255547,12,,,1,70,,255548,12,,,1,30,,255549,12,,,1,70,,255550,12,,,1,30,,255551,12,,,1,70,,255552,12,,,1,30,,255553,12,,,1,70,,255554,12,,,1,100,,255555,12,,,1,100,,255556,12,,,1
5400,'054-Weekday-7-26-09-1111100',503,,255557,12,,,1,30,,255558,12,,,1,15,,255559,12,,,1,55,,255560,12,,,1,15,,255561,12,,,1,16,,255562,12,,,1,15,,255563,12,,,1,55,,255564,12,,,1,16,,255565,12,,,1,15,,255566,12,,,1,15,,255567,12,,,1,57,,255568,12,,,1,18,,255569,12,,,1,19,,255570,12,,,1,61,,255571,12,,,1,20,,255572,12,,,1,20,,255573,12,,,1,60,,255574,12,,,1,20,,255575,12,,,1,20,,255576,12,,,1,60,,255577,12,,,1,20,,255578,12,,,1,20,,255579,12,,,1,60,,255580,12,,,1,20,,255581,12,,,1,20,,255582,12,,,1,60,,255583,12,,,1,20,,255584,12,,,1,20,,255585,12,,,1,60,,255586,12,,,1,20,,255587,12,,,1,20,,255588,12,,,1,60,,255589,12,,,1,15,,255590,12,,,1,15,,255591,12,,,1,16,,255592,12,,,1,55,,255593,12,,,1,15,,255594,12,,,1,15,,255595,12,,,1,15,,255596,12,,,1,55,,255597,12,,,1,15,,255598,12,,,1,14,,255599,12,,,1,15,,255600,12,,,1,62,,255601,12,,,1,23,,255602,12,,,1,70,,255603,12,,,1,30,,255604,12,,,1,70,,255605,12,,,1,30,,255606,12,,,1,70,,255607,12,,,1,30,,255608,12,,,1,70,,255609,12,,,1,100,,255610,12,,,1,100,,255611,12,,,1
5400,'054-Saturday-1-26-09-0000010',558,,212318,12,,,1,70,,212319,12,,,1,30,,212320,12,,,1,70,,212321,12,,,1,30,,212322,12,,,1,70,,212323,12,,,1,20,,212324,12,,,1,61,,212325,12,,,1,20,,212326,12,,,1,20,,212327,12,,,1,60,,212328,12,,,1,20,,212329,12,,,1,20,,212330,12,,,1,60,,212331,12,,,1,20,,212332,12,,,1,20,,212333,12,,,1,60,,212334,12,,,1,20,,212335,12,,,1,20,,212336,12,,,1,60,,212337,12,,,1,20,,212338,12,,,1,20,,212339,12,,,1,60,,212340,12,,,1,20,,212341,12,,,1,20,,212342,12,,,1,60,,212343,12,,,1,20,,212344,12,,,1,20,,212345,12,,,1,60,,212346,12,,,1,20,,212347,12,,,1,20,,212348,12,,,1,59,,212349,12,,,1,20,,212350,12,,,1,20,,212351,12,,,1,60,,212352,12,,,1,20,,212353,12,,,1,20,,212354,12,,,1,60,,212355,12,,,1,20,,212356,12,,,1,20,,212357,12,,,1,60,,212358,12,,,1,20,,212359,12,,,1,20,,212360,12,,,1,60,,212361,12,,,1,20,,212362,12,,,1,30,,212363,12,,,1,100,,212364,12,,,1,100,,212365,12,,,1
5400,'054-Sunday-1-26-09-0000001',600,,212408,12,,,1,30,,212409,12,,,1,70,,212366,12,,,1,30,,212367,12,,,1,70,,212368,12,,,1,30,,212369,12,,,1,70,,212370,12,,,1,30,,212371,12,,,1,70,,212372,12,,,1,20,,212373,12,,,1,20,,212374,12,,,1,60,,212375,12,,,1,20,,212376,12,,,1,20,,212377,12,,,1,60,,212378,12,,,1,20,,212379,12,,,1,20,,212380,12,,,1,60,,212381,12,,,1,20,,212382,12,,,1,20,,212383,12,,,1,60,,212384,12,,,1,20,,212385,12,,,1,20,,212386,12,,,1,60,,212387,12,,,1,20,,212388,12,,,1,20,,212389,12,,,1,60,,212390,12,,,1,20,,212391,12,,,1,20,,212392,12,,,1,60,,212393,12,,,1,20,,212394,12,,,1,20,,212395,12,,,1,60,,212396,12,,,1,20,,212397,12,,,1,20,,212398,12,,,1,60,,212399,12,,,1,30,,212400,12,,,1,70,,212401,12,,,1,30,,212402,12,,,1,70,,212403,12,,,1,30,,212404,12,,,1,70,,212405,12,,,1,100,,212406,12,,,1,100,,212407,12,,,1
90700,'907-Weekday-1-26-09-1111100',538,,237900,15,,,1,70,,237901,15,,,1,32,,237902,15,,,1,15,,237903,15,,,1,55,,237904,15,,,1,15,,237905,15,,,1,15,,237906,15,,,1,15,,237907,15,,,1,55,,237908,15,,,1,15,,237909,15,,,1,15,,237910,15,,,1,69,,237911,15,,,1,30,,237912,15,,,1,70,,237913,15,,,1,30,,237914,15,,,1,70,,237915,15,,,1,30,,237916,15,,,1,70,,237917,15,,,1,30,,237918,15,,,1,70,,237919,15,,,1,30,,237920,15,,,1,70,,237921,15,,,1,30,,237922,15,,,1,72,,237923,15,,,1,30,,237924,15,,,1,15,,237925,15,,,1,55,,237926,15,,,1,15,,237927,15,,,1,15,,237928,15,,,1,15,,237929,15,,,1,55,,237930,15,,,1,15,,237931,15,,,1,15,,237932,15,,,1,70,,237933,15,,,1,27,,237934,15,,,1,70,,237935,15,,,1,30,,237936,15,,,1,70,,237937,15,,,1,30,,237938,15,,,1,70,,237939,15,,,1,30,,237940,15,,,1,70,,237941,15,,,1,100,,237942,15,,,1,100,,237943,15,,,1
90700,'907-Weekday-2-26-09-1111100',538,,237944,15,,,1,70,,237945,15,,,1,32,,237946,15,,,1,15,,237947,15,,,1,55,,237948,15,,,1,15,,237949,15,,,1,15,,237950,15,,,1,15,,237951,15,,,1,55,,237952,15,,,1,15,,237953,15,,,1,15,,237954,15,,,1,69,,237955,15,,,1,30,,237956,15,,,1,70,,237957,15,,,1,30,,237958,15,,,1,70,,237959,15,,,1,30,,237960,15,,,1,70,,237961,15,,,1,30,,237962,15,,,1,70,,237963,15,,,1,30,,237964,15,,,1,70,,237965,15,,,1,30,,237966,15,,,1,72,,237967,15,,,1,30,,237968,15,,,1,15,,237969,15,,,1,55,,237970,15,,,1,15,,237971,15,,,1,15,,237972,15,,,1,15,,237973,15,,,1,55,,237974,15,,,1,15,,237975,15,,,1,15,,237976,15,,,1,70,,237977,15,,,1,27,,237978,15,,,1,70,,237979,15,,,1,30,,237980,15,,,1,70,,237981,15,,,1,30,,237982,15,,,1,70,,237983,15,,,1,30,,237984,15,,,1,70,,237985,15,,,1,100,,237986,15,,,1,100,,237987,15,,,1
90700,'907-Weekday-3-26-09-1111100',538,,280538,15,,,1,70,,280539,15,,,1,32,,280540,15,,,1,15,,280541,15,,,1,55,,280542,15,,,1,15,,280543,15,,,1,15,,280544,15,,,1,15,,280545,15,,,1,55,,280546,15,,,1,15,,280547,15,,,1,15,,280548,15,,,1,69,,280549,15,,,1,30,,280550,15,,,1,70,,280551,15,,,1,30,,280552,15,,,1,70,,280553,15,,,1,30,,280554,15,,,1,70,,280555,15,,,1,30,,280556,15,,,1,70,,280557,15,,,1,30,,280558,15,,,1,70,,280559,15,,,1,30,,280560,15,,,1,72,,280561,15,,,1,30,,280562,15,,,1,15,,280563,15,,,1,55,,280564,15,,,1,15,,280565,15,,,1,15,,280566,15,,,1,15,,280567,15,,,1,55,,280568,15,,,1,15,,280569,15,,,1,15,,280570,15,,,1,70,,280571,15,,,1,27,,280572,15,,,1,70,,280573,15,,,1,30,,280574,15,,,1,70,,280575,15,,,1,30,,280576,15,,,1,70,,280577,15,,,1,30,,280578,15,,,1,70,,280579,15,,,1,100,,280580,15,,,1,100,,280581,15,,,1
90700,'907-Weekday-4-26-09-1111100',538,,237988,15,,,1,70,,237989,15,,,1,32,,237990,15,,,1,15,,237991,15,,,1,55,,237992,15,,,1,15,,237993,15,,,1,15,,237994,15,,,1,15,,237995,15,,,1,55,,237996,15,,,1,15,,237997,15,,,1,15,,237998,15,,,1,69,,237999,15,,,1,30,,238000,15,,,1,70,,238001,15,,,1,30,,238002,15,,,1,70,,238003,15,,,1,30,,238004,15,,,1,70,,238005,15,,,1,30,,238006,15,,,1,70,,238007,15,,,1,30,,238008,15,,,1,70,,238009,15,,,1,30,,238010,15,,,1,72,,238011,15,,,1,30,,238012,15,,,1,15,,238013,15,,,1,55,,238014,15,,,1,15,,238015,15,,,1,15,,238016,15,,,1,15,,238017,15,,,1,55,,238018,15,,,1,15,,238019,15,,,1,15,,238020,15,,,1,70,,238021,15,,,1,27,,238022,15,,,1,70,,238023,15,,,1,30,,238024,15,,,1,70,,238025,15,,,1,30,,238026,15,,,1,70,,238027,15,,,1,30,,238028,15,,,1,70,,238029,15,,,1,100,,238030,15,,,1,100,,238031,15,,,1
90700,'907-Weekday-5-26-09-1111100',538,,280582,15,,,1,70,,280583,15,,,1,32,,280584,15,,,1,15,,280585,15,,,1,55,,280586,15,,,1,15,,280587,15,,,1,15,,280588,15,,,1,15,,280589,15,,,1,55,,280590,15,,,1,15,,280591,15,,,1,15,,280592,15,,,1,69,,280593,15,,,1,30,,280594,15,,,1,70,,280595,15,,,1,30,,280596,15,,,1,70,,280597,15,,,1,30,,280598,15,,,1,70,,280599,15,,,1,30,,280600,15,,,1,70,,280601,15,,,1,30,,280602,15,,,1,70,,280603,15,,,1,30,,280604,15,,,1,72,,280605,15,,,1,30,,280606,15,,,1,15,,280607,15,,,1,55,,280608,15,,,1,15,,280609,15,,,1,15,,280610,15,,,1,15,,280611,15,,,1,55,,280612,15,,,1,15,,280613,15,,,1,15,,280614,15,,,1,70,,280615,15,,,1,27,,280616,15,,,1,70,,280617,15,,,1,30,,280618,15,,,1,70,,280619,15,,,1,30,,280620,15,,,1,70,,280621,15,,,1,30,,280622,15,,,1,70,,280623,15,,,1,100,,280624,15,,,1,100,,280625,15,,,1
90700,'907-Weekday-6-26-09-1111100',538,,280626,15,,,1,70,,280627,15,,,1,32,,280628,15,,,1,15,,280629,15,,,1,55,,280630,15,,,1,15,,280631,15,,,1,15,,280632,15,,,1,15,,280633,15,,,1,55,,280634,15,,,1,15,,280635,15,,,1,15,,280636,15,,,1,69,,280637,15,,,1,30,,280638,15,,,1,70,,280639,15,,,1,30,,280640,15,,,1,70,,280641,15,,,1,30,,280642,15,,,1,70,,280643,15,,,1,30,,280644,15,,,1,70,,280645,15,,,1,30,,280646,15,,,1,70,,280647,15,,,1,30,,280648,15,,,1,72,,280649,15,,,1,30,,280650,15,,,1,15,,280651,15,,,1,55,,280652,15,,,1,15,,280653,15,,,1,15,,280654,15,,,1,15,,280655,15,,,1,55,,280656,15,,,1,15,,280657,15,,,1,15,,280658,15,,,1,70,,280659,15,,,1,27,,280660,15,,,1,70,,280661,15,,,1,30,,280662,15,,,1,70,,280663,15,,,1,30,,280664,15,,,1,70,,280665,15,,,1,30,,280666,15,,,1,70,,280667,15,,,1,100,,280668,15,,,1,100,,280669,15,,,1
90700,'907-Weekday-7-26-09-1111100',538,,280670,15,,,1,70,,280671,15,,,1,32,,280672,15,,,1,15,,280673,15,,,1,55,,280674,15,,,1,15,,280675,15,,,1,15,,280676,15,,,1,15,,280677,15,,,1,55,,280678,15,,,1,15,,280679,15,,,1,15,,280680,15,,,1,69,,280681,15,,,1,30,,280682,15,,,1,70,,280683,15,,,1,30,,280684,15,,,1,70,,280685,15,,,1,30,,280686,15,,,1,70,,280687,15,,,1,30,,280688,15,,,1,70,,280689,15,,,1,30,,280690,15,,,1,70,,280691,15,,,1,30,,280692,15,,,1,72,,280693,15,,,1,30,,280694,15,,,1,15,,280695,15,,,1,55,,280696,15,,,1,15,,280697,15,,,1,15,,280698,15,,,1,15,,280699,15,,,1,55,,280700,15,,,1,15,,280701,15,,,1,15,,280702,15,,,1,70,,280703,15,,,1,27,,280704,15,,,1,70,,280705,15,,,1,30,,280706,15,,,1,70,,280707,15,,,1,30,,280708,15,,,1,70,,280709,15,,,1,30,,280710,15,,,1,70,,280711,15,,,1,100,,280712,15,,,1,100,,280713,15,,,1
90700,'907-Saturday-1-26-09-0000010',709,,238032,15,,,1,100,,238033,15,,,1,30,,238038,15,,,1,73,,238039,15,,,1,30,,238040,15,,,1,70,,238041,15,,,1,30,,238042,15,,,1,70,,238043,15,,,1,30,,238044,15,,,1,72,,238045,15,,,1,30,,238046,15,,,1,70,,238047,15,,,1,30,,238048,15,,,1,70,,238049,15,,,1,30,,238050,15,,,1,70,,238051,15,,,1,30,,238052,15,,,1,70,,238053,15,,,1,30,,238054,15,,,1,70,,238055,15,,,1,30,,238056,15,,,1,70,,238057,15,,,1,30,,238058,15,,,1,68,,238034,15,,,1,100,,238035,15,,,1,100,,238036,15,,,1,100,,238037,15,,,1
90700,'907-Sunday-1-26-09-0000001',1015,,238059,15,,,1,30,,238060,15,,,1,70,,238061,15,,,1,30,,238062,15,,,1,70,,238063,15,,,1,30,,238064,15,,,1,70,,238065,15,,,1,30,,238066,15,,,1,70,,238067,15,,,1,30,,238068,15,,,1,70,,238069,15,,,1,30,,238070,15,,,1,70,,238071,15,,,1,30,,238072,15,,,1,70,,238073,15,,,1,30,,238074,15,,,1,70,,238075,15,,,1,30,,238076,15,,,1,70,,238077,15,,,1
