65901,'659-Weekday-1-26-09-1111100',758,,227705,14,,,1,42,,227706,14,,,1
65901,'659-Weekday-4-26-09-1111100',758,,270501,14,,,1,42,,270502,14,,,1
65901,'659-Weekday-7-26-09-1111100',758,,270503,14,,,1,42,,270504,14,,,1
72701,'727-Weekday-1-26-09-1111100',539,,235268,2,,,1,70,,235269,2,,,1,30,,235270,2,,,1,70,,235271,2,,,1,30,,235272,2,,,1,70,,235273,2,,,1,703,,235274,2,,,1,31,,235275,2,,,1,70,,235276,2,,,1,30,,235277,2,,,1,70,,235278,2,,,1,30,,235279,2,,,1,68,,235280,2,,,1
72701,'727-Weekday-2-26-09-1111100',539,,235281,2,,,1,70,,235282,2,,,1,30,,235283,2,,,1,70,,235284,2,,,1,30,,235285,2,,,1,70,,235286,2,,,1,703,,235287,2,,,1,31,,235288,2,,,1,70,,235289,2,,,1,30,,235290,2,,,1,70,,235291,2,,,1,30,,235292,2,,,1,68,,235293,2,,,1
72701,'727-Weekday-3-26-09-1111100',539,,277921,2,,,1,70,,277922,2,,,1,30,,277923,2,,,1,70,,277924,2,,,1,30,,277925,2,,,1,70,,277926,2,,,1,703,,277927,2,,,1,31,,277928,2,,,1,70,,277929,2,,,1,30,,277930,2,,,1,70,,277931,2,,,1,30,,277932,2,,,1,68,,277933,2,,,1
72701,'727-Weekday-4-26-09-1111100',539,,235294,2,,,1,70,,235295,2,,,1,30,,235296,2,,,1,70,,235297,2,,,1,30,,235298,2,,,1,70,,235299,2,,,1,703,,235300,2,,,1,31,,235301,2,,,1,70,,235302,2,,,1,30,,235303,2,,,1,70,,235304,2,,,1,30,,235305,2,,,1,68,,235306,2,,,1
72701,'727-Weekday-5-26-09-1111100',539,,277934,2,,,1,70,,277935,2,,,1,30,,277936,2,,,1,70,,277937,2,,,1,30,,277938,2,,,1,70,,277939,2,,,1,703,,277940,2,,,1,31,,277941,2,,,1,70,,277942,2,,,1,30,,277943,2,,,1,70,,277944,2,,,1,30,,277945,2,,,1,68,,277946,2,,,1
72701,'727-Weekday-6-26-09-1111100',539,,277947,2,,,1,70,,277948,2,,,1,30,,277949,2,,,1,70,,277950,2,,,1,30,,277951,2,,,1,70,,277952,2,,,1,703,,277953,2,,,1,31,,277954,2,,,1,70,,277955,2,,,1,30,,277956,2,,,1,70,,277957,2,,,1,30,,277958,2,,,1,68,,277959,2,,,1
72701,'727-Weekday-7-26-09-1111100',539,,277960,2,,,1,70,,277961,2,,,1,30,,277962,2,,,1,70,,277963,2,,,1,30,,277964,2,,,1,70,,277965,2,,,1,703,,277966,2,,,1,31,,277967,2,,,1,70,,277968,2,,,1,30,,277969,2,,,1,70,,277970,2,,,1,30,,277971,2,,,1,68,,277972,2,,,1
