900,'009-Weekday-1-26-09-1111100',448,,209636,1,,,1,55,,209637,1,,,1,15,,209638,1,,,1,15,,209639,1,,,1,15,,209640,1,,,1,55,,209641,1,,,1,15,,209642,1,,,1,15,,209643,1,,,1,12,,209635,1,,,1,55,,209644,1,,,1,7,,209645,1,0,31,1,8,,209646,1,,,1,7,,209647,1,0,31,1,8,,209648,1,,,1,7,,209649,1,0,31,1,8,,209650,1,,,1,7,,209651,1,0,31,1,48,,209652,1,,,1,7,,209653,1,0,31,1,8,,209654,1,,,1,12,,209655,1,,,1,16,,209656,1,,,1,14,,209657,1,,,1,55,,209658,1,,,1,15,,209659,1,,,1,15,,209660,1,,,1,15,,209661,1,,,1,55,,209662,1,,,1,15,,209663,1,,,1,15,,209664,1,,,1,15,,209665,1,,,1,55,,209666,1,,,1,15,,209667,1,,,1,15,,209668,1,,,1,15,,209670,1,,,1,55,,209672,1,,,1,15,,209674,1,,,1,15,,209676,1,,,1,15,,209678,1,,,1,55,,209680,1,,,1,15,,209682,1,,,1,15,,209684,1,,,1,15,,209686,1,,,1,55,,209688,1,,,1,15,,209690,1,,,1,15,,209692,1,,,1,17,,209694,1,,,1,56,,209696,1,,,1,15,,209698,1,,,1,15,,209700,1,,,1,55,,209702,1,,,1,15,,209704,1,,,1,15,,209706,1,,,1,15,,209708,1,,,1,55,,209709,1,,,1,15,,209710,1,,,1,12,,209711,1,,,1,13,,209712,1,,,1,15,,209713,1,,,1,55,,209714,1,,,1,15,,209715,1,,,1,15,,209716,1,,,1,15,,209717,1,,,1,56,,209718,1,,,1,16,,209719,1,,,1,15,,209720,1,,,1,15,,209721,1,,,1,55,,209722,1,,,1,15,,209723,1,,,1,15,,209724,1,,,1,15,,209725,1,,,1,55,,209726,1,,,1,15,,209727,1,,,1,15,,209728,1,,,1,15,,209729,1,,,1,60,,209730,1,,,1,20,,209731,1,,,1,20,,209732,1,,,1,60,,209733,1,,,1,20,,209734,1,,,1,20,,209741,1,,,1,60,,209735,1,,,1,29,,209736,7,0,28 29 30,1,70,,209737,7,0,28 29 30,1,30,,209738,7,0,28 29 30,1,70,,209739,7,0,28 29 30,1,30,,209740,7,0,28 29 30,1
900,'009-Weekday-2-26-09-1111100',448,,209760,1,,,1,55,,209761,1,,,1,15,,209762,1,,,1,15,,209763,1,,,1,15,,209764,1,,,1,55,,209765,1,,,1,15,,209766,1,,,1,15,,209767,1,,,1,12,,209759,1,,,1,55,,209768,1,,,1,7,,209769,1,0,31,1,8,,209770,1,,,1,7,,209771,1,0,31,1,8,,209772,1,,,1,7,,209773,1,0,31,1,8,,209774,1,,,1,7,,209775,1,0,31,1,48,,209776,1,,,1,7,,209777,1,0,31,1,8,,209778,1,,,1,12,,209779,1,,,1,16,,209780,1,,,1,14,,209781,1,,,1,55,,209782,1,,,1,15,,209783,1,,,1,15,,209784,1,,,1,15,,209785,1,,,1,55,,209786,1,,,1,15,,209787,1,,,1,15,,209788,1,,,1,15,,209789,1,,,1,55,,209790,1,,,1,15,,209791,1,,,1,15,,209792,1,,,1,15,,209794,1,,,1,55,,209796,1,,,1,15,,209798,1,,,1,15,,209800,1,,,1,15,,209802,1,,,1,55,,209804,1,,,1,15,,209806,1,,,1,15,,209808,1,,,1,15,,209810,1,,,1,55,,209812,1,,,1,15,,209814,1,,,1,15,,209816,1,,,1,17,,209818,1,,,1,56,,209820,1,,,1,15,,209822,1,,,1,15,,209824,1,,,1,55,,209826,1,,,1,15,,209828,1,,,1,15,,209830,1,,,1,15,,209832,1,,,1,55,,209833,1,,,1,15,,209834,1,,,1,12,,209835,1,,,1,13,,209836,1,,,1,15,,209837,1,,,1,55,,209838,1,,,1,15,,209839,1,,,1,15,,209840,1,,,1,15,,209841,1,,,1,56,,209842,1,,,1,16,,209843,1,,,1,15,,209844,1,,,1,15,,209845,1,,,1,55,,209846,1,,,1,15,,209847,1,,,1,15,,209848,1,,,1,15,,209849,1,,,1,55,,209850,1,,,1,15,,209851,1,,,1,15,,209852,1,,,1,15,,209853,1,,,1,60,,209854,1,,,1,20,,209855,1,,,1,20,,209856,1,,,1,60,,209857,1,,,1,20,,209858,1,,,1,20,,209865,1,,,1,60,,209859,1,,,1,29,,209860,7,0,28 29 30,1,70,,209861,7,0,28 29 30,1,30,,209862,7,0,28 29 30,1,70,,209863,7,0,28 29 30,1,30,,209864,7,0,28 29 30,1
900,'009-Weekday-3-26-09-1111100',448,,252902,1,,,1,55,,252903,1,,,1,15,,252904,1,,,1,15,,252905,1,,,1,15,,252906,1,,,1,55,,252907,1,,,1,15,,252908,1,,,1,15,,252909,1,,,1,12,,252901,1,,,1,55,,252910,1,,,1,7,,252911,1,0,31,1,8,,252912,1,,,1,7,,252913,1,0,31,1,8,,252914,1,,,1,7,,252915,1,0,31,1,8,,252916,1,,,1,7,,252917,1,0,31,1,48,,252918,1,,,1,7,,252919,1,0,31,1,8,,252920,1,,,1,12,,252921,1,,,1,16,,252922,1,,,1,14,,252923,1,,,1,55,,252924,1,,,1,15,,252925,1,,,1,15,,252926,1,,,1,15,,252927,1,,,1,55,,252928,1,,,1,15,,252929,1,,,1,15,,252930,1,,,1,15,,252931,1,,,1,55,,252932,1,,,1,15,,252933,1,,,1,15,,252934,1,,,1,15,,252936,1,,,1,55,,252938,1,,,1,15,,252940,1,,,1,15,,252942,1,,,1,15,,252944,1,,,1,55,,252946,1,,,1,15,,252948,1,,,1,15,,252950,1,,,1,15,,252952,1,,,1,55,,252954,1,,,1,15,,252956,1,,,1,15,,252958,1,,,1,17,,252960,1,,,1,56,,252962,1,,,1,15,,252964,1,,,1,15,,252966,1,,,1,55,,252968,1,,,1,15,,252970,1,,,1,15,,252972,1,,,1,15,,252974,1,,,1,55,,252975,1,,,1,15,,252976,1,,,1,12,,252977,1,,,1,13,,252978,1,,,1,15,,252979,1,,,1,55,,252980,1,,,1,15,,252981,1,,,1,15,,252982,1,,,1,15,,252983,1,,,1,56,,252984,1,,,1,16,,252985,1,,,1,15,,252986,1,,,1,15,,252987,1,,,1,55,,252988,1,,,1,15,,252989,1,,,1,15,,252990,1,,,1,15,,252991,1,,,1,55,,252992,1,,,1,15,,252993,1,,,1,15,,252994,1,,,1,15,,252995,1,,,1,60,,252996,1,,,1,20,,252997,1,,,1,20,,252998,1,,,1,60,,252999,1,,,1,20,,253000,1,,,1,20,,253007,1,,,1,60,,253001,1,,,1,29,,253002,7,0,28 29 30,1,70,,253003,7,0,28 29 30,1,30,,253004,7,0,28 29 30,1,70,,253005,7,0,28 29 30,1,30,,253006,7,0,28 29 30,1
900,'009-Weekday-4-26-09-1111100',448,,209884,1,,,1,55,,209885,1,,,1,15,,209886,1,,,1,15,,209887,1,,,1,15,,209888,1,,,1,55,,209889,1,,,1,15,,209890,1,,,1,15,,209891,1,,,1,12,,209883,1,,,1,55,,209892,1,,,1,7,,209893,1,0,31,1,8,,209894,1,,,1,7,,209895,1,0,31,1,8,,209896,1,,,1,7,,209897,1,0,31,1,8,,209898,1,,,1,7,,209899,1,0,31,1,48,,209900,1,,,1,7,,209901,1,0,31,1,8,,209902,1,,,1,12,,209903,1,,,1,16,,209904,1,,,1,14,,209905,1,,,1,55,,209906,1,,,1,15,,209907,1,,,1,15,,209908,1,,,1,15,,209909,1,,,1,55,,209910,1,,,1,15,,209911,1,,,1,15,,209912,1,,,1,15,,209913,1,,,1,55,,209914,1,,,1,15,,209915,1,,,1,15,,209916,1,,,1,15,,209918,1,,,1,55,,209920,1,,,1,15,,209922,1,,,1,15,,209924,1,,,1,15,,209926,1,,,1,55,,209928,1,,,1,15,,209930,1,,,1,15,,209932,1,,,1,15,,209934,1,,,1,55,,209936,1,,,1,15,,209938,1,,,1,15,,209940,1,,,1,17,,209942,1,,,1,56,,209944,1,,,1,15,,209946,1,,,1,15,,209948,1,,,1,55,,209950,1,,,1,15,,209952,1,,,1,15,,209954,1,,,1,15,,209956,1,,,1,55,,209957,1,,,1,15,,209958,1,,,1,12,,209959,1,,,1,13,,209960,1,,,1,15,,209961,1,,,1,55,,209962,1,,,1,15,,209963,1,,,1,15,,209964,1,,,1,15,,209965,1,,,1,56,,209966,1,,,1,16,,209967,1,,,1,15,,209968,1,,,1,15,,209969,1,,,1,55,,209970,1,,,1,15,,209971,1,,,1,15,,209972,1,,,1,15,,209973,1,,,1,55,,209974,1,,,1,15,,209975,1,,,1,15,,209976,1,,,1,15,,209977,1,,,1,60,,209978,1,,,1,20,,209979,1,,,1,20,,209980,1,,,1,60,,209981,1,,,1,20,,209982,1,,,1,20,,209989,1,,,1,60,,209983,1,,,1,29,,209984,7,0,28 29 30,1,70,,209985,7,0,28 29 30,1,30,,209986,7,0,28 29 30,1,70,,209987,7,0,28 29 30,1,30,,209988,7,0,28 29 30,1
900,'009-Weekday-5-26-09-1111100',448,,253025,1,,,1,55,,253026,1,,,1,15,,253027,1,,,1,15,,253028,1,,,1,15,,253029,1,,,1,55,,253030,1,,,1,15,,253031,1,,,1,15,,253032,1,,,1,12,,253024,1,,,1,55,,253033,1,,,1,7,,253034,1,0,31,1,8,,253035,1,,,1,7,,253036,1,0,31,1,8,,253037,1,,,1,7,,253038,1,0,31,1,8,,253039,1,,,1,7,,253040,1,0,31,1,48,,253041,1,,,1,7,,253042,1,0,31,1,8,,253043,1,,,1,12,,253044,1,,,1,16,,253045,1,,,1,14,,253046,1,,,1,55,,253047,1,,,1,15,,253048,1,,,1,15,,253049,1,,,1,15,,253050,1,,,1,55,,253051,1,,,1,15,,253052,1,,,1,15,,253053,1,,,1,15,,253054,1,,,1,55,,253055,1,,,1,15,,253056,1,,,1,15,,253057,1,,,1,15,,253059,1,,,1,55,,253061,1,,,1,15,,253063,1,,,1,15,,253065,1,,,1,15,,253067,1,,,1,55,,253069,1,,,1,15,,253071,1,,,1,15,,253073,1,,,1,15,,253075,1,,,1,55,,253077,1,,,1,15,,253079,1,,,1,15,,253081,1,,,1,17,,253083,1,,,1,56,,253085,1,,,1,15,,253087,1,,,1,15,,253089,1,,,1,55,,253091,1,,,1,15,,253093,1,,,1,15,,253095,1,,,1,15,,253097,1,,,1,55,,253098,1,,,1,15,,253099,1,,,1,12,,253100,1,,,1,13,,253101,1,,,1,15,,253102,1,,,1,55,,253103,1,,,1,15,,253104,1,,,1,15,,253105,1,,,1,15,,253106,1,,,1,56,,253107,1,,,1,16,,253108,1,,,1,15,,253109,1,,,1,15,,253110,1,,,1,55,,253111,1,,,1,15,,253112,1,,,1,15,,253113,1,,,1,15,,253114,1,,,1,55,,253115,1,,,1,15,,253116,1,,,1,15,,253117,1,,,1,15,,253118,1,,,1,60,,253119,1,,,1,20,,253120,1,,,1,20,,253121,1,,,1,60,,253122,1,,,1,20,,253123,1,,,1,20,,253130,1,,,1,60,,253124,1,,,1,29,,253125,7,0,28 29 30,1,70,,253126,7,0,28 29 30,1,30,,253127,7,0,28 29 30,1,70,,253128,7,0,28 29 30,1,30,,253129,7,0,28 29 30,1
900,'009-Weekday-6-26-09-1111100',448,,253148,1,,,1,55,,253149,1,,,1,15,,253150,1,,,1,15,,253151,1,,,1,15,,253152,1,,,1,55,,253153,1,,,1,15,,253154,1,,,1,15,,253155,1,,,1,12,,253147,1,,,1,55,,253156,1,,,1,7,,253157,1,0,31,1,8,,253158,1,,,1,7,,253159,1,0,31,1,8,,253160,1,,,1,7,,253161,1,0,31,1,8,,253162,1,,,1,7,,253163,1,0,31,1,48,,253164,1,,,1,7,,253165,1,0,31,1,8,,253166,1,,,1,12,,253167,1,,,1,16,,253168,1,,,1,14,,253169,1,,,1,55,,253170,1,,,1,15,,253171,1,,,1,15,,253172,1,,,1,15,,253173,1,,,1,55,,253174,1,,,1,15,,253175,1,,,1,15,,253176,1,,,1,15,,253177,1,,,1,55,,253178,1,,,1,15,,253179,1,,,1,15,,253180,1,,,1,15,,253182,1,,,1,55,,253184,1,,,1,15,,253186,1,,,1,15,,253188,1,,,1,15,,253190,1,,,1,55,,253192,1,,,1,15,,253194,1,,,1,15,,253196,1,,,1,15,,253198,1,,,1,55,,253200,1,,,1,15,,253202,1,,,1,15,,253204,1,,,1,17,,253206,1,,,1,56,,253208,1,,,1,15,,253210,1,,,1,15,,253212,1,,,1,55,,253214,1,,,1,15,,253216,1,,,1,15,,253218,1,,,1,15,,253220,1,,,1,55,,253221,1,,,1,15,,253222,1,,,1,12,,253223,1,,,1,13,,253224,1,,,1,15,,253225,1,,,1,55,,253226,1,,,1,15,,253227,1,,,1,15,,253228,1,,,1,15,,253229,1,,,1,56,,253230,1,,,1,16,,253231,1,,,1,15,,253232,1,,,1,15,,253233,1,,,1,55,,253234,1,,,1,15,,253235,1,,,1,15,,253236,1,,,1,15,,253237,1,,,1,55,,253238,1,,,1,15,,253239,1,,,1,15,,253240,1,,,1,15,,253241,1,,,1,60,,253242,1,,,1,20,,253243,1,,,1,20,,253244,1,,,1,60,,253245,1,,,1,20,,253246,1,,,1,20,,253253,1,,,1,60,,253247,1,,,1,29,,253248,7,0,28 29 30,1,70,,253249,7,0,28 29 30,1,30,,253250,7,0,28 29 30,1,70,,253251,7,0,28 29 30,1,30,,253252,7,0,28 29 30,1
900,'009-Weekday-7-26-09-1111100',448,,253272,1,,,1,55,,253273,1,,,1,15,,253274,1,,,1,15,,253275,1,,,1,15,,253276,1,,,1,55,,253277,1,,,1,15,,253278,1,,,1,15,,253279,1,,,1,12,,253271,1,,,1,55,,253280,1,,,1,7,,253281,1,0,31,1,8,,253282,1,,,1,7,,253283,1,0,31,1,8,,253284,1,,,1,7,,253285,1,0,31,1,8,,253286,1,,,1,7,,253287,1,0,31,1,48,,253288,1,,,1,7,,253289,1,0,31,1,8,,253290,1,,,1,12,,253291,1,,,1,16,,253292,1,,,1,14,,253293,1,,,1,55,,253294,1,,,1,15,,253295,1,,,1,15,,253296,1,,,1,15,,253297,1,,,1,55,,253298,1,,,1,15,,253299,1,,,1,15,,253300,1,,,1,15,,253301,1,,,1,55,,253302,1,,,1,15,,253303,1,,,1,15,,253304,1,,,1,15,,253306,1,,,1,55,,253308,1,,,1,15,,253310,1,,,1,15,,253312,1,,,1,15,,253314,1,,,1,55,,253316,1,,,1,15,,253318,1,,,1,15,,253320,1,,,1,15,,253322,1,,,1,55,,253324,1,,,1,15,,253326,1,,,1,15,,253328,1,,,1,17,,253330,1,,,1,56,,253332,1,,,1,15,,253334,1,,,1,15,,253336,1,,,1,55,,253338,1,,,1,15,,253340,1,,,1,15,,253342,1,,,1,15,,253344,1,,,1,55,,253345,1,,,1,15,,253346,1,,,1,12,,253347,1,,,1,13,,253348,1,,,1,15,,253349,1,,,1,55,,253350,1,,,1,15,,253351,1,,,1,15,,253352,1,,,1,15,,253353,1,,,1,56,,253354,1,,,1,16,,253355,1,,,1,15,,253356,1,,,1,15,,253357,1,,,1,55,,253358,1,,,1,15,,253359,1,,,1,15,,253360,1,,,1,15,,253361,1,,,1,55,,253362,1,,,1,15,,253363,1,,,1,15,,253364,1,,,1,15,,253365,1,,,1,60,,253366,1,,,1,20,,253367,1,,,1,20,,253368,1,,,1,60,,253369,1,,,1,20,,253370,1,,,1,20,,253377,1,,,1,60,,253371,1,,,1,29,,253372,7,0,28 29 30,1,70,,253373,7,0,28 29 30,1,30,,253374,7,0,28 29 30,1,70,,253375,7,0,28 29 30,1,30,,253376,7,0,28 29 30,1
900,'009-Saturday-1-26-09-0000010',521,,210072,1,,,1,21,,210006,1,,,1,60,,210007,1,,,1,21,,210008,1,,,1,20,,210009,1,,,1,61,,210010,1,,,1,21,,210073,1,,,1,21,,210074,1,,,1,60,,210075,1,,,1,15,,210076,1,,,1,14,,210077,1,,,1,15,,210078,1,,,1,55,,210079,1,,,1,18,,210080,1,,,1,19,,210081,1,,,1,16,,210082,1,,,1,55,,210011,1,,,1,15,,210012,1,,,1,15,,210013,1,,,1,15,,210014,1,,,1,55,,210015,1,,,1,15,,210016,1,,,1,15,,210017,1,,,1,15,,210018,1,,,1,55,,210019,1,,,1,15,,210020,1,,,1,15,,210021,1,,,1,15,,210022,1,,,1,55,,210024,1,,,1,15,,210025,1,,,1,15,,210026,1,,,1,15,,210023,1,,,1,55,,210027,1,,,1,15,,210028,1,,,1,15,,210029,1,,,1,15,,210030,1,,,1,55,,210031,1,,,1,15,,210032,1,,,1,15,,210033,1,,,1,15,,210034,1,,,1,55,,210035,1,,,1,15,,210036,1,,,1,15,,210037,1,,,1,16,,210038,1,,,1,56,,210039,1,,,1,15,,210040,1,,,1,15,,210041,1,,,1,14,,210042,1,,,1,55,,210043,1,,,1,15,,210044,1,,,1,15,,210045,1,,,1,15,,210046,1,,,1,55,,210047,1,,,1,15,,210048,1,,,1,15,,210049,1,,,1,15,,210050,1,,,1,55,,210051,1,,,1,15,,210052,1,,,1,15,,210053,1,,,1,15,,210054,1,,,1,55,,210055,1,,,1,15,,210056,1,,,1,15,,210057,1,,,1,15,,210059,1,,,1,55,,210060,1,,,1,15,,210061,1,,,1,15,,210058,1,,,1,57,,210062,1,,,1,18,,210063,1,,,1,20,,210064,1,,,1,20,,210065,1,,,1,58,,210066,1,,,1,29,,210067,7,0,28 29 30,1,70,,210068,7,0,28 29 30,1,30,,210069,7,0,28 29 30,1,70,,210070,7,0,28 29 30,1,30,,210071,7,0,28 29 30,1
900,'009-Sunday-1-26-09-0000001',528,,210083,1,,,1,20,,210084,1,,,1,60,,210085,1,,,1,20,,210086,1,,,1,20,,210087,1,,,1,60,,210088,1,,,1,20,,210156,1,,,1,20,,210157,1,,,1,57,,210158,1,,,1,15,,210151,1,,,1,15,,210152,1,,,1,15,,210153,1,,,1,54,,210154,1,,,1,15,,210155,1,,,1,15,,210150,1,,,1,17,,210149,1,,,1,58,,210148,1,,,1,15,,210147,1,,,1,15,,210089,1,,,1,14,,210091,1,,,1,55,,210092,1,,,1,14,,210093,1,,,1,14,,210090,1,,,1,13,,210094,1,,,1,55,,210095,1,,,1,15,,210096,1,,,1,15,,210097,1,,,1,15,,210098,1,,,1,55,,210099,1,,,1,15,,210100,1,,,1,15,,210101,1,,,1,15,,210102,1,,,1,55,,210103,1,,,1,15,,210104,1,,,1,15,,210105,1,,,1,15,,210106,1,,,1,55,,210107,1,,,1,15,,210108,1,,,1,15,,210109,1,,,1,15,,210110,1,,,1,55,,210111,1,,,1,16,,210112,1,,,1,16,,210113,1,,,1,19,,210114,1,,,1,55,,210115,1,,,1,15,,210116,1,,,1,17,,210117,1,,,1,60,,210118,1,,,1,15,,210119,1,,,1,15,,210120,1,,,1,15,,210121,1,,,1,55,,210122,1,,,1,15,,210123,1,,,1,15,,210124,1,,,1,15,,210125,1,,,1,55,,210127,1,,,1,15,,210128,1,,,1,15,,210129,1,,,1,15,,210126,1,,,1,55,,210130,1,,,1,15,,210131,1,,,1,15,,210132,1,,,1,16,,210133,1,,,1,56,,210134,1,,,1,16,,210135,1,,,1,15,,210136,1,,,1,17,,210146,1,,,1,61,,210137,1,,,1,21,,210138,1,,,1,21,,210139,1,,,1,62,,210140,1,,,1,30,,210141,7,0,28 29 30,1,70,,210142,7,0,28 29 30,1,30,,210143,7,0,28 29 30,1,70,,210144,7,0,28 29 30,1,30,,210145,7,0,28 29 30,1
901,'009-Weekday-1-26-09-1111100',529,,210160,50,4,,1,15,,210161,50,4,,1,15,,210162,50,4,,1,55,,210163,50,4,,1,15,,210164,50,4,,1,19,,210159,50,4,,1,59,,210165,50,4,,1,17,,210166,50,4,,1,16,,210167,50,4,,1,15,,210168,50,4,,1,55,,210169,50,4,,1,15,,210170,50,4,,1,15,,210171,50,4,,1,15,,210172,50,4,,1,55,,210173,50,4,,1,15,,210174,50,4,,1,15,,210175,50,4,,1,14,,210176,50,4,,1,55,,210177,50,4,,1,15,,210178,50,4,,1,15,,210179,50,4,,1,15,,210180,50,4,,1,55,,210181,50,4,,1,15,,210182,50,4,,1,15,,210183,50,4,,1,15,,210184,50,4,,1,55,,210185,50,4,,1,15,,210186,50,4,,1,15,,210187,50,4,,1,15,,210188,50,4,,1,56,,210190,50,4,,1,15,,210192,50,4,,1,15,,210194,50,4,,1,15,,210196,50,4,,1,55,,210198,50,4,,1,15,,210200,50,4,,1,15,,210202,50,4,,1,15,,210204,50,4,,1,56,,210206,50,4,,1,18,,210208,50,4,,1,17,,210210,50,4,,1,56,,210212,50,4,,1,15,,210214,50,4,,1,15,,210216,50,4,,1,15,,210218,50,4,,1,55,,210220,50,4,,1,15,,210222,50,4,,1,15,,210224,50,4,,1,15,,210226,50,4,,1,55,,210228,50,4,,1,15,,210229,50,4,,1,15,,210230,50,4,,1,13,,210231,50,4,,1,11,,210232,50,4,,1,53,,210233,50,4,,1,12,,210234,50,4,,1,15,,210235,50,4,,1,15,,210236,50,4,,1,55,,210237,50,4,,1,15,,210238,50,4,,1,15,,210239,50,4,,1,15,,210240,50,4,,1,55,,210241,50,4,,1,15,,210242,50,4,,1,15,,210243,50,4,,1,15,,210244,50,4,,1,54,,210245,50,4,,1,11,,210246,50,4,,1,14,,210247,50,4,,1,18,,210248,50,4,,1,60,,210249,50,4,,1,20,,210250,50,4,,1,20,,210251,50,4,,1,60,,210252,50,4,,1,20,,210253,50,4,,1,25,,210254,50,4,,1
901,'009-Weekday-2-26-09-1111100',529,,210284,50,4,,1,15,,210285,50,4,,1,15,,210286,50,4,,1,55,,210287,50,4,,1,15,,210288,50,4,,1,19,,210283,50,4,,1,59,,210289,50,4,,1,17,,210290,50,4,,1,16,,210291,50,4,,1,15,,210292,50,4,,1,55,,210293,50,4,,1,15,,210294,50,4,,1,15,,210295,50,4,,1,15,,210296,50,4,,1,55,,210297,50,4,,1,15,,210298,50,4,,1,15,,210299,50,4,,1,14,,210300,50,4,,1,55,,210301,50,4,,1,15,,210302,50,4,,1,15,,210303,50,4,,1,15,,210304,50,4,,1,55,,210305,50,4,,1,15,,210306,50,4,,1,15,,210307,50,4,,1,15,,210308,50,4,,1,55,,210309,50,4,,1,15,,210310,50,4,,1,15,,210311,50,4,,1,15,,210312,50,4,,1,56,,210314,50,4,,1,15,,210316,50,4,,1,15,,210318,50,4,,1,15,,210320,50,4,,1,55,,210322,50,4,,1,15,,210324,50,4,,1,15,,210326,50,4,,1,15,,210328,50,4,,1,56,,210330,50,4,,1,18,,210332,50,4,,1,17,,210334,50,4,,1,56,,210336,50,4,,1,15,,210338,50,4,,1,15,,210340,50,4,,1,15,,210342,50,4,,1,55,,210344,50,4,,1,15,,210346,50,4,,1,15,,210348,50,4,,1,15,,210350,50,4,,1,55,,210352,50,4,,1,15,,210353,50,4,,1,15,,210354,50,4,,1,13,,210355,50,4,,1,11,,210356,50,4,,1,53,,210357,50,4,,1,12,,210358,50,4,,1,15,,210359,50,4,,1,15,,210360,50,4,,1,55,,210361,50,4,,1,15,,210362,50,4,,1,15,,210363,50,4,,1,15,,210364,50,4,,1,55,,210365,50,4,,1,15,,210366,50,4,,1,15,,210367,50,4,,1,15,,210368,50,4,,1,54,,210369,50,4,,1,11,,210370,50,4,,1,14,,210371,50,4,,1,18,,210372,50,4,,1,60,,210373,50,4,,1,20,,210374,50,4,,1,20,,210375,50,4,,1,60,,210376,50,4,,1,20,,210377,50,4,,1,25,,210378,50,4,,1
901,'009-Weekday-3-26-09-1111100',529,,253395,50,4,,1,15,,253396,50,4,,1,15,,253397,50,4,,1,55,,253398,50,4,,1,15,,253399,50,4,,1,19,,253394,50,4,,1,59,,253400,50,4,,1,17,,253401,50,4,,1,16,,253402,50,4,,1,15,,253403,50,4,,1,55,,253404,50,4,,1,15,,253405,50,4,,1,15,,253406,50,4,,1,15,,253407,50,4,,1,55,,253408,50,4,,1,15,,253409,50,4,,1,15,,253410,50,4,,1,14,,253411,50,4,,1,55,,253412,50,4,,1,15,,253413,50,4,,1,15,,253414,50,4,,1,15,,253415,50,4,,1,55,,253416,50,4,,1,15,,253417,50,4,,1,15,,253418,50,4,,1,15,,253419,50,4,,1,55,,253420,50,4,,1,15,,253421,50,4,,1,15,,253422,50,4,,1,15,,253423,50,4,,1,56,,253425,50,4,,1,15,,253427,50,4,,1,15,,253429,50,4,,1,15,,253431,50,4,,1,55,,253433,50,4,,1,15,,253435,50,4,,1,15,,253437,50,4,,1,15,,253439,50,4,,1,56,,253441,50,4,,1,18,,253443,50,4,,1,17,,253445,50,4,,1,56,,253447,50,4,,1,15,,253449,50,4,,1,15,,253451,50,4,,1,15,,253453,50,4,,1,55,,253455,50,4,,1,15,,253457,50,4,,1,15,,253459,50,4,,1,15,,253461,50,4,,1,55,,253463,50,4,,1,15,,253464,50,4,,1,15,,253465,50,4,,1,13,,253466,50,4,,1,11,,253467,50,4,,1,53,,253468,50,4,,1,12,,253469,50,4,,1,15,,253470,50,4,,1,15,,253471,50,4,,1,55,,253472,50,4,,1,15,,253473,50,4,,1,15,,253474,50,4,,1,15,,253475,50,4,,1,55,,253476,50,4,,1,15,,253477,50,4,,1,15,,253478,50,4,,1,15,,253479,50,4,,1,54,,253480,50,4,,1,11,,253481,50,4,,1,14,,253482,50,4,,1,18,,253483,50,4,,1,60,,253484,50,4,,1,20,,253485,50,4,,1,20,,253486,50,4,,1,60,,253487,50,4,,1,20,,253488,50,4,,1,25,,253489,50,4,,1
901,'009-Weekday-4-26-09-1111100',529,,210408,50,4,,1,15,,210409,50,4,,1,15,,210410,50,4,,1,55,,210411,50,4,,1,15,,210412,50,4,,1,19,,210407,50,4,,1,59,,210413,50,4,,1,17,,210414,50,4,,1,16,,210415,50,4,,1,15,,210416,50,4,,1,55,,210417,50,4,,1,15,,210418,50,4,,1,15,,210419,50,4,,1,15,,210420,50,4,,1,55,,210421,50,4,,1,15,,210422,50,4,,1,15,,210423,50,4,,1,14,,210424,50,4,,1,55,,210425,50,4,,1,15,,210426,50,4,,1,15,,210427,50,4,,1,15,,210428,50,4,,1,55,,210429,50,4,,1,15,,210430,50,4,,1,15,,210431,50,4,,1,15,,210432,50,4,,1,55,,210433,50,4,,1,15,,210434,50,4,,1,15,,210435,50,4,,1,15,,210436,50,4,,1,56,,210438,50,4,,1,15,,210440,50,4,,1,15,,210442,50,4,,1,15,,210444,50,4,,1,55,,210446,50,4,,1,15,,210448,50,4,,1,15,,210450,50,4,,1,15,,210452,50,4,,1,56,,210454,50,4,,1,18,,210456,50,4,,1,17,,210458,50,4,,1,56,,210460,50,4,,1,15,,210462,50,4,,1,15,,210464,50,4,,1,15,,210466,50,4,,1,55,,210468,50,4,,1,15,,210470,50,4,,1,15,,210472,50,4,,1,15,,210474,50,4,,1,55,,210476,50,4,,1,15,,210477,50,4,,1,15,,210478,50,4,,1,13,,210479,50,4,,1,11,,210480,50,4,,1,53,,210481,50,4,,1,12,,210482,50,4,,1,15,,210483,50,4,,1,15,,210484,50,4,,1,55,,210485,50,4,,1,15,,210486,50,4,,1,15,,210487,50,4,,1,15,,210488,50,4,,1,55,,210489,50,4,,1,15,,210490,50,4,,1,15,,210491,50,4,,1,15,,210492,50,4,,1,54,,210493,50,4,,1,11,,210494,50,4,,1,14,,210495,50,4,,1,18,,210496,50,4,,1,60,,210497,50,4,,1,20,,210498,50,4,,1,20,,210499,50,4,,1,60,,210500,50,4,,1,20,,210501,50,4,,1,25,,210502,50,4,,1
901,'009-Weekday-5-26-09-1111100',529,,253518,50,4,,1,15,,253519,50,4,,1,15,,253520,50,4,,1,55,,253521,50,4,,1,15,,253522,50,4,,1,19,,253517,50,4,,1,59,,253523,50,4,,1,17,,253524,50,4,,1,16,,253525,50,4,,1,15,,253526,50,4,,1,55,,253527,50,4,,1,15,,253528,50,4,,1,15,,253529,50,4,,1,15,,253530,50,4,,1,55,,253531,50,4,,1,15,,253532,50,4,,1,15,,253533,50,4,,1,14,,253534,50,4,,1,55,,253535,50,4,,1,15,,253536,50,4,,1,15,,253537,50,4,,1,15,,253538,50,4,,1,55,,253539,50,4,,1,15,,253540,50,4,,1,15,,253541,50,4,,1,15,,253542,50,4,,1,55,,253543,50,4,,1,15,,253544,50,4,,1,15,,253545,50,4,,1,15,,253546,50,4,,1,56,,253548,50,4,,1,15,,253550,50,4,,1,15,,253552,50,4,,1,15,,253554,50,4,,1,55,,253556,50,4,,1,15,,253558,50,4,,1,15,,253560,50,4,,1,15,,253562,50,4,,1,56,,253564,50,4,,1,18,,253566,50,4,,1,17,,253568,50,4,,1,56,,253570,50,4,,1,15,,253572,50,4,,1,15,,253574,50,4,,1,15,,253576,50,4,,1,55,,253578,50,4,,1,15,,253580,50,4,,1,15,,253582,50,4,,1,15,,253584,50,4,,1,55,,253586,50,4,,1,15,,253587,50,4,,1,15,,253588,50,4,,1,13,,253589,50,4,,1,11,,253590,50,4,,1,53,,253591,50,4,,1,12,,253592,50,4,,1,15,,253593,50,4,,1,15,,253594,50,4,,1,55,,253595,50,4,,1,15,,253596,50,4,,1,15,,253597,50,4,,1,15,,253598,50,4,,1,55,,253599,50,4,,1,15,,253600,50,4,,1,15,,253601,50,4,,1,15,,253602,50,4,,1,54,,253603,50,4,,1,11,,253604,50,4,,1,14,,253605,50,4,,1,18,,253606,50,4,,1,60,,253607,50,4,,1,20,,253608,50,4,,1,20,,253609,50,4,,1,60,,253610,50,4,,1,20,,253611,50,4,,1,25,,253612,50,4,,1
901,'009-Weekday-6-26-09-1111100',529,,253641,50,4,,1,15,,253642,50,4,,1,15,,253643,50,4,,1,55,,253644,50,4,,1,15,,253645,50,4,,1,19,,253640,50,4,,1,59,,253646,50,4,,1,17,,253647,50,4,,1,16,,253648,50,4,,1,15,,253649,50,4,,1,55,,253650,50,4,,1,15,,253651,50,4,,1,15,,253652,50,4,,1,15,,253653,50,4,,1,55,,253654,50,4,,1,15,,253655,50,4,,1,15,,253656,50,4,,1,14,,253657,50,4,,1,55,,253658,50,4,,1,15,,253659,50,4,,1,15,,253660,50,4,,1,15,,253661,50,4,,1,55,,253662,50,4,,1,15,,253663,50,4,,1,15,,253664,50,4,,1,15,,253665,50,4,,1,55,,253666,50,4,,1,15,,253667,50,4,,1,15,,253668,50,4,,1,15,,253669,50,4,,1,56,,253671,50,4,,1,15,,253673,50,4,,1,15,,253675,50,4,,1,15,,253677,50,4,,1,55,,253679,50,4,,1,15,,253681,50,4,,1,15,,253683,50,4,,1,15,,253685,50,4,,1,56,,253687,50,4,,1,18,,253689,50,4,,1,17,,253691,50,4,,1,56,,253693,50,4,,1,15,,253695,50,4,,1,15,,253697,50,4,,1,15,,253699,50,4,,1,55,,253701,50,4,,1,15,,253703,50,4,,1,15,,253705,50,4,,1,15,,253707,50,4,,1,55,,253709,50,4,,1,15,,253710,50,4,,1,15,,253711,50,4,,1,13,,253712,50,4,,1,11,,253713,50,4,,1,53,,253714,50,4,,1,12,,253715,50,4,,1,15,,253716,50,4,,1,15,,253717,50,4,,1,55,,253718,50,4,,1,15,,253719,50,4,,1,15,,253720,50,4,,1,15,,253721,50,4,,1,55,,253722,50,4,,1,15,,253723,50,4,,1,15,,253724,50,4,,1,15,,253725,50,4,,1,54,,253726,50,4,,1,11,,253727,50,4,,1,14,,253728,50,4,,1,18,,253729,50,4,,1,60,,253730,50,4,,1,20,,253731,50,4,,1,20,,253732,50,4,,1,60,,253733,50,4,,1,20,,253734,50,4,,1,25,,253735,50,4,,1
901,'009-Weekday-7-26-09-1111100',529,,253765,50,4,,1,15,,253766,50,4,,1,15,,253767,50,4,,1,55,,253768,50,4,,1,15,,253769,50,4,,1,19,,253764,50,4,,1,59,,253770,50,4,,1,17,,253771,50,4,,1,16,,253772,50,4,,1,15,,253773,50,4,,1,55,,253774,50,4,,1,15,,253775,50,4,,1,15,,253776,50,4,,1,15,,253777,50,4,,1,55,,253778,50,4,,1,15,,253779,50,4,,1,15,,253780,50,4,,1,14,,253781,50,4,,1,55,,253782,50,4,,1,15,,253783,50,4,,1,15,,253784,50,4,,1,15,,253785,50,4,,1,55,,253786,50,4,,1,15,,253787,50,4,,1,15,,253788,50,4,,1,15,,253789,50,4,,1,55,,253790,50,4,,1,15,,253791,50,4,,1,15,,253792,50,4,,1,15,,253793,50,4,,1,56,,253795,50,4,,1,15,,253797,50,4,,1,15,,253799,50,4,,1,15,,253801,50,4,,1,55,,253803,50,4,,1,15,,253805,50,4,,1,15,,253807,50,4,,1,15,,253809,50,4,,1,56,,253811,50,4,,1,18,,253813,50,4,,1,17,,253815,50,4,,1,56,,253817,50,4,,1,15,,253819,50,4,,1,15,,253821,50,4,,1,15,,253823,50,4,,1,55,,253825,50,4,,1,15,,253827,50,4,,1,15,,253829,50,4,,1,15,,253831,50,4,,1,55,,253833,50,4,,1,15,,253834,50,4,,1,15,,253835,50,4,,1,13,,253836,50,4,,1,11,,253837,50,4,,1,53,,253838,50,4,,1,12,,253839,50,4,,1,15,,253840,50,4,,1,15,,253841,50,4,,1,55,,253842,50,4,,1,15,,253843,50,4,,1,15,,253844,50,4,,1,15,,253845,50,4,,1,55,,253846,50,4,,1,15,,253847,50,4,,1,15,,253848,50,4,,1,15,,253849,50,4,,1,54,,253850,50,4,,1,11,,253851,50,4,,1,14,,253852,50,4,,1,18,,253853,50,4,,1,60,,253854,50,4,,1,20,,253855,50,4,,1,20,,253856,50,4,,1,60,,253857,50,4,,1,20,,253858,50,4,,1,25,,253859,50,4,,1
901,'009-Saturday-1-26-09-0000010',553,,210606,50,4,,1,60,,210530,50,4,,1,20,,210531,50,4,,1,20,,210532,50,4,,1,60,,210533,50,4,,1,20,,210534,50,4,,1,20,,210535,50,4,,1,60,,210536,50,4,,1,20,,210537,50,4,,1,15,,210605,50,4,,1,56,,210604,50,4,,1,18,,210603,50,4,,1,19,,210602,50,4,,1,17,,210538,50,4,,1,55,,210539,50,4,,1,15,,210540,50,4,,1,15,,210541,50,4,,1,15,,210542,50,4,,1,55,,210543,50,4,,1,15,,210544,50,4,,1,15,,210545,50,4,,1,15,,210546,50,4,,1,55,,210547,50,4,,1,15,,210548,50,4,,1,15,,210549,50,4,,1,15,,210550,50,4,,1,55,,210551,50,4,,1,15,,210552,50,4,,1,15,,210553,50,4,,1,15,,210554,50,4,,1,55,,210555,50,4,,1,15,,210556,50,4,,1,15,,210557,50,4,,1,15,,210558,50,4,,1,55,,210559,50,4,,1,15,,210560,50,4,,1,15,,210561,50,4,,1,15,,210562,50,4,,1,55,,210563,50,4,,1,15,,210564,50,4,,1,15,,210565,50,4,,1,15,,210566,50,4,,1,53,,210567,50,4,,1,14,,210568,50,4,,1,13,,210569,50,4,,1,15,,210570,50,4,,1,55,,210571,50,4,,1,15,,210572,50,4,,1,15,,210573,50,4,,1,15,,210574,50,4,,1,55,,210575,50,4,,1,15,,210576,50,4,,1,15,,210577,50,4,,1,15,,210578,50,4,,1,55,,210579,50,4,,1,15,,210580,50,4,,1,15,,210581,50,4,,1,15,,210582,50,4,,1,55,,210583,50,4,,1,15,,210585,50,4,,1,15,,210586,50,4,,1,15,,210587,50,4,,1,55,,210584,50,4,,1,15,,210588,50,4,,1,15,,210589,50,4,,1,15,,210590,50,4,,1,60,,210591,50,4,,1,20,,210592,50,4,,1,20,,210593,50,4,,1,58,,210594,50,4,,1,17,,210595,50,4,,1,20,,210596,50,4,,1
901,'009-Sunday-1-26-09-0000001',600,,210673,50,4,,1,20,,210607,50,4,,1,20,,210608,50,4,,1,60,,210609,50,4,,1,20,,210610,50,4,,1,20,,210611,50,4,,1,60,,210612,50,4,,1,20,,210681,50,4,,1,20,,210682,50,4,,1,60,,210680,50,4,,1,17,,210679,50,4,,1,17,,210678,50,4,,1,16,,210677,50,4,,1,55,,210676,50,4,,1,15,,210675,50,4,,1,15,,210674,50,4,,1,14,,210613,50,4,,1,55,,210614,50,4,,1,15,,210615,50,4,,1,15,,210616,50,4,,1,15,,210617,50,4,,1,55,,210618,50,4,,1,15,,210619,50,4,,1,15,,210620,50,4,,1,15,,210621,50,4,,1,55,,210622,50,4,,1,15,,210623,50,4,,1,15,,210624,50,4,,1,15,,210625,50,4,,1,55,,210626,50,4,,1,15,,210627,50,4,,1,15,,210628,50,4,,1,15,,210629,50,4,,1,55,,210630,50,4,,1,15,,210631,50,4,,1,15,,210632,50,4,,1,15,,210633,50,4,,1,55,,210634,50,4,,1,15,,210635,50,4,,1,15,,210636,50,4,,1,15,,210637,50,4,,1,55,,210638,50,4,,1,13,,210639,50,4,,1,14,,210640,50,4,,1,14,,210641,50,4,,1,56,,210642,50,4,,1,15,,210643,50,4,,1,15,,210644,50,4,,1,15,,210646,50,4,,1,55,,210647,50,4,,1,15,,210648,50,4,,1,15,,210645,50,4,,1,15,,210649,50,4,,1,55,,210650,50,4,,1,15,,210651,50,4,,1,15,,210652,50,4,,1,15,,210653,50,4,,1,55,,210654,50,4,,1,15,,210655,50,4,,1,15,,210656,50,4,,1,15,,210657,50,4,,1,55,,210658,50,4,,1,15,,210659,50,4,,1,15,,210660,50,4,,1,15,,210661,50,4,,1,60,,210662,50,4,,1,20,,210663,50,4,,1,20,,210664,50,4,,1,59,,210665,50,4,,1,18,,210666,50,4,,1,25,,210667,50,4,,1
70400,'704-Weekday-1-26-09-1111100',622,,229067,8,4,,1,33,,229068,8,4,,1,70,,229069,8,4,,1,30,,229070,8,4,,1,70,,229071,8,4,,1,30,,229072,8,4,,1,70,,229073,8,4,,1,30,,229074,8,4,,1,70,,229075,8,4,,1,30,,229076,8,4,,1,70,,229077,8,4,,1,30,,229078,8,4,,1,70,,229079,8,4,,1,30,,229080,8,4,,1,70,,229081,8,4,,1,30,,229082,8,4,,1,70,,229083,8,4,,1,30,,229084,8,4,,1,80,,229085,8,4,,1,70,,229086,8,4,,1,20,,229087,8,4,,1,20,,229088,8,4,,1,60,,229089,8,4,,1,20,,229090,8,4,,1,20,,229091,8,4,,1,60,,229092,8,4,,1,20,,229093,8,4,,1,23,,229094,8,4,,1,66,,229095,8,4,,1,30,,229096,8,4,,1,70,,229097,8,4,,1,30,,229098,8,4,,1,70,,229099,8,4,,1,30,,229100,8,4,,1,68,,229101,8,4,,1,29,,229102,8,4,,1,70,,229103,8,4,,1
70400,'704-Weekday-2-26-09-1111100',622,,229104,8,4,,1,33,,229105,8,4,,1,70,,229106,8,4,,1,30,,229107,8,4,,1,70,,229108,8,4,,1,30,,229109,8,4,,1,70,,229110,8,4,,1,30,,229111,8,4,,1,70,,229112,8,4,,1,30,,229113,8,4,,1,70,,229114,8,4,,1,30,,229115,8,4,,1,70,,229116,8,4,,1,30,,229117,8,4,,1,70,,229118,8,4,,1,30,,229119,8,4,,1,70,,229120,8,4,,1,30,,229121,8,4,,1,80,,229122,8,4,,1,70,,229123,8,4,,1,20,,229124,8,4,,1,20,,229125,8,4,,1,60,,229126,8,4,,1,20,,229127,8,4,,1,20,,229128,8,4,,1,60,,229129,8,4,,1,20,,229130,8,4,,1,23,,229131,8,4,,1,66,,229132,8,4,,1,30,,229133,8,4,,1,70,,229134,8,4,,1,30,,229135,8,4,,1,70,,229136,8,4,,1,30,,229137,8,4,,1,68,,229138,8,4,,1,29,,229139,8,4,,1,70,,229140,8,4,,1
70400,'704-Weekday-3-26-09-1111100',622,,271820,8,4,,1,33,,271821,8,4,,1,70,,271822,8,4,,1,30,,271823,8,4,,1,70,,271824,8,4,,1,30,,271825,8,4,,1,70,,271826,8,4,,1,30,,271827,8,4,,1,70,,271828,8,4,,1,30,,271829,8,4,,1,70,,271830,8,4,,1,30,,271831,8,4,,1,70,,271832,8,4,,1,30,,271833,8,4,,1,70,,271834,8,4,,1,30,,271835,8,4,,1,70,,271836,8,4,,1,30,,271837,8,4,,1,80,,271838,8,4,,1,70,,271839,8,4,,1,20,,271840,8,4,,1,20,,271841,8,4,,1,60,,271842,8,4,,1,20,,271843,8,4,,1,20,,271844,8,4,,1,60,,271845,8,4,,1,20,,271846,8,4,,1,23,,271847,8,4,,1,66,,271848,8,4,,1,30,,271849,8,4,,1,70,,271850,8,4,,1,30,,271851,8,4,,1,70,,271852,8,4,,1,30,,271853,8,4,,1,68,,271854,8,4,,1,29,,271855,8,4,,1,70,,271856,8,4,,1
70400,'704-Weekday-4-26-09-1111100',622,,229141,8,4,,1,33,,229142,8,4,,1,70,,229143,8,4,,1,30,,229144,8,4,,1,70,,229145,8,4,,1,30,,229146,8,4,,1,70,,229147,8,4,,1,30,,229148,8,4,,1,70,,229149,8,4,,1,30,,229150,8,4,,1,70,,229151,8,4,,1,30,,229152,8,4,,1,70,,229153,8,4,,1,30,,229154,8,4,,1,70,,229155,8,4,,1,30,,229156,8,4,,1,70,,229157,8,4,,1,30,,229158,8,4,,1,80,,229159,8,4,,1,70,,229160,8,4,,1,20,,229161,8,4,,1,20,,229162,8,4,,1,60,,229163,8,4,,1,20,,229164,8,4,,1,20,,229165,8,4,,1,60,,229166,8,4,,1,20,,229167,8,4,,1,23,,229168,8,4,,1,66,,229169,8,4,,1,30,,229170,8,4,,1,70,,229171,8,4,,1,30,,229172,8,4,,1,70,,229173,8,4,,1,30,,229174,8,4,,1,68,,229175,8,4,,1,29,,229176,8,4,,1,70,,229177,8,4,,1
70400,'704-Weekday-5-26-09-1111100',622,,271857,8,4,,1,33,,271858,8,4,,1,70,,271859,8,4,,1,30,,271860,8,4,,1,70,,271861,8,4,,1,30,,271862,8,4,,1,70,,271863,8,4,,1,30,,271864,8,4,,1,70,,271865,8,4,,1,30,,271866,8,4,,1,70,,271867,8,4,,1,30,,271868,8,4,,1,70,,271869,8,4,,1,30,,271870,8,4,,1,70,,271871,8,4,,1,30,,271872,8,4,,1,70,,271873,8,4,,1,30,,271874,8,4,,1,80,,271875,8,4,,1,70,,271876,8,4,,1,20,,271877,8,4,,1,20,,271878,8,4,,1,60,,271879,8,4,,1,20,,271880,8,4,,1,20,,271881,8,4,,1,60,,271882,8,4,,1,20,,271883,8,4,,1,23,,271884,8,4,,1,66,,271885,8,4,,1,30,,271886,8,4,,1,70,,271887,8,4,,1,30,,271888,8,4,,1,70,,271889,8,4,,1,30,,271890,8,4,,1,68,,271891,8,4,,1,29,,271892,8,4,,1,70,,271893,8,4,,1
70400,'704-Weekday-6-26-09-1111100',622,,271894,8,4,,1,33,,271895,8,4,,1,70,,271896,8,4,,1,30,,271897,8,4,,1,70,,271898,8,4,,1,30,,271899,8,4,,1,70,,271900,8,4,,1,30,,271901,8,4,,1,70,,271902,8,4,,1,30,,271903,8,4,,1,70,,271904,8,4,,1,30,,271905,8,4,,1,70,,271906,8,4,,1,30,,271907,8,4,,1,70,,271908,8,4,,1,30,,271909,8,4,,1,70,,271910,8,4,,1,30,,271911,8,4,,1,80,,271912,8,4,,1,70,,271913,8,4,,1,20,,271914,8,4,,1,20,,271915,8,4,,1,60,,271916,8,4,,1,20,,271917,8,4,,1,20,,271918,8,4,,1,60,,271919,8,4,,1,20,,271920,8,4,,1,23,,271921,8,4,,1,66,,271922,8,4,,1,30,,271923,8,4,,1,70,,271924,8,4,,1,30,,271925,8,4,,1,70,,271926,8,4,,1,30,,271927,8,4,,1,68,,271928,8,4,,1,29,,271929,8,4,,1,70,,271930,8,4,,1
70400,'704-Weekday-7-26-09-1111100',622,,271931,8,4,,1,33,,271932,8,4,,1,70,,271933,8,4,,1,30,,271934,8,4,,1,70,,271935,8,4,,1,30,,271936,8,4,,1,70,,271937,8,4,,1,30,,271938,8,4,,1,70,,271939,8,4,,1,30,,271940,8,4,,1,70,,271941,8,4,,1,30,,271942,8,4,,1,70,,271943,8,4,,1,30,,271944,8,4,,1,70,,271945,8,4,,1,30,,271946,8,4,,1,70,,271947,8,4,,1,30,,271948,8,4,,1,80,,271949,8,4,,1,70,,271950,8,4,,1,20,,271951,8,4,,1,20,,271952,8,4,,1,60,,271953,8,4,,1,20,,271954,8,4,,1,20,,271955,8,4,,1,60,,271956,8,4,,1,20,,271957,8,4,,1,23,,271958,8,4,,1,66,,271959,8,4,,1,30,,271960,8,4,,1,70,,271961,8,4,,1,30,,271962,8,4,,1,70,,271963,8,4,,1,30,,271964,8,4,,1,68,,271965,8,4,,1,29,,271966,8,4,,1,70,,271967,8,4,,1
70400,'704-Saturday-1-26-09-0000010',927,,229178,8,4,,1,30,,229179,8,4,,1,70,,229180,8,4,,1,30,,229181,8,4,,1,70,,229182,8,4,,1,30,,229183,8,4,,1,70,,229184,8,4,,1,30,,229185,8,4,,1,70,,229186,8,4,,1,30,,229187,8,4,,1,70,,229188,8,4,,1,30,,229189,8,4,,1,70,,229190,8,4,,1,30,,229191,8,4,,1,70,,229192,8,4,,1,30,,229193,8,4,,1,70,,229194,8,4,,1,30,,229195,8,4,,1,70,,229196,8,4,,1,30,,229197,8,4,,1,70,,229198,8,4,,1,30,,229199,8,4,,1,70,,229200,8,4,,1
70400,'704-Sunday-1-26-09-0000001',924,,229220,8,4,,1,30,,229221,8,4,,1,70,,229201,8,4,,1,30,,229202,8,4,,1,70,,229203,8,4,,1,30,,229204,8,4,,1,70,,229205,8,4,,1,30,,229206,8,4,,1,70,,229207,8,4,,1,30,,229208,8,4,,1,70,,229209,8,4,,1,30,,229210,8,4,,1,70,,229211,8,4,,1,30,,229212,8,4,,1,70,,229213,8,4,,1,30,,229214,8,4,,1,70,,229215,8,4,,1,30,,229216,8,4,,1,70,,229217,8,4,,1,30,,229218,8,4,,1,70,,229219,8,4,,1,30,,229222,8,4,,1,70,,229223,8,4,,1
70401,'704-Weekday-1-26-09-1111100',600,,229224,1,,,1,30,,229225,1,,,1,70,,229226,1,,,1,30,,229227,1,,,1,70,,229228,1,,,1,30,,229229,1,,,1,70,,229230,1,,,1,30,,229231,1,,,1,70,,229232,1,,,1,30,,229233,1,,,1,70,,229234,1,,,1,30,,229235,1,,,1,70,,229236,1,,,1,30,,229237,1,,,1,70,,229238,1,,,1,30,,229239,1,,,1,70,,229240,1,,,1,30,,229241,1,,,1,70,,229242,1,,,1,30,,229259,1,,,1,20,,229255,1,,,1,60,,229256,1,,,1,20,,229260,1,,,1,20,,229257,1,,,1,60,,229258,1,,,1,20,,229254,1,,,1,20,,229253,1,,,1,70,,229252,1,,,1,30,,229251,1,,,1,70,,229250,1,,,1,30,,229249,1,,,1,70,,229248,1,,,1,30,,229247,1,,,1,70,,229246,1,,,1,30,,229245,1,,,1,70,,229244,1,,,1,30,,229243,1,,,1
70401,'704-Weekday-2-26-09-1111100',600,,229261,1,,,1,30,,229262,1,,,1,70,,229263,1,,,1,30,,229264,1,,,1,70,,229265,1,,,1,30,,229266,1,,,1,70,,229267,1,,,1,30,,229268,1,,,1,70,,229269,1,,,1,30,,229270,1,,,1,70,,229271,1,,,1,30,,229272,1,,,1,70,,229273,1,,,1,30,,229274,1,,,1,70,,229275,1,,,1,30,,229276,1,,,1,70,,229277,1,,,1,30,,229278,1,,,1,70,,229279,1,,,1,30,,229296,1,,,1,20,,229292,1,,,1,60,,229293,1,,,1,20,,229297,1,,,1,20,,229294,1,,,1,60,,229295,1,,,1,20,,229291,1,,,1,20,,229290,1,,,1,70,,229289,1,,,1,30,,229288,1,,,1,70,,229287,1,,,1,30,,229286,1,,,1,70,,229285,1,,,1,30,,229284,1,,,1,70,,229283,1,,,1,30,,229282,1,,,1,70,,229281,1,,,1,30,,229280,1,,,1
70401,'704-Weekday-3-26-09-1111100',600,,271968,1,,,1,30,,271969,1,,,1,70,,271970,1,,,1,30,,271971,1,,,1,70,,271972,1,,,1,30,,271973,1,,,1,70,,271974,1,,,1,30,,271975,1,,,1,70,,271976,1,,,1,30,,271977,1,,,1,70,,271978,1,,,1,30,,271979,1,,,1,70,,271980,1,,,1,30,,271981,1,,,1,70,,271982,1,,,1,30,,271983,1,,,1,70,,271984,1,,,1,30,,271985,1,,,1,70,,271986,1,,,1,30,,272003,1,,,1,20,,271999,1,,,1,60,,272000,1,,,1,20,,272004,1,,,1,20,,272001,1,,,1,60,,272002,1,,,1,20,,271998,1,,,1,20,,271997,1,,,1,70,,271996,1,,,1,30,,271995,1,,,1,70,,271994,1,,,1,30,,271993,1,,,1,70,,271992,1,,,1,30,,271991,1,,,1,70,,271990,1,,,1,30,,271989,1,,,1,70,,271988,1,,,1,30,,271987,1,,,1
70401,'704-Weekday-4-26-09-1111100',600,,229298,1,,,1,30,,229299,1,,,1,70,,229300,1,,,1,30,,229301,1,,,1,70,,229302,1,,,1,30,,229303,1,,,1,70,,229304,1,,,1,30,,229305,1,,,1,70,,229306,1,,,1,30,,229307,1,,,1,70,,229308,1,,,1,30,,229309,1,,,1,70,,229310,1,,,1,30,,229311,1,,,1,70,,229312,1,,,1,30,,229313,1,,,1,70,,229314,1,,,1,30,,229315,1,,,1,70,,229316,1,,,1,30,,229333,1,,,1,20,,229329,1,,,1,60,,229330,1,,,1,20,,229334,1,,,1,20,,229331,1,,,1,60,,229332,1,,,1,20,,229328,1,,,1,20,,229327,1,,,1,70,,229326,1,,,1,30,,229325,1,,,1,70,,229324,1,,,1,30,,229323,1,,,1,70,,229322,1,,,1,30,,229321,1,,,1,70,,229320,1,,,1,30,,229319,1,,,1,70,,229318,1,,,1,30,,229317,1,,,1
70401,'704-Weekday-5-26-09-1111100',600,,272005,1,,,1,30,,272006,1,,,1,70,,272007,1,,,1,30,,272008,1,,,1,70,,272009,1,,,1,30,,272010,1,,,1,70,,272011,1,,,1,30,,272012,1,,,1,70,,272013,1,,,1,30,,272014,1,,,1,70,,272015,1,,,1,30,,272016,1,,,1,70,,272017,1,,,1,30,,272018,1,,,1,70,,272019,1,,,1,30,,272020,1,,,1,70,,272021,1,,,1,30,,272022,1,,,1,70,,272023,1,,,1,30,,272040,1,,,1,20,,272036,1,,,1,60,,272037,1,,,1,20,,272041,1,,,1,20,,272038,1,,,1,60,,272039,1,,,1,20,,272035,1,,,1,20,,272034,1,,,1,70,,272033,1,,,1,30,,272032,1,,,1,70,,272031,1,,,1,30,,272030,1,,,1,70,,272029,1,,,1,30,,272028,1,,,1,70,,272027,1,,,1,30,,272026,1,,,1,70,,272025,1,,,1,30,,272024,1,,,1
70401,'704-Weekday-6-26-09-1111100',600,,272042,1,,,1,30,,272043,1,,,1,70,,272044,1,,,1,30,,272045,1,,,1,70,,272046,1,,,1,30,,272047,1,,,1,70,,272048,1,,,1,30,,272049,1,,,1,70,,272050,1,,,1,30,,272051,1,,,1,70,,272052,1,,,1,30,,272053,1,,,1,70,,272054,1,,,1,30,,272055,1,,,1,70,,272056,1,,,1,30,,272057,1,,,1,70,,272058,1,,,1,30,,272059,1,,,1,70,,272060,1,,,1,30,,272077,1,,,1,20,,272073,1,,,1,60,,272074,1,,,1,20,,272078,1,,,1,20,,272075,1,,,1,60,,272076,1,,,1,20,,272072,1,,,1,20,,272071,1,,,1,70,,272070,1,,,1,30,,272069,1,,,1,70,,272068,1,,,1,30,,272067,1,,,1,70,,272066,1,,,1,30,,272065,1,,,1,70,,272064,1,,,1,30,,272063,1,,,1,70,,272062,1,,,1,30,,272061,1,,,1
70401,'704-Weekday-7-26-09-1111100',600,,272079,1,,,1,30,,272080,1,,,1,70,,272081,1,,,1,30,,272082,1,,,1,70,,272083,1,,,1,30,,272084,1,,,1,70,,272085,1,,,1,30,,272086,1,,,1,70,,272087,1,,,1,30,,272088,1,,,1,70,,272089,1,,,1,30,,272090,1,,,1,70,,272091,1,,,1,30,,272092,1,,,1,70,,272093,1,,,1,30,,272094,1,,,1,70,,272095,1,,,1,30,,272096,1,,,1,70,,272097,1,,,1,30,,272114,1,,,1,20,,272110,1,,,1,60,,272111,1,,,1,20,,272115,1,,,1,20,,272112,1,,,1,60,,272113,1,,,1,20,,272109,1,,,1,20,,272108,1,,,1,70,,272107,1,,,1,30,,272106,1,,,1,70,,272105,1,,,1,30,,272104,1,,,1,70,,272103,1,,,1,30,,272102,1,,,1,70,,272101,1,,,1,30,,272100,1,,,1,70,,272099,1,,,1,30,,272098,1,,,1
70401,'704-Saturday-1-26-09-0000010',900,,229335,1,,,1,30,,229336,1,,,1,70,,229337,1,,,1,30,,229338,1,,,1,70,,229339,1,,,1,30,,229340,1,,,1,70,,229341,1,,,1,30,,229342,1,,,1,70,,229343,1,,,1,30,,229344,1,,,1,70,,229345,1,,,1,30,,229346,1,,,1,70,,229347,1,,,1,30,,229348,1,,,1,70,,229349,1,,,1,30,,229350,1,,,1,70,,229351,1,,,1,30,,229352,1,,,1,70,,229353,1,,,1,30,,229354,1,,,1,70,,229355,1,,,1,30,,229356,1,,,1,70,,229357,1,,,1
70401,'704-Sunday-1-26-09-0000001',900,,229377,1,,,1,30,,229378,1,,,1,70,,229358,1,,,1,30,,229359,1,,,1,70,,229360,1,,,1,30,,229361,1,,,1,70,,229362,1,,,1,30,,229363,1,,,1,70,,229364,1,,,1,30,,229365,1,,,1,70,,229366,1,,,1,30,,229367,1,,,1,70,,229368,1,,,1,30,,229369,1,,,1,70,,229370,1,,,1,30,,229371,1,,,1,70,,229372,1,,,1,30,,229373,1,,,1,70,,229374,1,,,1,30,,229375,1,,,1,70,,229376,1,,,1,30,,229379,1,,,1,70,,229380,1,,,1
