10800,'108-Weekday-1-26-09-1110100',1509,,216292,22,,,1
10800,'108-Weekday-1-26-09-1111100',545,,216293,22,,,1,60,,216294,22,,,1,20,,216295,22,,,1,22,,216348,22,,,1,10,,216296,22,,,1,50,,216350,22,,,1,10,,216297,22,,,1,10,,216298,22,,,1,10,,216300,22,,,1,10,,216299,22,,,1,10,,216302,22,,,1,50,,216303,22,,,1,2,,216357,22,,,1,8,,216301,22,,,1,16,,216351,22,,,1,17,,216352,22,,,1,57,,216304,22,,,1,20,,216305,22,,,1,20,,216306,22,,,1,60,,216307,22,,,1,20,,216308,22,,,1,20,,216309,22,,,1,60,,216310,22,,,1,20,,216311,22,,,1,20,,216312,22,,,1,60,,216313,22,,,1,20,,216314,22,,,1,20,,216315,22,,,1,60,,216316,22,,,1,20,,216317,22,,,1,20,,216318,22,,,1,60,,216319,22,,,1,20,,216320,22,,,1,20,,216358,22,,,1,10,,216359,22,,,1,51,,216360,22,,,1,10,,216361,22,,,1,10,,216321,22,,,1,10,,216322,22,,,1,10,,216323,22,,,1,10,,216353,22,,,1,50,,216324,22,,,1,10,,216325,22,,,1,10,,216354,22,,,1,10,,216326,22,,,1,10,,216327,22,,,1,10,,216355,22,,,1,50,,216328,22,,,1,10,,216329,22,,,1,10,,216331,22,,,1,10,,216330,22,,,1,17,,216356,22,,,1,58,,216332,22,,,1,20,,216333,22,,,1,18,,216334,22,,,1,60,,216335,22,,,1,20,,216336,22,,,1,20,,216337,22,,,1,60,,216338,22,,,1,20,,216339,22,,,1,20,,216340,22,,,1,60,,216341,22,,,1,20,,216342,22,,,1,20,,216343,22,,,1,60,,216349,22,,,1,30,,216344,22,,,1,70,,216345,22,,,1,30,,216346,22,,,1,70,,216347,22,,,1
10800,'108-Weekday-2-26-09-1110100',1509,,216362,22,,,1
10800,'108-Weekday-2-26-09-1111100',545,,216363,22,,,1,60,,216364,22,,,1,20,,216365,22,,,1,22,,216418,22,,,1,10,,216366,22,,,1,50,,216420,22,,,1,10,,216367,22,,,1,10,,216368,22,,,1,10,,216370,22,,,1,10,,216369,22,,,1,10,,216372,22,,,1,50,,216373,22,,,1,2,,216427,22,,,1,8,,216371,22,,,1,16,,216421,22,,,1,17,,216422,22,,,1,57,,216374,22,,,1,20,,216375,22,,,1,20,,216376,22,,,1,60,,216377,22,,,1,20,,216378,22,,,1,20,,216379,22,,,1,60,,216380,22,,,1,20,,216381,22,,,1,20,,216382,22,,,1,60,,216383,22,,,1,20,,216384,22,,,1,20,,216385,22,,,1,60,,216386,22,,,1,20,,216387,22,,,1,20,,216388,22,,,1,60,,216389,22,,,1,20,,216390,22,,,1,20,,216428,22,,,1,10,,216429,22,,,1,51,,216430,22,,,1,10,,216431,22,,,1,10,,216391,22,,,1,10,,216392,22,,,1,10,,216393,22,,,1,10,,216423,22,,,1,50,,216394,22,,,1,10,,216395,22,,,1,10,,216424,22,,,1,10,,216396,22,,,1,10,,216397,22,,,1,10,,216425,22,,,1,50,,216398,22,,,1,10,,216399,22,,,1,10,,216401,22,,,1,10,,216400,22,,,1,17,,216426,22,,,1,58,,216402,22,,,1,20,,216403,22,,,1,18,,216404,22,,,1,60,,216405,22,,,1,20,,216406,22,,,1,20,,216407,22,,,1,60,,216408,22,,,1,20,,216409,22,,,1,20,,216410,22,,,1,60,,216411,22,,,1,20,,216412,22,,,1,20,,216413,22,,,1,60,,216419,22,,,1,30,,216414,22,,,1,70,,216415,22,,,1,30,,216416,22,,,1,70,,216417,22,,,1
10800,'108-Weekday-3-26-09-1111100',545,,259843,22,,,1,60,,259844,22,,,1,20,,259845,22,,,1,22,,259898,22,,,1,10,,259846,22,,,1,50,,259900,22,,,1,10,,259847,22,,,1,10,,259848,22,,,1,10,,259850,22,,,1,10,,259849,22,,,1,10,,259852,22,,,1,50,,259853,22,,,1,10,,259851,22,,,1,16,,259901,22,,,1,17,,259902,22,,,1,57,,259854,22,,,1,20,,259855,22,,,1,20,,259856,22,,,1,60,,259857,22,,,1,20,,259858,22,,,1,20,,259859,22,,,1,60,,259860,22,,,1,20,,259861,22,,,1,20,,259862,22,,,1,60,,259863,22,,,1,20,,259864,22,,,1,20,,259865,22,,,1,60,,259866,22,,,1,20,,259867,22,,,1,20,,259868,22,,,1,60,,259869,22,,,1,20,,259870,22,,,1,20,,259907,22,,,1,10,,259908,22,,,1,51,,259909,22,,,1,10,,259910,22,,,1,10,,259871,22,,,1,10,,259872,22,,,1,10,,259873,22,,,1,10,,259903,22,,,1,50,,259874,22,,,1,10,,259875,22,,,1,10,,259904,22,,,1,10,,259876,22,,,1,10,,259877,22,,,1,10,,259905,22,,,1,50,,259878,22,,,1,10,,259879,22,,,1,10,,259881,22,,,1,10,,259880,22,,,1,17,,259906,22,,,1,58,,259882,22,,,1,20,,259883,22,,,1,18,,259884,22,,,1,60,,259885,22,,,1,20,,259886,22,,,1,20,,259887,22,,,1,60,,259888,22,,,1,20,,259889,22,,,1,20,,259890,22,,,1,60,,259891,22,,,1,20,,259892,22,,,1,20,,259893,22,,,1,60,,259899,22,,,1,30,,259894,22,,,1,70,,259895,22,,,1,30,,259896,22,,,1,70,,259897,22,,,1
10800,'108-Weekday-4-26-09-1111100',545,,216432,22,,,1,60,,216433,22,,,1,20,,216434,22,,,1,22,,216487,22,,,1,10,,216435,22,,,1,50,,216489,22,,,1,10,,216436,22,,,1,10,,216437,22,,,1,10,,216439,22,,,1,10,,216438,22,,,1,10,,216441,22,,,1,50,,216442,22,,,1,10,,216440,22,,,1,16,,216490,22,,,1,17,,216491,22,,,1,57,,216443,22,,,1,20,,216444,22,,,1,20,,216445,22,,,1,60,,216446,22,,,1,20,,216447,22,,,1,20,,216448,22,,,1,60,,216449,22,,,1,20,,216450,22,,,1,20,,216451,22,,,1,60,,216452,22,,,1,20,,216453,22,,,1,20,,216454,22,,,1,60,,216455,22,,,1,20,,216456,22,,,1,20,,216457,22,,,1,60,,216458,22,,,1,20,,216459,22,,,1,20,,216496,22,,,1,10,,216497,22,,,1,51,,216498,22,,,1,10,,216499,22,,,1,10,,216460,22,,,1,10,,216461,22,,,1,10,,216462,22,,,1,10,,216492,22,,,1,50,,216463,22,,,1,10,,216464,22,,,1,10,,216493,22,,,1,10,,216465,22,,,1,10,,216466,22,,,1,10,,216494,22,,,1,50,,216467,22,,,1,10,,216468,22,,,1,10,,216470,22,,,1,10,,216469,22,,,1,17,,216495,22,,,1,58,,216471,22,,,1,20,,216472,22,,,1,18,,216473,22,,,1,60,,216474,22,,,1,20,,216475,22,,,1,20,,216476,22,,,1,60,,216477,22,,,1,20,,216478,22,,,1,20,,216479,22,,,1,60,,216480,22,,,1,20,,216481,22,,,1,20,,216482,22,,,1,60,,216488,22,,,1,30,,216483,22,,,1,70,,216484,22,,,1,30,,216485,22,,,1,70,,216486,22,,,1
10800,'108-Weekday-5-26-09-1111100',545,,259911,22,,,1,60,,259912,22,,,1,20,,259913,22,,,1,22,,259966,22,,,1,10,,259914,22,,,1,50,,259968,22,,,1,10,,259915,22,,,1,10,,259916,22,,,1,10,,259918,22,,,1,10,,259917,22,,,1,10,,259920,22,,,1,50,,259921,22,,,1,10,,259919,22,,,1,16,,259969,22,,,1,17,,259970,22,,,1,57,,259922,22,,,1,20,,259923,22,,,1,20,,259924,22,,,1,60,,259925,22,,,1,20,,259926,22,,,1,20,,259927,22,,,1,60,,259928,22,,,1,20,,259929,22,,,1,20,,259930,22,,,1,60,,259931,22,,,1,20,,259932,22,,,1,20,,259933,22,,,1,60,,259934,22,,,1,20,,259935,22,,,1,20,,259936,22,,,1,60,,259937,22,,,1,20,,259938,22,,,1,20,,259975,22,,,1,10,,259976,22,,,1,51,,259977,22,,,1,10,,259978,22,,,1,10,,259939,22,,,1,10,,259940,22,,,1,10,,259941,22,,,1,10,,259971,22,,,1,50,,259942,22,,,1,10,,259943,22,,,1,10,,259972,22,,,1,10,,259944,22,,,1,10,,259945,22,,,1,10,,259973,22,,,1,50,,259946,22,,,1,10,,259947,22,,,1,10,,259949,22,,,1,10,,259948,22,,,1,17,,259974,22,,,1,58,,259950,22,,,1,20,,259951,22,,,1,18,,259952,22,,,1,60,,259953,22,,,1,20,,259954,22,,,1,20,,259955,22,,,1,60,,259956,22,,,1,20,,259957,22,,,1,20,,259958,22,,,1,60,,259959,22,,,1,20,,259960,22,,,1,20,,259961,22,,,1,60,,259967,22,,,1,30,,259962,22,,,1,70,,259963,22,,,1,30,,259964,22,,,1,70,,259965,22,,,1
10800,'108-Weekday-6-26-09-1110100',1509,,259979,22,,,1
10800,'108-Weekday-6-26-09-1111100',545,,259980,22,,,1,60,,259981,22,,,1,20,,259982,22,,,1,22,,260035,22,,,1,10,,259983,22,,,1,50,,260037,22,,,1,10,,259984,22,,,1,10,,259985,22,,,1,10,,259987,22,,,1,10,,259986,22,,,1,10,,259989,22,,,1,50,,259990,22,,,1,2,,260044,22,,,1,8,,259988,22,,,1,16,,260038,22,,,1,17,,260039,22,,,1,57,,259991,22,,,1,20,,259992,22,,,1,20,,259993,22,,,1,60,,259994,22,,,1,20,,259995,22,,,1,20,,259996,22,,,1,60,,259997,22,,,1,20,,259998,22,,,1,20,,259999,22,,,1,60,,260000,22,,,1,20,,260001,22,,,1,20,,260002,22,,,1,60,,260003,22,,,1,20,,260004,22,,,1,20,,260005,22,,,1,60,,260006,22,,,1,20,,260007,22,,,1,20,,260045,22,,,1,10,,260046,22,,,1,51,,260047,22,,,1,10,,260048,22,,,1,10,,260008,22,,,1,10,,260009,22,,,1,10,,260010,22,,,1,10,,260040,22,,,1,50,,260011,22,,,1,10,,260012,22,,,1,10,,260041,22,,,1,10,,260013,22,,,1,10,,260014,22,,,1,10,,260042,22,,,1,50,,260015,22,,,1,10,,260016,22,,,1,10,,260018,22,,,1,10,,260017,22,,,1,17,,260043,22,,,1,58,,260019,22,,,1,20,,260020,22,,,1,18,,260021,22,,,1,60,,260022,22,,,1,20,,260023,22,,,1,20,,260024,22,,,1,60,,260025,22,,,1,20,,260026,22,,,1,20,,260027,22,,,1,60,,260028,22,,,1,20,,260029,22,,,1,20,,260030,22,,,1,60,,260036,22,,,1,30,,260031,22,,,1,70,,260032,22,,,1,30,,260033,22,,,1,70,,260034,22,,,1
10800,'108-Weekday-7-26-09-1111100',545,,260049,22,,,1,60,,260050,22,,,1,20,,260051,22,,,1,22,,260104,22,,,1,10,,260052,22,,,1,50,,260106,22,,,1,10,,260053,22,,,1,10,,260054,22,,,1,10,,260056,22,,,1,10,,260055,22,,,1,10,,260058,22,,,1,50,,260059,22,,,1,10,,260057,22,,,1,16,,260107,22,,,1,17,,260108,22,,,1,57,,260060,22,,,1,20,,260061,22,,,1,20,,260062,22,,,1,60,,260063,22,,,1,20,,260064,22,,,1,20,,260065,22,,,1,60,,260066,22,,,1,20,,260067,22,,,1,20,,260068,22,,,1,60,,260069,22,,,1,20,,260070,22,,,1,20,,260071,22,,,1,60,,260072,22,,,1,20,,260073,22,,,1,20,,260074,22,,,1,60,,260075,22,,,1,20,,260076,22,,,1,20,,260113,22,,,1,10,,260114,22,,,1,51,,260115,22,,,1,10,,260116,22,,,1,10,,260077,22,,,1,10,,260078,22,,,1,10,,260079,22,,,1,10,,260109,22,,,1,50,,260080,22,,,1,10,,260081,22,,,1,10,,260110,22,,,1,10,,260082,22,,,1,10,,260083,22,,,1,10,,260111,22,,,1,50,,260084,22,,,1,10,,260085,22,,,1,10,,260087,22,,,1,10,,260086,22,,,1,17,,260112,22,,,1,58,,260088,22,,,1,20,,260089,22,,,1,18,,260090,22,,,1,60,,260091,22,,,1,20,,260092,22,,,1,20,,260093,22,,,1,60,,260094,22,,,1,20,,260095,22,,,1,20,,260096,22,,,1,60,,260097,22,,,1,20,,260098,22,,,1,20,,260099,22,,,1,60,,260105,22,,,1,30,,260100,22,,,1,70,,260101,22,,,1,30,,260102,22,,,1,70,,260103,22,,,1
10800,'108-Saturday-1-26-09-0000010',550,,216500,22,,,1,70,,216501,22,,,1,30,,216502,22,,,1,70,,216503,22,,,1,30,,216504,22,,,1,70,,216505,22,,,1,27,,216506,22,,,1,69,,216507,22,,,1,30,,216508,22,,,1,70,,216509,22,,,1,30,,216510,22,,,1,70,,216511,22,,,1,30,,216512,22,,,1,70,,216513,22,,,1,30,,216514,22,,,1,70,,216515,22,,,1,30,,216516,22,,,1,70,,216517,22,,,1,30,,216518,22,,,1,70,,216519,22,,,1,30,,216520,22,,,1,70,,216521,22,,,1,32,,216522,22,,,1,71,,216523,22,,,1,30,,216524,22,,,1,70,,216525,22,,,1,30,,216526,22,,,1,70,,216527,22,,,1,30,,216528,22,,,1,70,,216529,22,,,1,30,,216530,22,,,1,70,,216531,22,,,1,30,,216532,22,,,1,70,,216533,22,,,1,28,,216534,22,,,1,70,,216535,22,,,1,30,,216536,22,,,1
10800,'108-Sunday-1-26-09-0000001',605,,216537,22,,,1,27,,216538,22,,,1,70,,216539,22,,,1,30,,216540,22,,,1,70,,216541,22,,,1,30,,216542,22,,,1,70,,216543,22,,,1,30,,216544,22,,,1,70,,216545,22,,,1,30,,216546,22,,,1,70,,216547,22,,,1,30,,216548,22,,,1,70,,216549,22,,,1,30,,216550,22,,,1,70,,216551,22,,,1,30,,216552,22,,,1,70,,216553,22,,,1,30,,216554,22,,,1,70,,216555,22,,,1,30,,216556,22,,,1,70,,216557,22,,,1,29,,216558,22,,,1,71,,216559,22,,,1,30,,216560,22,,,1,70,,216561,22,,,1,30,,216562,22,,,1,70,,216563,22,,,1,30,,216564,22,,,1,70,,216565,22,,,1,30,,216566,22,,,1,70,,216567,22,,,1,30,,216568,22,,,1,70,,216569,22,,,1,30,,216570,22,,,1,70,,216571,22,,,1,33,,216572,22,,,1,70,,216573,22,,,1
