91600,'916-Weekday-1-26-09-0001000',1458,,239928,9,,,1
91600,'916-Weekday-1-26-09-1111100',543,,239929,9,,,1,70,,239930,9,,,1,7,,239971,9,,,1,8,,239968,9,,,1,7,,239972,9,,,1,8,,239931,9,,,1,7,,239973,9,,,1,8,,239962,9,,,1,47,,239974,9,,,1,8,,239932,9,,,1,7,,239975,9,,,1,8,,239933,9,,,1,7,,239976,9,,,1,4,,239977,9,,,1,4,,239963,9,,,1,7,,239969,9,,,1,8,,239970,9,,,1,47,,239979,9,,,1,18,,239978,9,,,1,30,,239934,9,,,1,71,,239935,9,,,1,30,,239936,9,,,1,70,,239937,9,,,1,30,,239938,9,,,1,70,,239939,9,,,1,30,,239940,9,,,1,70,,239941,9,,,1,30,,239942,9,,,1,70,,239943,9,,,1,30,,239944,9,,,1,70,,239945,9,,,1,30,,239967,9,,,1,61,,239946,9,,,1,20,,239964,9,,,1,21,,239947,9,,,1,59,,239948,9,,,1,20,,239965,9,,,1,21,,239949,9,,,1,59,,239966,9,,,1,20,,239950,9,,,1,21,,239951,9,,,1,64,,239952,9,,,1,29,,239953,9,,,1,71,,239954,9,,,1,30,,239955,9,,,1,70,,239956,9,,,1,30,,239957,9,,,1,70,,239958,9,,,1,84,,239959,9,,,1,100,,239960,9,,,1,100,,239961,9,,,1
91600,'916-Weekday-2-26-09-1111100',543,,239980,9,,,1,70,,239981,9,,,1,7,,240022,9,,,1,8,,240019,9,,,1,7,,240023,9,,,1,8,,239982,9,,,1,7,,240024,9,,,1,8,,240013,9,,,1,47,,240025,9,,,1,8,,239983,9,,,1,7,,240026,9,,,1,8,,239984,9,,,1,7,,240027,9,,,1,4,,240028,9,,,1,4,,240014,9,,,1,7,,240020,9,,,1,8,,240021,9,,,1,47,,240030,9,,,1,18,,240029,9,,,1,30,,239985,9,,,1,71,,239986,9,,,1,30,,239987,9,,,1,70,,239988,9,,,1,30,,239989,9,,,1,70,,239990,9,,,1,30,,239991,9,,,1,70,,239992,9,,,1,30,,239993,9,,,1,70,,239994,9,,,1,30,,239995,9,,,1,70,,239996,9,,,1,30,,240018,9,,,1,61,,239997,9,,,1,20,,240015,9,,,1,21,,239998,9,,,1,59,,239999,9,,,1,20,,240016,9,,,1,21,,240000,9,,,1,59,,240017,9,,,1,20,,240001,9,,,1,21,,240002,9,,,1,64,,240003,9,,,1,29,,240004,9,,,1,71,,240005,9,,,1,30,,240006,9,,,1,70,,240007,9,,,1,30,,240008,9,,,1,70,,240009,9,,,1,84,,240010,9,,,1,100,,240011,9,,,1,100,,240012,9,,,1
91600,'916-Weekday-3-26-09-1111100',543,,282494,9,,,1,70,,282495,9,,,1,7,,282536,9,,,1,8,,282533,9,,,1,7,,282537,9,,,1,8,,282496,9,,,1,7,,282538,9,,,1,8,,282527,9,,,1,47,,282539,9,,,1,8,,282497,9,,,1,7,,282540,9,,,1,8,,282498,9,,,1,7,,282541,9,,,1,4,,282542,9,,,1,4,,282528,9,,,1,7,,282534,9,,,1,8,,282535,9,,,1,47,,282544,9,,,1,18,,282543,9,,,1,30,,282499,9,,,1,71,,282500,9,,,1,30,,282501,9,,,1,70,,282502,9,,,1,30,,282503,9,,,1,70,,282504,9,,,1,30,,282505,9,,,1,70,,282506,9,,,1,30,,282507,9,,,1,70,,282508,9,,,1,30,,282509,9,,,1,70,,282510,9,,,1,30,,282532,9,,,1,61,,282511,9,,,1,20,,282529,9,,,1,21,,282512,9,,,1,59,,282513,9,,,1,20,,282530,9,,,1,21,,282514,9,,,1,59,,282531,9,,,1,20,,282515,9,,,1,21,,282516,9,,,1,64,,282517,9,,,1,29,,282518,9,,,1,71,,282519,9,,,1,30,,282520,9,,,1,70,,282521,9,,,1,30,,282522,9,,,1,70,,282523,9,,,1,84,,282524,9,,,1,100,,282525,9,,,1,100,,282526,9,,,1
91600,'916-Weekday-4-26-09-1111100',543,,240031,9,,,1,70,,240032,9,,,1,7,,240073,9,,,1,8,,240070,9,,,1,7,,240074,9,,,1,8,,240033,9,,,1,7,,240075,9,,,1,8,,240064,9,,,1,47,,240076,9,,,1,8,,240034,9,,,1,7,,240077,9,,,1,8,,240035,9,,,1,7,,240078,9,,,1,8,,240065,9,,,1,7,,240071,9,,,1,8,,240072,9,,,1,47,,240080,9,,,1,18,,240079,9,,,1,30,,240036,9,,,1,71,,240037,9,,,1,30,,240038,9,,,1,70,,240039,9,,,1,30,,240040,9,,,1,70,,240041,9,,,1,30,,240042,9,,,1,70,,240043,9,,,1,30,,240044,9,,,1,70,,240045,9,,,1,30,,240046,9,,,1,70,,240047,9,,,1,30,,240069,9,,,1,61,,240048,9,,,1,20,,240066,9,,,1,21,,240049,9,,,1,59,,240050,9,,,1,20,,240067,9,,,1,21,,240051,9,,,1,59,,240068,9,,,1,20,,240052,9,,,1,21,,240053,9,,,1,64,,240054,9,,,1,29,,240055,9,,,1,71,,240056,9,,,1,30,,240057,9,,,1,70,,240058,9,,,1,30,,240059,9,,,1,70,,240060,9,,,1,84,,240061,9,,,1,100,,240062,9,,,1,100,,240063,9,,,1
91600,'916-Weekday-5-26-09-1111100',543,,282545,9,,,1,70,,282546,9,,,1,7,,282587,9,,,1,8,,282584,9,,,1,7,,282588,9,,,1,8,,282547,9,,,1,7,,282589,9,,,1,8,,282578,9,,,1,47,,282590,9,,,1,8,,282548,9,,,1,7,,282591,9,,,1,8,,282549,9,,,1,7,,282592,9,,,1,8,,282579,9,,,1,7,,282585,9,,,1,8,,282586,9,,,1,47,,282594,9,,,1,18,,282593,9,,,1,30,,282550,9,,,1,71,,282551,9,,,1,30,,282552,9,,,1,70,,282553,9,,,1,30,,282554,9,,,1,70,,282555,9,,,1,30,,282556,9,,,1,70,,282557,9,,,1,30,,282558,9,,,1,70,,282559,9,,,1,30,,282560,9,,,1,70,,282561,9,,,1,30,,282583,9,,,1,61,,282562,9,,,1,20,,282580,9,,,1,21,,282563,9,,,1,59,,282564,9,,,1,20,,282581,9,,,1,21,,282565,9,,,1,59,,282582,9,,,1,20,,282566,9,,,1,21,,282567,9,,,1,64,,282568,9,,,1,29,,282569,9,,,1,71,,282570,9,,,1,30,,282571,9,,,1,70,,282572,9,,,1,30,,282573,9,,,1,70,,282574,9,,,1,84,,282575,9,,,1,100,,282576,9,,,1,100,,282577,9,,,1
91600,'916-Weekday-6-26-09-1111100',543,,282595,9,,,1,70,,282596,9,,,1,7,,282637,9,,,1,8,,282634,9,,,1,7,,282638,9,,,1,8,,282597,9,,,1,7,,282639,9,,,1,8,,282628,9,,,1,47,,282640,9,,,1,8,,282598,9,,,1,7,,282641,9,,,1,8,,282599,9,,,1,7,,282642,9,,,1,4,,282643,9,,,1,4,,282629,9,,,1,7,,282635,9,,,1,8,,282636,9,,,1,47,,282645,9,,,1,18,,282644,9,,,1,30,,282600,9,,,1,71,,282601,9,,,1,30,,282602,9,,,1,70,,282603,9,,,1,30,,282604,9,,,1,70,,282605,9,,,1,30,,282606,9,,,1,70,,282607,9,,,1,30,,282608,9,,,1,70,,282609,9,,,1,30,,282610,9,,,1,70,,282611,9,,,1,30,,282633,9,,,1,61,,282612,9,,,1,20,,282630,9,,,1,21,,282613,9,,,1,59,,282614,9,,,1,20,,282631,9,,,1,21,,282615,9,,,1,59,,282632,9,,,1,20,,282616,9,,,1,21,,282617,9,,,1,64,,282618,9,,,1,29,,282619,9,,,1,71,,282620,9,,,1,30,,282621,9,,,1,70,,282622,9,,,1,30,,282623,9,,,1,70,,282624,9,,,1,84,,282625,9,,,1,100,,282626,9,,,1,100,,282627,9,,,1
91600,'916-Weekday-7-26-09-1111100',543,,282646,9,,,1,70,,282647,9,,,1,7,,282688,9,,,1,8,,282685,9,,,1,7,,282689,9,,,1,8,,282648,9,,,1,7,,282690,9,,,1,8,,282679,9,,,1,47,,282691,9,,,1,8,,282649,9,,,1,7,,282692,9,,,1,8,,282650,9,,,1,7,,282693,9,,,1,8,,282680,9,,,1,7,,282686,9,,,1,8,,282687,9,,,1,47,,282695,9,,,1,18,,282694,9,,,1,30,,282651,9,,,1,71,,282652,9,,,1,30,,282653,9,,,1,70,,282654,9,,,1,30,,282655,9,,,1,70,,282656,9,,,1,30,,282657,9,,,1,70,,282658,9,,,1,30,,282659,9,,,1,70,,282660,9,,,1,30,,282661,9,,,1,70,,282662,9,,,1,30,,282684,9,,,1,61,,282663,9,,,1,20,,282681,9,,,1,21,,282664,9,,,1,59,,282665,9,,,1,20,,282682,9,,,1,21,,282666,9,,,1,59,,282683,9,,,1,20,,282667,9,,,1,21,,282668,9,,,1,64,,282669,9,,,1,29,,282670,9,,,1,71,,282671,9,,,1,30,,282672,9,,,1,70,,282673,9,,,1,30,,282674,9,,,1,70,,282675,9,,,1,84,,282676,9,,,1,100,,282677,9,,,1,100,,282678,9,,,1
91600,'916-Saturday-1-26-09-0000010',604,,240081,9,,,1,100,,240082,9,,,1,100,,240083,9,,,1,30,,240084,9,,,1,68,,240085,9,,,1,31,,240086,9,,,1,70,,240087,9,,,1,30,,240088,9,,,1,70,,240089,9,,,1,30,,240090,9,,,1,70,,240091,9,,,1,30,,240092,9,,,1,70,,240093,9,,,1,30,,240094,9,,,1,70,,240095,9,,,1,30,,240096,9,,,1,70,,240097,9,,,1,30,,240098,9,,,1,70,,240099,9,,,1,30,,240100,9,,,1,72,,240101,9,,,1,30,,240102,9,,,1,70,,240103,9,,,1,30,,240104,9,,,1,70,,240105,9,,,1,100,,240106,9,,,1,100,,240107,9,,,1,100,,240108,9,,,1,100,,240109,9,,,1
91600,'916-Sunday-1-26-09-0000001',606,,240110,9,,,1,100,,240111,9,,,1,100,,240112,9,,,1,94,,240113,9,,,1,101,,240114,9,,,1,30,,240115,9,,,1,70,,240116,9,,,1,30,,240117,9,,,1,70,,240118,9,,,1,30,,240119,9,,,1,70,,240120,9,,,1,30,,240121,9,,,1,70,,240122,9,,,1,30,,240123,9,,,1,70,,240124,9,,,1,30,,240125,9,,,1,70,,240126,9,,,1,30,,240127,9,,,1,69,,240128,9,,,1,29,,240129,9,,,1,30,,240130,9,,,1,70,,240131,9,,,1,77,,240132,9,,,1,100,,240133,9,,,1,100,,240134,9,,,1,100,,240135,9,,,1,100,,240136,9,,,1
91700,'917-Weekday-1-26-09-1111100',504,,240339,9,,,1,30,,240340,9,,,1,70,,240376,9,,,1,15,,240374,9,,,1,16,,240380,9,,,1,15,,240341,9,,,1,55,,240342,9,,,1,15,,240367,9,,,1,15,,240378,9,,,1,15,,240343,9,,,1,55,,240344,9,,,1,15,,240368,9,,,1,15,,240381,9,,,1,15,,240377,9,,,1,57,,240379,9,,,1,30,,240345,9,,,1,70,,240346,9,,,1,30,,240347,9,,,1,70,,240348,9,,,1,30,,240349,9,,,1,70,,240350,9,,,1,30,,240351,9,,,1,70,,240352,9,,,1,30,,240353,9,,,1,70,,240364,9,,,1,30,,240369,9,,,1,70,,240370,9,,,1,29,,240371,9,,,1,70,,240354,9,,,1,30,,240372,9,,,1,70,,240373,9,,,1,30,,240366,9,,,1,70,,240355,9,,,1,29,,240356,9,,,1,72,,240357,9,,,1,29,,240358,9,,,1,70,,240359,9,,,1,30,,240360,9,,,1,70,,240361,9,,,1,30,,240362,9,,,1,70,,240375,9,,,1,100,,240365,9,,,1,100,,240363,9,,,1
91700,'917-Weekday-2-26-09-1111100',504,,240382,9,,,1,30,,240383,9,,,1,70,,240419,9,,,1,15,,240417,9,,,1,16,,240423,9,,,1,15,,240384,9,,,1,55,,240385,9,,,1,15,,240410,9,,,1,15,,240421,9,,,1,15,,240386,9,,,1,55,,240387,9,,,1,15,,240411,9,,,1,15,,240424,9,,,1,15,,240420,9,,,1,57,,240422,9,,,1,30,,240388,9,,,1,70,,240389,9,,,1,30,,240390,9,,,1,70,,240391,9,,,1,30,,240392,9,,,1,70,,240393,9,,,1,30,,240394,9,,,1,70,,240395,9,,,1,30,,240396,9,,,1,70,,240407,9,,,1,30,,240412,9,,,1,70,,240413,9,,,1,29,,240414,9,,,1,70,,240397,9,,,1,30,,240415,9,,,1,70,,240416,9,,,1,30,,240409,9,,,1,70,,240398,9,,,1,29,,240399,9,,,1,72,,240400,9,,,1,29,,240401,9,,,1,70,,240402,9,,,1,30,,240403,9,,,1,70,,240404,9,,,1,30,,240405,9,,,1,70,,240418,9,,,1,100,,240408,9,,,1,100,,240406,9,,,1
91700,'917-Weekday-3-26-09-1111100',504,,282887,9,,,1,30,,282888,9,,,1,70,,282924,9,,,1,15,,282922,9,,,1,16,,282928,9,,,1,15,,282889,9,,,1,55,,282890,9,,,1,15,,282915,9,,,1,15,,282926,9,,,1,15,,282891,9,,,1,55,,282892,9,,,1,15,,282916,9,,,1,15,,282929,9,,,1,15,,282925,9,,,1,57,,282927,9,,,1,30,,282893,9,,,1,70,,282894,9,,,1,30,,282895,9,,,1,70,,282896,9,,,1,30,,282897,9,,,1,70,,282898,9,,,1,30,,282899,9,,,1,70,,282900,9,,,1,30,,282901,9,,,1,70,,282912,9,,,1,30,,282917,9,,,1,70,,282918,9,,,1,29,,282919,9,,,1,70,,282902,9,,,1,30,,282920,9,,,1,70,,282921,9,,,1,30,,282914,9,,,1,70,,282903,9,,,1,29,,282904,9,,,1,72,,282905,9,,,1,29,,282906,9,,,1,70,,282907,9,,,1,30,,282908,9,,,1,70,,282909,9,,,1,30,,282910,9,,,1,70,,282923,9,,,1,100,,282913,9,,,1,100,,282911,9,,,1
91700,'917-Weekday-4-26-09-1111100',504,,240425,9,,,1,30,,240426,9,,,1,70,,240462,9,,,1,15,,240460,9,,,1,16,,240466,9,,,1,15,,240427,9,,,1,55,,240428,9,,,1,15,,240453,9,,,1,15,,240464,9,,,1,15,,240429,9,,,1,55,,240430,9,,,1,15,,240454,9,,,1,15,,240467,9,,,1,15,,240463,9,,,1,57,,240465,9,,,1,30,,240431,9,,,1,70,,240432,9,,,1,30,,240433,9,,,1,70,,240434,9,,,1,30,,240435,9,,,1,70,,240436,9,,,1,30,,240437,9,,,1,70,,240438,9,,,1,30,,240439,9,,,1,70,,240450,9,,,1,30,,240455,9,,,1,70,,240456,9,,,1,29,,240457,9,,,1,70,,240440,9,,,1,30,,240458,9,,,1,70,,240459,9,,,1,30,,240452,9,,,1,70,,240441,9,,,1,29,,240442,9,,,1,72,,240443,9,,,1,29,,240444,9,,,1,70,,240445,9,,,1,30,,240446,9,,,1,70,,240447,9,,,1,30,,240448,9,,,1,70,,240461,9,,,1,100,,240451,9,,,1,100,,240449,9,,,1
91700,'917-Weekday-5-26-09-1111100',504,,282930,9,,,1,30,,282931,9,,,1,70,,282967,9,,,1,15,,282965,9,,,1,16,,282971,9,,,1,15,,282932,9,,,1,55,,282933,9,,,1,15,,282958,9,,,1,15,,282969,9,,,1,15,,282934,9,,,1,55,,282935,9,,,1,15,,282959,9,,,1,15,,282972,9,,,1,15,,282968,9,,,1,57,,282970,9,,,1,30,,282936,9,,,1,70,,282937,9,,,1,30,,282938,9,,,1,70,,282939,9,,,1,30,,282940,9,,,1,70,,282941,9,,,1,30,,282942,9,,,1,70,,282943,9,,,1,30,,282944,9,,,1,70,,282955,9,,,1,30,,282960,9,,,1,70,,282961,9,,,1,29,,282962,9,,,1,70,,282945,9,,,1,30,,282963,9,,,1,70,,282964,9,,,1,30,,282957,9,,,1,70,,282946,9,,,1,29,,282947,9,,,1,72,,282948,9,,,1,29,,282949,9,,,1,70,,282950,9,,,1,30,,282951,9,,,1,70,,282952,9,,,1,30,,282953,9,,,1,70,,282966,9,,,1,100,,282956,9,,,1,100,,282954,9,,,1
91700,'917-Weekday-6-26-09-1111100',504,,282973,9,,,1,30,,282974,9,,,1,70,,283010,9,,,1,15,,283008,9,,,1,16,,283014,9,,,1,15,,282975,9,,,1,55,,282976,9,,,1,15,,283001,9,,,1,15,,283012,9,,,1,15,,282977,9,,,1,55,,282978,9,,,1,15,,283002,9,,,1,15,,283015,9,,,1,15,,283011,9,,,1,57,,283013,9,,,1,30,,282979,9,,,1,70,,282980,9,,,1,30,,282981,9,,,1,70,,282982,9,,,1,30,,282983,9,,,1,70,,282984,9,,,1,30,,282985,9,,,1,70,,282986,9,,,1,30,,282987,9,,,1,70,,282998,9,,,1,30,,283003,9,,,1,70,,283004,9,,,1,29,,283005,9,,,1,70,,282988,9,,,1,30,,283006,9,,,1,70,,283007,9,,,1,30,,283000,9,,,1,70,,282989,9,,,1,29,,282990,9,,,1,72,,282991,9,,,1,29,,282992,9,,,1,70,,282993,9,,,1,30,,282994,9,,,1,70,,282995,9,,,1,30,,282996,9,,,1,70,,283009,9,,,1,100,,282999,9,,,1,100,,282997,9,,,1
91700,'917-Weekday-7-26-09-1111100',504,,283016,9,,,1,30,,283017,9,,,1,70,,283053,9,,,1,15,,283051,9,,,1,16,,283057,9,,,1,15,,283018,9,,,1,55,,283019,9,,,1,15,,283044,9,,,1,15,,283055,9,,,1,15,,283020,9,,,1,55,,283021,9,,,1,15,,283045,9,,,1,15,,283058,9,,,1,15,,283054,9,,,1,57,,283056,9,,,1,30,,283022,9,,,1,70,,283023,9,,,1,30,,283024,9,,,1,70,,283025,9,,,1,30,,283026,9,,,1,70,,283027,9,,,1,30,,283028,9,,,1,70,,283029,9,,,1,30,,283030,9,,,1,70,,283041,9,,,1,30,,283046,9,,,1,70,,283047,9,,,1,29,,283048,9,,,1,70,,283031,9,,,1,30,,283049,9,,,1,70,,283050,9,,,1,30,,283043,9,,,1,70,,283032,9,,,1,29,,283033,9,,,1,72,,283034,9,,,1,29,,283035,9,,,1,70,,283036,9,,,1,30,,283037,9,,,1,70,,283038,9,,,1,30,,283039,9,,,1,70,,283052,9,,,1,100,,283042,9,,,1,100,,283040,9,,,1
91700,'917-Saturday-1-26-09-0000010',551,,240468,9,,,1,100,,240469,9,,,1,100,,240493,9,,,1,70,,240494,9,,,1,27,,240495,9,,,1,68,,240471,9,,,1,30,,240472,9,,,1,70,,240473,9,,,1,30,,240474,9,,,1,70,,240475,9,,,1,30,,240476,9,,,1,70,,240477,9,,,1,30,,240478,9,,,1,70,,240479,9,,,1,30,,240480,9,,,1,70,,240481,9,,,1,30,,240482,9,,,1,70,,240483,9,,,1,30,,240484,9,,,1,70,,240485,9,,,1,31,,240489,9,,,1,72,,240490,9,,,1,30,,240491,9,,,1,70,,240470,9,,,1,30,,240486,9,,,1,70,,240492,9,,,1,100,,240488,9,,,1,100,,240487,9,,,1
91700,'917-Sunday-1-26-09-0000001',551,,240496,9,,,1,100,,240497,9,,,1,100,,240498,9,,,1,97,,240499,9,,,1,100,,240500,9,,,1,70,,240501,9,,,1,30,,240502,9,,,1,70,,240503,9,,,1,30,,240504,9,,,1,70,,240505,9,,,1,30,,240506,9,,,1,70,,240507,9,,,1,30,,240508,9,,,1,70,,240509,9,,,1,30,,240510,9,,,1,70,,240511,9,,,1,30,,240512,9,,,1,70,,240513,9,,,1,32,,240514,9,,,1,70,,240515,9,,,1,30,,240516,9,,,1,70,,240517,9,,,1,30,,240518,9,,,1,100,,240519,9,,,1,100,,240520,9,,,1
92600,'926-Weekday-1-26-09-1111100',606,,242483,9,,,1,20,,242484,9,,,1,21,,242485,9,,,1,60,,242486,9,,,1,10,,242488,9,,,1,10,,242489,9,,,1,20,,242490,9,,,1,60,,242491,9,,,1,20,,242492,9,,,1,20,,242493,9,,,1,63,,242494,9,,,1,24,,242495,9,,,1,70,,242496,9,,,1,30,,242497,9,,,1,70,,242498,9,,,1,30,,242499,9,,,1,70,,242500,9,,,1,30,,242501,9,,,1,70,,242502,9,,,1,30,,242503,9,,,1,70,,242504,9,,,1,30,,242505,9,,,1,20,,242506,9,,,1,61,,242507,9,,,1,20,,242508,9,,,1,20,,242509,9,,,1,60,,242510,9,,,1,20,,242511,9,,,1,20,,242512,9,,,1,60,,242513,9,,,1,20,,242514,9,,,1,20,,242515,9,,,1,60,,242516,9,,,1,19,,242517,9,,,1,73,,242518,9,,,1,30,,242519,9,,,1,70,,242520,9,,,1,30,,242521,9,,,1,70,,242522,9,,,1,30,,242523,9,,,1,70,,242524,9,,,1
92600,'926-Weekday-2-26-09-1111100',606,,242525,9,,,1,20,,242526,9,,,1,21,,242527,9,,,1,60,,242528,9,,,1,10,,242530,9,,,1,10,,242531,9,,,1,20,,242532,9,,,1,60,,242533,9,,,1,20,,242534,9,,,1,20,,242535,9,,,1,63,,242536,9,,,1,24,,242537,9,,,1,70,,242538,9,,,1,30,,242539,9,,,1,70,,242540,9,,,1,30,,242541,9,,,1,70,,242542,9,,,1,30,,242543,9,,,1,70,,242544,9,,,1,30,,242545,9,,,1,70,,242546,9,,,1,30,,242547,9,,,1,20,,242548,9,,,1,61,,242549,9,,,1,20,,242550,9,,,1,20,,242551,9,,,1,60,,242552,9,,,1,20,,242553,9,,,1,20,,242554,9,,,1,60,,242555,9,,,1,20,,242556,9,,,1,20,,242557,9,,,1,60,,242558,9,,,1,19,,242559,9,,,1,73,,242560,9,,,1,30,,242561,9,,,1,70,,242562,9,,,1,30,,242563,9,,,1,70,,242564,9,,,1,30,,242565,9,,,1,70,,242566,9,,,1
92600,'926-Weekday-3-26-09-1111100',606,,285007,9,,,1,20,,285008,9,,,1,21,,285009,9,,,1,60,,285010,9,,,1,10,,285012,9,,,1,10,,285013,9,,,1,20,,285014,9,,,1,60,,285015,9,,,1,20,,285016,9,,,1,20,,285017,9,,,1,63,,285018,9,,,1,24,,285019,9,,,1,70,,285020,9,,,1,30,,285021,9,,,1,70,,285022,9,,,1,30,,285023,9,,,1,70,,285024,9,,,1,30,,285025,9,,,1,70,,285026,9,,,1,30,,285027,9,,,1,70,,285028,9,,,1,30,,285029,9,,,1,20,,285030,9,,,1,61,,285031,9,,,1,20,,285032,9,,,1,20,,285033,9,,,1,60,,285034,9,,,1,20,,285035,9,,,1,20,,285036,9,,,1,60,,285037,9,,,1,20,,285038,9,,,1,20,,285039,9,,,1,60,,285040,9,,,1,19,,285041,9,,,1,73,,285042,9,,,1,30,,285043,9,,,1,70,,285044,9,,,1,30,,285045,9,,,1,70,,285046,9,,,1,30,,285047,9,,,1,70,,285048,9,,,1
92600,'926-Weekday-4-26-09-1111100',606,,242567,9,,,1,20,,242568,9,,,1,21,,242569,9,,,1,60,,242570,9,,,1,20,,242572,9,,,1,20,,242573,9,,,1,60,,242574,9,,,1,20,,242575,9,,,1,20,,242576,9,,,1,63,,242577,9,,,1,24,,242578,9,,,1,70,,242579,9,,,1,30,,242580,9,,,1,70,,242581,9,,,1,30,,242582,9,,,1,70,,242583,9,,,1,30,,242584,9,,,1,70,,242585,9,,,1,30,,242586,9,,,1,70,,242587,9,,,1,30,,242588,9,,,1,20,,242589,9,,,1,61,,242590,9,,,1,20,,242591,9,,,1,20,,242592,9,,,1,60,,242593,9,,,1,20,,242594,9,,,1,20,,242595,9,,,1,60,,242596,9,,,1,20,,242597,9,,,1,20,,242598,9,,,1,60,,242599,9,,,1,19,,242600,9,,,1,73,,242601,9,,,1,30,,242602,9,,,1,70,,242603,9,,,1,30,,242604,9,,,1,70,,242605,9,,,1,30,,242606,9,,,1,70,,242607,9,,,1
92600,'926-Weekday-5-26-09-1111100',606,,285049,9,,,1,20,,285050,9,,,1,21,,285051,9,,,1,60,,285052,9,,,1,20,,285054,9,,,1,20,,285055,9,,,1,60,,285056,9,,,1,20,,285057,9,,,1,20,,285058,9,,,1,63,,285059,9,,,1,24,,285060,9,,,1,70,,285061,9,,,1,30,,285062,9,,,1,70,,285063,9,,,1,30,,285064,9,,,1,70,,285065,9,,,1,30,,285066,9,,,1,70,,285067,9,,,1,30,,285068,9,,,1,70,,285069,9,,,1,30,,285070,9,,,1,20,,285071,9,,,1,61,,285072,9,,,1,20,,285073,9,,,1,20,,285074,9,,,1,60,,285075,9,,,1,20,,285076,9,,,1,20,,285077,9,,,1,60,,285078,9,,,1,20,,285079,9,,,1,20,,285080,9,,,1,60,,285081,9,,,1,19,,285082,9,,,1,73,,285083,9,,,1,30,,285084,9,,,1,70,,285085,9,,,1,30,,285086,9,,,1,70,,285087,9,,,1,30,,285088,9,,,1,70,,285089,9,,,1
92600,'926-Weekday-6-26-09-1111100',606,,285090,9,,,1,20,,285091,9,,,1,21,,285092,9,,,1,60,,285093,9,,,1,10,,285095,9,,,1,10,,285096,9,,,1,20,,285097,9,,,1,60,,285098,9,,,1,20,,285099,9,,,1,20,,285100,9,,,1,63,,285101,9,,,1,24,,285102,9,,,1,70,,285103,9,,,1,30,,285104,9,,,1,70,,285105,9,,,1,30,,285106,9,,,1,70,,285107,9,,,1,30,,285108,9,,,1,70,,285109,9,,,1,30,,285110,9,,,1,70,,285111,9,,,1,30,,285112,9,,,1,20,,285113,9,,,1,61,,285114,9,,,1,20,,285115,9,,,1,20,,285116,9,,,1,60,,285117,9,,,1,20,,285118,9,,,1,20,,285119,9,,,1,60,,285120,9,,,1,20,,285121,9,,,1,20,,285122,9,,,1,60,,285123,9,,,1,19,,285124,9,,,1,73,,285125,9,,,1,30,,285126,9,,,1,70,,285127,9,,,1,30,,285128,9,,,1,70,,285129,9,,,1,30,,285130,9,,,1,70,,285131,9,,,1
92600,'926-Weekday-7-26-09-1111100',606,,285132,9,,,1,20,,285133,9,,,1,21,,285134,9,,,1,60,,285135,9,,,1,20,,285137,9,,,1,20,,285138,9,,,1,60,,285139,9,,,1,20,,285140,9,,,1,20,,285141,9,,,1,63,,285142,9,,,1,24,,285143,9,,,1,70,,285144,9,,,1,30,,285145,9,,,1,70,,285146,9,,,1,30,,285147,9,,,1,70,,285148,9,,,1,30,,285149,9,,,1,70,,285150,9,,,1,30,,285151,9,,,1,70,,285152,9,,,1,30,,285153,9,,,1,20,,285154,9,,,1,61,,285155,9,,,1,20,,285156,9,,,1,20,,285157,9,,,1,60,,285158,9,,,1,20,,285159,9,,,1,20,,285160,9,,,1,60,,285161,9,,,1,20,,285162,9,,,1,20,,285163,9,,,1,60,,285164,9,,,1,19,,285165,9,,,1,73,,285166,9,,,1,30,,285167,9,,,1,70,,285168,9,,,1,30,,285169,9,,,1,70,,285170,9,,,1,30,,285171,9,,,1,70,,285172,9,,,1
92600,'926-Saturday-1-26-09-0000010',801,,242608,9,,,1,30,,242609,9,,,1,71,,242610,9,,,1,30,,242611,9,,,1,70,,242612,9,,,1,30,,242613,9,,,1,70,,242614,9,,,1,30,,242615,9,,,1,70,,242616,9,,,1,30,,242617,9,,,1,70,,242618,9,,,1,30,,242619,9,,,1,70,,242620,9,,,1,30,,242621,9,,,1,70,,242622,9,,,1,30,,242623,9,,,1,70,,242624,9,,,1,30,,242625,9,,,1,69,,242626,9,,,1,30,,242627,9,,,1,70,,242628,9,,,1,30,,242629,9,,,1,70,,242630,9,,,1
92600,'926-Sunday-1-26-09-0000001',1004,,242631,9,,,1,30,,242632,9,,,1,70,,242633,9,,,1,30,,242634,9,,,1,70,,242635,9,,,1,30,,242636,9,,,1,70,,242637,9,,,1,30,,242638,9,,,1,70,,242639,9,,,1,31,,242640,9,,,1,69,,242641,9,,,1,30,,242642,9,,,1,70,,242643,9,,,1,30,,242644,9,,,1,69,,242645,9,,,1,30,,242646,9,,,1,70,,242647,9,,,1,30,,242648,9,,,1,70,,242649,9,,,1
24093001,'930X-Weekday-1-26-09-1111100',1536,,246450,3,,,1,15,,246451,3,,,1,55,,246458,3,,,1,15,,246452,3,,,1,15,,246453,3,,,1,15,,246454,3,,,1,55,,246459,3,,,1,15,,246455,3,,,1,15,,246456,3,,,1,15,,246457,3,,,1,55,,246460,3,,,1
24093001,'930X-Weekday-2-26-09-1111100',1536,,246461,3,,,1,15,,246462,3,,,1,55,,246469,3,,,1,15,,246463,3,,,1,15,,246464,3,,,1,15,,246465,3,,,1,55,,246470,3,,,1,15,,246466,3,,,1,15,,246467,3,,,1,15,,246468,3,,,1,55,,246471,3,,,1
24093001,'930X-Weekday-3-26-09-1111100',1536,,289310,3,,,1,15,,289311,3,,,1,55,,289318,3,,,1,15,,289312,3,,,1,15,,289313,3,,,1,15,,289314,3,,,1,55,,289319,3,,,1,15,,289315,3,,,1,15,,289316,3,,,1,15,,289317,3,,,1,55,,289320,3,,,1
24093001,'930X-Weekday-4-26-09-1111100',1536,,246472,3,,,1,15,,246473,3,,,1,55,,246480,3,,,1,15,,246474,3,,,1,15,,246475,3,,,1,15,,246476,3,,,1,55,,246481,3,,,1,15,,246477,3,,,1,15,,246478,3,,,1,15,,246479,3,,,1,55,,246482,3,,,1
24093001,'930X-Weekday-5-26-09-1111100',1536,,289321,3,,,1,15,,289322,3,,,1,55,,289329,3,,,1,15,,289323,3,,,1,15,,289324,3,,,1,15,,289325,3,,,1,55,,289330,3,,,1,15,,289326,3,,,1,15,,289327,3,,,1,15,,289328,3,,,1,55,,289331,3,,,1
24093001,'930X-Weekday-6-26-09-1111100',1536,,289332,3,,,1,15,,289333,3,,,1,55,,289340,3,,,1,15,,289334,3,,,1,15,,289335,3,,,1,15,,289336,3,,,1,55,,289341,3,,,1,15,,289337,3,,,1,15,,289338,3,,,1,15,,289339,3,,,1,55,,289342,3,,,1
24093001,'930X-Weekday-7-26-09-1111100',1536,,289343,3,,,1,15,,289344,3,,,1,55,,289351,3,,,1,15,,289345,3,,,1,15,,289346,3,,,1,15,,289347,3,,,1,55,,289352,3,,,1,15,,289348,3,,,1,15,,289349,3,,,1,15,,289350,3,,,1,55,,289353,3,,,1
