51601,'516-Weekday-1-26-09-1111100',532,,224362,19,,,1,70,,224363,19,,,1,34,,224364,19,,,1,13,,224365,19,,,1,52,,224389,19,,,1,12,,224366,19,,,1,6,,224424,10,,,1,6,,224367,19,,,1,6,,224425,10,,,1,6,,224390,19,,,1,6,,224426,10,,,1,6,,224391,19,,,1,6,,224427,10,,,1,46,,224392,19,,,1,6,,224428,10,,,1,6,,224393,19,,,1,6,,224429,10,,,1,6,,224394,19,,,1,6,,224430,10,,,1,6,,224395,19,,,1,12,,224368,19,,,1,59,,224369,19,,,1,20,,224370,19,,,1,19,,224406,19,,,1,60,,224407,19,,,1,20,,224408,19,,,1,20,,224409,19,,,1,60,,224410,19,,,1,20,,224411,19,,,1,20,,224412,19,,,1,60,,224413,19,,,1,20,,224414,19,,,1,20,,224415,19,,,1,60,,224416,19,,,1,20,,224417,19,,,1,20,,224418,19,,,1,60,,224419,19,,,1,20,,224420,19,,,1,20,,224421,19,,,1,61,,224422,19,,,1,21,,224386,19,,,1,12,,224371,19,,,1,12,,224372,19,,,1,52,,224387,19,,,1,12,,224373,19,,,1,12,,224374,19,,,1,12,,224375,19,,,1,12,,224376,19,,,1,52,,224388,19,,,1,12,,224378,19,,,1,12,,224379,19,,,1,12,,224380,19,,,1,12,,224381,19,,,1,52,,224377,19,,,1,12,,224432,19,,,1,12,,224433,19,,,1,11,,224434,19,,,1,14,,224431,19,,,1,60,,224405,19,,,1,20,,224404,19,,,1,20,,224403,19,,,1,60,,224402,19,,,1,20,,224401,19,,,1,20,,224400,19,,,1,60,,224399,19,,,1,20,,224398,19,,,1,20,,224397,19,,,1,58,,224396,19,,,1,20,,224382,19,,,1,20,,224385,19,,,1,60,,224423,19,,,1,30,,224383,19,,,1,70,,224384,19,,,1
51601,'516-Weekday-2-26-09-1111100',532,,224435,19,,,1,70,,224436,19,,,1,34,,224437,19,,,1,13,,224438,19,,,1,52,,224462,19,,,1,12,,224439,19,,,1,6,,224497,10,,,1,6,,224440,19,,,1,6,,224498,10,,,1,6,,224463,19,,,1,6,,224499,10,,,1,6,,224464,19,,,1,6,,224500,10,,,1,46,,224465,19,,,1,6,,224501,10,,,1,6,,224466,19,,,1,6,,224502,10,,,1,6,,224467,19,,,1,6,,224503,10,,,1,6,,224468,19,,,1,12,,224441,19,,,1,59,,224442,19,,,1,20,,224443,19,,,1,19,,224479,19,,,1,60,,224480,19,,,1,20,,224481,19,,,1,20,,224482,19,,,1,60,,224483,19,,,1,20,,224484,19,,,1,20,,224485,19,,,1,60,,224486,19,,,1,20,,224487,19,,,1,20,,224488,19,,,1,60,,224489,19,,,1,20,,224490,19,,,1,20,,224491,19,,,1,60,,224492,19,,,1,20,,224493,19,,,1,20,,224494,19,,,1,61,,224495,19,,,1,21,,224459,19,,,1,12,,224444,19,,,1,12,,224445,19,,,1,52,,224460,19,,,1,12,,224446,19,,,1,12,,224447,19,,,1,12,,224448,19,,,1,12,,224449,19,,,1,52,,224461,19,,,1,12,,224451,19,,,1,12,,224452,19,,,1,12,,224453,19,,,1,12,,224454,19,,,1,52,,224450,19,,,1,12,,224505,19,,,1,12,,224506,19,,,1,11,,224507,19,,,1,14,,224504,19,,,1,60,,224478,19,,,1,20,,224477,19,,,1,20,,224476,19,,,1,60,,224475,19,,,1,20,,224474,19,,,1,20,,224473,19,,,1,60,,224472,19,,,1,20,,224471,19,,,1,20,,224470,19,,,1,58,,224469,19,,,1,20,,224455,19,,,1,20,,224458,19,,,1,60,,224496,19,,,1,30,,224456,19,,,1,70,,224457,19,,,1
51601,'516-Weekday-3-26-09-1111100',532,,267482,19,,,1,70,,267483,19,,,1,34,,267484,19,,,1,13,,267485,19,,,1,52,,267509,19,,,1,12,,267486,19,,,1,6,,267544,10,,,1,6,,267487,19,,,1,6,,267545,10,,,1,6,,267510,19,,,1,6,,267546,10,,,1,6,,267511,19,,,1,6,,267547,10,,,1,46,,267512,19,,,1,6,,267548,10,,,1,6,,267513,19,,,1,6,,267549,10,,,1,6,,267514,19,,,1,6,,267550,10,,,1,6,,267515,19,,,1,12,,267488,19,,,1,59,,267489,19,,,1,20,,267490,19,,,1,19,,267526,19,,,1,60,,267527,19,,,1,20,,267528,19,,,1,20,,267529,19,,,1,60,,267530,19,,,1,20,,267531,19,,,1,20,,267532,19,,,1,60,,267533,19,,,1,20,,267534,19,,,1,20,,267535,19,,,1,60,,267536,19,,,1,20,,267537,19,,,1,20,,267538,19,,,1,60,,267539,19,,,1,20,,267540,19,,,1,20,,267541,19,,,1,61,,267542,19,,,1,21,,267506,19,,,1,12,,267491,19,,,1,12,,267492,19,,,1,52,,267507,19,,,1,12,,267493,19,,,1,12,,267494,19,,,1,12,,267495,19,,,1,12,,267496,19,,,1,52,,267508,19,,,1,12,,267498,19,,,1,12,,267499,19,,,1,12,,267500,19,,,1,12,,267501,19,,,1,52,,267497,19,,,1,12,,267552,19,,,1,12,,267553,19,,,1,11,,267554,19,,,1,14,,267551,19,,,1,60,,267525,19,,,1,20,,267524,19,,,1,20,,267523,19,,,1,60,,267522,19,,,1,20,,267521,19,,,1,20,,267520,19,,,1,60,,267519,19,,,1,20,,267518,19,,,1,20,,267517,19,,,1,58,,267516,19,,,1,20,,267502,19,,,1,20,,267505,19,,,1,60,,267543,19,,,1,30,,267503,19,,,1,70,,267504,19,,,1
51601,'516-Weekday-4-26-09-1111100',532,,224508,19,,,1,70,,224509,19,,,1,34,,224510,19,,,1,13,,224511,19,,,1,52,,224535,19,,,1,12,,224512,19,,,1,6,,224570,10,,,1,6,,224513,19,,,1,6,,224571,10,,,1,6,,224536,19,,,1,6,,224572,10,,,1,6,,224537,19,,,1,6,,224573,10,,,1,46,,224538,19,,,1,6,,224574,10,,,1,6,,224539,19,,,1,6,,224575,10,,,1,6,,224540,19,,,1,6,,224576,10,,,1,6,,224541,19,,,1,12,,224514,19,,,1,59,,224515,19,,,1,20,,224516,19,,,1,19,,224552,19,,,1,60,,224553,19,,,1,20,,224554,19,,,1,20,,224555,19,,,1,60,,224556,19,,,1,20,,224557,19,,,1,20,,224558,19,,,1,60,,224559,19,,,1,20,,224560,19,,,1,20,,224561,19,,,1,60,,224562,19,,,1,20,,224563,19,,,1,20,,224564,19,,,1,60,,224565,19,,,1,20,,224566,19,,,1,20,,224567,19,,,1,61,,224568,19,,,1,21,,224532,19,,,1,12,,224517,19,,,1,12,,224518,19,,,1,52,,224533,19,,,1,12,,224519,19,,,1,12,,224520,19,,,1,12,,224521,19,,,1,12,,224522,19,,,1,52,,224534,19,,,1,12,,224524,19,,,1,12,,224525,19,,,1,12,,224526,19,,,1,12,,224527,19,,,1,52,,224523,19,,,1,12,,224578,19,,,1,12,,224579,19,,,1,11,,224580,19,,,1,14,,224577,19,,,1,60,,224551,19,,,1,20,,224550,19,,,1,20,,224549,19,,,1,60,,224548,19,,,1,20,,224547,19,,,1,20,,224546,19,,,1,60,,224545,19,,,1,20,,224544,19,,,1,20,,224543,19,,,1,58,,224542,19,,,1,20,,224528,19,,,1,20,,224531,19,,,1,60,,224569,19,,,1,30,,224529,19,,,1,70,,224530,19,,,1
51601,'516-Weekday-5-26-09-1111100',532,,267555,19,,,1,70,,267556,19,,,1,34,,267557,19,,,1,13,,267558,19,,,1,52,,267582,19,,,1,12,,267559,19,,,1,6,,267617,10,,,1,6,,267560,19,,,1,6,,267618,10,,,1,6,,267583,19,,,1,6,,267619,10,,,1,6,,267584,19,,,1,6,,267620,10,,,1,46,,267585,19,,,1,6,,267621,10,,,1,6,,267586,19,,,1,6,,267622,10,,,1,6,,267587,19,,,1,6,,267623,10,,,1,6,,267588,19,,,1,12,,267561,19,,,1,59,,267562,19,,,1,20,,267563,19,,,1,19,,267599,19,,,1,60,,267600,19,,,1,20,,267601,19,,,1,20,,267602,19,,,1,60,,267603,19,,,1,20,,267604,19,,,1,20,,267605,19,,,1,60,,267606,19,,,1,20,,267607,19,,,1,20,,267608,19,,,1,60,,267609,19,,,1,20,,267610,19,,,1,20,,267611,19,,,1,60,,267612,19,,,1,20,,267613,19,,,1,20,,267614,19,,,1,61,,267615,19,,,1,21,,267579,19,,,1,12,,267564,19,,,1,12,,267565,19,,,1,52,,267580,19,,,1,12,,267566,19,,,1,12,,267567,19,,,1,12,,267568,19,,,1,12,,267569,19,,,1,52,,267581,19,,,1,12,,267571,19,,,1,12,,267572,19,,,1,12,,267573,19,,,1,12,,267574,19,,,1,52,,267570,19,,,1,12,,267625,19,,,1,12,,267626,19,,,1,11,,267627,19,,,1,14,,267624,19,,,1,60,,267598,19,,,1,20,,267597,19,,,1,20,,267596,19,,,1,60,,267595,19,,,1,20,,267594,19,,,1,20,,267593,19,,,1,60,,267592,19,,,1,20,,267591,19,,,1,20,,267590,19,,,1,58,,267589,19,,,1,20,,267575,19,,,1,20,,267578,19,,,1,60,,267616,19,,,1,30,,267576,19,,,1,70,,267577,19,,,1
51601,'516-Weekday-6-26-09-1111100',532,,267628,19,,,1,70,,267629,19,,,1,34,,267630,19,,,1,13,,267631,19,,,1,52,,267655,19,,,1,12,,267632,19,,,1,6,,267690,10,,,1,6,,267633,19,,,1,6,,267691,10,,,1,6,,267656,19,,,1,6,,267692,10,,,1,6,,267657,19,,,1,6,,267693,10,,,1,46,,267658,19,,,1,6,,267694,10,,,1,6,,267659,19,,,1,6,,267695,10,,,1,6,,267660,19,,,1,6,,267696,10,,,1,6,,267661,19,,,1,12,,267634,19,,,1,59,,267635,19,,,1,20,,267636,19,,,1,19,,267672,19,,,1,60,,267673,19,,,1,20,,267674,19,,,1,20,,267675,19,,,1,60,,267676,19,,,1,20,,267677,19,,,1,20,,267678,19,,,1,60,,267679,19,,,1,20,,267680,19,,,1,20,,267681,19,,,1,60,,267682,19,,,1,20,,267683,19,,,1,20,,267684,19,,,1,60,,267685,19,,,1,20,,267686,19,,,1,20,,267687,19,,,1,61,,267688,19,,,1,21,,267652,19,,,1,12,,267637,19,,,1,12,,267638,19,,,1,52,,267653,19,,,1,12,,267639,19,,,1,12,,267640,19,,,1,12,,267641,19,,,1,12,,267642,19,,,1,52,,267654,19,,,1,12,,267644,19,,,1,12,,267645,19,,,1,12,,267646,19,,,1,12,,267647,19,,,1,52,,267643,19,,,1,12,,267698,19,,,1,12,,267699,19,,,1,11,,267700,19,,,1,14,,267697,19,,,1,60,,267671,19,,,1,20,,267670,19,,,1,20,,267669,19,,,1,60,,267668,19,,,1,20,,267667,19,,,1,20,,267666,19,,,1,60,,267665,19,,,1,20,,267664,19,,,1,20,,267663,19,,,1,58,,267662,19,,,1,20,,267648,19,,,1,20,,267651,19,,,1,60,,267689,19,,,1,30,,267649,19,,,1,70,,267650,19,,,1
51601,'516-Weekday-7-26-09-1111100',532,,267701,19,,,1,70,,267702,19,,,1,34,,267703,19,,,1,13,,267704,19,,,1,52,,267728,19,,,1,12,,267705,19,,,1,6,,267763,10,,,1,6,,267706,19,,,1,6,,267764,10,,,1,6,,267729,19,,,1,6,,267765,10,,,1,6,,267730,19,,,1,6,,267766,10,,,1,46,,267731,19,,,1,6,,267767,10,,,1,6,,267732,19,,,1,6,,267768,10,,,1,6,,267733,19,,,1,6,,267769,10,,,1,6,,267734,19,,,1,12,,267707,19,,,1,59,,267708,19,,,1,20,,267709,19,,,1,19,,267745,19,,,1,60,,267746,19,,,1,20,,267747,19,,,1,20,,267748,19,,,1,60,,267749,19,,,1,20,,267750,19,,,1,20,,267751,19,,,1,60,,267752,19,,,1,20,,267753,19,,,1,20,,267754,19,,,1,60,,267755,19,,,1,20,,267756,19,,,1,20,,267757,19,,,1,60,,267758,19,,,1,20,,267759,19,,,1,20,,267760,19,,,1,61,,267761,19,,,1,21,,267725,19,,,1,12,,267710,19,,,1,12,,267711,19,,,1,52,,267726,19,,,1,12,,267712,19,,,1,12,,267713,19,,,1,12,,267714,19,,,1,12,,267715,19,,,1,52,,267727,19,,,1,12,,267717,19,,,1,12,,267718,19,,,1,12,,267719,19,,,1,12,,267720,19,,,1,52,,267716,19,,,1,12,,267771,19,,,1,12,,267772,19,,,1,11,,267773,19,,,1,14,,267770,19,,,1,60,,267744,19,,,1,20,,267743,19,,,1,20,,267742,19,,,1,60,,267741,19,,,1,20,,267740,19,,,1,20,,267739,19,,,1,60,,267738,19,,,1,20,,267737,19,,,1,20,,267736,19,,,1,58,,267735,19,,,1,20,,267721,19,,,1,20,,267724,19,,,1,60,,267762,19,,,1,30,,267722,19,,,1,70,,267723,19,,,1
51601,'516-Saturday-1-26-09-0000010',621,,224582,19,,,1,20,,224583,19,,,1,60,,224584,19,,,1,20,,224585,19,,,1,20,,224586,19,,,1,60,,224587,19,,,1,20,,224581,19,,,1,15,,224588,19,,,1,15,,224589,19,,,1,54,,224590,19,,,1,16,,224591,19,,,1,15,,224592,19,,,1,15,,224593,19,,,1,55,,224594,19,,,1,15,,224595,19,,,1,15,,224596,19,,,1,15,,224597,19,,,1,55,,224598,19,,,1,15,,224599,19,,,1,15,,224600,19,,,1,15,,224601,19,,,1,55,,224602,19,,,1,15,,224603,19,,,1,15,,224604,19,,,1,15,,224605,19,,,1,55,,224606,19,,,1,15,,224607,19,,,1,15,,224608,19,,,1,15,,224609,19,,,1,55,,224610,19,,,1,15,,224611,19,,,1,15,,224612,19,,,1,15,,224613,19,,,1,55,,224614,19,,,1,15,,224615,19,,,1,15,,224616,19,,,1,15,,224617,19,,,1,55,,224618,19,,,1,15,,224619,19,,,1,15,,224620,19,,,1,16,,224621,19,,,1,54,,224622,19,,,1,15,,224623,19,,,1,15,,224624,19,,,1,15,,224625,19,,,1,55,,224626,19,,,1,15,,224627,19,,,1,15,,224628,19,,,1,15,,224629,19,,,1,55,,224630,19,,,1,17,,224631,19,,,1,20,,224632,19,,,1,60,,224633,19,,,1,20,,224634,19,,,1,20,,224635,19,,,1,60,,224636,19,,,1,20,,224637,19,,,1,20,,224638,19,,,1,60,,224639,19,,,1,30,,224640,19,,,1,70,,224641,19,,,1,30,,224642,19,,,1,70,,224643,19,,,1,30,,224644,19,,,1
51601,'516-Sunday-1-26-09-0000001',614,,224690,19,,,1,20,,224645,19,,,1,20,,224672,19,,,1,60,,224646,19,,,1,20,,224691,19,,,1,20,,224673,19,,,1,60,,224647,19,,,1,20,,224692,19,,,1,20,,224674,19,,,1,62,,224648,19,,,1,20,,224693,19,,,1,17,,224675,19,,,1,55,,224705,19,,,1,15,,224649,19,,,1,15,,224678,19,,,1,15,,224694,19,,,1,55,,224650,19,,,1,15,,224651,19,,,1,15,,224679,19,,,1,15,,224695,19,,,1,55,,224652,19,,,1,15,,224653,19,,,1,15,,224680,19,,,1,15,,224696,19,,,1,55,,224654,19,,,1,15,,224656,19,,,1,15,,224681,19,,,1,15,,224697,19,,,1,55,,224658,19,,,1,15,,224659,19,,,1,15,,224682,19,,,1,15,,224698,19,,,1,55,,224655,19,,,1,15,,224660,19,,,1,15,,224683,19,,,1,15,,224699,19,,,1,55,,224657,19,,,1,15,,224661,19,,,1,15,,224684,19,,,1,15,,224700,19,,,1,54,,224662,19,,,1,15,,224663,19,,,1,15,,224685,19,,,1,14,,224701,19,,,1,55,,224664,19,,,1,15,,224665,19,,,1,15,,224686,19,,,1,15,,224702,19,,,1,55,,224666,19,,,1,15,,224667,19,,,1,15,,224676,19,,,1,20,,224703,19,,,1,60,,224668,19,,,1,20,,224677,19,,,1,20,,224704,19,,,1,70,,224669,19,,,1,30,,224687,19,,,1,70,,224670,19,,,1,30,,224688,19,,,1,70,,224671,19,,,1,30,,224689,19,,,1
64701,'647-Weekday-1-26-09-1111100',1539,,227640,12,,,1
64701,'647-Weekday-3-26-09-1111100',1539,,227641,12,,,1
64701,'647-Weekday-7-26-09-1111100',1539,,270458,12,,,1
