200,'002-Weekday-1-26-09-1111100',447,,203603,4,0,34,1,60,,203604,4,0,34,1,20,,203605,4,0,34,1,20,,203606,4,0,34,1,60,,203607,4,0,34,1,10,,203687,4,0,34,1,11,,203688,4,0,34,1,10,,203689,4,0,34,1,10,,203677,4,0,34,1,10,,203676,4,0,34,1,50,,203678,4,0,34,1,10,,203679,4,0,34,1,10,,203680,4,0,34,1,10,,203681,4,0,34,1,10,,203682,4,0,34,1,6,,203690,4,0,31,1,4,,203683,4,0,34,1,50,,203684,4,0,34,1,10,,203685,4,0,34,1,10,,203686,4,0,34,1,10,,203675,4,0,34,1,10,,203608,4,0,34,1,54,,203609,4,0,34,1,15,,203610,4,0,34,1,15,,203611,4,0,34,1,15,,203612,4,0,34,1,55,,203613,4,0,34,1,15,,203614,4,0,34,1,15,,203615,4,0,34,1,15,,203616,4,0,34,1,55,,203617,4,0,34,1,15,,203618,4,0,34,1,15,,203619,4,0,34,1,15,,203620,4,0,34,1,55,,203621,4,0,34,1,15,,203622,4,0,34,1,15,,203623,4,0,34,1,15,,203624,4,0,34,1,55,,203625,4,0,34,1,15,,203626,4,0,34,1,15,,203627,4,0,34,1,15,,203628,4,0,34,1,55,,203629,4,0,34,1,15,,203630,4,0,34,1,12,,203631,4,0,34,1,12,,203632,4,0,34,1,12,,203633,4,0,34,1,53,,203634,4,0,34,1,12,,203635,4,0,34,1,12,,203636,4,0,34,1,12,,203637,4,0,34,1,12,,203638,4,0,34,1,52,,203639,4,0,34,1,12,,203640,4,0,34,1,12,,203641,4,0,34,1,15,,203642,4,0,34,1,55,,203643,4,0,34,1,16,,203644,4,0,34,1,16,,203645,4,0,34,1,16,,203646,4,0,34,1,55,,203647,4,0,34,1,15,,203648,4,0,34,1,14,,203649,4,0,34,1,15,,203650,4,0,34,1,55,,203651,4,0,34,1,15,,203652,4,0,34,1,15,,203653,4,0,34,1,15,,203654,4,0,34,1,55,,203655,4,0,34,1,15,,203656,4,0,34,1,15,,203657,4,0,34,1,15,,203658,4,0,34,1,55,,203659,4,0,34,1,15,,203660,4,0,34,1,15,,203661,4,0,34,1,15,,203662,4,0,34,1,54,,203663,4,0,34,1,15,,203664,4,0,34,1,18,,203665,4,0,34,1,20,,203666,4,0,34,1,60,,203667,4,0,34,1,19,,203668,4,0,34,1,70,,203669,4,0,34,1,30,,203670,4,0,28 37,1,70,,203671,4,0,28 37,1,30,,203672,4,0,28 37,1,70,,203673,4,0,28 37,1,30,,203674,4,0,28 37,1
200,'002-Weekday-2-26-09-1111100',447,,203691,4,0,34,1,60,,203692,4,0,34,1,20,,203693,4,0,34,1,20,,203694,4,0,34,1,60,,203695,4,0,34,1,10,,203775,4,0,34,1,11,,203776,4,0,34,1,10,,203777,4,0,34,1,10,,203765,4,0,34,1,10,,203764,4,0,34,1,50,,203766,4,0,34,1,10,,203767,4,0,34,1,10,,203768,4,0,34,1,10,,203769,4,0,34,1,10,,203770,4,0,34,1,6,,203778,4,0,31,1,4,,203771,4,0,34,1,50,,203772,4,0,34,1,10,,203773,4,0,34,1,10,,203774,4,0,34,1,10,,203763,4,0,34,1,10,,203696,4,0,34,1,54,,203697,4,0,34,1,15,,203698,4,0,34,1,15,,203699,4,0,34,1,15,,203700,4,0,34,1,55,,203701,4,0,34,1,15,,203702,4,0,34,1,15,,203703,4,0,34,1,15,,203704,4,0,34,1,55,,203705,4,0,34,1,15,,203706,4,0,34,1,15,,203707,4,0,34,1,15,,203708,4,0,34,1,55,,203709,4,0,34,1,15,,203710,4,0,34,1,15,,203711,4,0,34,1,15,,203712,4,0,34,1,55,,203713,4,0,34,1,15,,203714,4,0,34,1,15,,203715,4,0,34,1,15,,203716,4,0,34,1,55,,203717,4,0,34,1,15,,203718,4,0,34,1,12,,203719,4,0,34,1,12,,203720,4,0,34,1,12,,203721,4,0,34,1,53,,203722,4,0,34,1,12,,203723,4,0,34,1,12,,203724,4,0,34,1,12,,203725,4,0,34,1,12,,203726,4,0,34,1,52,,203727,4,0,34,1,12,,203728,4,0,34,1,12,,203729,4,0,34,1,15,,203730,4,0,34,1,55,,203731,4,0,34,1,16,,203732,4,0,34,1,16,,203733,4,0,34,1,16,,203734,4,0,34,1,55,,203735,4,0,34,1,15,,203736,4,0,34,1,14,,203737,4,0,34,1,15,,203738,4,0,34,1,55,,203739,4,0,34,1,15,,203740,4,0,34,1,15,,203741,4,0,34,1,15,,203742,4,0,34,1,55,,203743,4,0,34,1,15,,203744,4,0,34,1,15,,203745,4,0,34,1,15,,203746,4,0,34,1,55,,203747,4,0,34,1,15,,203748,4,0,34,1,15,,203749,4,0,34,1,15,,203750,4,0,34,1,54,,203751,4,0,34,1,15,,203752,4,0,34,1,18,,203753,4,0,34,1,20,,203754,4,0,34,1,60,,203755,4,0,34,1,19,,203756,4,0,34,1,70,,203757,4,0,34,1,30,,203758,4,0,28 37,1,70,,203759,4,0,28 37,1,30,,203760,4,0,28 37,1,70,,203761,4,0,28 37,1,30,,203762,4,0,28 37,1
200,'002-Weekday-3-26-09-1111100',447,,247676,4,0,34,1,60,,247677,4,0,34,1,20,,247678,4,0,34,1,20,,247679,4,0,34,1,60,,247680,4,0,34,1,10,,247760,4,0,34,1,11,,247761,4,0,34,1,10,,247762,4,0,34,1,10,,247750,4,0,34,1,10,,247749,4,0,34,1,50,,247751,4,0,34,1,10,,247752,4,0,34,1,10,,247753,4,0,34,1,10,,247754,4,0,34,1,10,,247755,4,0,34,1,6,,247763,4,0,31,1,4,,247756,4,0,34,1,50,,247757,4,0,34,1,10,,247758,4,0,34,1,10,,247759,4,0,34,1,10,,247748,4,0,34,1,10,,247681,4,0,34,1,54,,247682,4,0,34,1,15,,247683,4,0,34,1,15,,247684,4,0,34,1,15,,247685,4,0,34,1,55,,247686,4,0,34,1,15,,247687,4,0,34,1,15,,247688,4,0,34,1,15,,247689,4,0,34,1,55,,247690,4,0,34,1,15,,247691,4,0,34,1,15,,247692,4,0,34,1,15,,247693,4,0,34,1,55,,247694,4,0,34,1,15,,247695,4,0,34,1,15,,247696,4,0,34,1,15,,247697,4,0,34,1,55,,247698,4,0,34,1,15,,247699,4,0,34,1,15,,247700,4,0,34,1,15,,247701,4,0,34,1,55,,247702,4,0,34,1,15,,247703,4,0,34,1,12,,247704,4,0,34,1,12,,247705,4,0,34,1,12,,247706,4,0,34,1,53,,247707,4,0,34,1,12,,247708,4,0,34,1,12,,247709,4,0,34,1,12,,247710,4,0,34,1,12,,247711,4,0,34,1,52,,247712,4,0,34,1,12,,247713,4,0,34,1,12,,247714,4,0,34,1,15,,247715,4,0,34,1,55,,247716,4,0,34,1,16,,247717,4,0,34,1,16,,247718,4,0,34,1,16,,247719,4,0,34,1,55,,247720,4,0,34,1,15,,247721,4,0,34,1,14,,247722,4,0,34,1,15,,247723,4,0,34,1,55,,247724,4,0,34,1,15,,247725,4,0,34,1,15,,247726,4,0,34,1,15,,247727,4,0,34,1,55,,247728,4,0,34,1,15,,247729,4,0,34,1,15,,247730,4,0,34,1,15,,247731,4,0,34,1,55,,247732,4,0,34,1,15,,247733,4,0,34,1,15,,247734,4,0,34,1,15,,247735,4,0,34,1,54,,247736,4,0,34,1,15,,247737,4,0,34,1,18,,247738,4,0,34,1,20,,247739,4,0,34,1,60,,247740,4,0,34,1,19,,247741,4,0,34,1,70,,247742,4,0,34,1,30,,247743,4,0,28 37,1,70,,247744,4,0,28 37,1,30,,247745,4,0,28 37,1,70,,247746,4,0,28 37,1,30,,247747,4,0,28 37,1
200,'002-Weekday-4-26-09-1111100',447,,203779,4,0,34,1,60,,203780,4,0,34,1,20,,203781,4,0,34,1,20,,203782,4,0,34,1,60,,203783,4,0,34,1,10,,203863,4,0,34,1,11,,203864,4,0,34,1,10,,203865,4,0,34,1,10,,203853,4,0,34,1,10,,203852,4,0,34,1,50,,203854,4,0,34,1,10,,203855,4,0,34,1,10,,203856,4,0,34,1,10,,203857,4,0,34,1,10,,203858,4,0,34,1,10,,203859,4,0,34,1,50,,203860,4,0,34,1,10,,203861,4,0,34,1,10,,203862,4,0,34,1,10,,203851,4,0,34,1,10,,203784,4,0,34,1,54,,203785,4,0,34,1,15,,203786,4,0,34,1,15,,203787,4,0,34,1,15,,203788,4,0,34,1,55,,203789,4,0,34,1,15,,203790,4,0,34,1,15,,203791,4,0,34,1,15,,203792,4,0,34,1,55,,203793,4,0,34,1,15,,203794,4,0,34,1,15,,203795,4,0,34,1,15,,203796,4,0,34,1,55,,203797,4,0,34,1,15,,203798,4,0,34,1,15,,203799,4,0,34,1,15,,203800,4,0,34,1,55,,203801,4,0,34,1,15,,203802,4,0,34,1,15,,203803,4,0,34,1,15,,203804,4,0,34,1,55,,203805,4,0,34,1,15,,203806,4,0,34,1,12,,203807,4,0,34,1,12,,203808,4,0,34,1,12,,203809,4,0,34,1,53,,203810,4,0,34,1,12,,203811,4,0,34,1,12,,203812,4,0,34,1,12,,203813,4,0,34,1,12,,203814,4,0,34,1,52,,203815,4,0,34,1,12,,203816,4,0,34,1,12,,203817,4,0,34,1,15,,203818,4,0,34,1,55,,203819,4,0,34,1,16,,203820,4,0,34,1,16,,203821,4,0,34,1,16,,203822,4,0,34,1,55,,203823,4,0,34,1,15,,203824,4,0,34,1,14,,203825,4,0,34,1,15,,203826,4,0,34,1,55,,203827,4,0,34,1,15,,203828,4,0,34,1,15,,203829,4,0,34,1,15,,203830,4,0,34,1,55,,203831,4,0,34,1,15,,203832,4,0,34,1,15,,203833,4,0,34,1,15,,203834,4,0,34,1,55,,203835,4,0,34,1,15,,203836,4,0,34,1,15,,203837,4,0,34,1,15,,203838,4,0,34,1,54,,203839,4,0,34,1,15,,203840,4,0,34,1,18,,203841,4,0,34,1,20,,203842,4,0,34,1,60,,203843,4,0,34,1,19,,203844,4,0,34,1,70,,203845,4,0,34,1,30,,203846,4,0,28 37,1,70,,203847,4,0,28 37,1,30,,203848,4,0,28 37,1,70,,203849,4,0,28 37,1,30,,203850,4,0,28 37,1
200,'002-Weekday-5-26-09-1111100',447,,247764,4,0,34,1,60,,247765,4,0,34,1,20,,247766,4,0,34,1,20,,247767,4,0,34,1,60,,247768,4,0,34,1,10,,247848,4,0,34,1,11,,247849,4,0,34,1,10,,247850,4,0,34,1,10,,247838,4,0,34,1,10,,247837,4,0,34,1,50,,247839,4,0,34,1,10,,247840,4,0,34,1,10,,247841,4,0,34,1,10,,247842,4,0,34,1,10,,247843,4,0,34,1,10,,247844,4,0,34,1,50,,247845,4,0,34,1,10,,247846,4,0,34,1,10,,247847,4,0,34,1,10,,247836,4,0,34,1,10,,247769,4,0,34,1,54,,247770,4,0,34,1,15,,247771,4,0,34,1,15,,247772,4,0,34,1,15,,247773,4,0,34,1,55,,247774,4,0,34,1,15,,247775,4,0,34,1,15,,247776,4,0,34,1,15,,247777,4,0,34,1,55,,247778,4,0,34,1,15,,247779,4,0,34,1,15,,247780,4,0,34,1,15,,247781,4,0,34,1,55,,247782,4,0,34,1,15,,247783,4,0,34,1,15,,247784,4,0,34,1,15,,247785,4,0,34,1,55,,247786,4,0,34,1,15,,247787,4,0,34,1,15,,247788,4,0,34,1,15,,247789,4,0,34,1,55,,247790,4,0,34,1,15,,247791,4,0,34,1,12,,247792,4,0,34,1,12,,247793,4,0,34,1,12,,247794,4,0,34,1,53,,247795,4,0,34,1,12,,247796,4,0,34,1,12,,247797,4,0,34,1,12,,247798,4,0,34,1,12,,247799,4,0,34,1,52,,247800,4,0,34,1,12,,247801,4,0,34,1,12,,247802,4,0,34,1,15,,247803,4,0,34,1,55,,247804,4,0,34,1,16,,247805,4,0,34,1,16,,247806,4,0,34,1,16,,247807,4,0,34,1,55,,247808,4,0,34,1,15,,247809,4,0,34,1,14,,247810,4,0,34,1,15,,247811,4,0,34,1,55,,247812,4,0,34,1,15,,247813,4,0,34,1,15,,247814,4,0,34,1,15,,247815,4,0,34,1,55,,247816,4,0,34,1,15,,247817,4,0,34,1,15,,247818,4,0,34,1,15,,247819,4,0,34,1,55,,247820,4,0,34,1,15,,247821,4,0,34,1,15,,247822,4,0,34,1,15,,247823,4,0,34,1,54,,247824,4,0,34,1,15,,247825,4,0,34,1,18,,247826,4,0,34,1,20,,247827,4,0,34,1,60,,247828,4,0,34,1,19,,247829,4,0,34,1,70,,247830,4,0,34,1,30,,247831,4,0,28 37,1,70,,247832,4,0,28 37,1,30,,247833,4,0,28 37,1,70,,247834,4,0,28 37,1,30,,247835,4,0,28 37,1
200,'002-Weekday-6-26-09-1111100',447,,247851,4,0,34,1,60,,247852,4,0,34,1,20,,247853,4,0,34,1,20,,247854,4,0,34,1,60,,247855,4,0,34,1,10,,247935,4,0,34,1,11,,247936,4,0,34,1,10,,247937,4,0,34,1,10,,247925,4,0,34,1,10,,247924,4,0,34,1,50,,247926,4,0,34,1,10,,247927,4,0,34,1,10,,247928,4,0,34,1,10,,247929,4,0,34,1,10,,247930,4,0,34,1,6,,247938,4,0,31,1,4,,247931,4,0,34,1,50,,247932,4,0,34,1,10,,247933,4,0,34,1,10,,247934,4,0,34,1,10,,247923,4,0,34,1,10,,247856,4,0,34,1,54,,247857,4,0,34,1,15,,247858,4,0,34,1,15,,247859,4,0,34,1,15,,247860,4,0,34,1,55,,247861,4,0,34,1,15,,247862,4,0,34,1,15,,247863,4,0,34,1,15,,247864,4,0,34,1,55,,247865,4,0,34,1,15,,247866,4,0,34,1,15,,247867,4,0,34,1,15,,247868,4,0,34,1,55,,247869,4,0,34,1,15,,247870,4,0,34,1,15,,247871,4,0,34,1,15,,247872,4,0,34,1,55,,247873,4,0,34,1,15,,247874,4,0,34,1,15,,247875,4,0,34,1,15,,247876,4,0,34,1,55,,247877,4,0,34,1,15,,247878,4,0,34,1,12,,247879,4,0,34,1,12,,247880,4,0,34,1,12,,247881,4,0,34,1,53,,247882,4,0,34,1,12,,247883,4,0,34,1,12,,247884,4,0,34,1,12,,247885,4,0,34,1,12,,247886,4,0,34,1,52,,247887,4,0,34,1,12,,247888,4,0,34,1,12,,247889,4,0,34,1,15,,247890,4,0,34,1,55,,247891,4,0,34,1,16,,247892,4,0,34,1,16,,247893,4,0,34,1,16,,247894,4,0,34,1,55,,247895,4,0,34,1,15,,247896,4,0,34,1,14,,247897,4,0,34,1,15,,247898,4,0,34,1,55,,247899,4,0,34,1,15,,247900,4,0,34,1,15,,247901,4,0,34,1,15,,247902,4,0,34,1,55,,247903,4,0,34,1,15,,247904,4,0,34,1,15,,247905,4,0,34,1,15,,247906,4,0,34,1,55,,247907,4,0,34,1,15,,247908,4,0,34,1,15,,247909,4,0,34,1,15,,247910,4,0,34,1,54,,247911,4,0,34,1,15,,247912,4,0,34,1,18,,247913,4,0,34,1,20,,247914,4,0,34,1,60,,247915,4,0,34,1,19,,247916,4,0,34,1,70,,247917,4,0,34,1,30,,247918,4,0,28 37,1,70,,247919,4,0,28 37,1,30,,247920,4,0,28 37,1,70,,247921,4,0,28 37,1,30,,247922,4,0,28 37,1
200,'002-Weekday-7-26-09-1111100',447,,247939,4,0,34,1,60,,247940,4,0,34,1,20,,247941,4,0,34,1,20,,247942,4,0,34,1,60,,247943,4,0,34,1,10,,248023,4,0,34,1,11,,248024,4,0,34,1,10,,248025,4,0,34,1,10,,248013,4,0,34,1,10,,248012,4,0,34,1,50,,248014,4,0,34,1,10,,248015,4,0,34,1,10,,248016,4,0,34,1,10,,248017,4,0,34,1,10,,248018,4,0,34,1,10,,248019,4,0,34,1,50,,248020,4,0,34,1,10,,248021,4,0,34,1,10,,248022,4,0,34,1,10,,248011,4,0,34,1,10,,247944,4,0,34,1,54,,247945,4,0,34,1,15,,247946,4,0,34,1,15,,247947,4,0,34,1,15,,247948,4,0,34,1,55,,247949,4,0,34,1,15,,247950,4,0,34,1,15,,247951,4,0,34,1,15,,247952,4,0,34,1,55,,247953,4,0,34,1,15,,247954,4,0,34,1,15,,247955,4,0,34,1,15,,247956,4,0,34,1,55,,247957,4,0,34,1,15,,247958,4,0,34,1,15,,247959,4,0,34,1,15,,247960,4,0,34,1,55,,247961,4,0,34,1,15,,247962,4,0,34,1,15,,247963,4,0,34,1,15,,247964,4,0,34,1,55,,247965,4,0,34,1,15,,247966,4,0,34,1,12,,247967,4,0,34,1,12,,247968,4,0,34,1,12,,247969,4,0,34,1,53,,247970,4,0,34,1,12,,247971,4,0,34,1,12,,247972,4,0,34,1,12,,247973,4,0,34,1,12,,247974,4,0,34,1,52,,247975,4,0,34,1,12,,247976,4,0,34,1,12,,247977,4,0,34,1,15,,247978,4,0,34,1,55,,247979,4,0,34,1,16,,247980,4,0,34,1,16,,247981,4,0,34,1,16,,247982,4,0,34,1,55,,247983,4,0,34,1,15,,247984,4,0,34,1,14,,247985,4,0,34,1,15,,247986,4,0,34,1,55,,247987,4,0,34,1,15,,247988,4,0,34,1,15,,247989,4,0,34,1,15,,247990,4,0,34,1,55,,247991,4,0,34,1,15,,247992,4,0,34,1,15,,247993,4,0,34,1,15,,247994,4,0,34,1,55,,247995,4,0,34,1,15,,247996,4,0,34,1,15,,247997,4,0,34,1,15,,247998,4,0,34,1,54,,247999,4,0,34,1,15,,248000,4,0,34,1,18,,248001,4,0,34,1,20,,248002,4,0,34,1,60,,248003,4,0,34,1,19,,248004,4,0,34,1,70,,248005,4,0,34,1,30,,248006,4,0,28 37,1,70,,248007,4,0,28 37,1,30,,248008,4,0,28 37,1,70,,248009,4,0,28 37,1,30,,248010,4,0,28 37,1
200,'002-Saturday-1-26-09-0000010',510,,203941,4,0,34,1,20,,203866,4,0,34,1,20,,203867,4,0,34,1,60,,203868,4,0,34,1,20,,203869,4,0,34,1,20,,203870,4,0,34,1,60,,203871,4,0,34,1,20,,203872,4,0,34,1,20,,203873,4,0,34,1,55,,203874,4,0,34,1,15,,203875,4,0,34,1,15,,203876,4,0,34,1,14,,203877,4,0,34,1,56,,203878,4,0,34,1,15,,203879,4,0,34,1,15,,203880,4,0,34,1,15,,203881,4,0,34,1,55,,203882,4,0,34,1,15,,203883,4,0,34,1,15,,203884,4,0,34,1,15,,203885,4,0,34,1,55,,203886,4,0,34,1,15,,203887,4,0,34,1,15,,203888,4,0,34,1,15,,203889,4,0,34,1,55,,203890,4,0,34,1,15,,203891,4,0,34,1,15,,203892,4,0,34,1,15,,203893,4,0,34,1,55,,203894,4,0,34,1,15,,203895,4,0,34,1,15,,203896,4,0,34,1,15,,203897,4,0,34,1,55,,203898,4,0,34,1,15,,203899,4,0,34,1,15,,203900,4,0,34,1,15,,203901,4,0,34,1,55,,203902,4,0,34,1,15,,203903,4,0,34,1,15,,203905,4,0,34,1,15,,203906,4,0,34,1,55,,203907,4,0,34,1,15,,203904,4,0,34,1,16,,203908,4,0,34,1,15,,203909,4,0,34,1,56,,203910,4,0,34,1,15,,203911,4,0,34,1,15,,203912,4,0,34,1,15,,203913,4,0,34,1,55,,203914,4,0,34,1,15,,203915,4,0,34,1,15,,203916,4,0,34,1,15,,203917,4,0,34,1,55,,203918,4,0,34,1,15,,203919,4,0,34,1,15,,203920,4,0,34,1,15,,203921,4,0,34,1,55,,203922,4,0,34,1,15,,203923,4,0,34,1,15,,203924,4,0,34,1,15,,203925,4,0,34,1,55,,203926,4,0,34,1,15,,203927,4,0,34,1,15,,203928,4,0,34,1,15,,203929,4,0,34,1,61,,203930,4,0,34,1,20,,203931,4,0,34,1,20,,203932,4,0,34,1,60,,203933,4,0,34,1,19,,203934,4,0,34,1,70,,203935,4,0,34,1,29,,203936,4,0,28 37,1,70,,203937,4,0,28 37,1,30,,203938,4,0,28 37,1,70,,203939,4,0,28 37,1,30,,203940,4,0,28 37,1
200,'002-Sunday-1-26-09-0000001',511,,204014,4,0,34,1,20,,203942,4,0,34,1,20,,203943,4,0,34,1,60,,203944,4,0,34,1,20,,203945,4,0,34,1,20,,203946,4,0,34,1,60,,203947,4,0,34,1,20,,203948,4,0,34,1,20,,203949,4,0,34,1,60,,203950,4,0,34,1,19,,203951,4,0,34,1,18,,203952,4,0,34,1,60,,203953,4,0,34,1,22,,203954,4,0,34,1,21,,203955,4,0,34,1,55,,203956,4,0,34,1,15,,203957,4,0,34,1,15,,203958,4,0,34,1,15,,203959,4,0,34,1,55,,203960,4,0,34,1,15,,203961,4,0,34,1,15,,203962,4,0,34,1,15,,203963,4,0,34,1,55,,203964,4,0,34,1,15,,203965,4,0,34,1,15,,203966,4,0,34,1,15,,203967,4,0,34,1,55,,203968,4,0,34,1,15,,203969,4,0,34,1,15,,203970,4,0,34,1,15,,203971,4,0,34,1,55,,203972,4,0,34,1,15,,203973,4,0,34,1,15,,203974,4,0,34,1,15,,203975,4,0,34,1,55,,203976,4,0,34,1,15,,203977,4,0,34,1,15,,203978,4,0,34,1,15,,203979,4,0,34,1,55,,203980,4,0,34,1,15,,203982,4,0,34,1,15,,203983,4,0,34,1,15,,203984,4,0,34,1,56,,203981,4,0,34,1,15,,203985,4,0,34,1,15,,203986,4,0,34,1,15,,203987,4,0,34,1,55,,203988,4,0,34,1,15,,203989,4,0,34,1,15,,203990,4,0,34,1,15,,203991,4,0,34,1,55,,203992,4,0,34,1,15,,203993,4,0,34,1,15,,203994,4,0,34,1,15,,203995,4,0,34,1,55,,203996,4,0,34,1,15,,203997,4,0,34,1,15,,203998,4,0,34,1,15,,203999,4,0,34,1,57,,204000,4,0,34,1,15,,204001,4,0,34,1,15,,204002,4,0,34,1,15,,204003,4,0,34,1,58,,204004,4,0,34,1,20,,204005,4,0,34,1,20,,204006,4,0,34,1,60,,204007,4,0,34,1,21,,204008,4,0,28 37,1,70,,204009,4,0,28 37,1,30,,204010,4,0,28 37,1,70,,204011,4,0,28 37,1,30,,204012,4,0,28 37,1,70,,204013,4,0,28 37,1,30,,204015,4,0,28 37,1
400,'004-Weekday-1-26-09-1111100',450,,205181,11,,,1,55,,205182,11,,,1,15,,205183,11,,,1,15,,205184,11,,,1,15,,205185,11,,,1,55,,205186,11,,,1,15,,205187,11,,,1,16,,205188,11,,,1,12,,205279,11,,,1,10,,205189,11,,,1,50,,205190,11,,,1,10,,205276,11,,,1,10,,205191,11,,,1,10,,205192,11,,,1,10,,205193,11,,,1,10,,205194,11,,,1,50,,205195,11,,,1,10,,205196,11,,,1,10,,205197,11,,,1,11,,205198,11,,,1,11,,205199,11,,,1,52,,205200,11,,,1,12,,205201,11,,,1,12,,205202,11,,,1,12,,205203,11,,,1,12,,205204,11,,,1,52,,205205,11,,,1,12,,205206,11,,,1,12,,205207,11,,,1,12,,205208,11,,,1,12,,205209,11,,,1,52,,205210,11,,,1,12,,205211,11,,,1,12,,205212,11,,,1,12,,205213,11,,,1,12,,205214,11,,,1,52,,205215,11,,,1,12,,205216,11,,,1,12,,205217,11,,,1,12,,205218,11,,,1,12,,205219,11,,,1,52,,205220,11,,,1,12,,205221,11,,,1,12,,205222,11,,,1,12,,205223,11,,,1,12,,205224,11,,,1,52,,205225,11,,,1,12,,205226,11,,,1,12,,205227,11,,,1,9,,205228,11,,,1,10,,205229,11,,,1,8,,205230,11,,,1,49,,205231,11,,,1,10,,205232,11,,,1,10,,205233,11,,,1,10,,205234,11,,,1,10,,205235,11,,,1,10,,205236,11,,,1,50,,205237,11,,,1,10,,205238,11,,,1,10,,205239,11,,,1,10,,205240,11,,,1,10,,205277,11,,,1,10,,205241,11,,,1,50,,205242,11,,,1,10,,205243,11,,,1,10,,205244,11,,,1,11,,205245,11,,,1,12,,205246,11,,,1,55,,205247,11,,,1,15,,205248,11,,,1,15,,205249,11,,,1,11,,205250,11,,,1,15,,205251,11,,,1,55,,205252,11,,,1,15,,205253,11,,,1,15,,205254,11,,,1,15,,205255,11,,,1,55,,205256,11,,,1,15,,205257,11,,,1,15,,205258,11,,,1,15,,205259,11,,,1,55,,205260,11,,,1,15,,205261,11,,,1,15,,205262,11,,,1,15,,205263,11,,,1,54,,205264,11,,,1,16,,205265,11,,,1,20,,205266,11,,,1,60,,205267,11,,,1,20,,205268,11,,,1,20,,205269,11,,,1,60,,205270,11,,,1,27,,205271,11,,,1,70,,205272,11,,,1,30,,205273,11,,,1,70,,205274,11,,,1,30,,205275,11,,,1,70,,205280,11,,,1
400,'004-Weekday-2-26-09-1111100',450,,205305,11,,,1,55,,205306,11,,,1,15,,205307,11,,,1,15,,205308,11,,,1,15,,205309,11,,,1,55,,205310,11,,,1,15,,205311,11,,,1,16,,205312,11,,,1,12,,205403,11,,,1,10,,205313,11,,,1,50,,205314,11,,,1,10,,205400,11,,,1,10,,205315,11,,,1,10,,205316,11,,,1,10,,205317,11,,,1,10,,205318,11,,,1,50,,205319,11,,,1,10,,205320,11,,,1,10,,205321,11,,,1,11,,205322,11,,,1,11,,205323,11,,,1,52,,205324,11,,,1,12,,205325,11,,,1,12,,205326,11,,,1,12,,205327,11,,,1,12,,205328,11,,,1,52,,205329,11,,,1,12,,205330,11,,,1,12,,205331,11,,,1,12,,205332,11,,,1,12,,205333,11,,,1,52,,205334,11,,,1,12,,205335,11,,,1,12,,205336,11,,,1,12,,205337,11,,,1,12,,205338,11,,,1,52,,205339,11,,,1,12,,205340,11,,,1,12,,205341,11,,,1,12,,205342,11,,,1,12,,205343,11,,,1,52,,205344,11,,,1,12,,205345,11,,,1,12,,205346,11,,,1,12,,205347,11,,,1,12,,205348,11,,,1,52,,205349,11,,,1,12,,205350,11,,,1,12,,205351,11,,,1,9,,205352,11,,,1,10,,205353,11,,,1,8,,205354,11,,,1,49,,205355,11,,,1,10,,205356,11,,,1,10,,205357,11,,,1,10,,205358,11,,,1,10,,205359,11,,,1,10,,205360,11,,,1,50,,205361,11,,,1,10,,205362,11,,,1,10,,205363,11,,,1,10,,205364,11,,,1,10,,205401,11,,,1,10,,205365,11,,,1,50,,205366,11,,,1,10,,205367,11,,,1,10,,205368,11,,,1,11,,205369,11,,,1,12,,205370,11,,,1,55,,205371,11,,,1,15,,205372,11,,,1,15,,205373,11,,,1,11,,205374,11,,,1,15,,205375,11,,,1,55,,205376,11,,,1,15,,205377,11,,,1,15,,205378,11,,,1,15,,205379,11,,,1,55,,205380,11,,,1,15,,205381,11,,,1,15,,205382,11,,,1,15,,205383,11,,,1,55,,205384,11,,,1,15,,205385,11,,,1,15,,205386,11,,,1,15,,205387,11,,,1,54,,205388,11,,,1,16,,205389,11,,,1,20,,205390,11,,,1,60,,205391,11,,,1,20,,205392,11,,,1,20,,205393,11,,,1,60,,205394,11,,,1,27,,205395,11,,,1,70,,205396,11,,,1,30,,205397,11,,,1,70,,205398,11,,,1,30,,205399,11,,,1,70,,205404,11,,,1
400,'004-Weekday-3-26-09-1111100',450,,249016,11,,,1,55,,249017,11,,,1,15,,249018,11,,,1,15,,249019,11,,,1,15,,249020,11,,,1,55,,249021,11,,,1,15,,249022,11,,,1,16,,249023,11,,,1,12,,249114,11,,,1,10,,249024,11,,,1,50,,249025,11,,,1,10,,249111,11,,,1,10,,249026,11,,,1,10,,249027,11,,,1,10,,249028,11,,,1,10,,249029,11,,,1,50,,249030,11,,,1,10,,249031,11,,,1,10,,249032,11,,,1,11,,249033,11,,,1,11,,249034,11,,,1,52,,249035,11,,,1,12,,249036,11,,,1,12,,249037,11,,,1,12,,249038,11,,,1,12,,249039,11,,,1,52,,249040,11,,,1,12,,249041,11,,,1,12,,249042,11,,,1,12,,249043,11,,,1,12,,249044,11,,,1,52,,249045,11,,,1,12,,249046,11,,,1,12,,249047,11,,,1,12,,249048,11,,,1,12,,249049,11,,,1,52,,249050,11,,,1,12,,249051,11,,,1,12,,249052,11,,,1,12,,249053,11,,,1,12,,249054,11,,,1,52,,249055,11,,,1,12,,249056,11,,,1,12,,249057,11,,,1,12,,249058,11,,,1,12,,249059,11,,,1,52,,249060,11,,,1,12,,249061,11,,,1,12,,249062,11,,,1,9,,249063,11,,,1,10,,249064,11,,,1,8,,249065,11,,,1,49,,249066,11,,,1,10,,249067,11,,,1,10,,249068,11,,,1,10,,249069,11,,,1,10,,249070,11,,,1,10,,249071,11,,,1,50,,249072,11,,,1,10,,249073,11,,,1,10,,249074,11,,,1,10,,249075,11,,,1,10,,249112,11,,,1,10,,249076,11,,,1,50,,249077,11,,,1,10,,249078,11,,,1,10,,249079,11,,,1,11,,249080,11,,,1,12,,249081,11,,,1,55,,249082,11,,,1,15,,249083,11,,,1,15,,249084,11,,,1,11,,249085,11,,,1,15,,249086,11,,,1,55,,249087,11,,,1,15,,249088,11,,,1,15,,249089,11,,,1,15,,249090,11,,,1,55,,249091,11,,,1,15,,249092,11,,,1,15,,249093,11,,,1,15,,249094,11,,,1,55,,249095,11,,,1,15,,249096,11,,,1,15,,249097,11,,,1,15,,249098,11,,,1,54,,249099,11,,,1,16,,249100,11,,,1,20,,249101,11,,,1,60,,249102,11,,,1,20,,249103,11,,,1,20,,249104,11,,,1,60,,249105,11,,,1,27,,249106,11,,,1,70,,249107,11,,,1,30,,249108,11,,,1,70,,249109,11,,,1,30,,249110,11,,,1,70,,249115,11,,,1
400,'004-Weekday-4-26-09-1111100',450,,205429,11,,,1,55,,205430,11,,,1,15,,205431,11,,,1,15,,205432,11,,,1,15,,205433,11,,,1,55,,205434,11,,,1,15,,205435,11,,,1,16,,205436,11,,,1,12,,205527,11,,,1,10,,205437,11,,,1,50,,205438,11,,,1,10,,205524,11,,,1,10,,205439,11,,,1,10,,205440,11,,,1,10,,205441,11,,,1,10,,205442,11,,,1,50,,205443,11,,,1,10,,205444,11,,,1,10,,205445,11,,,1,11,,205446,11,,,1,11,,205447,11,,,1,52,,205448,11,,,1,12,,205449,11,,,1,12,,205450,11,,,1,12,,205451,11,,,1,12,,205452,11,,,1,52,,205453,11,,,1,12,,205454,11,,,1,12,,205455,11,,,1,12,,205456,11,,,1,12,,205457,11,,,1,52,,205458,11,,,1,12,,205459,11,,,1,12,,205460,11,,,1,12,,205461,11,,,1,12,,205462,11,,,1,52,,205463,11,,,1,12,,205464,11,,,1,12,,205465,11,,,1,12,,205466,11,,,1,12,,205467,11,,,1,52,,205468,11,,,1,12,,205469,11,,,1,12,,205470,11,,,1,12,,205471,11,,,1,12,,205472,11,,,1,52,,205473,11,,,1,12,,205474,11,,,1,12,,205475,11,,,1,9,,205476,11,,,1,10,,205477,11,,,1,8,,205478,11,,,1,49,,205479,11,,,1,10,,205480,11,,,1,10,,205481,11,,,1,10,,205482,11,,,1,10,,205483,11,,,1,10,,205484,11,,,1,50,,205485,11,,,1,10,,205486,11,,,1,10,,205487,11,,,1,10,,205488,11,,,1,10,,205525,11,,,1,10,,205489,11,,,1,50,,205490,11,,,1,10,,205491,11,,,1,10,,205492,11,,,1,11,,205493,11,,,1,12,,205494,11,,,1,55,,205495,11,,,1,15,,205496,11,,,1,15,,205497,11,,,1,11,,205498,11,,,1,15,,205499,11,,,1,55,,205500,11,,,1,15,,205501,11,,,1,15,,205502,11,,,1,15,,205503,11,,,1,55,,205504,11,,,1,15,,205505,11,,,1,15,,205506,11,,,1,15,,205507,11,,,1,55,,205508,11,,,1,15,,205509,11,,,1,15,,205510,11,,,1,15,,205511,11,,,1,54,,205512,11,,,1,16,,205513,11,,,1,20,,205514,11,,,1,60,,205515,11,,,1,20,,205516,11,,,1,20,,205517,11,,,1,60,,205518,11,,,1,27,,205519,11,,,1,70,,205520,11,,,1,30,,205521,11,,,1,70,,205522,11,,,1,30,,205523,11,,,1,70,,205528,11,,,1
400,'004-Weekday-5-26-09-1111100',450,,249140,11,,,1,55,,249141,11,,,1,15,,249142,11,,,1,15,,249143,11,,,1,15,,249144,11,,,1,55,,249145,11,,,1,15,,249146,11,,,1,16,,249147,11,,,1,12,,249238,11,,,1,10,,249148,11,,,1,50,,249149,11,,,1,10,,249235,11,,,1,10,,249150,11,,,1,10,,249151,11,,,1,10,,249152,11,,,1,10,,249153,11,,,1,50,,249154,11,,,1,10,,249155,11,,,1,10,,249156,11,,,1,11,,249157,11,,,1,11,,249158,11,,,1,52,,249159,11,,,1,12,,249160,11,,,1,12,,249161,11,,,1,12,,249162,11,,,1,12,,249163,11,,,1,52,,249164,11,,,1,12,,249165,11,,,1,12,,249166,11,,,1,12,,249167,11,,,1,12,,249168,11,,,1,52,,249169,11,,,1,12,,249170,11,,,1,12,,249171,11,,,1,12,,249172,11,,,1,12,,249173,11,,,1,52,,249174,11,,,1,12,,249175,11,,,1,12,,249176,11,,,1,12,,249177,11,,,1,12,,249178,11,,,1,52,,249179,11,,,1,12,,249180,11,,,1,12,,249181,11,,,1,12,,249182,11,,,1,12,,249183,11,,,1,52,,249184,11,,,1,12,,249185,11,,,1,12,,249186,11,,,1,9,,249187,11,,,1,10,,249188,11,,,1,8,,249189,11,,,1,49,,249190,11,,,1,10,,249191,11,,,1,10,,249192,11,,,1,10,,249193,11,,,1,10,,249194,11,,,1,10,,249195,11,,,1,50,,249196,11,,,1,10,,249197,11,,,1,10,,249198,11,,,1,10,,249199,11,,,1,10,,249236,11,,,1,10,,249200,11,,,1,50,,249201,11,,,1,10,,249202,11,,,1,10,,249203,11,,,1,11,,249204,11,,,1,12,,249205,11,,,1,55,,249206,11,,,1,15,,249207,11,,,1,15,,249208,11,,,1,11,,249209,11,,,1,15,,249210,11,,,1,55,,249211,11,,,1,15,,249212,11,,,1,15,,249213,11,,,1,15,,249214,11,,,1,55,,249215,11,,,1,15,,249216,11,,,1,15,,249217,11,,,1,15,,249218,11,,,1,55,,249219,11,,,1,15,,249220,11,,,1,15,,249221,11,,,1,15,,249222,11,,,1,54,,249223,11,,,1,16,,249224,11,,,1,20,,249225,11,,,1,60,,249226,11,,,1,20,,249227,11,,,1,20,,249228,11,,,1,60,,249229,11,,,1,27,,249230,11,,,1,70,,249231,11,,,1,30,,249232,11,,,1,70,,249233,11,,,1,30,,249234,11,,,1,70,,249239,11,,,1
400,'004-Weekday-6-26-09-1111100',450,,249244,11,,,1,55,,249245,11,,,1,15,,249246,11,,,1,15,,249247,11,,,1,15,,249248,11,,,1,55,,249249,11,,,1,15,,249250,11,,,1,16,,249251,11,,,1,12,,249341,11,,,1,10,,249252,11,,,1,50,,249253,11,,,1,10,,249339,11,,,1,10,,249254,11,,,1,10,,249255,11,,,1,10,,249256,11,,,1,10,,249257,11,,,1,50,,249258,11,,,1,10,,249259,11,,,1,10,,249260,11,,,1,11,,249261,11,,,1,11,,249262,11,,,1,52,,249263,11,,,1,12,,249264,11,,,1,12,,249265,11,,,1,12,,249266,11,,,1,12,,249267,11,,,1,52,,249268,11,,,1,12,,249269,11,,,1,12,,249270,11,,,1,12,,249271,11,,,1,12,,249272,11,,,1,52,,249273,11,,,1,12,,249274,11,,,1,12,,249275,11,,,1,12,,249276,11,,,1,12,,249277,11,,,1,52,,249278,11,,,1,12,,249279,11,,,1,12,,249280,11,,,1,12,,249281,11,,,1,12,,249282,11,,,1,52,,249283,11,,,1,12,,249284,11,,,1,12,,249285,11,,,1,12,,249286,11,,,1,12,,249287,11,,,1,52,,249288,11,,,1,12,,249289,11,,,1,12,,249290,11,,,1,9,,249291,11,,,1,10,,249292,11,,,1,8,,249293,11,,,1,49,,249294,11,,,1,10,,249295,11,,,1,10,,249296,11,,,1,10,,249297,11,,,1,10,,249298,11,,,1,10,,249299,11,,,1,50,,249300,11,,,1,10,,249301,11,,,1,10,,249302,11,,,1,10,,249303,11,,,1,10,,249340,11,,,1,10,,249304,11,,,1,50,,249305,11,,,1,10,,249306,11,,,1,10,,249307,11,,,1,11,,249308,11,,,1,12,,249309,11,,,1,55,,249310,11,,,1,15,,249311,11,,,1,15,,249312,11,,,1,11,,249313,11,,,1,15,,249314,11,,,1,55,,249315,11,,,1,15,,249316,11,,,1,15,,249317,11,,,1,15,,249318,11,,,1,55,,249319,11,,,1,15,,249320,11,,,1,15,,249321,11,,,1,15,,249322,11,,,1,55,,249323,11,,,1,15,,249324,11,,,1,15,,249325,11,,,1,15,,249326,11,,,1,54,,249327,11,,,1,16,,249328,11,,,1,20,,249329,11,,,1,60,,249330,11,,,1,20,,249331,11,,,1,20,,249332,11,,,1,60,,249333,11,,,1,27,,249334,11,,,1,70,,249335,11,,,1,30,,249336,11,,,1,70,,249337,11,,,1,30,,249338,11,,,1,70,,249342,11,,,1
400,'004-Weekday-7-26-09-1111100',450,,249344,11,,,1,55,,249345,11,,,1,15,,249346,11,,,1,15,,249347,11,,,1,15,,249348,11,,,1,55,,249349,11,,,1,15,,249350,11,,,1,16,,249351,11,,,1,12,,249441,11,,,1,10,,249352,11,,,1,50,,249353,11,,,1,10,,249439,11,,,1,10,,249354,11,,,1,10,,249355,11,,,1,10,,249356,11,,,1,10,,249357,11,,,1,50,,249358,11,,,1,10,,249359,11,,,1,10,,249360,11,,,1,11,,249361,11,,,1,11,,249362,11,,,1,52,,249363,11,,,1,12,,249364,11,,,1,12,,249365,11,,,1,12,,249366,11,,,1,12,,249367,11,,,1,52,,249368,11,,,1,12,,249369,11,,,1,12,,249370,11,,,1,12,,249371,11,,,1,12,,249372,11,,,1,52,,249373,11,,,1,12,,249374,11,,,1,12,,249375,11,,,1,12,,249376,11,,,1,12,,249377,11,,,1,52,,249378,11,,,1,12,,249379,11,,,1,12,,249380,11,,,1,12,,249381,11,,,1,12,,249382,11,,,1,52,,249383,11,,,1,12,,249384,11,,,1,12,,249385,11,,,1,12,,249386,11,,,1,12,,249387,11,,,1,52,,249388,11,,,1,12,,249389,11,,,1,12,,249390,11,,,1,9,,249391,11,,,1,10,,249392,11,,,1,8,,249393,11,,,1,49,,249394,11,,,1,10,,249395,11,,,1,10,,249396,11,,,1,10,,249397,11,,,1,10,,249398,11,,,1,10,,249399,11,,,1,50,,249400,11,,,1,10,,249401,11,,,1,10,,249402,11,,,1,10,,249403,11,,,1,10,,249440,11,,,1,10,,249404,11,,,1,50,,249405,11,,,1,10,,249406,11,,,1,10,,249407,11,,,1,11,,249408,11,,,1,12,,249409,11,,,1,55,,249410,11,,,1,15,,249411,11,,,1,15,,249412,11,,,1,11,,249413,11,,,1,15,,249414,11,,,1,55,,249415,11,,,1,15,,249416,11,,,1,15,,249417,11,,,1,15,,249418,11,,,1,55,,249419,11,,,1,15,,249420,11,,,1,15,,249421,11,,,1,15,,249422,11,,,1,55,,249423,11,,,1,15,,249424,11,,,1,15,,249425,11,,,1,15,,249426,11,,,1,54,,249427,11,,,1,16,,249428,11,,,1,20,,249429,11,,,1,60,,249430,11,,,1,20,,249431,11,,,1,20,,249432,11,,,1,60,,249433,11,,,1,27,,249434,11,,,1,70,,249435,11,,,1,30,,249436,11,,,1,70,,249437,11,,,1,30,,249438,11,,,1,70,,249442,11,,,1
400,'004-Saturday-1-26-09-0000010',528,,205644,11,,,1,20,,205533,11,,,1,60,,205534,11,,,1,20,,205535,11,,,1,20,,205536,11,,,1,60,,205537,11,,,1,20,,205538,11,,,1,20,,205539,11,,,1,55,,205540,11,,,1,15,,205541,11,,,1,15,,205542,11,,,1,15,,205543,11,,,1,55,,205544,11,,,1,19,,205545,11,,,1,15,,205546,11,,,1,15,,205547,11,,,1,55,,205548,11,,,1,15,,205549,11,,,1,15,,205550,11,,,1,15,,205551,11,,,1,55,,205552,11,,,1,15,,205553,11,,,1,15,,205554,11,,,1,15,,205555,11,,,1,55,,205556,11,,,1,15,,205557,11,,,1,15,,205558,11,,,1,15,,205559,11,,,1,7,,205560,4,0,47,1,48,,205561,11,,,1,7,,205562,4,0,47,1,8,,205563,11,,,1,7,,205564,4,0,47,1,8,,205565,11,,,1,7,,205566,4,0,47,1,8,,205567,11,,,1,7,,205568,4,0,47,1,48,,205569,11,,,1,7,,205570,4,0,47,1,8,,205571,11,,,1,7,,205572,4,0,47,1,8,,205573,11,,,1,7,,205574,4,0,47,1,8,,205575,11,,,1,7,,205576,4,0,47,1,48,,205577,11,,,1,7,,205578,4,0,47,1,8,,205579,11,,,1,7,,205580,4,0,47,1,8,,205581,11,,,1,7,,205582,4,0,47,1,8,,205583,11,,,1,7,,205584,4,0,47,1,48,,205585,11,,,1,6,,205586,4,0,47,1,9,,205587,11,,,1,6,,205588,4,0,47,1,9,,205589,11,,,1,6,,205590,4,0,47,1,9,,205591,11,,,1,7,,205592,4,0,47,1,48,,205593,11,,,1,7,,205594,4,0,47,1,7,,205596,11,,,1,8,,205597,4,0,47,1,7,,205532,11,,,1,8,,205598,4,0,47,1,7,,205595,11,,,1,8,,205599,4,0,47,1,47,,205600,11,,,1,8,,205601,4,0,47,1,7,,205602,11,,,1,8,,205603,4,0,47,1,7,,205604,11,,,1,8,,205605,4,0,47,1,7,,205606,11,,,1,8,,205607,4,0,47,1,47,,205608,11,,,1,8,,205609,4,0,47,1,7,,205610,11,,,1,8,,205611,4,0,47,1,7,,205612,11,,,1,8,,205613,4,0,47,1,7,,205614,11,,,1,8,,205615,4,0,47,1,47,,205616,11,,,1,8,,205617,4,0,47,1,7,,205618,11,,,1,6,,205619,4,0,47,1,9,,205620,11,,,1,6,,205621,4,0,47,1,9,,205622,11,,,1,6,,205623,4,0,47,1,49,,205624,11,,,1,6,,205625,4,0,47,1,9,,205626,11,,,1,6,,205627,4,0,47,1,9,,205628,11,,,1,6,,205629,4,0,47,1,9,,205631,11,,,1,55,,205632,11,,,1,15,,205633,11,,,1,20,,205630,11,,,1,60,,205634,11,,,1,20,,205635,11,,,1,20,,205636,11,,,1,60,,205637,11,,,1,28,,205638,11,,,1,30,,205639,11,,,1,70,,205640,11,,,1,30,,205641,11,,,1,70,,205642,11,,,1,30,,205643,11,,,1
400,'004-Sunday-1-26-09-0000001',535,,205645,11,,,1,20,,205646,11,,,1,60,,205647,11,,,1,20,,205648,11,,,1,20,,205649,11,,,1,60,,205650,11,,,1,20,,205651,11,,,1,20,,205652,11,,,1,59,,205653,11,,,1,18,,205654,11,,,1,15,,205717,11,,,1,56,,205655,11,,,1,19,,205656,11,,,1,18,,205657,11,,,1,15,,205658,11,,,1,55,,205659,11,,,1,15,,205660,11,,,1,15,,205661,11,,,1,15,,205662,11,,,1,55,,205663,11,,,1,15,,205664,11,,,1,15,,205665,11,,,1,15,,205666,11,,,1,55,,205667,11,,,1,15,,205668,11,,,1,15,,205669,11,,,1,15,,205670,11,,,1,55,,205671,11,,,1,15,,205672,11,,,1,15,,205673,11,,,1,15,,205674,11,,,1,55,,205675,11,,,1,15,,205676,11,,,1,15,,205677,11,,,1,15,,205678,11,,,1,55,,205679,11,,,1,15,,205680,11,,,1,15,,205681,11,,,1,15,,205682,11,,,1,55,,205683,11,,,1,15,,205684,11,,,1,16,,205685,11,,,1,16,,205686,11,,,1,53,,205687,11,,,1,13,,205688,11,,,1,15,,205689,11,,,1,15,,205690,11,,,1,55,,205691,11,,,1,15,,205692,11,,,1,15,,205693,11,,,1,15,,205694,11,,,1,55,,205695,11,,,1,15,,205696,11,,,1,15,,205697,11,,,1,15,,205698,11,,,1,55,,205699,11,,,1,15,,205700,11,,,1,15,,205701,11,,,1,15,,205702,11,,,1,55,,205703,11,,,1,15,,205704,11,,,1,15,,205716,11,,,1,15,,205705,11,,,1,60,,205706,11,,,1,20,,205707,11,,,1,20,,205709,11,,,1,60,,205710,11,,,1,20,,205711,11,,,1,69,,205708,11,,,1,26,,205712,11,,,1,30,,205713,11,,,1,70,,205714,11,,,1,30,,205715,11,,,1,70,,205719,11,,,1,30,,205718,11,,,1
5500,'055-Weekday-1-26-09-1111100',532,,212661,4,,,1,70,,212662,4,,,1,34,,212663,4,,,1,15,,212664,4,,,1,55,,212665,4,,,1,15,,212666,4,,,1,15,,212667,4,,,1,15,,212668,4,,,1,55,,212669,4,,,1,15,,212670,4,,,1,15,,212671,4,,,1,23,,212672,4,,,1,60,,212673,4,,,1,20,,212674,4,,,1,20,,212675,4,,,1,60,,212679,4,,,1,20,,212680,4,,,1,20,,212686,4,,,1,60,,212687,4,,,1,20,,212691,4,,,1,20,,212692,4,,,1,60,,212695,4,,,1,20,,212696,4,,,1,20,,212697,4,,,1,60,,212699,4,,,1,20,,212701,4,,,1,20,,212702,4,,,1,58,,212706,4,,,1,15,,212711,4,,,1,15,,212677,4,,,1,56,,212684,4,,,1,15,,212685,4,,,1,15,,212688,4,,,1,15,,212694,4,,,1,55,,212703,4,,,1,15,,212705,4,,,1,15,,212708,4,,,1,15,,212710,4,,,1,55,,212713,4,,,1,15,,212678,4,,,1,15,,212682,4,,,1,15,,212683,4,,,1,65,,212690,4,,,1,32,,212704,4,,,1,70,,212709,4,,,1,30,,212676,4,,,1,70,,212689,4,,,1,30,,212698,4,,,1,70,,212707,4,,,1,33,,212681,4,,,1,70,,212700,4,,,1,100,,212693,4,,,1,100,,212712,4,,,1
5500,'055-Weekday-2-26-09-1111100',532,,212714,4,,,1,70,,212715,4,,,1,34,,212716,4,,,1,15,,212717,4,,,1,55,,212718,4,,,1,15,,212719,4,,,1,15,,212720,4,,,1,15,,212721,4,,,1,55,,212722,4,,,1,15,,212723,4,,,1,15,,212724,4,,,1,23,,212725,4,,,1,60,,212726,4,,,1,20,,212727,4,,,1,20,,212728,4,,,1,60,,212732,4,,,1,20,,212733,4,,,1,20,,212739,4,,,1,60,,212740,4,,,1,20,,212744,4,,,1,20,,212745,4,,,1,60,,212748,4,,,1,20,,212749,4,,,1,20,,212750,4,,,1,60,,212752,4,,,1,20,,212754,4,,,1,20,,212755,4,,,1,58,,212759,4,,,1,15,,212764,4,,,1,15,,212730,4,,,1,56,,212737,4,,,1,15,,212738,4,,,1,15,,212741,4,,,1,15,,212747,4,,,1,55,,212756,4,,,1,15,,212758,4,,,1,15,,212761,4,,,1,15,,212763,4,,,1,55,,212766,4,,,1,15,,212731,4,,,1,15,,212735,4,,,1,15,,212736,4,,,1,65,,212743,4,,,1,32,,212757,4,,,1,70,,212762,4,,,1,30,,212729,4,,,1,70,,212742,4,,,1,30,,212751,4,,,1,70,,212760,4,,,1,33,,212734,4,,,1,70,,212753,4,,,1,100,,212746,4,,,1,100,,212765,4,,,1
5500,'055-Weekday-3-26-09-1111100',532,,255824,4,,,1,70,,255825,4,,,1,34,,255826,4,,,1,15,,255827,4,,,1,55,,255828,4,,,1,15,,255829,4,,,1,15,,255830,4,,,1,15,,255831,4,,,1,55,,255832,4,,,1,15,,255833,4,,,1,15,,255834,4,,,1,23,,255835,4,,,1,60,,255836,4,,,1,20,,255837,4,,,1,20,,255838,4,,,1,60,,255842,4,,,1,20,,255843,4,,,1,20,,255849,4,,,1,60,,255850,4,,,1,20,,255854,4,,,1,20,,255855,4,,,1,60,,255858,4,,,1,20,,255859,4,,,1,20,,255860,4,,,1,60,,255862,4,,,1,20,,255864,4,,,1,20,,255865,4,,,1,58,,255869,4,,,1,15,,255874,4,,,1,15,,255840,4,,,1,56,,255847,4,,,1,15,,255848,4,,,1,15,,255851,4,,,1,15,,255857,4,,,1,55,,255866,4,,,1,15,,255868,4,,,1,15,,255871,4,,,1,15,,255873,4,,,1,55,,255876,4,,,1,15,,255841,4,,,1,15,,255845,4,,,1,15,,255846,4,,,1,65,,255853,4,,,1,32,,255867,4,,,1,70,,255872,4,,,1,30,,255839,4,,,1,70,,255852,4,,,1,30,,255861,4,,,1,70,,255870,4,,,1,33,,255844,4,,,1,70,,255863,4,,,1,100,,255856,4,,,1,100,,255875,4,,,1
5500,'055-Weekday-4-26-09-1111100',532,,212767,4,,,1,70,,212768,4,,,1,34,,212769,4,,,1,15,,212770,4,,,1,55,,212771,4,,,1,15,,212772,4,,,1,15,,212773,4,,,1,15,,212774,4,,,1,55,,212775,4,,,1,15,,212776,4,,,1,15,,212777,4,,,1,23,,212778,4,,,1,60,,212779,4,,,1,20,,212780,4,,,1,20,,212781,4,,,1,60,,212785,4,,,1,20,,212786,4,,,1,20,,212792,4,,,1,60,,212793,4,,,1,20,,212797,4,,,1,20,,212798,4,,,1,60,,212801,4,,,1,20,,212802,4,,,1,20,,212803,4,,,1,60,,212805,4,,,1,20,,212807,4,,,1,20,,212808,4,,,1,58,,212812,4,,,1,15,,212817,4,,,1,15,,212783,4,,,1,56,,212790,4,,,1,15,,212791,4,,,1,15,,212794,4,,,1,15,,212800,4,,,1,55,,212809,4,,,1,15,,212811,4,,,1,15,,212814,4,,,1,15,,212816,4,,,1,55,,212819,4,,,1,15,,212784,4,,,1,15,,212788,4,,,1,15,,212789,4,,,1,65,,212796,4,,,1,32,,212810,4,,,1,70,,212815,4,,,1,30,,212782,4,,,1,70,,212795,4,,,1,30,,212804,4,,,1,70,,212813,4,,,1,33,,212787,4,,,1,70,,212806,4,,,1,100,,212799,4,,,1,100,,212818,4,,,1
5500,'055-Weekday-5-26-09-1111100',532,,255877,4,,,1,70,,255878,4,,,1,34,,255879,4,,,1,15,,255880,4,,,1,55,,255881,4,,,1,15,,255882,4,,,1,15,,255883,4,,,1,15,,255884,4,,,1,55,,255885,4,,,1,15,,255886,4,,,1,15,,255887,4,,,1,23,,255888,4,,,1,60,,255889,4,,,1,20,,255890,4,,,1,20,,255891,4,,,1,60,,255895,4,,,1,20,,255896,4,,,1,20,,255902,4,,,1,60,,255903,4,,,1,20,,255907,4,,,1,20,,255908,4,,,1,60,,255911,4,,,1,20,,255912,4,,,1,20,,255913,4,,,1,60,,255915,4,,,1,20,,255917,4,,,1,20,,255918,4,,,1,58,,255922,4,,,1,15,,255927,4,,,1,15,,255893,4,,,1,56,,255900,4,,,1,15,,255901,4,,,1,15,,255904,4,,,1,15,,255910,4,,,1,55,,255919,4,,,1,15,,255921,4,,,1,15,,255924,4,,,1,15,,255926,4,,,1,55,,255929,4,,,1,15,,255894,4,,,1,15,,255898,4,,,1,15,,255899,4,,,1,65,,255906,4,,,1,32,,255920,4,,,1,70,,255925,4,,,1,30,,255892,4,,,1,70,,255905,4,,,1,30,,255914,4,,,1,70,,255923,4,,,1,33,,255897,4,,,1,70,,255916,4,,,1,100,,255909,4,,,1,100,,255928,4,,,1
5500,'055-Weekday-6-26-09-1111100',532,,255930,4,,,1,70,,255931,4,,,1,34,,255932,4,,,1,15,,255933,4,,,1,55,,255934,4,,,1,15,,255935,4,,,1,15,,255936,4,,,1,15,,255937,4,,,1,55,,255938,4,,,1,15,,255939,4,,,1,15,,255940,4,,,1,23,,255941,4,,,1,60,,255942,4,,,1,20,,255943,4,,,1,20,,255944,4,,,1,60,,255948,4,,,1,20,,255949,4,,,1,20,,255955,4,,,1,60,,255956,4,,,1,20,,255960,4,,,1,20,,255961,4,,,1,60,,255964,4,,,1,20,,255965,4,,,1,20,,255966,4,,,1,60,,255968,4,,,1,20,,255970,4,,,1,20,,255971,4,,,1,58,,255975,4,,,1,15,,255980,4,,,1,15,,255946,4,,,1,56,,255953,4,,,1,15,,255954,4,,,1,15,,255957,4,,,1,15,,255963,4,,,1,55,,255972,4,,,1,15,,255974,4,,,1,15,,255977,4,,,1,15,,255979,4,,,1,55,,255982,4,,,1,15,,255947,4,,,1,15,,255951,4,,,1,15,,255952,4,,,1,65,,255959,4,,,1,32,,255973,4,,,1,70,,255978,4,,,1,30,,255945,4,,,1,70,,255958,4,,,1,30,,255967,4,,,1,70,,255976,4,,,1,33,,255950,4,,,1,70,,255969,4,,,1,100,,255962,4,,,1,100,,255981,4,,,1
5500,'055-Weekday-7-26-09-1111100',532,,255983,4,,,1,70,,255984,4,,,1,34,,255985,4,,,1,15,,255986,4,,,1,55,,255987,4,,,1,15,,255988,4,,,1,15,,255989,4,,,1,15,,255990,4,,,1,55,,255991,4,,,1,15,,255992,4,,,1,15,,255993,4,,,1,23,,255994,4,,,1,60,,255995,4,,,1,20,,255996,4,,,1,20,,255997,4,,,1,60,,256001,4,,,1,20,,256002,4,,,1,20,,256008,4,,,1,60,,256009,4,,,1,20,,256013,4,,,1,20,,256014,4,,,1,60,,256017,4,,,1,20,,256018,4,,,1,20,,256019,4,,,1,60,,256021,4,,,1,20,,256023,4,,,1,20,,256024,4,,,1,58,,256028,4,,,1,15,,256033,4,,,1,15,,255999,4,,,1,56,,256006,4,,,1,15,,256007,4,,,1,15,,256010,4,,,1,15,,256016,4,,,1,55,,256025,4,,,1,15,,256027,4,,,1,15,,256030,4,,,1,15,,256032,4,,,1,55,,256035,4,,,1,15,,256000,4,,,1,15,,256004,4,,,1,15,,256005,4,,,1,65,,256012,4,,,1,32,,256026,4,,,1,70,,256031,4,,,1,30,,255998,4,,,1,70,,256011,4,,,1,30,,256020,4,,,1,70,,256029,4,,,1,33,,256003,4,,,1,70,,256022,4,,,1,100,,256015,4,,,1,100,,256034,4,,,1
5500,'055-Saturday-1-26-09-0000010',604,,212820,4,,,1,100,,212821,4,,,1,100,,212822,4,,,1,30,,212823,4,,,1,70,,212824,4,,,1,30,,212825,4,,,1,70,,212826,4,,,1,24,,212827,4,,,1,20,,212828,4,,,1,60,,212829,4,,,1,20,,212830,4,,,1,20,,212831,4,,,1,60,,212832,4,,,1,20,,212833,4,,,1,20,,212834,4,,,1,60,,212835,4,,,1,20,,212836,4,,,1,20,,212837,4,,,1,60,,212838,4,,,1,20,,212839,4,,,1,20,,212840,4,,,1,60,,212841,4,,,1,20,,212842,4,,,1,20,,212843,4,,,1,60,,212844,4,,,1,20,,212845,4,,,1,20,,212846,4,,,1,60,,212847,4,,,1,18,,212848,4,,,1,20,,212849,4,,,1,60,,212850,4,,,1,20,,212851,4,,,1,20,,212852,4,,,1,60,,212853,4,,,1,25,,212854,4,,,1,25,,212855,4,,,1,70,,212856,4,,,1,30,,212857,4,,,1,70,,212858,4,,,1,30,,212859,4,,,1,100,,212860,4,,,1,100,,212861,4,,,1
5500,'055-Sunday-1-26-09-0000001',603,,212862,4,,,1,100,,212863,4,,,1,100,,212864,4,,,1,30,,212865,4,,,1,70,,212900,4,,,1,33,,212866,4,,,1,70,,212867,4,,,1,22,,212868,4,,,1,20,,212869,4,,,1,60,,212870,4,,,1,20,,212871,4,,,1,20,,212872,4,,,1,60,,212873,4,,,1,20,,212874,4,,,1,20,,212875,4,,,1,60,,212876,4,,,1,20,,212877,4,,,1,20,,212878,4,,,1,60,,212879,4,,,1,20,,212880,4,,,1,20,,212881,4,,,1,60,,212882,4,,,1,20,,212883,4,,,1,20,,212884,4,,,1,60,,212885,4,,,1,20,,212886,4,,,1,20,,212887,4,,,1,60,,212888,4,,,1,19,,212889,4,,,1,19,,212890,4,,,1,60,,212891,4,,,1,20,,212892,4,,,1,20,,212893,4,,,1,60,,212894,4,,,1,42,,212895,4,,,1,100,,212896,4,,,1,100,,212897,4,,,1,100,,212898,4,,,1,100,,212899,4,,,1
5600,'056-Weekday-1-26-09-1111100',509,,213143,4,,,1,30,,213144,4,,,1,65,,213145,4,,,1,21,,213146,4,,,1,15,,213147,4,,,1,15,,213148,4,,,1,55,,213149,4,,,1,15,,213150,4,,,1,15,,213141,4,,,1,15,,213151,4,,,1,55,,213152,4,,,1,15,,213153,4,,,1,15,,213154,4,,,1,16,,213155,4,,,1,55,,213156,4,,,1,15,,213157,4,,,1,15,,213158,4,,,1,15,,213159,4,,,1,55,,213160,4,,,1,15,,213161,4,,,1,15,,213162,4,,,1,15,,213163,4,,,1,55,,213164,4,,,1,15,,213165,4,,,1,15,,213166,4,,,1,15,,213167,4,,,1,55,,213168,4,,,1,15,,213169,4,,,1,15,,213170,4,,,1,15,,213171,4,,,1,55,,213172,4,,,1,15,,213173,4,,,1,15,,213174,4,,,1,15,,213175,4,,,1,55,,213176,4,,,1,15,,213177,4,,,1,14,,213178,4,,,1,12,,213179,4,,,1,53,,213180,4,,,1,12,,213181,4,,,1,12,,213182,4,,,1,12,,213183,4,,,1,12,,213184,4,,,1,52,,213185,4,,,1,12,,213186,4,,,1,12,,213187,4,,,1,12,,213188,4,,,1,12,,213189,4,,,1,52,,213190,4,,,1,12,,213191,4,,,1,12,,213192,4,,,1,12,,213193,4,,,1,12,,213194,4,,,1,56,,213195,4,,,1,19,,213196,4,,,1,20,,213197,4,,,1,60,,213198,4,,,1,20,,213199,4,,,1,20,,213200,4,,,1,60,,213201,4,,,1,20,,213202,4,,,1,20,,213203,4,,,1,60,,213204,4,,,1,20,,213213,4,,,1,20,,213214,4,,,1,60,,213205,4,,,1,35,,213206,4,,,1,100,,213207,4,,,1,100,,213208,4,,,1
5600,'056-Weekday-2-26-09-1111100',509,,213217,4,,,1,30,,213218,4,,,1,65,,213219,4,,,1,21,,213220,4,,,1,15,,213221,4,,,1,15,,213222,4,,,1,55,,213223,4,,,1,15,,213224,4,,,1,15,,213215,4,,,1,15,,213225,4,,,1,55,,213226,4,,,1,15,,213227,4,,,1,15,,213228,4,,,1,16,,213229,4,,,1,55,,213230,4,,,1,15,,213231,4,,,1,15,,213232,4,,,1,15,,213233,4,,,1,55,,213234,4,,,1,15,,213235,4,,,1,15,,213236,4,,,1,15,,213237,4,,,1,55,,213238,4,,,1,15,,213239,4,,,1,15,,213240,4,,,1,15,,213241,4,,,1,55,,213242,4,,,1,15,,213243,4,,,1,15,,213244,4,,,1,15,,213245,4,,,1,55,,213246,4,,,1,15,,213247,4,,,1,15,,213248,4,,,1,15,,213249,4,,,1,55,,213250,4,,,1,15,,213251,4,,,1,14,,213252,4,,,1,12,,213253,4,,,1,53,,213254,4,,,1,12,,213255,4,,,1,12,,213256,4,,,1,12,,213257,4,,,1,12,,213258,4,,,1,52,,213259,4,,,1,12,,213260,4,,,1,12,,213261,4,,,1,12,,213262,4,,,1,12,,213263,4,,,1,52,,213264,4,,,1,12,,213265,4,,,1,12,,213266,4,,,1,12,,213267,4,,,1,12,,213268,4,,,1,56,,213269,4,,,1,19,,213270,4,,,1,20,,213271,4,,,1,60,,213272,4,,,1,20,,213273,4,,,1,20,,213274,4,,,1,60,,213275,4,,,1,20,,213276,4,,,1,20,,213277,4,,,1,60,,213278,4,,,1,20,,213287,4,,,1,20,,213288,4,,,1,60,,213279,4,,,1,35,,213280,4,,,1,100,,213281,4,,,1,100,,213282,4,,,1
5600,'056-Weekday-3-26-09-1111100',509,,256250,4,,,1,30,,256251,4,,,1,65,,256252,4,,,1,21,,256253,4,,,1,15,,256254,4,,,1,15,,256255,4,,,1,55,,256256,4,,,1,15,,256257,4,,,1,15,,256248,4,,,1,15,,256258,4,,,1,55,,256259,4,,,1,15,,256260,4,,,1,15,,256261,4,,,1,16,,256262,4,,,1,55,,256263,4,,,1,15,,256264,4,,,1,15,,256265,4,,,1,15,,256266,4,,,1,55,,256267,4,,,1,15,,256268,4,,,1,15,,256269,4,,,1,15,,256270,4,,,1,55,,256271,4,,,1,15,,256272,4,,,1,15,,256273,4,,,1,15,,256274,4,,,1,55,,256275,4,,,1,15,,256276,4,,,1,15,,256277,4,,,1,15,,256278,4,,,1,55,,256279,4,,,1,15,,256280,4,,,1,15,,256281,4,,,1,15,,256282,4,,,1,55,,256283,4,,,1,15,,256284,4,,,1,14,,256285,4,,,1,12,,256286,4,,,1,53,,256287,4,,,1,12,,256288,4,,,1,12,,256289,4,,,1,12,,256290,4,,,1,12,,256291,4,,,1,52,,256292,4,,,1,12,,256293,4,,,1,12,,256294,4,,,1,12,,256295,4,,,1,12,,256296,4,,,1,52,,256297,4,,,1,12,,256298,4,,,1,12,,256299,4,,,1,12,,256300,4,,,1,12,,256301,4,,,1,56,,256302,4,,,1,19,,256303,4,,,1,20,,256304,4,,,1,60,,256305,4,,,1,20,,256306,4,,,1,20,,256307,4,,,1,60,,256308,4,,,1,20,,256309,4,,,1,20,,256310,4,,,1,60,,256311,4,,,1,20,,256317,4,,,1,20,,256318,4,,,1,60,,256312,4,,,1,35,,256313,4,,,1,100,,256314,4,,,1,100,,256315,4,,,1
5600,'056-Weekday-4-26-09-1111100',509,,213291,4,,,1,30,,213292,4,,,1,65,,213293,4,,,1,21,,213294,4,,,1,15,,213295,4,,,1,15,,213296,4,,,1,55,,213297,4,,,1,15,,213298,4,,,1,15,,213289,4,,,1,15,,213299,4,,,1,55,,213300,4,,,1,15,,213301,4,,,1,15,,213302,4,,,1,16,,213303,4,,,1,55,,213304,4,,,1,15,,213305,4,,,1,15,,213306,4,,,1,15,,213307,4,,,1,55,,213308,4,,,1,15,,213309,4,,,1,15,,213310,4,,,1,15,,213311,4,,,1,55,,213312,4,,,1,15,,213313,4,,,1,15,,213314,4,,,1,15,,213315,4,,,1,55,,213316,4,,,1,15,,213317,4,,,1,15,,213318,4,,,1,15,,213319,4,,,1,55,,213320,4,,,1,15,,213321,4,,,1,15,,213322,4,,,1,15,,213323,4,,,1,55,,213324,4,,,1,15,,213325,4,,,1,14,,213326,4,,,1,12,,213327,4,,,1,53,,213328,4,,,1,12,,213329,4,,,1,12,,213330,4,,,1,12,,213331,4,,,1,12,,213332,4,,,1,52,,213333,4,,,1,12,,213334,4,,,1,12,,213335,4,,,1,12,,213336,4,,,1,12,,213337,4,,,1,52,,213338,4,,,1,12,,213339,4,,,1,12,,213340,4,,,1,12,,213341,4,,,1,12,,213342,4,,,1,56,,213343,4,,,1,19,,213344,4,,,1,20,,213345,4,,,1,60,,213346,4,,,1,20,,213347,4,,,1,20,,213348,4,,,1,60,,213349,4,,,1,20,,213350,4,,,1,20,,213351,4,,,1,60,,213352,4,,,1,20,,213357,4,,,1,20,,213358,4,,,1,60,,213353,4,,,1,35,,213354,4,,,1,100,,213355,4,,,1,100,,213356,4,,,1
5600,'056-Weekday-5-26-09-1111100',509,,256321,4,,,1,30,,256322,4,,,1,65,,256323,4,,,1,21,,256324,4,,,1,15,,256325,4,,,1,15,,256326,4,,,1,55,,256327,4,,,1,15,,256328,4,,,1,15,,256319,4,,,1,15,,256329,4,,,1,55,,256330,4,,,1,15,,256331,4,,,1,15,,256332,4,,,1,16,,256333,4,,,1,55,,256334,4,,,1,15,,256335,4,,,1,15,,256336,4,,,1,15,,256337,4,,,1,55,,256338,4,,,1,15,,256339,4,,,1,15,,256340,4,,,1,15,,256341,4,,,1,55,,256342,4,,,1,15,,256343,4,,,1,15,,256344,4,,,1,15,,256345,4,,,1,55,,256346,4,,,1,15,,256347,4,,,1,15,,256348,4,,,1,15,,256349,4,,,1,55,,256350,4,,,1,15,,256351,4,,,1,15,,256352,4,,,1,15,,256353,4,,,1,55,,256354,4,,,1,15,,256355,4,,,1,14,,256356,4,,,1,12,,256357,4,,,1,53,,256358,4,,,1,12,,256359,4,,,1,12,,256360,4,,,1,12,,256361,4,,,1,12,,256362,4,,,1,52,,256363,4,,,1,12,,256364,4,,,1,12,,256365,4,,,1,12,,256366,4,,,1,12,,256367,4,,,1,52,,256368,4,,,1,12,,256369,4,,,1,12,,256370,4,,,1,12,,256371,4,,,1,12,,256372,4,,,1,56,,256373,4,,,1,19,,256374,4,,,1,20,,256375,4,,,1,60,,256376,4,,,1,20,,256377,4,,,1,20,,256378,4,,,1,60,,256379,4,,,1,20,,256380,4,,,1,20,,256381,4,,,1,60,,256382,4,,,1,20,,256387,4,,,1,20,,256388,4,,,1,60,,256383,4,,,1,35,,256384,4,,,1,100,,256385,4,,,1,100,,256386,4,,,1
5600,'056-Weekday-6-26-09-1111100',509,,256391,4,,,1,30,,256392,4,,,1,65,,256393,4,,,1,21,,256394,4,,,1,15,,256395,4,,,1,15,,256396,4,,,1,55,,256397,4,,,1,15,,256398,4,,,1,15,,256389,4,,,1,15,,256399,4,,,1,55,,256400,4,,,1,15,,256401,4,,,1,15,,256402,4,,,1,16,,256403,4,,,1,55,,256404,4,,,1,15,,256405,4,,,1,15,,256406,4,,,1,15,,256407,4,,,1,55,,256408,4,,,1,15,,256409,4,,,1,15,,256410,4,,,1,15,,256411,4,,,1,55,,256412,4,,,1,15,,256413,4,,,1,15,,256414,4,,,1,15,,256415,4,,,1,55,,256416,4,,,1,15,,256417,4,,,1,15,,256418,4,,,1,15,,256419,4,,,1,55,,256420,4,,,1,15,,256421,4,,,1,15,,256422,4,,,1,15,,256423,4,,,1,55,,256424,4,,,1,15,,256425,4,,,1,14,,256426,4,,,1,12,,256427,4,,,1,53,,256428,4,,,1,12,,256429,4,,,1,12,,256430,4,,,1,12,,256431,4,,,1,12,,256432,4,,,1,52,,256433,4,,,1,12,,256434,4,,,1,12,,256435,4,,,1,12,,256436,4,,,1,12,,256437,4,,,1,52,,256438,4,,,1,12,,256439,4,,,1,12,,256440,4,,,1,12,,256441,4,,,1,12,,256442,4,,,1,56,,256443,4,,,1,19,,256444,4,,,1,20,,256445,4,,,1,60,,256446,4,,,1,20,,256447,4,,,1,20,,256448,4,,,1,60,,256449,4,,,1,20,,256450,4,,,1,20,,256451,4,,,1,60,,256452,4,,,1,20,,256461,4,,,1,20,,256462,4,,,1,60,,256453,4,,,1,35,,256454,4,,,1,100,,256455,4,,,1,100,,256456,4,,,1
5600,'056-Weekday-7-26-09-1111100',509,,256465,4,,,1,30,,256466,4,,,1,65,,256467,4,,,1,21,,256468,4,,,1,15,,256469,4,,,1,15,,256470,4,,,1,55,,256471,4,,,1,15,,256472,4,,,1,15,,256463,4,,,1,15,,256473,4,,,1,55,,256474,4,,,1,15,,256475,4,,,1,15,,256476,4,,,1,16,,256477,4,,,1,55,,256478,4,,,1,15,,256479,4,,,1,15,,256480,4,,,1,15,,256481,4,,,1,55,,256482,4,,,1,15,,256483,4,,,1,15,,256484,4,,,1,15,,256485,4,,,1,55,,256486,4,,,1,15,,256487,4,,,1,15,,256488,4,,,1,15,,256489,4,,,1,55,,256490,4,,,1,15,,256491,4,,,1,15,,256492,4,,,1,15,,256493,4,,,1,55,,256494,4,,,1,15,,256495,4,,,1,15,,256496,4,,,1,15,,256497,4,,,1,55,,256498,4,,,1,15,,256499,4,,,1,14,,256500,4,,,1,12,,256501,4,,,1,53,,256502,4,,,1,12,,256503,4,,,1,12,,256504,4,,,1,12,,256505,4,,,1,12,,256506,4,,,1,52,,256507,4,,,1,12,,256508,4,,,1,12,,256509,4,,,1,12,,256510,4,,,1,12,,256511,4,,,1,52,,256512,4,,,1,12,,256513,4,,,1,12,,256514,4,,,1,12,,256515,4,,,1,12,,256516,4,,,1,56,,256517,4,,,1,19,,256518,4,,,1,20,,256519,4,,,1,60,,256520,4,,,1,20,,256521,4,,,1,20,,256522,4,,,1,60,,256523,4,,,1,20,,256524,4,,,1,20,,256525,4,,,1,60,,256526,4,,,1,20,,256531,4,,,1,20,,256532,4,,,1,60,,256527,4,,,1,35,,256528,4,,,1,100,,256529,4,,,1,100,,256530,4,,,1
5600,'056-Saturday-1-26-09-0000010',525,,213403,4,,,1,30,,213359,4,,,1,70,,213404,4,,,1,30,,213360,4,,,1,70,,213405,4,,,1,30,,213361,4,,,1,55,,213406,4,,,1,15,,213362,4,,,1,15,,213363,4,,,1,15,,213407,4,,,1,55,,213364,4,,,1,15,,213365,4,,,1,14,,213408,4,,,1,14,,213366,4,,,1,54,,213367,4,,,1,14,,213368,4,,,1,15,,213409,4,,,1,15,,213369,4,,,1,55,,213370,4,,,1,15,,213371,4,,,1,15,,213410,4,,,1,15,,213372,4,,,1,55,,213373,4,,,1,15,,213374,4,,,1,15,,213411,4,,,1,15,,213375,4,,,1,55,,213376,4,,,1,15,,213377,4,,,1,15,,213412,4,,,1,15,,213378,4,,,1,55,,213379,4,,,1,15,,213381,4,,,1,15,,213413,4,,,1,15,,213382,4,,,1,55,,213383,4,,,1,15,,213380,4,,,1,15,,213414,4,,,1,15,,213392,4,,,1,55,,213393,4,,,1,15,,213394,4,,,1,15,,213415,4,,,1,15,,213395,4,,,1,55,,213396,4,,,1,16,,213397,4,,,1,15,,213416,4,,,1,15,,213398,4,,,1,55,,213399,4,,,1,15,,213400,4,,,1,15,,213417,4,,,1,15,,213401,4,,,1,55,,213402,4,,,1,20,,213389,4,,,1,20,,213418,4,,,1,60,,213384,4,,,1,20,,213390,4,,,1,20,,213419,4,,,1,60,,213385,4,,,1,20,,213391,4,,,1,20,,213420,4,,,1,60,,213386,4,,,1,30,,213421,4,,,1,70,,213388,4,,,1,30,,213422,4,,,1,70,,213387,4,,,1
5600,'056-Sunday-1-26-09-0000001',509,,213456,4,,,1,30,,213457,4,,,1,70,,213423,4,,,1,30,,213458,4,,,1,70,,213424,4,,,1,30,,213459,4,,,1,67,,213425,4,,,1,26,,213454,4,,,1,15,,213460,4,,,1,55,,213426,4,,,1,15,,213455,4,,,1,15,,213461,4,,,1,15,,213427,4,,,1,55,,213450,4,,,1,15,,213462,4,,,1,15,,213428,4,,,1,15,,213429,4,,,1,55,,213463,4,,,1,15,,213430,4,,,1,15,,213431,4,,,1,15,,213464,4,,,1,55,,213432,4,,,1,15,,213433,4,,,1,15,,213465,4,,,1,15,,213434,4,,,1,55,,213435,4,,,1,15,,213466,4,,,1,15,,213436,4,,,1,15,,213437,4,,,1,55,,213467,4,,,1,15,,213438,4,,,1,15,,213439,4,,,1,15,,213468,4,,,1,55,,213440,4,,,1,15,,213441,4,,,1,15,,213469,4,,,1,15,,213442,4,,,1,55,,213443,4,,,1,15,,213470,4,,,1,15,,213476,4,,,1,15,,213477,4,,,1,55,,213478,4,,,1,15,,213479,4,,,1,14,,213480,4,,,1,14,,213481,4,,,1,13,,213482,4,,,1,54,,213483,4,,,1,15,,213484,4,,,1,13,,213485,4,,,1,15,,213486,4,,,1,58,,213444,4,,,1,21,,213451,4,,,1,19,,213471,4,,,1,60,,213445,4,,,1,20,,213452,4,,,1,20,,213472,4,,,1,60,,213447,4,,,1,20,,213453,4,,,1,19,,213473,4,,,1,59,,213448,4,,,1,27,,213474,4,,,1,70,,213446,4,,,1,30,,213475,4,,,1,70,,213449,4,,,1
92401,'924-Weekday-1-26-09-1111100',657,,242361,16,,,1,70,,242362,16,,,1,30,,242363,16,,,1,70,,242364,16,,,1,30,,242377,16,,,1,70,,242378,16,,,1,30,,242365,16,,,1,100,,242366,16,,,1,100,,242367,16,,,1,100,,242368,16,,,1,100,,242369,16,,,1,100,,242370,16,,,1,100,,242376,16,,,1,70,,242371,16,,,1,30,,242372,16,,,1,70,,242373,16,,,1,30,,242374,16,,,1,70,,242375,16,,,1
92401,'924-Weekday-2-26-09-1111100',657,,242379,16,,,1,70,,242380,16,,,1,30,,242381,16,,,1,70,,242382,16,,,1,30,,242395,16,,,1,70,,242396,16,,,1,30,,242383,16,,,1,100,,242384,16,,,1,100,,242385,16,,,1,100,,242386,16,,,1,100,,242387,16,,,1,100,,242388,16,,,1,100,,242394,16,,,1,70,,242389,16,,,1,30,,242390,16,,,1,70,,242391,16,,,1,30,,242392,16,,,1,70,,242393,16,,,1
92401,'924-Weekday-3-26-09-1111100',657,,284871,16,,,1,70,,284872,16,,,1,30,,284873,16,,,1,70,,284874,16,,,1,30,,284887,16,,,1,70,,284888,16,,,1,30,,284875,16,,,1,100,,284876,16,,,1,100,,284877,16,,,1,100,,284878,16,,,1,100,,284879,16,,,1,100,,284880,16,,,1,100,,284886,16,,,1,70,,284881,16,,,1,30,,284882,16,,,1,70,,284883,16,,,1,30,,284884,16,,,1,70,,284885,16,,,1
92401,'924-Weekday-4-26-09-1111100',657,,242397,16,,,1,70,,242398,16,,,1,30,,242399,16,,,1,70,,242400,16,,,1,30,,242413,16,,,1,70,,242414,16,,,1,30,,242401,16,,,1,100,,242402,16,,,1,100,,242403,16,,,1,100,,242404,16,,,1,100,,242405,16,,,1,100,,242406,16,,,1,100,,242412,16,,,1,70,,242407,16,,,1,30,,242408,16,,,1,70,,242409,16,,,1,30,,242410,16,,,1,70,,242411,16,,,1
92401,'924-Weekday-5-26-09-1111100',657,,284889,16,,,1,70,,284890,16,,,1,30,,284891,16,,,1,70,,284892,16,,,1,30,,284905,16,,,1,70,,284906,16,,,1,30,,284893,16,,,1,100,,284894,16,,,1,100,,284895,16,,,1,100,,284896,16,,,1,100,,284897,16,,,1,100,,284898,16,,,1,100,,284904,16,,,1,70,,284899,16,,,1,30,,284900,16,,,1,70,,284901,16,,,1,30,,284902,16,,,1,70,,284903,16,,,1
92401,'924-Weekday-6-26-09-1111100',657,,284907,16,,,1,70,,284908,16,,,1,30,,284909,16,,,1,70,,284910,16,,,1,30,,284923,16,,,1,70,,284924,16,,,1,30,,284911,16,,,1,100,,284912,16,,,1,100,,284913,16,,,1,100,,284914,16,,,1,100,,284915,16,,,1,100,,284916,16,,,1,100,,284922,16,,,1,70,,284917,16,,,1,30,,284918,16,,,1,70,,284919,16,,,1,30,,284920,16,,,1,70,,284921,16,,,1
92401,'924-Weekday-7-26-09-1111100',657,,284925,16,,,1,70,,284926,16,,,1,30,,284927,16,,,1,70,,284928,16,,,1,30,,284941,16,,,1,70,,284942,16,,,1,30,,284929,16,,,1,100,,284930,16,,,1,100,,284931,16,,,1,100,,284932,16,,,1,100,,284933,16,,,1,100,,284934,16,,,1,100,,284940,16,,,1,70,,284935,16,,,1,30,,284936,16,,,1,70,,284937,16,,,1,30,,284938,16,,,1,70,,284939,16,,,1
92401,'924-Saturday-1-26-09-0000010',827,,242415,16,,,1,100,,242416,16,,,1,100,,242417,16,,,1,100,,242418,16,,,1,100,,242419,16,,,1,100,,242420,16,,,1,100,,242421,16,,,1,100,,242422,16,,,1,100,,242423,16,,,1,100,,242424,16,,,1,100,,242425,16,,,1
92401,'924-Sunday-1-26-09-0000001',1027,,242426,16,,,1,100,,242427,16,,,1,100,,242428,16,,,1,100,,242429,16,,,1,100,,242430,16,,,1,100,,242431,16,,,1,100,,242432,16,,,1,100,,242433,16,,,1,100,,242434,16,,,1
