10301,'103-Weekday-1-26-09-1111100',542,,214723,16,,,1,70,,214724,16,,,1,31,,214760,16,,,1,70,,214761,16,,,1,30,,214762,16,,,1,64,,214772,16,0,15 16,1,6,,214763,16,,,1,24,,214766,16,,,1,64,,214730,16,,,1,19,,214731,16,,,1,20,,214732,16,,,1,60,,214733,16,,,1,20,,214767,16,,,1,20,,214734,16,,,1,60,,214735,16,,,1,20,,214768,16,,,1,20,,214736,16,,,1,60,,214737,16,,,1,20,,214769,16,,,1,20,,214738,16,,,1,60,,214739,16,,,1,20,,214770,16,,,1,20,,214740,16,,,1,60,,214741,16,,,1,20,,214771,16,,,1,20,,214742,16,,,1,62,,214764,16,,,1,24,,214759,16,,,1,30,,214758,16,,,1,70,,214757,16,,,1,30,,214756,16,,,1,70,,214755,16,,,1,30,,214765,16,,,1,70,,214743,16,,,1,29,,214744,16,,,1,70,,214745,16,,,1,30,,214746,16,,,1,70,,214747,16,,,1,30,,214748,16,,,1,70,,214749,16,,,1,30,,214750,16,,,1,70,,214751,16,,,1,33,,214752,16,,,1,70,,214753,16,,,1,30,,214754,16,,,1
10301,'103-Weekday-2-26-09-1111100',542,,214773,16,,,1,70,,214774,16,,,1,31,,214810,16,,,1,70,,214811,16,,,1,30,,214812,16,,,1,70,,214813,16,,,1,24,,214816,16,,,1,64,,214780,16,,,1,19,,214781,16,,,1,20,,214782,16,,,1,60,,214783,16,,,1,20,,214817,16,,,1,20,,214784,16,,,1,60,,214785,16,,,1,20,,214818,16,,,1,20,,214786,16,,,1,60,,214787,16,,,1,20,,214819,16,,,1,20,,214788,16,,,1,60,,214789,16,,,1,20,,214820,16,,,1,20,,214790,16,,,1,60,,214791,16,,,1,20,,214821,16,,,1,20,,214792,16,,,1,62,,214814,16,,,1,24,,214809,16,,,1,30,,214808,16,,,1,70,,214807,16,,,1,30,,214806,16,,,1,70,,214805,16,,,1,30,,214815,16,,,1,70,,214793,16,,,1,29,,214794,16,,,1,70,,214795,16,,,1,30,,214796,16,,,1,70,,214797,16,,,1,30,,214798,16,,,1,70,,214799,16,,,1,30,,214800,16,,,1,70,,214801,16,,,1,33,,214802,16,,,1,70,,214803,16,,,1,30,,214804,16,,,1
10301,'103-Weekday-3-26-09-1111100',542,,258306,16,,,1,70,,258307,16,,,1,31,,258343,16,,,1,70,,258344,16,,,1,30,,258345,16,,,1,64,,258355,16,0,15 16,1,6,,258346,16,,,1,24,,258349,16,,,1,64,,258313,16,,,1,19,,258314,16,,,1,20,,258315,16,,,1,60,,258316,16,,,1,20,,258350,16,,,1,20,,258317,16,,,1,60,,258318,16,,,1,20,,258351,16,,,1,20,,258319,16,,,1,60,,258320,16,,,1,20,,258352,16,,,1,20,,258321,16,,,1,60,,258322,16,,,1,20,,258353,16,,,1,20,,258323,16,,,1,60,,258324,16,,,1,20,,258354,16,,,1,20,,258325,16,,,1,62,,258347,16,,,1,24,,258342,16,,,1,30,,258341,16,,,1,70,,258340,16,,,1,30,,258339,16,,,1,70,,258338,16,,,1,30,,258348,16,,,1,70,,258326,16,,,1,29,,258327,16,,,1,70,,258328,16,,,1,30,,258329,16,,,1,70,,258330,16,,,1,30,,258331,16,,,1,70,,258332,16,,,1,30,,258333,16,,,1,70,,258334,16,,,1,33,,258335,16,,,1,70,,258336,16,,,1,30,,258337,16,,,1
10301,'103-Weekday-4-26-09-1111100',542,,214822,16,,,1,70,,214823,16,,,1,31,,214859,16,,,1,70,,214860,16,,,1,30,,214861,16,,,1,70,,214862,16,,,1,24,,214865,16,,,1,64,,214829,16,,,1,19,,214830,16,,,1,20,,214831,16,,,1,60,,214832,16,,,1,20,,214866,16,,,1,20,,214833,16,,,1,60,,214834,16,,,1,20,,214867,16,,,1,20,,214835,16,,,1,60,,214836,16,,,1,20,,214868,16,,,1,20,,214837,16,,,1,60,,214838,16,,,1,20,,214869,16,,,1,20,,214839,16,,,1,60,,214840,16,,,1,20,,214870,16,,,1,20,,214841,16,,,1,62,,214863,16,,,1,24,,214858,16,,,1,30,,214857,16,,,1,70,,214856,16,,,1,30,,214855,16,,,1,70,,214854,16,,,1,30,,214864,16,,,1,70,,214842,16,,,1,29,,214843,16,,,1,70,,214844,16,,,1,30,,214845,16,,,1,70,,214846,16,,,1,30,,214847,16,,,1,70,,214848,16,,,1,30,,214849,16,,,1,70,,214850,16,,,1,33,,214851,16,,,1,70,,214852,16,,,1,30,,214853,16,,,1
10301,'103-Weekday-5-26-09-1111100',542,,258356,16,,,1,70,,258357,16,,,1,31,,258393,16,,,1,70,,258394,16,,,1,30,,258395,16,,,1,70,,258396,16,,,1,24,,258399,16,,,1,64,,258363,16,,,1,19,,258364,16,,,1,20,,258365,16,,,1,60,,258366,16,,,1,20,,258400,16,,,1,20,,258367,16,,,1,60,,258368,16,,,1,20,,258401,16,,,1,20,,258369,16,,,1,60,,258370,16,,,1,20,,258402,16,,,1,20,,258371,16,,,1,60,,258372,16,,,1,20,,258403,16,,,1,20,,258373,16,,,1,60,,258374,16,,,1,20,,258404,16,,,1,20,,258375,16,,,1,62,,258397,16,,,1,24,,258392,16,,,1,30,,258391,16,,,1,70,,258390,16,,,1,30,,258389,16,,,1,70,,258388,16,,,1,30,,258398,16,,,1,70,,258376,16,,,1,29,,258377,16,,,1,70,,258378,16,,,1,30,,258379,16,,,1,70,,258380,16,,,1,30,,258381,16,,,1,70,,258382,16,,,1,30,,258383,16,,,1,70,,258384,16,,,1,33,,258385,16,,,1,70,,258386,16,,,1,30,,258387,16,,,1
10301,'103-Weekday-6-26-09-1111100',542,,258406,16,,,1,70,,258407,16,,,1,31,,258443,16,,,1,70,,258444,16,,,1,30,,258445,16,,,1,64,,258455,16,0,15 16,1,6,,258446,16,,,1,24,,258449,16,,,1,64,,258413,16,,,1,19,,258414,16,,,1,20,,258415,16,,,1,60,,258416,16,,,1,20,,258450,16,,,1,20,,258417,16,,,1,60,,258418,16,,,1,20,,258451,16,,,1,20,,258419,16,,,1,60,,258420,16,,,1,20,,258452,16,,,1,20,,258421,16,,,1,60,,258422,16,,,1,20,,258453,16,,,1,20,,258423,16,,,1,60,,258424,16,,,1,20,,258454,16,,,1,20,,258425,16,,,1,62,,258447,16,,,1,24,,258442,16,,,1,30,,258441,16,,,1,70,,258440,16,,,1,30,,258439,16,,,1,70,,258438,16,,,1,30,,258448,16,,,1,70,,258426,16,,,1,29,,258427,16,,,1,70,,258428,16,,,1,30,,258429,16,,,1,70,,258430,16,,,1,30,,258431,16,,,1,70,,258432,16,,,1,30,,258433,16,,,1,70,,258434,16,,,1,33,,258435,16,,,1,70,,258436,16,,,1,30,,258437,16,,,1
10301,'103-Weekday-7-26-09-1111100',542,,258456,16,,,1,70,,258457,16,,,1,31,,258493,16,,,1,70,,258494,16,,,1,30,,258495,16,,,1,70,,258496,16,,,1,24,,258499,16,,,1,64,,258463,16,,,1,19,,258464,16,,,1,20,,258465,16,,,1,60,,258466,16,,,1,20,,258500,16,,,1,20,,258467,16,,,1,60,,258468,16,,,1,20,,258501,16,,,1,20,,258469,16,,,1,60,,258470,16,,,1,20,,258502,16,,,1,20,,258471,16,,,1,60,,258472,16,,,1,20,,258503,16,,,1,20,,258473,16,,,1,60,,258474,16,,,1,20,,258504,16,,,1,20,,258475,16,,,1,62,,258497,16,,,1,24,,258492,16,,,1,30,,258491,16,,,1,70,,258490,16,,,1,30,,258489,16,,,1,70,,258488,16,,,1,30,,258498,16,,,1,70,,258476,16,,,1,29,,258477,16,,,1,70,,258478,16,,,1,30,,258479,16,,,1,70,,258480,16,,,1,30,,258481,16,,,1,70,,258482,16,,,1,30,,258483,16,,,1,70,,258484,16,,,1,33,,258485,16,,,1,70,,258486,16,,,1,30,,258487,16,,,1
10301,'103-Saturday-1-26-09-0000010',615,,214871,16,,,1,30,,214872,16,,,1,70,,214873,16,,,1,30,,214874,16,,,1,70,,214875,16,,,1,30,,214876,16,,,1,68,,214877,16,,,1,30,,214878,16,,,1,70,,214879,16,,,1,30,,214880,16,,,1,70,,214881,16,,,1,30,,214882,16,,,1,70,,214883,16,,,1,30,,214884,16,,,1,70,,214885,16,,,1,30,,214886,16,,,1,70,,214887,16,,,1,30,,214888,16,,,1,70,,214889,16,,,1,30,,214890,16,,,1,70,,214891,16,,,1,30,,214892,16,,,1,72,,214893,16,,,1,30,,214894,16,,,1,70,,214895,16,,,1,30,,214896,16,,,1,70,,214897,16,,,1,30,,214898,16,,,1,70,,214899,16,,,1,30,,214900,16,,,1,70,,214901,16,,,1,30,,214902,16,,,1,70,,214903,16,,,1,30,,214904,16,,,1,70,,214905,16,,,1,30,,214906,16,,,1,70,,214907,16,,,1
10301,'103-Sunday-1-26-09-0000001',609,,214908,16,,,1,30,,214909,16,,,1,70,,214910,16,,,1,30,,214911,16,,,1,70,,214912,16,,,1,30,,214913,16,,,1,67,,214914,16,,,1,32,,214915,16,,,1,70,,214916,16,,,1,30,,214917,16,,,1,70,,214918,16,,,1,30,,214919,16,,,1,70,,214920,16,,,1,30,,214921,16,,,1,70,,214922,16,,,1,30,,214923,16,,,1,70,,214924,16,,,1,30,,214925,16,,,1,70,,214926,16,,,1,30,,214927,16,,,1,70,,214928,16,,,1,30,,214929,16,,,1,71,,214930,16,,,1,30,,214931,16,,,1,70,,214932,16,,,1,30,,214933,16,,,1,70,,214934,16,,,1,30,,214935,16,,,1,70,,214936,16,,,1,30,,214937,16,,,1,70,,214938,16,,,1,30,,214939,16,,,1,70,,214940,16,,,1,30,,214941,16,,,1,70,,214942,16,,,1,30,,214943,16,,,1,70,,214944,16,,,1
10900,'109-Weekday-1-26-09-1111100',534,,216855,57,,,1,70,,216856,57,,,1,31,,216857,57,,,1,73,,216895,57,,,1,15,,216858,57,,,1,15,,216890,57,,,1,15,,216860,57,,,1,55,,216859,57,,,1,15,,216891,57,,,1,15,,216861,57,,,1,15,,216899,57,,,1,54,,216898,57,,,1,29,,216862,57,,,1,70,,216863,57,,,1,30,,216864,57,,,1,70,,216865,57,,,1,30,,216866,57,,,1,70,,216867,57,,,1,30,,216868,57,,,1,70,,216869,57,,,1,30,,216870,57,,,1,70,,216871,57,,,1,30,,216872,57,,,1,70,,216873,57,,,1,34,,216874,57,,,1,15,,216875,57,,,1,55,,216892,57,,,1,15,,216877,57,,,1,15,,216876,57,,,1,15,,216893,57,,,1,55,,216878,57,,,1,15,,216897,57,,,1,15,,216896,57,,,1,70,,216879,57,,,1,30,,216880,57,,,1,65,,216881,57,,,1,30,,216882,57,,,1,70,,216883,57,,,1,30,,216884,57,,,1,70,,216885,57,,,1,30,,216886,57,,,1,70,,216887,57,,,1,30,,216894,57,,,1,100,,216888,57,,,1,100,,216889,57,,,1
10900,'109-Weekday-2-26-09-1111100',534,,216900,57,,,1,70,,216901,57,,,1,31,,216902,57,,,1,73,,216940,57,,,1,15,,216903,57,,,1,15,,216935,57,,,1,15,,216905,57,,,1,55,,216904,57,,,1,15,,216936,57,,,1,15,,216906,57,,,1,15,,216944,57,,,1,54,,216943,57,,,1,29,,216907,57,,,1,70,,216908,57,,,1,30,,216909,57,,,1,70,,216910,57,,,1,30,,216911,57,,,1,70,,216912,57,,,1,30,,216913,57,,,1,70,,216914,57,,,1,30,,216915,57,,,1,70,,216916,57,,,1,30,,216917,57,,,1,70,,216918,57,,,1,34,,216919,57,,,1,15,,216920,57,,,1,55,,216937,57,,,1,15,,216922,57,,,1,15,,216921,57,,,1,15,,216938,57,,,1,55,,216923,57,,,1,15,,216942,57,,,1,15,,216941,57,,,1,70,,216924,57,,,1,30,,216925,57,,,1,65,,216926,57,,,1,30,,216927,57,,,1,70,,216928,57,,,1,30,,216929,57,,,1,70,,216930,57,,,1,30,,216931,57,,,1,70,,216932,57,,,1,30,,216939,57,,,1,100,,216933,57,,,1,100,,216934,57,,,1
10900,'109-Weekday-3-26-09-1111100',534,,260390,57,,,1,70,,260391,57,,,1,31,,260392,57,,,1,73,,260430,57,,,1,15,,260393,57,,,1,15,,260425,57,,,1,15,,260395,57,,,1,55,,260394,57,,,1,15,,260426,57,,,1,15,,260396,57,,,1,15,,260434,57,,,1,54,,260433,57,,,1,29,,260397,57,,,1,70,,260398,57,,,1,30,,260399,57,,,1,70,,260400,57,,,1,30,,260401,57,,,1,70,,260402,57,,,1,30,,260403,57,,,1,70,,260404,57,,,1,30,,260405,57,,,1,70,,260406,57,,,1,30,,260407,57,,,1,70,,260408,57,,,1,34,,260409,57,,,1,15,,260410,57,,,1,55,,260427,57,,,1,15,,260412,57,,,1,15,,260411,57,,,1,15,,260428,57,,,1,55,,260413,57,,,1,15,,260432,57,,,1,15,,260431,57,,,1,70,,260414,57,,,1,30,,260415,57,,,1,65,,260416,57,,,1,30,,260417,57,,,1,70,,260418,57,,,1,30,,260419,57,,,1,70,,260420,57,,,1,30,,260421,57,,,1,70,,260422,57,,,1,30,,260429,57,,,1,100,,260423,57,,,1,100,,260424,57,,,1
10900,'109-Weekday-4-26-09-1111100',534,,216945,57,,,1,70,,216946,57,,,1,31,,216947,57,,,1,73,,216985,57,,,1,15,,216948,57,,,1,15,,216980,57,,,1,15,,216950,57,,,1,55,,216949,57,,,1,15,,216981,57,,,1,15,,216951,57,,,1,15,,216989,57,,,1,54,,216988,57,,,1,29,,216952,57,,,1,70,,216953,57,,,1,30,,216954,57,,,1,70,,216955,57,,,1,30,,216956,57,,,1,70,,216957,57,,,1,30,,216958,57,,,1,70,,216959,57,,,1,30,,216960,57,,,1,70,,216961,57,,,1,30,,216962,57,,,1,70,,216963,57,,,1,34,,216964,57,,,1,15,,216965,57,,,1,55,,216982,57,,,1,15,,216967,57,,,1,15,,216966,57,,,1,15,,216983,57,,,1,55,,216968,57,,,1,15,,216987,57,,,1,15,,216986,57,,,1,70,,216969,57,,,1,30,,216970,57,,,1,65,,216971,57,,,1,30,,216972,57,,,1,70,,216973,57,,,1,30,,216974,57,,,1,70,,216975,57,,,1,30,,216976,57,,,1,70,,216977,57,,,1,30,,216984,57,,,1,100,,216978,57,,,1,100,,216979,57,,,1
10900,'109-Weekday-5-26-09-1111100',534,,260435,57,,,1,70,,260436,57,,,1,31,,260437,57,,,1,73,,260475,57,,,1,15,,260438,57,,,1,15,,260470,57,,,1,15,,260440,57,,,1,55,,260439,57,,,1,15,,260471,57,,,1,15,,260441,57,,,1,15,,260479,57,,,1,54,,260478,57,,,1,29,,260442,57,,,1,70,,260443,57,,,1,30,,260444,57,,,1,70,,260445,57,,,1,30,,260446,57,,,1,70,,260447,57,,,1,30,,260448,57,,,1,70,,260449,57,,,1,30,,260450,57,,,1,70,,260451,57,,,1,30,,260452,57,,,1,70,,260453,57,,,1,34,,260454,57,,,1,15,,260455,57,,,1,55,,260472,57,,,1,15,,260457,57,,,1,15,,260456,57,,,1,15,,260473,57,,,1,55,,260458,57,,,1,15,,260477,57,,,1,15,,260476,57,,,1,70,,260459,57,,,1,30,,260460,57,,,1,65,,260461,57,,,1,30,,260462,57,,,1,70,,260463,57,,,1,30,,260464,57,,,1,70,,260465,57,,,1,30,,260466,57,,,1,70,,260467,57,,,1,30,,260474,57,,,1,100,,260468,57,,,1,100,,260469,57,,,1
10900,'109-Weekday-6-26-09-1111100',534,,260480,57,,,1,70,,260481,57,,,1,31,,260482,57,,,1,73,,260520,57,,,1,15,,260483,57,,,1,15,,260515,57,,,1,15,,260485,57,,,1,55,,260484,57,,,1,15,,260516,57,,,1,15,,260486,57,,,1,15,,260524,57,,,1,54,,260523,57,,,1,29,,260487,57,,,1,70,,260488,57,,,1,30,,260489,57,,,1,70,,260490,57,,,1,30,,260491,57,,,1,70,,260492,57,,,1,30,,260493,57,,,1,70,,260494,57,,,1,30,,260495,57,,,1,70,,260496,57,,,1,30,,260497,57,,,1,70,,260498,57,,,1,34,,260499,57,,,1,15,,260500,57,,,1,55,,260517,57,,,1,15,,260502,57,,,1,15,,260501,57,,,1,15,,260518,57,,,1,55,,260503,57,,,1,15,,260522,57,,,1,15,,260521,57,,,1,70,,260504,57,,,1,30,,260505,57,,,1,65,,260506,57,,,1,30,,260507,57,,,1,70,,260508,57,,,1,30,,260509,57,,,1,70,,260510,57,,,1,30,,260511,57,,,1,70,,260512,57,,,1,30,,260519,57,,,1,100,,260513,57,,,1,100,,260514,57,,,1
10900,'109-Weekday-7-26-09-1111100',534,,260525,57,,,1,70,,260526,57,,,1,31,,260527,57,,,1,73,,260565,57,,,1,15,,260528,57,,,1,15,,260560,57,,,1,15,,260530,57,,,1,55,,260529,57,,,1,15,,260561,57,,,1,15,,260531,57,,,1,15,,260569,57,,,1,54,,260568,57,,,1,29,,260532,57,,,1,70,,260533,57,,,1,30,,260534,57,,,1,70,,260535,57,,,1,30,,260536,57,,,1,70,,260537,57,,,1,30,,260538,57,,,1,70,,260539,57,,,1,30,,260540,57,,,1,70,,260541,57,,,1,30,,260542,57,,,1,70,,260543,57,,,1,34,,260544,57,,,1,15,,260545,57,,,1,55,,260562,57,,,1,15,,260547,57,,,1,15,,260546,57,,,1,15,,260563,57,,,1,55,,260548,57,,,1,15,,260567,57,,,1,15,,260566,57,,,1,70,,260549,57,,,1,30,,260550,57,,,1,65,,260551,57,,,1,30,,260552,57,,,1,70,,260553,57,,,1,30,,260554,57,,,1,70,,260555,57,,,1,30,,260556,57,,,1,70,,260557,57,,,1,30,,260564,57,,,1,100,,260558,57,,,1,100,,260559,57,,,1
10900,'109-Saturday-1-26-09-0000010',824,,216990,57,,,1,30,,216991,57,,,1,73,,216992,57,,,1,31,,216993,57,,,1,70,,216994,57,,,1,30,,216995,57,,,1,70,,216996,57,,,1,30,,216997,57,,,1,70,,216998,57,,,1,30,,216999,57,,,1,70,,217000,57,,,1,30,,217001,57,,,1,70,,217002,57,,,1,30,,217003,57,,,1,70,,217004,57,,,1,30,,217005,57,,,1,70,,217006,57,,,1,30,,217007,57,,,1,68,,217008,57,,,1,30,,217009,57,,,1,70,,217010,57,,,1,30,,217011,57,,,1,70,,217012,57,,,1,30,,217013,57,,,1,70,,217014,57,,,1,30,,217015,57,,,1,70,,217016,57,,,1,30,,217017,57,,,1,70,,217018,57,,,1
10900,'109-Sunday-1-26-09-0000001',1037,,217019,57,,,1,70,,217020,57,,,1,30,,217021,57,,,1,70,,217022,57,,,1,30,,217023,57,,,1,70,,217024,57,,,1,30,,217025,57,,,1,70,,217026,57,,,1,30,,217027,57,,,1,70,,217028,57,,,1,30,,217029,57,,,1,70,,217030,57,,,1,30,,217031,57,,,1,69,,217032,57,,,1,29,,217033,57,,,1,70,,217034,57,,,1,30,,217035,57,,,1,70,,217036,57,,,1
12400,'124-Weekday-1-26-09-1111100',602,,220732,43,,,1,30,,220737,43,,,1,74,,220742,43,,,1,15,,220706,43,,,1,15,,220707,43,,,1,15,,220708,43,,,1,55,,220709,43,,,1,15,,220738,43,,,1,15,,220710,43,,,1,15,,220711,43,,,1,55,,220745,43,,,1,30,,220729,43,,,1,70,,220730,43,,,1,30,,220712,43,,,1,70,,220713,43,,,1,30,,220714,43,,,1,70,,220715,43,,,1,30,,220716,43,,,1,70,,220717,43,,,1,30,,220718,43,,,1,70,,220731,43,,,1,30,,220733,43,,,1,70,,220739,43,,,1,28,,220743,43,,,1,15,,220719,43,,,1,54,,220744,43,,,1,1,,220736,43,,,1,15,,220720,43,,,1,15,,220721,43,,,1,15,,220722,43,,,1,55,,220723,43,,,1,15,,220724,43,,,1,15,,220725,43,,,1,15,,220741,43,,,1,55,,220740,43,,,1,29,,220728,43,,,1,26,,220734,43,,,1,70,,220735,43,,,1,30,,220703,43,,,1,70,,220704,43,,,1,30,,220705,43,,,1,70,,220726,43,,,1,30,,220727,43,,,1
12400,'124-Weekday-2-26-09-1111100',602,,220775,43,,,1,30,,220780,43,,,1,74,,220785,43,,,1,15,,220749,43,,,1,15,,220750,43,,,1,15,,220751,43,,,1,55,,220752,43,,,1,15,,220781,43,,,1,15,,220753,43,,,1,15,,220754,43,,,1,55,,220788,43,,,1,30,,220772,43,,,1,70,,220773,43,,,1,30,,220755,43,,,1,70,,220756,43,,,1,30,,220757,43,,,1,70,,220758,43,,,1,30,,220759,43,,,1,70,,220760,43,,,1,30,,220761,43,,,1,70,,220774,43,,,1,30,,220776,43,,,1,70,,220782,43,,,1,28,,220786,43,,,1,15,,220762,43,,,1,54,,220787,43,,,1,1,,220779,43,,,1,15,,220763,43,,,1,15,,220764,43,,,1,15,,220765,43,,,1,55,,220766,43,,,1,15,,220767,43,,,1,15,,220768,43,,,1,15,,220784,43,,,1,55,,220783,43,,,1,29,,220771,43,,,1,26,,220777,43,,,1,70,,220778,43,,,1,30,,220746,43,,,1,70,,220747,43,,,1,30,,220748,43,,,1,70,,220769,43,,,1,30,,220770,43,,,1
12400,'124-Weekday-3-26-09-1111100',602,,264051,43,,,1,30,,264056,43,,,1,74,,264061,43,,,1,15,,264025,43,,,1,15,,264026,43,,,1,15,,264027,43,,,1,55,,264028,43,,,1,15,,264057,43,,,1,15,,264029,43,,,1,15,,264030,43,,,1,55,,264063,43,,,1,30,,264048,43,,,1,70,,264049,43,,,1,30,,264031,43,,,1,70,,264032,43,,,1,30,,264033,43,,,1,70,,264034,43,,,1,30,,264035,43,,,1,70,,264036,43,,,1,30,,264037,43,,,1,70,,264050,43,,,1,30,,264052,43,,,1,70,,264058,43,,,1,28,,264062,43,,,1,15,,264038,43,,,1,55,,264055,43,,,1,15,,264039,43,,,1,15,,264040,43,,,1,15,,264041,43,,,1,55,,264042,43,,,1,15,,264043,43,,,1,15,,264044,43,,,1,15,,264060,43,,,1,55,,264059,43,,,1,29,,264047,43,,,1,26,,264053,43,,,1,70,,264054,43,,,1,30,,264022,43,,,1,70,,264023,43,,,1,30,,264024,43,,,1,70,,264045,43,,,1,30,,264046,43,,,1
12400,'124-Weekday-4-26-09-1111100',602,,220818,43,,,1,30,,220823,43,,,1,74,,220828,43,,,1,15,,220792,43,,,1,15,,220793,43,,,1,15,,220794,43,,,1,55,,220795,43,,,1,15,,220824,43,,,1,15,,220796,43,,,1,15,,220797,43,,,1,55,,220830,43,,,1,30,,220815,43,,,1,70,,220816,43,,,1,30,,220798,43,,,1,70,,220799,43,,,1,30,,220800,43,,,1,70,,220801,43,,,1,30,,220802,43,,,1,70,,220803,43,,,1,30,,220804,43,,,1,70,,220817,43,,,1,30,,220819,43,,,1,70,,220825,43,,,1,28,,220829,43,,,1,15,,220805,43,,,1,55,,220822,43,,,1,15,,220806,43,,,1,15,,220807,43,,,1,15,,220808,43,,,1,55,,220809,43,,,1,15,,220810,43,,,1,15,,220811,43,,,1,15,,220827,43,,,1,55,,220826,43,,,1,29,,220814,43,,,1,26,,220820,43,,,1,70,,220821,43,,,1,30,,220789,43,,,1,70,,220790,43,,,1,30,,220791,43,,,1,70,,220812,43,,,1,30,,220813,43,,,1
12400,'124-Weekday-5-26-09-1111100',602,,264093,43,,,1,30,,264098,43,,,1,74,,264103,43,,,1,15,,264067,43,,,1,15,,264068,43,,,1,15,,264069,43,,,1,55,,264070,43,,,1,15,,264099,43,,,1,15,,264071,43,,,1,15,,264072,43,,,1,55,,264105,43,,,1,30,,264090,43,,,1,70,,264091,43,,,1,30,,264073,43,,,1,70,,264074,43,,,1,30,,264075,43,,,1,70,,264076,43,,,1,30,,264077,43,,,1,70,,264078,43,,,1,30,,264079,43,,,1,70,,264092,43,,,1,30,,264094,43,,,1,70,,264100,43,,,1,28,,264104,43,,,1,15,,264080,43,,,1,55,,264097,43,,,1,15,,264081,43,,,1,15,,264082,43,,,1,15,,264083,43,,,1,55,,264084,43,,,1,15,,264085,43,,,1,15,,264086,43,,,1,15,,264102,43,,,1,55,,264101,43,,,1,29,,264089,43,,,1,26,,264095,43,,,1,70,,264096,43,,,1,30,,264064,43,,,1,70,,264065,43,,,1,30,,264066,43,,,1,70,,264087,43,,,1,30,,264088,43,,,1
12400,'124-Weekday-6-26-09-1111100',602,,264135,43,,,1,30,,264140,43,,,1,74,,264145,43,,,1,15,,264109,43,,,1,15,,264110,43,,,1,15,,264111,43,,,1,55,,264112,43,,,1,15,,264141,43,,,1,15,,264113,43,,,1,15,,264114,43,,,1,55,,264148,43,,,1,30,,264132,43,,,1,70,,264133,43,,,1,30,,264115,43,,,1,70,,264116,43,,,1,30,,264117,43,,,1,70,,264118,43,,,1,30,,264119,43,,,1,70,,264120,43,,,1,30,,264121,43,,,1,70,,264134,43,,,1,30,,264136,43,,,1,70,,264142,43,,,1,28,,264146,43,,,1,15,,264122,43,,,1,54,,264147,43,,,1,1,,264139,43,,,1,15,,264123,43,,,1,15,,264124,43,,,1,15,,264125,43,,,1,55,,264126,43,,,1,15,,264127,43,,,1,15,,264128,43,,,1,15,,264144,43,,,1,55,,264143,43,,,1,29,,264131,43,,,1,26,,264137,43,,,1,70,,264138,43,,,1,30,,264106,43,,,1,70,,264107,43,,,1,30,,264108,43,,,1,70,,264129,43,,,1,30,,264130,43,,,1
12400,'124-Weekday-7-26-09-1111100',602,,264178,43,,,1,30,,264183,43,,,1,74,,264188,43,,,1,15,,264152,43,,,1,15,,264153,43,,,1,15,,264154,43,,,1,55,,264155,43,,,1,15,,264184,43,,,1,15,,264156,43,,,1,15,,264157,43,,,1,55,,264190,43,,,1,30,,264175,43,,,1,70,,264176,43,,,1,30,,264158,43,,,1,70,,264159,43,,,1,30,,264160,43,,,1,70,,264161,43,,,1,30,,264162,43,,,1,70,,264163,43,,,1,30,,264164,43,,,1,70,,264177,43,,,1,30,,264179,43,,,1,70,,264185,43,,,1,28,,264189,43,,,1,15,,264165,43,,,1,55,,264182,43,,,1,15,,264166,43,,,1,15,,264167,43,,,1,15,,264168,43,,,1,55,,264169,43,,,1,15,,264170,43,,,1,15,,264171,43,,,1,15,,264187,43,,,1,55,,264186,43,,,1,29,,264174,43,,,1,26,,264180,43,,,1,70,,264181,43,,,1,30,,264149,43,,,1,70,,264150,43,,,1,30,,264151,43,,,1,70,,264172,43,,,1,30,,264173,43,,,1
12400,'124-Saturday-1-26-09-0000010',812,,220831,43,,,1,30,,220832,43,,,1,72,,220833,43,,,1,30,,220834,43,,,1,70,,220835,43,,,1,30,,220836,43,,,1,70,,220837,43,,,1,30,,220838,43,,,1,70,,220839,43,,,1,30,,220840,43,,,1,70,,220841,43,,,1,30,,220842,43,,,1,70,,220843,43,,,1,30,,220844,43,,,1,70,,220845,43,,,1,30,,220846,43,,,1,70,,220847,43,,,1,30,,220848,43,,,1,69,,220849,43,,,1,30,,220850,43,,,1,70,,220851,43,,,1,30,,220852,43,,,1,70,,220853,43,,,1
12400,'124-Sunday-1-26-09-0000001',1032,,220854,43,,,1,27,,220855,43,,,1,70,,220856,43,,,1,30,,220857,43,,,1,70,,220858,43,,,1,30,,220859,43,,,1,70,,220860,43,,,1,30,,220861,43,,,1,70,,220862,43,,,1,30,,220863,43,,,1,70,,220864,43,,,1,30,,220865,43,,,1,70,,220866,43,,,1,71,,220867,43,,,1,30,,220868,43,,,1,70,,220869,43,,,1,30,,220870,43,,,1,73,,220871,43,,,1,30,,220872,43,,,1
12401,'124-Weekday-1-26-09-1111100',529,,220879,11,,,1,30,,220917,11,,,1,72,,220874,11,,,1,16,,220902,11,,,1,55,,220903,11,,,1,15,,220904,11,,,1,15,,220905,11,,,1,15,,220906,11,,,1,55,,220907,11,,,1,15,,220908,11,,,1,15,,220909,11,,,1,70,,220875,11,,,1,30,,220876,11,,,1,70,,220877,11,,,1,30,,220878,11,,,1,70,,220895,11,,,1,30,,220901,11,,,1,70,,220900,11,,,1,30,,220899,11,,,1,70,,220898,11,,,1,30,,220889,11,,,1,70,,220897,11,,,1,30,,220896,11,,,1,70,,220916,11,,,1,15,,220913,11,,,1,15,,220912,11,,,1,15,,220880,11,,,1,55,,220881,11,,,1,15,,220882,11,,,1,15,,220883,11,,,1,15,,220884,11,,,1,55,,220885,11,,,1,15,,220886,11,,,1,15,,220887,11,,,1,15,,220873,11,,,1,72,,220910,11,,,1,33,,220911,11,,,1,70,,220888,11,,,1,30,,220894,11,,,1,70,,220893,11,,,1,30,,220892,11,,,1,70,,220891,11,,,1,30,,220890,11,,,1
12401,'124-Weekday-2-26-09-1111100',529,,220924,11,,,1,30,,220962,11,,,1,72,,220919,11,,,1,16,,220947,11,,,1,55,,220948,11,,,1,15,,220949,11,,,1,15,,220950,11,,,1,15,,220951,11,,,1,55,,220952,11,,,1,15,,220953,11,,,1,15,,220954,11,,,1,70,,220920,11,,,1,30,,220921,11,,,1,70,,220922,11,,,1,30,,220923,11,,,1,70,,220940,11,,,1,30,,220946,11,,,1,70,,220945,11,,,1,30,,220944,11,,,1,70,,220943,11,,,1,30,,220934,11,,,1,70,,220942,11,,,1,30,,220941,11,,,1,70,,220961,11,,,1,15,,220958,11,,,1,15,,220957,11,,,1,15,,220925,11,,,1,55,,220926,11,,,1,15,,220927,11,,,1,15,,220928,11,,,1,15,,220929,11,,,1,55,,220930,11,,,1,15,,220931,11,,,1,15,,220932,11,,,1,15,,220918,11,,,1,72,,220955,11,,,1,33,,220956,11,,,1,70,,220933,11,,,1,30,,220939,11,,,1,70,,220938,11,,,1,30,,220937,11,,,1,70,,220936,11,,,1,30,,220935,11,,,1
12401,'124-Weekday-3-26-09-1111100',529,,264197,11,,,1,30,,264233,11,,,1,72,,264192,11,,,1,16,,264220,11,,,1,55,,264221,11,,,1,15,,264222,11,,,1,15,,264223,11,,,1,15,,264224,11,,,1,55,,264225,11,,,1,15,,264226,11,,,1,15,,264227,11,,,1,70,,264193,11,,,1,30,,264194,11,,,1,70,,264195,11,,,1,30,,264196,11,,,1,70,,264213,11,,,1,30,,264219,11,,,1,70,,264218,11,,,1,30,,264217,11,,,1,70,,264216,11,,,1,30,,264207,11,,,1,70,,264215,11,,,1,30,,264214,11,,,1,70,,264232,11,,,1,15,,264231,11,,,1,15,,264230,11,,,1,15,,264198,11,,,1,55,,264199,11,,,1,15,,264200,11,,,1,15,,264201,11,,,1,15,,264202,11,,,1,55,,264203,11,,,1,15,,264204,11,,,1,15,,264205,11,,,1,15,,264191,11,,,1,72,,264228,11,,,1,33,,264229,11,,,1,70,,264206,11,,,1,30,,264212,11,,,1,70,,264211,11,,,1,30,,264210,11,,,1,70,,264209,11,,,1,30,,264208,11,,,1
12401,'124-Weekday-4-26-09-1111100',529,,220969,11,,,1,30,,221005,11,,,1,72,,220964,11,,,1,16,,220992,11,,,1,55,,220993,11,,,1,15,,220994,11,,,1,15,,220995,11,,,1,15,,220996,11,,,1,55,,220997,11,,,1,15,,220998,11,,,1,15,,220999,11,,,1,70,,220965,11,,,1,30,,220966,11,,,1,70,,220967,11,,,1,30,,220968,11,,,1,70,,220985,11,,,1,30,,220991,11,,,1,70,,220990,11,,,1,30,,220989,11,,,1,70,,220988,11,,,1,30,,220979,11,,,1,70,,220987,11,,,1,30,,220986,11,,,1,70,,221004,11,,,1,15,,221003,11,,,1,15,,221002,11,,,1,15,,220970,11,,,1,55,,220971,11,,,1,15,,220972,11,,,1,15,,220973,11,,,1,15,,220974,11,,,1,55,,220975,11,,,1,15,,220976,11,,,1,15,,220977,11,,,1,15,,220963,11,,,1,72,,221000,11,,,1,33,,221001,11,,,1,70,,220978,11,,,1,30,,220984,11,,,1,70,,220983,11,,,1,30,,220982,11,,,1,70,,220981,11,,,1,30,,220980,11,,,1
12401,'124-Weekday-5-26-09-1111100',529,,264240,11,,,1,30,,264276,11,,,1,72,,264235,11,,,1,16,,264263,11,,,1,55,,264264,11,,,1,15,,264265,11,,,1,15,,264266,11,,,1,15,,264267,11,,,1,55,,264268,11,,,1,15,,264269,11,,,1,15,,264270,11,,,1,70,,264236,11,,,1,30,,264237,11,,,1,70,,264238,11,,,1,30,,264239,11,,,1,70,,264256,11,,,1,30,,264262,11,,,1,70,,264261,11,,,1,30,,264260,11,,,1,70,,264259,11,,,1,30,,264250,11,,,1,70,,264258,11,,,1,30,,264257,11,,,1,70,,264275,11,,,1,15,,264274,11,,,1,15,,264273,11,,,1,15,,264241,11,,,1,55,,264242,11,,,1,15,,264243,11,,,1,15,,264244,11,,,1,15,,264245,11,,,1,55,,264246,11,,,1,15,,264247,11,,,1,15,,264248,11,,,1,15,,264234,11,,,1,72,,264271,11,,,1,33,,264272,11,,,1,70,,264249,11,,,1,30,,264255,11,,,1,70,,264254,11,,,1,30,,264253,11,,,1,70,,264252,11,,,1,30,,264251,11,,,1
12401,'124-Weekday-6-26-09-1111100',529,,264283,11,,,1,30,,264321,11,,,1,72,,264278,11,,,1,16,,264306,11,,,1,55,,264307,11,,,1,15,,264308,11,,,1,15,,264309,11,,,1,15,,264310,11,,,1,55,,264311,11,,,1,15,,264312,11,,,1,15,,264313,11,,,1,70,,264279,11,,,1,30,,264280,11,,,1,70,,264281,11,,,1,30,,264282,11,,,1,70,,264299,11,,,1,30,,264305,11,,,1,70,,264304,11,,,1,30,,264303,11,,,1,70,,264302,11,,,1,30,,264293,11,,,1,70,,264301,11,,,1,30,,264300,11,,,1,70,,264320,11,,,1,15,,264317,11,,,1,15,,264316,11,,,1,15,,264284,11,,,1,55,,264285,11,,,1,15,,264286,11,,,1,15,,264287,11,,,1,15,,264288,11,,,1,55,,264289,11,,,1,15,,264290,11,,,1,15,,264291,11,,,1,15,,264277,11,,,1,72,,264314,11,,,1,33,,264315,11,,,1,70,,264292,11,,,1,30,,264298,11,,,1,70,,264297,11,,,1,30,,264296,11,,,1,70,,264295,11,,,1,30,,264294,11,,,1
12401,'124-Weekday-7-26-09-1111100',529,,264328,11,,,1,30,,264364,11,,,1,72,,264323,11,,,1,16,,264351,11,,,1,55,,264352,11,,,1,15,,264353,11,,,1,15,,264354,11,,,1,15,,264355,11,,,1,55,,264356,11,,,1,15,,264357,11,,,1,15,,264358,11,,,1,70,,264324,11,,,1,30,,264325,11,,,1,70,,264326,11,,,1,30,,264327,11,,,1,70,,264344,11,,,1,30,,264350,11,,,1,70,,264349,11,,,1,30,,264348,11,,,1,70,,264347,11,,,1,30,,264338,11,,,1,70,,264346,11,,,1,30,,264345,11,,,1,70,,264363,11,,,1,15,,264362,11,,,1,15,,264361,11,,,1,15,,264329,11,,,1,55,,264330,11,,,1,15,,264331,11,,,1,15,,264332,11,,,1,15,,264333,11,,,1,55,,264334,11,,,1,15,,264335,11,,,1,15,,264336,11,,,1,15,,264322,11,,,1,72,,264359,11,,,1,33,,264360,11,,,1,70,,264337,11,,,1,30,,264343,11,,,1,70,,264342,11,,,1,30,,264341,11,,,1,70,,264340,11,,,1,30,,264339,11,,,1
12401,'124-Saturday-1-26-09-0000010',805,,221006,11,,,1,30,,221007,11,,,1,71,,221008,11,,,1,30,,221009,11,,,1,70,,221010,11,,,1,30,,221011,11,,,1,70,,221012,11,,,1,30,,221013,11,,,1,70,,221014,11,,,1,30,,221015,11,,,1,70,,221016,11,,,1,30,,221017,11,,,1,70,,221018,11,,,1,30,,221019,11,,,1,70,,221020,11,,,1,30,,221021,11,,,1,70,,221022,11,,,1,30,,221023,11,,,1,70,,221024,11,,,1,35,,221025,11,,,1,70,,221026,11,,,1,28,,221027,11,,,1,69,,221028,11,,,1
12401,'124-Sunday-1-26-09-0000001',954,,221029,11,,,1,70,,221030,11,,,1,30,,221031,11,,,1,69,,221032,11,,,1,30,,221033,11,,,1,70,,221034,11,,,1,30,,221035,11,,,1,70,,221036,11,,,1,30,,221037,11,,,1,70,,221038,11,,,1,30,,221039,11,,,1,70,,221040,11,,,1,30,,221041,11,,,1,70,,221042,11,,,1,30,,221043,11,,,1,71,,221044,11,,,1,30,,221045,11,,,1,70,,221046,11,,,1,31,,221047,11,,,1
61500,'615-Weekday-1-26-09-1111100',811,,227426,26,,,1
61500,'615-Weekday-4-26-09-1111100',811,,270284,26,,,1
61500,'615-Weekday-7-26-09-1111100',811,,270285,26,,,1
61700,'617-Weekday-1-26-09-0001000',1417,,227438,4,,,1,4,,227439,4,,,1
61700,'617-Weekday-1-26-09-1110100',1515,,227440,4,,,1,4,,227441,4,,,1
61700,'617-Weekday-3-26-09-1110100',1515,,227443,4,,,1,4,,227444,4,,,1
61700,'617-Weekday-7-26-09-1110100',1515,,270292,4,,,1,4,,270293,4,,,1
68300,'683-Weekday-1-26-09-0001000',1334,,227870,38,,,1,3,,227871,38,,,1
68300,'683-Weekday-1-26-09-1110100',1632,,227873,38,,,1,3,,227872,38,,,1
68300,'683-Weekday-1-26-09-1111100',1619,,227874,38,,,1,5,,227875,38,,,1
68300,'683-Weekday-3-26-09-1111100',1619,,227876,38,,,1,5,,227877,38,,,1
68300,'683-Weekday-4-26-09-1110100',1632,,270635,38,,,1,3,,270634,38,,,1
68300,'683-Weekday-7-26-09-1110100',1632,,270637,38,,,1,3,,270636,38,,,1
68300,'683-Weekday-7-26-09-1111100',1619,,270638,38,,,1,5,,270639,38,,,1
24015001,'150X-Weekday-1-26-09-1111100',619,,245121,21,,,1,20,,245115,21,,,1,20,,245116,21,,,1,60,,245117,21,,,1,15,,245118,21,,,1,15,,245119,21,,,1,55,,245120,21,,,1,15,,245113,21,,,1,15,,245112,21,,,1,15,,245114,21,,,1
24015001,'150X-Weekday-2-26-09-1111100',619,,245131,21,,,1,20,,245125,21,,,1,20,,245126,21,,,1,60,,245127,21,,,1,15,,245128,21,,,1,15,,245129,21,,,1,55,,245130,21,,,1,15,,245123,21,,,1,15,,245122,21,,,1,15,,245124,21,,,1
24015001,'150X-Weekday-3-26-09-1111100',619,,287639,21,,,1,20,,287633,21,,,1,20,,287634,21,,,1,60,,287635,21,,,1,15,,287636,21,,,1,15,,287637,21,,,1,55,,287638,21,,,1,15,,287631,21,,,1,15,,287630,21,,,1,15,,287632,21,,,1
24015001,'150X-Weekday-4-26-09-1111100',619,,245141,21,,,1,20,,245135,21,,,1,20,,245136,21,,,1,60,,245137,21,,,1,15,,245138,21,,,1,15,,245139,21,,,1,55,,245140,21,,,1,15,,245133,21,,,1,15,,245132,21,,,1,15,,245134,21,,,1
24015001,'150X-Weekday-5-26-09-1111100',619,,287649,21,,,1,20,,287643,21,,,1,20,,287644,21,,,1,60,,287645,21,,,1,15,,287646,21,,,1,15,,287647,21,,,1,55,,287648,21,,,1,15,,287641,21,,,1,15,,287640,21,,,1,15,,287642,21,,,1
24015001,'150X-Weekday-6-26-09-1111100',619,,287659,21,,,1,20,,287653,21,,,1,20,,287654,21,,,1,60,,287655,21,,,1,15,,287656,21,,,1,15,,287657,21,,,1,55,,287658,21,,,1,15,,287651,21,,,1,15,,287650,21,,,1,15,,287652,21,,,1
24015001,'150X-Weekday-7-26-09-1111100',619,,287669,21,,,1,20,,287663,21,,,1,20,,287664,21,,,1,60,,287665,21,,,1,15,,287666,21,,,1,15,,287667,21,,,1,55,,287668,21,,,1,15,,287661,21,,,1,15,,287660,21,,,1,15,,287662,21,,,1
