900,'009-Weekday-1-26-09-1111100',453,,209636,9,,,1,55,,209637,9,,,1,15,,209638,9,,,1,15,,209639,9,,,1,15,,209640,9,,,1,55,,209641,9,,,1,15,,209642,9,,,1,17,,209643,9,,,1,12,,209635,9,,,1,55,,209644,9,,,1,7,,209645,9,0,31,1,8,,209646,9,,,1,7,,209647,9,0,31,1,8,,209648,9,,,1,7,,209649,9,0,31,1,8,,209650,9,,,1,7,,209651,9,0,31,1,48,,209652,9,,,1,7,,209653,9,0,31,1,8,,209654,9,,,1,12,,209655,9,,,1,16,,209656,9,,,1,54,,209657,9,,,1,15,,209658,9,,,1,15,,209659,9,,,1,15,,209660,9,,,1,55,,209661,9,,,1,15,,209662,9,,,1,15,,209663,9,,,1,15,,209664,9,,,1,55,,209665,9,,,1,15,,209666,9,,,1,15,,209667,9,,,1,15,,209668,9,,,1,55,,209670,9,,,1,15,,209672,9,,,1,15,,209674,9,,,1,15,,209676,9,,,1,55,,209678,9,,,1,15,,209680,9,,,1,15,,209682,9,,,1,15,,209684,9,,,1,55,,209686,9,,,1,15,,209688,9,,,1,15,,209690,9,,,1,15,,209692,9,,,1,57,,209694,9,,,1,16,,209696,9,,,1,15,,209698,9,,,1,15,,209700,9,,,1,55,,209702,9,,,1,15,,209704,9,,,1,15,,209706,9,,,1,15,,209708,9,,,1,55,,209709,9,,,1,15,,209710,9,,,1,12,,209711,9,,,1,13,,209712,9,,,1,55,,209713,9,,,1,15,,209714,9,,,1,15,,209715,9,,,1,14,,209716,9,,,1,55,,209717,9,,,1,16,,209718,9,,,1,16,,209719,9,,,1,15,,209720,9,,,1,55,,209721,9,,,1,15,,209722,9,,,1,15,,209723,9,,,1,15,,209724,9,,,1,55,,209725,9,,,1,15,,209726,9,,,1,15,,209727,9,,,1,15,,209728,9,,,1,54,,209729,9,,,1,20,,209730,9,,,1,20,,209731,9,,,1,60,,209732,9,,,1,20,,209733,9,,,1,20,,209734,9,,,1,60,,209741,9,,,1,20,,209735,9,,,1,29,,209736,13,0,28 29 30,1,70,,209737,13,0,28 29 30,1,30,,209738,13,0,28 29 30,1,70,,209739,13,0,28 29 30,1,30,,209740,13,0,28 29 30,1
900,'009-Weekday-2-26-09-1111100',453,,209760,9,,,1,55,,209761,9,,,1,15,,209762,9,,,1,15,,209763,9,,,1,15,,209764,9,,,1,55,,209765,9,,,1,15,,209766,9,,,1,17,,209767,9,,,1,12,,209759,9,,,1,55,,209768,9,,,1,7,,209769,9,0,31,1,8,,209770,9,,,1,7,,209771,9,0,31,1,8,,209772,9,,,1,7,,209773,9,0,31,1,8,,209774,9,,,1,7,,209775,9,0,31,1,48,,209776,9,,,1,7,,209777,9,0,31,1,8,,209778,9,,,1,12,,209779,9,,,1,16,,209780,9,,,1,54,,209781,9,,,1,15,,209782,9,,,1,15,,209783,9,,,1,15,,209784,9,,,1,55,,209785,9,,,1,15,,209786,9,,,1,15,,209787,9,,,1,15,,209788,9,,,1,55,,209789,9,,,1,15,,209790,9,,,1,15,,209791,9,,,1,15,,209792,9,,,1,55,,209794,9,,,1,15,,209796,9,,,1,15,,209798,9,,,1,15,,209800,9,,,1,55,,209802,9,,,1,15,,209804,9,,,1,15,,209806,9,,,1,15,,209808,9,,,1,55,,209810,9,,,1,15,,209812,9,,,1,15,,209814,9,,,1,15,,209816,9,,,1,57,,209818,9,,,1,16,,209820,9,,,1,15,,209822,9,,,1,15,,209824,9,,,1,55,,209826,9,,,1,15,,209828,9,,,1,15,,209830,9,,,1,15,,209832,9,,,1,55,,209833,9,,,1,15,,209834,9,,,1,12,,209835,9,,,1,13,,209836,9,,,1,55,,209837,9,,,1,15,,209838,9,,,1,15,,209839,9,,,1,14,,209840,9,,,1,55,,209841,9,,,1,16,,209842,9,,,1,16,,209843,9,,,1,15,,209844,9,,,1,55,,209845,9,,,1,15,,209846,9,,,1,15,,209847,9,,,1,15,,209848,9,,,1,55,,209849,9,,,1,15,,209850,9,,,1,15,,209851,9,,,1,15,,209852,9,,,1,54,,209853,9,,,1,20,,209854,9,,,1,20,,209855,9,,,1,60,,209856,9,,,1,20,,209857,9,,,1,20,,209858,9,,,1,60,,209865,9,,,1,20,,209859,9,,,1,29,,209860,13,0,28 29 30,1,70,,209861,13,0,28 29 30,1,30,,209862,13,0,28 29 30,1,70,,209863,13,0,28 29 30,1,30,,209864,13,0,28 29 30,1
900,'009-Weekday-3-26-09-1111100',453,,252902,9,,,1,55,,252903,9,,,1,15,,252904,9,,,1,15,,252905,9,,,1,15,,252906,9,,,1,55,,252907,9,,,1,15,,252908,9,,,1,17,,252909,9,,,1,12,,252901,9,,,1,55,,252910,9,,,1,7,,252911,9,0,31,1,8,,252912,9,,,1,7,,252913,9,0,31,1,8,,252914,9,,,1,7,,252915,9,0,31,1,8,,252916,9,,,1,7,,252917,9,0,31,1,48,,252918,9,,,1,7,,252919,9,0,31,1,8,,252920,9,,,1,12,,252921,9,,,1,16,,252922,9,,,1,54,,252923,9,,,1,15,,252924,9,,,1,15,,252925,9,,,1,15,,252926,9,,,1,55,,252927,9,,,1,15,,252928,9,,,1,15,,252929,9,,,1,15,,252930,9,,,1,55,,252931,9,,,1,15,,252932,9,,,1,15,,252933,9,,,1,15,,252934,9,,,1,55,,252936,9,,,1,15,,252938,9,,,1,15,,252940,9,,,1,15,,252942,9,,,1,55,,252944,9,,,1,15,,252946,9,,,1,15,,252948,9,,,1,15,,252950,9,,,1,55,,252952,9,,,1,15,,252954,9,,,1,15,,252956,9,,,1,15,,252958,9,,,1,57,,252960,9,,,1,16,,252962,9,,,1,15,,252964,9,,,1,15,,252966,9,,,1,55,,252968,9,,,1,15,,252970,9,,,1,15,,252972,9,,,1,15,,252974,9,,,1,55,,252975,9,,,1,15,,252976,9,,,1,12,,252977,9,,,1,13,,252978,9,,,1,55,,252979,9,,,1,15,,252980,9,,,1,15,,252981,9,,,1,14,,252982,9,,,1,55,,252983,9,,,1,16,,252984,9,,,1,16,,252985,9,,,1,15,,252986,9,,,1,55,,252987,9,,,1,15,,252988,9,,,1,15,,252989,9,,,1,15,,252990,9,,,1,55,,252991,9,,,1,15,,252992,9,,,1,15,,252993,9,,,1,15,,252994,9,,,1,54,,252995,9,,,1,20,,252996,9,,,1,20,,252997,9,,,1,60,,252998,9,,,1,20,,252999,9,,,1,20,,253000,9,,,1,60,,253007,9,,,1,20,,253001,9,,,1,29,,253002,13,0,28 29 30,1,70,,253003,13,0,28 29 30,1,30,,253004,13,0,28 29 30,1,70,,253005,13,0,28 29 30,1,30,,253006,13,0,28 29 30,1
900,'009-Weekday-4-26-09-1111100',453,,209884,9,,,1,55,,209885,9,,,1,15,,209886,9,,,1,15,,209887,9,,,1,15,,209888,9,,,1,55,,209889,9,,,1,15,,209890,9,,,1,17,,209891,9,,,1,12,,209883,9,,,1,55,,209892,9,,,1,7,,209893,9,0,31,1,8,,209894,9,,,1,7,,209895,9,0,31,1,8,,209896,9,,,1,7,,209897,9,0,31,1,8,,209898,9,,,1,7,,209899,9,0,31,1,48,,209900,9,,,1,7,,209901,9,0,31,1,8,,209902,9,,,1,12,,209903,9,,,1,16,,209904,9,,,1,54,,209905,9,,,1,15,,209906,9,,,1,15,,209907,9,,,1,15,,209908,9,,,1,55,,209909,9,,,1,15,,209910,9,,,1,15,,209911,9,,,1,15,,209912,9,,,1,55,,209913,9,,,1,15,,209914,9,,,1,15,,209915,9,,,1,15,,209916,9,,,1,55,,209918,9,,,1,15,,209920,9,,,1,15,,209922,9,,,1,15,,209924,9,,,1,55,,209926,9,,,1,15,,209928,9,,,1,15,,209930,9,,,1,15,,209932,9,,,1,55,,209934,9,,,1,15,,209936,9,,,1,15,,209938,9,,,1,15,,209940,9,,,1,57,,209942,9,,,1,16,,209944,9,,,1,15,,209946,9,,,1,15,,209948,9,,,1,55,,209950,9,,,1,15,,209952,9,,,1,15,,209954,9,,,1,15,,209956,9,,,1,55,,209957,9,,,1,15,,209958,9,,,1,12,,209959,9,,,1,13,,209960,9,,,1,55,,209961,9,,,1,15,,209962,9,,,1,15,,209963,9,,,1,14,,209964,9,,,1,55,,209965,9,,,1,16,,209966,9,,,1,16,,209967,9,,,1,15,,209968,9,,,1,55,,209969,9,,,1,15,,209970,9,,,1,15,,209971,9,,,1,15,,209972,9,,,1,55,,209973,9,,,1,15,,209974,9,,,1,15,,209975,9,,,1,15,,209976,9,,,1,54,,209977,9,,,1,20,,209978,9,,,1,20,,209979,9,,,1,60,,209980,9,,,1,20,,209981,9,,,1,20,,209982,9,,,1,60,,209989,9,,,1,20,,209983,9,,,1,29,,209984,13,0,28 29 30,1,70,,209985,13,0,28 29 30,1,30,,209986,13,0,28 29 30,1,70,,209987,13,0,28 29 30,1,30,,209988,13,0,28 29 30,1
900,'009-Weekday-5-26-09-1111100',453,,253025,9,,,1,55,,253026,9,,,1,15,,253027,9,,,1,15,,253028,9,,,1,15,,253029,9,,,1,55,,253030,9,,,1,15,,253031,9,,,1,17,,253032,9,,,1,12,,253024,9,,,1,55,,253033,9,,,1,7,,253034,9,0,31,1,8,,253035,9,,,1,7,,253036,9,0,31,1,8,,253037,9,,,1,7,,253038,9,0,31,1,8,,253039,9,,,1,7,,253040,9,0,31,1,48,,253041,9,,,1,7,,253042,9,0,31,1,8,,253043,9,,,1,12,,253044,9,,,1,16,,253045,9,,,1,54,,253046,9,,,1,15,,253047,9,,,1,15,,253048,9,,,1,15,,253049,9,,,1,55,,253050,9,,,1,15,,253051,9,,,1,15,,253052,9,,,1,15,,253053,9,,,1,55,,253054,9,,,1,15,,253055,9,,,1,15,,253056,9,,,1,15,,253057,9,,,1,55,,253059,9,,,1,15,,253061,9,,,1,15,,253063,9,,,1,15,,253065,9,,,1,55,,253067,9,,,1,15,,253069,9,,,1,15,,253071,9,,,1,15,,253073,9,,,1,55,,253075,9,,,1,15,,253077,9,,,1,15,,253079,9,,,1,15,,253081,9,,,1,57,,253083,9,,,1,16,,253085,9,,,1,15,,253087,9,,,1,15,,253089,9,,,1,55,,253091,9,,,1,15,,253093,9,,,1,15,,253095,9,,,1,15,,253097,9,,,1,55,,253098,9,,,1,15,,253099,9,,,1,12,,253100,9,,,1,13,,253101,9,,,1,55,,253102,9,,,1,15,,253103,9,,,1,15,,253104,9,,,1,14,,253105,9,,,1,55,,253106,9,,,1,16,,253107,9,,,1,16,,253108,9,,,1,15,,253109,9,,,1,55,,253110,9,,,1,15,,253111,9,,,1,15,,253112,9,,,1,15,,253113,9,,,1,55,,253114,9,,,1,15,,253115,9,,,1,15,,253116,9,,,1,15,,253117,9,,,1,54,,253118,9,,,1,20,,253119,9,,,1,20,,253120,9,,,1,60,,253121,9,,,1,20,,253122,9,,,1,20,,253123,9,,,1,60,,253130,9,,,1,20,,253124,9,,,1,29,,253125,13,0,28 29 30,1,70,,253126,13,0,28 29 30,1,30,,253127,13,0,28 29 30,1,70,,253128,13,0,28 29 30,1,30,,253129,13,0,28 29 30,1
900,'009-Weekday-6-26-09-1111100',453,,253148,9,,,1,55,,253149,9,,,1,15,,253150,9,,,1,15,,253151,9,,,1,15,,253152,9,,,1,55,,253153,9,,,1,15,,253154,9,,,1,17,,253155,9,,,1,12,,253147,9,,,1,55,,253156,9,,,1,7,,253157,9,0,31,1,8,,253158,9,,,1,7,,253159,9,0,31,1,8,,253160,9,,,1,7,,253161,9,0,31,1,8,,253162,9,,,1,7,,253163,9,0,31,1,48,,253164,9,,,1,7,,253165,9,0,31,1,8,,253166,9,,,1,12,,253167,9,,,1,16,,253168,9,,,1,54,,253169,9,,,1,15,,253170,9,,,1,15,,253171,9,,,1,15,,253172,9,,,1,55,,253173,9,,,1,15,,253174,9,,,1,15,,253175,9,,,1,15,,253176,9,,,1,55,,253177,9,,,1,15,,253178,9,,,1,15,,253179,9,,,1,15,,253180,9,,,1,55,,253182,9,,,1,15,,253184,9,,,1,15,,253186,9,,,1,15,,253188,9,,,1,55,,253190,9,,,1,15,,253192,9,,,1,15,,253194,9,,,1,15,,253196,9,,,1,55,,253198,9,,,1,15,,253200,9,,,1,15,,253202,9,,,1,15,,253204,9,,,1,57,,253206,9,,,1,16,,253208,9,,,1,15,,253210,9,,,1,15,,253212,9,,,1,55,,253214,9,,,1,15,,253216,9,,,1,15,,253218,9,,,1,15,,253220,9,,,1,55,,253221,9,,,1,15,,253222,9,,,1,12,,253223,9,,,1,13,,253224,9,,,1,55,,253225,9,,,1,15,,253226,9,,,1,15,,253227,9,,,1,14,,253228,9,,,1,55,,253229,9,,,1,16,,253230,9,,,1,16,,253231,9,,,1,15,,253232,9,,,1,55,,253233,9,,,1,15,,253234,9,,,1,15,,253235,9,,,1,15,,253236,9,,,1,55,,253237,9,,,1,15,,253238,9,,,1,15,,253239,9,,,1,15,,253240,9,,,1,54,,253241,9,,,1,20,,253242,9,,,1,20,,253243,9,,,1,60,,253244,9,,,1,20,,253245,9,,,1,20,,253246,9,,,1,60,,253253,9,,,1,20,,253247,9,,,1,29,,253248,13,0,28 29 30,1,70,,253249,13,0,28 29 30,1,30,,253250,13,0,28 29 30,1,70,,253251,13,0,28 29 30,1,30,,253252,13,0,28 29 30,1
900,'009-Weekday-7-26-09-1111100',453,,253272,9,,,1,55,,253273,9,,,1,15,,253274,9,,,1,15,,253275,9,,,1,15,,253276,9,,,1,55,,253277,9,,,1,15,,253278,9,,,1,17,,253279,9,,,1,12,,253271,9,,,1,55,,253280,9,,,1,7,,253281,9,0,31,1,8,,253282,9,,,1,7,,253283,9,0,31,1,8,,253284,9,,,1,7,,253285,9,0,31,1,8,,253286,9,,,1,7,,253287,9,0,31,1,48,,253288,9,,,1,7,,253289,9,0,31,1,8,,253290,9,,,1,12,,253291,9,,,1,16,,253292,9,,,1,54,,253293,9,,,1,15,,253294,9,,,1,15,,253295,9,,,1,15,,253296,9,,,1,55,,253297,9,,,1,15,,253298,9,,,1,15,,253299,9,,,1,15,,253300,9,,,1,55,,253301,9,,,1,15,,253302,9,,,1,15,,253303,9,,,1,15,,253304,9,,,1,55,,253306,9,,,1,15,,253308,9,,,1,15,,253310,9,,,1,15,,253312,9,,,1,55,,253314,9,,,1,15,,253316,9,,,1,15,,253318,9,,,1,15,,253320,9,,,1,55,,253322,9,,,1,15,,253324,9,,,1,15,,253326,9,,,1,15,,253328,9,,,1,57,,253330,9,,,1,16,,253332,9,,,1,15,,253334,9,,,1,15,,253336,9,,,1,55,,253338,9,,,1,15,,253340,9,,,1,15,,253342,9,,,1,15,,253344,9,,,1,55,,253345,9,,,1,15,,253346,9,,,1,12,,253347,9,,,1,13,,253348,9,,,1,55,,253349,9,,,1,15,,253350,9,,,1,15,,253351,9,,,1,14,,253352,9,,,1,55,,253353,9,,,1,16,,253354,9,,,1,16,,253355,9,,,1,15,,253356,9,,,1,55,,253357,9,,,1,15,,253358,9,,,1,15,,253359,9,,,1,15,,253360,9,,,1,55,,253361,9,,,1,15,,253362,9,,,1,15,,253363,9,,,1,15,,253364,9,,,1,54,,253365,9,,,1,20,,253366,9,,,1,20,,253367,9,,,1,60,,253368,9,,,1,20,,253369,9,,,1,20,,253370,9,,,1,60,,253377,9,,,1,20,,253371,9,,,1,29,,253372,13,0,28 29 30,1,70,,253373,13,0,28 29 30,1,30,,253374,13,0,28 29 30,1,70,,253375,13,0,28 29 30,1,30,,253376,13,0,28 29 30,1
900,'009-Saturday-1-26-09-0000010',526,,210072,9,,,1,21,,210006,9,,,1,60,,210007,9,,,1,21,,210008,9,,,1,20,,210009,9,,,1,61,,210010,9,,,1,21,,210073,9,,,1,21,,210074,9,,,1,60,,210075,9,,,1,15,,210076,9,,,1,14,,210077,9,,,1,15,,210078,9,,,1,56,,210079,9,,,1,18,,210080,9,,,1,19,,210081,9,,,1,56,,210082,9,,,1,15,,210011,9,,,1,15,,210012,9,,,1,15,,210013,9,,,1,55,,210014,9,,,1,15,,210015,9,,,1,15,,210016,9,,,1,15,,210017,9,,,1,56,,210018,9,,,1,15,,210019,9,,,1,15,,210020,9,,,1,15,,210021,9,,,1,55,,210022,9,,,1,15,,210024,9,,,1,15,,210025,9,,,1,15,,210026,9,,,1,55,,210023,9,,,1,15,,210027,9,,,1,15,,210028,9,,,1,15,,210029,9,,,1,55,,210030,9,,,1,15,,210031,9,,,1,15,,210032,9,,,1,15,,210033,9,,,1,55,,210034,9,,,1,15,,210035,9,,,1,15,,210036,9,,,1,15,,210037,9,,,1,54,,210038,9,,,1,16,,210039,9,,,1,15,,210040,9,,,1,15,,210041,9,,,1,54,,210042,9,,,1,15,,210043,9,,,1,15,,210044,9,,,1,15,,210045,9,,,1,55,,210046,9,,,1,15,,210047,9,,,1,15,,210048,9,,,1,15,,210049,9,,,1,55,,210050,9,,,1,15,,210051,9,,,1,15,,210052,9,,,1,15,,210053,9,,,1,55,,210054,9,,,1,15,,210055,9,,,1,15,,210056,9,,,1,15,,210057,9,,,1,55,,210059,9,,,1,15,,210060,9,,,1,15,,210061,9,,,1,15,,210058,9,,,1,57,,210062,9,,,1,18,,210063,9,,,1,20,,210064,9,,,1,59,,210065,9,,,1,18,,210066,9,,,1,30,,210067,13,0,28 29 30,1,70,,210068,13,0,28 29 30,1,30,,210069,13,0,28 29 30,1,70,,210070,13,0,28 29 30,1,30,,210071,13,0,28 29 30,1
900,'009-Sunday-1-26-09-0000001',533,,210083,9,,,1,20,,210084,9,,,1,60,,210085,9,,,1,20,,210086,9,,,1,20,,210087,9,,,1,60,,210088,9,,,1,20,,210156,9,,,1,20,,210157,9,,,1,57,,210158,9,,,1,15,,210151,9,,,1,15,,210152,9,,,1,15,,210153,9,,,1,55,,210154,9,,,1,15,,210155,9,,,1,15,,210150,9,,,1,17,,210149,9,,,1,58,,210148,9,,,1,15,,210147,9,,,1,15,,210089,9,,,1,14,,210091,9,,,1,55,,210092,9,,,1,14,,210093,9,,,1,14,,210090,9,,,1,13,,210094,9,,,1,56,,210095,9,,,1,15,,210096,9,,,1,15,,210097,9,,,1,15,,210098,9,,,1,55,,210099,9,,,1,15,,210100,9,,,1,15,,210101,9,,,1,15,,210102,9,,,1,55,,210103,9,,,1,15,,210104,9,,,1,15,,210105,9,,,1,15,,210106,9,,,1,55,,210107,9,,,1,15,,210108,9,,,1,15,,210109,9,,,1,15,,210110,9,,,1,55,,210111,9,,,1,16,,210112,9,,,1,16,,210113,9,,,1,58,,210114,9,,,1,15,,210115,9,,,1,15,,210116,9,,,1,17,,210117,9,,,1,60,,210118,9,,,1,15,,210119,9,,,1,15,,210120,9,,,1,15,,210121,9,,,1,55,,210122,9,,,1,15,,210123,9,,,1,15,,210124,9,,,1,15,,210125,9,,,1,55,,210127,9,,,1,15,,210128,9,,,1,15,,210129,9,,,1,15,,210126,9,,,1,55,,210130,9,,,1,15,,210131,9,,,1,15,,210132,9,,,1,16,,210133,9,,,1,56,,210134,9,,,1,16,,210135,9,,,1,15,,210136,9,,,1,17,,210146,9,,,1,61,,210137,9,,,1,21,,210138,9,,,1,60,,210139,9,,,1,21,,210140,9,,,1,30,,210141,13,0,28 29 30,1,70,,210142,13,0,28 29 30,1,30,,210143,13,0,28 29 30,1,70,,210144,13,0,28 29 30,1,30,,210145,13,0,28 29 30,1
72300,'723-Weekday-1-26-09-1111100',634,,235036,5,,,1,70,,235037,5,,,1,15,,235051,5,,,1,15,,235038,5,,,1,15,,235052,5,,,1,55,,235039,5,,,1,15,,235053,5,,,1,15,,235040,5,,,1,15,,235054,5,,,1,55,,235041,5,,,1,16,,235055,5,,,1,15,,235042,5,,,1,499,,235043,5,,,1,70,,235044,5,,,1,32,,235045,5,,,1,70,,235046,5,,,1,30,,235047,5,,,1,70,,235048,5,,,1,30,,235049,5,,,1,70,,235050,5,,,1
72300,'723-Weekday-2-26-09-1111100',634,,235056,5,,,1,70,,235057,5,,,1,15,,235071,5,,,1,15,,235058,5,,,1,15,,235072,5,,,1,55,,235059,5,,,1,15,,235073,5,,,1,15,,235060,5,,,1,15,,235074,5,,,1,55,,235061,5,,,1,16,,235075,5,,,1,15,,235062,5,,,1,499,,235063,5,,,1,70,,235064,5,,,1,32,,235065,5,,,1,70,,235066,5,,,1,30,,235067,5,,,1,70,,235068,5,,,1,30,,235069,5,,,1,70,,235070,5,,,1
72300,'723-Weekday-3-26-09-1111100',634,,277613,5,,,1,70,,277614,5,,,1,15,,277628,5,,,1,15,,277615,5,,,1,15,,277629,5,,,1,55,,277616,5,,,1,15,,277630,5,,,1,15,,277617,5,,,1,15,,277631,5,,,1,55,,277618,5,,,1,16,,277632,5,,,1,15,,277619,5,,,1,499,,277620,5,,,1,70,,277621,5,,,1,32,,277622,5,,,1,70,,277623,5,,,1,30,,277624,5,,,1,70,,277625,5,,,1,30,,277626,5,,,1,70,,277627,5,,,1
72300,'723-Weekday-4-26-09-1111100',634,,235076,5,,,1,70,,235077,5,,,1,15,,235091,5,,,1,15,,235078,5,,,1,15,,235092,5,,,1,55,,235079,5,,,1,15,,235093,5,,,1,15,,235080,5,,,1,15,,235094,5,,,1,55,,235081,5,,,1,16,,235095,5,,,1,15,,235082,5,,,1,499,,235083,5,,,1,70,,235084,5,,,1,32,,235085,5,,,1,70,,235086,5,,,1,30,,235087,5,,,1,70,,235088,5,,,1,30,,235089,5,,,1,70,,235090,5,,,1
72300,'723-Weekday-5-26-09-1111100',634,,277633,5,,,1,70,,277634,5,,,1,15,,277648,5,,,1,15,,277635,5,,,1,15,,277649,5,,,1,55,,277636,5,,,1,15,,277650,5,,,1,15,,277637,5,,,1,15,,277651,5,,,1,55,,277638,5,,,1,16,,277652,5,,,1,15,,277639,5,,,1,499,,277640,5,,,1,70,,277641,5,,,1,32,,277642,5,,,1,70,,277643,5,,,1,30,,277644,5,,,1,70,,277645,5,,,1,30,,277646,5,,,1,70,,277647,5,,,1
72300,'723-Weekday-6-26-09-1111100',634,,277653,5,,,1,70,,277654,5,,,1,15,,277668,5,,,1,15,,277655,5,,,1,15,,277669,5,,,1,55,,277656,5,,,1,15,,277670,5,,,1,15,,277657,5,,,1,15,,277671,5,,,1,55,,277658,5,,,1,16,,277672,5,,,1,15,,277659,5,,,1,499,,277660,5,,,1,70,,277661,5,,,1,32,,277662,5,,,1,70,,277663,5,,,1,30,,277664,5,,,1,70,,277665,5,,,1,30,,277666,5,,,1,70,,277667,5,,,1
72300,'723-Weekday-7-26-09-1111100',634,,277673,5,,,1,70,,277674,5,,,1,15,,277688,5,,,1,15,,277675,5,,,1,15,,277689,5,,,1,55,,277676,5,,,1,15,,277690,5,,,1,15,,277677,5,,,1,15,,277691,5,,,1,55,,277678,5,,,1,16,,277692,5,,,1,15,,277679,5,,,1,499,,277680,5,,,1,70,,277681,5,,,1,32,,277682,5,,,1,70,,277683,5,,,1,30,,277684,5,,,1,70,,277685,5,,,1,30,,277686,5,,,1,70,,277687,5,,,1
