91600,'916-Weekday-1-26-09-0001000',1508,,239928,22,,,1
91600,'916-Weekday-1-26-09-1111100',552,,239929,22,,,1,70,,239930,22,,,1,7,,239971,22,,,1,8,,239968,22,,,1,7,,239972,22,,,1,8,,239931,22,,,1,7,,239973,22,,,1,48,,239962,22,,,1,7,,239974,22,,,1,8,,239932,22,,,1,7,,239975,22,,,1,8,,239933,22,,,1,7,,239976,22,,,1,3,,239977,22,,,1,5,,239963,22,,,1,7,,239969,22,,,1,48,,239970,22,,,1,7,,239979,22,,,1,18,,239978,22,,,1,70,,239934,22,,,1,31,,239935,22,,,1,70,,239936,22,,,1,30,,239937,22,,,1,70,,239938,22,,,1,30,,239939,22,,,1,70,,239940,22,,,1,30,,239941,22,,,1,70,,239942,22,,,1,30,,239943,22,,,1,70,,239944,22,,,1,30,,239945,22,,,1,70,,239967,22,,,1,22,,239946,22,,,1,20,,239964,22,,,1,61,,239947,22,,,1,19,,239948,22,,,1,20,,239965,22,,,1,61,,239949,22,,,1,19,,239966,22,,,1,20,,239950,22,,,1,61,,239951,22,,,1,24,,239952,22,,,1,29,,239953,22,,,1,71,,239954,22,,,1,70,,239955,22,,,1,30,,239956,22,,,1,70,,239957,22,,,1,30,,239958,22,,,1,82,,239959,22,,,1,100,,239960,22,,,1,100,,239961,22,,,1
91600,'916-Weekday-2-26-09-1111100',552,,239980,22,,,1,70,,239981,22,,,1,7,,240022,22,,,1,8,,240019,22,,,1,7,,240023,22,,,1,8,,239982,22,,,1,7,,240024,22,,,1,48,,240013,22,,,1,7,,240025,22,,,1,8,,239983,22,,,1,7,,240026,22,,,1,8,,239984,22,,,1,7,,240027,22,,,1,3,,240028,22,,,1,5,,240014,22,,,1,7,,240020,22,,,1,48,,240021,22,,,1,7,,240030,22,,,1,18,,240029,22,,,1,70,,239985,22,,,1,31,,239986,22,,,1,70,,239987,22,,,1,30,,239988,22,,,1,70,,239989,22,,,1,30,,239990,22,,,1,70,,239991,22,,,1,30,,239992,22,,,1,70,,239993,22,,,1,30,,239994,22,,,1,70,,239995,22,,,1,30,,239996,22,,,1,70,,240018,22,,,1,22,,239997,22,,,1,20,,240015,22,,,1,61,,239998,22,,,1,19,,239999,22,,,1,20,,240016,22,,,1,61,,240000,22,,,1,19,,240017,22,,,1,20,,240001,22,,,1,61,,240002,22,,,1,24,,240003,22,,,1,29,,240004,22,,,1,71,,240005,22,,,1,70,,240006,22,,,1,30,,240007,22,,,1,70,,240008,22,,,1,30,,240009,22,,,1,82,,240010,22,,,1,100,,240011,22,,,1,100,,240012,22,,,1
91600,'916-Weekday-3-26-09-1111100',552,,282494,22,,,1,70,,282495,22,,,1,7,,282536,22,,,1,8,,282533,22,,,1,7,,282537,22,,,1,8,,282496,22,,,1,7,,282538,22,,,1,48,,282527,22,,,1,7,,282539,22,,,1,8,,282497,22,,,1,7,,282540,22,,,1,8,,282498,22,,,1,7,,282541,22,,,1,3,,282542,22,,,1,5,,282528,22,,,1,7,,282534,22,,,1,48,,282535,22,,,1,7,,282544,22,,,1,18,,282543,22,,,1,70,,282499,22,,,1,31,,282500,22,,,1,70,,282501,22,,,1,30,,282502,22,,,1,70,,282503,22,,,1,30,,282504,22,,,1,70,,282505,22,,,1,30,,282506,22,,,1,70,,282507,22,,,1,30,,282508,22,,,1,70,,282509,22,,,1,30,,282510,22,,,1,70,,282532,22,,,1,22,,282511,22,,,1,20,,282529,22,,,1,61,,282512,22,,,1,19,,282513,22,,,1,20,,282530,22,,,1,61,,282514,22,,,1,19,,282531,22,,,1,20,,282515,22,,,1,61,,282516,22,,,1,24,,282517,22,,,1,29,,282518,22,,,1,71,,282519,22,,,1,70,,282520,22,,,1,30,,282521,22,,,1,70,,282522,22,,,1,30,,282523,22,,,1,82,,282524,22,,,1,100,,282525,22,,,1,100,,282526,22,,,1
91600,'916-Weekday-4-26-09-1111100',552,,240031,22,,,1,70,,240032,22,,,1,7,,240073,22,,,1,8,,240070,22,,,1,7,,240074,22,,,1,8,,240033,22,,,1,7,,240075,22,,,1,48,,240064,22,,,1,7,,240076,22,,,1,8,,240034,22,,,1,7,,240077,22,,,1,8,,240035,22,,,1,7,,240078,22,,,1,8,,240065,22,,,1,7,,240071,22,,,1,48,,240072,22,,,1,7,,240080,22,,,1,18,,240079,22,,,1,70,,240036,22,,,1,31,,240037,22,,,1,70,,240038,22,,,1,30,,240039,22,,,1,70,,240040,22,,,1,30,,240041,22,,,1,70,,240042,22,,,1,30,,240043,22,,,1,70,,240044,22,,,1,30,,240045,22,,,1,70,,240046,22,,,1,30,,240047,22,,,1,70,,240069,22,,,1,22,,240048,22,,,1,20,,240066,22,,,1,61,,240049,22,,,1,19,,240050,22,,,1,20,,240067,22,,,1,61,,240051,22,,,1,19,,240068,22,,,1,20,,240052,22,,,1,61,,240053,22,,,1,24,,240054,22,,,1,29,,240055,22,,,1,71,,240056,22,,,1,70,,240057,22,,,1,30,,240058,22,,,1,70,,240059,22,,,1,30,,240060,22,,,1,82,,240061,22,,,1,100,,240062,22,,,1,100,,240063,22,,,1
91600,'916-Weekday-5-26-09-1111100',552,,282545,22,,,1,70,,282546,22,,,1,7,,282587,22,,,1,8,,282584,22,,,1,7,,282588,22,,,1,8,,282547,22,,,1,7,,282589,22,,,1,48,,282578,22,,,1,7,,282590,22,,,1,8,,282548,22,,,1,7,,282591,22,,,1,8,,282549,22,,,1,7,,282592,22,,,1,8,,282579,22,,,1,7,,282585,22,,,1,48,,282586,22,,,1,7,,282594,22,,,1,18,,282593,22,,,1,70,,282550,22,,,1,31,,282551,22,,,1,70,,282552,22,,,1,30,,282553,22,,,1,70,,282554,22,,,1,30,,282555,22,,,1,70,,282556,22,,,1,30,,282557,22,,,1,70,,282558,22,,,1,30,,282559,22,,,1,70,,282560,22,,,1,30,,282561,22,,,1,70,,282583,22,,,1,22,,282562,22,,,1,20,,282580,22,,,1,61,,282563,22,,,1,19,,282564,22,,,1,20,,282581,22,,,1,61,,282565,22,,,1,19,,282582,22,,,1,20,,282566,22,,,1,61,,282567,22,,,1,24,,282568,22,,,1,29,,282569,22,,,1,71,,282570,22,,,1,70,,282571,22,,,1,30,,282572,22,,,1,70,,282573,22,,,1,30,,282574,22,,,1,82,,282575,22,,,1,100,,282576,22,,,1,100,,282577,22,,,1
91600,'916-Weekday-6-26-09-1111100',552,,282595,22,,,1,70,,282596,22,,,1,7,,282637,22,,,1,8,,282634,22,,,1,7,,282638,22,,,1,8,,282597,22,,,1,7,,282639,22,,,1,48,,282628,22,,,1,7,,282640,22,,,1,8,,282598,22,,,1,7,,282641,22,,,1,8,,282599,22,,,1,7,,282642,22,,,1,3,,282643,22,,,1,5,,282629,22,,,1,7,,282635,22,,,1,48,,282636,22,,,1,7,,282645,22,,,1,18,,282644,22,,,1,70,,282600,22,,,1,31,,282601,22,,,1,70,,282602,22,,,1,30,,282603,22,,,1,70,,282604,22,,,1,30,,282605,22,,,1,70,,282606,22,,,1,30,,282607,22,,,1,70,,282608,22,,,1,30,,282609,22,,,1,70,,282610,22,,,1,30,,282611,22,,,1,70,,282633,22,,,1,22,,282612,22,,,1,20,,282630,22,,,1,61,,282613,22,,,1,19,,282614,22,,,1,20,,282631,22,,,1,61,,282615,22,,,1,19,,282632,22,,,1,20,,282616,22,,,1,61,,282617,22,,,1,24,,282618,22,,,1,29,,282619,22,,,1,71,,282620,22,,,1,70,,282621,22,,,1,30,,282622,22,,,1,70,,282623,22,,,1,30,,282624,22,,,1,82,,282625,22,,,1,100,,282626,22,,,1,100,,282627,22,,,1
91600,'916-Weekday-7-26-09-1111100',552,,282646,22,,,1,70,,282647,22,,,1,7,,282688,22,,,1,8,,282685,22,,,1,7,,282689,22,,,1,8,,282648,22,,,1,7,,282690,22,,,1,48,,282679,22,,,1,7,,282691,22,,,1,8,,282649,22,,,1,7,,282692,22,,,1,8,,282650,22,,,1,7,,282693,22,,,1,8,,282680,22,,,1,7,,282686,22,,,1,48,,282687,22,,,1,7,,282695,22,,,1,18,,282694,22,,,1,70,,282651,22,,,1,31,,282652,22,,,1,70,,282653,22,,,1,30,,282654,22,,,1,70,,282655,22,,,1,30,,282656,22,,,1,70,,282657,22,,,1,30,,282658,22,,,1,70,,282659,22,,,1,30,,282660,22,,,1,70,,282661,22,,,1,30,,282662,22,,,1,70,,282684,22,,,1,22,,282663,22,,,1,20,,282681,22,,,1,61,,282664,22,,,1,19,,282665,22,,,1,20,,282682,22,,,1,61,,282666,22,,,1,19,,282683,22,,,1,20,,282667,22,,,1,61,,282668,22,,,1,24,,282669,22,,,1,29,,282670,22,,,1,71,,282671,22,,,1,70,,282672,22,,,1,30,,282673,22,,,1,70,,282674,22,,,1,30,,282675,22,,,1,82,,282676,22,,,1,100,,282677,22,,,1,100,,282678,22,,,1
91600,'916-Saturday-1-26-09-0000010',613,,240081,22,,,1,100,,240082,22,,,1,100,,240083,22,,,1,30,,240084,22,,,1,69,,240085,22,,,1,32,,240086,22,,,1,70,,240087,22,,,1,30,,240088,22,,,1,70,,240089,22,,,1,30,,240090,22,,,1,70,,240091,22,,,1,30,,240092,22,,,1,70,,240093,22,,,1,30,,240094,22,,,1,70,,240095,22,,,1,30,,240096,22,,,1,70,,240097,22,,,1,30,,240098,22,,,1,70,,240099,22,,,1,30,,240100,22,,,1,70,,240101,22,,,1,30,,240102,22,,,1,70,,240103,22,,,1,30,,240104,22,,,1,70,,240105,22,,,1,100,,240106,22,,,1,100,,240107,22,,,1,100,,240108,22,,,1,100,,240109,22,,,1
91600,'916-Sunday-1-26-09-0000001',615,,240110,22,,,1,100,,240111,22,,,1,100,,240112,22,,,1,95,,240113,22,,,1,102,,240114,22,,,1,30,,240115,22,,,1,70,,240116,22,,,1,30,,240117,22,,,1,70,,240118,22,,,1,30,,240119,22,,,1,70,,240120,22,,,1,30,,240121,22,,,1,70,,240122,22,,,1,30,,240123,22,,,1,70,,240124,22,,,1,30,,240125,22,,,1,70,,240126,22,,,1,30,,240127,22,,,1,68,,240128,22,,,1,28,,240129,22,,,1,70,,240130,22,,,1,30,,240131,22,,,1,77,,240132,22,,,1,100,,240133,22,,,1,100,,240134,22,,,1,100,,240135,22,,,1,100,,240136,22,,,1
