11200,'112-Weekday-1-26-09-0001000',1224,,217271,13,,,1
11200,'112-Weekday-1-26-09-1110100',1532,,217272,13,,,1
11200,'112-Weekday-1-26-09-1111100',526,,217273,13,,,1,30,,217274,13,,,1,70,,217275,13,,,1,31,,217302,13,,,1,60,,217301,13,,,1,20,,217304,13,,,1,20,,217276,13,,,1,60,,217305,13,,,1,20,,217303,13,,,1,20,,217277,13,,,1,70,,217278,13,,,1,30,,217279,13,,,1,70,,217280,13,,,1,30,,217281,13,,,1,70,,217282,13,,,1,30,,217283,13,,,1,70,,217300,13,,,1,30,,217284,13,,,1,70,,217285,13,,,1,30,,217299,13,,,1,70,,217286,13,,,1,30,,217287,13,,,1,71,,217308,13,,,1,20,,217288,13,,,1,60,,217289,13,,,1,20,,217290,13,,,1,20,,217291,13,,,1,60,,217309,13,,,1,20,,217306,13,,,1,30,,217307,13,,,1,70,,217292,13,,,1,29,,217293,13,,,1,70,,217294,13,,,1,30,,217295,13,,,1,70,,217296,13,,,1,30,,217297,13,,,1,70,,217298,13,,,1
11200,'112-Weekday-2-26-09-1111100',526,,217310,13,,,1,30,,217311,13,,,1,70,,217312,13,,,1,31,,217339,13,,,1,60,,217338,13,,,1,20,,217341,13,,,1,20,,217313,13,,,1,60,,217342,13,,,1,20,,217340,13,,,1,20,,217314,13,,,1,70,,217315,13,,,1,30,,217316,13,,,1,70,,217317,13,,,1,30,,217318,13,,,1,70,,217319,13,,,1,30,,217320,13,,,1,70,,217337,13,,,1,30,,217321,13,,,1,70,,217322,13,,,1,30,,217336,13,,,1,70,,217323,13,,,1,30,,217324,13,,,1,71,,217345,13,,,1,20,,217325,13,,,1,60,,217326,13,,,1,20,,217327,13,,,1,20,,217328,13,,,1,60,,217346,13,,,1,20,,217343,13,,,1,30,,217344,13,,,1,70,,217329,13,,,1,29,,217330,13,,,1,70,,217331,13,,,1,30,,217332,13,,,1,70,,217333,13,,,1,30,,217334,13,,,1,70,,217335,13,,,1
11200,'112-Weekday-3-26-09-1110100',1532,,260802,13,,,1
11200,'112-Weekday-3-26-09-1111100',526,,260803,13,,,1,30,,260804,13,,,1,70,,260805,13,,,1,31,,260832,13,,,1,60,,260831,13,,,1,20,,260834,13,,,1,20,,260806,13,,,1,60,,260835,13,,,1,20,,260833,13,,,1,20,,260807,13,,,1,70,,260808,13,,,1,30,,260809,13,,,1,70,,260810,13,,,1,30,,260811,13,,,1,70,,260812,13,,,1,30,,260813,13,,,1,70,,260830,13,,,1,30,,260814,13,,,1,70,,260815,13,,,1,30,,260829,13,,,1,70,,260816,13,,,1,30,,260817,13,,,1,71,,260838,13,,,1,20,,260818,13,,,1,60,,260819,13,,,1,20,,260820,13,,,1,20,,260821,13,,,1,60,,260839,13,,,1,20,,260836,13,,,1,30,,260837,13,,,1,70,,260822,13,,,1,29,,260823,13,,,1,70,,260824,13,,,1,30,,260825,13,,,1,70,,260826,13,,,1,30,,260827,13,,,1,70,,260828,13,,,1
11200,'112-Weekday-4-26-09-1111100',526,,217347,13,,,1,30,,217348,13,,,1,70,,217349,13,,,1,31,,217376,13,,,1,60,,217375,13,,,1,20,,217378,13,,,1,20,,217350,13,,,1,60,,217379,13,,,1,20,,217377,13,,,1,20,,217351,13,,,1,70,,217352,13,,,1,30,,217353,13,,,1,70,,217354,13,,,1,30,,217355,13,,,1,70,,217356,13,,,1,30,,217357,13,,,1,70,,217374,13,,,1,30,,217358,13,,,1,70,,217359,13,,,1,30,,217373,13,,,1,70,,217360,13,,,1,30,,217361,13,,,1,71,,217382,13,,,1,20,,217362,13,,,1,60,,217363,13,,,1,20,,217364,13,,,1,20,,217365,13,,,1,60,,217383,13,,,1,20,,217380,13,,,1,30,,217381,13,,,1,70,,217366,13,,,1,29,,217367,13,,,1,70,,217368,13,,,1,30,,217369,13,,,1,70,,217370,13,,,1,30,,217371,13,,,1,70,,217372,13,,,1
11200,'112-Weekday-5-26-09-1111100',526,,260840,13,,,1,30,,260841,13,,,1,70,,260842,13,,,1,31,,260869,13,,,1,60,,260868,13,,,1,20,,260871,13,,,1,20,,260843,13,,,1,60,,260872,13,,,1,20,,260870,13,,,1,20,,260844,13,,,1,70,,260845,13,,,1,30,,260846,13,,,1,70,,260847,13,,,1,30,,260848,13,,,1,70,,260849,13,,,1,30,,260850,13,,,1,70,,260867,13,,,1,30,,260851,13,,,1,70,,260852,13,,,1,30,,260866,13,,,1,70,,260853,13,,,1,30,,260854,13,,,1,71,,260875,13,,,1,20,,260855,13,,,1,60,,260856,13,,,1,20,,260857,13,,,1,20,,260858,13,,,1,60,,260876,13,,,1,20,,260873,13,,,1,30,,260874,13,,,1,70,,260859,13,,,1,29,,260860,13,,,1,70,,260861,13,,,1,30,,260862,13,,,1,70,,260863,13,,,1,30,,260864,13,,,1,70,,260865,13,,,1
11200,'112-Weekday-6-26-09-1110100',1532,,260877,13,,,1
11200,'112-Weekday-6-26-09-1111100',526,,260878,13,,,1,30,,260879,13,,,1,70,,260880,13,,,1,31,,260907,13,,,1,60,,260906,13,,,1,20,,260909,13,,,1,20,,260881,13,,,1,60,,260910,13,,,1,20,,260908,13,,,1,20,,260882,13,,,1,70,,260883,13,,,1,30,,260884,13,,,1,70,,260885,13,,,1,30,,260886,13,,,1,70,,260887,13,,,1,30,,260888,13,,,1,70,,260905,13,,,1,30,,260889,13,,,1,70,,260890,13,,,1,30,,260904,13,,,1,70,,260891,13,,,1,30,,260892,13,,,1,71,,260913,13,,,1,20,,260893,13,,,1,60,,260894,13,,,1,20,,260895,13,,,1,20,,260896,13,,,1,60,,260914,13,,,1,20,,260911,13,,,1,30,,260912,13,,,1,70,,260897,13,,,1,29,,260898,13,,,1,70,,260899,13,,,1,30,,260900,13,,,1,70,,260901,13,,,1,30,,260902,13,,,1,70,,260903,13,,,1
11200,'112-Weekday-7-26-09-1111100',526,,260915,13,,,1,30,,260916,13,,,1,70,,260917,13,,,1,31,,260944,13,,,1,60,,260943,13,,,1,20,,260946,13,,,1,20,,260918,13,,,1,60,,260947,13,,,1,20,,260945,13,,,1,20,,260919,13,,,1,70,,260920,13,,,1,30,,260921,13,,,1,70,,260922,13,,,1,30,,260923,13,,,1,70,,260924,13,,,1,30,,260925,13,,,1,70,,260942,13,,,1,30,,260926,13,,,1,70,,260927,13,,,1,30,,260941,13,,,1,70,,260928,13,,,1,30,,260929,13,,,1,71,,260950,13,,,1,20,,260930,13,,,1,60,,260931,13,,,1,20,,260932,13,,,1,20,,260933,13,,,1,60,,260951,13,,,1,20,,260948,13,,,1,30,,260949,13,,,1,70,,260934,13,,,1,29,,260935,13,,,1,70,,260936,13,,,1,30,,260937,13,,,1,70,,260938,13,,,1,30,,260939,13,,,1,70,,260940,13,,,1
11200,'112-Saturday-1-26-09-0000010',758,,217384,13,,,1,70,,217385,13,,,1,30,,217386,13,,,1,70,,217387,13,,,1,30,,217388,13,,,1,70,,217389,13,,,1,30,,217390,13,,,1,70,,217391,13,,,1,30,,217392,13,,,1,70,,217393,13,,,1,30,,217394,13,,,1,70,,217395,13,,,1,30,,217396,13,,,1,70,,217397,13,,,1,30,,217398,13,,,1,70,,217399,13,,,1,30,,217400,13,,,1,70,,217401,13,,,1,30,,217402,13,,,1,70,,217403,13,,,1,30,,217404,13,,,1,70,,217405,13,,,1,30,,217406,13,,,1
11200,'112-Sunday-1-26-09-0000001',1009,,217407,13,,,1,30,,217408,13,,,1,70,,217409,13,,,1,30,,217410,13,,,1,70,,217411,13,,,1,30,,217412,13,,,1,70,,217413,13,,,1,30,,217414,13,,,1,70,,217415,13,,,1,30,,217416,13,,,1,70,,217417,13,,,1,30,,217418,13,,,1,70,,217419,13,,,1,30,,217420,13,,,1,68,,217421,13,,,1,30,,217422,13,,,1,70,,217423,13,,,1,30,,217424,13,,,1
61300,'613-Weekday-1-26-09-1111100',719,,227411,3,,,1,90,,227412,3,,,1
61300,'613-Weekday-3-26-09-1111100',809,,227413,3,,,1
61300,'613-Weekday-4-26-09-1111100',719,,270272,3,,,1
61300,'613-Weekday-7-26-09-1111100',719,,270273,3,,,1,90,,270274,3,,,1
61801,'618-Weekday-1-26-09-1111100',759,,227449,3,,,1
61801,'618-Weekday-4-26-09-1111100',759,,270299,3,,,1
61801,'618-Weekday-7-26-09-1111100',759,,270300,3,,,1
24015001,'150X-Weekday-1-26-09-1111100',601,,245121,3,,,1,20,,245115,3,,,1,20,,245116,3,,,1,60,,245117,3,,,1,15,,245118,3,,,1,15,,245119,3,,,1,15,,245120,3,,,1,55,,245113,3,,,1,15,,245112,3,,,1,15,,245114,3,,,1
24015001,'150X-Weekday-2-26-09-1111100',601,,245131,3,,,1,20,,245125,3,,,1,20,,245126,3,,,1,60,,245127,3,,,1,15,,245128,3,,,1,15,,245129,3,,,1,15,,245130,3,,,1,55,,245123,3,,,1,15,,245122,3,,,1,15,,245124,3,,,1
24015001,'150X-Weekday-3-26-09-1111100',601,,287639,3,,,1,20,,287633,3,,,1,20,,287634,3,,,1,60,,287635,3,,,1,15,,287636,3,,,1,15,,287637,3,,,1,15,,287638,3,,,1,55,,287631,3,,,1,15,,287630,3,,,1,15,,287632,3,,,1
24015001,'150X-Weekday-4-26-09-1111100',601,,245141,3,,,1,20,,245135,3,,,1,20,,245136,3,,,1,60,,245137,3,,,1,15,,245138,3,,,1,15,,245139,3,,,1,15,,245140,3,,,1,55,,245133,3,,,1,15,,245132,3,,,1,15,,245134,3,,,1
24015001,'150X-Weekday-5-26-09-1111100',601,,287649,3,,,1,20,,287643,3,,,1,20,,287644,3,,,1,60,,287645,3,,,1,15,,287646,3,,,1,15,,287647,3,,,1,15,,287648,3,,,1,55,,287641,3,,,1,15,,287640,3,,,1,15,,287642,3,,,1
24015001,'150X-Weekday-6-26-09-1111100',601,,287659,3,,,1,20,,287653,3,,,1,20,,287654,3,,,1,60,,287655,3,,,1,15,,287656,3,,,1,15,,287657,3,,,1,15,,287658,3,,,1,55,,287651,3,,,1,15,,287650,3,,,1,15,,287652,3,,,1
24015001,'150X-Weekday-7-26-09-1111100',601,,287669,3,,,1,20,,287663,3,,,1,20,,287664,3,,,1,60,,287665,3,,,1,15,,287666,3,,,1,15,,287667,3,,,1,15,,287668,3,,,1,55,,287661,3,,,1,15,,287660,3,,,1,15,,287662,3,,,1
