201,'002-Weekday-1-26-09-1111100',2515,,204084,11,0,28 41 7 42,1,30,,204085,11,0,28 41 7 42,1,70,,204086,11,0,28 41 7 42,1,30,,204087,11,0,28 41 7 42,1
201,'002-Weekday-2-26-09-1111100',2515,,204173,11,0,28 41 7 42,1,30,,204174,11,0,28 41 7 42,1,70,,204175,11,0,28 41 7 42,1,30,,204176,11,0,28 41 7 42,1
201,'002-Weekday-3-26-09-1111100',2515,,248094,11,0,28 41 7 42,1,30,,248095,11,0,28 41 7 42,1,70,,248096,11,0,28 41 7 42,1,30,,248097,11,0,28 41 7 42,1
201,'002-Weekday-4-26-09-1111100',2515,,204262,11,0,28 41 7 42,1,30,,204263,11,0,28 41 7 42,1,70,,204264,11,0,28 41 7 42,1,30,,204265,11,0,28 41 7 42,1
201,'002-Weekday-5-26-09-1111100',2515,,248183,11,0,28 41 7 42,1,30,,248184,11,0,28 41 7 42,1,70,,248185,11,0,28 41 7 42,1,30,,248186,11,0,28 41 7 42,1
201,'002-Weekday-6-26-09-1111100',2515,,248271,11,0,28 41 7 42,1,30,,248272,11,0,28 41 7 42,1,70,,248273,11,0,28 41 7 42,1,30,,248274,11,0,28 41 7 42,1
201,'002-Weekday-7-26-09-1111100',2515,,248359,11,0,28 41 7 42,1,30,,248360,11,0,28 41 7 42,1,70,,248361,11,0,28 41 7 42,1,30,,248362,11,0,28 41 7 42,1
201,'002-Saturday-1-26-09-0000010',2415,,204359,11,0,28 41 7 42,1,30,,204353,11,0,28 41 7 42,1,70,,204354,11,0,28 41 7 42,1,30,,204351,11,0,28 41 7 42,1,70,,204355,11,0,28 41 7 42,1,30,,204356,11,0,28 41 7 42,1
201,'002-Sunday-1-26-09-0000001',2414,,204427,11,0,28 41 7 42,1,30,,204428,11,0,28 41 7 42,1,70,,204429,11,0,28 41 7 42,1,30,,204430,11,0,28 41 7 42,1,70,,204431,11,0,28 41 7 42,1,30,,204432,11,0,28 41 7 42,1
5301,'053-Weekday-1-26-09-1111100',511,,211981,11,,,1,30,,211939,11,,,1,70,,211940,11,,,1,29,,211970,11,,,1,16,,211941,11,,,1,56,,211942,11,,,1,16,,211968,11,,,1,15,,211943,11,,,1,58,,211977,11,,,1,15,,211978,11,,,1,15,,211973,11,,,1,15,,211985,11,,,1,59,,211986,11,,,1,21,,211969,11,,,1,20,,211944,11,,,1,59,,211987,11,,,1,20,,211945,11,,,1,20,,211946,11,,,1,60,,211988,11,,,1,20,,211947,11,,,1,20,,211948,11,,,1,60,,211989,11,,,1,20,,211949,11,,,1,20,,211950,11,,,1,60,,211990,11,,,1,20,,211951,11,,,1,20,,211952,11,,,1,60,,211982,11,,,1,20,,211953,11,,,1,20,,211954,11,,,1,60,,211983,11,,,1,16,,211955,11,,,1,15,,211956,11,,,1,15,,211957,11,,,1,55,,211971,11,,,1,16,,211958,11,,,1,15,,211959,11,,,1,15,,211972,11,,,1,55,,211960,11,,,1,15,,211974,11,,,1,19,,211979,11,,,1,71,,211980,11,,,1,29,,211975,11,,,1,70,,211961,11,,,1,30,,211962,11,,,1,70,,211963,11,,,1,30,,211964,11,,,1,70,,211965,11,,,1,30,,211966,11,,,1,69,,211984,11,,,1,100,,211967,11,,,1,100,,211976,11,,,1
5301,'053-Weekday-2-26-09-1111100',511,,212033,11,,,1,30,,211991,11,,,1,70,,211992,11,,,1,29,,212022,11,,,1,16,,211993,11,,,1,56,,211994,11,,,1,16,,212020,11,,,1,15,,211995,11,,,1,58,,212029,11,,,1,15,,212030,11,,,1,15,,212025,11,,,1,15,,212037,11,,,1,59,,212038,11,,,1,21,,212021,11,,,1,20,,211996,11,,,1,59,,212039,11,,,1,20,,211997,11,,,1,20,,211998,11,,,1,60,,212040,11,,,1,20,,211999,11,,,1,20,,212000,11,,,1,60,,212041,11,,,1,20,,212001,11,,,1,20,,212002,11,,,1,60,,212042,11,,,1,20,,212003,11,,,1,20,,212004,11,,,1,60,,212034,11,,,1,20,,212005,11,,,1,20,,212006,11,,,1,60,,212035,11,,,1,16,,212007,11,,,1,15,,212008,11,,,1,15,,212009,11,,,1,55,,212023,11,,,1,16,,212010,11,,,1,15,,212011,11,,,1,15,,212024,11,,,1,55,,212012,11,,,1,15,,212026,11,,,1,19,,212031,11,,,1,71,,212032,11,,,1,29,,212027,11,,,1,70,,212013,11,,,1,30,,212014,11,,,1,70,,212015,11,,,1,30,,212016,11,,,1,70,,212017,11,,,1,30,,212018,11,,,1,69,,212036,11,,,1,100,,212019,11,,,1,100,,212028,11,,,1
5301,'053-Weekday-3-26-09-1111100',511,,255226,11,,,1,30,,255184,11,,,1,70,,255185,11,,,1,29,,255215,11,,,1,16,,255186,11,,,1,56,,255187,11,,,1,16,,255213,11,,,1,15,,255188,11,,,1,58,,255222,11,,,1,15,,255223,11,,,1,15,,255218,11,,,1,15,,255230,11,,,1,59,,255231,11,,,1,21,,255214,11,,,1,20,,255189,11,,,1,59,,255232,11,,,1,20,,255190,11,,,1,20,,255191,11,,,1,60,,255233,11,,,1,20,,255192,11,,,1,20,,255193,11,,,1,60,,255234,11,,,1,20,,255194,11,,,1,20,,255195,11,,,1,60,,255235,11,,,1,20,,255196,11,,,1,20,,255197,11,,,1,60,,255227,11,,,1,20,,255198,11,,,1,20,,255199,11,,,1,60,,255228,11,,,1,16,,255200,11,,,1,15,,255201,11,,,1,15,,255202,11,,,1,55,,255216,11,,,1,16,,255203,11,,,1,15,,255204,11,,,1,15,,255217,11,,,1,55,,255205,11,,,1,15,,255219,11,,,1,19,,255224,11,,,1,71,,255225,11,,,1,29,,255220,11,,,1,70,,255206,11,,,1,30,,255207,11,,,1,70,,255208,11,,,1,30,,255209,11,,,1,70,,255210,11,,,1,30,,255211,11,,,1,69,,255229,11,,,1,100,,255212,11,,,1,100,,255221,11,,,1
5301,'053-Weekday-4-26-09-1111100',511,,212085,11,,,1,30,,212043,11,,,1,70,,212044,11,,,1,29,,212074,11,,,1,16,,212045,11,,,1,56,,212046,11,,,1,16,,212072,11,,,1,15,,212047,11,,,1,58,,212081,11,,,1,15,,212082,11,,,1,15,,212077,11,,,1,15,,212089,11,,,1,59,,212090,11,,,1,21,,212073,11,,,1,20,,212048,11,,,1,59,,212091,11,,,1,20,,212049,11,,,1,20,,212050,11,,,1,60,,212092,11,,,1,20,,212051,11,,,1,20,,212052,11,,,1,60,,212093,11,,,1,20,,212053,11,,,1,20,,212054,11,,,1,60,,212094,11,,,1,20,,212055,11,,,1,20,,212056,11,,,1,60,,212086,11,,,1,20,,212057,11,,,1,20,,212058,11,,,1,60,,212087,11,,,1,16,,212059,11,,,1,15,,212060,11,,,1,15,,212061,11,,,1,55,,212075,11,,,1,16,,212062,11,,,1,15,,212063,11,,,1,15,,212076,11,,,1,55,,212064,11,,,1,15,,212078,11,,,1,19,,212083,11,,,1,71,,212084,11,,,1,29,,212079,11,,,1,70,,212065,11,,,1,30,,212066,11,,,1,70,,212067,11,,,1,30,,212068,11,,,1,70,,212069,11,,,1,30,,212070,11,,,1,69,,212088,11,,,1,100,,212071,11,,,1,100,,212080,11,,,1
5301,'053-Weekday-5-26-09-1111100',511,,255278,11,,,1,30,,255236,11,,,1,70,,255237,11,,,1,29,,255267,11,,,1,16,,255238,11,,,1,56,,255239,11,,,1,16,,255265,11,,,1,15,,255240,11,,,1,58,,255274,11,,,1,15,,255275,11,,,1,15,,255270,11,,,1,15,,255282,11,,,1,59,,255283,11,,,1,21,,255266,11,,,1,20,,255241,11,,,1,59,,255284,11,,,1,20,,255242,11,,,1,20,,255243,11,,,1,60,,255285,11,,,1,20,,255244,11,,,1,20,,255245,11,,,1,60,,255286,11,,,1,20,,255246,11,,,1,20,,255247,11,,,1,60,,255287,11,,,1,20,,255248,11,,,1,20,,255249,11,,,1,60,,255279,11,,,1,20,,255250,11,,,1,20,,255251,11,,,1,60,,255280,11,,,1,16,,255252,11,,,1,15,,255253,11,,,1,15,,255254,11,,,1,55,,255268,11,,,1,16,,255255,11,,,1,15,,255256,11,,,1,15,,255269,11,,,1,55,,255257,11,,,1,15,,255271,11,,,1,19,,255276,11,,,1,71,,255277,11,,,1,29,,255272,11,,,1,70,,255258,11,,,1,30,,255259,11,,,1,70,,255260,11,,,1,30,,255261,11,,,1,70,,255262,11,,,1,30,,255263,11,,,1,69,,255281,11,,,1,100,,255264,11,,,1,100,,255273,11,,,1
5301,'053-Weekday-6-26-09-1111100',511,,255330,11,,,1,30,,255288,11,,,1,70,,255289,11,,,1,29,,255319,11,,,1,16,,255290,11,,,1,56,,255291,11,,,1,16,,255317,11,,,1,15,,255292,11,,,1,58,,255326,11,,,1,15,,255327,11,,,1,15,,255322,11,,,1,15,,255334,11,,,1,59,,255335,11,,,1,21,,255318,11,,,1,20,,255293,11,,,1,59,,255336,11,,,1,20,,255294,11,,,1,20,,255295,11,,,1,60,,255337,11,,,1,20,,255296,11,,,1,20,,255297,11,,,1,60,,255338,11,,,1,20,,255298,11,,,1,20,,255299,11,,,1,60,,255339,11,,,1,20,,255300,11,,,1,20,,255301,11,,,1,60,,255331,11,,,1,20,,255302,11,,,1,20,,255303,11,,,1,60,,255332,11,,,1,16,,255304,11,,,1,15,,255305,11,,,1,15,,255306,11,,,1,55,,255320,11,,,1,16,,255307,11,,,1,15,,255308,11,,,1,15,,255321,11,,,1,55,,255309,11,,,1,15,,255323,11,,,1,19,,255328,11,,,1,71,,255329,11,,,1,29,,255324,11,,,1,70,,255310,11,,,1,30,,255311,11,,,1,70,,255312,11,,,1,30,,255313,11,,,1,70,,255314,11,,,1,30,,255315,11,,,1,69,,255333,11,,,1,100,,255316,11,,,1,100,,255325,11,,,1
5301,'053-Weekday-7-26-09-1111100',511,,255382,11,,,1,30,,255340,11,,,1,70,,255341,11,,,1,29,,255371,11,,,1,16,,255342,11,,,1,56,,255343,11,,,1,16,,255369,11,,,1,15,,255344,11,,,1,58,,255378,11,,,1,15,,255379,11,,,1,15,,255374,11,,,1,15,,255386,11,,,1,59,,255387,11,,,1,21,,255370,11,,,1,20,,255345,11,,,1,59,,255388,11,,,1,20,,255346,11,,,1,20,,255347,11,,,1,60,,255389,11,,,1,20,,255348,11,,,1,20,,255349,11,,,1,60,,255390,11,,,1,20,,255350,11,,,1,20,,255351,11,,,1,60,,255391,11,,,1,20,,255352,11,,,1,20,,255353,11,,,1,60,,255383,11,,,1,20,,255354,11,,,1,20,,255355,11,,,1,60,,255384,11,,,1,16,,255356,11,,,1,15,,255357,11,,,1,15,,255358,11,,,1,55,,255372,11,,,1,16,,255359,11,,,1,15,,255360,11,,,1,15,,255373,11,,,1,55,,255361,11,,,1,15,,255375,11,,,1,19,,255380,11,,,1,71,,255381,11,,,1,29,,255376,11,,,1,70,,255362,11,,,1,30,,255363,11,,,1,70,,255364,11,,,1,30,,255365,11,,,1,70,,255366,11,,,1,30,,255367,11,,,1,69,,255385,11,,,1,100,,255368,11,,,1,100,,255377,11,,,1
5301,'053-Saturday-1-26-09-0000010',615,,212095,11,,,1,100,,212096,11,,,1,100,,212097,11,,,1,24,,212125,11,,,1,64,,212098,11,,,1,30,,212099,11,,,1,70,,212100,11,,,1,30,,212101,11,,,1,70,,212102,11,,,1,30,,212103,11,,,1,70,,212104,11,,,1,30,,212105,11,,,1,70,,212106,11,,,1,30,,212107,11,,,1,70,,212108,11,,,1,30,,212109,11,,,1,70,,212110,11,,,1,30,,212111,11,,,1,70,,212112,11,,,1,30,,212113,11,,,1,70,,212114,11,,,1,30,,212115,11,,,1,70,,212116,11,,,1,30,,212117,11,,,1,70,,212118,11,,,1,30,,212123,11,,,1,82,,212119,11,,,1,100,,212120,11,,,1,100,,212121,11,,,1,100,,212122,11,,,1,100,,212124,11,,,1
5301,'053-Sunday-1-26-09-0000001',709,,212126,11,,,1,100,,212127,11,,,1,100,,212147,11,,,1,100,,212128,11,,,1,30,,212149,11,,,1,70,,212129,11,,,1,30,,212150,11,,,1,70,,212148,11,,,1,30,,212151,11,,,1,70,,212141,11,,,1,30,,212152,11,,,1,70,,212140,11,,,1,30,,212146,11,,,1,70,,212139,11,,,1,30,,212145,11,,,1,70,,212138,11,,,1,30,,212144,11,,,1,70,,212137,11,,,1,30,,212143,11,,,1,70,,212136,11,,,1,30,,212142,11,,,1,70,,212135,11,,,1,100,,212130,11,,,1,100,,212131,11,,,1,100,,212132,11,,,1,100,,212133,11,,,1,100,,212134,11,,,1
63301,'633-Weekday-1-26-09-1111100',737,,227586,10,,,1,6,,227587,10,,,1,4,,227588,10,,,1,4,,227589,10,,,1
63301,'633-Weekday-4-26-09-1111100',737,,270420,10,,,1,6,,270421,10,,,1,4,,270422,10,,,1,4,,270423,10,,,1
63301,'633-Weekday-7-26-09-1111100',737,,270424,10,,,1,6,,270425,10,,,1,4,,270426,10,,,1,4,,270427,10,,,1
