51500,'515-Weekday-1-26-09-1110100',1528,,223522,7,,,1
51500,'515-Weekday-1-26-09-1111100',542,,223523,7,,,1,70,,223564,7,,,1,31,,223556,7,,,1,15,,223569,7,,,1,55,,223560,7,,,1,15,,223561,7,,,1,15,,223524,7,,,1,15,,223570,7,,,1,55,,223525,7,,,1,15,,223526,7,,,1,20,,223527,7,,,1,60,,223550,7,,,1,20,,223528,7,,,1,20,,223529,7,,,1,60,,223551,7,,,1,20,,223530,7,,,1,20,,223531,7,,,1,60,,223552,7,,,1,20,,223532,7,,,1,20,,223533,7,,,1,60,,223553,7,,,1,20,,223534,7,,,1,20,,223535,7,,,1,60,,223554,7,,,1,20,,223536,7,,,1,20,,223537,7,,,1,60,,223555,7,,,1,20,,223538,7,,,1,20,,223539,7,,,1,55,,223568,7,,,1,16,,223571,7,,,1,15,,223558,7,,,1,15,,223565,7,,,1,55,,223559,7,,,1,15,,223572,7,,,1,15,,223557,7,,,1,15,,223566,7,,,1,55,,223567,7,,,1,15,,223573,7,,,1,15,,223540,7,,,1,70,,223562,7,,,1,29,,223541,7,,,1,70,,223542,7,,,1,30,,223543,7,,,1,70,,223544,7,,,1,30,,223545,7,,,1,70,,223546,7,,,1,30,,223547,7,,,1,70,,223563,7,,,1,100,,223548,7,,,1,100,,223549,7,,,1
51500,'515-Weekday-2-26-09-1110100',1528,,223574,7,,,1
51500,'515-Weekday-2-26-09-1111100',542,,223575,7,,,1,70,,223616,7,,,1,31,,223608,7,,,1,15,,223621,7,,,1,55,,223612,7,,,1,15,,223613,7,,,1,15,,223576,7,,,1,15,,223622,7,,,1,55,,223577,7,,,1,15,,223578,7,,,1,20,,223579,7,,,1,60,,223602,7,,,1,20,,223580,7,,,1,20,,223581,7,,,1,60,,223603,7,,,1,20,,223582,7,,,1,20,,223583,7,,,1,60,,223604,7,,,1,20,,223584,7,,,1,20,,223585,7,,,1,60,,223605,7,,,1,20,,223586,7,,,1,20,,223587,7,,,1,60,,223606,7,,,1,20,,223588,7,,,1,20,,223589,7,,,1,60,,223607,7,,,1,20,,223590,7,,,1,20,,223591,7,,,1,55,,223620,7,,,1,16,,223623,7,,,1,15,,223610,7,,,1,15,,223617,7,,,1,55,,223611,7,,,1,15,,223624,7,,,1,15,,223609,7,,,1,15,,223618,7,,,1,55,,223619,7,,,1,15,,223625,7,,,1,15,,223592,7,,,1,70,,223614,7,,,1,29,,223593,7,,,1,70,,223594,7,,,1,30,,223595,7,,,1,70,,223596,7,,,1,30,,223597,7,,,1,70,,223598,7,,,1,30,,223599,7,,,1,70,,223615,7,,,1,100,,223600,7,,,1,100,,223601,7,,,1
51500,'515-Weekday-3-26-09-1111100',542,,266752,7,,,1,70,,266793,7,,,1,31,,266785,7,,,1,15,,266798,7,,,1,55,,266789,7,,,1,15,,266790,7,,,1,15,,266753,7,,,1,15,,266799,7,,,1,55,,266754,7,,,1,15,,266755,7,,,1,20,,266756,7,,,1,60,,266779,7,,,1,20,,266757,7,,,1,20,,266758,7,,,1,60,,266780,7,,,1,20,,266759,7,,,1,20,,266760,7,,,1,60,,266781,7,,,1,20,,266761,7,,,1,20,,266762,7,,,1,60,,266782,7,,,1,20,,266763,7,,,1,20,,266764,7,,,1,60,,266783,7,,,1,20,,266765,7,,,1,20,,266766,7,,,1,60,,266784,7,,,1,20,,266767,7,,,1,20,,266768,7,,,1,55,,266797,7,,,1,16,,266800,7,,,1,15,,266787,7,,,1,15,,266794,7,,,1,55,,266788,7,,,1,15,,266801,7,,,1,15,,266786,7,,,1,15,,266795,7,,,1,55,,266796,7,,,1,15,,266802,7,,,1,15,,266769,7,,,1,70,,266791,7,,,1,29,,266770,7,,,1,70,,266771,7,,,1,30,,266772,7,,,1,70,,266773,7,,,1,30,,266774,7,,,1,70,,266775,7,,,1,30,,266776,7,,,1,70,,266792,7,,,1,100,,266777,7,,,1,100,,266778,7,,,1
51500,'515-Weekday-4-26-09-1111100',542,,223626,7,,,1,70,,223667,7,,,1,31,,223659,7,,,1,15,,223672,7,,,1,55,,223663,7,,,1,15,,223664,7,,,1,15,,223627,7,,,1,15,,223673,7,,,1,55,,223628,7,,,1,15,,223629,7,,,1,20,,223630,7,,,1,60,,223653,7,,,1,20,,223631,7,,,1,20,,223632,7,,,1,60,,223654,7,,,1,20,,223633,7,,,1,20,,223634,7,,,1,60,,223655,7,,,1,20,,223635,7,,,1,20,,223636,7,,,1,60,,223656,7,,,1,20,,223637,7,,,1,20,,223638,7,,,1,60,,223657,7,,,1,20,,223639,7,,,1,20,,223640,7,,,1,60,,223658,7,,,1,20,,223641,7,,,1,20,,223642,7,,,1,55,,223671,7,,,1,16,,223674,7,,,1,15,,223661,7,,,1,15,,223668,7,,,1,55,,223662,7,,,1,15,,223675,7,,,1,15,,223660,7,,,1,15,,223669,7,,,1,55,,223670,7,,,1,15,,223676,7,,,1,15,,223643,7,,,1,70,,223665,7,,,1,29,,223644,7,,,1,70,,223645,7,,,1,30,,223646,7,,,1,70,,223647,7,,,1,30,,223648,7,,,1,70,,223649,7,,,1,30,,223650,7,,,1,70,,223666,7,,,1,100,,223651,7,,,1,100,,223652,7,,,1
51500,'515-Weekday-5-26-09-1111100',542,,266803,7,,,1,70,,266844,7,,,1,31,,266836,7,,,1,15,,266849,7,,,1,55,,266840,7,,,1,15,,266841,7,,,1,15,,266804,7,,,1,15,,266850,7,,,1,55,,266805,7,,,1,15,,266806,7,,,1,20,,266807,7,,,1,60,,266830,7,,,1,20,,266808,7,,,1,20,,266809,7,,,1,60,,266831,7,,,1,20,,266810,7,,,1,20,,266811,7,,,1,60,,266832,7,,,1,20,,266812,7,,,1,20,,266813,7,,,1,60,,266833,7,,,1,20,,266814,7,,,1,20,,266815,7,,,1,60,,266834,7,,,1,20,,266816,7,,,1,20,,266817,7,,,1,60,,266835,7,,,1,20,,266818,7,,,1,20,,266819,7,,,1,55,,266848,7,,,1,16,,266851,7,,,1,15,,266838,7,,,1,15,,266845,7,,,1,55,,266839,7,,,1,15,,266852,7,,,1,15,,266837,7,,,1,15,,266846,7,,,1,55,,266847,7,,,1,15,,266853,7,,,1,15,,266820,7,,,1,70,,266842,7,,,1,29,,266821,7,,,1,70,,266822,7,,,1,30,,266823,7,,,1,70,,266824,7,,,1,30,,266825,7,,,1,70,,266826,7,,,1,30,,266827,7,,,1,70,,266843,7,,,1,100,,266828,7,,,1,100,,266829,7,,,1
51500,'515-Weekday-6-26-09-1110100',1528,,266854,7,,,1
51500,'515-Weekday-6-26-09-1111100',542,,266855,7,,,1,70,,266896,7,,,1,31,,266888,7,,,1,15,,266901,7,,,1,55,,266892,7,,,1,15,,266893,7,,,1,15,,266856,7,,,1,15,,266902,7,,,1,55,,266857,7,,,1,15,,266858,7,,,1,20,,266859,7,,,1,60,,266882,7,,,1,20,,266860,7,,,1,20,,266861,7,,,1,60,,266883,7,,,1,20,,266862,7,,,1,20,,266863,7,,,1,60,,266884,7,,,1,20,,266864,7,,,1,20,,266865,7,,,1,60,,266885,7,,,1,20,,266866,7,,,1,20,,266867,7,,,1,60,,266886,7,,,1,20,,266868,7,,,1,20,,266869,7,,,1,60,,266887,7,,,1,20,,266870,7,,,1,20,,266871,7,,,1,55,,266900,7,,,1,16,,266903,7,,,1,15,,266890,7,,,1,15,,266897,7,,,1,55,,266891,7,,,1,15,,266904,7,,,1,15,,266889,7,,,1,15,,266898,7,,,1,55,,266899,7,,,1,15,,266905,7,,,1,15,,266872,7,,,1,70,,266894,7,,,1,29,,266873,7,,,1,70,,266874,7,,,1,30,,266875,7,,,1,70,,266876,7,,,1,30,,266877,7,,,1,70,,266878,7,,,1,30,,266879,7,,,1,70,,266895,7,,,1,100,,266880,7,,,1,100,,266881,7,,,1
51500,'515-Weekday-7-26-09-1111100',542,,266906,7,,,1,70,,266947,7,,,1,31,,266939,7,,,1,15,,266952,7,,,1,55,,266943,7,,,1,15,,266944,7,,,1,15,,266907,7,,,1,15,,266953,7,,,1,55,,266908,7,,,1,15,,266909,7,,,1,20,,266910,7,,,1,60,,266933,7,,,1,20,,266911,7,,,1,20,,266912,7,,,1,60,,266934,7,,,1,20,,266913,7,,,1,20,,266914,7,,,1,60,,266935,7,,,1,20,,266915,7,,,1,20,,266916,7,,,1,60,,266936,7,,,1,20,,266917,7,,,1,20,,266918,7,,,1,60,,266937,7,,,1,20,,266919,7,,,1,20,,266920,7,,,1,60,,266938,7,,,1,20,,266921,7,,,1,20,,266922,7,,,1,55,,266951,7,,,1,16,,266954,7,,,1,15,,266941,7,,,1,15,,266948,7,,,1,55,,266942,7,,,1,15,,266955,7,,,1,15,,266940,7,,,1,15,,266949,7,,,1,55,,266950,7,,,1,15,,266956,7,,,1,15,,266923,7,,,1,70,,266945,7,,,1,29,,266924,7,,,1,70,,266925,7,,,1,30,,266926,7,,,1,70,,266927,7,,,1,30,,266928,7,,,1,70,,266929,7,,,1,30,,266930,7,,,1,70,,266946,7,,,1,100,,266931,7,,,1,100,,266932,7,,,1
51500,'515-Saturday-1-26-09-0000010',621,,223677,7,,,1,99,,223678,7,,,1,84,,223679,7,,,1,20,,223709,7,,,1,21,,223680,7,,,1,62,,223681,7,,,1,20,,223682,7,,,1,20,,223710,7,,,1,60,,223683,7,,,1,20,,223684,7,,,1,20,,223711,7,,,1,60,,223685,7,,,1,20,,223686,7,,,1,20,,223712,7,,,1,60,,223687,7,,,1,20,,223688,7,,,1,20,,223713,7,,,1,60,,223689,7,,,1,20,,223690,7,,,1,20,,223714,7,,,1,60,,223691,7,,,1,20,,223692,7,,,1,20,,223715,7,,,1,60,,223693,7,,,1,20,,223694,7,,,1,20,,223716,7,,,1,60,,223695,7,,,1,20,,223696,7,,,1,20,,223717,7,,,1,60,,223697,7,,,1,20,,223698,7,,,1,20,,223718,7,,,1,60,,223699,7,,,1,20,,223700,7,,,1,20,,223719,7,,,1,60,,223701,7,,,1,30,,223702,7,,,1,70,,223707,7,,,1,30,,223704,7,,,1,70,,223708,7,,,1,30,,223705,7,,,1,100,,223703,7,,,1,100,,223706,7,,,1
51500,'515-Sunday-1-26-09-0000001',621,,223720,7,,,1,100,,223721,7,,,1,100,,223722,7,,,1,99,,223723,7,,,1,85,,223724,7,,,1,20,,223725,7,,,1,20,,223749,7,,,1,60,,223726,7,,,1,20,,223727,7,,,1,20,,223750,7,,,1,60,,223728,7,,,1,20,,223729,7,,,1,20,,223751,7,,,1,60,,223730,7,,,1,20,,223731,7,,,1,20,,223752,7,,,1,60,,223732,7,,,1,20,,223733,7,,,1,20,,223753,7,,,1,60,,223734,7,,,1,20,,223735,7,,,1,20,,223754,7,,,1,60,,223736,7,,,1,20,,223737,7,,,1,20,,223755,7,,,1,60,,223738,7,,,1,22,,223739,7,,,1,20,,223756,7,,,1,60,,223740,7,,,1,20,,223741,7,,,1,20,,223757,7,,,1,60,,223742,7,,,1,30,,223745,7,,,1,70,,223743,7,,,1,30,,223746,7,,,1,70,,223747,7,,,1,100,,223744,7,,,1,100,,223748,7,,,1,100,,223758,7,,,1
