5601,'056-Weekday-1-26-09-1111100',456,,213488,8,,,1,70,,213489,8,,,1,15,,213490,8,,,1,15,,213491,8,,,1,55,,213492,8,,,1,15,,213493,8,,,1,7,,213560,8,0,11,1,8,,213494,8,,,1,7,,213559,8,0,11,1,8,,213495,8,,,1,47,,213558,8,0,11,1,8,,213487,8,,,1,7,,213496,8,0,11,1,8,,213497,8,,,1,7,,213498,8,0,11,1,8,,213499,8,,,1,7,,213500,8,0,11,1,8,,213501,8,,,1,47,,213502,8,0,11,1,8,,213503,8,,,1,7,,213504,8,0,11,1,8,,213505,8,,,1,7,,213506,8,0,11,1,8,,213507,8,,,1,7,,213562,8,0,11,1,8,,213508,8,,,1,55,,213509,8,,,1,15,,213510,8,,,1,15,,213511,8,,,1,15,,213512,8,,,1,55,,213513,8,,,1,15,,213514,8,,,1,15,,213515,8,,,1,15,,213516,8,,,1,55,,213517,8,,,1,15,,213518,8,,,1,15,,213519,8,,,1,15,,213520,8,,,1,55,,213521,8,,,1,15,,213522,8,,,1,15,,213523,8,,,1,15,,213524,8,,,1,55,,213525,8,,,1,15,,213526,8,,,1,15,,213527,8,,,1,15,,213528,8,,,1,55,,213529,8,,,1,15,,213530,8,,,1,15,,213531,8,,,1,12,,213532,8,,,1,53,,213533,8,,,1,12,,213534,8,,,1,12,,213535,8,,,1,12,,213536,8,,,1,12,,213537,8,,,1,52,,213538,8,,,1,12,,213539,8,,,1,12,,213540,8,,,1,12,,213541,8,,,1,12,,213542,8,,,1,52,,213543,8,,,1,12,,213544,8,,,1,12,,213545,8,,,1,12,,213546,8,,,1,12,,213547,8,,,1,59,,213548,8,,,1,21,,213549,8,,,1,20,,213550,8,,,1,60,,213551,8,,,1,20,,213552,8,,,1,20,,213553,8,,,1,60,,213554,8,,,1,20,,213563,8,,,1,20,,213564,8,,,1,60,,213565,8,,,1,20,,213566,8,,,1,20,,213567,8,,,1,60,,213555,8,,,1,100,,213556,8,,,1,100,,213557,8,,,1
5601,'056-Weekday-2-26-09-1111100',456,,213569,8,,,1,70,,213570,8,,,1,15,,213571,8,,,1,15,,213572,8,,,1,55,,213573,8,,,1,15,,213574,8,,,1,7,,213641,8,0,11,1,8,,213575,8,,,1,7,,213640,8,0,11,1,8,,213576,8,,,1,47,,213639,8,0,11,1,8,,213568,8,,,1,7,,213577,8,0,11,1,8,,213578,8,,,1,7,,213579,8,0,11,1,8,,213580,8,,,1,7,,213581,8,0,11,1,8,,213582,8,,,1,47,,213583,8,0,11,1,8,,213584,8,,,1,7,,213585,8,0,11,1,8,,213586,8,,,1,7,,213587,8,0,11,1,8,,213588,8,,,1,7,,213643,8,0,11,1,8,,213589,8,,,1,55,,213590,8,,,1,15,,213591,8,,,1,15,,213592,8,,,1,15,,213593,8,,,1,55,,213594,8,,,1,15,,213595,8,,,1,15,,213596,8,,,1,15,,213597,8,,,1,55,,213598,8,,,1,15,,213599,8,,,1,15,,213600,8,,,1,15,,213601,8,,,1,55,,213602,8,,,1,15,,213603,8,,,1,15,,213604,8,,,1,15,,213605,8,,,1,55,,213606,8,,,1,15,,213607,8,,,1,15,,213608,8,,,1,15,,213609,8,,,1,55,,213610,8,,,1,15,,213611,8,,,1,15,,213612,8,,,1,12,,213613,8,,,1,53,,213614,8,,,1,12,,213615,8,,,1,12,,213616,8,,,1,12,,213617,8,,,1,12,,213618,8,,,1,52,,213619,8,,,1,12,,213620,8,,,1,12,,213621,8,,,1,12,,213622,8,,,1,12,,213623,8,,,1,52,,213624,8,,,1,12,,213625,8,,,1,12,,213626,8,,,1,12,,213627,8,,,1,12,,213628,8,,,1,59,,213629,8,,,1,21,,213630,8,,,1,20,,213631,8,,,1,60,,213632,8,,,1,20,,213633,8,,,1,20,,213634,8,,,1,60,,213635,8,,,1,20,,213644,8,,,1,20,,213645,8,,,1,60,,213646,8,,,1,20,,213647,8,,,1,20,,213648,8,,,1,60,,213636,8,,,1,100,,213637,8,,,1,100,,213638,8,,,1
5601,'056-Weekday-3-26-09-1111100',456,,256534,8,,,1,70,,256535,8,,,1,15,,256536,8,,,1,15,,256537,8,,,1,55,,256538,8,,,1,15,,256539,8,,,1,7,,256606,8,0,11,1,8,,256540,8,,,1,7,,256605,8,0,11,1,8,,256541,8,,,1,47,,256604,8,0,11,1,8,,256533,8,,,1,7,,256542,8,0,11,1,8,,256543,8,,,1,7,,256544,8,0,11,1,8,,256545,8,,,1,7,,256546,8,0,11,1,8,,256547,8,,,1,47,,256548,8,0,11,1,8,,256549,8,,,1,7,,256550,8,0,11,1,8,,256551,8,,,1,7,,256552,8,0,11,1,8,,256553,8,,,1,7,,256607,8,0,11,1,8,,256554,8,,,1,55,,256555,8,,,1,15,,256556,8,,,1,15,,256557,8,,,1,15,,256558,8,,,1,55,,256559,8,,,1,15,,256560,8,,,1,15,,256561,8,,,1,15,,256562,8,,,1,55,,256563,8,,,1,15,,256564,8,,,1,15,,256565,8,,,1,15,,256566,8,,,1,55,,256567,8,,,1,15,,256568,8,,,1,15,,256569,8,,,1,15,,256570,8,,,1,55,,256571,8,,,1,15,,256572,8,,,1,15,,256573,8,,,1,15,,256574,8,,,1,55,,256575,8,,,1,15,,256576,8,,,1,15,,256577,8,,,1,12,,256578,8,,,1,53,,256579,8,,,1,12,,256580,8,,,1,12,,256581,8,,,1,12,,256582,8,,,1,12,,256583,8,,,1,52,,256584,8,,,1,12,,256585,8,,,1,12,,256586,8,,,1,12,,256587,8,,,1,12,,256588,8,,,1,52,,256589,8,,,1,12,,256590,8,,,1,12,,256591,8,,,1,12,,256592,8,,,1,12,,256593,8,,,1,59,,256594,8,,,1,21,,256595,8,,,1,20,,256596,8,,,1,60,,256597,8,,,1,20,,256598,8,,,1,20,,256599,8,,,1,60,,256600,8,,,1,20,,256608,8,,,1,20,,256609,8,,,1,60,,256610,8,,,1,20,,256611,8,,,1,20,,256612,8,,,1,60,,256601,8,,,1,100,,256602,8,,,1,100,,256603,8,,,1
5601,'056-Weekday-4-26-09-1111100',456,,213650,8,,,1,70,,213651,8,,,1,15,,213652,8,,,1,15,,213653,8,,,1,55,,213654,8,,,1,15,,213655,8,,,1,7,,213722,8,0,11,1,8,,213656,8,,,1,7,,213721,8,0,11,1,8,,213657,8,,,1,47,,213720,8,0,11,1,8,,213649,8,,,1,7,,213658,8,0,11,1,8,,213659,8,,,1,7,,213660,8,0,11,1,8,,213661,8,,,1,7,,213662,8,0,11,1,8,,213663,8,,,1,47,,213664,8,0,11,1,8,,213665,8,,,1,7,,213666,8,0,11,1,8,,213667,8,,,1,7,,213668,8,0,11,1,8,,213669,8,,,1,7,,213723,8,0,11,1,8,,213670,8,,,1,55,,213671,8,,,1,15,,213672,8,,,1,15,,213673,8,,,1,15,,213674,8,,,1,55,,213675,8,,,1,15,,213676,8,,,1,15,,213677,8,,,1,15,,213678,8,,,1,55,,213679,8,,,1,15,,213680,8,,,1,15,,213681,8,,,1,15,,213682,8,,,1,55,,213683,8,,,1,15,,213684,8,,,1,15,,213685,8,,,1,15,,213686,8,,,1,55,,213687,8,,,1,15,,213688,8,,,1,15,,213689,8,,,1,15,,213690,8,,,1,55,,213691,8,,,1,15,,213692,8,,,1,15,,213693,8,,,1,12,,213694,8,,,1,53,,213695,8,,,1,12,,213696,8,,,1,12,,213697,8,,,1,12,,213698,8,,,1,12,,213699,8,,,1,52,,213700,8,,,1,12,,213701,8,,,1,12,,213702,8,,,1,12,,213703,8,,,1,12,,213704,8,,,1,52,,213705,8,,,1,12,,213706,8,,,1,12,,213707,8,,,1,12,,213708,8,,,1,12,,213709,8,,,1,59,,213710,8,,,1,21,,213711,8,,,1,20,,213712,8,,,1,60,,213713,8,,,1,20,,213714,8,,,1,20,,213715,8,,,1,60,,213716,8,,,1,20,,213724,8,,,1,20,,213725,8,,,1,60,,213726,8,,,1,20,,213727,8,,,1,20,,213728,8,,,1,60,,213717,8,,,1,100,,213718,8,,,1,100,,213719,8,,,1
5601,'056-Weekday-5-26-09-1111100',456,,256614,8,,,1,70,,256615,8,,,1,15,,256616,8,,,1,15,,256617,8,,,1,55,,256618,8,,,1,15,,256619,8,,,1,7,,256686,8,0,11,1,8,,256620,8,,,1,7,,256685,8,0,11,1,8,,256621,8,,,1,47,,256684,8,0,11,1,8,,256613,8,,,1,7,,256622,8,0,11,1,8,,256623,8,,,1,7,,256624,8,0,11,1,8,,256625,8,,,1,7,,256626,8,0,11,1,8,,256627,8,,,1,47,,256628,8,0,11,1,8,,256629,8,,,1,7,,256630,8,0,11,1,8,,256631,8,,,1,7,,256632,8,0,11,1,8,,256633,8,,,1,7,,256687,8,0,11,1,8,,256634,8,,,1,55,,256635,8,,,1,15,,256636,8,,,1,15,,256637,8,,,1,15,,256638,8,,,1,55,,256639,8,,,1,15,,256640,8,,,1,15,,256641,8,,,1,15,,256642,8,,,1,55,,256643,8,,,1,15,,256644,8,,,1,15,,256645,8,,,1,15,,256646,8,,,1,55,,256647,8,,,1,15,,256648,8,,,1,15,,256649,8,,,1,15,,256650,8,,,1,55,,256651,8,,,1,15,,256652,8,,,1,15,,256653,8,,,1,15,,256654,8,,,1,55,,256655,8,,,1,15,,256656,8,,,1,15,,256657,8,,,1,12,,256658,8,,,1,53,,256659,8,,,1,12,,256660,8,,,1,12,,256661,8,,,1,12,,256662,8,,,1,12,,256663,8,,,1,52,,256664,8,,,1,12,,256665,8,,,1,12,,256666,8,,,1,12,,256667,8,,,1,12,,256668,8,,,1,52,,256669,8,,,1,12,,256670,8,,,1,12,,256671,8,,,1,12,,256672,8,,,1,12,,256673,8,,,1,59,,256674,8,,,1,21,,256675,8,,,1,20,,256676,8,,,1,60,,256677,8,,,1,20,,256678,8,,,1,20,,256679,8,,,1,60,,256680,8,,,1,20,,256688,8,,,1,20,,256689,8,,,1,60,,256690,8,,,1,20,,256691,8,,,1,20,,256692,8,,,1,60,,256681,8,,,1,100,,256682,8,,,1,100,,256683,8,,,1
5601,'056-Weekday-6-26-09-1111100',456,,256694,8,,,1,70,,256695,8,,,1,15,,256696,8,,,1,15,,256697,8,,,1,55,,256698,8,,,1,15,,256699,8,,,1,7,,256766,8,0,11,1,8,,256700,8,,,1,7,,256765,8,0,11,1,8,,256701,8,,,1,47,,256764,8,0,11,1,8,,256693,8,,,1,7,,256702,8,0,11,1,8,,256703,8,,,1,7,,256704,8,0,11,1,8,,256705,8,,,1,7,,256706,8,0,11,1,8,,256707,8,,,1,47,,256708,8,0,11,1,8,,256709,8,,,1,7,,256710,8,0,11,1,8,,256711,8,,,1,7,,256712,8,0,11,1,8,,256713,8,,,1,7,,256768,8,0,11,1,8,,256714,8,,,1,55,,256715,8,,,1,15,,256716,8,,,1,15,,256717,8,,,1,15,,256718,8,,,1,55,,256719,8,,,1,15,,256720,8,,,1,15,,256721,8,,,1,15,,256722,8,,,1,55,,256723,8,,,1,15,,256724,8,,,1,15,,256725,8,,,1,15,,256726,8,,,1,55,,256727,8,,,1,15,,256728,8,,,1,15,,256729,8,,,1,15,,256730,8,,,1,55,,256731,8,,,1,15,,256732,8,,,1,15,,256733,8,,,1,15,,256734,8,,,1,55,,256735,8,,,1,15,,256736,8,,,1,15,,256737,8,,,1,12,,256738,8,,,1,53,,256739,8,,,1,12,,256740,8,,,1,12,,256741,8,,,1,12,,256742,8,,,1,12,,256743,8,,,1,52,,256744,8,,,1,12,,256745,8,,,1,12,,256746,8,,,1,12,,256747,8,,,1,12,,256748,8,,,1,52,,256749,8,,,1,12,,256750,8,,,1,12,,256751,8,,,1,12,,256752,8,,,1,12,,256753,8,,,1,59,,256754,8,,,1,21,,256755,8,,,1,20,,256756,8,,,1,60,,256757,8,,,1,20,,256758,8,,,1,20,,256759,8,,,1,60,,256760,8,,,1,20,,256769,8,,,1,20,,256770,8,,,1,60,,256771,8,,,1,20,,256772,8,,,1,20,,256773,8,,,1,60,,256761,8,,,1,100,,256762,8,,,1,100,,256763,8,,,1
5601,'056-Weekday-7-26-09-1111100',456,,256775,8,,,1,70,,256776,8,,,1,15,,256777,8,,,1,15,,256778,8,,,1,55,,256779,8,,,1,15,,256780,8,,,1,7,,256847,8,0,11,1,8,,256781,8,,,1,7,,256846,8,0,11,1,8,,256782,8,,,1,47,,256845,8,0,11,1,8,,256774,8,,,1,7,,256783,8,0,11,1,8,,256784,8,,,1,7,,256785,8,0,11,1,8,,256786,8,,,1,7,,256787,8,0,11,1,8,,256788,8,,,1,47,,256789,8,0,11,1,8,,256790,8,,,1,7,,256791,8,0,11,1,8,,256792,8,,,1,7,,256793,8,0,11,1,8,,256794,8,,,1,7,,256848,8,0,11,1,8,,256795,8,,,1,55,,256796,8,,,1,15,,256797,8,,,1,15,,256798,8,,,1,15,,256799,8,,,1,55,,256800,8,,,1,15,,256801,8,,,1,15,,256802,8,,,1,15,,256803,8,,,1,55,,256804,8,,,1,15,,256805,8,,,1,15,,256806,8,,,1,15,,256807,8,,,1,55,,256808,8,,,1,15,,256809,8,,,1,15,,256810,8,,,1,15,,256811,8,,,1,55,,256812,8,,,1,15,,256813,8,,,1,15,,256814,8,,,1,15,,256815,8,,,1,55,,256816,8,,,1,15,,256817,8,,,1,15,,256818,8,,,1,12,,256819,8,,,1,53,,256820,8,,,1,12,,256821,8,,,1,12,,256822,8,,,1,12,,256823,8,,,1,12,,256824,8,,,1,52,,256825,8,,,1,12,,256826,8,,,1,12,,256827,8,,,1,12,,256828,8,,,1,12,,256829,8,,,1,52,,256830,8,,,1,12,,256831,8,,,1,12,,256832,8,,,1,12,,256833,8,,,1,12,,256834,8,,,1,59,,256835,8,,,1,21,,256836,8,,,1,20,,256837,8,,,1,60,,256838,8,,,1,20,,256839,8,,,1,20,,256840,8,,,1,60,,256841,8,,,1,20,,256849,8,,,1,20,,256850,8,,,1,60,,256851,8,,,1,20,,256852,8,,,1,20,,256853,8,,,1,60,,256842,8,,,1,100,,256843,8,,,1,100,,256844,8,,,1
5601,'056-Saturday-1-26-09-0000010',518,,213774,8,,,1,30,,213729,8,,,1,70,,213775,8,,,1,30,,213730,8,,,1,70,,213776,8,,,1,30,,213731,8,,,1,55,,213732,8,,,1,15,,213777,8,,,1,15,,213733,8,,,1,15,,213734,8,,,1,55,,213735,8,,,1,15,,213778,8,,,1,15,,213736,8,,,1,15,,213737,8,,,1,55,,213738,8,,,1,15,,213779,8,,,1,15,,213739,8,,,1,15,,213740,8,,,1,55,,213741,8,,,1,15,,213780,8,,,1,15,,213742,8,,,1,15,,213743,8,,,1,55,,213744,8,,,1,15,,213781,8,,,1,15,,213745,8,,,1,15,,213746,8,,,1,55,,213747,8,,,1,15,,213782,8,,,1,15,,213748,8,,,1,15,,213749,8,,,1,55,,213750,8,,,1,15,,213783,8,,,1,15,,213751,8,,,1,15,,213752,8,,,1,55,,213753,8,,,1,15,,213784,8,,,1,15,,213762,8,,,1,15,,213763,8,,,1,55,,213764,8,,,1,15,,213785,8,,,1,15,,213765,8,,,1,15,,213766,8,,,1,55,,213767,8,,,1,15,,213786,8,,,1,15,,213768,8,,,1,15,,213769,8,,,1,55,,213770,8,,,1,15,,213787,8,,,1,15,,213771,8,,,1,15,,213772,8,,,1,60,,213773,8,,,1,20,,213759,8,,,1,20,,213754,8,,,1,60,,213788,8,,,1,20,,213760,8,,,1,20,,213755,8,,,1,60,,213789,8,,,1,20,,213761,8,,,1,20,,213756,8,,,1,60,,213790,8,,,1,30,,213791,8,,,1,70,,213757,8,,,1,30,,213792,8,,,1,70,,213758,8,,,1
5601,'056-Sunday-1-26-09-0000001',529,,213826,8,,,1,30,,213793,8,,,1,70,,213827,8,,,1,30,,213794,8,,,1,70,,213828,8,,,1,30,,213795,8,,,1,55,,213824,8,,,1,15,,213829,8,,,1,15,,213796,8,,,1,15,,213825,8,,,1,55,,213830,8,,,1,15,,213797,8,,,1,15,,213798,8,,,1,15,,213831,8,,,1,55,,213799,8,,,1,15,,213800,8,,,1,15,,213832,8,,,1,15,,213801,8,,,1,55,,213802,8,,,1,15,,213833,8,,,1,15,,213803,8,,,1,15,,213804,8,,,1,55,,213834,8,,,1,15,,213805,8,,,1,15,,213806,8,,,1,15,,213835,8,,,1,55,,213807,8,,,1,15,,213808,8,,,1,15,,213836,8,,,1,15,,213809,8,,,1,55,,213810,8,,,1,15,,213837,8,,,1,15,,213811,8,,,1,15,,213812,8,,,1,55,,213838,8,,,1,15,,213813,8,,,1,15,,213814,8,,,1,15,,213839,8,,,1,55,,213815,8,,,1,15,,213845,8,,,1,15,,213846,8,,,1,15,,213847,8,,,1,55,,213848,8,,,1,15,,213849,8,,,1,15,,213850,8,,,1,15,,213851,8,,,1,55,,213852,8,,,1,14,,213853,8,,,1,16,,213854,8,,,1,15,,213855,8,,,1,60,,213821,8,,,1,20,,213840,8,,,1,20,,213816,8,,,1,60,,213822,8,,,1,20,,213841,8,,,1,20,,213817,8,,,1,60,,213823,8,,,1,20,,213842,8,,,1,20,,213818,8,,,1,70,,213843,8,,,1,30,,213819,8,,,1,70,,213844,8,,,1,30,,213820,8,,,1
51601,'516-Weekday-1-26-09-1111100',523,,224362,8,,,1,30,,224363,8,,,1,73,,224364,8,,,1,13,,224365,8,,,1,12,,224389,8,,,1,52,,224366,8,,,1,12,,224367,8,,,1,12,,224390,8,,,1,12,,224391,8,,,1,12,,224392,8,,,1,52,,224393,8,,,1,12,,224394,8,,,1,12,,224395,8,,,1,12,,224368,8,,,1,20,,224369,8,,,1,60,,224370,8,,,1,19,,224406,8,,,1,20,,224407,8,,,1,60,,224408,8,,,1,20,,224409,8,,,1,20,,224410,8,,,1,60,,224411,8,,,1,20,,224412,8,,,1,20,,224413,8,,,1,60,,224414,8,,,1,20,,224415,8,,,1,20,,224416,8,,,1,60,,224417,8,,,1,20,,224418,8,,,1,20,,224419,8,,,1,60,,224420,8,,,1,20,,224421,8,,,1,20,,224422,8,,,1,60,,224386,8,,,1,12,,224371,8,,,1,12,,224372,8,,,1,12,,224387,8,,,1,52,,224373,8,,,1,12,,224374,8,,,1,12,,224375,8,,,1,12,,224376,8,,,1,12,,224388,8,,,1,52,,224378,8,,,1,12,,224379,8,,,1,12,,224380,8,,,1,12,,224381,8,,,1,12,,224377,8,,,1,52,,224432,8,,,1,12,,224433,8,,,1,12,,224434,8,,,1,15,,224431,8,,,1,60,,224405,8,,,1,20,,224404,8,,,1,20,,224403,8,,,1,60,,224402,8,,,1,20,,224401,8,,,1,20,,224400,8,,,1,60,,224399,8,,,1,20,,224398,8,,,1,20,,224397,8,,,1,59,,224396,8,,,1,20,,224382,8,,,1,20,,224385,8,,,1,60,,224423,8,,,1,30,,224383,8,,,1,70,,224384,8,,,1
51601,'516-Weekday-2-26-09-1111100',523,,224435,8,,,1,30,,224436,8,,,1,73,,224437,8,,,1,13,,224438,8,,,1,12,,224462,8,,,1,52,,224439,8,,,1,12,,224440,8,,,1,12,,224463,8,,,1,12,,224464,8,,,1,12,,224465,8,,,1,52,,224466,8,,,1,12,,224467,8,,,1,12,,224468,8,,,1,12,,224441,8,,,1,20,,224442,8,,,1,60,,224443,8,,,1,19,,224479,8,,,1,20,,224480,8,,,1,60,,224481,8,,,1,20,,224482,8,,,1,20,,224483,8,,,1,60,,224484,8,,,1,20,,224485,8,,,1,20,,224486,8,,,1,60,,224487,8,,,1,20,,224488,8,,,1,20,,224489,8,,,1,60,,224490,8,,,1,20,,224491,8,,,1,20,,224492,8,,,1,60,,224493,8,,,1,20,,224494,8,,,1,20,,224495,8,,,1,60,,224459,8,,,1,12,,224444,8,,,1,12,,224445,8,,,1,12,,224460,8,,,1,52,,224446,8,,,1,12,,224447,8,,,1,12,,224448,8,,,1,12,,224449,8,,,1,12,,224461,8,,,1,52,,224451,8,,,1,12,,224452,8,,,1,12,,224453,8,,,1,12,,224454,8,,,1,12,,224450,8,,,1,52,,224505,8,,,1,12,,224506,8,,,1,12,,224507,8,,,1,15,,224504,8,,,1,60,,224478,8,,,1,20,,224477,8,,,1,20,,224476,8,,,1,60,,224475,8,,,1,20,,224474,8,,,1,20,,224473,8,,,1,60,,224472,8,,,1,20,,224471,8,,,1,20,,224470,8,,,1,59,,224469,8,,,1,20,,224455,8,,,1,20,,224458,8,,,1,60,,224496,8,,,1,30,,224456,8,,,1,70,,224457,8,,,1
51601,'516-Weekday-3-26-09-1111100',523,,267482,8,,,1,30,,267483,8,,,1,73,,267484,8,,,1,13,,267485,8,,,1,12,,267509,8,,,1,52,,267486,8,,,1,12,,267487,8,,,1,12,,267510,8,,,1,12,,267511,8,,,1,12,,267512,8,,,1,52,,267513,8,,,1,12,,267514,8,,,1,12,,267515,8,,,1,12,,267488,8,,,1,20,,267489,8,,,1,60,,267490,8,,,1,19,,267526,8,,,1,20,,267527,8,,,1,60,,267528,8,,,1,20,,267529,8,,,1,20,,267530,8,,,1,60,,267531,8,,,1,20,,267532,8,,,1,20,,267533,8,,,1,60,,267534,8,,,1,20,,267535,8,,,1,20,,267536,8,,,1,60,,267537,8,,,1,20,,267538,8,,,1,20,,267539,8,,,1,60,,267540,8,,,1,20,,267541,8,,,1,20,,267542,8,,,1,60,,267506,8,,,1,12,,267491,8,,,1,12,,267492,8,,,1,12,,267507,8,,,1,52,,267493,8,,,1,12,,267494,8,,,1,12,,267495,8,,,1,12,,267496,8,,,1,12,,267508,8,,,1,52,,267498,8,,,1,12,,267499,8,,,1,12,,267500,8,,,1,12,,267501,8,,,1,12,,267497,8,,,1,52,,267552,8,,,1,12,,267553,8,,,1,12,,267554,8,,,1,15,,267551,8,,,1,60,,267525,8,,,1,20,,267524,8,,,1,20,,267523,8,,,1,60,,267522,8,,,1,20,,267521,8,,,1,20,,267520,8,,,1,60,,267519,8,,,1,20,,267518,8,,,1,20,,267517,8,,,1,59,,267516,8,,,1,20,,267502,8,,,1,20,,267505,8,,,1,60,,267543,8,,,1,30,,267503,8,,,1,70,,267504,8,,,1
51601,'516-Weekday-4-26-09-1111100',523,,224508,8,,,1,30,,224509,8,,,1,73,,224510,8,,,1,13,,224511,8,,,1,12,,224535,8,,,1,52,,224512,8,,,1,12,,224513,8,,,1,12,,224536,8,,,1,12,,224537,8,,,1,12,,224538,8,,,1,52,,224539,8,,,1,12,,224540,8,,,1,12,,224541,8,,,1,12,,224514,8,,,1,20,,224515,8,,,1,60,,224516,8,,,1,19,,224552,8,,,1,20,,224553,8,,,1,60,,224554,8,,,1,20,,224555,8,,,1,20,,224556,8,,,1,60,,224557,8,,,1,20,,224558,8,,,1,20,,224559,8,,,1,60,,224560,8,,,1,20,,224561,8,,,1,20,,224562,8,,,1,60,,224563,8,,,1,20,,224564,8,,,1,20,,224565,8,,,1,60,,224566,8,,,1,20,,224567,8,,,1,20,,224568,8,,,1,60,,224532,8,,,1,12,,224517,8,,,1,12,,224518,8,,,1,12,,224533,8,,,1,52,,224519,8,,,1,12,,224520,8,,,1,12,,224521,8,,,1,12,,224522,8,,,1,12,,224534,8,,,1,52,,224524,8,,,1,12,,224525,8,,,1,12,,224526,8,,,1,12,,224527,8,,,1,12,,224523,8,,,1,52,,224578,8,,,1,12,,224579,8,,,1,12,,224580,8,,,1,15,,224577,8,,,1,60,,224551,8,,,1,20,,224550,8,,,1,20,,224549,8,,,1,60,,224548,8,,,1,20,,224547,8,,,1,20,,224546,8,,,1,60,,224545,8,,,1,20,,224544,8,,,1,20,,224543,8,,,1,59,,224542,8,,,1,20,,224528,8,,,1,20,,224531,8,,,1,60,,224569,8,,,1,30,,224529,8,,,1,70,,224530,8,,,1
51601,'516-Weekday-5-26-09-1111100',523,,267555,8,,,1,30,,267556,8,,,1,73,,267557,8,,,1,13,,267558,8,,,1,12,,267582,8,,,1,52,,267559,8,,,1,12,,267560,8,,,1,12,,267583,8,,,1,12,,267584,8,,,1,12,,267585,8,,,1,52,,267586,8,,,1,12,,267587,8,,,1,12,,267588,8,,,1,12,,267561,8,,,1,20,,267562,8,,,1,60,,267563,8,,,1,19,,267599,8,,,1,20,,267600,8,,,1,60,,267601,8,,,1,20,,267602,8,,,1,20,,267603,8,,,1,60,,267604,8,,,1,20,,267605,8,,,1,20,,267606,8,,,1,60,,267607,8,,,1,20,,267608,8,,,1,20,,267609,8,,,1,60,,267610,8,,,1,20,,267611,8,,,1,20,,267612,8,,,1,60,,267613,8,,,1,20,,267614,8,,,1,20,,267615,8,,,1,60,,267579,8,,,1,12,,267564,8,,,1,12,,267565,8,,,1,12,,267580,8,,,1,52,,267566,8,,,1,12,,267567,8,,,1,12,,267568,8,,,1,12,,267569,8,,,1,12,,267581,8,,,1,52,,267571,8,,,1,12,,267572,8,,,1,12,,267573,8,,,1,12,,267574,8,,,1,12,,267570,8,,,1,52,,267625,8,,,1,12,,267626,8,,,1,12,,267627,8,,,1,15,,267624,8,,,1,60,,267598,8,,,1,20,,267597,8,,,1,20,,267596,8,,,1,60,,267595,8,,,1,20,,267594,8,,,1,20,,267593,8,,,1,60,,267592,8,,,1,20,,267591,8,,,1,20,,267590,8,,,1,59,,267589,8,,,1,20,,267575,8,,,1,20,,267578,8,,,1,60,,267616,8,,,1,30,,267576,8,,,1,70,,267577,8,,,1
51601,'516-Weekday-6-26-09-1111100',523,,267628,8,,,1,30,,267629,8,,,1,73,,267630,8,,,1,13,,267631,8,,,1,12,,267655,8,,,1,52,,267632,8,,,1,12,,267633,8,,,1,12,,267656,8,,,1,12,,267657,8,,,1,12,,267658,8,,,1,52,,267659,8,,,1,12,,267660,8,,,1,12,,267661,8,,,1,12,,267634,8,,,1,20,,267635,8,,,1,60,,267636,8,,,1,19,,267672,8,,,1,20,,267673,8,,,1,60,,267674,8,,,1,20,,267675,8,,,1,20,,267676,8,,,1,60,,267677,8,,,1,20,,267678,8,,,1,20,,267679,8,,,1,60,,267680,8,,,1,20,,267681,8,,,1,20,,267682,8,,,1,60,,267683,8,,,1,20,,267684,8,,,1,20,,267685,8,,,1,60,,267686,8,,,1,20,,267687,8,,,1,20,,267688,8,,,1,60,,267652,8,,,1,12,,267637,8,,,1,12,,267638,8,,,1,12,,267653,8,,,1,52,,267639,8,,,1,12,,267640,8,,,1,12,,267641,8,,,1,12,,267642,8,,,1,12,,267654,8,,,1,52,,267644,8,,,1,12,,267645,8,,,1,12,,267646,8,,,1,12,,267647,8,,,1,12,,267643,8,,,1,52,,267698,8,,,1,12,,267699,8,,,1,12,,267700,8,,,1,15,,267697,8,,,1,60,,267671,8,,,1,20,,267670,8,,,1,20,,267669,8,,,1,60,,267668,8,,,1,20,,267667,8,,,1,20,,267666,8,,,1,60,,267665,8,,,1,20,,267664,8,,,1,20,,267663,8,,,1,59,,267662,8,,,1,20,,267648,8,,,1,20,,267651,8,,,1,60,,267689,8,,,1,30,,267649,8,,,1,70,,267650,8,,,1
51601,'516-Weekday-7-26-09-1111100',523,,267701,8,,,1,30,,267702,8,,,1,73,,267703,8,,,1,13,,267704,8,,,1,12,,267728,8,,,1,52,,267705,8,,,1,12,,267706,8,,,1,12,,267729,8,,,1,12,,267730,8,,,1,12,,267731,8,,,1,52,,267732,8,,,1,12,,267733,8,,,1,12,,267734,8,,,1,12,,267707,8,,,1,20,,267708,8,,,1,60,,267709,8,,,1,19,,267745,8,,,1,20,,267746,8,,,1,60,,267747,8,,,1,20,,267748,8,,,1,20,,267749,8,,,1,60,,267750,8,,,1,20,,267751,8,,,1,20,,267752,8,,,1,60,,267753,8,,,1,20,,267754,8,,,1,20,,267755,8,,,1,60,,267756,8,,,1,20,,267757,8,,,1,20,,267758,8,,,1,60,,267759,8,,,1,20,,267760,8,,,1,20,,267761,8,,,1,60,,267725,8,,,1,12,,267710,8,,,1,12,,267711,8,,,1,12,,267726,8,,,1,52,,267712,8,,,1,12,,267713,8,,,1,12,,267714,8,,,1,12,,267715,8,,,1,12,,267727,8,,,1,52,,267717,8,,,1,12,,267718,8,,,1,12,,267719,8,,,1,12,,267720,8,,,1,12,,267716,8,,,1,52,,267771,8,,,1,12,,267772,8,,,1,12,,267773,8,,,1,15,,267770,8,,,1,60,,267744,8,,,1,20,,267743,8,,,1,20,,267742,8,,,1,60,,267741,8,,,1,20,,267740,8,,,1,20,,267739,8,,,1,60,,267738,8,,,1,20,,267737,8,,,1,20,,267736,8,,,1,59,,267735,8,,,1,20,,267721,8,,,1,20,,267724,8,,,1,60,,267762,8,,,1,30,,267722,8,,,1,70,,267723,8,,,1
51601,'516-Saturday-1-26-09-0000010',612,,224582,8,,,1,20,,224583,8,,,1,20,,224584,8,,,1,60,,224585,8,,,1,20,,224586,8,,,1,20,,224587,8,,,1,60,,224581,8,,,1,15,,224588,8,,,1,15,,224589,8,,,1,14,,224590,8,,,1,56,,224591,8,,,1,15,,224592,8,,,1,15,,224593,8,,,1,15,,224594,8,,,1,55,,224595,8,,,1,15,,224596,8,,,1,15,,224597,8,,,1,15,,224598,8,,,1,55,,224599,8,,,1,15,,224600,8,,,1,15,,224601,8,,,1,15,,224602,8,,,1,55,,224603,8,,,1,15,,224604,8,,,1,15,,224605,8,,,1,15,,224606,8,,,1,55,,224607,8,,,1,15,,224608,8,,,1,15,,224609,8,,,1,15,,224610,8,,,1,55,,224611,8,,,1,15,,224612,8,,,1,15,,224613,8,,,1,15,,224614,8,,,1,55,,224615,8,,,1,15,,224616,8,,,1,15,,224617,8,,,1,15,,224618,8,,,1,55,,224619,8,,,1,15,,224620,8,,,1,16,,224621,8,,,1,15,,224622,8,,,1,55,,224623,8,,,1,15,,224624,8,,,1,15,,224625,8,,,1,15,,224626,8,,,1,55,,224627,8,,,1,15,,224628,8,,,1,15,,224629,8,,,1,15,,224630,8,,,1,57,,224631,8,,,1,20,,224632,8,,,1,20,,224633,8,,,1,60,,224634,8,,,1,20,,224635,8,,,1,20,,224636,8,,,1,60,,224637,8,,,1,20,,224638,8,,,1,20,,224639,8,,,1,70,,224640,8,,,1,30,,224641,8,,,1,70,,224642,8,,,1,30,,224643,8,,,1,70,,224644,8,,,1
51601,'516-Sunday-1-26-09-0000001',606,,224690,8,,,1,20,,224645,8,,,1,20,,224672,8,,,1,60,,224646,8,,,1,20,,224691,8,,,1,20,,224673,8,,,1,60,,224647,8,,,1,20,,224692,8,,,1,20,,224674,8,,,1,61,,224648,8,,,1,20,,224693,8,,,1,17,,224675,8,,,1,15,,224705,8,,,1,55,,224649,8,,,1,15,,224678,8,,,1,15,,224694,8,,,1,15,,224650,8,,,1,55,,224651,8,,,1,15,,224679,8,,,1,15,,224695,8,,,1,15,,224652,8,,,1,55,,224653,8,,,1,15,,224680,8,,,1,15,,224696,8,,,1,15,,224654,8,,,1,55,,224656,8,,,1,15,,224681,8,,,1,15,,224697,8,,,1,15,,224658,8,,,1,55,,224659,8,,,1,15,,224682,8,,,1,15,,224698,8,,,1,15,,224655,8,,,1,55,,224660,8,,,1,15,,224683,8,,,1,15,,224699,8,,,1,15,,224657,8,,,1,55,,224661,8,,,1,15,,224684,8,,,1,15,,224700,8,,,1,15,,224662,8,,,1,55,,224663,8,,,1,15,,224685,8,,,1,14,,224701,8,,,1,15,,224664,8,,,1,55,,224665,8,,,1,15,,224686,8,,,1,15,,224702,8,,,1,15,,224666,8,,,1,55,,224667,8,,,1,15,,224676,8,,,1,20,,224703,8,,,1,60,,224668,8,,,1,20,,224677,8,,,1,20,,224704,8,,,1,70,,224669,8,,,1,30,,224687,8,,,1,70,,224670,8,,,1,30,,224688,8,,,1,70,,224671,8,,,1,30,,224689,8,,,1
64601,'646-Weekday-1-26-09-1111100',1525,3,227634,1,,,1,1,3,227635,1,,,1
64601,'646-Weekday-3-26-09-1111100',1525,3,227636,1,,,1,1,3,227637,1,,,1
64601,'646-Weekday-7-26-09-1111100',1525,3,270455,1,,,1,1,3,270456,1,,,1
64701,'647-Weekday-1-26-09-1111100',1525,3,227640,1,,,1
64701,'647-Weekday-3-26-09-1111100',1525,3,227641,1,,,1
64701,'647-Weekday-7-26-09-1111100',1525,3,270458,1,,,1
