52300,'523-Weekday-1-26-09-1111100',559,,226071,50,,,1,70,,226072,50,,,1,77,,226073,50,,,1,16,,226074,50,,,1,15,,226075,50,,,1,15,,226076,50,,,1,55,,226077,50,,,1,15,,226078,50,,,1,15,,226079,50,,,1,15,,226080,50,,,1,54,,226124,50,,,1,18,,226081,50,,,1,20,,226082,50,,,1,60,,226083,50,,,1,20,,226084,50,,,1,20,,226085,50,,,1,60,,226086,50,,,1,20,,226087,50,,,1,20,,226088,50,,,1,60,,226089,50,,,1,20,,226090,50,,,1,20,,226091,50,,,1,60,,226092,50,,,1,20,,226093,50,,,1,20,,226094,50,,,1,60,,226095,50,,,1,20,,226096,50,,,1,20,,226097,50,,,1,61,,226098,50,,,1,23,,226099,50,,,1,18,,226100,50,,,1,55,,226101,50,,,1,15,,226102,50,,,1,15,,226103,50,,,1,15,,226104,50,,,1,55,,226105,50,,,1,15,,226106,50,,,1,15,,226107,50,,,1,15,,226108,50,,,1,55,,226109,50,,,1,15,,226110,50,,,1,15,,226111,50,,,1,13,,226112,50,,,1,56,,226113,50,,,1,29,,226114,50,,,1,30,,226115,50,,,1,70,,226116,50,,,1,30,,226117,50,,,1,70,,226118,50,,,1,30,,226119,50,,,1,67,,226120,50,,,1,29,,226121,50,,,1,100,,226122,50,,,1,100,,226123,50,,,1
52300,'523-Weekday-2-26-09-1111100',559,,226125,50,,,1,70,,226126,50,,,1,77,,226127,50,,,1,16,,226128,50,,,1,15,,226129,50,,,1,15,,226130,50,,,1,55,,226131,50,,,1,15,,226132,50,,,1,15,,226133,50,,,1,15,,226134,50,,,1,54,,226178,50,,,1,18,,226135,50,,,1,20,,226136,50,,,1,60,,226137,50,,,1,20,,226138,50,,,1,20,,226139,50,,,1,60,,226140,50,,,1,20,,226141,50,,,1,20,,226142,50,,,1,60,,226143,50,,,1,20,,226144,50,,,1,20,,226145,50,,,1,60,,226146,50,,,1,20,,226147,50,,,1,20,,226148,50,,,1,60,,226149,50,,,1,20,,226150,50,,,1,20,,226151,50,,,1,61,,226152,50,,,1,23,,226153,50,,,1,18,,226154,50,,,1,55,,226155,50,,,1,15,,226156,50,,,1,15,,226157,50,,,1,15,,226158,50,,,1,55,,226159,50,,,1,15,,226160,50,,,1,15,,226161,50,,,1,15,,226162,50,,,1,55,,226163,50,,,1,15,,226164,50,,,1,15,,226165,50,,,1,13,,226166,50,,,1,56,,226167,50,,,1,29,,226168,50,,,1,30,,226169,50,,,1,70,,226170,50,,,1,30,,226171,50,,,1,70,,226172,50,,,1,30,,226173,50,,,1,67,,226174,50,,,1,29,,226175,50,,,1,100,,226176,50,,,1,100,,226177,50,,,1
52300,'523-Weekday-3-26-09-1111100',559,,269109,50,,,1,70,,269110,50,,,1,77,,269111,50,,,1,16,,269112,50,,,1,15,,269113,50,,,1,15,,269114,50,,,1,55,,269115,50,,,1,15,,269116,50,,,1,15,,269117,50,,,1,15,,269118,50,,,1,54,,269162,50,,,1,18,,269119,50,,,1,20,,269120,50,,,1,60,,269121,50,,,1,20,,269122,50,,,1,20,,269123,50,,,1,60,,269124,50,,,1,20,,269125,50,,,1,20,,269126,50,,,1,60,,269127,50,,,1,20,,269128,50,,,1,20,,269129,50,,,1,60,,269130,50,,,1,20,,269131,50,,,1,20,,269132,50,,,1,60,,269133,50,,,1,20,,269134,50,,,1,20,,269135,50,,,1,61,,269136,50,,,1,23,,269137,50,,,1,18,,269138,50,,,1,55,,269139,50,,,1,15,,269140,50,,,1,15,,269141,50,,,1,15,,269142,50,,,1,55,,269143,50,,,1,15,,269144,50,,,1,15,,269145,50,,,1,15,,269146,50,,,1,55,,269147,50,,,1,15,,269148,50,,,1,15,,269149,50,,,1,13,,269150,50,,,1,56,,269151,50,,,1,29,,269152,50,,,1,30,,269153,50,,,1,70,,269154,50,,,1,30,,269155,50,,,1,70,,269156,50,,,1,30,,269157,50,,,1,67,,269158,50,,,1,29,,269159,50,,,1,100,,269160,50,,,1,100,,269161,50,,,1
52300,'523-Weekday-4-26-09-1111100',559,,226179,50,,,1,70,,226180,50,,,1,77,,226181,50,,,1,16,,226182,50,,,1,15,,226183,50,,,1,15,,226184,50,,,1,55,,226185,50,,,1,15,,226186,50,,,1,15,,226187,50,,,1,15,,226188,50,,,1,54,,226232,50,,,1,18,,226189,50,,,1,20,,226190,50,,,1,60,,226191,50,,,1,20,,226192,50,,,1,20,,226193,50,,,1,60,,226194,50,,,1,20,,226195,50,,,1,20,,226196,50,,,1,60,,226197,50,,,1,20,,226198,50,,,1,20,,226199,50,,,1,60,,226200,50,,,1,20,,226201,50,,,1,20,,226202,50,,,1,60,,226203,50,,,1,20,,226204,50,,,1,20,,226205,50,,,1,61,,226206,50,,,1,23,,226207,50,,,1,18,,226208,50,,,1,55,,226209,50,,,1,15,,226210,50,,,1,15,,226211,50,,,1,15,,226212,50,,,1,55,,226213,50,,,1,15,,226214,50,,,1,15,,226215,50,,,1,15,,226216,50,,,1,55,,226217,50,,,1,15,,226218,50,,,1,15,,226219,50,,,1,13,,226220,50,,,1,56,,226221,50,,,1,29,,226222,50,,,1,30,,226223,50,,,1,70,,226224,50,,,1,30,,226225,50,,,1,70,,226226,50,,,1,30,,226227,50,,,1,67,,226228,50,,,1,29,,226229,50,,,1,100,,226230,50,,,1,100,,226231,50,,,1
52300,'523-Weekday-5-26-09-1111100',559,,269163,50,,,1,70,,269164,50,,,1,77,,269165,50,,,1,16,,269166,50,,,1,15,,269167,50,,,1,15,,269168,50,,,1,55,,269169,50,,,1,15,,269170,50,,,1,15,,269171,50,,,1,15,,269172,50,,,1,54,,269216,50,,,1,18,,269173,50,,,1,20,,269174,50,,,1,60,,269175,50,,,1,20,,269176,50,,,1,20,,269177,50,,,1,60,,269178,50,,,1,20,,269179,50,,,1,20,,269180,50,,,1,60,,269181,50,,,1,20,,269182,50,,,1,20,,269183,50,,,1,60,,269184,50,,,1,20,,269185,50,,,1,20,,269186,50,,,1,60,,269187,50,,,1,20,,269188,50,,,1,20,,269189,50,,,1,61,,269190,50,,,1,23,,269191,50,,,1,18,,269192,50,,,1,55,,269193,50,,,1,15,,269194,50,,,1,15,,269195,50,,,1,15,,269196,50,,,1,55,,269197,50,,,1,15,,269198,50,,,1,15,,269199,50,,,1,15,,269200,50,,,1,55,,269201,50,,,1,15,,269202,50,,,1,15,,269203,50,,,1,13,,269204,50,,,1,56,,269205,50,,,1,29,,269206,50,,,1,30,,269207,50,,,1,70,,269208,50,,,1,30,,269209,50,,,1,70,,269210,50,,,1,30,,269211,50,,,1,67,,269212,50,,,1,29,,269213,50,,,1,100,,269214,50,,,1,100,,269215,50,,,1
52300,'523-Weekday-6-26-09-1111100',559,,269217,50,,,1,70,,269218,50,,,1,77,,269219,50,,,1,16,,269220,50,,,1,15,,269221,50,,,1,15,,269222,50,,,1,55,,269223,50,,,1,15,,269224,50,,,1,15,,269225,50,,,1,15,,269226,50,,,1,54,,269270,50,,,1,18,,269227,50,,,1,20,,269228,50,,,1,60,,269229,50,,,1,20,,269230,50,,,1,20,,269231,50,,,1,60,,269232,50,,,1,20,,269233,50,,,1,20,,269234,50,,,1,60,,269235,50,,,1,20,,269236,50,,,1,20,,269237,50,,,1,60,,269238,50,,,1,20,,269239,50,,,1,20,,269240,50,,,1,60,,269241,50,,,1,20,,269242,50,,,1,20,,269243,50,,,1,61,,269244,50,,,1,23,,269245,50,,,1,18,,269246,50,,,1,55,,269247,50,,,1,15,,269248,50,,,1,15,,269249,50,,,1,15,,269250,50,,,1,55,,269251,50,,,1,15,,269252,50,,,1,15,,269253,50,,,1,15,,269254,50,,,1,55,,269255,50,,,1,15,,269256,50,,,1,15,,269257,50,,,1,13,,269258,50,,,1,56,,269259,50,,,1,29,,269260,50,,,1,30,,269261,50,,,1,70,,269262,50,,,1,30,,269263,50,,,1,70,,269264,50,,,1,30,,269265,50,,,1,67,,269266,50,,,1,29,,269267,50,,,1,100,,269268,50,,,1,100,,269269,50,,,1
52300,'523-Weekday-7-26-09-1111100',559,,269271,50,,,1,70,,269272,50,,,1,77,,269273,50,,,1,16,,269274,50,,,1,15,,269275,50,,,1,15,,269276,50,,,1,55,,269277,50,,,1,15,,269278,50,,,1,15,,269279,50,,,1,15,,269280,50,,,1,54,,269324,50,,,1,18,,269281,50,,,1,20,,269282,50,,,1,60,,269283,50,,,1,20,,269284,50,,,1,20,,269285,50,,,1,60,,269286,50,,,1,20,,269287,50,,,1,20,,269288,50,,,1,60,,269289,50,,,1,20,,269290,50,,,1,20,,269291,50,,,1,60,,269292,50,,,1,20,,269293,50,,,1,20,,269294,50,,,1,60,,269295,50,,,1,20,,269296,50,,,1,20,,269297,50,,,1,61,,269298,50,,,1,23,,269299,50,,,1,18,,269300,50,,,1,55,,269301,50,,,1,15,,269302,50,,,1,15,,269303,50,,,1,15,,269304,50,,,1,55,,269305,50,,,1,15,,269306,50,,,1,15,,269307,50,,,1,15,,269308,50,,,1,55,,269309,50,,,1,15,,269310,50,,,1,15,,269311,50,,,1,13,,269312,50,,,1,56,,269313,50,,,1,29,,269314,50,,,1,30,,269315,50,,,1,70,,269316,50,,,1,30,,269317,50,,,1,70,,269318,50,,,1,30,,269319,50,,,1,67,,269320,50,,,1,29,,269321,50,,,1,100,,269322,50,,,1,100,,269323,50,,,1
52300,'523-Saturday-1-26-09-0000010',616,,226233,50,,,1,100,,226234,50,,,1,100,,226235,50,,,1,20,,226236,50,,,1,20,,226266,50,,,1,62,,226237,50,,,1,23,,226238,50,,,1,60,,226267,50,,,1,20,,226239,50,,,1,20,,226240,50,,,1,60,,226268,50,,,1,20,,226241,50,,,1,20,,226242,50,,,1,60,,226269,50,,,1,20,,226243,50,,,1,20,,226244,50,,,1,60,,226270,50,,,1,20,,226245,50,,,1,20,,226246,50,,,1,60,,226271,50,,,1,20,,226247,50,,,1,20,,226248,50,,,1,60,,226272,50,,,1,20,,226249,50,,,1,20,,226250,50,,,1,60,,226273,50,,,1,20,,226251,50,,,1,20,,226252,50,,,1,60,,226274,50,,,1,19,,226253,50,,,1,18,,226254,50,,,1,20,,226275,50,,,1,60,,226255,50,,,1,20,,226256,50,,,1,20,,226276,50,,,1,60,,226257,50,,,1,20,,226258,50,,,1,20,,226277,50,,,1,60,,226259,50,,,1,20,,226260,50,,,1,20,,226278,50,,,1,60,,226261,50,,,1,20,,226262,50,,,1,20,,226279,50,,,1,60,,226263,50,,,1,41,,226280,50,,,1,100,,226264,50,,,1,100,,226265,50,,,1
52300,'523-Sunday-1-26-09-0000001',717,,226281,50,,,1,100,,226282,50,,,1,103,,226283,50,,,1,100,,226284,50,,,1,20,,226285,50,,,1,60,,226286,50,,,1,20,,226287,50,,,1,20,,226288,50,,,1,60,,226289,50,,,1,20,,226290,50,,,1,20,,226291,50,,,1,60,,226292,50,,,1,20,,226293,50,,,1,20,,226294,50,,,1,60,,226295,50,,,1,20,,226296,50,,,1,20,,226297,50,,,1,60,,226298,50,,,1,20,,226299,50,,,1,20,,226300,50,,,1,60,,226301,50,,,1,20,,226302,50,,,1,20,,226306,50,,,1,60,,226303,50,,,1,19,,226307,50,,,1,19,,226304,50,,,1,20,,226310,50,,,1,60,,226311,50,,,1,20,,226312,50,,,1,20,,226313,50,,,1,70,,226314,50,,,1,30,,226315,50,,,1,70,,226316,50,,,1,30,,226317,50,,,1,70,,226318,50,,,1,30,,226308,50,,,1,100,,226309,50,,,1,100,,226305,50,,,1,100,,226319,50,,,1
24050001,'500X-Weekday-1-26-09-1111100',600,,245303,8,,,1,23,,245301,8,,,1,23,,245348,8,,,1,8,,245347,8,,,1,47,,245302,8,,,1,8,,245304,8,,,1,7,,245312,8,,,1,8,,245305,8,,,1,7,,245313,8,,,1,8,,245306,8,,,1,7,,245314,8,,,1,8,,245307,8,,,1,47,,245315,8,,,1,8,,245308,8,,,1,7,,245316,8,,,1,8,,245309,8,,,1,7,,245317,8,,,1,8,,245310,8,,,1,7,,245318,8,,,1,8,,245311,8,,,1,47,,245346,8,,,1,18,,245319,8,,,1,20,,245320,8,,,1,20,,245321,8,,,1,60,,245322,8,,,1,20,,245323,8,,,1,20,,245324,8,,,1,60,,245325,8,,,1,20,,245326,8,,,1,20,,245327,8,,,1,60,,245328,8,,,1,20,,245349,8,,,1,20,,245350,8,,,1,60,,245351,8,,,1,20,,245352,8,,,1,20,,245353,8,,,1,60,,245329,8,,,1,20,,245330,8,,,1,20,,245331,8,,,1,59,,245332,8,,,1,20,,245333,8,,,1,20,,245334,8,,,1,60,,245335,8,,,1,20,,245336,8,,,1,20,,245337,8,,,1,60,,245354,8,,,1,20,,245355,8,,,1,20,,245356,8,,,1,60,,245338,8,,,1,29,,245339,8,,,1,72,,245340,8,,,1,30,,245341,8,,,1,70,,245342,8,,,1,30,,245343,8,,,1,70,,245344,8,,,1,30,,245345,8,,,1
24050001,'500X-Weekday-2-26-09-1111100',600,,245359,8,,,1,23,,245357,8,,,1,23,,245404,8,,,1,8,,245403,8,,,1,47,,245358,8,,,1,8,,245360,8,,,1,7,,245368,8,,,1,8,,245361,8,,,1,7,,245369,8,,,1,8,,245362,8,,,1,7,,245370,8,,,1,8,,245363,8,,,1,47,,245371,8,,,1,8,,245364,8,,,1,7,,245372,8,,,1,8,,245365,8,,,1,7,,245373,8,,,1,8,,245366,8,,,1,7,,245374,8,,,1,8,,245367,8,,,1,47,,245402,8,,,1,18,,245375,8,,,1,20,,245376,8,,,1,20,,245377,8,,,1,60,,245378,8,,,1,20,,245379,8,,,1,20,,245380,8,,,1,60,,245381,8,,,1,20,,245382,8,,,1,20,,245383,8,,,1,60,,245384,8,,,1,20,,245405,8,,,1,20,,245406,8,,,1,60,,245407,8,,,1,20,,245408,8,,,1,20,,245409,8,,,1,60,,245385,8,,,1,20,,245386,8,,,1,20,,245387,8,,,1,59,,245388,8,,,1,20,,245389,8,,,1,20,,245390,8,,,1,60,,245391,8,,,1,20,,245392,8,,,1,20,,245393,8,,,1,60,,245410,8,,,1,20,,245411,8,,,1,20,,245412,8,,,1,60,,245394,8,,,1,29,,245395,8,,,1,72,,245396,8,,,1,30,,245397,8,,,1,70,,245398,8,,,1,30,,245399,8,,,1,70,,245400,8,,,1,30,,245401,8,,,1
24050001,'500X-Weekday-3-26-09-1111100',600,,287884,8,,,1,23,,287882,8,,,1,23,,287929,8,,,1,8,,287928,8,,,1,47,,287883,8,,,1,8,,287885,8,,,1,7,,287893,8,,,1,8,,287886,8,,,1,7,,287894,8,,,1,8,,287887,8,,,1,7,,287895,8,,,1,8,,287888,8,,,1,47,,287896,8,,,1,8,,287889,8,,,1,7,,287897,8,,,1,8,,287890,8,,,1,7,,287898,8,,,1,8,,287891,8,,,1,7,,287899,8,,,1,8,,287892,8,,,1,47,,287927,8,,,1,18,,287900,8,,,1,20,,287901,8,,,1,20,,287902,8,,,1,60,,287903,8,,,1,20,,287904,8,,,1,20,,287905,8,,,1,60,,287906,8,,,1,20,,287907,8,,,1,20,,287908,8,,,1,60,,287909,8,,,1,20,,287930,8,,,1,20,,287931,8,,,1,60,,287932,8,,,1,20,,287933,8,,,1,20,,287934,8,,,1,60,,287910,8,,,1,20,,287911,8,,,1,20,,287912,8,,,1,59,,287913,8,,,1,20,,287914,8,,,1,20,,287915,8,,,1,60,,287916,8,,,1,20,,287917,8,,,1,20,,287918,8,,,1,60,,287935,8,,,1,20,,287936,8,,,1,20,,287937,8,,,1,60,,287919,8,,,1,29,,287920,8,,,1,72,,287921,8,,,1,30,,287922,8,,,1,70,,287923,8,,,1,30,,287924,8,,,1,70,,287925,8,,,1,30,,287926,8,,,1
24050001,'500X-Weekday-4-26-09-1111100',600,,245415,8,,,1,23,,245413,8,,,1,23,,245460,8,,,1,8,,245459,8,,,1,47,,245414,8,,,1,8,,245416,8,,,1,7,,245424,8,,,1,8,,245417,8,,,1,7,,245425,8,,,1,8,,245418,8,,,1,7,,245426,8,,,1,8,,245419,8,,,1,47,,245427,8,,,1,8,,245420,8,,,1,7,,245428,8,,,1,8,,245421,8,,,1,7,,245429,8,,,1,8,,245422,8,,,1,7,,245430,8,,,1,8,,245423,8,,,1,47,,245458,8,,,1,18,,245431,8,,,1,20,,245432,8,,,1,20,,245433,8,,,1,60,,245434,8,,,1,20,,245435,8,,,1,20,,245436,8,,,1,60,,245437,8,,,1,20,,245438,8,,,1,20,,245439,8,,,1,60,,245440,8,,,1,20,,245461,8,,,1,20,,245462,8,,,1,60,,245463,8,,,1,20,,245464,8,,,1,20,,245465,8,,,1,60,,245441,8,,,1,20,,245442,8,,,1,20,,245443,8,,,1,59,,245444,8,,,1,20,,245445,8,,,1,20,,245446,8,,,1,60,,245447,8,,,1,20,,245448,8,,,1,20,,245449,8,,,1,60,,245466,8,,,1,20,,245467,8,,,1,20,,245468,8,,,1,60,,245450,8,,,1,29,,245451,8,,,1,72,,245452,8,,,1,30,,245453,8,,,1,70,,245454,8,,,1,30,,245455,8,,,1,70,,245456,8,,,1,30,,245457,8,,,1
24050001,'500X-Weekday-5-26-09-1111100',600,,287940,8,,,1,23,,287938,8,,,1,23,,287985,8,,,1,8,,287984,8,,,1,47,,287939,8,,,1,8,,287941,8,,,1,7,,287949,8,,,1,8,,287942,8,,,1,7,,287950,8,,,1,8,,287943,8,,,1,7,,287951,8,,,1,8,,287944,8,,,1,47,,287952,8,,,1,8,,287945,8,,,1,7,,287953,8,,,1,8,,287946,8,,,1,7,,287954,8,,,1,8,,287947,8,,,1,7,,287955,8,,,1,8,,287948,8,,,1,47,,287983,8,,,1,18,,287956,8,,,1,20,,287957,8,,,1,20,,287958,8,,,1,60,,287959,8,,,1,20,,287960,8,,,1,20,,287961,8,,,1,60,,287962,8,,,1,20,,287963,8,,,1,20,,287964,8,,,1,60,,287965,8,,,1,20,,287986,8,,,1,20,,287987,8,,,1,60,,287988,8,,,1,20,,287989,8,,,1,20,,287990,8,,,1,60,,287966,8,,,1,20,,287967,8,,,1,20,,287968,8,,,1,59,,287969,8,,,1,20,,287970,8,,,1,20,,287971,8,,,1,60,,287972,8,,,1,20,,287973,8,,,1,20,,287974,8,,,1,60,,287991,8,,,1,20,,287992,8,,,1,20,,287993,8,,,1,60,,287975,8,,,1,29,,287976,8,,,1,72,,287977,8,,,1,30,,287978,8,,,1,70,,287979,8,,,1,30,,287980,8,,,1,70,,287981,8,,,1,30,,287982,8,,,1
24050001,'500X-Weekday-6-26-09-1111100',600,,287996,8,,,1,23,,287994,8,,,1,23,,288041,8,,,1,8,,288040,8,,,1,47,,287995,8,,,1,8,,287997,8,,,1,7,,288005,8,,,1,8,,287998,8,,,1,7,,288006,8,,,1,8,,287999,8,,,1,7,,288007,8,,,1,8,,288000,8,,,1,47,,288008,8,,,1,8,,288001,8,,,1,7,,288009,8,,,1,8,,288002,8,,,1,7,,288010,8,,,1,8,,288003,8,,,1,7,,288011,8,,,1,8,,288004,8,,,1,47,,288039,8,,,1,18,,288012,8,,,1,20,,288013,8,,,1,20,,288014,8,,,1,60,,288015,8,,,1,20,,288016,8,,,1,20,,288017,8,,,1,60,,288018,8,,,1,20,,288019,8,,,1,20,,288020,8,,,1,60,,288021,8,,,1,20,,288042,8,,,1,20,,288043,8,,,1,60,,288044,8,,,1,20,,288045,8,,,1,20,,288046,8,,,1,60,,288022,8,,,1,20,,288023,8,,,1,20,,288024,8,,,1,59,,288025,8,,,1,20,,288026,8,,,1,20,,288027,8,,,1,60,,288028,8,,,1,20,,288029,8,,,1,20,,288030,8,,,1,60,,288047,8,,,1,20,,288048,8,,,1,20,,288049,8,,,1,60,,288031,8,,,1,29,,288032,8,,,1,72,,288033,8,,,1,30,,288034,8,,,1,70,,288035,8,,,1,30,,288036,8,,,1,70,,288037,8,,,1,30,,288038,8,,,1
24050001,'500X-Weekday-7-26-09-1111100',600,,288052,8,,,1,23,,288050,8,,,1,23,,288097,8,,,1,8,,288096,8,,,1,47,,288051,8,,,1,8,,288053,8,,,1,7,,288061,8,,,1,8,,288054,8,,,1,7,,288062,8,,,1,8,,288055,8,,,1,7,,288063,8,,,1,8,,288056,8,,,1,47,,288064,8,,,1,8,,288057,8,,,1,7,,288065,8,,,1,8,,288058,8,,,1,7,,288066,8,,,1,8,,288059,8,,,1,7,,288067,8,,,1,8,,288060,8,,,1,47,,288095,8,,,1,18,,288068,8,,,1,20,,288069,8,,,1,20,,288070,8,,,1,60,,288071,8,,,1,20,,288072,8,,,1,20,,288073,8,,,1,60,,288074,8,,,1,20,,288075,8,,,1,20,,288076,8,,,1,60,,288077,8,,,1,20,,288098,8,,,1,20,,288099,8,,,1,60,,288100,8,,,1,20,,288101,8,,,1,20,,288102,8,,,1,60,,288078,8,,,1,20,,288079,8,,,1,20,,288080,8,,,1,59,,288081,8,,,1,20,,288082,8,,,1,20,,288083,8,,,1,60,,288084,8,,,1,20,,288085,8,,,1,20,,288086,8,,,1,60,,288103,8,,,1,20,,288104,8,,,1,20,,288105,8,,,1,60,,288087,8,,,1,29,,288088,8,,,1,72,,288089,8,,,1,30,,288090,8,,,1,70,,288091,8,,,1,30,,288092,8,,,1,70,,288093,8,,,1,30,,288094,8,,,1
