2091801,'918-Weekday-1-26-09-1111100',520,,244060,18,,,1,30,,244061,18,,,1,70,,244062,18,,,1,26,,244064,18,,,1,55,,244065,18,,,1,15,,244066,18,,,1,15,,244067,18,,,1,15,,244068,18,,,1,55,,244069,18,,,1,15,,244070,18,,,1,15,,244071,18,,,1,15,,244063,18,,,1,55,,244096,18,,,1,15,,244072,18,,,1,25,,244081,18,,,1,70,,244082,18,,,1,30,,244083,18,,,1,70,,244084,18,,,1,30,,244085,18,,,1,70,,244086,18,,,1,30,,244073,18,,,1,70,,244074,18,,,1,30,,244075,18,,,1,70,,244076,18,,,1,30,,244077,18,,,1,73,,244078,18,,,1,30,,244087,18,,,1,15,,244088,18,,,1,55,,244080,18,,,1,15,,244056,18,,,1,15,,244057,18,,,1,15,,244058,18,,,1,55,,244059,18,,,1,15,,244054,18,,,1,15,,244079,18,,,1,15,,244097,18,,,1,55,,244055,18,,,1,28,,244089,18,,,1,70,,244090,18,,,1,30,,244091,18,,,1,70,,244051,18,,,1,30,,244052,18,,,1,70,,244053,18,,,1,30,,244092,18,,,1,98,,244093,18,,,1,100,,244094,18,,,1,100,,244095,18,,,1
2091801,'918-Weekday-2-26-09-1111100',520,,244107,18,,,1,30,,244108,18,,,1,70,,244109,18,,,1,26,,244111,18,,,1,55,,244112,18,,,1,15,,244113,18,,,1,15,,244114,18,,,1,15,,244115,18,,,1,55,,244116,18,,,1,15,,244117,18,,,1,15,,244118,18,,,1,15,,244110,18,,,1,55,,244143,18,,,1,15,,244119,18,,,1,25,,244128,18,,,1,70,,244129,18,,,1,30,,244130,18,,,1,70,,244131,18,,,1,30,,244132,18,,,1,70,,244133,18,,,1,30,,244120,18,,,1,70,,244121,18,,,1,30,,244122,18,,,1,70,,244123,18,,,1,30,,244124,18,,,1,73,,244125,18,,,1,30,,244134,18,,,1,15,,244135,18,,,1,55,,244127,18,,,1,15,,244103,18,,,1,15,,244104,18,,,1,15,,244105,18,,,1,55,,244106,18,,,1,15,,244101,18,,,1,15,,244126,18,,,1,15,,244144,18,,,1,55,,244102,18,,,1,28,,244136,18,,,1,70,,244137,18,,,1,30,,244138,18,,,1,70,,244098,18,,,1,30,,244099,18,,,1,70,,244100,18,,,1,30,,244139,18,,,1,98,,244140,18,,,1,100,,244141,18,,,1,100,,244142,18,,,1
2091801,'918-Weekday-3-26-09-1111100',520,,286435,18,,,1,30,,286436,18,,,1,70,,286437,18,,,1,26,,286439,18,,,1,55,,286440,18,,,1,15,,286441,18,,,1,15,,286442,18,,,1,15,,286443,18,,,1,55,,286444,18,,,1,15,,286445,18,,,1,15,,286446,18,,,1,15,,286438,18,,,1,55,,286471,18,,,1,15,,286447,18,,,1,25,,286456,18,,,1,70,,286457,18,,,1,30,,286458,18,,,1,70,,286459,18,,,1,30,,286460,18,,,1,70,,286461,18,,,1,30,,286448,18,,,1,70,,286449,18,,,1,30,,286450,18,,,1,70,,286451,18,,,1,30,,286452,18,,,1,73,,286453,18,,,1,30,,286462,18,,,1,15,,286463,18,,,1,55,,286455,18,,,1,15,,286431,18,,,1,15,,286432,18,,,1,15,,286433,18,,,1,55,,286434,18,,,1,15,,286429,18,,,1,15,,286454,18,,,1,15,,286472,18,,,1,55,,286430,18,,,1,28,,286464,18,,,1,70,,286465,18,,,1,30,,286466,18,,,1,70,,286426,18,,,1,30,,286427,18,,,1,70,,286428,18,,,1,30,,286467,18,,,1,98,,286468,18,,,1,100,,286469,18,,,1,100,,286470,18,,,1
2091801,'918-Weekday-4-26-09-1111100',520,,244154,18,,,1,30,,244155,18,,,1,70,,244156,18,,,1,26,,244158,18,,,1,55,,244159,18,,,1,15,,244160,18,,,1,15,,244161,18,,,1,15,,244162,18,,,1,55,,244163,18,,,1,15,,244164,18,,,1,15,,244165,18,,,1,15,,244157,18,,,1,55,,244190,18,,,1,15,,244166,18,,,1,25,,244175,18,,,1,70,,244176,18,,,1,30,,244177,18,,,1,70,,244178,18,,,1,30,,244179,18,,,1,70,,244180,18,,,1,30,,244167,18,,,1,70,,244168,18,,,1,30,,244169,18,,,1,70,,244170,18,,,1,30,,244171,18,,,1,73,,244172,18,,,1,30,,244181,18,,,1,15,,244182,18,,,1,55,,244174,18,,,1,15,,244150,18,,,1,15,,244151,18,,,1,15,,244152,18,,,1,55,,244153,18,,,1,15,,244148,18,,,1,15,,244173,18,,,1,15,,244191,18,,,1,55,,244149,18,,,1,28,,244183,18,,,1,70,,244184,18,,,1,30,,244185,18,,,1,70,,244145,18,,,1,30,,244146,18,,,1,70,,244147,18,,,1,30,,244186,18,,,1,98,,244187,18,,,1,100,,244188,18,,,1,100,,244189,18,,,1
2091801,'918-Weekday-5-26-09-1111100',520,,286482,18,,,1,30,,286483,18,,,1,70,,286484,18,,,1,26,,286486,18,,,1,55,,286487,18,,,1,15,,286488,18,,,1,15,,286489,18,,,1,15,,286490,18,,,1,55,,286491,18,,,1,15,,286492,18,,,1,15,,286493,18,,,1,15,,286485,18,,,1,55,,286518,18,,,1,15,,286494,18,,,1,25,,286503,18,,,1,70,,286504,18,,,1,30,,286505,18,,,1,70,,286506,18,,,1,30,,286507,18,,,1,70,,286508,18,,,1,30,,286495,18,,,1,70,,286496,18,,,1,30,,286497,18,,,1,70,,286498,18,,,1,30,,286499,18,,,1,73,,286500,18,,,1,30,,286509,18,,,1,15,,286510,18,,,1,55,,286502,18,,,1,15,,286478,18,,,1,15,,286479,18,,,1,15,,286480,18,,,1,55,,286481,18,,,1,15,,286476,18,,,1,15,,286501,18,,,1,15,,286519,18,,,1,55,,286477,18,,,1,28,,286511,18,,,1,70,,286512,18,,,1,30,,286513,18,,,1,70,,286473,18,,,1,30,,286474,18,,,1,70,,286475,18,,,1,30,,286514,18,,,1,98,,286515,18,,,1,100,,286516,18,,,1,100,,286517,18,,,1
2091801,'918-Weekday-6-26-09-1111100',520,,286529,18,,,1,30,,286530,18,,,1,70,,286531,18,,,1,26,,286533,18,,,1,55,,286534,18,,,1,15,,286535,18,,,1,15,,286536,18,,,1,15,,286537,18,,,1,55,,286538,18,,,1,15,,286539,18,,,1,15,,286540,18,,,1,15,,286532,18,,,1,55,,286565,18,,,1,15,,286541,18,,,1,25,,286550,18,,,1,70,,286551,18,,,1,30,,286552,18,,,1,70,,286553,18,,,1,30,,286554,18,,,1,70,,286555,18,,,1,30,,286542,18,,,1,70,,286543,18,,,1,30,,286544,18,,,1,70,,286545,18,,,1,30,,286546,18,,,1,73,,286547,18,,,1,30,,286556,18,,,1,15,,286557,18,,,1,55,,286549,18,,,1,15,,286525,18,,,1,15,,286526,18,,,1,15,,286527,18,,,1,55,,286528,18,,,1,15,,286523,18,,,1,15,,286548,18,,,1,15,,286566,18,,,1,55,,286524,18,,,1,28,,286558,18,,,1,70,,286559,18,,,1,30,,286560,18,,,1,70,,286520,18,,,1,30,,286521,18,,,1,70,,286522,18,,,1,30,,286561,18,,,1,98,,286562,18,,,1,100,,286563,18,,,1,100,,286564,18,,,1
2091801,'918-Weekday-7-26-09-1111100',520,,286576,18,,,1,30,,286577,18,,,1,70,,286578,18,,,1,26,,286580,18,,,1,55,,286581,18,,,1,15,,286582,18,,,1,15,,286583,18,,,1,15,,286584,18,,,1,55,,286585,18,,,1,15,,286586,18,,,1,15,,286587,18,,,1,15,,286579,18,,,1,55,,286612,18,,,1,15,,286588,18,,,1,25,,286597,18,,,1,70,,286598,18,,,1,30,,286599,18,,,1,70,,286600,18,,,1,30,,286601,18,,,1,70,,286602,18,,,1,30,,286589,18,,,1,70,,286590,18,,,1,30,,286591,18,,,1,70,,286592,18,,,1,30,,286593,18,,,1,73,,286594,18,,,1,30,,286603,18,,,1,15,,286604,18,,,1,55,,286596,18,,,1,15,,286572,18,,,1,15,,286573,18,,,1,15,,286574,18,,,1,55,,286575,18,,,1,15,,286570,18,,,1,15,,286595,18,,,1,15,,286613,18,,,1,55,,286571,18,,,1,28,,286605,18,,,1,70,,286606,18,,,1,30,,286607,18,,,1,70,,286567,18,,,1,30,,286568,18,,,1,70,,286569,18,,,1,30,,286608,18,,,1,98,,286609,18,,,1,100,,286610,18,,,1,100,,286611,18,,,1
2091801,'918-Saturday-1-26-09-0000010',533,,244192,18,,,1,100,,244193,18,,,1,100,,244194,18,,,1,100,,244195,18,,,1,70,,244196,18,,,1,30,,244197,18,,,1,70,,244198,18,,,1,30,,244199,18,,,1,70,,244200,18,,,1,30,,244201,18,,,1,70,,244202,18,,,1,30,,244203,18,,,1,70,,244204,18,,,1,30,,244205,18,,,1,70,,244206,18,,,1,30,,244207,18,,,1,70,,244208,18,,,1,30,,244209,18,,,1,70,,244210,18,,,1,30,,244211,18,,,1,71,,244212,18,,,1,31,,244213,18,,,1,70,,244214,18,,,1,30,,244215,18,,,1,70,,244216,18,,,1,30,,244217,18,,,1,100,,244218,18,,,1,100,,244219,18,,,1,100,,244220,18,,,1,100,,244221,18,,,1
2091801,'918-Sunday-1-26-09-0000001',530,,244227,18,,,1,100,,244228,18,,,1,100,,244229,18,,,1,100,,244230,18,,,1,102,,244231,18,,,1,101,,244238,18,,,1,70,,244239,18,,,1,30,,244240,18,,,1,70,,244241,18,,,1,30,,244242,18,,,1,70,,244243,18,,,1,30,,244244,18,,,1,70,,244237,18,,,1,30,,244222,18,,,1,70,,244223,18,,,1,30,,244233,18,,,1,70,,244234,18,,,1,30,,244232,18,,,1,71,,244235,18,,,1,29,,244224,18,,,1,70,,244225,18,,,1,30,,244236,18,,,1,72,,244226,18,,,1,34,,244245,18,,,1,100,,244246,18,,,1,100,,244247,18,,,1,100,,244248,18,,,1,100,,244249,18,,,1,100,,244250,18,,,1
24091000,'910X-Weekday-1-26-09-1111100',557,,246227,19,,,1,70,,246229,19,,,1,12,,246230,19,,,1,12,,246231,19,,,1,52,,246234,19,,,1,12,,246232,19,,,1,12,,246228,19,,,1,12,,246224,19,,,1,12,,246223,19,,,1,52,,246235,19,,,1,12,,246222,19,,,1,12,,246233,19,,,1,12,,246225,19,,,1,12,,246226,19,,,1,52,,246236,19,,,1
24091000,'910X-Weekday-2-26-09-1111100',557,,246242,19,,,1,70,,246244,19,,,1,12,,246245,19,,,1,12,,246246,19,,,1,52,,246249,19,,,1,12,,246247,19,,,1,12,,246243,19,,,1,12,,246239,19,,,1,12,,246238,19,,,1,52,,246250,19,,,1,12,,246237,19,,,1,12,,246248,19,,,1,12,,246240,19,,,1,12,,246241,19,,,1,52,,246251,19,,,1
24091000,'910X-Weekday-3-26-09-1111100',557,,289011,19,,,1,70,,289013,19,,,1,12,,289014,19,,,1,12,,289015,19,,,1,52,,289018,19,,,1,12,,289016,19,,,1,12,,289012,19,,,1,12,,289008,19,,,1,12,,289007,19,,,1,52,,289019,19,,,1,12,,289006,19,,,1,12,,289017,19,,,1,12,,289009,19,,,1,12,,289010,19,,,1,52,,289020,19,,,1
24091000,'910X-Weekday-4-26-09-1111100',557,,246257,19,,,1,70,,246259,19,,,1,12,,246260,19,,,1,12,,246261,19,,,1,52,,246264,19,,,1,12,,246262,19,,,1,12,,246258,19,,,1,12,,246254,19,,,1,12,,246253,19,,,1,52,,246265,19,,,1,12,,246252,19,,,1,12,,246263,19,,,1,12,,246255,19,,,1,12,,246256,19,,,1,52,,246266,19,,,1
24091000,'910X-Weekday-5-26-09-1111100',557,,289026,19,,,1,70,,289028,19,,,1,12,,289029,19,,,1,12,,289030,19,,,1,52,,289033,19,,,1,12,,289031,19,,,1,12,,289027,19,,,1,12,,289023,19,,,1,12,,289022,19,,,1,52,,289034,19,,,1,12,,289021,19,,,1,12,,289032,19,,,1,12,,289024,19,,,1,12,,289025,19,,,1,52,,289035,19,,,1
24091000,'910X-Weekday-6-26-09-1111100',557,,289041,19,,,1,70,,289043,19,,,1,12,,289044,19,,,1,12,,289045,19,,,1,52,,289048,19,,,1,12,,289046,19,,,1,12,,289042,19,,,1,12,,289038,19,,,1,12,,289037,19,,,1,52,,289049,19,,,1,12,,289036,19,,,1,12,,289047,19,,,1,12,,289039,19,,,1,12,,289040,19,,,1,52,,289050,19,,,1
24091000,'910X-Weekday-7-26-09-1111100',557,,289056,19,,,1,70,,289058,19,,,1,12,,289059,19,,,1,12,,289060,19,,,1,52,,289063,19,,,1,12,,289061,19,,,1,12,,289057,19,,,1,12,,289053,19,,,1,12,,289052,19,,,1,52,,289064,19,,,1,12,,289051,19,,,1,12,,289062,19,,,1,12,,289054,19,,,1,12,,289055,19,,,1,52,,289065,19,,,1
24091001,'910X-Weekday-1-26-09-1111100',1543,,246267,25,,,1,15,,246268,25,,,1,55,,246275,25,,,1,15,,246273,25,,,1,15,,246269,25,,,1,15,,246270,25,,,1,55,,246276,25,,,1,15,,246274,25,,,1,15,,246271,25,,,1,15,,246272,25,,,1
24091001,'910X-Weekday-2-26-09-1111100',1543,,246277,25,,,1,15,,246278,25,,,1,55,,246285,25,,,1,15,,246283,25,,,1,15,,246279,25,,,1,15,,246280,25,,,1,55,,246286,25,,,1,15,,246284,25,,,1,15,,246281,25,,,1,15,,246282,25,,,1
24091001,'910X-Weekday-3-26-09-1111100',1543,,289066,25,,,1,15,,289067,25,,,1,55,,289074,25,,,1,15,,289072,25,,,1,15,,289068,25,,,1,15,,289069,25,,,1,55,,289075,25,,,1,15,,289073,25,,,1,15,,289070,25,,,1,15,,289071,25,,,1
24091001,'910X-Weekday-4-26-09-1111100',1543,,246287,25,,,1,15,,246288,25,,,1,55,,246295,25,,,1,15,,246293,25,,,1,15,,246289,25,,,1,15,,246290,25,,,1,55,,246296,25,,,1,15,,246294,25,,,1,15,,246291,25,,,1,15,,246292,25,,,1
24091001,'910X-Weekday-5-26-09-1111100',1543,,289076,25,,,1,15,,289077,25,,,1,55,,289084,25,,,1,15,,289082,25,,,1,15,,289078,25,,,1,15,,289079,25,,,1,55,,289085,25,,,1,15,,289083,25,,,1,15,,289080,25,,,1,15,,289081,25,,,1
24091001,'910X-Weekday-6-26-09-1111100',1543,,289086,25,,,1,15,,289087,25,,,1,55,,289094,25,,,1,15,,289092,25,,,1,15,,289088,25,,,1,15,,289089,25,,,1,55,,289095,25,,,1,15,,289093,25,,,1,15,,289090,25,,,1,15,,289091,25,,,1
24091001,'910X-Weekday-7-26-09-1111100',1543,,289096,25,,,1,15,,289097,25,,,1,55,,289104,25,,,1,15,,289102,25,,,1,15,,289098,25,,,1,15,,289099,25,,,1,55,,289105,25,,,1,15,,289103,25,,,1,15,,289100,25,,,1,15,,289101,25,,,1
