52101,'521-Weekday-1-26-09-1111100',610,,225883,47,,,1,35,,225884,47,,,1,55,,225885,47,,,1,15,,225886,47,,,1,14,,225927,47,,,1,12,,225922,47,,,1,12,,225887,47,,,1,52,,225888,47,,,1,12,,225889,47,,,1,12,,225928,47,,,1,12,,225921,47,,,1,12,,225890,47,,,1,51,,225891,47,,,1,9,,225926,47,,,1,25,,225892,47,,,1,69,,225893,47,,,1,30,,225894,47,,,1,70,,225895,47,,,1,30,,225896,47,,,1,70,,225897,47,,,1,30,,225898,47,,,1,70,,225899,47,,,1,30,,225900,47,,,1,70,,225901,47,,,1,30,,225902,47,,,1,74,,225903,47,,,1,42,,225925,47,,,1,75,,225924,47,,,1,15,,225904,47,,,1,1,,225931,47,,,1,14,,225905,47,,,1,55,,225906,47,,,1,15,,225907,47,,,1,15,,225908,47,,,1,15,,225909,47,,,1,55,,225910,47,,,1,15,,225911,47,,,1,10,,225912,47,,,1,11,,225913,47,,,1,62,,225923,47,,,1,28,,225914,47,,,1,70,,225915,47,,,1,30,,225916,47,,,1,70,,225917,47,,,1,30,,225918,47,,,1,69,,225919,47,,,1,28,,225920,47,,,1,100,,225929,47,,,1,100,,225930,47,,,1
52101,'521-Weekday-2-26-09-1111100',610,,225932,47,,,1,35,,225933,47,,,1,55,,225934,47,,,1,15,,225935,47,,,1,14,,225976,47,,,1,12,,225971,47,,,1,12,,225936,47,,,1,52,,225937,47,,,1,12,,225938,47,,,1,12,,225977,47,,,1,12,,225970,47,,,1,12,,225939,47,,,1,51,,225940,47,,,1,9,,225975,47,,,1,25,,225941,47,,,1,69,,225942,47,,,1,30,,225943,47,,,1,70,,225944,47,,,1,30,,225945,47,,,1,70,,225946,47,,,1,30,,225947,47,,,1,70,,225948,47,,,1,30,,225949,47,,,1,70,,225950,47,,,1,30,,225951,47,,,1,74,,225952,47,,,1,42,,225974,47,,,1,75,,225973,47,,,1,15,,225953,47,,,1,1,,225980,47,,,1,14,,225954,47,,,1,55,,225955,47,,,1,15,,225956,47,,,1,15,,225957,47,,,1,15,,225958,47,,,1,55,,225959,47,,,1,15,,225960,47,,,1,10,,225961,47,,,1,11,,225962,47,,,1,62,,225972,47,,,1,28,,225963,47,,,1,70,,225964,47,,,1,30,,225965,47,,,1,70,,225966,47,,,1,30,,225967,47,,,1,69,,225968,47,,,1,28,,225969,47,,,1,100,,225978,47,,,1,100,,225979,47,,,1
52101,'521-Weekday-3-26-09-1111100',610,,268915,47,,,1,35,,268916,47,,,1,55,,268917,47,,,1,15,,268918,47,,,1,14,,268959,47,,,1,12,,268954,47,,,1,12,,268919,47,,,1,52,,268920,47,,,1,12,,268921,47,,,1,12,,268960,47,,,1,12,,268953,47,,,1,12,,268922,47,,,1,51,,268923,47,,,1,9,,268958,47,,,1,25,,268924,47,,,1,69,,268925,47,,,1,30,,268926,47,,,1,70,,268927,47,,,1,30,,268928,47,,,1,70,,268929,47,,,1,30,,268930,47,,,1,70,,268931,47,,,1,30,,268932,47,,,1,70,,268933,47,,,1,30,,268934,47,,,1,74,,268935,47,,,1,42,,268957,47,,,1,75,,268956,47,,,1,15,,268936,47,,,1,1,,268963,47,,,1,14,,268937,47,,,1,55,,268938,47,,,1,15,,268939,47,,,1,15,,268940,47,,,1,15,,268941,47,,,1,55,,268942,47,,,1,15,,268943,47,,,1,10,,268944,47,,,1,11,,268945,47,,,1,62,,268955,47,,,1,28,,268946,47,,,1,70,,268947,47,,,1,30,,268948,47,,,1,70,,268949,47,,,1,30,,268950,47,,,1,69,,268951,47,,,1,28,,268952,47,,,1,100,,268961,47,,,1,100,,268962,47,,,1
52101,'521-Weekday-4-26-09-1111100',610,,225981,47,,,1,35,,225982,47,,,1,55,,225983,47,,,1,15,,225984,47,,,1,14,,226025,47,,,1,12,,226020,47,,,1,12,,225985,47,,,1,52,,225986,47,,,1,12,,225987,47,,,1,12,,226026,47,,,1,12,,226019,47,,,1,12,,225988,47,,,1,51,,225989,47,,,1,9,,226024,47,,,1,25,,225990,47,,,1,69,,225991,47,,,1,30,,225992,47,,,1,70,,225993,47,,,1,30,,225994,47,,,1,70,,225995,47,,,1,30,,225996,47,,,1,70,,225997,47,,,1,30,,225998,47,,,1,70,,225999,47,,,1,30,,226000,47,,,1,74,,226001,47,,,1,42,,226023,47,,,1,75,,226022,47,,,1,15,,226002,47,,,1,15,,226003,47,,,1,55,,226004,47,,,1,15,,226005,47,,,1,15,,226006,47,,,1,15,,226007,47,,,1,55,,226008,47,,,1,15,,226009,47,,,1,10,,226010,47,,,1,11,,226011,47,,,1,62,,226021,47,,,1,28,,226012,47,,,1,70,,226013,47,,,1,30,,226014,47,,,1,70,,226015,47,,,1,30,,226016,47,,,1,69,,226017,47,,,1,28,,226018,47,,,1,100,,226027,47,,,1,100,,226028,47,,,1
52101,'521-Weekday-5-26-09-1111100',610,,268964,47,,,1,35,,268965,47,,,1,55,,268966,47,,,1,15,,268967,47,,,1,14,,269008,47,,,1,12,,269003,47,,,1,12,,268968,47,,,1,52,,268969,47,,,1,12,,268970,47,,,1,12,,269009,47,,,1,12,,269002,47,,,1,12,,268971,47,,,1,51,,268972,47,,,1,9,,269007,47,,,1,25,,268973,47,,,1,69,,268974,47,,,1,30,,268975,47,,,1,70,,268976,47,,,1,30,,268977,47,,,1,70,,268978,47,,,1,30,,268979,47,,,1,70,,268980,47,,,1,30,,268981,47,,,1,70,,268982,47,,,1,30,,268983,47,,,1,74,,268984,47,,,1,42,,269006,47,,,1,75,,269005,47,,,1,15,,268985,47,,,1,15,,268986,47,,,1,55,,268987,47,,,1,15,,268988,47,,,1,15,,268989,47,,,1,15,,268990,47,,,1,55,,268991,47,,,1,15,,268992,47,,,1,10,,268993,47,,,1,11,,268994,47,,,1,62,,269004,47,,,1,28,,268995,47,,,1,70,,268996,47,,,1,30,,268997,47,,,1,70,,268998,47,,,1,30,,268999,47,,,1,69,,269000,47,,,1,28,,269001,47,,,1,100,,269010,47,,,1,100,,269011,47,,,1
52101,'521-Weekday-6-26-09-1111100',610,,269012,47,,,1,35,,269013,47,,,1,55,,269014,47,,,1,15,,269015,47,,,1,14,,269056,47,,,1,12,,269051,47,,,1,12,,269016,47,,,1,52,,269017,47,,,1,12,,269018,47,,,1,12,,269057,47,,,1,12,,269050,47,,,1,12,,269019,47,,,1,51,,269020,47,,,1,9,,269055,47,,,1,25,,269021,47,,,1,69,,269022,47,,,1,30,,269023,47,,,1,70,,269024,47,,,1,30,,269025,47,,,1,70,,269026,47,,,1,30,,269027,47,,,1,70,,269028,47,,,1,30,,269029,47,,,1,70,,269030,47,,,1,30,,269031,47,,,1,74,,269032,47,,,1,42,,269054,47,,,1,75,,269053,47,,,1,15,,269033,47,,,1,1,,269060,47,,,1,14,,269034,47,,,1,55,,269035,47,,,1,15,,269036,47,,,1,15,,269037,47,,,1,15,,269038,47,,,1,55,,269039,47,,,1,15,,269040,47,,,1,10,,269041,47,,,1,11,,269042,47,,,1,62,,269052,47,,,1,28,,269043,47,,,1,70,,269044,47,,,1,30,,269045,47,,,1,70,,269046,47,,,1,30,,269047,47,,,1,69,,269048,47,,,1,28,,269049,47,,,1,100,,269058,47,,,1,100,,269059,47,,,1
52101,'521-Weekday-7-26-09-1111100',610,,269061,47,,,1,35,,269062,47,,,1,55,,269063,47,,,1,15,,269064,47,,,1,14,,269105,47,,,1,12,,269100,47,,,1,12,,269065,47,,,1,52,,269066,47,,,1,12,,269067,47,,,1,12,,269106,47,,,1,12,,269099,47,,,1,12,,269068,47,,,1,51,,269069,47,,,1,9,,269104,47,,,1,25,,269070,47,,,1,69,,269071,47,,,1,30,,269072,47,,,1,70,,269073,47,,,1,30,,269074,47,,,1,70,,269075,47,,,1,30,,269076,47,,,1,70,,269077,47,,,1,30,,269078,47,,,1,70,,269079,47,,,1,30,,269080,47,,,1,74,,269081,47,,,1,42,,269103,47,,,1,75,,269102,47,,,1,15,,269082,47,,,1,15,,269083,47,,,1,55,,269084,47,,,1,15,,269085,47,,,1,15,,269086,47,,,1,15,,269087,47,,,1,55,,269088,47,,,1,15,,269089,47,,,1,10,,269090,47,,,1,11,,269091,47,,,1,62,,269101,47,,,1,28,,269092,47,,,1,70,,269093,47,,,1,30,,269094,47,,,1,70,,269095,47,,,1,30,,269096,47,,,1,69,,269097,47,,,1,28,,269098,47,,,1,100,,269107,47,,,1,100,,269108,47,,,1
52101,'521-Saturday-1-26-09-0000010',836,,226029,47,,,1,71,,226030,47,,,1,32,,226031,47,,,1,72,,226032,47,,,1,30,,226033,47,,,1,70,,226034,47,,,1,30,,226035,47,,,1,70,,226036,47,,,1,30,,226037,47,,,1,70,,226038,47,,,1,30,,226039,47,,,1,70,,226040,47,,,1,30,,226041,47,,,1,70,,226042,47,,,1,30,,226043,47,,,1,70,,226044,47,,,1,30,,226045,47,,,1,69,,226046,47,,,1,30,,226047,47,,,1,70,,226048,47,,,1,30,,226049,47,,,1,70,,226050,47,,,1,30,,226051,47,,,1
52101,'521-Sunday-1-26-09-0000001',1041,,226052,47,,,1,70,,226053,47,,,1,30,,226054,47,,,1,70,,226055,47,,,1,30,,226056,47,,,1,70,,226057,47,,,1,30,,226058,47,,,1,70,,226059,47,,,1,30,,226060,47,,,1,70,,226061,47,,,1,30,,226062,47,,,1,70,,226063,47,,,1,30,,226064,47,,,1,69,,226065,47,,,1,29,,226066,47,,,1,70,,226067,47,,,1,30,,226068,47,,,1,70,,226069,47,,,1,30,,226070,47,,,1
66700,'667-Weekday-1-26-09-0001000',1456,,227776,28,,,1,3,,227777,28,,,1
66700,'667-Weekday-1-26-09-1110100',1535,,227778,28,,,1,3,,227779,28,,,1
66700,'667-Weekday-3-26-09-1110100',1535,,227780,28,,,1,3,,227781,28,,,1
66700,'667-Weekday-7-26-09-1110100',1535,,270570,28,,,1,3,,270571,28,,,1
71300,'713-Weekday-1-26-09-1111100',545,,231634,18,,,1,70,,231635,18,,,1,35,,231636,18,,,1,55,,231637,18,,,1,15,,231638,18,,,1,15,,231639,18,,,1,15,,231675,18,,,1,55,,231641,18,,,1,15,,231640,18,,,1,15,,231642,18,,,1,15,,231674,18,,,1,54,,231643,18,,,1,12,,231644,18,,,1,30,,231645,18,,,1,70,,231646,18,,,1,30,,231647,18,,,1,70,,231648,18,,,1,30,,231649,18,,,1,70,,231650,18,,,1,30,,231651,18,,,1,70,,231652,18,,,1,30,,231653,18,,,1,70,,231654,18,,,1,30,,231655,18,,,1,78,,231656,18,,,1,20,,231657,18,,,1,60,,231658,18,,,1,20,,231659,18,,,1,20,,231660,18,,,1,60,,231661,18,,,1,20,,231662,18,,,1,20,,231663,18,,,1,57,,231664,18,,,1,20,,231665,18,,,1,25,,231666,18,,,1,70,,231667,18,,,1,30,,231668,18,,,1,70,,231669,18,,,1,30,,231670,18,,,1,70,,231671,18,,,1,30,,231672,18,,,1,68,,231673,18,,,1
71300,'713-Weekday-2-26-09-1111100',545,,231676,18,,,1,70,,231677,18,,,1,35,,231678,18,,,1,55,,231679,18,,,1,15,,231680,18,,,1,15,,231681,18,,,1,15,,231717,18,,,1,55,,231683,18,,,1,15,,231682,18,,,1,15,,231684,18,,,1,15,,231716,18,,,1,54,,231685,18,,,1,12,,231686,18,,,1,30,,231687,18,,,1,70,,231688,18,,,1,30,,231689,18,,,1,70,,231690,18,,,1,30,,231691,18,,,1,70,,231692,18,,,1,30,,231693,18,,,1,70,,231694,18,,,1,30,,231695,18,,,1,70,,231696,18,,,1,30,,231697,18,,,1,78,,231698,18,,,1,20,,231699,18,,,1,60,,231700,18,,,1,20,,231701,18,,,1,20,,231702,18,,,1,60,,231703,18,,,1,20,,231704,18,,,1,20,,231705,18,,,1,57,,231706,18,,,1,20,,231707,18,,,1,25,,231708,18,,,1,70,,231709,18,,,1,30,,231710,18,,,1,70,,231711,18,,,1,30,,231712,18,,,1,70,,231713,18,,,1,30,,231714,18,,,1,68,,231715,18,,,1
71300,'713-Weekday-3-26-09-1111100',545,,274384,18,,,1,70,,274385,18,,,1,35,,274386,18,,,1,55,,274387,18,,,1,15,,274388,18,,,1,15,,274389,18,,,1,15,,274425,18,,,1,55,,274391,18,,,1,15,,274390,18,,,1,15,,274392,18,,,1,15,,274424,18,,,1,54,,274393,18,,,1,12,,274394,18,,,1,30,,274395,18,,,1,70,,274396,18,,,1,30,,274397,18,,,1,70,,274398,18,,,1,30,,274399,18,,,1,70,,274400,18,,,1,30,,274401,18,,,1,70,,274402,18,,,1,30,,274403,18,,,1,70,,274404,18,,,1,30,,274405,18,,,1,78,,274406,18,,,1,20,,274407,18,,,1,60,,274408,18,,,1,20,,274409,18,,,1,20,,274410,18,,,1,60,,274411,18,,,1,20,,274412,18,,,1,20,,274413,18,,,1,57,,274414,18,,,1,20,,274415,18,,,1,25,,274416,18,,,1,70,,274417,18,,,1,30,,274418,18,,,1,70,,274419,18,,,1,30,,274420,18,,,1,70,,274421,18,,,1,30,,274422,18,,,1,68,,274423,18,,,1
71300,'713-Weekday-4-26-09-1111100',545,,231718,18,,,1,70,,231719,18,,,1,35,,231720,18,,,1,55,,231721,18,,,1,15,,231722,18,,,1,15,,231723,18,,,1,15,,231759,18,,,1,55,,231725,18,,,1,15,,231724,18,,,1,15,,231726,18,,,1,15,,231758,18,,,1,54,,231727,18,,,1,12,,231728,18,,,1,30,,231729,18,,,1,70,,231730,18,,,1,30,,231731,18,,,1,70,,231732,18,,,1,30,,231733,18,,,1,70,,231734,18,,,1,30,,231735,18,,,1,70,,231736,18,,,1,30,,231737,18,,,1,70,,231738,18,,,1,30,,231739,18,,,1,78,,231740,18,,,1,20,,231741,18,,,1,60,,231742,18,,,1,20,,231743,18,,,1,20,,231744,18,,,1,60,,231745,18,,,1,20,,231746,18,,,1,20,,231747,18,,,1,57,,231748,18,,,1,20,,231749,18,,,1,25,,231750,18,,,1,70,,231751,18,,,1,30,,231752,18,,,1,70,,231753,18,,,1,30,,231754,18,,,1,70,,231755,18,,,1,30,,231756,18,,,1,68,,231757,18,,,1
71300,'713-Weekday-5-26-09-1111100',545,,274426,18,,,1,70,,274427,18,,,1,35,,274428,18,,,1,55,,274429,18,,,1,15,,274430,18,,,1,15,,274431,18,,,1,15,,274467,18,,,1,55,,274433,18,,,1,15,,274432,18,,,1,15,,274434,18,,,1,15,,274466,18,,,1,54,,274435,18,,,1,12,,274436,18,,,1,30,,274437,18,,,1,70,,274438,18,,,1,30,,274439,18,,,1,70,,274440,18,,,1,30,,274441,18,,,1,70,,274442,18,,,1,30,,274443,18,,,1,70,,274444,18,,,1,30,,274445,18,,,1,70,,274446,18,,,1,30,,274447,18,,,1,78,,274448,18,,,1,20,,274449,18,,,1,60,,274450,18,,,1,20,,274451,18,,,1,20,,274452,18,,,1,60,,274453,18,,,1,20,,274454,18,,,1,20,,274455,18,,,1,57,,274456,18,,,1,20,,274457,18,,,1,25,,274458,18,,,1,70,,274459,18,,,1,30,,274460,18,,,1,70,,274461,18,,,1,30,,274462,18,,,1,70,,274463,18,,,1,30,,274464,18,,,1,68,,274465,18,,,1
71300,'713-Weekday-6-26-09-1111100',545,,274468,18,,,1,70,,274469,18,,,1,35,,274470,18,,,1,55,,274471,18,,,1,15,,274472,18,,,1,15,,274473,18,,,1,15,,274509,18,,,1,55,,274475,18,,,1,15,,274474,18,,,1,15,,274476,18,,,1,15,,274508,18,,,1,54,,274477,18,,,1,12,,274478,18,,,1,30,,274479,18,,,1,70,,274480,18,,,1,30,,274481,18,,,1,70,,274482,18,,,1,30,,274483,18,,,1,70,,274484,18,,,1,30,,274485,18,,,1,70,,274486,18,,,1,30,,274487,18,,,1,70,,274488,18,,,1,30,,274489,18,,,1,78,,274490,18,,,1,20,,274491,18,,,1,60,,274492,18,,,1,20,,274493,18,,,1,20,,274494,18,,,1,60,,274495,18,,,1,20,,274496,18,,,1,20,,274497,18,,,1,57,,274498,18,,,1,20,,274499,18,,,1,25,,274500,18,,,1,70,,274501,18,,,1,30,,274502,18,,,1,70,,274503,18,,,1,30,,274504,18,,,1,70,,274505,18,,,1,30,,274506,18,,,1,68,,274507,18,,,1
71300,'713-Weekday-7-26-09-1111100',545,,274510,18,,,1,70,,274511,18,,,1,35,,274512,18,,,1,55,,274513,18,,,1,15,,274514,18,,,1,15,,274515,18,,,1,15,,274551,18,,,1,55,,274517,18,,,1,15,,274516,18,,,1,15,,274518,18,,,1,15,,274550,18,,,1,54,,274519,18,,,1,12,,274520,18,,,1,30,,274521,18,,,1,70,,274522,18,,,1,30,,274523,18,,,1,70,,274524,18,,,1,30,,274525,18,,,1,70,,274526,18,,,1,30,,274527,18,,,1,70,,274528,18,,,1,30,,274529,18,,,1,70,,274530,18,,,1,30,,274531,18,,,1,78,,274532,18,,,1,20,,274533,18,,,1,60,,274534,18,,,1,20,,274535,18,,,1,20,,274536,18,,,1,60,,274537,18,,,1,20,,274538,18,,,1,20,,274539,18,,,1,57,,274540,18,,,1,20,,274541,18,,,1,25,,274542,18,,,1,70,,274543,18,,,1,30,,274544,18,,,1,70,,274545,18,,,1,30,,274546,18,,,1,70,,274547,18,,,1,30,,274548,18,,,1,68,,274549,18,,,1
71300,'713-Saturday-1-26-09-0000010',816,,231760,18,,,1,30,,231761,18,,,1,72,,231762,18,,,1,30,,231763,18,,,1,70,,231764,18,,,1,30,,231765,18,,,1,70,,231766,18,,,1,30,,231767,18,,,1,70,,231768,18,,,1,30,,231769,18,,,1,70,,231770,18,,,1,30,,231771,18,,,1,70,,231772,18,,,1,30,,231773,18,,,1,70,,231774,18,,,1,30,,231775,18,,,1,70,,231776,18,,,1,30,,231777,18,,,1,69,,231778,18,,,1,30,,231779,18,,,1,70,,231780,18,,,1,30,,231781,18,,,1,70,,231782,18,,,1,100,,231783,18,,,1,100,,231784,18,,,1,100,,231785,18,,,1
71300,'713-Sunday-1-26-09-0000001',813,,231786,18,,,1,102,,231787,18,,,1,100,,231788,18,,,1,88,,231789,18,,,1,30,,231790,18,,,1,70,,231791,18,,,1,30,,231792,18,,,1,70,,231793,18,,,1,30,,231794,18,,,1,70,,231795,18,,,1,30,,231796,18,,,1,70,,231797,18,,,1,30,,231798,18,,,1,70,,231799,18,,,1,30,,231800,18,,,1,70,,231801,18,,,1,31,,231802,18,,,1,70,,231803,18,,,1,30,,231804,18,,,1,70,,231805,18,,,1
71800,'718-Weekday-1-26-09-1111100',606,,233030,24,,,1,35,,233031,24,,,1,64,,233032,24,,,1,22,,233033,24,,,1,21,,233034,24,,,1,59,,233035,24,,,1,19,,233036,24,,,1,19,,233037,24,,,1,64,,233038,24,,,1,30,,233039,24,,,1,70,,233040,24,,,1,30,,233041,24,,,1,70,,233042,24,,,1,30,,233043,24,,,1,70,,233044,24,,,1,30,,233045,24,,,1,70,,233046,24,,,1,30,,233047,24,,,1,70,,233048,24,,,1,30,,233049,24,,,1,70,,233050,24,,,1,27,,233051,24,,,1,22,,233052,24,,,1,60,,233053,24,,,1,20,,233054,24,,,1,20,,233055,24,,,1,59,,233056,24,,,1,20,,233057,24,,,1,20,,233058,24,,,1,60,,233059,24,,,1,24,,233060,24,,,1,63,,233061,24,,,1,31,,233062,24,,,1,70,,233063,24,,,1,30,,233064,24,,,1,70,,233065,24,,,1,30,,233066,24,,,1,70,,233067,24,,,1
71800,'718-Weekday-2-26-09-1111100',606,,233069,24,,,1,35,,233070,24,,,1,64,,233071,24,,,1,22,,233072,24,,,1,21,,233073,24,,,1,59,,233074,24,,,1,19,,233075,24,,,1,19,,233076,24,,,1,64,,233077,24,,,1,30,,233078,24,,,1,70,,233079,24,,,1,30,,233080,24,,,1,70,,233081,24,,,1,30,,233082,24,,,1,70,,233083,24,,,1,30,,233084,24,,,1,70,,233085,24,,,1,30,,233086,24,,,1,70,,233087,24,,,1,30,,233088,24,,,1,70,,233089,24,,,1,27,,233090,24,,,1,22,,233091,24,,,1,60,,233092,24,,,1,20,,233093,24,,,1,20,,233094,24,,,1,59,,233095,24,,,1,20,,233096,24,,,1,20,,233097,24,,,1,60,,233098,24,,,1,24,,233099,24,,,1,63,,233100,24,,,1,31,,233101,24,,,1,70,,233102,24,,,1,30,,233103,24,,,1,70,,233104,24,,,1,30,,233105,24,,,1,70,,233106,24,,,1
71800,'718-Weekday-3-26-09-1111100',606,,275695,24,,,1,35,,275696,24,,,1,64,,275697,24,,,1,22,,275698,24,,,1,21,,275699,24,,,1,59,,275700,24,,,1,19,,275701,24,,,1,19,,275702,24,,,1,64,,275703,24,,,1,30,,275704,24,,,1,70,,275705,24,,,1,30,,275706,24,,,1,70,,275707,24,,,1,30,,275708,24,,,1,70,,275709,24,,,1,30,,275710,24,,,1,70,,275711,24,,,1,30,,275712,24,,,1,70,,275713,24,,,1,30,,275714,24,,,1,70,,275715,24,,,1,27,,275716,24,,,1,22,,275717,24,,,1,60,,275718,24,,,1,20,,275719,24,,,1,20,,275720,24,,,1,59,,275721,24,,,1,20,,275722,24,,,1,20,,275723,24,,,1,60,,275724,24,,,1,24,,275725,24,,,1,63,,275726,24,,,1,31,,275727,24,,,1,70,,275728,24,,,1,30,,275729,24,,,1,70,,275730,24,,,1,30,,275731,24,,,1,70,,275732,24,,,1
71800,'718-Weekday-4-26-09-1111100',606,,233108,24,,,1,35,,233109,24,,,1,64,,233110,24,,,1,22,,233111,24,,,1,21,,233112,24,,,1,59,,233113,24,,,1,19,,233114,24,,,1,19,,233115,24,,,1,64,,233116,24,,,1,30,,233117,24,,,1,70,,233118,24,,,1,30,,233119,24,,,1,70,,233120,24,,,1,30,,233121,24,,,1,70,,233122,24,,,1,30,,233123,24,,,1,70,,233124,24,,,1,30,,233125,24,,,1,70,,233126,24,,,1,30,,233127,24,,,1,70,,233128,24,,,1,27,,233129,24,,,1,22,,233130,24,,,1,60,,233131,24,,,1,20,,233132,24,,,1,20,,233133,24,,,1,59,,233134,24,,,1,20,,233135,24,,,1,20,,233136,24,,,1,60,,233137,24,,,1,24,,233138,24,,,1,63,,233139,24,,,1,31,,233140,24,,,1,70,,233141,24,,,1,30,,233142,24,,,1,70,,233143,24,,,1,30,,233144,24,,,1,70,,233145,24,,,1
71800,'718-Weekday-5-26-09-1111100',606,,275733,24,,,1,35,,275734,24,,,1,64,,275735,24,,,1,22,,275736,24,,,1,21,,275737,24,,,1,59,,275738,24,,,1,19,,275739,24,,,1,19,,275740,24,,,1,64,,275741,24,,,1,30,,275742,24,,,1,70,,275743,24,,,1,30,,275744,24,,,1,70,,275745,24,,,1,30,,275746,24,,,1,70,,275747,24,,,1,30,,275748,24,,,1,70,,275749,24,,,1,30,,275750,24,,,1,70,,275751,24,,,1,30,,275752,24,,,1,70,,275753,24,,,1,27,,275754,24,,,1,22,,275755,24,,,1,60,,275756,24,,,1,20,,275757,24,,,1,20,,275758,24,,,1,59,,275759,24,,,1,20,,275760,24,,,1,20,,275761,24,,,1,60,,275762,24,,,1,24,,275763,24,,,1,63,,275764,24,,,1,31,,275765,24,,,1,70,,275766,24,,,1,30,,275767,24,,,1,70,,275768,24,,,1,30,,275769,24,,,1,70,,275770,24,,,1
71800,'718-Weekday-6-26-09-1111100',606,,275771,24,,,1,35,,275772,24,,,1,64,,275773,24,,,1,22,,275774,24,,,1,21,,275775,24,,,1,59,,275776,24,,,1,19,,275777,24,,,1,19,,275778,24,,,1,64,,275779,24,,,1,30,,275780,24,,,1,70,,275781,24,,,1,30,,275782,24,,,1,70,,275783,24,,,1,30,,275784,24,,,1,70,,275785,24,,,1,30,,275786,24,,,1,70,,275787,24,,,1,30,,275788,24,,,1,70,,275789,24,,,1,30,,275790,24,,,1,70,,275791,24,,,1,27,,275792,24,,,1,22,,275793,24,,,1,60,,275794,24,,,1,20,,275795,24,,,1,20,,275796,24,,,1,59,,275797,24,,,1,20,,275798,24,,,1,20,,275799,24,,,1,60,,275800,24,,,1,24,,275801,24,,,1,63,,275802,24,,,1,31,,275803,24,,,1,70,,275804,24,,,1,30,,275805,24,,,1,70,,275806,24,,,1,30,,275807,24,,,1,70,,275808,24,,,1
71800,'718-Weekday-7-26-09-1111100',606,,275810,24,,,1,35,,275811,24,,,1,64,,275812,24,,,1,22,,275813,24,,,1,21,,275814,24,,,1,59,,275815,24,,,1,19,,275816,24,,,1,19,,275817,24,,,1,64,,275818,24,,,1,30,,275819,24,,,1,70,,275820,24,,,1,30,,275821,24,,,1,70,,275822,24,,,1,30,,275823,24,,,1,70,,275824,24,,,1,30,,275825,24,,,1,70,,275826,24,,,1,30,,275827,24,,,1,70,,275828,24,,,1,30,,275829,24,,,1,70,,275830,24,,,1,27,,275831,24,,,1,22,,275832,24,,,1,60,,275833,24,,,1,20,,275834,24,,,1,20,,275835,24,,,1,59,,275836,24,,,1,20,,275837,24,,,1,20,,275838,24,,,1,60,,275839,24,,,1,24,,275840,24,,,1,63,,275841,24,,,1,31,,275842,24,,,1,70,,275843,24,,,1,30,,275844,24,,,1,70,,275845,24,,,1,30,,275846,24,,,1,70,,275847,24,,,1
71800,'718-Saturday-1-26-09-0000010',813,,233171,24,,,1,30,,233169,24,,,1,71,,233170,24,,,1,33,,233167,24,,,1,70,,233146,24,,,1,30,,233147,24,,,1,72,,233148,24,,,1,30,,233149,24,,,1,70,,233150,24,,,1,30,,233151,24,,,1,68,,233152,24,,,1,30,,233153,24,,,1,70,,233154,24,,,1,30,,233155,24,,,1,70,,233156,24,,,1,30,,233157,24,,,1,70,,233158,24,,,1,30,,233159,24,,,1,70,,233160,24,,,1,30,,233161,24,,,1,70,,233162,24,,,1,30,,233163,24,,,1,70,,233164,24,,,1,30,,233165,24,,,1,70,,233168,24,,,1,100,,233166,24,,,1
71800,'718-Sunday-1-26-09-0000001',854,,233186,24,,,1,72,,233187,24,,,1,31,,233188,24,,,1,70,,233189,24,,,1,30,,233190,24,,,1,70,,233191,24,,,1,30,,233192,24,,,1,70,,233193,24,,,1,30,,233194,24,,,1,70,,233195,24,,,1,30,,233180,24,,,1,70,,233181,24,,,1,30,,233182,24,,,1,70,,233183,24,,,1,30,,233172,24,,,1,70,,233173,24,,,1,30,,233174,24,,,1,70,,233175,24,,,1,30,,233176,24,,,1,70,,233177,24,,,1,30,,233178,24,,,1,70,,233179,24,,,1,100,,233185,24,,,1,100,,233184,24,,,1
71900,'719-Weekday-1-26-09-1111100',507,,233411,37,,,1,30,,233413,37,,,1,70,,233366,37,,,1,8,,233414,37,,,1,7,,233422,37,,,1,9,,233437,37,,,1,10,,233434,37,,,1,11,,233412,37,,,1,50,,233367,37,,,1,10,,233438,37,,,1,16,,233420,37,,,1,8,,233426,37,,,1,7,,233368,37,,,1,8,,233427,37,,,1,7,,233435,37,,,1,48,,233432,37,,,1,7,,233369,37,,,1,8,,233428,37,,,1,7,,233371,37,,,1,6,,233429,37,,,1,5,,233370,37,,,1,6,,233430,37,,,1,6,,233436,37,,,1,8,,233439,37,,,1,47,,233421,37,,,1,18,,233372,37,,,1,18,,233373,37,,,1,60,,233374,37,,,1,20,,233375,37,,,1,20,,233376,37,,,1,60,,233377,37,,,1,20,,233378,37,,,1,20,,233379,37,,,1,60,,233380,37,,,1,20,,233381,37,,,1,20,,233382,37,,,1,60,,233383,37,,,1,20,,233384,37,,,1,20,,233385,37,,,1,60,,233386,37,,,1,20,,233387,37,,,1,20,,233388,37,,,1,60,,233389,37,,,1,21,,233390,37,,,1,25,,233391,37,,,1,61,,233392,37,,,1,20,,233393,37,,,1,20,,233433,37,,,1,60,,233423,37,,,1,20,,233394,37,,,1,20,,233396,37,,,1,60,,233395,37,,,1,20,,233397,37,,,1,19,,233398,37,,,1,56,,233399,37,,,1,18,,233400,37,,,1,20,,233401,37,,,1,60,,233402,37,,,1,20,,233403,37,,,1,20,,233404,37,,,1,60,,233405,37,,,1,20,,233406,37,,,1,20,,233407,37,,,1,60,,233415,37,,,1,27,,233408,37,,,1,99,,233409,37,,,1,100,,233410,37,,,1
71900,'719-Weekday-2-26-09-1111100',507,,233487,37,,,1,30,,233489,37,,,1,70,,233442,37,,,1,8,,233490,37,,,1,7,,233498,37,,,1,9,,233513,37,,,1,10,,233510,37,,,1,11,,233488,37,,,1,50,,233443,37,,,1,10,,233514,37,,,1,16,,233496,37,,,1,8,,233502,37,,,1,7,,233444,37,,,1,8,,233503,37,,,1,7,,233511,37,,,1,48,,233508,37,,,1,7,,233445,37,,,1,8,,233504,37,,,1,7,,233447,37,,,1,6,,233505,37,,,1,5,,233446,37,,,1,6,,233506,37,,,1,6,,233512,37,,,1,8,,233515,37,,,1,47,,233497,37,,,1,18,,233448,37,,,1,18,,233449,37,,,1,60,,233450,37,,,1,20,,233451,37,,,1,20,,233452,37,,,1,60,,233453,37,,,1,20,,233454,37,,,1,20,,233455,37,,,1,60,,233456,37,,,1,20,,233457,37,,,1,20,,233458,37,,,1,60,,233459,37,,,1,20,,233460,37,,,1,20,,233461,37,,,1,60,,233462,37,,,1,20,,233463,37,,,1,20,,233464,37,,,1,60,,233465,37,,,1,21,,233466,37,,,1,25,,233467,37,,,1,61,,233468,37,,,1,20,,233469,37,,,1,20,,233509,37,,,1,60,,233499,37,,,1,20,,233470,37,,,1,20,,233472,37,,,1,60,,233471,37,,,1,20,,233473,37,,,1,19,,233474,37,,,1,56,,233475,37,,,1,18,,233476,37,,,1,20,,233477,37,,,1,60,,233478,37,,,1,20,,233479,37,,,1,20,,233480,37,,,1,60,,233481,37,,,1,20,,233482,37,,,1,20,,233483,37,,,1,60,,233491,37,,,1,27,,233484,37,,,1,99,,233485,37,,,1,100,,233486,37,,,1
71900,'719-Weekday-3-26-09-1111100',507,,276051,37,,,1,30,,276053,37,,,1,70,,276006,37,,,1,8,,276054,37,,,1,7,,276062,37,,,1,9,,276077,37,,,1,10,,276074,37,,,1,11,,276052,37,,,1,50,,276007,37,,,1,10,,276078,37,,,1,16,,276060,37,,,1,8,,276066,37,,,1,7,,276008,37,,,1,8,,276067,37,,,1,7,,276075,37,,,1,48,,276072,37,,,1,7,,276009,37,,,1,8,,276068,37,,,1,7,,276011,37,,,1,6,,276069,37,,,1,5,,276010,37,,,1,6,,276070,37,,,1,6,,276076,37,,,1,8,,276079,37,,,1,47,,276061,37,,,1,18,,276012,37,,,1,18,,276013,37,,,1,60,,276014,37,,,1,20,,276015,37,,,1,20,,276016,37,,,1,60,,276017,37,,,1,20,,276018,37,,,1,20,,276019,37,,,1,60,,276020,37,,,1,20,,276021,37,,,1,20,,276022,37,,,1,60,,276023,37,,,1,20,,276024,37,,,1,20,,276025,37,,,1,60,,276026,37,,,1,20,,276027,37,,,1,20,,276028,37,,,1,60,,276029,37,,,1,21,,276030,37,,,1,25,,276031,37,,,1,61,,276032,37,,,1,20,,276033,37,,,1,20,,276073,37,,,1,60,,276063,37,,,1,20,,276034,37,,,1,20,,276036,37,,,1,60,,276035,37,,,1,20,,276037,37,,,1,19,,276038,37,,,1,56,,276039,37,,,1,18,,276040,37,,,1,20,,276041,37,,,1,60,,276042,37,,,1,20,,276043,37,,,1,20,,276044,37,,,1,60,,276045,37,,,1,20,,276046,37,,,1,20,,276047,37,,,1,60,,276055,37,,,1,27,,276048,37,,,1,99,,276049,37,,,1,100,,276050,37,,,1
71900,'719-Weekday-4-26-09-1111100',507,,233563,37,,,1,30,,233565,37,,,1,70,,233518,37,,,1,8,,233566,37,,,1,7,,233574,37,,,1,9,,233589,37,,,1,10,,233586,37,,,1,11,,233564,37,,,1,50,,233519,37,,,1,10,,233590,37,,,1,16,,233572,37,,,1,8,,233578,37,,,1,7,,233520,37,,,1,8,,233579,37,,,1,7,,233587,37,,,1,48,,233584,37,,,1,7,,233521,37,,,1,8,,233580,37,,,1,7,,233523,37,,,1,6,,233581,37,,,1,5,,233522,37,,,1,6,,233582,37,,,1,6,,233588,37,,,1,8,,233591,37,,,1,47,,233573,37,,,1,18,,233524,37,,,1,18,,233525,37,,,1,60,,233526,37,,,1,20,,233527,37,,,1,20,,233528,37,,,1,60,,233529,37,,,1,20,,233530,37,,,1,20,,233531,37,,,1,60,,233532,37,,,1,20,,233533,37,,,1,20,,233534,37,,,1,60,,233535,37,,,1,20,,233536,37,,,1,20,,233537,37,,,1,60,,233538,37,,,1,20,,233539,37,,,1,20,,233540,37,,,1,60,,233541,37,,,1,21,,233542,37,,,1,25,,233543,37,,,1,61,,233544,37,,,1,20,,233545,37,,,1,20,,233585,37,,,1,60,,233575,37,,,1,20,,233546,37,,,1,20,,233548,37,,,1,60,,233547,37,,,1,20,,233549,37,,,1,19,,233550,37,,,1,56,,233551,37,,,1,18,,233552,37,,,1,20,,233553,37,,,1,60,,233554,37,,,1,20,,233555,37,,,1,20,,233556,37,,,1,60,,233557,37,,,1,20,,233558,37,,,1,20,,233559,37,,,1,60,,233567,37,,,1,27,,233560,37,,,1,99,,233561,37,,,1,100,,233562,37,,,1
71900,'719-Weekday-5-26-09-1111100',507,,276127,37,,,1,30,,276129,37,,,1,70,,276082,37,,,1,8,,276130,37,,,1,7,,276138,37,,,1,9,,276153,37,,,1,10,,276150,37,,,1,11,,276128,37,,,1,50,,276083,37,,,1,10,,276154,37,,,1,16,,276136,37,,,1,8,,276142,37,,,1,7,,276084,37,,,1,8,,276143,37,,,1,7,,276151,37,,,1,48,,276148,37,,,1,7,,276085,37,,,1,8,,276144,37,,,1,7,,276087,37,,,1,6,,276145,37,,,1,5,,276086,37,,,1,6,,276146,37,,,1,6,,276152,37,,,1,8,,276155,37,,,1,47,,276137,37,,,1,18,,276088,37,,,1,18,,276089,37,,,1,60,,276090,37,,,1,20,,276091,37,,,1,20,,276092,37,,,1,60,,276093,37,,,1,20,,276094,37,,,1,20,,276095,37,,,1,60,,276096,37,,,1,20,,276097,37,,,1,20,,276098,37,,,1,60,,276099,37,,,1,20,,276100,37,,,1,20,,276101,37,,,1,60,,276102,37,,,1,20,,276103,37,,,1,20,,276104,37,,,1,60,,276105,37,,,1,21,,276106,37,,,1,25,,276107,37,,,1,61,,276108,37,,,1,20,,276109,37,,,1,20,,276149,37,,,1,60,,276139,37,,,1,20,,276110,37,,,1,20,,276112,37,,,1,60,,276111,37,,,1,20,,276113,37,,,1,19,,276114,37,,,1,56,,276115,37,,,1,18,,276116,37,,,1,20,,276117,37,,,1,60,,276118,37,,,1,20,,276119,37,,,1,20,,276120,37,,,1,60,,276121,37,,,1,20,,276122,37,,,1,20,,276123,37,,,1,60,,276131,37,,,1,27,,276124,37,,,1,99,,276125,37,,,1,100,,276126,37,,,1
71900,'719-Weekday-6-26-09-1111100',507,,276203,37,,,1,30,,276205,37,,,1,70,,276158,37,,,1,8,,276206,37,,,1,7,,276214,37,,,1,9,,276229,37,,,1,10,,276226,37,,,1,11,,276204,37,,,1,50,,276159,37,,,1,10,,276230,37,,,1,16,,276212,37,,,1,8,,276218,37,,,1,7,,276160,37,,,1,8,,276219,37,,,1,7,,276227,37,,,1,48,,276224,37,,,1,7,,276161,37,,,1,8,,276220,37,,,1,7,,276163,37,,,1,6,,276221,37,,,1,5,,276162,37,,,1,6,,276222,37,,,1,6,,276228,37,,,1,8,,276231,37,,,1,47,,276213,37,,,1,18,,276164,37,,,1,18,,276165,37,,,1,60,,276166,37,,,1,20,,276167,37,,,1,20,,276168,37,,,1,60,,276169,37,,,1,20,,276170,37,,,1,20,,276171,37,,,1,60,,276172,37,,,1,20,,276173,37,,,1,20,,276174,37,,,1,60,,276175,37,,,1,20,,276176,37,,,1,20,,276177,37,,,1,60,,276178,37,,,1,20,,276179,37,,,1,20,,276180,37,,,1,60,,276181,37,,,1,21,,276182,37,,,1,25,,276183,37,,,1,61,,276184,37,,,1,20,,276185,37,,,1,20,,276225,37,,,1,60,,276215,37,,,1,20,,276186,37,,,1,20,,276188,37,,,1,60,,276187,37,,,1,20,,276189,37,,,1,19,,276190,37,,,1,56,,276191,37,,,1,18,,276192,37,,,1,20,,276193,37,,,1,60,,276194,37,,,1,20,,276195,37,,,1,20,,276196,37,,,1,60,,276197,37,,,1,20,,276198,37,,,1,20,,276199,37,,,1,60,,276207,37,,,1,27,,276200,37,,,1,99,,276201,37,,,1,100,,276202,37,,,1
71900,'719-Weekday-7-26-09-1111100',507,,276279,37,,,1,30,,276281,37,,,1,70,,276234,37,,,1,8,,276282,37,,,1,7,,276290,37,,,1,9,,276305,37,,,1,10,,276302,37,,,1,11,,276280,37,,,1,50,,276235,37,,,1,10,,276306,37,,,1,16,,276288,37,,,1,8,,276294,37,,,1,7,,276236,37,,,1,8,,276295,37,,,1,7,,276303,37,,,1,48,,276300,37,,,1,7,,276237,37,,,1,8,,276296,37,,,1,7,,276239,37,,,1,6,,276297,37,,,1,5,,276238,37,,,1,6,,276298,37,,,1,6,,276304,37,,,1,8,,276307,37,,,1,47,,276289,37,,,1,18,,276240,37,,,1,18,,276241,37,,,1,60,,276242,37,,,1,20,,276243,37,,,1,20,,276244,37,,,1,60,,276245,37,,,1,20,,276246,37,,,1,20,,276247,37,,,1,60,,276248,37,,,1,20,,276249,37,,,1,20,,276250,37,,,1,60,,276251,37,,,1,20,,276252,37,,,1,20,,276253,37,,,1,60,,276254,37,,,1,20,,276255,37,,,1,20,,276256,37,,,1,60,,276257,37,,,1,21,,276258,37,,,1,25,,276259,37,,,1,61,,276260,37,,,1,20,,276261,37,,,1,20,,276301,37,,,1,60,,276291,37,,,1,20,,276262,37,,,1,20,,276264,37,,,1,60,,276263,37,,,1,20,,276265,37,,,1,19,,276266,37,,,1,56,,276267,37,,,1,18,,276268,37,,,1,20,,276269,37,,,1,60,,276270,37,,,1,20,,276271,37,,,1,20,,276272,37,,,1,60,,276273,37,,,1,20,,276274,37,,,1,20,,276275,37,,,1,60,,276283,37,,,1,27,,276276,37,,,1,99,,276277,37,,,1,100,,276278,37,,,1
71900,'719-Saturday-1-26-09-0000010',615,,233594,37,,,1,30,,233595,37,,,1,70,,233596,37,,,1,30,,233597,37,,,1,70,,233598,37,,,1,30,,233599,37,,,1,74,,233600,37,,,1,34,,233601,37,,,1,70,,233602,37,,,1,30,,233603,37,,,1,70,,233604,37,,,1,30,,233605,37,,,1,70,,233606,37,,,1,30,,233607,37,,,1,70,,233608,37,,,1,30,,233609,37,,,1,70,,233610,37,,,1,30,,233611,37,,,1,70,,233612,37,,,1,30,,233613,37,,,1,70,,233614,37,,,1,30,,233615,37,,,1,66,,233616,37,,,1,29,,233617,37,,,1,70,,233618,37,,,1,30,,233619,37,,,1,70,,233620,37,,,1,30,,233621,37,,,1,70,,233622,37,,,1,30,,233623,37,,,1,70,,233624,37,,,1,30,,233625,37,,,1,70,,233626,37,,,1,30,,233627,37,,,1,70,,233628,37,,,1,30,,233629,37,,,1,70,,233630,37,,,1
71900,'719-Sunday-1-26-09-0000001',616,,233631,37,,,1,100,,233632,37,,,1,100,,233633,37,,,1,103,,233634,37,,,1,102,,233635,37,,,1,100,,233636,37,,,1,30,,233637,37,,,1,70,,233638,37,,,1,30,,233639,37,,,1,70,,233640,37,,,1,30,,233641,37,,,1,70,,233642,37,,,1,30,,233643,37,,,1,70,,233644,37,,,1,30,,233645,37,,,1,70,,233646,37,,,1,30,,233647,37,,,1,67,,233648,37,,,1,29,,233649,37,,,1,70,,233650,37,,,1,30,,233651,37,,,1,70,,233652,37,,,1,30,,233653,37,,,1,85,,233654,37,,,1,100,,233655,37,,,1,100,,233656,37,,,1,100,,233657,37,,,1,100,,233658,37,,,1
72100,'721-Weekday-1-26-09-0001000',1449,,233912,26,,,1
72100,'721-Weekday-1-26-09-1110100',1534,,233913,26,,,1,3,,233914,26,,,1
72100,'721-Weekday-1-26-09-1111100',519,,233956,32,,,1,20,,233957,32,,,1,20,,233958,32,,,1,60,,233959,32,,,1,22,,233915,26,,,1,14,,233960,32,,,1,50,,233916,26,,,1,12,,233968,32,,,1,12,,233917,26,,,1,8,,233970,32,,,1,7,,233974,26,,,1,8,,233961,32,,,1,48,,233918,26,,,1,8,,233975,32,,,1,8,,233919,26,,,1,7,,233976,32,,,1,8,,233969,26,,,1,7,,233977,32,,,1,8,,233920,26,,,1,7,,233978,32,,,1,6,,233921,26,,,1,52,,233971,26,,,1,14,,233923,26,,,1,16,,233922,26,,,1,18,,233924,26,,,1,60,,233925,26,,,1,20,,233926,26,,,1,20,,233927,26,,,1,60,,233928,26,,,1,20,,233929,26,,,1,20,,233930,26,,,1,60,,233931,26,,,1,20,,233932,26,,,1,20,,233933,26,,,1,60,,233934,26,,,1,20,,233935,26,,,1,20,,233936,26,,,1,60,,233937,26,,,1,20,,233938,26,,,1,20,,233939,26,,,1,62,,233940,26,,,1,26,,233941,26,,,1,62,,233972,26,,,1,20,,233965,26,,,1,20,,233966,26,,,1,60,,233967,26,,,1,20,,233964,26,,,1,20,,233973,26,,,1,57,,233979,26,,,1,20,,233980,26,,,1,16,,233963,26,,,1,60,,233962,26,,,1,17,,233942,26,,,1,20,,233943,26,,,1,20,,233944,26,,,1,60,,233945,26,,,1,20,,233946,26,,,1,20,,233947,26,,,1,60,,233948,26,,,1,20,,233949,26,,,1,20,,233950,26,,,1,57,,233951,26,,,1,30,,233952,26,,,1,70,,233953,26,,,1,30,,233954,26,,,1,70,,233955,26,,,1
72100,'721-Weekday-2-26-09-1110100',1534,,233981,26,,,1,3,,233982,26,,,1
72100,'721-Weekday-2-26-09-1111100',519,,234024,32,,,1,20,,234025,32,,,1,20,,234026,32,,,1,60,,234027,32,,,1,22,,233983,26,,,1,14,,234028,32,,,1,50,,233984,26,,,1,12,,234036,32,,,1,12,,233985,26,,,1,8,,234038,32,,,1,7,,234042,26,,,1,8,,234029,32,,,1,48,,233986,26,,,1,8,,234043,32,,,1,8,,233987,26,,,1,7,,234044,32,,,1,8,,234037,26,,,1,7,,234045,32,,,1,8,,233988,26,,,1,7,,234046,32,,,1,6,,233989,26,,,1,52,,234039,26,,,1,14,,233991,26,,,1,16,,233990,26,,,1,18,,233992,26,,,1,60,,233993,26,,,1,20,,233994,26,,,1,20,,233995,26,,,1,60,,233996,26,,,1,20,,233997,26,,,1,20,,233998,26,,,1,60,,233999,26,,,1,20,,234000,26,,,1,20,,234001,26,,,1,60,,234002,26,,,1,20,,234003,26,,,1,20,,234004,26,,,1,60,,234005,26,,,1,20,,234006,26,,,1,20,,234007,26,,,1,62,,234008,26,,,1,26,,234009,26,,,1,62,,234040,26,,,1,20,,234033,26,,,1,20,,234034,26,,,1,60,,234035,26,,,1,20,,234032,26,,,1,20,,234041,26,,,1,57,,234047,26,,,1,20,,234048,26,,,1,16,,234031,26,,,1,60,,234030,26,,,1,17,,234010,26,,,1,20,,234011,26,,,1,20,,234012,26,,,1,60,,234013,26,,,1,20,,234014,26,,,1,20,,234015,26,,,1,60,,234016,26,,,1,20,,234017,26,,,1,20,,234018,26,,,1,57,,234019,26,,,1,30,,234020,26,,,1,70,,234021,26,,,1,30,,234022,26,,,1,70,,234023,26,,,1
72100,'721-Weekday-3-26-09-1111100',519,,276603,32,,,1,20,,276604,32,,,1,20,,276605,32,,,1,60,,276606,32,,,1,22,,276562,26,,,1,14,,276607,32,,,1,50,,276563,26,,,1,12,,276615,32,,,1,12,,276564,26,,,1,8,,276617,32,,,1,7,,276621,26,,,1,8,,276608,32,,,1,48,,276565,26,,,1,8,,276622,32,,,1,8,,276566,26,,,1,7,,276623,32,,,1,8,,276616,26,,,1,7,,276624,32,,,1,8,,276567,26,,,1,7,,276625,32,,,1,6,,276568,26,,,1,52,,276618,26,,,1,14,,276570,26,,,1,16,,276569,26,,,1,18,,276571,26,,,1,60,,276572,26,,,1,20,,276573,26,,,1,20,,276574,26,,,1,60,,276575,26,,,1,20,,276576,26,,,1,20,,276577,26,,,1,60,,276578,26,,,1,20,,276579,26,,,1,20,,276580,26,,,1,60,,276581,26,,,1,20,,276582,26,,,1,20,,276583,26,,,1,60,,276584,26,,,1,20,,276585,26,,,1,20,,276586,26,,,1,62,,276587,26,,,1,26,,276588,26,,,1,62,,276619,26,,,1,20,,276612,26,,,1,20,,276613,26,,,1,60,,276614,26,,,1,20,,276611,26,,,1,20,,276620,26,,,1,57,,276626,26,,,1,20,,276627,26,,,1,16,,276610,26,,,1,60,,276609,26,,,1,17,,276589,26,,,1,20,,276590,26,,,1,20,,276591,26,,,1,60,,276592,26,,,1,20,,276593,26,,,1,20,,276594,26,,,1,60,,276595,26,,,1,20,,276596,26,,,1,20,,276597,26,,,1,57,,276598,26,,,1,30,,276599,26,,,1,70,,276600,26,,,1,30,,276601,26,,,1,70,,276602,26,,,1
72100,'721-Weekday-4-26-09-1111100',519,,234090,32,,,1,20,,234091,32,,,1,20,,234092,32,,,1,60,,234093,32,,,1,22,,234049,26,,,1,14,,234094,32,,,1,50,,234050,26,,,1,12,,234102,32,,,1,12,,234051,26,,,1,8,,234104,32,,,1,7,,234108,26,,,1,8,,234095,32,,,1,48,,234052,26,,,1,8,,234109,32,,,1,8,,234053,26,,,1,7,,234110,32,,,1,8,,234103,26,,,1,7,,234111,32,,,1,8,,234054,26,,,1,7,,234112,32,,,1,6,,234055,26,,,1,52,,234105,26,,,1,14,,234057,26,,,1,16,,234056,26,,,1,18,,234058,26,,,1,60,,234059,26,,,1,20,,234060,26,,,1,20,,234061,26,,,1,60,,234062,26,,,1,20,,234063,26,,,1,20,,234064,26,,,1,60,,234065,26,,,1,20,,234066,26,,,1,20,,234067,26,,,1,60,,234068,26,,,1,20,,234069,26,,,1,20,,234070,26,,,1,60,,234071,26,,,1,20,,234072,26,,,1,20,,234073,26,,,1,62,,234074,26,,,1,26,,234075,26,,,1,62,,234106,26,,,1,20,,234099,26,,,1,20,,234100,26,,,1,60,,234101,26,,,1,20,,234098,26,,,1,20,,234107,26,,,1,57,,234113,26,,,1,20,,234114,26,,,1,16,,234097,26,,,1,60,,234096,26,,,1,17,,234076,26,,,1,20,,234077,26,,,1,20,,234078,26,,,1,60,,234079,26,,,1,20,,234080,26,,,1,20,,234081,26,,,1,60,,234082,26,,,1,20,,234083,26,,,1,20,,234084,26,,,1,57,,234085,26,,,1,30,,234086,26,,,1,70,,234087,26,,,1,30,,234088,26,,,1,70,,234089,26,,,1
72100,'721-Weekday-5-26-09-1111100',519,,276669,32,,,1,20,,276670,32,,,1,20,,276671,32,,,1,60,,276672,32,,,1,22,,276628,26,,,1,14,,276673,32,,,1,50,,276629,26,,,1,12,,276681,32,,,1,12,,276630,26,,,1,8,,276683,32,,,1,7,,276687,26,,,1,8,,276674,32,,,1,48,,276631,26,,,1,8,,276688,32,,,1,8,,276632,26,,,1,7,,276689,32,,,1,8,,276682,26,,,1,7,,276690,32,,,1,8,,276633,26,,,1,7,,276691,32,,,1,6,,276634,26,,,1,52,,276684,26,,,1,14,,276636,26,,,1,16,,276635,26,,,1,18,,276637,26,,,1,60,,276638,26,,,1,20,,276639,26,,,1,20,,276640,26,,,1,60,,276641,26,,,1,20,,276642,26,,,1,20,,276643,26,,,1,60,,276644,26,,,1,20,,276645,26,,,1,20,,276646,26,,,1,60,,276647,26,,,1,20,,276648,26,,,1,20,,276649,26,,,1,60,,276650,26,,,1,20,,276651,26,,,1,20,,276652,26,,,1,62,,276653,26,,,1,26,,276654,26,,,1,62,,276685,26,,,1,20,,276678,26,,,1,20,,276679,26,,,1,60,,276680,26,,,1,20,,276677,26,,,1,20,,276686,26,,,1,57,,276692,26,,,1,20,,276693,26,,,1,16,,276676,26,,,1,60,,276675,26,,,1,17,,276655,26,,,1,20,,276656,26,,,1,20,,276657,26,,,1,60,,276658,26,,,1,20,,276659,26,,,1,20,,276660,26,,,1,60,,276661,26,,,1,20,,276662,26,,,1,20,,276663,26,,,1,57,,276664,26,,,1,30,,276665,26,,,1,70,,276666,26,,,1,30,,276667,26,,,1,70,,276668,26,,,1
72100,'721-Weekday-6-26-09-1110100',1534,,276694,26,,,1,3,,276695,26,,,1
72100,'721-Weekday-6-26-09-1111100',519,,276737,32,,,1,20,,276738,32,,,1,20,,276739,32,,,1,60,,276740,32,,,1,22,,276696,26,,,1,14,,276741,32,,,1,50,,276697,26,,,1,12,,276749,32,,,1,12,,276698,26,,,1,8,,276751,32,,,1,7,,276755,26,,,1,8,,276742,32,,,1,48,,276699,26,,,1,8,,276756,32,,,1,8,,276700,26,,,1,7,,276757,32,,,1,8,,276750,26,,,1,7,,276758,32,,,1,8,,276701,26,,,1,7,,276759,32,,,1,6,,276702,26,,,1,52,,276752,26,,,1,14,,276704,26,,,1,16,,276703,26,,,1,18,,276705,26,,,1,60,,276706,26,,,1,20,,276707,26,,,1,20,,276708,26,,,1,60,,276709,26,,,1,20,,276710,26,,,1,20,,276711,26,,,1,60,,276712,26,,,1,20,,276713,26,,,1,20,,276714,26,,,1,60,,276715,26,,,1,20,,276716,26,,,1,20,,276717,26,,,1,60,,276718,26,,,1,20,,276719,26,,,1,20,,276720,26,,,1,62,,276721,26,,,1,26,,276722,26,,,1,62,,276753,26,,,1,20,,276746,26,,,1,20,,276747,26,,,1,60,,276748,26,,,1,20,,276745,26,,,1,20,,276754,26,,,1,57,,276760,26,,,1,20,,276761,26,,,1,16,,276744,26,,,1,60,,276743,26,,,1,17,,276723,26,,,1,20,,276724,26,,,1,20,,276725,26,,,1,60,,276726,26,,,1,20,,276727,26,,,1,20,,276728,26,,,1,60,,276729,26,,,1,20,,276730,26,,,1,20,,276731,26,,,1,57,,276732,26,,,1,30,,276733,26,,,1,70,,276734,26,,,1,30,,276735,26,,,1,70,,276736,26,,,1
72100,'721-Weekday-7-26-09-1111100',519,,276803,32,,,1,20,,276804,32,,,1,20,,276805,32,,,1,60,,276806,32,,,1,22,,276762,26,,,1,14,,276807,32,,,1,50,,276763,26,,,1,12,,276815,32,,,1,12,,276764,26,,,1,8,,276817,32,,,1,7,,276821,26,,,1,8,,276808,32,,,1,48,,276765,26,,,1,8,,276822,32,,,1,8,,276766,26,,,1,7,,276823,32,,,1,8,,276816,26,,,1,7,,276824,32,,,1,8,,276767,26,,,1,7,,276825,32,,,1,6,,276768,26,,,1,52,,276818,26,,,1,14,,276770,26,,,1,16,,276769,26,,,1,18,,276771,26,,,1,60,,276772,26,,,1,20,,276773,26,,,1,20,,276774,26,,,1,60,,276775,26,,,1,20,,276776,26,,,1,20,,276777,26,,,1,60,,276778,26,,,1,20,,276779,26,,,1,20,,276780,26,,,1,60,,276781,26,,,1,20,,276782,26,,,1,20,,276783,26,,,1,60,,276784,26,,,1,20,,276785,26,,,1,20,,276786,26,,,1,62,,276787,26,,,1,26,,276788,26,,,1,62,,276819,26,,,1,20,,276812,26,,,1,20,,276813,26,,,1,60,,276814,26,,,1,20,,276811,26,,,1,20,,276820,26,,,1,57,,276826,26,,,1,20,,276827,26,,,1,16,,276810,26,,,1,60,,276809,26,,,1,17,,276789,26,,,1,20,,276790,26,,,1,20,,276791,26,,,1,60,,276792,26,,,1,20,,276793,26,,,1,20,,276794,26,,,1,60,,276795,26,,,1,20,,276796,26,,,1,20,,276797,26,,,1,57,,276798,26,,,1,30,,276799,26,,,1,70,,276800,26,,,1,30,,276801,26,,,1,70,,276802,26,,,1
72100,'721-Saturday-1-26-09-0000010',604,,234162,32,,,1,30,,234115,32,,,1,70,,234116,32,,,1,30,,234117,32,,,1,70,,234118,32,,,1,30,,234119,32,,,1,25,,234120,32,,,1,62,,234121,32,,,1,24,,234122,32,,,1,60,,234123,32,,,1,20,,234124,32,,,1,20,,234125,32,,,1,60,,234126,32,,,1,20,,234127,32,,,1,20,,234128,32,,,1,60,,234129,32,,,1,20,,234130,32,,,1,20,,234131,32,,,1,60,,234132,32,,,1,20,,234133,32,,,1,20,,234134,32,,,1,60,,234135,32,,,1,20,,234136,32,,,1,20,,234137,32,,,1,61,,234138,32,,,1,21,,234139,32,,,1,20,,234140,32,,,1,60,,234141,32,,,1,20,,234142,32,,,1,20,,234143,32,,,1,59,,234144,32,,,1,18,,234145,32,,,1,18,,234146,32,,,1,60,,234147,32,,,1,20,,234148,32,,,1,20,,234149,32,,,1,60,,234150,32,,,1,20,,234151,32,,,1,30,,234152,32,,,1,70,,234153,32,,,1,30,,234154,32,,,1,70,,234155,32,,,1,30,,234156,32,,,1,70,,234157,32,,,1,30,,234158,32,,,1,70,,234159,32,,,1,30,,234160,32,,,1
72100,'721-Sunday-1-26-09-0000001',626,,234198,32,,,1,30,,234187,32,,,1,70,,234182,32,,,1,30,,234181,32,,,1,70,,234183,32,,,1,30,,234180,32,,,1,69,,234186,32,,,1,31,,234184,32,,,1,70,,234172,32,,,1,30,,234192,32,,,1,70,,234167,32,,,1,30,,234165,32,,,1,70,,234171,32,,,1,30,,234170,32,,,1,67,,234164,32,,,1,30,,234168,32,,,1,70,,234169,32,,,1,30,,234195,32,,,1,70,,234177,32,,,1,30,,234197,32,,,1,70,,234194,32,,,1,30,,234191,32,,,1,69,,234188,32,,,1,31,,234189,32,,,1,70,,234185,32,,,1,30,,234196,32,,,1,70,,234190,32,,,1,30,,234193,32,,,1,70,,234173,32,,,1,30,,234176,32,,,1,70,,234175,32,,,1,30,,234174,32,,,1,85,,234179,32,,,1,100,,234178,32,,,1,100,,234166,32,,,1
72200,'722-Weekday-1-26-09-1111100',544,,234534,31,,,1,60,,234535,31,,,1,20,,234481,31,,,1,26,,234482,31,,,1,60,,234529,31,,,1,7,,234483,31,,,1,8,,234544,31,,,1,10,,234539,31,,,1,12,,234530,31,,,1,9,,234484,31,,,1,48,,234531,31,,,1,7,,234485,31,,,1,8,,234545,31,,,1,7,,234540,31,,,1,5,,234532,31,,,1,5,,234486,31,,,1,5,,234533,31,,,1,6,,234487,31,,,1,8,,234538,31,,,1,46,,234541,31,,,1,12,,234491,31,,,1,17,,234488,31,,,1,17,,234489,31,,,1,60,,234490,31,,,1,20,,234492,31,,,1,20,,234493,31,,,1,60,,234494,31,,,1,20,,234495,31,,,1,20,,234496,31,,,1,60,,234497,31,,,1,20,,234498,31,,,1,20,,234499,31,,,1,60,,234500,31,,,1,20,,234501,31,,,1,20,,234502,31,,,1,60,,234503,31,,,1,20,,234504,31,,,1,20,,234505,31,,,1,61,,234506,31,,,1,22,,234507,31,,,1,28,,234508,31,,,1,62,,234509,31,,,1,20,,234536,31,,,1,60,,234542,31,,,1,20,,234510,31,,,1,20,,234512,31,,,1,19,,234511,31,,,1,59,,234537,31,,,1,17,,234543,31,,,1,12,,234513,31,,,1,57,,234514,31,,,1,20,,234515,31,,,1,20,,234516,31,,,1,60,,234517,31,,,1,20,,234518,31,,,1,20,,234519,31,,,1,60,,234520,31,,,1,20,,234521,31,,,1,20,,234522,31,,,1,60,,234523,31,,,1,20,,234524,31,,,1,30,,234525,31,,,1,70,,234526,31,,,1,30,,234527,31,,,1,70,,234528,31,,,1
72200,'722-Weekday-2-26-09-1111100',544,,234599,31,,,1,60,,234600,31,,,1,20,,234546,31,,,1,26,,234547,31,,,1,60,,234594,31,,,1,7,,234548,31,,,1,8,,234609,31,,,1,10,,234604,31,,,1,12,,234595,31,,,1,9,,234549,31,,,1,48,,234596,31,,,1,7,,234550,31,,,1,8,,234610,31,,,1,7,,234605,31,,,1,5,,234597,31,,,1,5,,234551,31,,,1,5,,234598,31,,,1,6,,234552,31,,,1,8,,234603,31,,,1,46,,234606,31,,,1,12,,234556,31,,,1,17,,234553,31,,,1,17,,234554,31,,,1,60,,234555,31,,,1,20,,234557,31,,,1,20,,234558,31,,,1,60,,234559,31,,,1,20,,234560,31,,,1,20,,234561,31,,,1,60,,234562,31,,,1,20,,234563,31,,,1,20,,234564,31,,,1,60,,234565,31,,,1,20,,234566,31,,,1,20,,234567,31,,,1,60,,234568,31,,,1,20,,234569,31,,,1,20,,234570,31,,,1,61,,234571,31,,,1,22,,234572,31,,,1,28,,234573,31,,,1,62,,234574,31,,,1,20,,234601,31,,,1,60,,234607,31,,,1,20,,234575,31,,,1,20,,234577,31,,,1,19,,234576,31,,,1,59,,234602,31,,,1,17,,234608,31,,,1,12,,234578,31,,,1,57,,234579,31,,,1,20,,234580,31,,,1,20,,234581,31,,,1,60,,234582,31,,,1,20,,234583,31,,,1,20,,234584,31,,,1,60,,234585,31,,,1,20,,234586,31,,,1,20,,234587,31,,,1,60,,234588,31,,,1,20,,234589,31,,,1,30,,234590,31,,,1,70,,234591,31,,,1,30,,234592,31,,,1,70,,234593,31,,,1
72200,'722-Weekday-3-26-09-1111100',544,,277146,31,,,1,60,,277147,31,,,1,20,,277093,31,,,1,26,,277094,31,,,1,60,,277141,31,,,1,7,,277095,31,,,1,8,,277156,31,,,1,10,,277151,31,,,1,12,,277142,31,,,1,9,,277096,31,,,1,48,,277143,31,,,1,7,,277097,31,,,1,8,,277157,31,,,1,7,,277152,31,,,1,5,,277144,31,,,1,5,,277098,31,,,1,5,,277145,31,,,1,6,,277099,31,,,1,8,,277150,31,,,1,46,,277153,31,,,1,12,,277103,31,,,1,17,,277100,31,,,1,17,,277101,31,,,1,60,,277102,31,,,1,20,,277104,31,,,1,20,,277105,31,,,1,60,,277106,31,,,1,20,,277107,31,,,1,20,,277108,31,,,1,60,,277109,31,,,1,20,,277110,31,,,1,20,,277111,31,,,1,60,,277112,31,,,1,20,,277113,31,,,1,20,,277114,31,,,1,60,,277115,31,,,1,20,,277116,31,,,1,20,,277117,31,,,1,61,,277118,31,,,1,22,,277119,31,,,1,28,,277120,31,,,1,62,,277121,31,,,1,20,,277148,31,,,1,60,,277154,31,,,1,20,,277122,31,,,1,20,,277124,31,,,1,19,,277123,31,,,1,59,,277149,31,,,1,17,,277155,31,,,1,12,,277125,31,,,1,57,,277126,31,,,1,20,,277127,31,,,1,20,,277128,31,,,1,60,,277129,31,,,1,20,,277130,31,,,1,20,,277131,31,,,1,60,,277132,31,,,1,20,,277133,31,,,1,20,,277134,31,,,1,60,,277135,31,,,1,20,,277136,31,,,1,30,,277137,31,,,1,70,,277138,31,,,1,30,,277139,31,,,1,70,,277140,31,,,1
72200,'722-Weekday-4-26-09-1111100',544,,234664,31,,,1,60,,234665,31,,,1,20,,234611,31,,,1,26,,234612,31,,,1,60,,234659,31,,,1,7,,234613,31,,,1,8,,234674,31,,,1,10,,234669,31,,,1,12,,234660,31,,,1,9,,234614,31,,,1,48,,234661,31,,,1,7,,234615,31,,,1,8,,234675,31,,,1,7,,234670,31,,,1,5,,234662,31,,,1,5,,234616,31,,,1,5,,234663,31,,,1,6,,234617,31,,,1,8,,234668,31,,,1,46,,234671,31,,,1,12,,234621,31,,,1,17,,234618,31,,,1,17,,234619,31,,,1,60,,234620,31,,,1,20,,234622,31,,,1,20,,234623,31,,,1,60,,234624,31,,,1,20,,234625,31,,,1,20,,234626,31,,,1,60,,234627,31,,,1,20,,234628,31,,,1,20,,234629,31,,,1,60,,234630,31,,,1,20,,234631,31,,,1,20,,234632,31,,,1,60,,234633,31,,,1,20,,234634,31,,,1,20,,234635,31,,,1,61,,234636,31,,,1,22,,234637,31,,,1,28,,234638,31,,,1,62,,234639,31,,,1,20,,234666,31,,,1,60,,234672,31,,,1,20,,234640,31,,,1,20,,234642,31,,,1,19,,234641,31,,,1,59,,234667,31,,,1,17,,234673,31,,,1,12,,234643,31,,,1,57,,234644,31,,,1,20,,234645,31,,,1,20,,234646,31,,,1,60,,234647,31,,,1,20,,234648,31,,,1,20,,234649,31,,,1,60,,234650,31,,,1,20,,234651,31,,,1,20,,234652,31,,,1,60,,234653,31,,,1,20,,234654,31,,,1,30,,234655,31,,,1,70,,234656,31,,,1,30,,234657,31,,,1,70,,234658,31,,,1
72200,'722-Weekday-5-26-09-1111100',544,,277211,31,,,1,60,,277212,31,,,1,20,,277158,31,,,1,26,,277159,31,,,1,60,,277206,31,,,1,7,,277160,31,,,1,8,,277221,31,,,1,10,,277216,31,,,1,12,,277207,31,,,1,9,,277161,31,,,1,48,,277208,31,,,1,7,,277162,31,,,1,8,,277222,31,,,1,7,,277217,31,,,1,5,,277209,31,,,1,5,,277163,31,,,1,5,,277210,31,,,1,6,,277164,31,,,1,8,,277215,31,,,1,46,,277218,31,,,1,12,,277168,31,,,1,17,,277165,31,,,1,17,,277166,31,,,1,60,,277167,31,,,1,20,,277169,31,,,1,20,,277170,31,,,1,60,,277171,31,,,1,20,,277172,31,,,1,20,,277173,31,,,1,60,,277174,31,,,1,20,,277175,31,,,1,20,,277176,31,,,1,60,,277177,31,,,1,20,,277178,31,,,1,20,,277179,31,,,1,60,,277180,31,,,1,20,,277181,31,,,1,20,,277182,31,,,1,61,,277183,31,,,1,22,,277184,31,,,1,28,,277185,31,,,1,62,,277186,31,,,1,20,,277213,31,,,1,60,,277219,31,,,1,20,,277187,31,,,1,20,,277189,31,,,1,19,,277188,31,,,1,59,,277214,31,,,1,17,,277220,31,,,1,12,,277190,31,,,1,57,,277191,31,,,1,20,,277192,31,,,1,20,,277193,31,,,1,60,,277194,31,,,1,20,,277195,31,,,1,20,,277196,31,,,1,60,,277197,31,,,1,20,,277198,31,,,1,20,,277199,31,,,1,60,,277200,31,,,1,20,,277201,31,,,1,30,,277202,31,,,1,70,,277203,31,,,1,30,,277204,31,,,1,70,,277205,31,,,1
72200,'722-Weekday-6-26-09-1111100',544,,277276,31,,,1,60,,277277,31,,,1,20,,277223,31,,,1,26,,277224,31,,,1,60,,277271,31,,,1,7,,277225,31,,,1,8,,277286,31,,,1,10,,277281,31,,,1,12,,277272,31,,,1,9,,277226,31,,,1,48,,277273,31,,,1,7,,277227,31,,,1,8,,277287,31,,,1,7,,277282,31,,,1,5,,277274,31,,,1,5,,277228,31,,,1,5,,277275,31,,,1,6,,277229,31,,,1,8,,277280,31,,,1,46,,277283,31,,,1,12,,277233,31,,,1,17,,277230,31,,,1,17,,277231,31,,,1,60,,277232,31,,,1,20,,277234,31,,,1,20,,277235,31,,,1,60,,277236,31,,,1,20,,277237,31,,,1,20,,277238,31,,,1,60,,277239,31,,,1,20,,277240,31,,,1,20,,277241,31,,,1,60,,277242,31,,,1,20,,277243,31,,,1,20,,277244,31,,,1,60,,277245,31,,,1,20,,277246,31,,,1,20,,277247,31,,,1,61,,277248,31,,,1,22,,277249,31,,,1,28,,277250,31,,,1,62,,277251,31,,,1,20,,277278,31,,,1,60,,277284,31,,,1,20,,277252,31,,,1,20,,277254,31,,,1,19,,277253,31,,,1,59,,277279,31,,,1,17,,277285,31,,,1,12,,277255,31,,,1,57,,277256,31,,,1,20,,277257,31,,,1,20,,277258,31,,,1,60,,277259,31,,,1,20,,277260,31,,,1,20,,277261,31,,,1,60,,277262,31,,,1,20,,277263,31,,,1,20,,277264,31,,,1,60,,277265,31,,,1,20,,277266,31,,,1,30,,277267,31,,,1,70,,277268,31,,,1,30,,277269,31,,,1,70,,277270,31,,,1
72200,'722-Weekday-7-26-09-1111100',544,,277341,31,,,1,60,,277342,31,,,1,20,,277288,31,,,1,26,,277289,31,,,1,60,,277336,31,,,1,7,,277290,31,,,1,8,,277351,31,,,1,10,,277346,31,,,1,12,,277337,31,,,1,9,,277291,31,,,1,48,,277338,31,,,1,7,,277292,31,,,1,8,,277352,31,,,1,7,,277347,31,,,1,5,,277339,31,,,1,5,,277293,31,,,1,5,,277340,31,,,1,6,,277294,31,,,1,8,,277345,31,,,1,46,,277348,31,,,1,12,,277298,31,,,1,17,,277295,31,,,1,17,,277296,31,,,1,60,,277297,31,,,1,20,,277299,31,,,1,20,,277300,31,,,1,60,,277301,31,,,1,20,,277302,31,,,1,20,,277303,31,,,1,60,,277304,31,,,1,20,,277305,31,,,1,20,,277306,31,,,1,60,,277307,31,,,1,20,,277308,31,,,1,20,,277309,31,,,1,60,,277310,31,,,1,20,,277311,31,,,1,20,,277312,31,,,1,61,,277313,31,,,1,22,,277314,31,,,1,28,,277315,31,,,1,62,,277316,31,,,1,20,,277343,31,,,1,60,,277349,31,,,1,20,,277317,31,,,1,20,,277319,31,,,1,19,,277318,31,,,1,59,,277344,31,,,1,17,,277350,31,,,1,12,,277320,31,,,1,57,,277321,31,,,1,20,,277322,31,,,1,20,,277323,31,,,1,60,,277324,31,,,1,20,,277325,31,,,1,20,,277326,31,,,1,60,,277327,31,,,1,20,,277328,31,,,1,20,,277329,31,,,1,60,,277330,31,,,1,20,,277331,31,,,1,30,,277332,31,,,1,70,,277333,31,,,1,30,,277334,31,,,1,70,,277335,31,,,1
72200,'722-Saturday-1-26-09-0000010',546,,234723,19,,,1,70,,234724,19,,,1,30,,234676,31,,,1,70,,234677,31,,,1,30,,234678,31,,,1,70,,234679,31,,,1,30,,234680,31,,,1,62,,234681,31,,,1,21,,234682,31,,,1,19,,234683,31,,,1,60,,234684,31,,,1,20,,234685,31,,,1,20,,234686,31,,,1,60,,234687,31,,,1,20,,234688,31,,,1,20,,234689,31,,,1,60,,234690,31,,,1,20,,234691,31,,,1,20,,234692,31,,,1,60,,234693,31,,,1,20,,234694,31,,,1,20,,234695,31,,,1,60,,234696,31,,,1,20,,234697,31,,,1,20,,234698,31,,,1,60,,234699,31,,,1,20,,234700,31,,,1,20,,234701,31,,,1,60,,234702,31,,,1,20,,234703,31,,,1,20,,234704,31,,,1,58,,234705,31,,,1,19,,234706,31,,,1,21,,234707,31,,,1,60,,234708,31,,,1,20,,234709,31,,,1,20,,234710,31,,,1,60,,234711,31,,,1,20,,234712,31,,,1,20,,234713,31,,,1,70,,234714,31,,,1,30,,234715,31,,,1,70,,234716,31,,,1,30,,234717,31,,,1,70,,234718,31,,,1,30,,234719,31,,,1,70,,234720,31,,,1,30,,234721,31,,,1,70,,234722,31,,,1
72200,'722-Sunday-1-26-09-0000001',637,,234725,31,,,1,70,,234726,31,,,1,30,,234727,31,,,1,70,,234728,31,,,1,30,,234729,31,,,1,72,,234730,31,,,1,31,,234731,31,,,1,70,,234732,31,,,1,30,,234733,31,,,1,70,,234734,31,,,1,30,,234735,31,,,1,70,,234736,31,,,1,30,,234737,31,,,1,70,,234738,31,,,1,30,,234739,31,,,1,70,,234740,31,,,1,30,,234741,31,,,1,70,,234742,31,,,1,30,,234743,31,,,1,70,,234744,31,,,1,30,,234745,31,,,1,70,,234746,31,,,1,31,,234747,31,,,1,70,,234748,31,,,1,30,,234749,31,,,1,70,,234750,31,,,1,30,,234751,31,,,1,70,,234752,31,,,1,30,,234753,31,,,1,70,,234754,31,,,1,30,,234755,31,,,1,100,,234756,31,,,1,100,,234757,31,,,1
72900,'729-Weekday-1-26-09-1111100',622,,235344,23,,,1,78,,235343,23,,,1,22,,235336,23,,,1,20,,235337,23,,,1,15,,235345,23,,,1,45,,235338,23,,,1,20,,235339,23,,,1,20,,235340,23,,,1,59,,235341,23,,,1,16,,235342,23,,,1,18,,235308,23,,,1,67,,235309,23,,,1,30,,235310,23,,,1,70,,235311,23,,,1,30,,235312,23,,,1,70,,235313,23,,,1,30,,235314,23,,,1,70,,235315,23,,,1,30,,235307,23,,,1,70,,235316,23,,,1,30,,235317,23,,,1,70,,235318,23,,,1,34,,235319,23,,,1,66,,235320,23,,,1,20,,235321,23,,,1,20,,235322,23,,,1,60,,235323,23,,,1,20,,235324,23,,,1,20,,235325,23,,,1,60,,235326,23,,,1,25,,235327,23,,,1,24,,235328,23,,,1,65,,235329,23,,,1,34,,235330,23,,,1,70,,235331,23,,,1,30,,235332,23,,,1,70,,235333,23,,,1,30,,235334,23,,,1,70,,235335,23,,,1
72900,'729-Weekday-2-26-09-1111100',622,,235383,23,,,1,78,,235382,23,,,1,22,,235375,23,,,1,20,,235376,23,,,1,15,,235384,23,,,1,45,,235377,23,,,1,20,,235378,23,,,1,20,,235379,23,,,1,59,,235380,23,,,1,16,,235381,23,,,1,18,,235347,23,,,1,67,,235348,23,,,1,30,,235349,23,,,1,70,,235350,23,,,1,30,,235351,23,,,1,70,,235352,23,,,1,30,,235353,23,,,1,70,,235354,23,,,1,30,,235346,23,,,1,70,,235355,23,,,1,30,,235356,23,,,1,70,,235357,23,,,1,34,,235358,23,,,1,66,,235359,23,,,1,20,,235360,23,,,1,20,,235361,23,,,1,60,,235362,23,,,1,20,,235363,23,,,1,20,,235364,23,,,1,60,,235365,23,,,1,25,,235366,23,,,1,24,,235367,23,,,1,65,,235368,23,,,1,34,,235369,23,,,1,70,,235370,23,,,1,30,,235371,23,,,1,70,,235372,23,,,1,30,,235373,23,,,1,70,,235374,23,,,1
72900,'729-Weekday-3-26-09-1111100',622,,278010,23,,,1,78,,278009,23,,,1,22,,278002,23,,,1,20,,278003,23,,,1,15,,278011,23,,,1,45,,278004,23,,,1,20,,278005,23,,,1,20,,278006,23,,,1,59,,278007,23,,,1,16,,278008,23,,,1,18,,277974,23,,,1,67,,277975,23,,,1,30,,277976,23,,,1,70,,277977,23,,,1,30,,277978,23,,,1,70,,277979,23,,,1,30,,277980,23,,,1,70,,277981,23,,,1,30,,277973,23,,,1,70,,277982,23,,,1,30,,277983,23,,,1,70,,277984,23,,,1,34,,277985,23,,,1,66,,277986,23,,,1,20,,277987,23,,,1,20,,277988,23,,,1,60,,277989,23,,,1,20,,277990,23,,,1,20,,277991,23,,,1,60,,277992,23,,,1,25,,277993,23,,,1,24,,277994,23,,,1,65,,277995,23,,,1,34,,277996,23,,,1,70,,277997,23,,,1,30,,277998,23,,,1,70,,277999,23,,,1,30,,278000,23,,,1,70,,278001,23,,,1
72900,'729-Weekday-4-26-09-1111100',622,,235422,23,,,1,78,,235421,23,,,1,22,,235414,23,,,1,20,,235415,23,,,1,60,,235416,23,,,1,20,,235417,23,,,1,20,,235418,23,,,1,59,,235419,23,,,1,16,,235420,23,,,1,18,,235386,23,,,1,67,,235387,23,,,1,30,,235388,23,,,1,70,,235389,23,,,1,30,,235390,23,,,1,70,,235391,23,,,1,30,,235392,23,,,1,70,,235393,23,,,1,30,,235385,23,,,1,70,,235394,23,,,1,30,,235395,23,,,1,70,,235396,23,,,1,34,,235397,23,,,1,66,,235398,23,,,1,20,,235399,23,,,1,20,,235400,23,,,1,60,,235401,23,,,1,20,,235402,23,,,1,20,,235403,23,,,1,60,,235404,23,,,1,25,,235405,23,,,1,24,,235406,23,,,1,65,,235407,23,,,1,34,,235408,23,,,1,70,,235409,23,,,1,30,,235410,23,,,1,70,,235411,23,,,1,30,,235412,23,,,1,70,,235413,23,,,1
72900,'729-Weekday-5-26-09-1111100',622,,278049,23,,,1,78,,278048,23,,,1,22,,278041,23,,,1,20,,278042,23,,,1,60,,278043,23,,,1,20,,278044,23,,,1,20,,278045,23,,,1,59,,278046,23,,,1,16,,278047,23,,,1,18,,278013,23,,,1,67,,278014,23,,,1,30,,278015,23,,,1,70,,278016,23,,,1,30,,278017,23,,,1,70,,278018,23,,,1,30,,278019,23,,,1,70,,278020,23,,,1,30,,278012,23,,,1,70,,278021,23,,,1,30,,278022,23,,,1,70,,278023,23,,,1,34,,278024,23,,,1,66,,278025,23,,,1,20,,278026,23,,,1,20,,278027,23,,,1,60,,278028,23,,,1,20,,278029,23,,,1,20,,278030,23,,,1,60,,278031,23,,,1,25,,278032,23,,,1,24,,278033,23,,,1,65,,278034,23,,,1,34,,278035,23,,,1,70,,278036,23,,,1,30,,278037,23,,,1,70,,278038,23,,,1,30,,278039,23,,,1,70,,278040,23,,,1
72900,'729-Weekday-6-26-09-1111100',622,,278087,23,,,1,78,,278086,23,,,1,22,,278079,23,,,1,20,,278080,23,,,1,15,,278088,23,,,1,45,,278081,23,,,1,20,,278082,23,,,1,20,,278083,23,,,1,59,,278084,23,,,1,16,,278085,23,,,1,18,,278051,23,,,1,67,,278052,23,,,1,30,,278053,23,,,1,70,,278054,23,,,1,30,,278055,23,,,1,70,,278056,23,,,1,30,,278057,23,,,1,70,,278058,23,,,1,30,,278050,23,,,1,70,,278059,23,,,1,30,,278060,23,,,1,70,,278061,23,,,1,34,,278062,23,,,1,66,,278063,23,,,1,20,,278064,23,,,1,20,,278065,23,,,1,60,,278066,23,,,1,20,,278067,23,,,1,20,,278068,23,,,1,60,,278069,23,,,1,25,,278070,23,,,1,24,,278071,23,,,1,65,,278072,23,,,1,34,,278073,23,,,1,70,,278074,23,,,1,30,,278075,23,,,1,70,,278076,23,,,1,30,,278077,23,,,1,70,,278078,23,,,1
72900,'729-Weekday-7-26-09-1111100',622,,278126,23,,,1,78,,278125,23,,,1,22,,278118,23,,,1,20,,278119,23,,,1,60,,278120,23,,,1,20,,278121,23,,,1,20,,278122,23,,,1,59,,278123,23,,,1,16,,278124,23,,,1,18,,278090,23,,,1,67,,278091,23,,,1,30,,278092,23,,,1,70,,278093,23,,,1,30,,278094,23,,,1,70,,278095,23,,,1,30,,278096,23,,,1,70,,278097,23,,,1,30,,278089,23,,,1,70,,278098,23,,,1,30,,278099,23,,,1,70,,278100,23,,,1,34,,278101,23,,,1,66,,278102,23,,,1,20,,278103,23,,,1,20,,278104,23,,,1,60,,278105,23,,,1,20,,278106,23,,,1,20,,278107,23,,,1,60,,278108,23,,,1,25,,278109,23,,,1,24,,278110,23,,,1,65,,278111,23,,,1,34,,278112,23,,,1,70,,278113,23,,,1,30,,278114,23,,,1,70,,278115,23,,,1,30,,278116,23,,,1,70,,278117,23,,,1
