5600,'056-Weekday-1-26-09-1111100',512,,213142,14,0,19 20,1,30,,213143,38,,,1,70,,213144,38,,,1,27,,213145,38,,,1,65,,213146,38,,,1,17,,213147,38,,,1,15,,213148,38,,,1,15,,213149,38,,,1,55,,213150,38,,,1,15,,213141,38,,,1,15,,213151,38,,,1,15,,213152,38,,,1,55,,213153,38,,,1,15,,213154,38,,,1,15,,213155,38,,,1,15,,213156,38,,,1,55,,213157,38,,,1,15,,213158,38,,,1,15,,213159,38,,,1,15,,213160,38,,,1,55,,213161,38,,,1,15,,213162,38,,,1,15,,213163,38,,,1,15,,213164,38,,,1,55,,213165,38,,,1,15,,213166,38,,,1,15,,213167,38,,,1,15,,213168,38,,,1,55,,213169,38,,,1,15,,213170,38,,,1,15,,213171,38,,,1,15,,213172,38,,,1,55,,213173,38,,,1,15,,213174,38,,,1,15,,213175,38,,,1,15,,213176,38,,,1,55,,213177,38,,,1,15,,213178,38,,,1,14,,213179,38,,,1,7,,213211,14,,,1,8,,213180,38,,,1,6,,213212,14,0,19 20,1,46,,213181,38,,,1,12,,213182,38,,,1,12,,213183,38,,,1,12,,213184,38,,,1,12,,213185,38,,,1,52,,213186,38,,,1,12,,213187,38,,,1,12,,213188,38,,,1,12,,213189,38,,,1,12,,213190,38,,,1,52,,213191,38,,,1,12,,213192,38,,,1,12,,213193,38,,,1,12,,213194,38,,,1,14,,213195,38,,,1,56,,213196,38,,,1,19,,213197,38,,,1,20,,213198,38,,,1,60,,213199,38,,,1,20,,213200,38,,,1,20,,213201,38,,,1,60,,213202,38,,,1,20,,213203,38,,,1,20,,213204,38,,,1,59,,213213,38,,,1,18,,213214,38,,,1,19,,213205,38,,,1,75,,213206,38,,,1,100,,213207,38,,,1,100,,213208,38,,,1
5600,'056-Weekday-2-26-09-1111100',512,,213216,14,0,19 20,1,30,,213217,38,,,1,70,,213218,38,,,1,27,,213219,38,,,1,65,,213220,38,,,1,17,,213221,38,,,1,15,,213222,38,,,1,15,,213223,38,,,1,55,,213224,38,,,1,15,,213215,38,,,1,15,,213225,38,,,1,15,,213226,38,,,1,55,,213227,38,,,1,15,,213228,38,,,1,15,,213229,38,,,1,15,,213230,38,,,1,55,,213231,38,,,1,15,,213232,38,,,1,15,,213233,38,,,1,15,,213234,38,,,1,55,,213235,38,,,1,15,,213236,38,,,1,15,,213237,38,,,1,15,,213238,38,,,1,55,,213239,38,,,1,15,,213240,38,,,1,15,,213241,38,,,1,15,,213242,38,,,1,55,,213243,38,,,1,15,,213244,38,,,1,15,,213245,38,,,1,15,,213246,38,,,1,55,,213247,38,,,1,15,,213248,38,,,1,15,,213249,38,,,1,15,,213250,38,,,1,55,,213251,38,,,1,15,,213252,38,,,1,14,,213253,38,,,1,7,,213285,14,,,1,8,,213254,38,,,1,6,,213286,14,0,19 20,1,46,,213255,38,,,1,12,,213256,38,,,1,12,,213257,38,,,1,12,,213258,38,,,1,12,,213259,38,,,1,52,,213260,38,,,1,12,,213261,38,,,1,12,,213262,38,,,1,12,,213263,38,,,1,12,,213264,38,,,1,52,,213265,38,,,1,12,,213266,38,,,1,12,,213267,38,,,1,12,,213268,38,,,1,14,,213269,38,,,1,56,,213270,38,,,1,19,,213271,38,,,1,20,,213272,38,,,1,60,,213273,38,,,1,20,,213274,38,,,1,20,,213275,38,,,1,60,,213276,38,,,1,20,,213277,38,,,1,20,,213278,38,,,1,59,,213287,38,,,1,18,,213288,38,,,1,19,,213279,38,,,1,75,,213280,38,,,1,100,,213281,38,,,1,100,,213282,38,,,1
5600,'056-Weekday-3-26-09-1111100',512,,256249,14,0,19 20,1,30,,256250,38,,,1,70,,256251,38,,,1,27,,256252,38,,,1,65,,256253,38,,,1,17,,256254,38,,,1,15,,256255,38,,,1,15,,256256,38,,,1,55,,256257,38,,,1,15,,256248,38,,,1,15,,256258,38,,,1,15,,256259,38,,,1,55,,256260,38,,,1,15,,256261,38,,,1,15,,256262,38,,,1,15,,256263,38,,,1,55,,256264,38,,,1,15,,256265,38,,,1,15,,256266,38,,,1,15,,256267,38,,,1,55,,256268,38,,,1,15,,256269,38,,,1,15,,256270,38,,,1,15,,256271,38,,,1,55,,256272,38,,,1,15,,256273,38,,,1,15,,256274,38,,,1,15,,256275,38,,,1,55,,256276,38,,,1,15,,256277,38,,,1,15,,256278,38,,,1,15,,256279,38,,,1,55,,256280,38,,,1,15,,256281,38,,,1,15,,256282,38,,,1,15,,256283,38,,,1,55,,256284,38,,,1,15,,256285,38,,,1,14,,256286,38,,,1,7,,256316,14,,,1,8,,256287,38,,,1,52,,256288,38,,,1,12,,256289,38,,,1,12,,256290,38,,,1,12,,256291,38,,,1,12,,256292,38,,,1,52,,256293,38,,,1,12,,256294,38,,,1,12,,256295,38,,,1,12,,256296,38,,,1,12,,256297,38,,,1,52,,256298,38,,,1,12,,256299,38,,,1,12,,256300,38,,,1,12,,256301,38,,,1,14,,256302,38,,,1,56,,256303,38,,,1,19,,256304,38,,,1,20,,256305,38,,,1,60,,256306,38,,,1,20,,256307,38,,,1,20,,256308,38,,,1,60,,256309,38,,,1,20,,256310,38,,,1,20,,256311,38,,,1,59,,256317,38,,,1,18,,256318,38,,,1,19,,256312,38,,,1,75,,256313,38,,,1,100,,256314,38,,,1,100,,256315,38,,,1
5600,'056-Weekday-4-26-09-1111100',512,,213290,14,0,19 20,1,30,,213291,38,,,1,70,,213292,38,,,1,27,,213293,38,,,1,65,,213294,38,,,1,17,,213295,38,,,1,15,,213296,38,,,1,15,,213297,38,,,1,55,,213298,38,,,1,15,,213289,38,,,1,15,,213299,38,,,1,15,,213300,38,,,1,55,,213301,38,,,1,15,,213302,38,,,1,15,,213303,38,,,1,15,,213304,38,,,1,55,,213305,38,,,1,15,,213306,38,,,1,15,,213307,38,,,1,15,,213308,38,,,1,55,,213309,38,,,1,15,,213310,38,,,1,15,,213311,38,,,1,15,,213312,38,,,1,55,,213313,38,,,1,15,,213314,38,,,1,15,,213315,38,,,1,15,,213316,38,,,1,55,,213317,38,,,1,15,,213318,38,,,1,15,,213319,38,,,1,15,,213320,38,,,1,55,,213321,38,,,1,15,,213322,38,,,1,15,,213323,38,,,1,15,,213324,38,,,1,55,,213325,38,,,1,15,,213326,38,,,1,14,,213327,38,,,1,15,,213328,38,,,1,52,,213329,38,,,1,12,,213330,38,,,1,12,,213331,38,,,1,12,,213332,38,,,1,12,,213333,38,,,1,52,,213334,38,,,1,12,,213335,38,,,1,12,,213336,38,,,1,12,,213337,38,,,1,12,,213338,38,,,1,52,,213339,38,,,1,12,,213340,38,,,1,12,,213341,38,,,1,12,,213342,38,,,1,14,,213343,38,,,1,56,,213344,38,,,1,19,,213345,38,,,1,20,,213346,38,,,1,60,,213347,38,,,1,20,,213348,38,,,1,20,,213349,38,,,1,60,,213350,38,,,1,20,,213351,38,,,1,20,,213352,38,,,1,59,,213357,38,,,1,18,,213358,38,,,1,19,,213353,38,,,1,75,,213354,38,,,1,100,,213355,38,,,1,100,,213356,38,,,1
5600,'056-Weekday-5-26-09-1111100',512,,256320,14,0,19 20,1,30,,256321,38,,,1,70,,256322,38,,,1,27,,256323,38,,,1,65,,256324,38,,,1,17,,256325,38,,,1,15,,256326,38,,,1,15,,256327,38,,,1,55,,256328,38,,,1,15,,256319,38,,,1,15,,256329,38,,,1,15,,256330,38,,,1,55,,256331,38,,,1,15,,256332,38,,,1,15,,256333,38,,,1,15,,256334,38,,,1,55,,256335,38,,,1,15,,256336,38,,,1,15,,256337,38,,,1,15,,256338,38,,,1,55,,256339,38,,,1,15,,256340,38,,,1,15,,256341,38,,,1,15,,256342,38,,,1,55,,256343,38,,,1,15,,256344,38,,,1,15,,256345,38,,,1,15,,256346,38,,,1,55,,256347,38,,,1,15,,256348,38,,,1,15,,256349,38,,,1,15,,256350,38,,,1,55,,256351,38,,,1,15,,256352,38,,,1,15,,256353,38,,,1,15,,256354,38,,,1,55,,256355,38,,,1,15,,256356,38,,,1,14,,256357,38,,,1,15,,256358,38,,,1,52,,256359,38,,,1,12,,256360,38,,,1,12,,256361,38,,,1,12,,256362,38,,,1,12,,256363,38,,,1,52,,256364,38,,,1,12,,256365,38,,,1,12,,256366,38,,,1,12,,256367,38,,,1,12,,256368,38,,,1,52,,256369,38,,,1,12,,256370,38,,,1,12,,256371,38,,,1,12,,256372,38,,,1,14,,256373,38,,,1,56,,256374,38,,,1,19,,256375,38,,,1,20,,256376,38,,,1,60,,256377,38,,,1,20,,256378,38,,,1,20,,256379,38,,,1,60,,256380,38,,,1,20,,256381,38,,,1,20,,256382,38,,,1,59,,256387,38,,,1,18,,256388,38,,,1,19,,256383,38,,,1,75,,256384,38,,,1,100,,256385,38,,,1,100,,256386,38,,,1
5600,'056-Weekday-6-26-09-1111100',512,,256390,14,0,19 20,1,30,,256391,38,,,1,70,,256392,38,,,1,27,,256393,38,,,1,65,,256394,38,,,1,17,,256395,38,,,1,15,,256396,38,,,1,15,,256397,38,,,1,55,,256398,38,,,1,15,,256389,38,,,1,15,,256399,38,,,1,15,,256400,38,,,1,55,,256401,38,,,1,15,,256402,38,,,1,15,,256403,38,,,1,15,,256404,38,,,1,55,,256405,38,,,1,15,,256406,38,,,1,15,,256407,38,,,1,15,,256408,38,,,1,55,,256409,38,,,1,15,,256410,38,,,1,15,,256411,38,,,1,15,,256412,38,,,1,55,,256413,38,,,1,15,,256414,38,,,1,15,,256415,38,,,1,15,,256416,38,,,1,55,,256417,38,,,1,15,,256418,38,,,1,15,,256419,38,,,1,15,,256420,38,,,1,55,,256421,38,,,1,15,,256422,38,,,1,15,,256423,38,,,1,15,,256424,38,,,1,55,,256425,38,,,1,15,,256426,38,,,1,14,,256427,38,,,1,7,,256459,14,,,1,8,,256428,38,,,1,6,,256460,14,0,19 20,1,46,,256429,38,,,1,12,,256430,38,,,1,12,,256431,38,,,1,12,,256432,38,,,1,12,,256433,38,,,1,52,,256434,38,,,1,12,,256435,38,,,1,12,,256436,38,,,1,12,,256437,38,,,1,12,,256438,38,,,1,52,,256439,38,,,1,12,,256440,38,,,1,12,,256441,38,,,1,12,,256442,38,,,1,14,,256443,38,,,1,56,,256444,38,,,1,19,,256445,38,,,1,20,,256446,38,,,1,60,,256447,38,,,1,20,,256448,38,,,1,20,,256449,38,,,1,60,,256450,38,,,1,20,,256451,38,,,1,20,,256452,38,,,1,59,,256461,38,,,1,18,,256462,38,,,1,19,,256453,38,,,1,75,,256454,38,,,1,100,,256455,38,,,1,100,,256456,38,,,1
5600,'056-Weekday-7-26-09-1111100',512,,256464,14,0,19 20,1,30,,256465,38,,,1,70,,256466,38,,,1,27,,256467,38,,,1,65,,256468,38,,,1,17,,256469,38,,,1,15,,256470,38,,,1,15,,256471,38,,,1,55,,256472,38,,,1,15,,256463,38,,,1,15,,256473,38,,,1,15,,256474,38,,,1,55,,256475,38,,,1,15,,256476,38,,,1,15,,256477,38,,,1,15,,256478,38,,,1,55,,256479,38,,,1,15,,256480,38,,,1,15,,256481,38,,,1,15,,256482,38,,,1,55,,256483,38,,,1,15,,256484,38,,,1,15,,256485,38,,,1,15,,256486,38,,,1,55,,256487,38,,,1,15,,256488,38,,,1,15,,256489,38,,,1,15,,256490,38,,,1,55,,256491,38,,,1,15,,256492,38,,,1,15,,256493,38,,,1,15,,256494,38,,,1,55,,256495,38,,,1,15,,256496,38,,,1,15,,256497,38,,,1,15,,256498,38,,,1,55,,256499,38,,,1,15,,256500,38,,,1,14,,256501,38,,,1,15,,256502,38,,,1,52,,256503,38,,,1,12,,256504,38,,,1,12,,256505,38,,,1,12,,256506,38,,,1,12,,256507,38,,,1,52,,256508,38,,,1,12,,256509,38,,,1,12,,256510,38,,,1,12,,256511,38,,,1,12,,256512,38,,,1,52,,256513,38,,,1,12,,256514,38,,,1,12,,256515,38,,,1,12,,256516,38,,,1,14,,256517,38,,,1,56,,256518,38,,,1,19,,256519,38,,,1,20,,256520,38,,,1,60,,256521,38,,,1,20,,256522,38,,,1,20,,256523,38,,,1,60,,256524,38,,,1,20,,256525,38,,,1,20,,256526,38,,,1,59,,256531,38,,,1,18,,256532,38,,,1,19,,256527,38,,,1,75,,256528,38,,,1,100,,256529,38,,,1,100,,256530,38,,,1
5600,'056-Saturday-1-26-09-0000010',557,,213403,38,,,1,70,,213359,38,,,1,30,,213404,38,,,1,70,,213360,38,,,1,30,,213405,38,,,1,70,,213361,38,,,1,15,,213406,38,,,1,16,,213362,38,,,1,56,,213363,38,,,1,17,,213407,38,,,1,17,,213364,38,,,1,55,,213365,38,,,1,14,,213408,38,,,1,14,,213366,38,,,1,14,,213367,38,,,1,14,,213368,38,,,1,55,,213409,38,,,1,15,,213369,38,,,1,15,,213370,38,,,1,15,,213371,38,,,1,55,,213410,38,,,1,15,,213372,38,,,1,15,,213373,38,,,1,15,,213374,38,,,1,55,,213411,38,,,1,15,,213375,38,,,1,15,,213376,38,,,1,15,,213377,38,,,1,55,,213412,38,,,1,15,,213378,38,,,1,15,,213379,38,,,1,15,,213381,38,,,1,55,,213413,38,,,1,15,,213382,38,,,1,15,,213383,38,,,1,15,,213380,38,,,1,55,,213414,38,,,1,15,,213392,38,,,1,15,,213393,38,,,1,15,,213394,38,,,1,55,,213415,38,,,1,14,,213395,38,,,1,14,,213396,38,,,1,16,,213397,38,,,1,55,,213416,38,,,1,15,,213398,38,,,1,15,,213399,38,,,1,15,,213400,38,,,1,55,,213417,38,,,1,15,,213401,38,,,1,15,,213402,38,,,1,60,,213389,38,,,1,20,,213418,38,,,1,20,,213384,38,,,1,60,,213390,38,,,1,20,,213419,38,,,1,20,,213385,38,,,1,60,,213391,38,,,1,20,,213420,38,,,1,20,,213386,38,,,1,70,,213421,38,,,1,30,,213388,38,,,1,70,,213422,38,,,1,30,,213387,38,,,1
5600,'056-Sunday-1-26-09-0000001',544,,213456,38,,,1,70,,213457,38,,,1,30,,213423,38,,,1,70,,213458,38,,,1,30,,213424,38,,,1,70,,213459,38,,,1,27,,213425,38,,,1,68,,213454,38,,,1,15,,213460,38,,,1,16,,213426,38,,,1,15,,213455,38,,,1,55,,213461,38,,,1,15,,213427,38,,,1,15,,213450,38,,,1,15,,213462,38,,,1,55,,213428,38,,,1,15,,213429,38,,,1,15,,213463,38,,,1,15,,213430,38,,,1,55,,213431,38,,,1,15,,213464,38,,,1,15,,213432,38,,,1,15,,213433,38,,,1,55,,213465,38,,,1,15,,213434,38,,,1,15,,213435,38,,,1,15,,213466,38,,,1,55,,213436,38,,,1,15,,213437,38,,,1,15,,213467,38,,,1,15,,213438,38,,,1,55,,213439,38,,,1,15,,213468,38,,,1,15,,213440,38,,,1,15,,213441,38,,,1,55,,213469,38,,,1,15,,213442,38,,,1,15,,213443,38,,,1,15,,213470,38,,,1,54,,213476,38,,,1,14,,213477,38,,,1,14,,213478,38,,,1,15,,213479,38,,,1,54,,213480,38,,,1,14,,213481,38,,,1,13,,213482,38,,,1,14,,213483,38,,,1,55,,213484,38,,,1,13,,213485,38,,,1,15,,213486,38,,,1,18,,213444,38,,,1,61,,213451,38,,,1,19,,213471,38,,,1,20,,213445,38,,,1,60,,213452,38,,,1,20,,213472,38,,,1,20,,213447,38,,,1,60,,213453,38,,,1,19,,213473,38,,,1,19,,213448,38,,,1,67,,213474,38,,,1,30,,213446,38,,,1,70,,213475,38,,,1,30,,213449,38,,,1
51800,'518-Weekday-1-26-09-1111100',525,,224859,6,,,1,30,,224860,6,,,1,70,,224894,6,,,1,15,,224861,6,,,1,12,,224862,6,,,1,52,,224896,6,,,1,12,,224863,6,,,1,3,,224907,6,,,1,15,,224864,6,,,1,12,,224865,6,,,1,12,,224866,6,,,1,52,,224897,6,,,1,12,,224867,6,,,1,12,,224868,6,,,1,12,,224905,6,,,1,12,,224908,6,,,1,67,,224900,6,,,1,30,,224869,6,,,1,70,,224870,6,,,1,30,,224871,6,,,1,70,,224872,6,,,1,30,,224873,6,,,1,70,,224874,6,,,1,30,,224875,6,,,1,70,,224876,6,,,1,30,,224877,6,,,1,70,,224878,6,,,1,31,,224901,6,,,1,60,,224879,6,,,1,12,,224880,6,,,1,12,,224881,6,,,1,12,,224898,6,,,1,52,,224882,6,,,1,12,,224883,6,,,1,12,,224884,6,,,1,12,,224885,6,,,1,12,,224899,6,,,1,52,,224886,6,,,1,12,,224887,6,,,1,12,,224909,6,,,1,12,,224910,6,,,1,12,,224911,6,,,1,52,,224906,6,,,1,26,,224888,6,,,1,25,,224889,6,,,1,70,,224890,6,,,1,30,,224891,6,,,1,70,,224902,6,,,1,30,,224903,6,,,1,70,,224904,6,,,1,30,,224895,6,,,1,85,,224893,6,,,1,100,,224892,6,,,1
51800,'518-Weekday-2-26-09-1111100',525,,224912,6,,,1,30,,224913,6,,,1,70,,224947,6,,,1,15,,224914,6,,,1,12,,224915,6,,,1,52,,224949,6,,,1,12,,224916,6,,,1,3,,224960,6,,,1,15,,224917,6,,,1,12,,224918,6,,,1,12,,224919,6,,,1,52,,224950,6,,,1,12,,224920,6,,,1,12,,224921,6,,,1,12,,224958,6,,,1,12,,224961,6,,,1,67,,224953,6,,,1,30,,224922,6,,,1,70,,224923,6,,,1,30,,224924,6,,,1,70,,224925,6,,,1,30,,224926,6,,,1,70,,224927,6,,,1,30,,224928,6,,,1,70,,224929,6,,,1,30,,224930,6,,,1,70,,224931,6,,,1,31,,224954,6,,,1,60,,224932,6,,,1,12,,224933,6,,,1,12,,224934,6,,,1,12,,224951,6,,,1,52,,224935,6,,,1,12,,224936,6,,,1,12,,224937,6,,,1,12,,224938,6,,,1,12,,224952,6,,,1,52,,224939,6,,,1,12,,224940,6,,,1,12,,224962,6,,,1,12,,224963,6,,,1,12,,224964,6,,,1,52,,224959,6,,,1,26,,224941,6,,,1,25,,224942,6,,,1,70,,224943,6,,,1,30,,224944,6,,,1,70,,224955,6,,,1,30,,224956,6,,,1,70,,224957,6,,,1,30,,224948,6,,,1,85,,224946,6,,,1,100,,224945,6,,,1
51800,'518-Weekday-3-26-09-1111100',525,,267923,6,,,1,30,,267924,6,,,1,70,,267958,6,,,1,15,,267925,6,,,1,12,,267926,6,,,1,52,,267960,6,,,1,12,,267927,6,,,1,3,,267971,6,,,1,15,,267928,6,,,1,12,,267929,6,,,1,12,,267930,6,,,1,52,,267961,6,,,1,12,,267931,6,,,1,12,,267932,6,,,1,12,,267969,6,,,1,12,,267972,6,,,1,67,,267964,6,,,1,30,,267933,6,,,1,70,,267934,6,,,1,30,,267935,6,,,1,70,,267936,6,,,1,30,,267937,6,,,1,70,,267938,6,,,1,30,,267939,6,,,1,70,,267940,6,,,1,30,,267941,6,,,1,70,,267942,6,,,1,31,,267965,6,,,1,60,,267943,6,,,1,12,,267944,6,,,1,12,,267945,6,,,1,12,,267962,6,,,1,52,,267946,6,,,1,12,,267947,6,,,1,12,,267948,6,,,1,12,,267949,6,,,1,12,,267963,6,,,1,52,,267950,6,,,1,12,,267951,6,,,1,12,,267973,6,,,1,12,,267974,6,,,1,12,,267975,6,,,1,52,,267970,6,,,1,26,,267952,6,,,1,25,,267953,6,,,1,70,,267954,6,,,1,30,,267955,6,,,1,70,,267966,6,,,1,30,,267967,6,,,1,70,,267968,6,,,1,30,,267959,6,,,1,85,,267957,6,,,1,100,,267956,6,,,1
51800,'518-Weekday-4-26-09-1111100',525,,224965,6,,,1,30,,224966,6,,,1,70,,225000,6,,,1,15,,224967,6,,,1,12,,224968,6,,,1,52,,225002,6,,,1,12,,224969,6,,,1,18,,224970,6,,,1,12,,224971,6,,,1,12,,224972,6,,,1,52,,225003,6,,,1,12,,224973,6,,,1,12,,224974,6,,,1,12,,225011,6,,,1,12,,225013,6,,,1,67,,225006,6,,,1,30,,224975,6,,,1,70,,224976,6,,,1,30,,224977,6,,,1,70,,224978,6,,,1,30,,224979,6,,,1,70,,224980,6,,,1,30,,224981,6,,,1,70,,224982,6,,,1,30,,224983,6,,,1,70,,224984,6,,,1,31,,225007,6,,,1,60,,224985,6,,,1,12,,224986,6,,,1,12,,224987,6,,,1,12,,225004,6,,,1,52,,224988,6,,,1,12,,224989,6,,,1,12,,224990,6,,,1,12,,224991,6,,,1,12,,225005,6,,,1,52,,224992,6,,,1,12,,224993,6,,,1,12,,225014,6,,,1,12,,225015,6,,,1,12,,225016,6,,,1,52,,225012,6,,,1,26,,224994,6,,,1,25,,224995,6,,,1,70,,224996,6,,,1,30,,224997,6,,,1,70,,225008,6,,,1,30,,225009,6,,,1,70,,225010,6,,,1,30,,225001,6,,,1,85,,224999,6,,,1,100,,224998,6,,,1
51800,'518-Weekday-5-26-09-1111100',525,,267976,6,,,1,30,,267977,6,,,1,70,,268011,6,,,1,15,,267978,6,,,1,12,,267979,6,,,1,52,,268013,6,,,1,12,,267980,6,,,1,18,,267981,6,,,1,12,,267982,6,,,1,12,,267983,6,,,1,52,,268014,6,,,1,12,,267984,6,,,1,12,,267985,6,,,1,12,,268022,6,,,1,12,,268024,6,,,1,67,,268017,6,,,1,30,,267986,6,,,1,70,,267987,6,,,1,30,,267988,6,,,1,70,,267989,6,,,1,30,,267990,6,,,1,70,,267991,6,,,1,30,,267992,6,,,1,70,,267993,6,,,1,30,,267994,6,,,1,70,,267995,6,,,1,31,,268018,6,,,1,60,,267996,6,,,1,12,,267997,6,,,1,12,,267998,6,,,1,12,,268015,6,,,1,52,,267999,6,,,1,12,,268000,6,,,1,12,,268001,6,,,1,12,,268002,6,,,1,12,,268016,6,,,1,52,,268003,6,,,1,12,,268004,6,,,1,12,,268025,6,,,1,12,,268026,6,,,1,12,,268027,6,,,1,52,,268023,6,,,1,26,,268005,6,,,1,25,,268006,6,,,1,70,,268007,6,,,1,30,,268008,6,,,1,70,,268019,6,,,1,30,,268020,6,,,1,70,,268021,6,,,1,30,,268012,6,,,1,85,,268010,6,,,1,100,,268009,6,,,1
51800,'518-Weekday-6-26-09-1111100',525,,268028,6,,,1,30,,268029,6,,,1,70,,268063,6,,,1,15,,268030,6,,,1,12,,268031,6,,,1,52,,268065,6,,,1,12,,268032,6,,,1,3,,268076,6,,,1,15,,268033,6,,,1,12,,268034,6,,,1,12,,268035,6,,,1,52,,268066,6,,,1,12,,268036,6,,,1,12,,268037,6,,,1,12,,268074,6,,,1,12,,268077,6,,,1,67,,268069,6,,,1,30,,268038,6,,,1,70,,268039,6,,,1,30,,268040,6,,,1,70,,268041,6,,,1,30,,268042,6,,,1,70,,268043,6,,,1,30,,268044,6,,,1,70,,268045,6,,,1,30,,268046,6,,,1,70,,268047,6,,,1,31,,268070,6,,,1,60,,268048,6,,,1,12,,268049,6,,,1,12,,268050,6,,,1,12,,268067,6,,,1,52,,268051,6,,,1,12,,268052,6,,,1,12,,268053,6,,,1,12,,268054,6,,,1,12,,268068,6,,,1,52,,268055,6,,,1,12,,268056,6,,,1,12,,268078,6,,,1,12,,268079,6,,,1,12,,268080,6,,,1,52,,268075,6,,,1,26,,268057,6,,,1,25,,268058,6,,,1,70,,268059,6,,,1,30,,268060,6,,,1,70,,268071,6,,,1,30,,268072,6,,,1,70,,268073,6,,,1,30,,268064,6,,,1,85,,268062,6,,,1,100,,268061,6,,,1
51800,'518-Weekday-7-26-09-1111100',525,,268081,6,,,1,30,,268082,6,,,1,70,,268116,6,,,1,15,,268083,6,,,1,12,,268084,6,,,1,52,,268118,6,,,1,12,,268085,6,,,1,18,,268086,6,,,1,12,,268087,6,,,1,12,,268088,6,,,1,52,,268119,6,,,1,12,,268089,6,,,1,12,,268090,6,,,1,12,,268127,6,,,1,12,,268129,6,,,1,67,,268122,6,,,1,30,,268091,6,,,1,70,,268092,6,,,1,30,,268093,6,,,1,70,,268094,6,,,1,30,,268095,6,,,1,70,,268096,6,,,1,30,,268097,6,,,1,70,,268098,6,,,1,30,,268099,6,,,1,70,,268100,6,,,1,31,,268123,6,,,1,60,,268101,6,,,1,12,,268102,6,,,1,12,,268103,6,,,1,12,,268120,6,,,1,52,,268104,6,,,1,12,,268105,6,,,1,12,,268106,6,,,1,12,,268107,6,,,1,12,,268121,6,,,1,52,,268108,6,,,1,12,,268109,6,,,1,12,,268130,6,,,1,12,,268131,6,,,1,12,,268132,6,,,1,52,,268128,6,,,1,26,,268110,6,,,1,25,,268111,6,,,1,70,,268112,6,,,1,30,,268113,6,,,1,70,,268124,6,,,1,30,,268125,6,,,1,70,,268126,6,,,1,30,,268117,6,,,1,85,,268115,6,,,1,100,,268114,6,,,1
51800,'518-Saturday-1-26-09-0000010',618,,225018,6,,,1,100,,225019,6,,,1,100,,225020,6,,,1,30,,225021,6,,,1,71,,225022,6,,,1,32,,225023,6,,,1,70,,225024,6,,,1,30,,225025,6,,,1,70,,225026,6,,,1,30,,225027,6,,,1,70,,225028,6,,,1,30,,225029,6,,,1,70,,225030,6,,,1,30,,225031,6,,,1,70,,225032,6,,,1,30,,225033,6,,,1,70,,225034,6,,,1,30,,225035,6,,,1,70,,225036,6,,,1,30,,225037,6,,,1,69,,225038,6,,,1,29,,225039,6,,,1,70,,225040,6,,,1,30,,225041,6,,,1,70,,225017,6,,,1,30,,225047,6,,,1,70,,225042,6,,,1,30,,225048,6,,,1,70,,225043,6,,,1,30,,225049,6,,,1,70,,225044,6,,,1,100,,225045,6,,,1,100,,225046,6,,,1
51800,'518-Sunday-1-26-09-0000001',618,,225071,6,,,1,100,,225072,6,,,1,100,,225073,6,,,1,101,,225074,6,,,1,85,,225050,6,,,1,30,,225051,6,,,1,70,,225052,6,,,1,30,,225053,6,,,1,70,,225054,6,,,1,30,,225055,6,,,1,70,,225056,6,,,1,30,,225057,6,,,1,70,,225058,6,,,1,30,,225059,6,,,1,70,,225060,6,,,1,30,,225061,6,,,1,70,,225062,6,,,1,30,,225063,6,,,1,69,,225064,6,,,1,30,,225065,6,,,1,70,,225066,6,,,1,30,,225067,6,,,1,85,,225068,6,,,1,100,,225069,6,,,1,100,,225070,6,,,1,100,,225075,6,,,1,100,,225076,6,,,1
51900,'519-Weekday-1-26-09-1111100',540,,225295,6,,,1,70,,225296,6,,,1,15,,225297,6,,,1,15,,225298,6,,,1,15,,225299,6,,,1,55,,225300,6,,,1,15,,225301,6,,,1,15,,225302,6,,,1,15,,225303,6,,,1,55,,225304,6,,,1,15,,225305,6,,,1,15,,225341,6,,,1,70,,225306,6,,,1,30,,225307,6,,,1,70,,225308,6,,,1,30,,225309,6,,,1,70,,225310,6,,,1,30,,225311,6,,,1,70,,225312,6,,,1,30,,225313,6,,,1,70,,225314,6,,,1,30,,225315,6,,,1,70,,225316,6,,,1,30,,225317,6,,,1,70,,225318,6,,,1,15,,225319,6,,,1,15,,225320,6,,,1,18,,225321,6,,,1,55,,225322,6,,,1,15,,225323,6,,,1,15,,225324,6,,,1,15,,225325,6,,,1,55,,225326,6,,,1,15,,225327,6,,,1,15,,225328,6,,,1,15,,225329,6,,,1,55,,225330,6,,,1,29,,225331,6,,,1,68,,225332,6,,,1,30,,225333,6,,,1,70,,225334,6,,,1,30,,225335,6,,,1,70,,225336,6,,,1,30,,225337,6,,,1,70,,225338,6,,,1,100,,225339,6,,,1,100,,225340,6,,,1
51900,'519-Weekday-2-26-09-1111100',540,,225342,6,,,1,70,,225343,6,,,1,15,,225344,6,,,1,15,,225345,6,,,1,15,,225346,6,,,1,55,,225347,6,,,1,15,,225348,6,,,1,15,,225349,6,,,1,15,,225350,6,,,1,55,,225351,6,,,1,15,,225352,6,,,1,15,,225388,6,,,1,70,,225353,6,,,1,30,,225354,6,,,1,70,,225355,6,,,1,30,,225356,6,,,1,70,,225357,6,,,1,30,,225358,6,,,1,70,,225359,6,,,1,30,,225360,6,,,1,70,,225361,6,,,1,30,,225362,6,,,1,70,,225363,6,,,1,30,,225364,6,,,1,70,,225365,6,,,1,15,,225366,6,,,1,15,,225367,6,,,1,18,,225368,6,,,1,55,,225369,6,,,1,15,,225370,6,,,1,15,,225371,6,,,1,15,,225372,6,,,1,55,,225373,6,,,1,15,,225374,6,,,1,15,,225375,6,,,1,15,,225376,6,,,1,55,,225377,6,,,1,29,,225378,6,,,1,68,,225379,6,,,1,30,,225380,6,,,1,70,,225381,6,,,1,30,,225382,6,,,1,70,,225383,6,,,1,30,,225384,6,,,1,70,,225385,6,,,1,100,,225386,6,,,1,100,,225387,6,,,1
51900,'519-Weekday-3-26-09-1111100',540,,268343,6,,,1,70,,268344,6,,,1,15,,268345,6,,,1,15,,268346,6,,,1,15,,268347,6,,,1,55,,268348,6,,,1,15,,268349,6,,,1,15,,268350,6,,,1,15,,268351,6,,,1,55,,268352,6,,,1,15,,268353,6,,,1,15,,268389,6,,,1,70,,268354,6,,,1,30,,268355,6,,,1,70,,268356,6,,,1,30,,268357,6,,,1,70,,268358,6,,,1,30,,268359,6,,,1,70,,268360,6,,,1,30,,268361,6,,,1,70,,268362,6,,,1,30,,268363,6,,,1,70,,268364,6,,,1,30,,268365,6,,,1,70,,268366,6,,,1,15,,268367,6,,,1,15,,268368,6,,,1,18,,268369,6,,,1,55,,268370,6,,,1,15,,268371,6,,,1,15,,268372,6,,,1,15,,268373,6,,,1,55,,268374,6,,,1,15,,268375,6,,,1,15,,268376,6,,,1,15,,268377,6,,,1,55,,268378,6,,,1,29,,268379,6,,,1,68,,268380,6,,,1,30,,268381,6,,,1,70,,268382,6,,,1,30,,268383,6,,,1,70,,268384,6,,,1,30,,268385,6,,,1,70,,268386,6,,,1,100,,268387,6,,,1,100,,268388,6,,,1
51900,'519-Weekday-4-26-09-1111100',540,,225389,6,,,1,70,,225390,6,,,1,15,,225391,6,,,1,15,,225392,6,,,1,15,,225393,6,,,1,55,,225394,6,,,1,15,,225395,6,,,1,15,,225396,6,,,1,15,,225397,6,,,1,55,,225398,6,,,1,15,,225399,6,,,1,15,,225435,6,,,1,70,,225400,6,,,1,30,,225401,6,,,1,70,,225402,6,,,1,30,,225403,6,,,1,70,,225404,6,,,1,30,,225405,6,,,1,70,,225406,6,,,1,30,,225407,6,,,1,70,,225408,6,,,1,30,,225409,6,,,1,70,,225410,6,,,1,30,,225411,6,,,1,70,,225412,6,,,1,15,,225413,6,,,1,15,,225414,6,,,1,18,,225415,6,,,1,55,,225416,6,,,1,15,,225417,6,,,1,15,,225418,6,,,1,15,,225419,6,,,1,55,,225420,6,,,1,15,,225421,6,,,1,15,,225422,6,,,1,15,,225423,6,,,1,55,,225424,6,,,1,29,,225425,6,,,1,68,,225426,6,,,1,30,,225427,6,,,1,70,,225428,6,,,1,30,,225429,6,,,1,70,,225430,6,,,1,30,,225431,6,,,1,70,,225432,6,,,1,100,,225433,6,,,1,100,,225434,6,,,1
51900,'519-Weekday-5-26-09-1111100',540,,268390,6,,,1,70,,268391,6,,,1,15,,268392,6,,,1,15,,268393,6,,,1,15,,268394,6,,,1,55,,268395,6,,,1,15,,268396,6,,,1,15,,268397,6,,,1,15,,268398,6,,,1,55,,268399,6,,,1,15,,268400,6,,,1,15,,268436,6,,,1,70,,268401,6,,,1,30,,268402,6,,,1,70,,268403,6,,,1,30,,268404,6,,,1,70,,268405,6,,,1,30,,268406,6,,,1,70,,268407,6,,,1,30,,268408,6,,,1,70,,268409,6,,,1,30,,268410,6,,,1,70,,268411,6,,,1,30,,268412,6,,,1,70,,268413,6,,,1,15,,268414,6,,,1,15,,268415,6,,,1,18,,268416,6,,,1,55,,268417,6,,,1,15,,268418,6,,,1,15,,268419,6,,,1,15,,268420,6,,,1,55,,268421,6,,,1,15,,268422,6,,,1,15,,268423,6,,,1,15,,268424,6,,,1,55,,268425,6,,,1,29,,268426,6,,,1,68,,268427,6,,,1,30,,268428,6,,,1,70,,268429,6,,,1,30,,268430,6,,,1,70,,268431,6,,,1,30,,268432,6,,,1,70,,268433,6,,,1,100,,268434,6,,,1,100,,268435,6,,,1
51900,'519-Weekday-6-26-09-1111100',540,,268437,6,,,1,70,,268438,6,,,1,15,,268439,6,,,1,15,,268440,6,,,1,15,,268441,6,,,1,55,,268442,6,,,1,15,,268443,6,,,1,15,,268444,6,,,1,15,,268445,6,,,1,55,,268446,6,,,1,15,,268447,6,,,1,15,,268483,6,,,1,70,,268448,6,,,1,30,,268449,6,,,1,70,,268450,6,,,1,30,,268451,6,,,1,70,,268452,6,,,1,30,,268453,6,,,1,70,,268454,6,,,1,30,,268455,6,,,1,70,,268456,6,,,1,30,,268457,6,,,1,70,,268458,6,,,1,30,,268459,6,,,1,70,,268460,6,,,1,15,,268461,6,,,1,15,,268462,6,,,1,18,,268463,6,,,1,55,,268464,6,,,1,15,,268465,6,,,1,15,,268466,6,,,1,15,,268467,6,,,1,55,,268468,6,,,1,15,,268469,6,,,1,15,,268470,6,,,1,15,,268471,6,,,1,55,,268472,6,,,1,29,,268473,6,,,1,68,,268474,6,,,1,30,,268475,6,,,1,70,,268476,6,,,1,30,,268477,6,,,1,70,,268478,6,,,1,30,,268479,6,,,1,70,,268480,6,,,1,100,,268481,6,,,1,100,,268482,6,,,1
51900,'519-Weekday-7-26-09-1111100',540,,268484,6,,,1,70,,268485,6,,,1,15,,268486,6,,,1,15,,268487,6,,,1,15,,268488,6,,,1,55,,268489,6,,,1,15,,268490,6,,,1,15,,268491,6,,,1,15,,268492,6,,,1,55,,268493,6,,,1,15,,268494,6,,,1,15,,268530,6,,,1,70,,268495,6,,,1,30,,268496,6,,,1,70,,268497,6,,,1,30,,268498,6,,,1,70,,268499,6,,,1,30,,268500,6,,,1,70,,268501,6,,,1,30,,268502,6,,,1,70,,268503,6,,,1,30,,268504,6,,,1,70,,268505,6,,,1,30,,268506,6,,,1,70,,268507,6,,,1,15,,268508,6,,,1,15,,268509,6,,,1,18,,268510,6,,,1,55,,268511,6,,,1,15,,268512,6,,,1,15,,268513,6,,,1,15,,268514,6,,,1,55,,268515,6,,,1,15,,268516,6,,,1,15,,268517,6,,,1,15,,268518,6,,,1,55,,268519,6,,,1,29,,268520,6,,,1,68,,268521,6,,,1,30,,268522,6,,,1,70,,268523,6,,,1,30,,268524,6,,,1,70,,268525,6,,,1,30,,268526,6,,,1,70,,268527,6,,,1,100,,268528,6,,,1,100,,268529,6,,,1
51900,'519-Saturday-1-26-09-0000010',547,,225437,6,,,1,100,,225436,6,,,1,100,,225438,6,,,1,85,,225439,6,,,1,70,,225440,6,,,1,31,,225441,6,,,1,71,,225442,6,,,1,30,,225443,6,,,1,70,,225444,6,,,1,30,,225445,6,,,1,70,,225446,6,,,1,30,,225447,6,,,1,70,,225448,6,,,1,30,,225449,6,,,1,70,,225450,6,,,1,30,,225451,6,,,1,70,,225452,6,,,1,30,,225453,6,,,1,70,,225454,6,,,1,30,,225455,6,,,1,70,,225456,6,,,1,28,,225457,6,,,1,70,,225458,6,,,1,30,,225459,6,,,1,78,,225460,6,,,1,92,,225461,6,,,1,100,,225462,6,,,1,100,,225463,6,,,1,100,,225464,6,,,1,100,,225465,6,,,1
51900,'519-Sunday-1-26-09-0000001',547,,225466,6,,,1,100,,225467,6,,,1,100,,225468,6,,,1,100,,225469,6,,,1,100,,225470,6,,,1,70,,225471,6,,,1,30,,225472,6,,,1,70,,225473,6,,,1,30,,225474,6,,,1,70,,225475,6,,,1,30,,225476,6,,,1,70,,225477,6,,,1,30,,225478,6,,,1,70,,225479,6,,,1,30,,225480,6,,,1,70,,225481,6,,,1,30,,225482,6,,,1,70,,225483,6,,,1,30,,225484,6,,,1,70,,225485,6,,,1,30,,225486,6,,,1,70,,225487,6,,,1,30,,225488,6,,,1,100,,225489,6,,,1,100,,225490,6,,,1,100,,225491,6,,,1,100,,225492,6,,,1,100,,225493,6,,,1
66000,'660-Weekday-1-26-09-1111100',743,,227707,6,,,1,10,,227708,6,,,1,4,,227709,6,,,1
66000,'660-Weekday-4-26-09-1111100',743,,270505,6,,,1,10,,270506,6,,,1,4,,270507,6,,,1
66000,'660-Weekday-7-26-09-1111100',743,,270508,6,,,1,10,,270509,6,,,1,4,,270510,6,,,1
70501,'705-Weekday-1-26-09-1111100',606,,229553,20,,,1,33,,229564,20,,,1,62,,229587,20,,,1,22,,229562,20,,,1,20,,229563,20,,,1,60,,229589,20,,,1,20,,229565,20,,,1,20,,229575,20,,,1,60,,229590,20,,,1,20,,229584,20,,,1,29,,229579,20,,,1,70,,229554,20,,,1,30,,229555,20,,,1,70,,229556,20,,,1,30,,229557,20,,,1,70,,229558,20,,,1,30,,229559,20,,,1,70,,229560,20,,,1,30,,229561,20,,,1,70,,229588,20,,,1,30,,229591,20,,,1,63,,229585,20,,,1,20,,229586,20,,,1,20,,229566,20,,,1,60,,229567,20,,,1,20,,229568,20,,,1,20,,229592,20,,,1,60,,229569,20,,,1,20,,229578,20,,,1,20,,229593,20,,,1,62,,229570,20,,,1,27,,229571,20,,,1,70,,229572,20,,,1,30,,229580,20,,,1,70,,229581,20,,,1,30,,229582,20,,,1,70,,229583,20,,,1,30,,229576,20,,,1,67,,229577,20,,,1,30,,229573,20,,,1,100,,229574,20,,,1
70501,'705-Weekday-2-26-09-1111100',606,,229594,20,,,1,33,,229605,20,,,1,62,,229628,20,,,1,22,,229603,20,,,1,20,,229604,20,,,1,60,,229630,20,,,1,20,,229606,20,,,1,20,,229616,20,,,1,60,,229631,20,,,1,20,,229625,20,,,1,29,,229620,20,,,1,70,,229595,20,,,1,30,,229596,20,,,1,70,,229597,20,,,1,30,,229598,20,,,1,70,,229599,20,,,1,30,,229600,20,,,1,70,,229601,20,,,1,30,,229602,20,,,1,70,,229629,20,,,1,30,,229632,20,,,1,63,,229626,20,,,1,20,,229627,20,,,1,20,,229607,20,,,1,60,,229608,20,,,1,20,,229609,20,,,1,20,,229633,20,,,1,60,,229610,20,,,1,20,,229619,20,,,1,20,,229634,20,,,1,62,,229611,20,,,1,27,,229612,20,,,1,70,,229613,20,,,1,30,,229621,20,,,1,70,,229622,20,,,1,30,,229623,20,,,1,70,,229624,20,,,1,30,,229617,20,,,1,67,,229618,20,,,1,30,,229614,20,,,1,100,,229615,20,,,1
70501,'705-Weekday-3-26-09-1111100',606,,272276,20,,,1,33,,272287,20,,,1,62,,272310,20,,,1,22,,272285,20,,,1,20,,272286,20,,,1,60,,272312,20,,,1,20,,272288,20,,,1,20,,272298,20,,,1,60,,272313,20,,,1,20,,272307,20,,,1,29,,272302,20,,,1,70,,272277,20,,,1,30,,272278,20,,,1,70,,272279,20,,,1,30,,272280,20,,,1,70,,272281,20,,,1,30,,272282,20,,,1,70,,272283,20,,,1,30,,272284,20,,,1,70,,272311,20,,,1,30,,272314,20,,,1,63,,272308,20,,,1,20,,272309,20,,,1,20,,272289,20,,,1,60,,272290,20,,,1,20,,272291,20,,,1,20,,272315,20,,,1,60,,272292,20,,,1,20,,272301,20,,,1,20,,272316,20,,,1,62,,272293,20,,,1,27,,272294,20,,,1,70,,272295,20,,,1,30,,272303,20,,,1,70,,272304,20,,,1,30,,272305,20,,,1,70,,272306,20,,,1,30,,272299,20,,,1,67,,272300,20,,,1,30,,272296,20,,,1,100,,272297,20,,,1
70501,'705-Weekday-4-26-09-1111100',606,,229635,20,,,1,33,,229646,20,,,1,62,,229669,20,,,1,22,,229644,20,,,1,20,,229645,20,,,1,60,,229671,20,,,1,20,,229647,20,,,1,20,,229657,20,,,1,60,,229672,20,,,1,20,,229666,20,,,1,29,,229661,20,,,1,70,,229636,20,,,1,30,,229637,20,,,1,70,,229638,20,,,1,30,,229639,20,,,1,70,,229640,20,,,1,30,,229641,20,,,1,70,,229642,20,,,1,30,,229643,20,,,1,70,,229670,20,,,1,30,,229673,20,,,1,63,,229667,20,,,1,20,,229668,20,,,1,20,,229648,20,,,1,60,,229649,20,,,1,20,,229650,20,,,1,20,,229674,20,,,1,60,,229651,20,,,1,20,,229660,20,,,1,20,,229675,20,,,1,62,,229652,20,,,1,27,,229653,20,,,1,70,,229654,20,,,1,30,,229662,20,,,1,70,,229663,20,,,1,30,,229664,20,,,1,70,,229665,20,,,1,30,,229658,20,,,1,67,,229659,20,,,1,30,,229655,20,,,1,100,,229656,20,,,1
70501,'705-Weekday-5-26-09-1111100',606,,272317,20,,,1,33,,272328,20,,,1,62,,272351,20,,,1,22,,272326,20,,,1,20,,272327,20,,,1,60,,272353,20,,,1,20,,272329,20,,,1,20,,272339,20,,,1,60,,272354,20,,,1,20,,272348,20,,,1,29,,272343,20,,,1,70,,272318,20,,,1,30,,272319,20,,,1,70,,272320,20,,,1,30,,272321,20,,,1,70,,272322,20,,,1,30,,272323,20,,,1,70,,272324,20,,,1,30,,272325,20,,,1,70,,272352,20,,,1,30,,272355,20,,,1,63,,272349,20,,,1,20,,272350,20,,,1,20,,272330,20,,,1,60,,272331,20,,,1,20,,272332,20,,,1,20,,272356,20,,,1,60,,272333,20,,,1,20,,272342,20,,,1,20,,272357,20,,,1,62,,272334,20,,,1,27,,272335,20,,,1,70,,272336,20,,,1,30,,272344,20,,,1,70,,272345,20,,,1,30,,272346,20,,,1,70,,272347,20,,,1,30,,272340,20,,,1,67,,272341,20,,,1,30,,272337,20,,,1,100,,272338,20,,,1
70501,'705-Weekday-6-26-09-1111100',606,,272358,20,,,1,33,,272369,20,,,1,62,,272392,20,,,1,22,,272367,20,,,1,20,,272368,20,,,1,60,,272394,20,,,1,20,,272370,20,,,1,20,,272380,20,,,1,60,,272395,20,,,1,20,,272389,20,,,1,29,,272384,20,,,1,70,,272359,20,,,1,30,,272360,20,,,1,70,,272361,20,,,1,30,,272362,20,,,1,70,,272363,20,,,1,30,,272364,20,,,1,70,,272365,20,,,1,30,,272366,20,,,1,70,,272393,20,,,1,30,,272396,20,,,1,63,,272390,20,,,1,20,,272391,20,,,1,20,,272371,20,,,1,60,,272372,20,,,1,20,,272373,20,,,1,20,,272397,20,,,1,60,,272374,20,,,1,20,,272383,20,,,1,20,,272398,20,,,1,62,,272375,20,,,1,27,,272376,20,,,1,70,,272377,20,,,1,30,,272385,20,,,1,70,,272386,20,,,1,30,,272387,20,,,1,70,,272388,20,,,1,30,,272381,20,,,1,67,,272382,20,,,1,30,,272378,20,,,1,100,,272379,20,,,1
70501,'705-Weekday-7-26-09-1111100',606,,272399,20,,,1,33,,272410,20,,,1,62,,272433,20,,,1,22,,272408,20,,,1,20,,272409,20,,,1,60,,272435,20,,,1,20,,272411,20,,,1,20,,272421,20,,,1,60,,272436,20,,,1,20,,272430,20,,,1,29,,272425,20,,,1,70,,272400,20,,,1,30,,272401,20,,,1,70,,272402,20,,,1,30,,272403,20,,,1,70,,272404,20,,,1,30,,272405,20,,,1,70,,272406,20,,,1,30,,272407,20,,,1,70,,272434,20,,,1,30,,272437,20,,,1,63,,272431,20,,,1,20,,272432,20,,,1,20,,272412,20,,,1,60,,272413,20,,,1,20,,272414,20,,,1,20,,272438,20,,,1,60,,272415,20,,,1,20,,272424,20,,,1,20,,272439,20,,,1,62,,272416,20,,,1,27,,272417,20,,,1,70,,272418,20,,,1,30,,272426,20,,,1,70,,272427,20,,,1,30,,272428,20,,,1,70,,272429,20,,,1,30,,272422,20,,,1,67,,272423,20,,,1,30,,272419,20,,,1,100,,272420,20,,,1
70501,'705-Saturday-1-26-09-0000010',623,,229676,20,,,1,100,,229690,20,,,1,98,,229677,20,,,1,30,,229691,20,,,1,73,,229678,20,,,1,30,,229692,20,,,1,70,,229679,20,,,1,30,,229693,20,,,1,70,,229680,20,,,1,30,,229694,20,,,1,70,,229681,20,,,1,30,,229695,20,,,1,70,,229682,20,,,1,30,,229696,20,,,1,70,,229683,20,,,1,30,,229697,20,,,1,70,,229684,20,,,1,30,,229698,20,,,1,70,,229685,20,,,1,30,,229699,20,,,1,69,,229700,20,,,1,30,,229686,20,,,1,70,,229701,20,,,1,30,,229687,20,,,1,72,,229702,20,,,1,100,,229688,20,,,1,100,,229703,20,,,1,100,,229689,20,,,1,100,,229704,20,,,1
70501,'705-Sunday-1-26-09-0000001',818,,229705,20,,,1,103,,229717,20,,,1,100,,229706,20,,,1,30,,229718,20,,,1,70,,229707,20,,,1,30,,229719,20,,,1,70,,229708,20,,,1,30,,229720,20,,,1,70,,229709,20,,,1,30,,229721,20,,,1,70,,229710,20,,,1,30,,229722,20,,,1,70,,229711,20,,,1,30,,229723,20,,,1,70,,229712,20,,,1,30,,229724,20,,,1,68,,229713,20,,,1,30,,229725,20,,,1,70,,229714,20,,,1,30,,229726,20,,,1,70,,229715,20,,,1,100,,229727,20,,,1,100,,229716,20,,,1,100,,229728,20,,,1
