10901,'109-Weekday-1-26-09-1111100',525,,217037,6,,,1,30,,217038,6,,,1,70,,217039,6,,,1,23,,217040,6,,,1,55,,217041,6,,,1,15,,217042,6,,,1,15,,217043,6,,,1,15,,217045,6,,,1,55,,217044,6,,,1,15,,217079,6,,,1,16,,217077,6,,,1,21,,217046,6,,,1,70,,217047,6,,,1,30,,217048,6,,,1,70,,217049,6,,,1,30,,217050,6,,,1,70,,217051,6,,,1,30,,217052,6,,,1,70,,217053,6,,,1,30,,217054,6,,,1,70,,217055,6,,,1,30,,217056,6,,,1,70,,217057,6,,,1,30,,217058,6,,,1,64,,217059,6,,,1,15,,217060,6,,,1,15,,217061,6,,,1,55,,217062,6,,,1,15,,217075,6,,,1,15,,217063,6,,,1,15,,217080,6,,,1,55,,217078,6,,,1,22,,217064,6,,,1,30,,217065,6,,,1,70,,217066,6,,,1,29,,217067,6,,,1,70,,217068,6,,,1,30,,217069,6,,,1,70,,217070,6,,,1,30,,217071,6,,,1,70,,217072,6,,,1,30,,217076,6,,,1,99,,217073,6,,,1,100,,217074,6,,,1
10901,'109-Weekday-2-26-09-1111100',525,,217081,6,,,1,30,,217082,6,,,1,70,,217083,6,,,1,23,,217084,6,,,1,55,,217085,6,,,1,15,,217086,6,,,1,15,,217087,6,,,1,15,,217089,6,,,1,55,,217088,6,,,1,15,,217123,6,,,1,16,,217121,6,,,1,21,,217090,6,,,1,70,,217091,6,,,1,30,,217092,6,,,1,70,,217093,6,,,1,30,,217094,6,,,1,70,,217095,6,,,1,30,,217096,6,,,1,70,,217097,6,,,1,30,,217098,6,,,1,70,,217099,6,,,1,30,,217100,6,,,1,70,,217101,6,,,1,30,,217102,6,,,1,64,,217103,6,,,1,15,,217104,6,,,1,15,,217105,6,,,1,55,,217106,6,,,1,15,,217119,6,,,1,15,,217107,6,,,1,15,,217124,6,,,1,55,,217122,6,,,1,22,,217108,6,,,1,30,,217109,6,,,1,70,,217110,6,,,1,29,,217111,6,,,1,70,,217112,6,,,1,30,,217113,6,,,1,70,,217114,6,,,1,30,,217115,6,,,1,70,,217116,6,,,1,30,,217120,6,,,1,99,,217117,6,,,1,100,,217118,6,,,1
10901,'109-Weekday-3-26-09-1111100',525,,260570,6,,,1,30,,260571,6,,,1,70,,260572,6,,,1,23,,260573,6,,,1,55,,260574,6,,,1,15,,260575,6,,,1,15,,260576,6,,,1,15,,260578,6,,,1,55,,260577,6,,,1,15,,260612,6,,,1,16,,260610,6,,,1,21,,260579,6,,,1,70,,260580,6,,,1,30,,260581,6,,,1,70,,260582,6,,,1,30,,260583,6,,,1,70,,260584,6,,,1,30,,260585,6,,,1,70,,260586,6,,,1,30,,260587,6,,,1,70,,260588,6,,,1,30,,260589,6,,,1,70,,260590,6,,,1,30,,260591,6,,,1,64,,260592,6,,,1,15,,260593,6,,,1,15,,260594,6,,,1,55,,260595,6,,,1,15,,260608,6,,,1,15,,260596,6,,,1,15,,260613,6,,,1,55,,260611,6,,,1,22,,260597,6,,,1,30,,260598,6,,,1,70,,260599,6,,,1,29,,260600,6,,,1,70,,260601,6,,,1,30,,260602,6,,,1,70,,260603,6,,,1,30,,260604,6,,,1,70,,260605,6,,,1,30,,260609,6,,,1,99,,260606,6,,,1,100,,260607,6,,,1
10901,'109-Weekday-4-26-09-1111100',525,,217125,6,,,1,30,,217126,6,,,1,70,,217127,6,,,1,23,,217128,6,,,1,55,,217129,6,,,1,15,,217130,6,,,1,15,,217131,6,,,1,15,,217133,6,,,1,55,,217132,6,,,1,15,,217167,6,,,1,16,,217165,6,,,1,21,,217134,6,,,1,70,,217135,6,,,1,30,,217136,6,,,1,70,,217137,6,,,1,30,,217138,6,,,1,70,,217139,6,,,1,30,,217140,6,,,1,70,,217141,6,,,1,30,,217142,6,,,1,70,,217143,6,,,1,30,,217144,6,,,1,70,,217145,6,,,1,30,,217146,6,,,1,64,,217147,6,,,1,15,,217148,6,,,1,15,,217149,6,,,1,55,,217150,6,,,1,15,,217163,6,,,1,15,,217151,6,,,1,15,,217168,6,,,1,55,,217166,6,,,1,22,,217152,6,,,1,30,,217153,6,,,1,70,,217154,6,,,1,29,,217155,6,,,1,70,,217156,6,,,1,30,,217157,6,,,1,70,,217158,6,,,1,30,,217159,6,,,1,70,,217160,6,,,1,30,,217164,6,,,1,99,,217161,6,,,1,100,,217162,6,,,1
10901,'109-Weekday-5-26-09-1111100',525,,260614,6,,,1,30,,260615,6,,,1,70,,260616,6,,,1,23,,260617,6,,,1,55,,260618,6,,,1,15,,260619,6,,,1,15,,260620,6,,,1,15,,260622,6,,,1,55,,260621,6,,,1,15,,260656,6,,,1,16,,260654,6,,,1,21,,260623,6,,,1,70,,260624,6,,,1,30,,260625,6,,,1,70,,260626,6,,,1,30,,260627,6,,,1,70,,260628,6,,,1,30,,260629,6,,,1,70,,260630,6,,,1,30,,260631,6,,,1,70,,260632,6,,,1,30,,260633,6,,,1,70,,260634,6,,,1,30,,260635,6,,,1,64,,260636,6,,,1,15,,260637,6,,,1,15,,260638,6,,,1,55,,260639,6,,,1,15,,260652,6,,,1,15,,260640,6,,,1,15,,260657,6,,,1,55,,260655,6,,,1,22,,260641,6,,,1,30,,260642,6,,,1,70,,260643,6,,,1,29,,260644,6,,,1,70,,260645,6,,,1,30,,260646,6,,,1,70,,260647,6,,,1,30,,260648,6,,,1,70,,260649,6,,,1,30,,260653,6,,,1,99,,260650,6,,,1,100,,260651,6,,,1
10901,'109-Weekday-6-26-09-1111100',525,,260658,6,,,1,30,,260659,6,,,1,70,,260660,6,,,1,23,,260661,6,,,1,55,,260662,6,,,1,15,,260663,6,,,1,15,,260664,6,,,1,15,,260666,6,,,1,55,,260665,6,,,1,15,,260700,6,,,1,16,,260698,6,,,1,21,,260667,6,,,1,70,,260668,6,,,1,30,,260669,6,,,1,70,,260670,6,,,1,30,,260671,6,,,1,70,,260672,6,,,1,30,,260673,6,,,1,70,,260674,6,,,1,30,,260675,6,,,1,70,,260676,6,,,1,30,,260677,6,,,1,70,,260678,6,,,1,30,,260679,6,,,1,64,,260680,6,,,1,15,,260681,6,,,1,15,,260682,6,,,1,55,,260683,6,,,1,15,,260696,6,,,1,15,,260684,6,,,1,15,,260701,6,,,1,55,,260699,6,,,1,22,,260685,6,,,1,30,,260686,6,,,1,70,,260687,6,,,1,29,,260688,6,,,1,70,,260689,6,,,1,30,,260690,6,,,1,70,,260691,6,,,1,30,,260692,6,,,1,70,,260693,6,,,1,30,,260697,6,,,1,99,,260694,6,,,1,100,,260695,6,,,1
10901,'109-Weekday-7-26-09-1111100',525,,260702,6,,,1,30,,260703,6,,,1,70,,260704,6,,,1,23,,260705,6,,,1,55,,260706,6,,,1,15,,260707,6,,,1,15,,260708,6,,,1,15,,260710,6,,,1,55,,260709,6,,,1,15,,260744,6,,,1,16,,260742,6,,,1,21,,260711,6,,,1,70,,260712,6,,,1,30,,260713,6,,,1,70,,260714,6,,,1,30,,260715,6,,,1,70,,260716,6,,,1,30,,260717,6,,,1,70,,260718,6,,,1,30,,260719,6,,,1,70,,260720,6,,,1,30,,260721,6,,,1,70,,260722,6,,,1,30,,260723,6,,,1,64,,260724,6,,,1,15,,260725,6,,,1,15,,260726,6,,,1,55,,260727,6,,,1,15,,260740,6,,,1,15,,260728,6,,,1,15,,260745,6,,,1,55,,260743,6,,,1,22,,260729,6,,,1,30,,260730,6,,,1,70,,260731,6,,,1,29,,260732,6,,,1,70,,260733,6,,,1,30,,260734,6,,,1,70,,260735,6,,,1,30,,260736,6,,,1,70,,260737,6,,,1,30,,260741,6,,,1,99,,260738,6,,,1,100,,260739,6,,,1
10901,'109-Saturday-1-26-09-0000010',817,,217169,6,,,1,30,,217170,6,,,1,70,,217171,6,,,1,30,,217172,6,,,1,70,,217173,6,,,1,30,,217174,6,,,1,70,,217175,6,,,1,30,,217176,6,,,1,70,,217177,6,,,1,30,,217178,6,,,1,70,,217179,6,,,1,30,,217180,6,,,1,70,,217181,6,,,1,30,,217182,6,,,1,70,,217183,6,,,1,30,,217184,6,,,1,70,,217185,6,,,1,30,,217186,6,,,1,70,,217187,6,,,1,30,,217188,6,,,1,70,,217189,6,,,1,30,,217190,6,,,1,70,,217191,6,,,1,30,,217192,6,,,1,70,,217193,6,,,1,30,,217194,6,,,1,70,,217195,6,,,1,30,,217196,6,,,1
10901,'109-Sunday-1-26-09-0000001',1027,,217197,6,,,1,30,,217198,6,,,1,70,,217199,6,,,1,30,,217200,6,,,1,70,,217201,6,,,1,30,,217202,6,,,1,70,,217203,6,,,1,30,,217204,6,,,1,70,,217205,6,,,1,30,,217206,6,,,1,70,,217207,6,,,1,30,,217208,6,,,1,70,,217209,6,,,1,30,,217210,6,,,1,70,,217211,6,,,1,30,,217212,6,,,1,70,,217213,6,,,1,30,,217214,6,,,1
61400,'614-Weekday-1-26-09-0001000',1440,,227419,10,,,1
61400,'614-Weekday-1-26-09-1110100',1515,,227420,10,,,1,25,,227421,10,,,1
61400,'614-Weekday-3-26-09-1110100',1540,,227422,10,,,1
61400,'614-Weekday-4-26-09-1110100',1515,,270278,10,,,1
61400,'614-Weekday-7-26-09-1110100',1515,,270279,10,,,1,25,,270280,10,,,1
