70101,'701-Weekday-1-26-09-1111100',639,,228136,36,,,1,75,,228137,36,,,1,15,,228138,36,,,1,15,,228139,36,,,1,15,,228140,36,,,1,55,,228141,36,,,1,15,,228142,36,,,1,15,,228143,36,,,1,70,,228145,36,,,1,31,,228147,36,,,1,70,,228149,36,,,1,30,,228151,36,,,1,70,,228153,36,,,1,30,,228155,36,,,1,70,,228157,36,,,1,30,,228159,36,,,1,70,,228161,36,,,1,30,,228163,36,,,1,70,,228165,36,,,1,30,,228167,36,,,1,56,,228168,36,,,1,8,,228192,11,,,1,9,,228169,36,,,1,18,,228170,36,,,1,17,,228171,36,,,1,55,,228172,36,,,1,15,,228173,36,,,1,15,,228174,36,,,1,15,,228175,36,,,1,55,,228176,36,,,1,15,,228177,36,,,1,15,,228178,36,,,1,15,,228179,36,,,1,55,,228180,36,,,1,29,,228181,36,,,1,22,,228182,36,,,1,67,,228183,36,,,1,30,,228184,36,,,1,70,,228185,36,,,1,30,,228186,36,,,1,70,,228187,36,,,1,30,,228188,36,,,1,68,,228189,36,,,1,81,,228190,36,,,1,100,,228191,36,,,1
70101,'701-Weekday-10-26-09-1111100',639,,247173,36,,,1,75,,247174,36,,,1,15,,247175,36,,,1,15,,247176,36,,,1,15,,247177,36,,,1,55,,247178,36,,,1,15,,247179,36,,,1,15,,247180,36,,,1,70,,247182,36,,,1,31,,247184,36,,,1,70,,247186,36,,,1,30,,247188,36,,,1,70,,247190,36,,,1,30,,247192,36,,,1,70,,247194,36,,,1,30,,247196,36,,,1,70,,247198,36,,,1,30,,247200,36,,,1,70,,247202,36,,,1,30,,247204,36,,,1,56,,247205,36,,,1,8,,247229,11,,,1,9,,247206,36,,,1,18,,247207,36,,,1,17,,247208,36,,,1,55,,247209,36,,,1,15,,247210,36,,,1,15,,247211,36,,,1,15,,247212,36,,,1,55,,247213,36,,,1,15,,247214,36,,,1,15,,247215,36,,,1,15,,247216,36,,,1,55,,247217,36,,,1,29,,247218,36,,,1,22,,247219,36,,,1,67,,247220,36,,,1,30,,247221,36,,,1,70,,247222,36,,,1,30,,247223,36,,,1,70,,247224,36,,,1,30,,247225,36,,,1,68,,247226,36,,,1,81,,247227,36,,,1,100,,247228,36,,,1
70101,'701-Weekday-3-26-09-1111100',639,,228193,36,,,1,75,,228194,36,,,1,15,,228195,36,,,1,15,,228196,36,,,1,15,,228197,36,,,1,55,,228198,36,,,1,15,,228199,36,,,1,15,,228200,36,,,1,70,,228202,36,,,1,31,,228204,36,,,1,70,,228206,36,,,1,30,,228208,36,,,1,70,,228210,36,,,1,30,,228212,36,,,1,70,,228214,36,,,1,30,,228216,36,,,1,70,,228218,36,,,1,30,,228220,36,,,1,70,,228222,36,,,1,30,,228224,36,,,1,56,,228225,36,,,1,8,,228249,11,,,1,9,,228226,36,,,1,18,,228227,36,,,1,17,,228228,36,,,1,55,,228229,36,,,1,15,,228230,36,,,1,15,,228231,36,,,1,15,,228232,36,,,1,55,,228233,36,,,1,15,,228234,36,,,1,15,,228235,36,,,1,15,,228236,36,,,1,55,,228237,36,,,1,29,,228238,36,,,1,22,,228239,36,,,1,67,,228240,36,,,1,30,,228241,36,,,1,70,,228242,36,,,1,30,,228243,36,,,1,70,,228244,36,,,1,30,,228245,36,,,1,68,,228246,36,,,1,81,,228247,36,,,1,100,,228248,36,,,1
70101,'701-Weekday-5-26-09-1111100',639,,228250,36,,,1,75,,228251,36,,,1,15,,228252,36,,,1,15,,228253,36,,,1,15,,228254,36,,,1,55,,228255,36,,,1,15,,228256,36,,,1,15,,228257,36,,,1,70,,228259,36,,,1,31,,228261,36,,,1,70,,228263,36,,,1,30,,228265,36,,,1,70,,228267,36,,,1,30,,228269,36,,,1,70,,228271,36,,,1,30,,228273,36,,,1,70,,228275,36,,,1,30,,228277,36,,,1,70,,228279,36,,,1,30,,228281,36,,,1,56,,228282,36,,,1,17,,228283,36,,,1,18,,228284,36,,,1,17,,228285,36,,,1,55,,228286,36,,,1,15,,228287,36,,,1,15,,228288,36,,,1,15,,228289,36,,,1,55,,228290,36,,,1,15,,228291,36,,,1,15,,228292,36,,,1,15,,228293,36,,,1,55,,228294,36,,,1,29,,228295,36,,,1,22,,228296,36,,,1,67,,228297,36,,,1,30,,228298,36,,,1,70,,228299,36,,,1,30,,228300,36,,,1,70,,228301,36,,,1,30,,228302,36,,,1,68,,228303,36,,,1,81,,228304,36,,,1,100,,228305,36,,,1
70101,'701-Weekday-9-26-09-1111100',639,,247230,36,,,1,75,,247231,36,,,1,15,,247232,36,,,1,15,,247233,36,,,1,15,,247234,36,,,1,55,,247235,36,,,1,15,,247236,36,,,1,15,,247237,36,,,1,70,,247239,36,,,1,31,,247241,36,,,1,70,,247243,36,,,1,30,,247245,36,,,1,70,,247247,36,,,1,30,,247249,36,,,1,70,,247251,36,,,1,30,,247253,36,,,1,70,,247255,36,,,1,30,,247257,36,,,1,70,,247259,36,,,1,30,,247261,36,,,1,56,,247262,36,,,1,8,,247286,11,,,1,9,,247263,36,,,1,18,,247264,36,,,1,17,,247265,36,,,1,55,,247266,36,,,1,15,,247267,36,,,1,15,,247268,36,,,1,15,,247269,36,,,1,55,,247270,36,,,1,15,,247271,36,,,1,15,,247272,36,,,1,15,,247273,36,,,1,55,,247274,36,,,1,29,,247275,36,,,1,22,,247276,36,,,1,67,,247277,36,,,1,30,,247278,36,,,1,70,,247279,36,,,1,30,,247280,36,,,1,70,,247281,36,,,1,30,,247282,36,,,1,68,,247283,36,,,1,81,,247284,36,,,1,100,,247285,36,,,1
70101,'701-Saturday-1-26-09-0000010',730,,228306,36,,,1,99,,228307,36,,,1,30,,228308,36,,,1,76,,228309,36,,,1,72,,228310,36,,,1,30,,228311,36,,,1,70,,228312,36,,,1,30,,228313,36,,,1,70,,228314,36,,,1,30,,228315,36,,,1,70,,228316,36,,,1,30,,228317,36,,,1,70,,228318,36,,,1,30,,228319,36,,,1,70,,228321,36,,,1,30,,228322,36,,,1,70,,228323,36,,,1,30,,228320,36,,,1,69,,228324,36,,,1,28,,228325,36,,,1,70,,228326,36,,,1,30,,228327,36,,,1,70,,228328,36,,,1,30,,228329,36,,,1,100,,228330,36,,,1,100,,228331,36,,,1,100,,228332,36,,,1,100,,228334,36,,,1
70101,'701-Saturday-3-26-09-0000010',730,,247287,36,,,1,99,,247288,36,,,1,30,,247289,36,,,1,76,,247290,36,,,1,72,,247291,36,,,1,30,,247292,36,,,1,70,,247293,36,,,1,30,,247294,36,,,1,70,,247295,36,,,1,30,,247296,36,,,1,70,,247297,36,,,1,30,,247298,36,,,1,70,,247299,36,,,1,30,,247300,36,,,1,70,,247302,36,,,1,30,,247303,36,,,1,70,,247304,36,,,1,30,,247301,36,,,1,69,,247305,36,,,1,28,,247306,36,,,1,70,,247307,36,,,1,30,,247308,36,,,1,70,,247309,36,,,1,30,,247310,36,,,1,100,,247311,36,,,1,100,,247312,36,,,1,100,,247313,36,,,1,100,,247315,36,,,1
70101,'701-Sunday-1-26-09-0000001',827,,228335,36,,,1,102,,228336,36,,,1,101,,228337,36,,,1,70,,228338,36,,,1,30,,228339,36,,,1,70,,228340,36,,,1,30,,228341,36,,,1,70,,228342,36,,,1,30,,228343,36,,,1,70,,228344,36,,,1,30,,228345,36,,,1,70,,228346,36,,,1,30,,228347,36,,,1,70,,228349,36,,,1,30,,228350,36,,,1,70,,228351,36,,,1,28,,228348,36,,,1,29,,228352,36,,,1,70,,228353,36,,,1,30,,228354,36,,,1,70,,228355,36,,,1,30,,228363,36,,,1,70,,228356,36,,,1,100,,228357,36,,,1,100,,228358,36,,,1
70101,'701-Sunday-3-26-09-0000001',827,,247316,36,,,1,102,,247317,36,,,1,101,,247318,36,,,1,70,,247319,36,,,1,30,,247320,36,,,1,70,,247321,36,,,1,30,,247322,36,,,1,70,,247323,36,,,1,30,,247324,36,,,1,70,,247325,36,,,1,30,,247326,36,,,1,70,,247327,36,,,1,30,,247328,36,,,1,70,,247330,36,,,1,30,,247331,36,,,1,70,,247332,36,,,1,28,,247329,36,,,1,29,,247333,36,,,1,70,,247334,36,,,1,30,,247335,36,,,1,70,,247336,36,,,1,30,,247344,36,,,1,70,,247337,36,,,1,100,,247338,36,,,1,100,,247339,36,,,1
70101,'701-Sunday-4-26-09-0000001',827,,247345,36,,,1,102,,247346,36,,,1,101,,247347,36,,,1,70,,247348,36,,,1,30,,247349,36,,,1,70,,247350,36,,,1,30,,247351,36,,,1,70,,247352,36,,,1,30,,247353,36,,,1,70,,247354,36,,,1,30,,247355,36,,,1,70,,247356,36,,,1,30,,247357,36,,,1,70,,247359,36,,,1,30,,247360,36,,,1,70,,247361,36,,,1,28,,247358,36,,,1,29,,247362,36,,,1,70,,247363,36,,,1,30,,247364,36,,,1,70,,247365,36,,,1,30,,247373,36,,,1,70,,247366,36,,,1,100,,247367,36,,,1,100,,247368,36,,,1
