52400,'524-Weekday-1-26-09-1111100',901,,226578,1,,,1,30,,226579,1,,,1,70,,226580,1,,,1,30,,226581,1,,,1,70,,226582,1,,,1,30,,226583,1,,,1,70,,226584,1,,,1,30,,226585,1,,,1,70,,226586,1,,,1,30,,226587,1,,,1,70,,226588,1,,,1,30,,226589,1,,,1,69,,226590,1,,,1,100,,226591,1,,,1,100,,226592,1,,,1
52400,'524-Weekday-2-26-09-1111100',901,,226593,1,,,1,30,,226594,1,,,1,70,,226595,1,,,1,30,,226596,1,,,1,70,,226597,1,,,1,30,,226598,1,,,1,70,,226599,1,,,1,30,,226600,1,,,1,70,,226601,1,,,1,30,,226602,1,,,1,70,,226603,1,,,1,30,,226604,1,,,1,69,,226605,1,,,1,100,,226606,1,,,1,100,,226607,1,,,1
52400,'524-Weekday-3-26-09-1111100',901,,269557,1,,,1,30,,269558,1,,,1,70,,269559,1,,,1,30,,269560,1,,,1,70,,269561,1,,,1,30,,269562,1,,,1,70,,269563,1,,,1,30,,269564,1,,,1,70,,269565,1,,,1,30,,269566,1,,,1,70,,269567,1,,,1,30,,269568,1,,,1,69,,269569,1,,,1,100,,269570,1,,,1,100,,269571,1,,,1
52400,'524-Weekday-4-26-09-1111100',901,,226608,1,,,1,30,,226609,1,,,1,70,,226610,1,,,1,30,,226611,1,,,1,70,,226612,1,,,1,30,,226613,1,,,1,70,,226614,1,,,1,30,,226615,1,,,1,70,,226616,1,,,1,30,,226617,1,,,1,70,,226618,1,,,1,30,,226619,1,,,1,69,,226620,1,,,1,100,,226621,1,,,1,100,,226622,1,,,1
52400,'524-Weekday-5-26-09-1111100',901,,269572,1,,,1,30,,269573,1,,,1,70,,269574,1,,,1,30,,269575,1,,,1,70,,269576,1,,,1,30,,269577,1,,,1,70,,269578,1,,,1,30,,269579,1,,,1,70,,269580,1,,,1,30,,269581,1,,,1,70,,269582,1,,,1,30,,269583,1,,,1,69,,269584,1,,,1,100,,269585,1,,,1,100,,269586,1,,,1
52400,'524-Weekday-6-26-09-1111100',901,,269587,1,,,1,30,,269588,1,,,1,70,,269589,1,,,1,30,,269590,1,,,1,70,,269591,1,,,1,30,,269592,1,,,1,70,,269593,1,,,1,30,,269594,1,,,1,70,,269595,1,,,1,30,,269596,1,,,1,70,,269597,1,,,1,30,,269598,1,,,1,69,,269599,1,,,1,100,,269600,1,,,1,100,,269601,1,,,1
52400,'524-Weekday-7-26-09-1111100',901,,269602,1,,,1,30,,269603,1,,,1,70,,269604,1,,,1,30,,269605,1,,,1,70,,269606,1,,,1,30,,269607,1,,,1,70,,269608,1,,,1,30,,269609,1,,,1,70,,269610,1,,,1,30,,269611,1,,,1,70,,269612,1,,,1,30,,269613,1,,,1,69,,269614,1,,,1,100,,269615,1,,,1,100,,269616,1,,,1
52400,'524-Saturday-1-26-09-0000010',1030,,226623,1,,,1,100,,226624,1,,,1,100,,226625,1,,,1,100,,226626,1,,,1,100,,226627,1,,,1,100,,226628,1,,,1,100,,226629,1,,,1
52400,'524-Sunday-1-26-09-0000001',1030,,226630,1,,,1,100,,226631,1,,,1,100,,226632,1,,,1,100,,226633,1,,,1,100,,226634,1,,,1,100,,226635,1,,,1
52401,'524-Weekday-1-26-09-1111100',926,,226636,13,4,,1,30,,226637,13,4,,1,70,,226638,13,4,,1,30,,226639,13,4,,1,70,,226640,13,4,,1,30,,226641,13,4,,1,70,,226642,13,4,,1,30,,226643,13,4,,1,70,,226644,13,4,,1,30,,226645,13,4,,1,70,,226646,13,4,,1,30,,226647,13,4,,1,71,,226648,13,4,,1,100,,226649,13,4,,1,100,,226650,13,4,,1
52401,'524-Weekday-2-26-09-1111100',926,,226651,13,4,,1,30,,226652,13,4,,1,70,,226653,13,4,,1,30,,226654,13,4,,1,70,,226655,13,4,,1,30,,226656,13,4,,1,70,,226657,13,4,,1,30,,226658,13,4,,1,70,,226659,13,4,,1,30,,226660,13,4,,1,70,,226661,13,4,,1,30,,226662,13,4,,1,71,,226663,13,4,,1,100,,226664,13,4,,1,100,,226665,13,4,,1
52401,'524-Weekday-3-26-09-1111100',926,,269617,13,4,,1,30,,269618,13,4,,1,70,,269619,13,4,,1,30,,269620,13,4,,1,70,,269621,13,4,,1,30,,269622,13,4,,1,70,,269623,13,4,,1,30,,269624,13,4,,1,70,,269625,13,4,,1,30,,269626,13,4,,1,70,,269627,13,4,,1,30,,269628,13,4,,1,71,,269629,13,4,,1,100,,269630,13,4,,1,100,,269631,13,4,,1
52401,'524-Weekday-4-26-09-1111100',926,,226666,13,4,,1,30,,226667,13,4,,1,70,,226668,13,4,,1,30,,226669,13,4,,1,70,,226670,13,4,,1,30,,226671,13,4,,1,70,,226672,13,4,,1,30,,226673,13,4,,1,70,,226674,13,4,,1,30,,226675,13,4,,1,70,,226676,13,4,,1,30,,226677,13,4,,1,71,,226678,13,4,,1,100,,226679,13,4,,1,100,,226680,13,4,,1
52401,'524-Weekday-5-26-09-1111100',926,,269632,13,4,,1,30,,269633,13,4,,1,70,,269634,13,4,,1,30,,269635,13,4,,1,70,,269636,13,4,,1,30,,269637,13,4,,1,70,,269638,13,4,,1,30,,269639,13,4,,1,70,,269640,13,4,,1,30,,269641,13,4,,1,70,,269642,13,4,,1,30,,269643,13,4,,1,71,,269644,13,4,,1,100,,269645,13,4,,1,100,,269646,13,4,,1
52401,'524-Weekday-6-26-09-1111100',926,,269647,13,4,,1,30,,269648,13,4,,1,70,,269649,13,4,,1,30,,269650,13,4,,1,70,,269651,13,4,,1,30,,269652,13,4,,1,70,,269653,13,4,,1,30,,269654,13,4,,1,70,,269655,13,4,,1,30,,269656,13,4,,1,70,,269657,13,4,,1,30,,269658,13,4,,1,71,,269659,13,4,,1,100,,269660,13,4,,1,100,,269661,13,4,,1
52401,'524-Weekday-7-26-09-1111100',926,,269662,13,4,,1,30,,269663,13,4,,1,70,,269664,13,4,,1,30,,269665,13,4,,1,70,,269666,13,4,,1,30,,269667,13,4,,1,70,,269668,13,4,,1,30,,269669,13,4,,1,70,,269670,13,4,,1,30,,269671,13,4,,1,70,,269672,13,4,,1,30,,269673,13,4,,1,71,,269674,13,4,,1,100,,269675,13,4,,1,100,,269676,13,4,,1
52401,'524-Saturday-1-26-09-0000010',1054,,226681,13,4,,1,100,,226682,13,4,,1,100,,226683,13,4,,1,100,,226684,13,4,,1,100,,226685,13,4,,1,100,,226686,13,4,,1,100,,226687,13,4,,1
52401,'524-Sunday-1-26-09-0000001',1053,,226688,13,4,,1,100,,226689,13,4,,1,100,,226690,13,4,,1,100,,226691,13,4,,1,100,,226692,13,4,,1,100,,226693,13,4,,1
52500,'525-Weekday-1-26-09-1111100',951,,226694,15,4,,1,70,,226695,15,4,,1,30,,226696,15,4,,1,70,,226697,15,4,,1,30,,226698,15,4,,1,70,,226699,15,4,,1,30,,226700,15,4,,1,70,,226701,15,4,,1,30,,226702,15,4,,1,70,,226703,15,4,,1,30,,226704,15,4,,1,104,,226705,15,4,,1,100,,226706,15,4,,1,100,,226707,15,4,,1
52500,'525-Weekday-2-26-09-1111100',951,,226708,15,4,,1,70,,226709,15,4,,1,30,,226710,15,4,,1,70,,226711,15,4,,1,30,,226712,15,4,,1,70,,226713,15,4,,1,30,,226714,15,4,,1,70,,226715,15,4,,1,30,,226716,15,4,,1,70,,226717,15,4,,1,30,,226718,15,4,,1,104,,226719,15,4,,1,100,,226720,15,4,,1,100,,226721,15,4,,1
52500,'525-Weekday-3-26-09-1111100',951,,269677,15,4,,1,70,,269678,15,4,,1,30,,269679,15,4,,1,70,,269680,15,4,,1,30,,269681,15,4,,1,70,,269682,15,4,,1,30,,269683,15,4,,1,70,,269684,15,4,,1,30,,269685,15,4,,1,70,,269686,15,4,,1,30,,269687,15,4,,1,104,,269688,15,4,,1,100,,269689,15,4,,1,100,,269690,15,4,,1
52500,'525-Weekday-4-26-09-1111100',951,,226722,15,4,,1,70,,226723,15,4,,1,30,,226724,15,4,,1,70,,226725,15,4,,1,30,,226726,15,4,,1,70,,226727,15,4,,1,30,,226728,15,4,,1,70,,226729,15,4,,1,30,,226730,15,4,,1,70,,226731,15,4,,1,30,,226732,15,4,,1,104,,226733,15,4,,1,100,,226734,15,4,,1,100,,226735,15,4,,1
52500,'525-Weekday-5-26-09-1111100',951,,269691,15,4,,1,70,,269692,15,4,,1,30,,269693,15,4,,1,70,,269694,15,4,,1,30,,269695,15,4,,1,70,,269696,15,4,,1,30,,269697,15,4,,1,70,,269698,15,4,,1,30,,269699,15,4,,1,70,,269700,15,4,,1,30,,269701,15,4,,1,104,,269702,15,4,,1,100,,269703,15,4,,1,100,,269704,15,4,,1
52500,'525-Weekday-6-26-09-1111100',951,,269705,15,4,,1,70,,269706,15,4,,1,30,,269707,15,4,,1,70,,269708,15,4,,1,30,,269709,15,4,,1,70,,269710,15,4,,1,30,,269711,15,4,,1,70,,269712,15,4,,1,30,,269713,15,4,,1,70,,269714,15,4,,1,30,,269715,15,4,,1,104,,269716,15,4,,1,100,,269717,15,4,,1,100,,269718,15,4,,1
52500,'525-Weekday-7-26-09-1111100',951,,269719,15,4,,1,70,,269720,15,4,,1,30,,269721,15,4,,1,70,,269722,15,4,,1,30,,269723,15,4,,1,70,,269724,15,4,,1,30,,269725,15,4,,1,70,,269726,15,4,,1,30,,269727,15,4,,1,70,,269728,15,4,,1,30,,269729,15,4,,1,104,,269730,15,4,,1,100,,269731,15,4,,1,100,,269732,15,4,,1
52500,'525-Saturday-1-26-09-0000010',1123,,226736,15,4,,1,100,,226737,15,4,,1,100,,226738,15,4,,1,100,,226739,15,4,,1,100,,226740,15,4,,1,100,,226741,15,4,,1,100,,226742,15,4,,1
52500,'525-Sunday-1-26-09-0000001',1122,,226743,15,4,,1,100,,226744,15,4,,1,100,,226745,15,4,,1,100,,226746,15,4,,1,100,,226747,15,4,,1,100,,226748,15,4,,1
52501,'525-Weekday-1-26-09-1111100',931,,226749,1,,,1,70,,226750,1,,,1,30,,226751,1,,,1,70,,226752,1,,,1,30,,226753,1,,,1,70,,226754,1,,,1,30,,226755,1,,,1,70,,226756,1,,,1,30,,226757,1,,,1,70,,226758,1,,,1,30,,226759,1,,,1,101,,226760,1,,,1,100,,226761,1,,,1,100,,226762,1,,,1
52501,'525-Weekday-2-26-09-1111100',931,,226763,1,,,1,70,,226764,1,,,1,30,,226765,1,,,1,70,,226766,1,,,1,30,,226767,1,,,1,70,,226768,1,,,1,30,,226769,1,,,1,70,,226770,1,,,1,30,,226771,1,,,1,70,,226772,1,,,1,30,,226773,1,,,1,101,,226774,1,,,1,100,,226775,1,,,1,100,,226776,1,,,1
52501,'525-Weekday-3-26-09-1111100',931,,269733,1,,,1,70,,269734,1,,,1,30,,269735,1,,,1,70,,269736,1,,,1,30,,269737,1,,,1,70,,269738,1,,,1,30,,269739,1,,,1,70,,269740,1,,,1,30,,269741,1,,,1,70,,269742,1,,,1,30,,269743,1,,,1,101,,269744,1,,,1,100,,269745,1,,,1,100,,269746,1,,,1
52501,'525-Weekday-4-26-09-1111100',931,,226777,1,,,1,70,,226778,1,,,1,30,,226779,1,,,1,70,,226780,1,,,1,30,,226781,1,,,1,70,,226782,1,,,1,30,,226783,1,,,1,70,,226784,1,,,1,30,,226785,1,,,1,70,,226786,1,,,1,30,,226787,1,,,1,101,,226788,1,,,1,100,,226789,1,,,1,100,,226790,1,,,1
52501,'525-Weekday-5-26-09-1111100',931,,269747,1,,,1,70,,269748,1,,,1,30,,269749,1,,,1,70,,269750,1,,,1,30,,269751,1,,,1,70,,269752,1,,,1,30,,269753,1,,,1,70,,269754,1,,,1,30,,269755,1,,,1,70,,269756,1,,,1,30,,269757,1,,,1,101,,269758,1,,,1,100,,269759,1,,,1,100,,269760,1,,,1
52501,'525-Weekday-6-26-09-1111100',931,,269761,1,,,1,70,,269762,1,,,1,30,,269763,1,,,1,70,,269764,1,,,1,30,,269765,1,,,1,70,,269766,1,,,1,30,,269767,1,,,1,70,,269768,1,,,1,30,,269769,1,,,1,70,,269770,1,,,1,30,,269771,1,,,1,101,,269772,1,,,1,100,,269773,1,,,1,100,,269774,1,,,1
52501,'525-Weekday-7-26-09-1111100',931,,269775,1,,,1,70,,269776,1,,,1,30,,269777,1,,,1,70,,269778,1,,,1,30,,269779,1,,,1,70,,269780,1,,,1,30,,269781,1,,,1,70,,269782,1,,,1,30,,269783,1,,,1,70,,269784,1,,,1,30,,269785,1,,,1,101,,269786,1,,,1,100,,269787,1,,,1,100,,269788,1,,,1
52501,'525-Saturday-1-26-09-0000010',1101,,226791,1,,,1,100,,226792,1,,,1,100,,226793,1,,,1,100,,226794,1,,,1,100,,226795,1,,,1,100,,226796,1,,,1,100,,226797,1,,,1
52501,'525-Sunday-1-26-09-0000001',1101,,226798,1,,,1,100,,226799,1,,,1,100,,226800,1,,,1,100,,226801,1,,,1,100,,226802,1,,,1,100,,226803,1,,,1
