800,'008-Weekday-1-26-09-1111100',540,,208914,35,,,1,60,,208915,35,,,1,20,,208846,34,,,1,23,,208847,34,,,1,65,,208895,34,,,1,16,,208916,35,,,1,12,,208894,34,,,1,12,,208917,34,,,1,52,,208904,35,,,1,12,,208899,34,,,1,12,,208848,34,,,1,12,,208900,34,,,1,12,,208901,35,,,1,52,,208902,34,,,1,13,,208849,35,,,1,11,,208903,34,,,1,13,,208896,34,,,1,17,,208850,34,,,1,55,,208851,35,,,1,15,,208852,34,,,1,15,,208853,34,,,1,15,,208854,35,,,1,55,,208855,34,,,1,16,,208856,35,,,1,16,,208857,34,,,1,15,,208858,35,,,1,55,,208905,34,,,1,15,,208906,34,,,1,15,,208859,35,,,1,15,,208860,34,,,1,55,,208861,34,,,1,15,,208862,34,,,1,15,,208863,35,,,1,15,,208907,34,,,1,55,,208908,34,,,1,15,,208898,35,,,1,12,,208918,34,,,1,12,,208864,34,,,1,53,,208919,34,,,1,13,,208865,34,,,1,13,,208909,34,,,1,12,,208910,35,,,1,12,,208866,34,,,1,52,,208867,34,,,1,12,,208868,35,,,1,12,,208869,34,,,1,12,,208911,34,,,1,12,,208870,34,,,1,52,,208871,34,,,1,12,,208872,34,,,1,12,,208912,34,,,1,12,,208873,34,,,1,15,,208874,34,,,1,55,,208875,34,,,1,15,,208876,34,,,1,12,,208877,34,,,1,14,,208878,34,,,1,53,,208879,35,,,1,15,,208920,34,,,1,15,,208921,35,,,1,15,,208880,34,,,1,55,,208881,34,,,1,15,,208882,34,,,1,15,,208922,34,,,1,15,,208913,34,,,1,55,,208883,34,,,1,15,,208884,34,,,1,15,,208885,34,,,1,15,,208886,34,,,1,54,,208887,34,,,1,13,,208888,34,,,1,18,,208889,34,,,1,20,,208897,34,,,1,60,,208890,34,,,1,20,,208891,34,,,1,20,,208892,34,,,1,59,,208893,34,,,1,26,,208840,34,,,1,70,,208841,34,,,1,30,,208842,35,,,1,70,,208843,34,,,1,30,,208844,34,,,1,70,,208845,34,,,1
800,'008-Weekday-2-26-09-1111100',540,,208998,35,,,1,60,,208999,35,,,1,20,,208930,34,,,1,23,,208931,34,,,1,65,,208979,34,,,1,16,,209000,35,,,1,12,,208978,34,,,1,12,,209001,34,,,1,52,,208988,35,,,1,12,,208983,34,,,1,12,,208932,34,,,1,12,,208984,34,,,1,12,,208985,35,,,1,52,,208986,34,,,1,13,,208933,35,,,1,11,,208987,34,,,1,13,,208980,34,,,1,17,,208934,34,,,1,55,,208935,35,,,1,15,,208936,34,,,1,15,,208937,34,,,1,15,,208938,35,,,1,55,,208939,34,,,1,16,,208940,35,,,1,16,,208941,34,,,1,15,,208942,35,,,1,55,,208989,34,,,1,15,,208990,34,,,1,15,,208943,35,,,1,15,,208944,34,,,1,55,,208945,34,,,1,15,,208946,34,,,1,15,,208947,35,,,1,15,,208991,34,,,1,55,,208992,34,,,1,15,,208982,35,,,1,12,,209002,34,,,1,12,,208948,34,,,1,53,,209003,34,,,1,13,,208949,34,,,1,13,,208993,34,,,1,12,,208994,35,,,1,12,,208950,34,,,1,52,,208951,34,,,1,12,,208952,35,,,1,12,,208953,34,,,1,12,,208995,34,,,1,12,,208954,34,,,1,52,,208955,34,,,1,12,,208956,34,,,1,12,,208996,34,,,1,12,,208957,34,,,1,15,,208958,34,,,1,55,,208959,34,,,1,15,,208960,34,,,1,12,,208961,34,,,1,14,,208962,34,,,1,53,,208963,35,,,1,15,,209004,34,,,1,15,,209005,35,,,1,15,,208964,34,,,1,55,,208965,34,,,1,15,,208966,34,,,1,15,,209006,34,,,1,15,,208997,34,,,1,55,,208967,34,,,1,15,,208968,34,,,1,15,,208969,34,,,1,15,,208970,34,,,1,54,,208971,34,,,1,13,,208972,34,,,1,18,,208973,34,,,1,20,,208981,34,,,1,60,,208974,34,,,1,20,,208975,34,,,1,20,,208976,34,,,1,59,,208977,34,,,1,26,,208924,34,,,1,70,,208925,34,,,1,30,,208926,35,,,1,70,,208927,34,,,1,30,,208928,34,,,1,70,,208929,34,,,1
800,'008-Weekday-3-26-09-1111100',540,,252304,35,,,1,60,,252305,35,,,1,20,,252236,34,,,1,23,,252237,34,,,1,65,,252285,34,,,1,16,,252306,35,,,1,12,,252284,34,,,1,12,,252307,34,,,1,52,,252294,35,,,1,12,,252289,34,,,1,12,,252238,34,,,1,12,,252290,34,,,1,12,,252291,35,,,1,52,,252292,34,,,1,13,,252239,35,,,1,11,,252293,34,,,1,13,,252286,34,,,1,17,,252240,34,,,1,55,,252241,35,,,1,15,,252242,34,,,1,15,,252243,34,,,1,15,,252244,35,,,1,55,,252245,34,,,1,16,,252246,35,,,1,16,,252247,34,,,1,15,,252248,35,,,1,55,,252295,34,,,1,15,,252296,34,,,1,15,,252249,35,,,1,15,,252250,34,,,1,55,,252251,34,,,1,15,,252252,34,,,1,15,,252253,35,,,1,15,,252297,34,,,1,55,,252298,34,,,1,15,,252288,35,,,1,12,,252308,34,,,1,12,,252254,34,,,1,53,,252309,34,,,1,13,,252255,34,,,1,13,,252299,34,,,1,12,,252300,35,,,1,12,,252256,34,,,1,52,,252257,34,,,1,12,,252258,35,,,1,12,,252259,34,,,1,12,,252301,34,,,1,12,,252260,34,,,1,52,,252261,34,,,1,12,,252262,34,,,1,12,,252302,34,,,1,12,,252263,34,,,1,15,,252264,34,,,1,55,,252265,34,,,1,15,,252266,34,,,1,12,,252267,34,,,1,14,,252268,34,,,1,53,,252269,35,,,1,15,,252310,34,,,1,15,,252311,35,,,1,15,,252270,34,,,1,55,,252271,34,,,1,15,,252272,34,,,1,15,,252312,34,,,1,15,,252303,34,,,1,55,,252273,34,,,1,15,,252274,34,,,1,15,,252275,34,,,1,15,,252276,34,,,1,54,,252277,34,,,1,13,,252278,34,,,1,18,,252279,34,,,1,20,,252287,34,,,1,60,,252280,34,,,1,20,,252281,34,,,1,20,,252282,34,,,1,59,,252283,34,,,1,26,,252230,34,,,1,70,,252231,34,,,1,30,,252232,35,,,1,70,,252233,34,,,1,30,,252234,34,,,1,70,,252235,34,,,1
800,'008-Weekday-4-26-09-1111100',540,,209082,35,,,1,60,,209083,35,,,1,20,,209014,34,,,1,23,,209015,34,,,1,65,,209063,34,,,1,16,,209084,35,,,1,12,,209062,34,,,1,12,,209085,34,,,1,52,,209072,35,,,1,12,,209067,34,,,1,12,,209016,34,,,1,12,,209068,34,,,1,12,,209069,35,,,1,52,,209070,34,,,1,13,,209017,35,,,1,11,,209071,34,,,1,13,,209064,34,,,1,17,,209018,34,,,1,55,,209019,35,,,1,15,,209020,34,,,1,15,,209021,34,,,1,15,,209022,35,,,1,55,,209023,34,,,1,16,,209024,35,,,1,16,,209025,34,,,1,15,,209026,35,,,1,55,,209073,34,,,1,15,,209074,34,,,1,15,,209027,35,,,1,15,,209028,34,,,1,55,,209029,34,,,1,15,,209030,34,,,1,15,,209031,35,,,1,15,,209075,34,,,1,55,,209076,34,,,1,15,,209066,35,,,1,12,,209086,34,,,1,12,,209032,34,,,1,53,,209087,34,,,1,13,,209033,34,,,1,13,,209077,34,,,1,12,,209078,35,,,1,12,,209034,34,,,1,52,,209035,34,,,1,12,,209036,35,,,1,12,,209037,34,,,1,12,,209079,34,,,1,12,,209038,34,,,1,52,,209039,34,,,1,12,,209040,34,,,1,12,,209080,34,,,1,12,,209041,34,,,1,15,,209042,34,,,1,55,,209043,34,,,1,15,,209044,34,,,1,12,,209045,34,,,1,14,,209046,34,,,1,53,,209047,35,,,1,15,,209088,34,,,1,15,,209089,35,,,1,15,,209048,34,,,1,55,,209049,34,,,1,15,,209050,34,,,1,15,,209090,34,,,1,15,,209081,34,,,1,55,,209051,34,,,1,15,,209052,34,,,1,15,,209053,34,,,1,15,,209054,34,,,1,54,,209055,34,,,1,13,,209056,34,,,1,18,,209057,34,,,1,20,,209065,34,,,1,60,,209058,34,,,1,20,,209059,34,,,1,20,,209060,34,,,1,59,,209061,34,,,1,26,,209008,34,,,1,70,,209009,34,,,1,30,,209010,35,,,1,70,,209011,34,,,1,30,,209012,34,,,1,70,,209013,34,,,1
800,'008-Weekday-5-26-09-1111100',540,,252388,35,,,1,60,,252389,35,,,1,20,,252320,34,,,1,23,,252321,34,,,1,65,,252369,34,,,1,16,,252390,35,,,1,12,,252368,34,,,1,12,,252391,34,,,1,52,,252378,35,,,1,12,,252373,34,,,1,12,,252322,34,,,1,12,,252374,34,,,1,12,,252375,35,,,1,52,,252376,34,,,1,13,,252323,35,,,1,11,,252377,34,,,1,13,,252370,34,,,1,17,,252324,34,,,1,55,,252325,35,,,1,15,,252326,34,,,1,15,,252327,34,,,1,15,,252328,35,,,1,55,,252329,34,,,1,16,,252330,35,,,1,16,,252331,34,,,1,15,,252332,35,,,1,55,,252379,34,,,1,15,,252380,34,,,1,15,,252333,35,,,1,15,,252334,34,,,1,55,,252335,34,,,1,15,,252336,34,,,1,15,,252337,35,,,1,15,,252381,34,,,1,55,,252382,34,,,1,15,,252372,35,,,1,12,,252392,34,,,1,12,,252338,34,,,1,53,,252393,34,,,1,13,,252339,34,,,1,13,,252383,34,,,1,12,,252384,35,,,1,12,,252340,34,,,1,52,,252341,34,,,1,12,,252342,35,,,1,12,,252343,34,,,1,12,,252385,34,,,1,12,,252344,34,,,1,52,,252345,34,,,1,12,,252346,34,,,1,12,,252386,34,,,1,12,,252347,34,,,1,15,,252348,34,,,1,55,,252349,34,,,1,15,,252350,34,,,1,12,,252351,34,,,1,14,,252352,34,,,1,53,,252353,35,,,1,15,,252394,34,,,1,15,,252395,35,,,1,15,,252354,34,,,1,55,,252355,34,,,1,15,,252356,34,,,1,15,,252396,34,,,1,15,,252387,34,,,1,55,,252357,34,,,1,15,,252358,34,,,1,15,,252359,34,,,1,15,,252360,34,,,1,54,,252361,34,,,1,13,,252362,34,,,1,18,,252363,34,,,1,20,,252371,34,,,1,60,,252364,34,,,1,20,,252365,34,,,1,20,,252366,34,,,1,59,,252367,34,,,1,26,,252314,34,,,1,70,,252315,34,,,1,30,,252316,35,,,1,70,,252317,34,,,1,30,,252318,34,,,1,70,,252319,34,,,1
800,'008-Weekday-6-26-09-1111100',540,,252472,35,,,1,60,,252473,35,,,1,20,,252404,34,,,1,23,,252405,34,,,1,65,,252453,34,,,1,16,,252474,35,,,1,12,,252452,34,,,1,12,,252475,34,,,1,52,,252462,35,,,1,12,,252457,34,,,1,12,,252406,34,,,1,12,,252458,34,,,1,12,,252459,35,,,1,52,,252460,34,,,1,13,,252407,35,,,1,11,,252461,34,,,1,13,,252454,34,,,1,17,,252408,34,,,1,55,,252409,35,,,1,15,,252410,34,,,1,15,,252411,34,,,1,15,,252412,35,,,1,55,,252413,34,,,1,16,,252414,35,,,1,16,,252415,34,,,1,15,,252416,35,,,1,55,,252463,34,,,1,15,,252464,34,,,1,15,,252417,35,,,1,15,,252418,34,,,1,55,,252419,34,,,1,15,,252420,34,,,1,15,,252421,35,,,1,15,,252465,34,,,1,55,,252466,34,,,1,15,,252456,35,,,1,12,,252476,34,,,1,12,,252422,34,,,1,53,,252477,34,,,1,13,,252423,34,,,1,13,,252467,34,,,1,12,,252468,35,,,1,12,,252424,34,,,1,52,,252425,34,,,1,12,,252426,35,,,1,12,,252427,34,,,1,12,,252469,34,,,1,12,,252428,34,,,1,52,,252429,34,,,1,12,,252430,34,,,1,12,,252470,34,,,1,12,,252431,34,,,1,15,,252432,34,,,1,55,,252433,34,,,1,15,,252434,34,,,1,12,,252435,34,,,1,14,,252436,34,,,1,53,,252437,35,,,1,15,,252478,34,,,1,15,,252479,35,,,1,15,,252438,34,,,1,55,,252439,34,,,1,15,,252440,34,,,1,15,,252480,34,,,1,15,,252471,34,,,1,55,,252441,34,,,1,15,,252442,34,,,1,15,,252443,34,,,1,15,,252444,34,,,1,54,,252445,34,,,1,13,,252446,34,,,1,18,,252447,34,,,1,20,,252455,34,,,1,60,,252448,34,,,1,20,,252449,34,,,1,20,,252450,34,,,1,59,,252451,34,,,1,26,,252398,34,,,1,70,,252399,34,,,1,30,,252400,35,,,1,70,,252401,34,,,1,30,,252402,34,,,1,70,,252403,34,,,1
800,'008-Weekday-7-26-09-1111100',540,,252556,35,,,1,60,,252557,35,,,1,20,,252488,34,,,1,23,,252489,34,,,1,65,,252537,34,,,1,16,,252558,35,,,1,12,,252536,34,,,1,12,,252559,34,,,1,52,,252546,35,,,1,12,,252541,34,,,1,12,,252490,34,,,1,12,,252542,34,,,1,12,,252543,35,,,1,52,,252544,34,,,1,13,,252491,35,,,1,11,,252545,34,,,1,13,,252538,34,,,1,17,,252492,34,,,1,55,,252493,35,,,1,15,,252494,34,,,1,15,,252495,34,,,1,15,,252496,35,,,1,55,,252497,34,,,1,16,,252498,35,,,1,16,,252499,34,,,1,15,,252500,35,,,1,55,,252547,34,,,1,15,,252548,34,,,1,15,,252501,35,,,1,15,,252502,34,,,1,55,,252503,34,,,1,15,,252504,34,,,1,15,,252505,35,,,1,15,,252549,34,,,1,55,,252550,34,,,1,15,,252540,35,,,1,12,,252560,34,,,1,12,,252506,34,,,1,53,,252561,34,,,1,13,,252507,34,,,1,13,,252551,34,,,1,12,,252552,35,,,1,12,,252508,34,,,1,52,,252509,34,,,1,12,,252510,35,,,1,12,,252511,34,,,1,12,,252553,34,,,1,12,,252512,34,,,1,52,,252513,34,,,1,12,,252514,34,,,1,12,,252554,34,,,1,12,,252515,34,,,1,15,,252516,34,,,1,55,,252517,34,,,1,15,,252518,34,,,1,12,,252519,34,,,1,14,,252520,34,,,1,53,,252521,35,,,1,15,,252562,34,,,1,15,,252563,35,,,1,15,,252522,34,,,1,55,,252523,34,,,1,15,,252524,34,,,1,15,,252564,34,,,1,15,,252555,34,,,1,55,,252525,34,,,1,15,,252526,34,,,1,15,,252527,34,,,1,15,,252528,34,,,1,54,,252529,34,,,1,13,,252530,34,,,1,18,,252531,34,,,1,20,,252539,34,,,1,60,,252532,34,,,1,20,,252533,34,,,1,20,,252534,34,,,1,59,,252535,34,,,1,26,,252482,34,,,1,70,,252483,34,,,1,30,,252484,35,,,1,70,,252485,34,,,1,30,,252486,34,,,1,70,,252487,34,,,1
800,'008-Saturday-1-26-09-0000010',556,,209091,35,,,1,60,,209092,35,,,1,20,,209093,35,,,1,20,,209094,34,,,1,60,,209095,34,,,1,20,,209096,34,,,1,20,,209097,34,,,1,60,,209163,34,,,1,20,,209164,34,,,1,18,,209098,35,,,1,58,,209099,34,,,1,20,,209101,34,,,1,16,,209102,34,,,1,55,,209103,35,,,1,15,,209100,34,,,1,15,,209104,34,,,1,17,,209105,34,,,1,56,,209106,34,,,1,15,,209107,34,,,1,15,,209108,34,,,1,16,,209109,34,,,1,55,,209110,34,,,1,15,,209111,34,,,1,15,,209112,34,,,1,15,,209113,34,,,1,55,,209114,34,,,1,15,,209115,34,,,1,15,,209116,34,,,1,15,,209117,34,,,1,55,,209118,35,,,1,15,,209119,34,,,1,15,,209120,34,,,1,15,,209121,34,,,1,55,,209122,34,,,1,15,,209123,34,,,1,15,,209124,34,,,1,15,,209125,34,,,1,55,,209126,34,,,1,15,,209127,34,,,1,15,,209128,34,,,1,15,,209129,35,,,1,54,,209130,34,,,1,14,,209131,34,,,1,15,,209132,34,,,1,15,,209133,34,,,1,55,,209134,34,,,1,15,,209135,34,,,1,15,,209137,34,,,1,15,,209138,34,,,1,55,,209139,34,,,1,15,,209136,35,,,1,15,,209140,34,,,1,15,,209141,34,,,1,55,,209142,34,,,1,15,,209143,34,,,1,15,,209144,34,,,1,15,,209145,35,,,1,55,,209146,34,,,1,15,,209147,34,,,1,15,,209148,34,,,1,15,,209149,34,,,1,55,,209150,34,,,1,15,,209151,34,,,1,15,,209162,34,,,1,20,,209152,34,,,1,60,,209153,34,,,1,20,,209154,34,,,1,20,,209155,34,,,1,60,,209156,34,,,1,30,,209157,34,,,1,70,,209158,34,,,1,30,,209159,34,,,1,70,,209160,35,,,1,30,,209161,34,,,1,70,,209165,34,,,1
800,'008-Sunday-1-26-09-0000001',600,,209231,35,,,1,20,,209166,35,,,1,20,,209167,35,,,1,60,,209168,35,,,1,20,,209169,35,,,1,21,,209170,35,,,1,59,,209171,35,,,1,19,,209172,34,,,1,21,,209173,35,,,1,61,,209174,35,,,1,23,,209175,34,,,1,18,,209176,34,,,1,16,,209177,35,,,1,55,,209178,34,,,1,20,,209179,34,,,1,16,,209225,34,,,1,56,,209180,34,,,1,14,,209181,34,,,1,15,,209182,34,,,1,15,,209183,34,,,1,55,,209184,34,,,1,15,,209185,34,,,1,15,,209187,34,,,1,16,,209188,34,,,1,55,,209189,34,,,1,15,,209186,34,,,1,14,,209190,34,,,1,15,,209191,35,,,1,55,,209192,34,,,1,16,,209193,34,,,1,14,,209194,34,,,1,15,,209195,35,,,1,55,,209196,34,,,1,16,,209197,34,,,1,14,,209198,34,,,1,15,,209199,34,,,1,55,,209200,34,,,1,16,,209201,34,,,1,15,,209202,34,,,1,14,,209203,35,,,1,55,,209204,35,,,1,14,,209205,34,,,1,14,,209206,34,,,1,14,,209207,34,,,1,55,,209208,34,,,1,13,,209209,34,,,1,14,,209210,34,,,1,15,,209211,34,,,1,15,,209212,34,,,1,55,,209213,34,,,1,15,,209214,34,,,1,15,,209215,35,,,1,15,,209232,34,,,1,60,,209233,34,,,1,20,,209234,35,,,1,20,,209235,34,,,1,60,,209236,35,,,1,19,,209227,35,,,1,20,,209228,35,,,1,59,,209229,34,,,1,20,,209230,35,,,1,20,,209226,35,,,1,59,,209216,34,,,1,30,,209217,34,,,1,71,,209218,34,,,1,29,,209219,34,,,1,70,,209220,34,,,1,30,,209221,34,,,1,71,,209222,34,,,1,26,,209223,34,,,1,70,,209224,34,,,1
11100,'111-Weekday-1-26-09-1111100',916,,217215,19,,,1,100,,217216,19,,,1,100,,217217,19,,,1,100,,217218,19,,,1,100,,217219,19,,,1,100,,217220,19,,,1,100,,217221,19,,,1
11100,'111-Weekday-2-26-09-1111100',916,,217222,19,,,1,100,,217223,19,,,1,100,,217224,19,,,1,100,,217225,19,,,1,100,,217226,19,,,1,100,,217227,19,,,1,100,,217228,19,,,1
11100,'111-Weekday-3-26-09-1111100',916,,260746,19,,,1,100,,260747,19,,,1,100,,260748,19,,,1,100,,260749,19,,,1,100,,260750,19,,,1,100,,260751,19,,,1,100,,260752,19,,,1
11100,'111-Weekday-4-26-09-1111100',916,,217229,19,,,1,100,,217230,19,,,1,100,,217231,19,,,1,100,,217232,19,,,1,100,,217233,19,,,1,100,,217234,19,,,1,100,,217235,19,,,1
11100,'111-Weekday-5-26-09-1111100',916,,260753,19,,,1,100,,260754,19,,,1,100,,260755,19,,,1,100,,260756,19,,,1,100,,260757,19,,,1,100,,260758,19,,,1,100,,260759,19,,,1
11100,'111-Weekday-6-26-09-1111100',916,,260760,19,,,1,100,,260761,19,,,1,100,,260762,19,,,1,100,,260763,19,,,1,100,,260764,19,,,1,100,,260765,19,,,1,100,,260766,19,,,1
11100,'111-Weekday-7-26-09-1111100',916,,260767,19,,,1,100,,260768,19,,,1,100,,260769,19,,,1,100,,260770,19,,,1,100,,260771,19,,,1,100,,260772,19,,,1,100,,260773,19,,,1
11100,'111-Saturday-1-26-09-0000010',916,,217241,19,0,34,1,100,,217242,19,0,34,1,100,,217238,19,0,34,1,100,,217239,19,0,34,1,100,,217240,19,0,34,1,100,,217236,19,0,34,1,100,,217237,19,0,34,1
11101,'111-Weekday-1-26-09-1111100',1000,,217243,41,,,1,100,,217244,41,,,1,100,,217245,41,,,1,100,,217246,41,,,1,100,,217247,41,,,1,100,,217248,41,,,1,100,,217249,41,,,1
11101,'111-Weekday-2-26-09-1111100',1000,,217250,41,,,1,100,,217251,41,,,1,100,,217252,41,,,1,100,,217253,41,,,1,100,,217254,41,,,1,100,,217255,41,,,1,100,,217256,41,,,1
11101,'111-Weekday-3-26-09-1111100',1000,,260774,41,,,1,100,,260775,41,,,1,100,,260776,41,,,1,100,,260777,41,,,1,100,,260778,41,,,1,100,,260779,41,,,1,100,,260780,41,,,1
11101,'111-Weekday-4-26-09-1111100',1000,,217257,41,,,1,100,,217258,41,,,1,100,,217259,41,,,1,100,,217260,41,,,1,100,,217261,41,,,1,100,,217262,41,,,1,100,,217263,41,,,1
11101,'111-Weekday-5-26-09-1111100',1000,,260781,41,,,1,100,,260782,41,,,1,100,,260783,41,,,1,100,,260784,41,,,1,100,,260785,41,,,1,100,,260786,41,,,1,100,,260787,41,,,1
11101,'111-Weekday-6-26-09-1111100',1000,,260788,41,,,1,100,,260789,41,,,1,100,,260790,41,,,1,100,,260791,41,,,1,100,,260792,41,,,1,100,,260793,41,,,1,100,,260794,41,,,1
11101,'111-Weekday-7-26-09-1111100',1000,,260795,41,,,1,100,,260796,41,,,1,100,,260797,41,,,1,100,,260798,41,,,1,100,,260799,41,,,1,100,,260800,41,,,1,100,,260801,41,,,1
11101,'111-Saturday-1-26-09-0000010',943,,217264,34,,,1,100,,217266,34,,,1,100,,217267,34,,,1,100,,217268,34,,,1,100,,217269,34,,,1,100,,217270,34,,,1,100,,217265,34,,,1
56001,'560-Weekday-1-26-09-1111100',649,,227250,17,0,35 36,1,60,,227251,17,0,35 36,1,20,,227252,17,0,35 36,1,15,,227253,17,0,35 36,1,60,,227255,17,0,35 36,1,110,,227259,17,0,35 36,1,115,,227262,17,0,35 36,1,100,,227263,17,0,35 36,1,100,,227264,17,0,35 36,1,100,,227265,17,0,35 36,1,30,,227266,17,0,35 36,1,70,,227267,17,0,35 36,1,24,,227268,17,0,35 36,1,60,,227269,17,0,35 36,1,20,,227270,17,0,35 36,1,20,,227271,17,0,35 36,1,60,,227272,17,0,35 36,1,20,,227273,17,0,35 36,1,15,,227275,17,0,35 36,1,55,,227276,17,0,35 36,1,15,,227278,17,0,35 36,1,40,,227281,17,0,35 36,1,142,,227284,17,0,35 36,1,202,,227286,17,0,35 36,1
56001,'560-Weekday-2-26-09-1111100',649,,227288,17,0,35 36,1,60,,227289,17,0,35 36,1,20,,227290,17,0,35 36,1,15,,227291,17,0,35 36,1,60,,227293,17,0,35 36,1,110,,227297,17,0,35 36,1,115,,227300,17,0,35 36,1,100,,227301,17,0,35 36,1,100,,227302,17,0,35 36,1,100,,227303,17,0,35 36,1,30,,227304,17,0,35 36,1,70,,227305,17,0,35 36,1,24,,227306,17,0,35 36,1,60,,227307,17,0,35 36,1,20,,227308,17,0,35 36,1,20,,227309,17,0,35 36,1,60,,227310,17,0,35 36,1,20,,227311,17,0,35 36,1,15,,227313,17,0,35 36,1,55,,227314,17,0,35 36,1,15,,227316,17,0,35 36,1,40,,227319,17,0,35 36,1,142,,227322,17,0,35 36,1,202,,227324,17,0,35 36,1
56001,'560-Weekday-3-26-09-1111100',649,,270156,17,0,35 36,1,60,,270157,17,0,35 36,1,20,,270158,17,0,35 36,1,15,,270159,17,0,35 36,1,60,,270161,17,0,35 36,1,110,,270165,17,0,35 36,1,115,,270168,17,0,35 36,1,100,,270169,17,0,35 36,1,100,,270170,17,0,35 36,1,100,,270171,17,0,35 36,1,30,,270172,17,0,35 36,1,70,,270173,17,0,35 36,1,24,,270174,17,0,35 36,1,60,,270175,17,0,35 36,1,20,,270176,17,0,35 36,1,20,,270177,17,0,35 36,1,60,,270178,17,0,35 36,1,20,,270179,17,0,35 36,1,15,,270181,17,0,35 36,1,55,,270182,17,0,35 36,1,15,,270184,17,0,35 36,1,40,,270187,17,0,35 36,1,142,,270190,17,0,35 36,1,202,,270192,17,0,35 36,1
56001,'560-Weekday-4-26-09-1111100',649,,227326,17,0,35 36,1,60,,227327,17,0,35 36,1,20,,227328,17,0,35 36,1,15,,227329,17,0,35 36,1,60,,227331,17,0,35 36,1,110,,227335,17,0,35 36,1,115,,227338,17,0,35 36,1,100,,227339,17,0,35 36,1,100,,227340,17,0,35 36,1,100,,227341,17,0,35 36,1,30,,227342,17,0,35 36,1,70,,227343,17,0,35 36,1,24,,227344,17,0,35 36,1,60,,227345,17,0,35 36,1,20,,227346,17,0,35 36,1,20,,227347,17,0,35 36,1,60,,227348,17,0,35 36,1,20,,227349,17,0,35 36,1,15,,227351,17,0,35 36,1,55,,227352,17,0,35 36,1,15,,227354,17,0,35 36,1,40,,227357,17,0,35 36,1,142,,227360,17,0,35 36,1,202,,227362,17,0,35 36,1
56001,'560-Weekday-6-26-09-1111100',709,,270195,17,0,35 36,1,95,,270198,17,0,35 36,1,110,,270200,17,0,35 36,1,115,,270201,17,0,35 36,1,100,,270202,17,0,35 36,1,100,,270203,17,0,35 36,1,100,,270204,17,0,35 36,1,100,,270205,17,0,35 36,1,104,,270206,17,0,35 36,1,20,,270207,17,0,35 36,1,80,,270208,17,0,35 36,1,15,,270210,17,0,35 36,1,55,,270211,17,0,35 36,1,25,,270213,17,0,35 36,1,30,,270215,17,0,35 36,1,142,,270218,17,0,35 36,1,202,,270220,17,0,35 36,1
90200,'902-Weekday-1-26-09-1111100',548,,236552,23,,,1,70,,236518,23,,,1,36,,236519,23,,,1,70,,236553,23,,,1,30,,236520,22,,,1,64,,236521,22,,,1,24,,236522,22,,,1,64,,236523,22,,,1,25,,236554,22,,,1,24,,236524,22,,,1,60,,236525,22,,,1,20,,236526,22,,,1,20,,236527,22,,,1,60,,236555,22,,,1,20,,236528,22,,,1,20,,236529,22,,,1,60,,236556,22,,,1,20,,236557,22,,,1,20,,236530,23,,,1,60,,236531,22,,,1,20,,236532,22,,,1,20,,236533,22,,,1,60,,236534,23,,,1,20,,236558,23,,,1,20,,236535,23,,,1,55,,236536,22,,,1,14,,236537,22,,,1,13,,236560,22,,,1,12,,236561,22,,,1,52,,236538,23,,,1,12,,236562,22,,,1,12,,236539,23,,,1,12,,236563,22,,,1,12,,236564,23,,,1,52,,236540,22,,,1,12,,236565,22,,,1,12,,236541,23,,,1,12,,236559,23,,,1,12,,236567,22,,,1,52,,236542,22,,,1,26,,236543,22,,,1,26,,236544,22,,,1,70,,236545,23,,,1,30,,236546,23,,,1,70,,236547,22,,,1,30,,236548,22,,,1,70,,236549,22,,,1,30,,236550,22,,,1,67,,236551,22,,,1,100,,236566,22,,,1
90200,'902-Weekday-2-26-09-1111100',548,,236602,23,,,1,70,,236568,23,,,1,36,,236569,23,,,1,70,,236603,23,,,1,30,,236570,22,,,1,64,,236571,22,,,1,24,,236572,22,,,1,64,,236573,22,,,1,25,,236604,22,,,1,24,,236574,22,,,1,60,,236575,22,,,1,20,,236576,22,,,1,20,,236577,22,,,1,60,,236605,22,,,1,20,,236578,22,,,1,20,,236579,22,,,1,60,,236606,22,,,1,20,,236607,22,,,1,20,,236580,23,,,1,60,,236581,22,,,1,20,,236582,22,,,1,20,,236583,22,,,1,60,,236584,23,,,1,20,,236608,23,,,1,20,,236585,23,,,1,55,,236586,22,,,1,14,,236587,22,,,1,13,,236610,22,,,1,12,,236611,22,,,1,52,,236588,23,,,1,12,,236612,22,,,1,12,,236589,23,,,1,12,,236613,22,,,1,12,,236614,23,,,1,52,,236590,22,,,1,12,,236615,22,,,1,12,,236591,23,,,1,12,,236609,23,,,1,12,,236617,22,,,1,52,,236592,22,,,1,26,,236593,22,,,1,26,,236594,22,,,1,70,,236595,23,,,1,30,,236596,23,,,1,70,,236597,22,,,1,30,,236598,22,,,1,70,,236599,22,,,1,30,,236600,22,,,1,67,,236601,22,,,1,100,,236616,22,,,1
90200,'902-Weekday-3-26-09-1111100',548,,279215,23,,,1,70,,279181,23,,,1,36,,279182,23,,,1,70,,279216,23,,,1,30,,279183,22,,,1,64,,279184,22,,,1,24,,279185,22,,,1,64,,279186,22,,,1,25,,279217,22,,,1,24,,279187,22,,,1,60,,279188,22,,,1,20,,279189,22,,,1,20,,279190,22,,,1,60,,279218,22,,,1,20,,279191,22,,,1,20,,279192,22,,,1,60,,279219,22,,,1,20,,279220,22,,,1,20,,279193,23,,,1,60,,279194,22,,,1,20,,279195,22,,,1,20,,279196,22,,,1,60,,279197,23,,,1,20,,279221,23,,,1,20,,279198,23,,,1,55,,279199,22,,,1,14,,279200,22,,,1,13,,279223,22,,,1,12,,279224,22,,,1,52,,279201,23,,,1,12,,279225,22,,,1,12,,279202,23,,,1,12,,279226,22,,,1,12,,279227,23,,,1,52,,279203,22,,,1,12,,279228,22,,,1,12,,279204,23,,,1,12,,279222,23,,,1,12,,279230,22,,,1,52,,279205,22,,,1,26,,279206,22,,,1,26,,279207,22,,,1,70,,279208,23,,,1,30,,279209,23,,,1,70,,279210,22,,,1,30,,279211,22,,,1,70,,279212,22,,,1,30,,279213,22,,,1,67,,279214,22,,,1,100,,279229,22,,,1
90200,'902-Weekday-4-26-09-1111100',548,,236652,23,,,1,70,,236618,23,,,1,36,,236619,23,,,1,70,,236653,23,,,1,30,,236620,22,,,1,64,,236621,22,,,1,24,,236622,22,,,1,64,,236623,22,,,1,25,,236654,22,,,1,24,,236624,22,,,1,60,,236625,22,,,1,20,,236626,22,,,1,20,,236627,22,,,1,60,,236655,22,,,1,20,,236628,22,,,1,20,,236629,22,,,1,60,,236656,22,,,1,20,,236657,22,,,1,20,,236630,23,,,1,60,,236631,22,,,1,20,,236632,22,,,1,20,,236633,22,,,1,60,,236634,23,,,1,20,,236658,23,,,1,20,,236635,23,,,1,55,,236636,22,,,1,14,,236637,22,,,1,13,,236660,22,,,1,12,,236661,22,,,1,52,,236638,23,,,1,12,,236662,22,,,1,12,,236639,23,,,1,12,,236663,22,,,1,12,,236664,23,,,1,52,,236640,22,,,1,12,,236665,22,,,1,12,,236641,23,,,1,12,,236659,23,,,1,12,,236667,22,,,1,52,,236642,22,,,1,26,,236643,22,,,1,26,,236644,22,,,1,70,,236645,23,,,1,30,,236646,23,,,1,70,,236647,22,,,1,30,,236648,22,,,1,70,,236649,22,,,1,30,,236650,22,,,1,67,,236651,22,,,1,100,,236666,22,,,1
90200,'902-Weekday-5-26-09-1111100',548,,279265,23,,,1,70,,279231,23,,,1,36,,279232,23,,,1,70,,279266,23,,,1,30,,279233,22,,,1,64,,279234,22,,,1,24,,279235,22,,,1,64,,279236,22,,,1,25,,279267,22,,,1,24,,279237,22,,,1,60,,279238,22,,,1,20,,279239,22,,,1,20,,279240,22,,,1,60,,279268,22,,,1,20,,279241,22,,,1,20,,279242,22,,,1,60,,279269,22,,,1,20,,279270,22,,,1,20,,279243,23,,,1,60,,279244,22,,,1,20,,279245,22,,,1,20,,279246,22,,,1,60,,279247,23,,,1,20,,279271,23,,,1,20,,279248,23,,,1,55,,279249,22,,,1,14,,279250,22,,,1,13,,279273,22,,,1,12,,279274,22,,,1,52,,279251,23,,,1,12,,279275,22,,,1,12,,279252,23,,,1,12,,279276,22,,,1,12,,279277,23,,,1,52,,279253,22,,,1,12,,279278,22,,,1,12,,279254,23,,,1,12,,279272,23,,,1,12,,279280,22,,,1,52,,279255,22,,,1,26,,279256,22,,,1,26,,279257,22,,,1,70,,279258,23,,,1,30,,279259,23,,,1,70,,279260,22,,,1,30,,279261,22,,,1,70,,279262,22,,,1,30,,279263,22,,,1,67,,279264,22,,,1,100,,279279,22,,,1
90200,'902-Weekday-6-26-09-1111100',548,,279315,23,,,1,70,,279281,23,,,1,36,,279282,23,,,1,70,,279316,23,,,1,30,,279283,22,,,1,64,,279284,22,,,1,24,,279285,22,,,1,64,,279286,22,,,1,25,,279317,22,,,1,24,,279287,22,,,1,60,,279288,22,,,1,20,,279289,22,,,1,20,,279290,22,,,1,60,,279318,22,,,1,20,,279291,22,,,1,20,,279292,22,,,1,60,,279319,22,,,1,20,,279320,22,,,1,20,,279293,23,,,1,60,,279294,22,,,1,20,,279295,22,,,1,20,,279296,22,,,1,60,,279297,23,,,1,20,,279321,23,,,1,20,,279298,23,,,1,55,,279299,22,,,1,14,,279300,22,,,1,13,,279323,22,,,1,12,,279324,22,,,1,52,,279301,23,,,1,12,,279325,22,,,1,12,,279302,23,,,1,12,,279326,22,,,1,12,,279327,23,,,1,52,,279303,22,,,1,12,,279328,22,,,1,12,,279304,23,,,1,12,,279322,23,,,1,12,,279330,22,,,1,52,,279305,22,,,1,26,,279306,22,,,1,26,,279307,22,,,1,70,,279308,23,,,1,30,,279309,23,,,1,70,,279310,22,,,1,30,,279311,22,,,1,70,,279312,22,,,1,30,,279313,22,,,1,67,,279314,22,,,1,100,,279329,22,,,1
90200,'902-Weekday-7-26-09-1111100',548,,279365,23,,,1,70,,279331,23,,,1,36,,279332,23,,,1,70,,279366,23,,,1,30,,279333,22,,,1,64,,279334,22,,,1,24,,279335,22,,,1,64,,279336,22,,,1,25,,279367,22,,,1,24,,279337,22,,,1,60,,279338,22,,,1,20,,279339,22,,,1,20,,279340,22,,,1,60,,279368,22,,,1,20,,279341,22,,,1,20,,279342,22,,,1,60,,279369,22,,,1,20,,279370,22,,,1,20,,279343,23,,,1,60,,279344,22,,,1,20,,279345,22,,,1,20,,279346,22,,,1,60,,279347,23,,,1,20,,279371,23,,,1,20,,279348,23,,,1,55,,279349,22,,,1,14,,279350,22,,,1,13,,279373,22,,,1,12,,279374,22,,,1,52,,279351,23,,,1,12,,279375,22,,,1,12,,279352,23,,,1,12,,279376,22,,,1,12,,279377,23,,,1,52,,279353,22,,,1,12,,279378,22,,,1,12,,279354,23,,,1,12,,279372,23,,,1,12,,279380,22,,,1,52,,279355,22,,,1,26,,279356,22,,,1,26,,279357,22,,,1,70,,279358,23,,,1,30,,279359,23,,,1,70,,279360,22,,,1,30,,279361,22,,,1,70,,279362,22,,,1,30,,279363,22,,,1,67,,279364,22,,,1,100,,279379,22,,,1
90200,'902-Saturday-1-26-09-0000010',606,,236668,23,,,1,100,,236669,22,,,1,100,,236670,22,,,1,37,,236671,23,,,1,73,,236672,23,,,1,31,,236673,22,,,1,70,,236674,22,,,1,30,,236675,22,,,1,70,,236676,22,,,1,30,,236677,22,,,1,70,,236678,22,,,1,30,,236679,22,,,1,70,,236680,22,,,1,30,,236681,22,,,1,70,,236682,22,,,1,30,,236683,22,,,1,70,,236684,22,,,1,30,,236685,22,,,1,70,,236686,22,,,1,30,,236687,22,,,1,68,,236688,22,,,1,33,,236694,22,,,1,70,,236695,22,,,1,30,,236696,22,,,1,100,,236689,22,,,1,100,,236690,23,,,1,100,,236691,22,,,1,100,,236692,22,,,1,100,,236693,22,,,1
90200,'902-Sunday-1-26-09-0000001',608,,236697,23,,,1,100,,236698,22,,,1,100,,236699,22,,,1,100,,236722,22,,,1,100,,236723,22,,,1,45,,236724,23,,,1,70,,236700,22,,,1,30,,236701,22,,,1,70,,236702,22,,,1,30,,236703,22,,,1,70,,236704,22,,,1,30,,236705,23,,,1,70,,236706,22,,,1,30,,236707,22,,,1,70,,236708,23,,,1,30,,236709,22,,,1,70,,236710,22,,,1,30,,236711,22,,,1,69,,236712,22,,,1,30,,236713,22,,,1,70,,236714,22,,,1,30,,236715,22,,,1,70,,236716,22,,,1,100,,236717,22,,,1,100,,236718,22,,,1,100,,236719,22,,,1,100,,236720,22,,,1,100,,236721,22,,,1
24011000,'110X-Weekday-1-26-09-1111100',615,,244305,11,,,1,33,,244304,11,,,1,60,,244251,11,,,1,20,,244253,11,,,1,20,,244295,11,,,1,60,,244296,11,,,1,20,,244297,11,,,1,20,,244298,11,,,1,60,,244271,11,,,1,20,,244279,11,,,1,20,,244278,11,,,1,60,,244277,11,,,1,20,,244276,11,,,1,20,,244275,11,,,1,60,,244282,11,,,1,20,,244274,11,,,1,12,,244266,11,,,1,12,,244255,11,,,1,52,,244252,11,,,1,12,,244268,11,,,1,12,,244273,11,,,1,12,,244272,11,,,1,12,,244280,11,,,1,52,,244283,11,,,1,12,,244281,11,,,1,12,,244294,11,,,1,12,,244293,11,,,1,10,,244262,11,,,1,50,,244263,11,,,1,10,,244260,11,,,1,10,,244259,11,,,1,10,,244265,11,,,1,10,,244254,11,,,1,10,,244267,11,,,1,7,,244256,11,,,1,49,,244257,11,,,1,5,,244264,11,,,1,5,,244258,11,,,1,7,,244270,11,,,1,8,,244261,11,,,1,4,,244269,11,,,1,7,,244299,11,,,1,8,,244300,11,,,1,7,,244301,11,,,1,46,,244307,11,,,1,10,,244302,11,,,1,10,,244303,11,,,1,10,,244290,11,,,1,10,,244289,11,,,1,10,,244288,11,,,1,50,,244287,11,,,1,15,,244286,11,,,1,15,,244285,11,,,1,15,,244306,11,,,1,55,,244284,11,,,1,15,,244291,11,,,1,27,,244292,11,,,1,75,,244308,11,,,1,30,,244309,11,,,1,70,,244310,11,,,1,30,,244311,11,,,1,70,,244312,11,,,1,30,,244313,11,,,1
24011000,'110X-Weekday-2-26-09-1111100',615,,244368,11,,,1,33,,244367,11,,,1,60,,244314,11,,,1,20,,244316,11,,,1,20,,244358,11,,,1,60,,244359,11,,,1,20,,244360,11,,,1,20,,244361,11,,,1,60,,244334,11,,,1,20,,244342,11,,,1,20,,244341,11,,,1,60,,244340,11,,,1,20,,244339,11,,,1,20,,244338,11,,,1,60,,244345,11,,,1,20,,244337,11,,,1,12,,244329,11,,,1,12,,244318,11,,,1,52,,244315,11,,,1,12,,244331,11,,,1,12,,244336,11,,,1,12,,244335,11,,,1,12,,244343,11,,,1,52,,244346,11,,,1,12,,244344,11,,,1,12,,244357,11,,,1,12,,244356,11,,,1,10,,244325,11,,,1,50,,244326,11,,,1,10,,244323,11,,,1,10,,244322,11,,,1,10,,244328,11,,,1,10,,244317,11,,,1,10,,244330,11,,,1,7,,244319,11,,,1,49,,244320,11,,,1,5,,244327,11,,,1,5,,244321,11,,,1,7,,244333,11,,,1,8,,244324,11,,,1,4,,244332,11,,,1,7,,244362,11,,,1,8,,244363,11,,,1,7,,244364,11,,,1,46,,244370,11,,,1,10,,244365,11,,,1,10,,244366,11,,,1,10,,244353,11,,,1,10,,244352,11,,,1,10,,244351,11,,,1,50,,244350,11,,,1,15,,244349,11,,,1,15,,244348,11,,,1,15,,244369,11,,,1,55,,244347,11,,,1,15,,244354,11,,,1,27,,244355,11,,,1,75,,244371,11,,,1,30,,244372,11,,,1,70,,244373,11,,,1,30,,244374,11,,,1,70,,244375,11,,,1,30,,244376,11,,,1
24011000,'110X-Weekday-3-26-09-1111100',615,,286668,11,,,1,33,,286667,11,,,1,60,,286614,11,,,1,20,,286616,11,,,1,20,,286658,11,,,1,60,,286659,11,,,1,20,,286660,11,,,1,20,,286661,11,,,1,60,,286634,11,,,1,20,,286642,11,,,1,20,,286641,11,,,1,60,,286640,11,,,1,20,,286639,11,,,1,20,,286638,11,,,1,60,,286645,11,,,1,20,,286637,11,,,1,12,,286629,11,,,1,12,,286618,11,,,1,52,,286615,11,,,1,12,,286631,11,,,1,12,,286636,11,,,1,12,,286635,11,,,1,12,,286643,11,,,1,52,,286646,11,,,1,12,,286644,11,,,1,12,,286657,11,,,1,12,,286656,11,,,1,10,,286625,11,,,1,50,,286626,11,,,1,10,,286623,11,,,1,10,,286622,11,,,1,10,,286628,11,,,1,10,,286617,11,,,1,10,,286630,11,,,1,7,,286619,11,,,1,49,,286620,11,,,1,5,,286627,11,,,1,5,,286621,11,,,1,7,,286633,11,,,1,8,,286624,11,,,1,4,,286632,11,,,1,7,,286662,11,,,1,8,,286663,11,,,1,7,,286664,11,,,1,46,,286670,11,,,1,10,,286665,11,,,1,10,,286666,11,,,1,10,,286653,11,,,1,10,,286652,11,,,1,10,,286651,11,,,1,50,,286650,11,,,1,15,,286649,11,,,1,15,,286648,11,,,1,15,,286669,11,,,1,55,,286647,11,,,1,15,,286654,11,,,1,27,,286655,11,,,1,75,,286671,11,,,1,30,,286672,11,,,1,70,,286673,11,,,1,30,,286674,11,,,1,70,,286675,11,,,1,30,,286676,11,,,1
24011000,'110X-Weekday-4-26-09-1111100',615,,244431,11,,,1,33,,244430,11,,,1,60,,244377,11,,,1,20,,244379,11,,,1,20,,244421,11,,,1,60,,244422,11,,,1,20,,244423,11,,,1,20,,244424,11,,,1,60,,244397,11,,,1,20,,244405,11,,,1,20,,244404,11,,,1,60,,244403,11,,,1,20,,244402,11,,,1,20,,244401,11,,,1,60,,244408,11,,,1,20,,244400,11,,,1,12,,244392,11,,,1,12,,244381,11,,,1,52,,244378,11,,,1,12,,244394,11,,,1,12,,244399,11,,,1,12,,244398,11,,,1,12,,244406,11,,,1,52,,244409,11,,,1,12,,244407,11,,,1,12,,244420,11,,,1,12,,244419,11,,,1,10,,244388,11,,,1,50,,244389,11,,,1,10,,244386,11,,,1,10,,244385,11,,,1,10,,244391,11,,,1,10,,244380,11,,,1,10,,244393,11,,,1,7,,244382,11,,,1,49,,244383,11,,,1,5,,244390,11,,,1,5,,244384,11,,,1,7,,244396,11,,,1,8,,244387,11,,,1,4,,244395,11,,,1,7,,244425,11,,,1,8,,244426,11,,,1,7,,244427,11,,,1,46,,244433,11,,,1,10,,244428,11,,,1,10,,244429,11,,,1,10,,244416,11,,,1,10,,244415,11,,,1,10,,244414,11,,,1,50,,244413,11,,,1,15,,244412,11,,,1,15,,244411,11,,,1,15,,244432,11,,,1,55,,244410,11,,,1,15,,244417,11,,,1,27,,244418,11,,,1,75,,244434,11,,,1,30,,244435,11,,,1,70,,244436,11,,,1,30,,244437,11,,,1,70,,244438,11,,,1,30,,244439,11,,,1
24011000,'110X-Weekday-5-26-09-1111100',615,,286731,11,,,1,33,,286730,11,,,1,60,,286677,11,,,1,20,,286679,11,,,1,20,,286721,11,,,1,60,,286722,11,,,1,20,,286723,11,,,1,20,,286724,11,,,1,60,,286697,11,,,1,20,,286705,11,,,1,20,,286704,11,,,1,60,,286703,11,,,1,20,,286702,11,,,1,20,,286701,11,,,1,60,,286708,11,,,1,20,,286700,11,,,1,12,,286692,11,,,1,12,,286681,11,,,1,52,,286678,11,,,1,12,,286694,11,,,1,12,,286699,11,,,1,12,,286698,11,,,1,12,,286706,11,,,1,52,,286709,11,,,1,12,,286707,11,,,1,12,,286720,11,,,1,12,,286719,11,,,1,10,,286688,11,,,1,50,,286689,11,,,1,10,,286686,11,,,1,10,,286685,11,,,1,10,,286691,11,,,1,10,,286680,11,,,1,10,,286693,11,,,1,7,,286682,11,,,1,49,,286683,11,,,1,5,,286690,11,,,1,5,,286684,11,,,1,7,,286696,11,,,1,8,,286687,11,,,1,4,,286695,11,,,1,7,,286725,11,,,1,8,,286726,11,,,1,7,,286727,11,,,1,46,,286733,11,,,1,10,,286728,11,,,1,10,,286729,11,,,1,10,,286716,11,,,1,10,,286715,11,,,1,10,,286714,11,,,1,50,,286713,11,,,1,15,,286712,11,,,1,15,,286711,11,,,1,15,,286732,11,,,1,55,,286710,11,,,1,15,,286717,11,,,1,27,,286718,11,,,1,75,,286734,11,,,1,30,,286735,11,,,1,70,,286736,11,,,1,30,,286737,11,,,1,70,,286738,11,,,1,30,,286739,11,,,1
24011000,'110X-Weekday-6-26-09-1111100',615,,286794,11,,,1,33,,286793,11,,,1,60,,286740,11,,,1,20,,286742,11,,,1,20,,286784,11,,,1,60,,286785,11,,,1,20,,286786,11,,,1,20,,286787,11,,,1,60,,286760,11,,,1,20,,286768,11,,,1,20,,286767,11,,,1,60,,286766,11,,,1,20,,286765,11,,,1,20,,286764,11,,,1,60,,286771,11,,,1,20,,286763,11,,,1,12,,286755,11,,,1,12,,286744,11,,,1,52,,286741,11,,,1,12,,286757,11,,,1,12,,286762,11,,,1,12,,286761,11,,,1,12,,286769,11,,,1,52,,286772,11,,,1,12,,286770,11,,,1,12,,286783,11,,,1,12,,286782,11,,,1,10,,286751,11,,,1,50,,286752,11,,,1,10,,286749,11,,,1,10,,286748,11,,,1,10,,286754,11,,,1,10,,286743,11,,,1,10,,286756,11,,,1,7,,286745,11,,,1,49,,286746,11,,,1,5,,286753,11,,,1,5,,286747,11,,,1,7,,286759,11,,,1,8,,286750,11,,,1,4,,286758,11,,,1,7,,286788,11,,,1,8,,286789,11,,,1,7,,286790,11,,,1,46,,286796,11,,,1,10,,286791,11,,,1,10,,286792,11,,,1,10,,286779,11,,,1,10,,286778,11,,,1,10,,286777,11,,,1,50,,286776,11,,,1,15,,286775,11,,,1,15,,286774,11,,,1,15,,286795,11,,,1,55,,286773,11,,,1,15,,286780,11,,,1,27,,286781,11,,,1,75,,286797,11,,,1,30,,286798,11,,,1,70,,286799,11,,,1,30,,286800,11,,,1,70,,286801,11,,,1,30,,286802,11,,,1
24011000,'110X-Weekday-7-26-09-1111100',615,,286857,11,,,1,33,,286856,11,,,1,60,,286803,11,,,1,20,,286805,11,,,1,20,,286847,11,,,1,60,,286848,11,,,1,20,,286849,11,,,1,20,,286850,11,,,1,60,,286823,11,,,1,20,,286831,11,,,1,20,,286830,11,,,1,60,,286829,11,,,1,20,,286828,11,,,1,20,,286827,11,,,1,60,,286834,11,,,1,20,,286826,11,,,1,12,,286818,11,,,1,12,,286807,11,,,1,52,,286804,11,,,1,12,,286820,11,,,1,12,,286825,11,,,1,12,,286824,11,,,1,12,,286832,11,,,1,52,,286835,11,,,1,12,,286833,11,,,1,12,,286846,11,,,1,12,,286845,11,,,1,10,,286814,11,,,1,50,,286815,11,,,1,10,,286812,11,,,1,10,,286811,11,,,1,10,,286817,11,,,1,10,,286806,11,,,1,10,,286819,11,,,1,7,,286808,11,,,1,49,,286809,11,,,1,5,,286816,11,,,1,5,,286810,11,,,1,7,,286822,11,,,1,8,,286813,11,,,1,4,,286821,11,,,1,7,,286851,11,,,1,8,,286852,11,,,1,7,,286853,11,,,1,46,,286859,11,,,1,10,,286854,11,,,1,10,,286855,11,,,1,10,,286842,11,,,1,10,,286841,11,,,1,10,,286840,11,,,1,50,,286839,11,,,1,15,,286838,11,,,1,15,,286837,11,,,1,15,,286858,11,,,1,55,,286836,11,,,1,15,,286843,11,,,1,27,,286844,11,,,1,75,,286860,11,,,1,30,,286861,11,,,1,70,,286862,11,,,1,30,,286863,11,,,1,70,,286864,11,,,1,30,,286865,11,,,1
24011000,'110X-Saturday-1-26-09-0000010',845,,244440,11,,,1,62,,244441,11,,,1,24,,244442,11,,,1,23,,244443,11,,,1,60,,244444,11,,,1,20,,244445,11,,,1,20,,244446,11,,,1,60,,244447,11,,,1,20,,244448,11,,,1,20,,244449,11,,,1,60,,244450,11,,,1,20,,244451,11,,,1,20,,244452,11,,,1,60,,244453,11,,,1,20,,244454,11,,,1,20,,244455,11,,,1,60,,244456,11,,,1,20,,244457,11,,,1,20,,244458,11,,,1,60,,244459,11,,,1,20,,244460,11,,,1,20,,244461,11,,,1,60,,244462,11,,,1,20,,244463,11,,,1,20,,244464,11,,,1,59,,244465,11,,,1,19,,244466,11,,,1,18,,244467,11,,,1,60,,244468,11,,,1,20,,244469,11,,,1,20,,244470,11,,,1,60,,244471,11,,,1
24011000,'110X-Sunday-1-26-09-0000001',1019,,244489,11,,,1,30,,244488,11,,,1,70,,244487,11,,,1,30,,244486,11,,,1,70,,244485,11,,,1,30,,244484,11,,,1,70,,244483,11,,,1,30,,244482,11,,,1,70,,244481,11,,,1,30,,244480,11,,,1,70,,244479,11,,,1,30,,244478,11,,,1,70,,244477,11,,,1,30,,244476,11,,,1,70,,244475,11,,,1,30,,244474,11,,,1,70,,244473,11,,,1,30,,244472,11,,,1
