5201,'052-Weekday-1-26-09-1111100',517,,211530,17,,,1,30,,211531,17,,,1,70,,211532,17,,,1,32,,211533,17,,,1,60,,211534,17,,,1,17,,211535,17,,,1,15,,211536,17,,,1,15,,211537,17,,,1,55,,211538,17,,,1,10,,211573,17,0,17,1,5,,211539,17,,,1,14,,211540,17,,,1,61,,211574,17,,,1,29,,211541,17,,,1,70,,211542,17,,,1,30,,211543,17,,,1,70,,211544,17,,,1,30,,211545,17,,,1,70,,211546,17,,,1,30,,211547,17,,,1,70,,211548,17,,,1,30,,211549,17,,,1,70,,211550,17,,,1,30,,211551,17,,,1,18,,211552,17,,,1,57,,211553,17,,,1,17,,211554,17,,,1,15,,211555,17,,,1,14,,211556,17,,,1,55,,211557,17,,,1,15,,211558,17,,,1,15,,211559,17,,,1,15,,211560,17,,,1,55,,211561,17,,,1,26,,211562,17,,,1,70,,211575,17,,,1,28,,211576,17,,,1,28,,211563,17,,,1,70,,211564,17,,,1,30,,211565,17,,,1,70,,211566,17,,,1,30,,211567,17,,,1,70,,211568,17,,,1,30,,211569,17,,,1,99,,211570,17,,,1,100,,211571,17,,,1
5201,'052-Weekday-2-26-09-1111100',517,,211577,17,,,1,30,,211578,17,,,1,70,,211579,17,,,1,32,,211580,17,,,1,60,,211581,17,,,1,17,,211582,17,,,1,15,,211583,17,,,1,15,,211584,17,,,1,55,,211585,17,,,1,10,,211620,17,0,17,1,5,,211586,17,,,1,14,,211587,17,,,1,61,,211621,17,,,1,29,,211588,17,,,1,70,,211589,17,,,1,30,,211590,17,,,1,70,,211591,17,,,1,30,,211592,17,,,1,70,,211593,17,,,1,30,,211594,17,,,1,70,,211595,17,,,1,30,,211596,17,,,1,70,,211597,17,,,1,30,,211598,17,,,1,18,,211599,17,,,1,57,,211600,17,,,1,17,,211601,17,,,1,15,,211602,17,,,1,14,,211603,17,,,1,55,,211604,17,,,1,15,,211605,17,,,1,15,,211606,17,,,1,15,,211607,17,,,1,55,,211608,17,,,1,26,,211609,17,,,1,70,,211622,17,,,1,28,,211623,17,,,1,28,,211610,17,,,1,70,,211611,17,,,1,30,,211612,17,,,1,70,,211613,17,,,1,30,,211614,17,,,1,70,,211615,17,,,1,30,,211616,17,,,1,99,,211617,17,,,1,100,,211618,17,,,1
5201,'052-Weekday-4-26-09-1111100',517,,211624,17,,,1,30,,211625,17,,,1,70,,211626,17,,,1,32,,211627,17,,,1,60,,211628,17,,,1,17,,211629,17,,,1,15,,211630,17,,,1,15,,211631,17,,,1,55,,211632,17,,,1,15,,211633,17,,,1,14,,211634,17,,,1,61,,211666,17,,,1,29,,211635,17,,,1,70,,211636,17,,,1,30,,211637,17,,,1,70,,211638,17,,,1,30,,211639,17,,,1,70,,211640,17,,,1,30,,211641,17,,,1,70,,211642,17,,,1,30,,211643,17,,,1,70,,211644,17,,,1,30,,211645,17,,,1,18,,211646,17,,,1,57,,211647,17,,,1,17,,211648,17,,,1,15,,211649,17,,,1,14,,211650,17,,,1,55,,211651,17,,,1,15,,211652,17,,,1,15,,211653,17,,,1,15,,211654,17,,,1,55,,211655,17,,,1,26,,211656,17,,,1,70,,211667,17,,,1,28,,211668,17,,,1,28,,211657,17,,,1,70,,211658,17,,,1,30,,211659,17,,,1,70,,211660,17,,,1,30,,211661,17,,,1,70,,211662,17,,,1,30,,211663,17,,,1,99,,211664,17,,,1,100,,211665,17,,,1
5201,'052-Saturday-1-26-09-0000010',632,,211669,17,,,1,100,,211670,17,,,1,100,,211671,17,,,1,72,,211672,17,,,1,28,,211673,17,,,1,70,,211674,17,,,1,30,,211675,17,,,1,70,,211676,17,,,1,30,,211677,17,,,1,70,,211678,17,,,1,30,,211679,17,,,1,70,,211680,17,,,1,30,,211681,17,,,1,70,,211682,17,,,1,30,,211683,17,,,1,70,,211684,17,,,1,30,,211685,17,,,1,70,,211686,17,,,1,30,,211687,17,,,1,70,,211688,17,,,1,29,,211689,17,,,1,70,,211690,17,,,1,30,,211691,17,,,1,70,,211692,17,,,1,30,,211693,17,,,1,100,,211694,17,,,1,100,,211695,17,,,1,100,,211696,17,,,1,100,,211697,17,,,1
5201,'052-Sunday-1-26-09-0000001',730,,211721,17,,,1,100,,211698,17,,,1,101,,211699,17,,,1,100,,211700,17,,,1,70,,211701,17,,,1,30,,211702,17,,,1,70,,211703,17,,,1,30,,211704,17,,,1,70,,211705,17,,,1,30,,211706,17,,,1,70,,211707,17,,,1,30,,211708,17,,,1,70,,211709,17,,,1,30,,211710,17,,,1,70,,211711,17,,,1,34,,211712,17,,,1,73,,211713,17,,,1,30,,211714,17,,,1,70,,211715,17,,,1,30,,211716,17,,,1,70,,211720,17,,,1,30,,211717,17,,,1,100,,211718,17,,,1,100,,211719,17,,,1,100,,211722,17,,,1
5401,'054-Weekday-1-26-09-1111100',523,,212410,29,,,1,30,,212411,29,,,1,55,,212412,29,,,1,15,,212460,29,,,1,23,,212453,29,,,1,58,,212454,29,,,1,17,,212455,29,,,1,18,,212456,29,,,1,17,,212457,29,,,1,55,,212458,29,,,1,15,,212459,29,,,1,20,,212413,29,,,1,62,,212414,29,,,1,20,,212415,29,,,1,21,,212416,29,,,1,59,,212417,29,,,1,19,,212418,29,,,1,20,,212419,29,,,1,60,,212420,29,,,1,20,,212421,29,,,1,20,,212422,29,,,1,60,,212423,29,,,1,20,,212424,29,,,1,20,,212425,29,,,1,60,,212426,29,,,1,20,,212427,29,,,1,20,,212428,29,,,1,60,,212429,29,,,1,20,,212430,29,,,1,20,,212431,29,,,1,60,,212432,29,,,1,21,,212433,29,,,1,16,,212462,29,,,1,15,,212461,29,,,1,59,,212434,29,,,1,21,,212435,29,,,1,17,,212436,29,,,1,57,,212437,29,,,1,17,,212438,29,,,1,14,,212439,29,,,1,13,,212440,29,,,1,53,,212441,29,,,1,14,,212442,29,,,1,27,,212443,29,,,1,71,,212444,29,,,1,31,,212445,29,,,1,70,,212446,29,,,1,30,,212447,29,,,1,70,,212448,29,,,1,30,,212449,29,,,1,69,,212450,29,,,1,100,,212451,29,,,1,100,,212452,29,,,1
5401,'054-Weekday-2-26-09-1111100',523,,212463,29,,,1,30,,212464,29,,,1,55,,212465,29,,,1,15,,212513,29,,,1,23,,212506,29,,,1,58,,212507,29,,,1,17,,212508,29,,,1,18,,212509,29,,,1,17,,212510,29,,,1,55,,212511,29,,,1,15,,212512,29,,,1,20,,212466,29,,,1,62,,212467,29,,,1,20,,212468,29,,,1,21,,212469,29,,,1,59,,212470,29,,,1,19,,212471,29,,,1,20,,212472,29,,,1,60,,212473,29,,,1,20,,212474,29,,,1,20,,212475,29,,,1,60,,212476,29,,,1,20,,212477,29,,,1,20,,212478,29,,,1,60,,212479,29,,,1,20,,212480,29,,,1,20,,212481,29,,,1,60,,212482,29,,,1,20,,212483,29,,,1,20,,212484,29,,,1,60,,212485,29,,,1,21,,212486,29,,,1,16,,212515,29,,,1,15,,212514,29,,,1,59,,212487,29,,,1,21,,212488,29,,,1,17,,212489,29,,,1,57,,212490,29,,,1,17,,212491,29,,,1,14,,212492,29,,,1,13,,212493,29,,,1,53,,212494,29,,,1,14,,212495,29,,,1,27,,212496,29,,,1,71,,212497,29,,,1,31,,212498,29,,,1,70,,212499,29,,,1,30,,212500,29,,,1,70,,212501,29,,,1,30,,212502,29,,,1,69,,212503,29,,,1,100,,212504,29,,,1,100,,212505,29,,,1
5401,'054-Weekday-4-26-09-1111100',523,,212516,29,,,1,30,,212517,29,,,1,55,,212518,29,,,1,15,,212566,29,,,1,23,,212559,29,,,1,58,,212560,29,,,1,17,,212561,29,,,1,18,,212562,29,,,1,17,,212563,29,,,1,55,,212564,29,,,1,15,,212565,29,,,1,20,,212519,29,,,1,62,,212520,29,,,1,20,,212521,29,,,1,21,,212522,29,,,1,59,,212523,29,,,1,19,,212524,29,,,1,20,,212525,29,,,1,60,,212526,29,,,1,20,,212527,29,,,1,20,,212528,29,,,1,60,,212529,29,,,1,20,,212530,29,,,1,20,,212531,29,,,1,60,,212532,29,,,1,20,,212533,29,,,1,20,,212534,29,,,1,60,,212535,29,,,1,20,,212536,29,,,1,20,,212537,29,,,1,60,,212538,29,,,1,21,,212539,29,,,1,16,,212568,29,,,1,15,,212567,29,,,1,59,,212540,29,,,1,21,,212541,29,,,1,17,,212542,29,,,1,57,,212543,29,,,1,17,,212544,29,,,1,14,,212545,29,,,1,13,,212546,29,,,1,53,,212547,29,,,1,14,,212548,29,,,1,27,,212549,29,,,1,71,,212550,29,,,1,31,,212551,29,,,1,70,,212552,29,,,1,30,,212553,29,,,1,70,,212554,29,,,1,30,,212555,29,,,1,69,,212556,29,,,1,100,,212557,29,,,1,100,,212558,29,,,1
5401,'054-Weekday-8-26-09-1111100',523,,246729,29,,,1,30,,246730,29,,,1,55,,246731,29,,,1,15,,246779,29,,,1,23,,246772,29,,,1,58,,246773,29,,,1,17,,246774,29,,,1,18,,246775,29,,,1,17,,246776,29,,,1,55,,246777,29,,,1,15,,246778,29,,,1,20,,246732,29,,,1,62,,246733,29,,,1,20,,246734,29,,,1,21,,246735,29,,,1,59,,246736,29,,,1,19,,246737,29,,,1,20,,246738,29,,,1,60,,246739,29,,,1,20,,246740,29,,,1,20,,246741,29,,,1,60,,246742,29,,,1,20,,246743,29,,,1,20,,246744,29,,,1,60,,246745,29,,,1,20,,246746,29,,,1,20,,246747,29,,,1,60,,246748,29,,,1,20,,246749,29,,,1,20,,246750,29,,,1,60,,246751,29,,,1,21,,246752,29,,,1,16,,246781,29,,,1,15,,246780,29,,,1,59,,246753,29,,,1,21,,246754,29,,,1,17,,246755,29,,,1,57,,246756,29,,,1,17,,246757,29,,,1,14,,246758,29,,,1,13,,246759,29,,,1,53,,246760,29,,,1,14,,246761,29,,,1,27,,246762,29,,,1,71,,246763,29,,,1,31,,246764,29,,,1,70,,246765,29,,,1,30,,246766,29,,,1,70,,246767,29,,,1,30,,246768,29,,,1,69,,246769,29,,,1,100,,246770,29,,,1,100,,246771,29,,,1
5401,'054-Weekday-9-26-09-1111100',523,,246782,29,,,1,30,,246783,29,,,1,55,,246784,29,,,1,15,,246832,29,,,1,23,,246825,29,,,1,58,,246826,29,,,1,17,,246827,29,,,1,18,,246828,29,,,1,17,,246829,29,,,1,55,,246830,29,,,1,15,,246831,29,,,1,20,,246785,29,,,1,62,,246786,29,,,1,20,,246787,29,,,1,21,,246788,29,,,1,59,,246789,29,,,1,19,,246790,29,,,1,20,,246791,29,,,1,60,,246792,29,,,1,20,,246793,29,,,1,20,,246794,29,,,1,60,,246795,29,,,1,20,,246796,29,,,1,20,,246797,29,,,1,60,,246798,29,,,1,20,,246799,29,,,1,20,,246800,29,,,1,60,,246801,29,,,1,20,,246802,29,,,1,20,,246803,29,,,1,60,,246804,29,,,1,21,,246805,29,,,1,16,,246834,29,,,1,15,,246833,29,,,1,59,,246806,29,,,1,21,,246807,29,,,1,17,,246808,29,,,1,57,,246809,29,,,1,17,,246810,29,,,1,14,,246811,29,,,1,13,,246812,29,,,1,53,,246813,29,,,1,14,,246814,29,,,1,27,,246815,29,,,1,71,,246816,29,,,1,31,,246817,29,,,1,70,,246818,29,,,1,30,,246819,29,,,1,70,,246820,29,,,1,30,,246821,29,,,1,69,,246822,29,,,1,100,,246823,29,,,1,100,,246824,29,,,1
5401,'054-Saturday-1-26-09-0000010',624,,212569,29,,,1,30,,212570,29,,,1,70,,212571,29,,,1,30,,212572,29,,,1,70,,212573,29,,,1,23,,212574,29,,,1,62,,212575,29,,,1,24,,212576,29,,,1,20,,212577,29,,,1,60,,212578,29,,,1,20,,212579,29,,,1,20,,212580,29,,,1,60,,212581,29,,,1,20,,212582,29,,,1,20,,212583,29,,,1,60,,212584,29,,,1,20,,212585,29,,,1,20,,212586,29,,,1,60,,212587,29,,,1,20,,212588,29,,,1,20,,212589,29,,,1,60,,212590,29,,,1,20,,212591,29,,,1,20,,212592,29,,,1,60,,212593,29,,,1,20,,212594,29,,,1,20,,212595,29,,,1,60,,212596,29,,,1,20,,212597,29,,,1,20,,212598,29,,,1,62,,212599,29,,,1,21,,212600,29,,,1,20,,212601,29,,,1,60,,212602,29,,,1,20,,212603,29,,,1,20,,212604,29,,,1,60,,212605,29,,,1,20,,212606,29,,,1,20,,212607,29,,,1,60,,212608,29,,,1,20,,212609,29,,,1,20,,212610,29,,,1,60,,212611,29,,,1,20,,212612,29,,,1,20,,212613,29,,,1,70,,212614,29,,,1,100,,212615,29,,,1,100,,212616,29,,,1
5401,'054-Saturday-2-26-09-0000010',624,,246835,29,,,1,30,,246836,29,,,1,70,,246837,29,,,1,30,,246838,29,,,1,70,,246839,29,,,1,23,,246840,29,,,1,62,,246841,29,,,1,24,,246842,29,,,1,20,,246843,29,,,1,60,,246844,29,,,1,20,,246845,29,,,1,20,,246846,29,,,1,60,,246847,29,,,1,20,,246848,29,,,1,20,,246849,29,,,1,60,,246850,29,,,1,20,,246851,29,,,1,20,,246852,29,,,1,60,,246853,29,,,1,20,,246854,29,,,1,20,,246855,29,,,1,60,,246856,29,,,1,20,,246857,29,,,1,20,,246858,29,,,1,60,,246859,29,,,1,20,,246860,29,,,1,20,,246861,29,,,1,60,,246862,29,,,1,20,,246863,29,,,1,20,,246864,29,,,1,62,,246865,29,,,1,21,,246866,29,,,1,20,,246867,29,,,1,60,,246868,29,,,1,20,,246869,29,,,1,20,,246870,29,,,1,60,,246871,29,,,1,20,,246872,29,,,1,20,,246873,29,,,1,60,,246874,29,,,1,20,,246875,29,,,1,20,,246876,29,,,1,60,,246877,29,,,1,20,,246878,29,,,1,20,,246879,29,,,1,70,,246880,29,,,1,100,,246881,29,,,1,100,,246882,29,,,1
5401,'054-Sunday-1-26-09-0000001',626,,212659,29,,,1,30,,212660,29,,,1,70,,212617,29,,,1,30,,212618,29,,,1,70,,212619,29,,,1,30,,212620,29,,,1,72,,212621,29,,,1,30,,212622,29,,,1,70,,212623,29,,,1,20,,212624,29,,,1,60,,212625,29,,,1,20,,212626,29,,,1,20,,212627,29,,,1,60,,212628,29,,,1,20,,212629,29,,,1,20,,212630,29,,,1,60,,212631,29,,,1,20,,212632,29,,,1,20,,212633,29,,,1,60,,212634,29,,,1,20,,212635,29,,,1,20,,212636,29,,,1,60,,212637,29,,,1,20,,212638,29,,,1,20,,212639,29,,,1,60,,212640,29,,,1,20,,212641,29,,,1,20,,212642,29,,,1,60,,212643,29,,,1,21,,212644,29,,,1,20,,212645,29,,,1,60,,212646,29,,,1,20,,212647,29,,,1,20,,212648,29,,,1,60,,212649,29,,,1,20,,212650,29,,,1,30,,212651,29,,,1,70,,212652,29,,,1,30,,212653,29,,,1,70,,212654,29,,,1,30,,212655,29,,,1,70,,212656,29,,,1,100,,212657,29,,,1,100,,212658,29,,,1
5401,'054-Sunday-2-26-09-0000001',626,,246925,29,,,1,30,,246926,29,,,1,70,,246883,29,,,1,30,,246884,29,,,1,70,,246885,29,,,1,30,,246886,29,,,1,72,,246887,29,,,1,30,,246888,29,,,1,70,,246889,29,,,1,20,,246890,29,,,1,60,,246891,29,,,1,20,,246892,29,,,1,20,,246893,29,,,1,60,,246894,29,,,1,20,,246895,29,,,1,20,,246896,29,,,1,60,,246897,29,,,1,20,,246898,29,,,1,20,,246899,29,,,1,60,,246900,29,,,1,20,,246901,29,,,1,20,,246902,29,,,1,60,,246903,29,,,1,20,,246904,29,,,1,20,,246905,29,,,1,60,,246906,29,,,1,20,,246907,29,,,1,20,,246908,29,,,1,60,,246909,29,,,1,21,,246910,29,,,1,20,,246911,29,,,1,60,,246912,29,,,1,20,,246913,29,,,1,20,,246914,29,,,1,60,,246915,29,,,1,20,,246916,29,,,1,30,,246917,29,,,1,70,,246918,29,,,1,30,,246919,29,,,1,70,,246920,29,,,1,30,,246921,29,,,1,70,,246922,29,,,1,100,,246923,29,,,1,100,,246924,29,,,1
5401,'054-Sunday-3-26-09-0000001',626,,246969,29,,,1,30,,246970,29,,,1,70,,246927,29,,,1,30,,246928,29,,,1,70,,246929,29,,,1,30,,246930,29,,,1,72,,246931,29,,,1,30,,246932,29,,,1,70,,246933,29,,,1,20,,246934,29,,,1,60,,246935,29,,,1,20,,246936,29,,,1,20,,246937,29,,,1,60,,246938,29,,,1,20,,246939,29,,,1,20,,246940,29,,,1,60,,246941,29,,,1,20,,246942,29,,,1,20,,246943,29,,,1,60,,246944,29,,,1,20,,246945,29,,,1,20,,246946,29,,,1,60,,246947,29,,,1,20,,246948,29,,,1,20,,246949,29,,,1,60,,246950,29,,,1,20,,246951,29,,,1,20,,246952,29,,,1,60,,246953,29,,,1,21,,246954,29,,,1,20,,246955,29,,,1,60,,246956,29,,,1,20,,246957,29,,,1,20,,246958,29,,,1,60,,246959,29,,,1,20,,246960,29,,,1,30,,246961,29,,,1,70,,246962,29,,,1,30,,246963,29,,,1,70,,246964,29,,,1,30,,246965,29,,,1,70,,246966,29,,,1,100,,246967,29,,,1,100,,246968,29,,,1
68301,'683-Weekday-1-26-09-1111100',759,,227878,40,,,1,45,,227879,40,,,1,5,,227880,40,,,1,5,,227881,40,,,1
68301,'683-Weekday-3-26-09-1111100',759,,227882,40,,,1,45,,227883,40,,,1,5,,227884,40,,,1,5,,227885,40,,,1
68401,'684-Weekday-1-26-09-1111100',808,,227894,44,,,1,5,,227895,20,0,60 61,1,5,,227896,20,0,60 61,1
68401,'684-Weekday-3-26-09-1111100',808,,227897,44,,,1,5,,227898,20,0,60 61,1,5,,227899,20,0,60 61,1
90501,'905-Weekday-1-26-09-1111100',537,,237774,17,,,1,70,,237775,17,,,1,31,,237776,17,,,1,70,,237777,17,,,1,30,,237778,17,,,1,70,,237779,17,,,1,30,,237780,17,,,1,70,,237781,17,,,1,527,,237782,17,,,1,70,,237783,17,,,1,30,,237784,17,,,1,70,,237785,17,,,1,30,,237786,17,,,1,70,,237787,17,,,1,30,,237788,17,,,1,70,,237789,17,,,1
90501,'905-Weekday-2-26-09-1111100',537,,237790,17,,,1,70,,237791,17,,,1,31,,237792,17,,,1,70,,237793,17,,,1,30,,237794,17,,,1,70,,237795,17,,,1,30,,237796,17,,,1,70,,237797,17,,,1,527,,237798,17,,,1,70,,237799,17,,,1,30,,237800,17,,,1,70,,237801,17,,,1,30,,237802,17,,,1,70,,237803,17,,,1,30,,237804,17,,,1,70,,237805,17,,,1
90501,'905-Weekday-4-26-09-1111100',537,,237806,17,,,1,70,,237807,17,,,1,31,,237808,17,,,1,70,,237809,17,,,1,30,,237810,17,,,1,70,,237811,17,,,1,30,,237812,17,,,1,70,,237813,17,,,1,527,,237814,17,,,1,70,,237815,17,,,1,30,,237816,17,,,1,70,,237817,17,,,1,30,,237818,17,,,1,70,,237819,17,,,1,30,,237820,17,,,1,70,,237821,17,,,1
