51600,'516-Weekday-1-26-09-1111100',530,,223998,16,,,1,70,,223999,16,,,1,16,,224000,16,,,1,17,,224001,16,,,1,15,,224002,16,,,1,52,,224003,16,,,1,12,,224004,16,,,1,12,,224005,16,,,1,12,,224006,16,,,1,12,,224007,16,,,1,52,,224008,16,,,1,12,,224009,16,,,1,12,,224010,16,,,1,12,,224011,16,,,1,17,,224012,16,,,1,59,,224013,16,,,1,20,,224014,16,,,1,20,,224015,16,,,1,60,,224016,16,,,1,20,,224017,16,,,1,20,,224018,16,,,1,60,,224019,16,,,1,20,,224020,16,,,1,20,,224021,16,,,1,60,,224022,16,,,1,20,,224023,16,,,1,20,,224024,16,,,1,60,,224025,16,,,1,20,,224026,16,,,1,20,,224027,16,,,1,60,,224028,16,,,1,20,,224029,16,,,1,20,,224030,16,,,1,57,,224031,16,,,1,17,,224032,16,,,1,5,,224047,16,0,12,1,7,,224033,16,,,1,5,,224073,16,0,12,1,7,,224068,16,,,1,5,,224072,16,0,12,1,47,,224034,16,,,1,5,,224048,16,0,12,1,7,,224035,16,,,1,5,,224049,16,0,12,1,7,,224036,16,,,1,5,,224050,16,0,12,1,7,,224037,16,,,1,5,,224071,16,0,12,1,7,,224069,16,,,1,5,,224067,16,0,12,1,47,,224038,16,,,1,5,,224043,16,0,12,1,7,,224039,16,,,1,5,,224044,16,0,12,1,7,,224040,16,,,1,5,,224045,16,0,12,1,7,,224041,16,,,1,5,,224046,16,0,12,1,7,,224070,16,,,1,52,,224042,16,,,1,12,,224074,16,,,1,12,,224075,16,,,1,10,,224076,16,,,1,11,,224077,16,,,1,56,,224051,16,,,1,16,,224052,16,,,1,20,,224053,16,,,1,20,,224054,16,,,1,60,,224055,16,,,1,20,,224056,16,,,1,20,,224057,16,,,1,60,,224058,16,,,1,20,,224059,16,,,1,62,,224060,16,,,1,20,,224065,16,,,1,20,,224061,16,,,1,70,,224062,16,,,1,30,,224063,16,,,1,70,,224064,16,,,1,30,,224066,16,,,1
51600,'516-Weekday-2-26-09-1111100',530,,224078,16,,,1,70,,224079,16,,,1,16,,224080,16,,,1,17,,224081,16,,,1,15,,224082,16,,,1,52,,224083,16,,,1,12,,224084,16,,,1,12,,224085,16,,,1,12,,224086,16,,,1,12,,224087,16,,,1,52,,224088,16,,,1,12,,224089,16,,,1,12,,224090,16,,,1,12,,224091,16,,,1,17,,224092,16,,,1,59,,224093,16,,,1,20,,224094,16,,,1,20,,224095,16,,,1,60,,224096,16,,,1,20,,224097,16,,,1,20,,224098,16,,,1,60,,224099,16,,,1,20,,224100,16,,,1,20,,224101,16,,,1,60,,224102,16,,,1,20,,224103,16,,,1,20,,224104,16,,,1,60,,224105,16,,,1,20,,224106,16,,,1,20,,224107,16,,,1,60,,224108,16,,,1,20,,224109,16,,,1,20,,224110,16,,,1,57,,224111,16,,,1,17,,224112,16,,,1,5,,224127,16,0,12,1,7,,224113,16,,,1,5,,224153,16,0,12,1,7,,224148,16,,,1,5,,224152,16,0,12,1,47,,224114,16,,,1,5,,224128,16,0,12,1,7,,224115,16,,,1,5,,224129,16,0,12,1,7,,224116,16,,,1,5,,224130,16,0,12,1,7,,224117,16,,,1,5,,224151,16,0,12,1,7,,224149,16,,,1,5,,224147,16,0,12,1,47,,224118,16,,,1,5,,224123,16,0,12,1,7,,224119,16,,,1,5,,224124,16,0,12,1,7,,224120,16,,,1,5,,224125,16,0,12,1,7,,224121,16,,,1,5,,224126,16,0,12,1,7,,224150,16,,,1,52,,224122,16,,,1,12,,224154,16,,,1,12,,224155,16,,,1,10,,224156,16,,,1,11,,224157,16,,,1,56,,224131,16,,,1,16,,224132,16,,,1,20,,224133,16,,,1,20,,224134,16,,,1,60,,224135,16,,,1,20,,224136,16,,,1,20,,224137,16,,,1,60,,224138,16,,,1,20,,224139,16,,,1,62,,224140,16,,,1,20,,224145,16,,,1,20,,224141,16,,,1,70,,224142,16,,,1,30,,224143,16,,,1,70,,224144,16,,,1,30,,224146,16,,,1
51600,'516-Weekday-3-26-09-1111100',530,,267162,16,,,1,70,,267163,16,,,1,16,,267164,16,,,1,17,,267165,16,,,1,15,,267166,16,,,1,52,,267167,16,,,1,12,,267168,16,,,1,12,,267169,16,,,1,12,,267170,16,,,1,12,,267171,16,,,1,52,,267172,16,,,1,12,,267173,16,,,1,12,,267174,16,,,1,12,,267175,16,,,1,17,,267176,16,,,1,59,,267177,16,,,1,20,,267178,16,,,1,20,,267179,16,,,1,60,,267180,16,,,1,20,,267181,16,,,1,20,,267182,16,,,1,60,,267183,16,,,1,20,,267184,16,,,1,20,,267185,16,,,1,60,,267186,16,,,1,20,,267187,16,,,1,20,,267188,16,,,1,60,,267189,16,,,1,20,,267190,16,,,1,20,,267191,16,,,1,60,,267192,16,,,1,20,,267193,16,,,1,20,,267194,16,,,1,57,,267195,16,,,1,17,,267196,16,,,1,5,,267211,16,0,12,1,7,,267197,16,,,1,5,,267237,16,0,12,1,7,,267232,16,,,1,5,,267236,16,0,12,1,47,,267198,16,,,1,5,,267212,16,0,12,1,7,,267199,16,,,1,5,,267213,16,0,12,1,7,,267200,16,,,1,5,,267214,16,0,12,1,7,,267201,16,,,1,5,,267235,16,0,12,1,7,,267233,16,,,1,5,,267231,16,0,12,1,47,,267202,16,,,1,5,,267207,16,0,12,1,7,,267203,16,,,1,5,,267208,16,0,12,1,7,,267204,16,,,1,5,,267209,16,0,12,1,7,,267205,16,,,1,5,,267210,16,0,12,1,7,,267234,16,,,1,52,,267206,16,,,1,12,,267238,16,,,1,12,,267239,16,,,1,10,,267240,16,,,1,11,,267241,16,,,1,56,,267215,16,,,1,16,,267216,16,,,1,20,,267217,16,,,1,20,,267218,16,,,1,60,,267219,16,,,1,20,,267220,16,,,1,20,,267221,16,,,1,60,,267222,16,,,1,20,,267223,16,,,1,62,,267224,16,,,1,20,,267229,16,,,1,20,,267225,16,,,1,70,,267226,16,,,1,30,,267227,16,,,1,70,,267228,16,,,1,30,,267230,16,,,1
51600,'516-Weekday-4-26-09-1111100',530,,224158,16,,,1,70,,224159,16,,,1,16,,224160,16,,,1,17,,224161,16,,,1,15,,224162,16,,,1,52,,224163,16,,,1,12,,224164,16,,,1,12,,224165,16,,,1,12,,224166,16,,,1,12,,224167,16,,,1,52,,224168,16,,,1,12,,224169,16,,,1,12,,224170,16,,,1,12,,224171,16,,,1,17,,224172,16,,,1,59,,224173,16,,,1,20,,224174,16,,,1,20,,224175,16,,,1,60,,224176,16,,,1,20,,224177,16,,,1,20,,224178,16,,,1,60,,224179,16,,,1,20,,224180,16,,,1,20,,224181,16,,,1,60,,224182,16,,,1,20,,224183,16,,,1,20,,224184,16,,,1,60,,224185,16,,,1,20,,224186,16,,,1,20,,224187,16,,,1,60,,224188,16,,,1,20,,224189,16,,,1,20,,224190,16,,,1,57,,224191,16,,,1,17,,224192,16,,,1,5,,224207,16,0,12,1,7,,224193,16,,,1,5,,224233,16,0,12,1,7,,224228,16,,,1,5,,224232,16,0,12,1,47,,224194,16,,,1,5,,224208,16,0,12,1,7,,224195,16,,,1,5,,224209,16,0,12,1,7,,224196,16,,,1,5,,224210,16,0,12,1,7,,224197,16,,,1,5,,224231,16,0,12,1,7,,224229,16,,,1,5,,224227,16,0,12,1,47,,224198,16,,,1,5,,224203,16,0,12,1,7,,224199,16,,,1,5,,224204,16,0,12,1,7,,224200,16,,,1,5,,224205,16,0,12,1,7,,224201,16,,,1,5,,224206,16,0,12,1,7,,224230,16,,,1,52,,224202,16,,,1,12,,224234,16,,,1,12,,224235,16,,,1,10,,224236,16,,,1,11,,224237,16,,,1,56,,224211,16,,,1,16,,224212,16,,,1,20,,224213,16,,,1,20,,224214,16,,,1,60,,224215,16,,,1,20,,224216,16,,,1,20,,224217,16,,,1,60,,224218,16,,,1,20,,224219,16,,,1,62,,224220,16,,,1,20,,224225,16,,,1,20,,224221,16,,,1,70,,224222,16,,,1,30,,224223,16,,,1,70,,224224,16,,,1,30,,224226,16,,,1
51600,'516-Weekday-5-26-09-1111100',530,,267242,16,,,1,70,,267243,16,,,1,16,,267244,16,,,1,17,,267245,16,,,1,15,,267246,16,,,1,52,,267247,16,,,1,12,,267248,16,,,1,12,,267249,16,,,1,12,,267250,16,,,1,12,,267251,16,,,1,52,,267252,16,,,1,12,,267253,16,,,1,12,,267254,16,,,1,12,,267255,16,,,1,17,,267256,16,,,1,59,,267257,16,,,1,20,,267258,16,,,1,20,,267259,16,,,1,60,,267260,16,,,1,20,,267261,16,,,1,20,,267262,16,,,1,60,,267263,16,,,1,20,,267264,16,,,1,20,,267265,16,,,1,60,,267266,16,,,1,20,,267267,16,,,1,20,,267268,16,,,1,60,,267269,16,,,1,20,,267270,16,,,1,20,,267271,16,,,1,60,,267272,16,,,1,20,,267273,16,,,1,20,,267274,16,,,1,57,,267275,16,,,1,17,,267276,16,,,1,5,,267291,16,0,12,1,7,,267277,16,,,1,5,,267317,16,0,12,1,7,,267312,16,,,1,5,,267316,16,0,12,1,47,,267278,16,,,1,5,,267292,16,0,12,1,7,,267279,16,,,1,5,,267293,16,0,12,1,7,,267280,16,,,1,5,,267294,16,0,12,1,7,,267281,16,,,1,5,,267315,16,0,12,1,7,,267313,16,,,1,5,,267311,16,0,12,1,47,,267282,16,,,1,5,,267287,16,0,12,1,7,,267283,16,,,1,5,,267288,16,0,12,1,7,,267284,16,,,1,5,,267289,16,0,12,1,7,,267285,16,,,1,5,,267290,16,0,12,1,7,,267314,16,,,1,52,,267286,16,,,1,12,,267318,16,,,1,12,,267319,16,,,1,10,,267320,16,,,1,11,,267321,16,,,1,56,,267295,16,,,1,16,,267296,16,,,1,20,,267297,16,,,1,20,,267298,16,,,1,60,,267299,16,,,1,20,,267300,16,,,1,20,,267301,16,,,1,60,,267302,16,,,1,20,,267303,16,,,1,62,,267304,16,,,1,20,,267309,16,,,1,20,,267305,16,,,1,70,,267306,16,,,1,30,,267307,16,,,1,70,,267308,16,,,1,30,,267310,16,,,1
51600,'516-Weekday-6-26-09-1111100',530,,267322,16,,,1,70,,267323,16,,,1,16,,267324,16,,,1,17,,267325,16,,,1,15,,267326,16,,,1,52,,267327,16,,,1,12,,267328,16,,,1,12,,267329,16,,,1,12,,267330,16,,,1,12,,267331,16,,,1,52,,267332,16,,,1,12,,267333,16,,,1,12,,267334,16,,,1,12,,267335,16,,,1,17,,267336,16,,,1,59,,267337,16,,,1,20,,267338,16,,,1,20,,267339,16,,,1,60,,267340,16,,,1,20,,267341,16,,,1,20,,267342,16,,,1,60,,267343,16,,,1,20,,267344,16,,,1,20,,267345,16,,,1,60,,267346,16,,,1,20,,267347,16,,,1,20,,267348,16,,,1,60,,267349,16,,,1,20,,267350,16,,,1,20,,267351,16,,,1,60,,267352,16,,,1,20,,267353,16,,,1,20,,267354,16,,,1,57,,267355,16,,,1,17,,267356,16,,,1,5,,267371,16,0,12,1,7,,267357,16,,,1,5,,267397,16,0,12,1,7,,267392,16,,,1,5,,267396,16,0,12,1,47,,267358,16,,,1,5,,267372,16,0,12,1,7,,267359,16,,,1,5,,267373,16,0,12,1,7,,267360,16,,,1,5,,267374,16,0,12,1,7,,267361,16,,,1,5,,267395,16,0,12,1,7,,267393,16,,,1,5,,267391,16,0,12,1,47,,267362,16,,,1,5,,267367,16,0,12,1,7,,267363,16,,,1,5,,267368,16,0,12,1,7,,267364,16,,,1,5,,267369,16,0,12,1,7,,267365,16,,,1,5,,267370,16,0,12,1,7,,267394,16,,,1,52,,267366,16,,,1,12,,267398,16,,,1,12,,267399,16,,,1,10,,267400,16,,,1,11,,267401,16,,,1,56,,267375,16,,,1,16,,267376,16,,,1,20,,267377,16,,,1,20,,267378,16,,,1,60,,267379,16,,,1,20,,267380,16,,,1,20,,267381,16,,,1,60,,267382,16,,,1,20,,267383,16,,,1,62,,267384,16,,,1,20,,267389,16,,,1,20,,267385,16,,,1,70,,267386,16,,,1,30,,267387,16,,,1,70,,267388,16,,,1,30,,267390,16,,,1
51600,'516-Weekday-7-26-09-1111100',530,,267402,16,,,1,70,,267403,16,,,1,16,,267404,16,,,1,17,,267405,16,,,1,15,,267406,16,,,1,52,,267407,16,,,1,12,,267408,16,,,1,12,,267409,16,,,1,12,,267410,16,,,1,12,,267411,16,,,1,52,,267412,16,,,1,12,,267413,16,,,1,12,,267414,16,,,1,12,,267415,16,,,1,17,,267416,16,,,1,59,,267417,16,,,1,20,,267418,16,,,1,20,,267419,16,,,1,60,,267420,16,,,1,20,,267421,16,,,1,20,,267422,16,,,1,60,,267423,16,,,1,20,,267424,16,,,1,20,,267425,16,,,1,60,,267426,16,,,1,20,,267427,16,,,1,20,,267428,16,,,1,60,,267429,16,,,1,20,,267430,16,,,1,20,,267431,16,,,1,60,,267432,16,,,1,20,,267433,16,,,1,20,,267434,16,,,1,57,,267435,16,,,1,17,,267436,16,,,1,5,,267451,16,0,12,1,7,,267437,16,,,1,5,,267477,16,0,12,1,7,,267472,16,,,1,5,,267476,16,0,12,1,47,,267438,16,,,1,5,,267452,16,0,12,1,7,,267439,16,,,1,5,,267453,16,0,12,1,7,,267440,16,,,1,5,,267454,16,0,12,1,7,,267441,16,,,1,5,,267475,16,0,12,1,7,,267473,16,,,1,5,,267471,16,0,12,1,47,,267442,16,,,1,5,,267447,16,0,12,1,7,,267443,16,,,1,5,,267448,16,0,12,1,7,,267444,16,,,1,5,,267449,16,0,12,1,7,,267445,16,,,1,5,,267450,16,0,12,1,7,,267474,16,,,1,52,,267446,16,,,1,12,,267478,16,,,1,12,,267479,16,,,1,10,,267480,16,,,1,11,,267481,16,,,1,56,,267455,16,,,1,16,,267456,16,,,1,20,,267457,16,,,1,20,,267458,16,,,1,60,,267459,16,,,1,20,,267460,16,,,1,20,,267461,16,,,1,60,,267462,16,,,1,20,,267463,16,,,1,62,,267464,16,,,1,20,,267469,16,,,1,20,,267465,16,,,1,70,,267466,16,,,1,30,,267467,16,,,1,70,,267468,16,,,1,30,,267470,16,,,1
51600,'516-Saturday-1-26-09-0000010',628,,224239,16,,,1,20,,224240,16,,,1,60,,224241,16,,,1,20,,224242,16,,,1,20,,224238,16,,,1,60,,224243,16,,,1,15,,224244,16,,,1,15,,224245,16,,,1,15,,224246,16,,,1,57,,224247,16,,,1,16,,224248,16,,,1,20,,224249,16,,,1,60,,224250,16,,,1,17,,224251,16,,,1,15,,224252,16,,,1,15,,224253,16,,,1,55,,224254,16,,,1,15,,224255,16,,,1,15,,224256,16,,,1,15,,224257,16,,,1,55,,224258,16,,,1,15,,224259,16,,,1,15,,224260,16,,,1,15,,224261,16,,,1,55,,224262,16,,,1,15,,224263,16,,,1,15,,224264,16,,,1,15,,224265,16,,,1,55,,224266,16,,,1,15,,224267,16,,,1,15,,224268,16,,,1,15,,224269,16,,,1,55,,224270,16,,,1,15,,224271,16,,,1,15,,224272,16,,,1,15,,224273,16,,,1,55,,224274,16,,,1,15,,224275,16,,,1,15,,224276,16,,,1,15,,224277,16,,,1,55,,224278,16,,,1,14,,224279,16,,,1,13,,224280,16,,,1,15,,224281,16,,,1,55,,224282,16,,,1,15,,224283,16,,,1,15,,224284,16,,,1,15,,224285,16,,,1,55,,224286,16,,,1,15,,224287,16,,,1,15,,224288,16,,,1,15,,224289,16,,,1,60,,224290,16,,,1,20,,224291,16,,,1,20,,224292,16,,,1,60,,224293,16,,,1,20,,224294,16,,,1,20,,224295,16,,,1,60,,224296,16,,,1,20,,224297,16,,,1,70,,224298,16,,,1,30,,224299,16,,,1,70,,224300,16,,,1,30,,224301,16,,,1
51600,'516-Sunday-1-26-09-0000001',623,,224329,16,,,1,20,,224302,16,,,1,60,,224347,16,,,1,20,,224330,16,,,1,20,,224303,16,,,1,60,,224348,16,,,1,20,,224331,16,,,1,20,,224304,16,,,1,60,,224349,16,,,1,22,,224332,16,,,1,20,,224305,16,,,1,60,,224350,16,,,1,15,,224306,16,,,1,15,,224351,16,,,1,15,,224307,16,,,1,55,,224335,16,,,1,15,,224308,16,,,1,15,,224352,16,,,1,15,,224309,16,,,1,55,,224336,16,,,1,15,,224310,16,,,1,15,,224353,16,,,1,15,,224311,16,,,1,55,,224337,16,,,1,15,,224312,16,,,1,15,,224354,16,,,1,15,,224313,16,,,1,55,,224338,16,,,1,15,,224314,16,,,1,15,,224355,16,,,1,15,,224315,16,,,1,55,,224339,16,,,1,15,,224316,16,,,1,15,,224356,16,,,1,15,,224317,16,,,1,55,,224340,16,,,1,15,,224318,16,,,1,15,,224357,16,,,1,15,,224319,16,,,1,55,,224341,16,,,1,14,,224320,16,,,1,15,,224358,16,,,1,15,,224321,16,,,1,55,,224342,16,,,1,15,,224322,16,,,1,15,,224359,16,,,1,15,,224323,16,,,1,55,,224343,16,,,1,20,,224333,16,,,1,20,,224324,16,,,1,60,,224360,16,,,1,20,,224334,16,,,1,20,,224325,16,,,1,60,,224361,16,,,1,20,,224344,16,,,1,30,,224326,16,,,1,70,,224345,16,,,1,30,,224327,16,,,1,70,,224346,16,,,1,30,,224328,16,,,1
64700,'647-Weekday-1-26-09-1111000',830,,227638,9,,,1
64700,'647-Weekday-3-26-09-1111000',830,,227639,9,,,1
64700,'647-Weekday-7-26-09-1111000',830,,270457,9,,,1
