90700,'907-Weekday-1-26-09-1111100',557,,237900,48,4,,1,70,,237901,48,4,,1,76,,237902,48,4,,1,15,,237903,48,4,,1,15,,237904,48,4,,1,15,,237905,48,4,,1,55,,237906,48,4,,1,15,,237907,48,4,,1,15,,237908,48,4,,1,15,,237909,48,4,,1,55,,237910,48,4,,1,27,,237911,48,4,,1,70,,237912,48,4,,1,30,,237913,48,4,,1,70,,237914,48,4,,1,30,,237915,48,4,,1,70,,237916,48,4,,1,30,,237917,48,4,,1,70,,237918,48,4,,1,30,,237919,48,4,,1,70,,237920,48,4,,1,30,,237921,48,4,,1,70,,237922,48,4,,1,35,,237923,48,4,,1,70,,237924,48,4,,1,15,,237925,48,4,,1,15,,237926,48,4,,1,15,,237927,48,4,,1,55,,237928,48,4,,1,15,,237929,48,4,,1,15,,237930,48,4,,1,15,,237931,48,4,,1,55,,237932,48,4,,1,29,,237933,48,4,,1,23,,237934,48,4,,1,70,,237935,48,4,,1,30,,237936,48,4,,1,70,,237937,48,4,,1,30,,237938,48,4,,1,70,,237939,48,4,,1,30,,237940,48,4,,1,70,,237941,48,4,,1,100,,237942,48,4,,1,100,,237943,48,4,,1
90700,'907-Weekday-2-26-09-1111100',557,,237944,48,4,,1,70,,237945,48,4,,1,76,,237946,48,4,,1,15,,237947,48,4,,1,15,,237948,48,4,,1,15,,237949,48,4,,1,55,,237950,48,4,,1,15,,237951,48,4,,1,15,,237952,48,4,,1,15,,237953,48,4,,1,55,,237954,48,4,,1,27,,237955,48,4,,1,70,,237956,48,4,,1,30,,237957,48,4,,1,70,,237958,48,4,,1,30,,237959,48,4,,1,70,,237960,48,4,,1,30,,237961,48,4,,1,70,,237962,48,4,,1,30,,237963,48,4,,1,70,,237964,48,4,,1,30,,237965,48,4,,1,70,,237966,48,4,,1,35,,237967,48,4,,1,70,,237968,48,4,,1,15,,237969,48,4,,1,15,,237970,48,4,,1,15,,237971,48,4,,1,55,,237972,48,4,,1,15,,237973,48,4,,1,15,,237974,48,4,,1,15,,237975,48,4,,1,55,,237976,48,4,,1,29,,237977,48,4,,1,23,,237978,48,4,,1,70,,237979,48,4,,1,30,,237980,48,4,,1,70,,237981,48,4,,1,30,,237982,48,4,,1,70,,237983,48,4,,1,30,,237984,48,4,,1,70,,237985,48,4,,1,100,,237986,48,4,,1,100,,237987,48,4,,1
90700,'907-Weekday-3-26-09-1111100',557,,280538,48,4,,1,70,,280539,48,4,,1,76,,280540,48,4,,1,15,,280541,48,4,,1,15,,280542,48,4,,1,15,,280543,48,4,,1,55,,280544,48,4,,1,15,,280545,48,4,,1,15,,280546,48,4,,1,15,,280547,48,4,,1,55,,280548,48,4,,1,27,,280549,48,4,,1,70,,280550,48,4,,1,30,,280551,48,4,,1,70,,280552,48,4,,1,30,,280553,48,4,,1,70,,280554,48,4,,1,30,,280555,48,4,,1,70,,280556,48,4,,1,30,,280557,48,4,,1,70,,280558,48,4,,1,30,,280559,48,4,,1,70,,280560,48,4,,1,35,,280561,48,4,,1,70,,280562,48,4,,1,15,,280563,48,4,,1,15,,280564,48,4,,1,15,,280565,48,4,,1,55,,280566,48,4,,1,15,,280567,48,4,,1,15,,280568,48,4,,1,15,,280569,48,4,,1,55,,280570,48,4,,1,29,,280571,48,4,,1,23,,280572,48,4,,1,70,,280573,48,4,,1,30,,280574,48,4,,1,70,,280575,48,4,,1,30,,280576,48,4,,1,70,,280577,48,4,,1,30,,280578,48,4,,1,70,,280579,48,4,,1,100,,280580,48,4,,1,100,,280581,48,4,,1
90700,'907-Weekday-4-26-09-1111100',557,,237988,48,4,,1,70,,237989,48,4,,1,76,,237990,48,4,,1,15,,237991,48,4,,1,15,,237992,48,4,,1,15,,237993,48,4,,1,55,,237994,48,4,,1,15,,237995,48,4,,1,15,,237996,48,4,,1,15,,237997,48,4,,1,55,,237998,48,4,,1,27,,237999,48,4,,1,70,,238000,48,4,,1,30,,238001,48,4,,1,70,,238002,48,4,,1,30,,238003,48,4,,1,70,,238004,48,4,,1,30,,238005,48,4,,1,70,,238006,48,4,,1,30,,238007,48,4,,1,70,,238008,48,4,,1,30,,238009,48,4,,1,70,,238010,48,4,,1,35,,238011,48,4,,1,70,,238012,48,4,,1,15,,238013,48,4,,1,15,,238014,48,4,,1,15,,238015,48,4,,1,55,,238016,48,4,,1,15,,238017,48,4,,1,15,,238018,48,4,,1,15,,238019,48,4,,1,55,,238020,48,4,,1,29,,238021,48,4,,1,23,,238022,48,4,,1,70,,238023,48,4,,1,30,,238024,48,4,,1,70,,238025,48,4,,1,30,,238026,48,4,,1,70,,238027,48,4,,1,30,,238028,48,4,,1,70,,238029,48,4,,1,100,,238030,48,4,,1,100,,238031,48,4,,1
90700,'907-Weekday-5-26-09-1111100',557,,280582,48,4,,1,70,,280583,48,4,,1,76,,280584,48,4,,1,15,,280585,48,4,,1,15,,280586,48,4,,1,15,,280587,48,4,,1,55,,280588,48,4,,1,15,,280589,48,4,,1,15,,280590,48,4,,1,15,,280591,48,4,,1,55,,280592,48,4,,1,27,,280593,48,4,,1,70,,280594,48,4,,1,30,,280595,48,4,,1,70,,280596,48,4,,1,30,,280597,48,4,,1,70,,280598,48,4,,1,30,,280599,48,4,,1,70,,280600,48,4,,1,30,,280601,48,4,,1,70,,280602,48,4,,1,30,,280603,48,4,,1,70,,280604,48,4,,1,35,,280605,48,4,,1,70,,280606,48,4,,1,15,,280607,48,4,,1,15,,280608,48,4,,1,15,,280609,48,4,,1,55,,280610,48,4,,1,15,,280611,48,4,,1,15,,280612,48,4,,1,15,,280613,48,4,,1,55,,280614,48,4,,1,29,,280615,48,4,,1,23,,280616,48,4,,1,70,,280617,48,4,,1,30,,280618,48,4,,1,70,,280619,48,4,,1,30,,280620,48,4,,1,70,,280621,48,4,,1,30,,280622,48,4,,1,70,,280623,48,4,,1,100,,280624,48,4,,1,100,,280625,48,4,,1
90700,'907-Weekday-6-26-09-1111100',557,,280626,48,4,,1,70,,280627,48,4,,1,76,,280628,48,4,,1,15,,280629,48,4,,1,15,,280630,48,4,,1,15,,280631,48,4,,1,55,,280632,48,4,,1,15,,280633,48,4,,1,15,,280634,48,4,,1,15,,280635,48,4,,1,55,,280636,48,4,,1,27,,280637,48,4,,1,70,,280638,48,4,,1,30,,280639,48,4,,1,70,,280640,48,4,,1,30,,280641,48,4,,1,70,,280642,48,4,,1,30,,280643,48,4,,1,70,,280644,48,4,,1,30,,280645,48,4,,1,70,,280646,48,4,,1,30,,280647,48,4,,1,70,,280648,48,4,,1,35,,280649,48,4,,1,70,,280650,48,4,,1,15,,280651,48,4,,1,15,,280652,48,4,,1,15,,280653,48,4,,1,55,,280654,48,4,,1,15,,280655,48,4,,1,15,,280656,48,4,,1,15,,280657,48,4,,1,55,,280658,48,4,,1,29,,280659,48,4,,1,23,,280660,48,4,,1,70,,280661,48,4,,1,30,,280662,48,4,,1,70,,280663,48,4,,1,30,,280664,48,4,,1,70,,280665,48,4,,1,30,,280666,48,4,,1,70,,280667,48,4,,1,100,,280668,48,4,,1,100,,280669,48,4,,1
90700,'907-Weekday-7-26-09-1111100',557,,280670,48,4,,1,70,,280671,48,4,,1,76,,280672,48,4,,1,15,,280673,48,4,,1,15,,280674,48,4,,1,15,,280675,48,4,,1,55,,280676,48,4,,1,15,,280677,48,4,,1,15,,280678,48,4,,1,15,,280679,48,4,,1,55,,280680,48,4,,1,27,,280681,48,4,,1,70,,280682,48,4,,1,30,,280683,48,4,,1,70,,280684,48,4,,1,30,,280685,48,4,,1,70,,280686,48,4,,1,30,,280687,48,4,,1,70,,280688,48,4,,1,30,,280689,48,4,,1,70,,280690,48,4,,1,30,,280691,48,4,,1,70,,280692,48,4,,1,35,,280693,48,4,,1,70,,280694,48,4,,1,15,,280695,48,4,,1,15,,280696,48,4,,1,15,,280697,48,4,,1,55,,280698,48,4,,1,15,,280699,48,4,,1,15,,280700,48,4,,1,15,,280701,48,4,,1,55,,280702,48,4,,1,29,,280703,48,4,,1,23,,280704,48,4,,1,70,,280705,48,4,,1,30,,280706,48,4,,1,70,,280707,48,4,,1,30,,280708,48,4,,1,70,,280709,48,4,,1,30,,280710,48,4,,1,70,,280711,48,4,,1,100,,280712,48,4,,1,100,,280713,48,4,,1
90700,'907-Saturday-1-26-09-0000010',726,,238032,48,4,,1,100,,238033,48,4,,1,30,,238038,48,4,,1,75,,238039,48,4,,1,70,,238040,48,4,,1,30,,238041,48,4,,1,70,,238042,48,4,,1,30,,238043,48,4,,1,70,,238044,48,4,,1,32,,238045,48,4,,1,70,,238046,48,4,,1,30,,238047,48,4,,1,70,,238048,48,4,,1,30,,238049,48,4,,1,70,,238050,48,4,,1,30,,238051,48,4,,1,70,,238052,48,4,,1,30,,238053,48,4,,1,70,,238054,48,4,,1,29,,238055,48,4,,1,70,,238056,48,4,,1,30,,238057,48,4,,1,70,,238058,48,4,,1,28,,238034,48,4,,1,100,,238035,48,4,,1,100,,238036,48,4,,1,100,,238037,48,4,,1
90700,'907-Sunday-1-26-09-0000001',1034,,238059,48,4,,1,70,,238060,48,4,,1,30,,238061,48,4,,1,70,,238062,48,4,,1,30,,238063,48,4,,1,70,,238064,48,4,,1,30,,238065,48,4,,1,70,,238066,48,4,,1,30,,238067,48,4,,1,70,,238068,48,4,,1,30,,238069,48,4,,1,70,,238070,48,4,,1,30,,238071,48,4,,1,70,,238072,48,4,,1,28,,238073,48,4,,1,70,,238074,48,4,,1,30,,238075,48,4,,1,70,,238076,48,4,,1,30,,238077,48,4,,1
90701,'907-Weekday-1-26-09-1111100',528,,238078,1,,,1,30,,238079,1,,,1,66,,238080,1,,,1,13,,238081,1,,,1,15,,238082,1,,,1,55,,238083,1,,,1,15,,238084,1,,,1,15,,238085,1,,,1,15,,238086,1,,,1,55,,238087,1,,,1,15,,238088,1,,,1,31,,238089,1,,,1,71,,238090,1,,,1,30,,238091,1,,,1,70,,238092,1,,,1,30,,238093,1,,,1,70,,238094,1,,,1,30,,238095,1,,,1,70,,238096,1,,,1,30,,238097,1,,,1,70,,238098,1,,,1,30,,238099,1,,,1,70,,238100,1,,,1,30,,238101,1,,,1,60,,238102,1,,,1,17,,238103,1,,,1,15,,238104,1,,,1,55,,238105,1,,,1,15,,238106,1,,,1,15,,238107,1,,,1,15,,238108,1,,,1,55,,238109,1,,,1,15,,238110,1,,,1,15,,238111,1,,,1,27,,238112,1,,,1,69,,238113,1,,,1,31,,238114,1,,,1,70,,238115,1,,,1,30,,238116,1,,,1,70,,238117,1,,,1,30,,238118,1,,,1,70,,238119,1,,,1,73,,238120,1,,,1,100,,238121,1,,,1,100,,238122,1,,,1
90701,'907-Weekday-2-26-09-1111100',528,,238123,1,,,1,30,,238124,1,,,1,66,,238125,1,,,1,13,,238126,1,,,1,15,,238127,1,,,1,55,,238128,1,,,1,15,,238129,1,,,1,15,,238130,1,,,1,15,,238131,1,,,1,55,,238132,1,,,1,15,,238133,1,,,1,31,,238134,1,,,1,71,,238135,1,,,1,30,,238136,1,,,1,70,,238137,1,,,1,30,,238138,1,,,1,70,,238139,1,,,1,30,,238140,1,,,1,70,,238141,1,,,1,30,,238142,1,,,1,70,,238143,1,,,1,30,,238144,1,,,1,70,,238145,1,,,1,30,,238146,1,,,1,60,,238147,1,,,1,17,,238148,1,,,1,15,,238149,1,,,1,55,,238150,1,,,1,15,,238151,1,,,1,15,,238152,1,,,1,15,,238153,1,,,1,55,,238154,1,,,1,15,,238155,1,,,1,15,,238156,1,,,1,27,,238157,1,,,1,69,,238158,1,,,1,31,,238159,1,,,1,70,,238160,1,,,1,30,,238161,1,,,1,70,,238162,1,,,1,30,,238163,1,,,1,70,,238164,1,,,1,73,,238165,1,,,1,100,,238166,1,,,1,100,,238167,1,,,1
90701,'907-Weekday-3-26-09-1111100',528,,280714,1,,,1,30,,280715,1,,,1,66,,280716,1,,,1,13,,280717,1,,,1,15,,280718,1,,,1,55,,280719,1,,,1,15,,280720,1,,,1,15,,280721,1,,,1,15,,280722,1,,,1,55,,280723,1,,,1,15,,280724,1,,,1,31,,280725,1,,,1,71,,280726,1,,,1,30,,280727,1,,,1,70,,280728,1,,,1,30,,280729,1,,,1,70,,280730,1,,,1,30,,280731,1,,,1,70,,280732,1,,,1,30,,280733,1,,,1,70,,280734,1,,,1,30,,280735,1,,,1,70,,280736,1,,,1,30,,280737,1,,,1,60,,280738,1,,,1,17,,280739,1,,,1,15,,280740,1,,,1,55,,280741,1,,,1,15,,280742,1,,,1,15,,280743,1,,,1,15,,280744,1,,,1,55,,280745,1,,,1,15,,280746,1,,,1,15,,280747,1,,,1,27,,280748,1,,,1,69,,280749,1,,,1,31,,280750,1,,,1,70,,280751,1,,,1,30,,280752,1,,,1,70,,280753,1,,,1,30,,280754,1,,,1,70,,280755,1,,,1,73,,280756,1,,,1,100,,280757,1,,,1,100,,280758,1,,,1
90701,'907-Weekday-4-26-09-1111100',528,,238168,1,,,1,30,,238169,1,,,1,66,,238170,1,,,1,13,,238171,1,,,1,15,,238172,1,,,1,55,,238173,1,,,1,15,,238174,1,,,1,15,,238175,1,,,1,15,,238176,1,,,1,55,,238177,1,,,1,15,,238178,1,,,1,31,,238179,1,,,1,71,,238180,1,,,1,30,,238181,1,,,1,70,,238182,1,,,1,30,,238183,1,,,1,70,,238184,1,,,1,30,,238185,1,,,1,70,,238186,1,,,1,30,,238187,1,,,1,70,,238188,1,,,1,30,,238189,1,,,1,70,,238190,1,,,1,30,,238191,1,,,1,60,,238192,1,,,1,17,,238193,1,,,1,15,,238194,1,,,1,55,,238195,1,,,1,15,,238196,1,,,1,15,,238197,1,,,1,15,,238198,1,,,1,55,,238199,1,,,1,15,,238200,1,,,1,15,,238201,1,,,1,27,,238202,1,,,1,69,,238203,1,,,1,31,,238204,1,,,1,70,,238205,1,,,1,30,,238206,1,,,1,70,,238207,1,,,1,30,,238208,1,,,1,70,,238209,1,,,1,73,,238210,1,,,1,100,,238211,1,,,1,100,,238212,1,,,1
90701,'907-Weekday-5-26-09-1111100',528,,280759,1,,,1,30,,280760,1,,,1,66,,280761,1,,,1,13,,280762,1,,,1,15,,280763,1,,,1,55,,280764,1,,,1,15,,280765,1,,,1,15,,280766,1,,,1,15,,280767,1,,,1,55,,280768,1,,,1,15,,280769,1,,,1,31,,280770,1,,,1,71,,280771,1,,,1,30,,280772,1,,,1,70,,280773,1,,,1,30,,280774,1,,,1,70,,280775,1,,,1,30,,280776,1,,,1,70,,280777,1,,,1,30,,280778,1,,,1,70,,280779,1,,,1,30,,280780,1,,,1,70,,280781,1,,,1,30,,280782,1,,,1,60,,280783,1,,,1,17,,280784,1,,,1,15,,280785,1,,,1,55,,280786,1,,,1,15,,280787,1,,,1,15,,280788,1,,,1,15,,280789,1,,,1,55,,280790,1,,,1,15,,280791,1,,,1,15,,280792,1,,,1,27,,280793,1,,,1,69,,280794,1,,,1,31,,280795,1,,,1,70,,280796,1,,,1,30,,280797,1,,,1,70,,280798,1,,,1,30,,280799,1,,,1,70,,280800,1,,,1,73,,280801,1,,,1,100,,280802,1,,,1,100,,280803,1,,,1
90701,'907-Weekday-6-26-09-1111100',528,,280804,1,,,1,30,,280805,1,,,1,66,,280806,1,,,1,13,,280807,1,,,1,15,,280808,1,,,1,55,,280809,1,,,1,15,,280810,1,,,1,15,,280811,1,,,1,15,,280812,1,,,1,55,,280813,1,,,1,15,,280814,1,,,1,31,,280815,1,,,1,71,,280816,1,,,1,30,,280817,1,,,1,70,,280818,1,,,1,30,,280819,1,,,1,70,,280820,1,,,1,30,,280821,1,,,1,70,,280822,1,,,1,30,,280823,1,,,1,70,,280824,1,,,1,30,,280825,1,,,1,70,,280826,1,,,1,30,,280827,1,,,1,60,,280828,1,,,1,17,,280829,1,,,1,15,,280830,1,,,1,55,,280831,1,,,1,15,,280832,1,,,1,15,,280833,1,,,1,15,,280834,1,,,1,55,,280835,1,,,1,15,,280836,1,,,1,15,,280837,1,,,1,27,,280838,1,,,1,69,,280839,1,,,1,31,,280840,1,,,1,70,,280841,1,,,1,30,,280842,1,,,1,70,,280843,1,,,1,30,,280844,1,,,1,70,,280845,1,,,1,73,,280846,1,,,1,100,,280847,1,,,1,100,,280848,1,,,1
90701,'907-Weekday-7-26-09-1111100',528,,280849,1,,,1,30,,280850,1,,,1,66,,280851,1,,,1,13,,280852,1,,,1,15,,280853,1,,,1,55,,280854,1,,,1,15,,280855,1,,,1,15,,280856,1,,,1,15,,280857,1,,,1,55,,280858,1,,,1,15,,280859,1,,,1,31,,280860,1,,,1,71,,280861,1,,,1,30,,280862,1,,,1,70,,280863,1,,,1,30,,280864,1,,,1,70,,280865,1,,,1,30,,280866,1,,,1,70,,280867,1,,,1,30,,280868,1,,,1,70,,280869,1,,,1,30,,280870,1,,,1,70,,280871,1,,,1,30,,280872,1,,,1,60,,280873,1,,,1,17,,280874,1,,,1,15,,280875,1,,,1,55,,280876,1,,,1,15,,280877,1,,,1,15,,280878,1,,,1,15,,280879,1,,,1,55,,280880,1,,,1,15,,280881,1,,,1,15,,280882,1,,,1,27,,280883,1,,,1,69,,280884,1,,,1,31,,280885,1,,,1,70,,280886,1,,,1,30,,280887,1,,,1,70,,280888,1,,,1,30,,280889,1,,,1,70,,280890,1,,,1,73,,280891,1,,,1,100,,280892,1,,,1,100,,280893,1,,,1
90701,'907-Saturday-1-26-09-0000010',631,,238213,1,,,1,100,,238214,1,,,1,100,,238215,1,,,1,26,,238216,1,,,1,70,,238217,1,,,1,30,,238218,1,,,1,70,,238219,1,,,1,30,,238220,1,,,1,70,,238221,1,,,1,30,,238222,1,,,1,70,,238223,1,,,1,30,,238224,1,,,1,70,,238225,1,,,1,30,,238226,1,,,1,70,,238227,1,,,1,30,,238228,1,,,1,70,,238229,1,,,1,30,,238230,1,,,1,70,,238231,1,,,1,73,,238232,1,,,1,30,,238233,1,,,1,70,,238234,1,,,1,30,,238235,1,,,1,70,,238236,1,,,1,100,,238237,1,,,1,100,,238238,1,,,1,100,,238239,1,,,1
90701,'907-Sunday-1-26-09-0000001',1032,,238240,1,,,1,70,,238241,1,,,1,30,,238242,1,,,1,70,,238243,1,,,1,30,,238244,1,,,1,70,,238245,1,,,1,30,,238246,1,,,1,70,,238247,1,,,1,30,,238248,1,,,1,70,,238249,1,,,1,30,,238250,1,,,1,70,,238251,1,,,1,30,,238252,1,,,1,70,,238253,1,,,1,30,,238254,1,,,1,70,,238255,1,,,1,30,,238256,1,,,1,70,,238257,1,,,1,30,,238258,1,,,1
90800,'908-Weekday-1-26-09-1111100',626,,238259,30,4,,1,32,,238260,30,4,,1,70,,238261,30,4,,1,30,,238262,30,4,,1,70,,238263,30,4,,1,30,,238264,30,4,,1,743,,238265,30,4,,1,30,,238266,30,4,,1,70,,238267,30,4,,1,30,,238268,30,4,,1,70,,238269,30,4,,1,30,,238270,30,4,,1
90800,'908-Weekday-2-26-09-1111100',626,,238271,30,4,,1,32,,238272,30,4,,1,70,,238273,30,4,,1,30,,238274,30,4,,1,70,,238275,30,4,,1,30,,238276,30,4,,1,743,,238277,30,4,,1,30,,238278,30,4,,1,70,,238279,30,4,,1,30,,238280,30,4,,1,70,,238281,30,4,,1,30,,238282,30,4,,1
90800,'908-Weekday-3-26-09-1111100',626,,280894,30,4,,1,32,,280895,30,4,,1,70,,280896,30,4,,1,30,,280897,30,4,,1,70,,280898,30,4,,1,30,,280899,30,4,,1,743,,280900,30,4,,1,30,,280901,30,4,,1,70,,280902,30,4,,1,30,,280903,30,4,,1,70,,280904,30,4,,1,30,,280905,30,4,,1
90800,'908-Weekday-4-26-09-1111100',626,,238283,30,4,,1,32,,238284,30,4,,1,70,,238285,30,4,,1,30,,238286,30,4,,1,70,,238287,30,4,,1,30,,238288,30,4,,1,743,,238289,30,4,,1,30,,238290,30,4,,1,70,,238291,30,4,,1,30,,238292,30,4,,1,70,,238293,30,4,,1,30,,238294,30,4,,1
90800,'908-Weekday-5-26-09-1111100',626,,280906,30,4,,1,32,,280907,30,4,,1,70,,280908,30,4,,1,30,,280909,30,4,,1,70,,280910,30,4,,1,30,,280911,30,4,,1,743,,280912,30,4,,1,30,,280913,30,4,,1,70,,280914,30,4,,1,30,,280915,30,4,,1,70,,280916,30,4,,1,30,,280917,30,4,,1
90800,'908-Weekday-6-26-09-1111100',626,,280918,30,4,,1,32,,280919,30,4,,1,70,,280920,30,4,,1,30,,280921,30,4,,1,70,,280922,30,4,,1,30,,280923,30,4,,1,743,,280924,30,4,,1,30,,280925,30,4,,1,70,,280926,30,4,,1,30,,280927,30,4,,1,70,,280928,30,4,,1,30,,280929,30,4,,1
90800,'908-Weekday-7-26-09-1111100',626,,280930,30,4,,1,32,,280931,30,4,,1,70,,280932,30,4,,1,30,,280933,30,4,,1,70,,280934,30,4,,1,30,,280935,30,4,,1,743,,280936,30,4,,1,30,,280937,30,4,,1,70,,280938,30,4,,1,30,,280939,30,4,,1,70,,280940,30,4,,1,30,,280941,30,4,,1
90801,'908-Weekday-1-26-09-1111100',603,,238295,1,,,1,30,,238296,1,,,1,70,,238297,1,,,1,30,,238298,1,,,1,70,,238299,1,,,1,30,,238300,1,,,1,702,,238301,1,,,1,70,,238302,1,,,1,30,,238303,1,,,1,70,,238304,1,,,1,30,,238305,1,,,1,70,,238306,1,,,1
90801,'908-Weekday-2-26-09-1111100',603,,238307,1,,,1,30,,238308,1,,,1,70,,238309,1,,,1,30,,238310,1,,,1,70,,238311,1,,,1,30,,238312,1,,,1,702,,238313,1,,,1,70,,238314,1,,,1,30,,238315,1,,,1,70,,238316,1,,,1,30,,238317,1,,,1,70,,238318,1,,,1
90801,'908-Weekday-3-26-09-1111100',603,,280942,1,,,1,30,,280943,1,,,1,70,,280944,1,,,1,30,,280945,1,,,1,70,,280946,1,,,1,30,,280947,1,,,1,702,,280948,1,,,1,70,,280949,1,,,1,30,,280950,1,,,1,70,,280951,1,,,1,30,,280952,1,,,1,70,,280953,1,,,1
90801,'908-Weekday-4-26-09-1111100',603,,238319,1,,,1,30,,238320,1,,,1,70,,238321,1,,,1,30,,238322,1,,,1,70,,238323,1,,,1,30,,238324,1,,,1,702,,238325,1,,,1,70,,238326,1,,,1,30,,238327,1,,,1,70,,238328,1,,,1,30,,238329,1,,,1,70,,238330,1,,,1
90801,'908-Weekday-5-26-09-1111100',603,,280954,1,,,1,30,,280955,1,,,1,70,,280956,1,,,1,30,,280957,1,,,1,70,,280958,1,,,1,30,,280959,1,,,1,702,,280960,1,,,1,70,,280961,1,,,1,30,,280962,1,,,1,70,,280963,1,,,1,30,,280964,1,,,1,70,,280965,1,,,1
90801,'908-Weekday-6-26-09-1111100',603,,280966,1,,,1,30,,280967,1,,,1,70,,280968,1,,,1,30,,280969,1,,,1,70,,280970,1,,,1,30,,280971,1,,,1,702,,280972,1,,,1,70,,280973,1,,,1,30,,280974,1,,,1,70,,280975,1,,,1,30,,280976,1,,,1,70,,280977,1,,,1
90801,'908-Weekday-7-26-09-1111100',603,,280978,1,,,1,30,,280979,1,,,1,70,,280980,1,,,1,30,,280981,1,,,1,70,,280982,1,,,1,30,,280983,1,,,1,702,,280984,1,,,1,70,,280985,1,,,1,30,,280986,1,,,1,70,,280987,1,,,1,30,,280988,1,,,1,70,,280989,1,,,1
