11901,'119-Weekday-1-26-09-1111100',528,,219845,40,,,1,30,,219825,40,,,1,70,,219826,40,,,1,73,,219827,40,,,1,12,,219869,40,,,1,12,,219828,40,,,1,12,,219870,40,,,1,12,,219871,40,,,1,52,,219872,40,,,1,12,,219873,40,,,1,12,,219874,40,,,1,12,,219867,40,,,1,12,,219866,40,,,1,52,,219829,40,,,1,29,,219830,40,,,1,70,,219848,40,,,1,30,,219849,40,,,1,70,,219850,40,,,1,30,,219851,40,,,1,70,,219852,40,,,1,30,,219853,40,,,1,70,,219854,40,,,1,30,,219855,40,,,1,70,,219856,40,,,1,30,,219847,40,,,1,71,,219846,40,,,1,33,,219839,40,,,1,13,,219868,40,,,1,55,,219857,40,,,1,15,,219858,40,,,1,15,,219859,40,,,1,15,,219860,40,,,1,55,,219861,40,,,1,15,,219862,40,,,1,15,,219840,40,,,1,15,,219831,40,,,1,55,,219832,40,,,1,16,,219833,40,,,1,16,,219875,40,,,1,25,,219834,40,,,1,72,,219835,40,,,1,70,,219836,40,,,1,30,,219837,40,,,1,70,,219838,40,,,1,30,,219842,40,,,1,70,,219843,40,,,1,27,,219844,40,,,1,25,,219841,40,,,1,70,,219863,40,,,1,30,,219864,40,,,1,70,,219865,40,,,1
11901,'119-Weekday-2-26-09-1111100',528,,219896,40,,,1,30,,219876,40,,,1,70,,219877,40,,,1,73,,219878,40,,,1,12,,219920,40,,,1,12,,219879,40,,,1,12,,219921,40,,,1,12,,219922,40,,,1,52,,219923,40,,,1,12,,219924,40,,,1,12,,219925,40,,,1,12,,219918,40,,,1,12,,219917,40,,,1,52,,219880,40,,,1,29,,219881,40,,,1,70,,219899,40,,,1,30,,219900,40,,,1,70,,219901,40,,,1,30,,219902,40,,,1,70,,219903,40,,,1,30,,219904,40,,,1,70,,219905,40,,,1,30,,219906,40,,,1,70,,219907,40,,,1,30,,219898,40,,,1,71,,219897,40,,,1,33,,219890,40,,,1,13,,219919,40,,,1,55,,219908,40,,,1,15,,219909,40,,,1,15,,219910,40,,,1,15,,219911,40,,,1,55,,219912,40,,,1,15,,219913,40,,,1,15,,219891,40,,,1,15,,219882,40,,,1,55,,219883,40,,,1,16,,219884,40,,,1,16,,219926,40,,,1,25,,219885,40,,,1,72,,219886,40,,,1,70,,219887,40,,,1,30,,219888,40,,,1,70,,219889,40,,,1,30,,219893,40,,,1,70,,219894,40,,,1,27,,219895,40,,,1,25,,219892,40,,,1,70,,219914,40,,,1,30,,219915,40,,,1,70,,219916,40,,,1
11901,'119-Weekday-3-26-09-1111100',528,,263202,40,,,1,30,,263182,40,,,1,70,,263183,40,,,1,73,,263184,40,,,1,12,,263226,40,,,1,12,,263185,40,,,1,12,,263227,40,,,1,12,,263228,40,,,1,52,,263229,40,,,1,12,,263230,40,,,1,12,,263231,40,,,1,12,,263224,40,,,1,12,,263223,40,,,1,52,,263186,40,,,1,29,,263187,40,,,1,70,,263205,40,,,1,30,,263206,40,,,1,70,,263207,40,,,1,30,,263208,40,,,1,70,,263209,40,,,1,30,,263210,40,,,1,70,,263211,40,,,1,30,,263212,40,,,1,70,,263213,40,,,1,30,,263204,40,,,1,71,,263203,40,,,1,33,,263196,40,,,1,13,,263225,40,,,1,55,,263214,40,,,1,15,,263215,40,,,1,15,,263216,40,,,1,15,,263217,40,,,1,55,,263218,40,,,1,15,,263219,40,,,1,15,,263197,40,,,1,15,,263188,40,,,1,55,,263189,40,,,1,16,,263190,40,,,1,16,,263232,40,,,1,25,,263191,40,,,1,72,,263192,40,,,1,70,,263193,40,,,1,30,,263194,40,,,1,70,,263195,40,,,1,30,,263199,40,,,1,70,,263200,40,,,1,27,,263201,40,,,1,25,,263198,40,,,1,70,,263220,40,,,1,30,,263221,40,,,1,70,,263222,40,,,1
11901,'119-Weekday-4-26-09-1111100',528,,219947,40,,,1,30,,219927,40,,,1,70,,219928,40,,,1,73,,219929,40,,,1,12,,219971,40,,,1,12,,219930,40,,,1,12,,219972,40,,,1,12,,219973,40,,,1,52,,219974,40,,,1,12,,219975,40,,,1,12,,219976,40,,,1,12,,219969,40,,,1,12,,219968,40,,,1,52,,219931,40,,,1,29,,219932,40,,,1,70,,219950,40,,,1,30,,219951,40,,,1,70,,219952,40,,,1,30,,219953,40,,,1,70,,219954,40,,,1,30,,219955,40,,,1,70,,219956,40,,,1,30,,219957,40,,,1,70,,219958,40,,,1,30,,219949,40,,,1,71,,219948,40,,,1,33,,219941,40,,,1,13,,219970,40,,,1,55,,219959,40,,,1,15,,219960,40,,,1,15,,219961,40,,,1,15,,219962,40,,,1,55,,219963,40,,,1,15,,219964,40,,,1,15,,219942,40,,,1,15,,219933,40,,,1,55,,219934,40,,,1,16,,219935,40,,,1,16,,219977,40,,,1,25,,219936,40,,,1,72,,219937,40,,,1,70,,219938,40,,,1,30,,219939,40,,,1,70,,219940,40,,,1,30,,219944,40,,,1,70,,219945,40,,,1,27,,219946,40,,,1,25,,219943,40,,,1,70,,219965,40,,,1,30,,219966,40,,,1,70,,219967,40,,,1
11901,'119-Weekday-5-26-09-1111100',528,,263253,40,,,1,30,,263233,40,,,1,70,,263234,40,,,1,73,,263235,40,,,1,12,,263277,40,,,1,12,,263236,40,,,1,12,,263278,40,,,1,12,,263279,40,,,1,52,,263280,40,,,1,12,,263281,40,,,1,12,,263282,40,,,1,12,,263275,40,,,1,12,,263274,40,,,1,52,,263237,40,,,1,29,,263238,40,,,1,70,,263256,40,,,1,30,,263257,40,,,1,70,,263258,40,,,1,30,,263259,40,,,1,70,,263260,40,,,1,30,,263261,40,,,1,70,,263262,40,,,1,30,,263263,40,,,1,70,,263264,40,,,1,30,,263255,40,,,1,71,,263254,40,,,1,33,,263247,40,,,1,13,,263276,40,,,1,55,,263265,40,,,1,15,,263266,40,,,1,15,,263267,40,,,1,15,,263268,40,,,1,55,,263269,40,,,1,15,,263270,40,,,1,15,,263248,40,,,1,15,,263239,40,,,1,55,,263240,40,,,1,16,,263241,40,,,1,16,,263283,40,,,1,25,,263242,40,,,1,72,,263243,40,,,1,70,,263244,40,,,1,30,,263245,40,,,1,70,,263246,40,,,1,30,,263250,40,,,1,70,,263251,40,,,1,27,,263252,40,,,1,25,,263249,40,,,1,70,,263271,40,,,1,30,,263272,40,,,1,70,,263273,40,,,1
11901,'119-Weekday-6-26-09-1111100',528,,263304,40,,,1,30,,263284,40,,,1,70,,263285,40,,,1,73,,263286,40,,,1,12,,263328,40,,,1,12,,263287,40,,,1,12,,263329,40,,,1,12,,263330,40,,,1,52,,263331,40,,,1,12,,263332,40,,,1,12,,263333,40,,,1,12,,263326,40,,,1,12,,263325,40,,,1,52,,263288,40,,,1,29,,263289,40,,,1,70,,263307,40,,,1,30,,263308,40,,,1,70,,263309,40,,,1,30,,263310,40,,,1,70,,263311,40,,,1,30,,263312,40,,,1,70,,263313,40,,,1,30,,263314,40,,,1,70,,263315,40,,,1,30,,263306,40,,,1,71,,263305,40,,,1,33,,263298,40,,,1,13,,263327,40,,,1,55,,263316,40,,,1,15,,263317,40,,,1,15,,263318,40,,,1,15,,263319,40,,,1,55,,263320,40,,,1,15,,263321,40,,,1,15,,263299,40,,,1,15,,263290,40,,,1,55,,263291,40,,,1,16,,263292,40,,,1,16,,263334,40,,,1,25,,263293,40,,,1,72,,263294,40,,,1,70,,263295,40,,,1,30,,263296,40,,,1,70,,263297,40,,,1,30,,263301,40,,,1,70,,263302,40,,,1,27,,263303,40,,,1,25,,263300,40,,,1,70,,263322,40,,,1,30,,263323,40,,,1,70,,263324,40,,,1
11901,'119-Weekday-7-26-09-1111100',528,,263355,40,,,1,30,,263335,40,,,1,70,,263336,40,,,1,73,,263337,40,,,1,12,,263379,40,,,1,12,,263338,40,,,1,12,,263380,40,,,1,12,,263381,40,,,1,52,,263382,40,,,1,12,,263383,40,,,1,12,,263384,40,,,1,12,,263377,40,,,1,12,,263376,40,,,1,52,,263339,40,,,1,29,,263340,40,,,1,70,,263358,40,,,1,30,,263359,40,,,1,70,,263360,40,,,1,30,,263361,40,,,1,70,,263362,40,,,1,30,,263363,40,,,1,70,,263364,40,,,1,30,,263365,40,,,1,70,,263366,40,,,1,30,,263357,40,,,1,71,,263356,40,,,1,33,,263349,40,,,1,13,,263378,40,,,1,55,,263367,40,,,1,15,,263368,40,,,1,15,,263369,40,,,1,15,,263370,40,,,1,55,,263371,40,,,1,15,,263372,40,,,1,15,,263350,40,,,1,15,,263341,40,,,1,55,,263342,40,,,1,16,,263343,40,,,1,16,,263385,40,,,1,25,,263344,40,,,1,72,,263345,40,,,1,70,,263346,40,,,1,30,,263347,40,,,1,70,,263348,40,,,1,30,,263352,40,,,1,70,,263353,40,,,1,27,,263354,40,,,1,25,,263351,40,,,1,70,,263373,40,,,1,30,,263374,40,,,1,70,,263375,40,,,1
11901,'119-Saturday-1-26-09-0000010',641,,219978,40,,,1,70,,219979,40,,,1,30,,219980,40,,,1,70,,219981,40,,,1,30,,220012,40,,,1,72,,219982,40,,,1,32,,219983,40,,,1,70,,219984,40,,,1,30,,219985,40,,,1,70,,219986,40,,,1,30,,219987,40,,,1,70,,219988,40,,,1,30,,219989,40,,,1,70,,219990,40,,,1,30,,219991,40,,,1,70,,219992,40,,,1,30,,219993,40,,,1,70,,219994,40,,,1,30,,219995,40,,,1,70,,219996,40,,,1,30,,219997,40,,,1,69,,219998,40,,,1,29,,219999,40,,,1,70,,220000,40,,,1,30,,220001,40,,,1,70,,220002,40,,,1,30,,220003,40,,,1,70,,220004,40,,,1,30,,220005,40,,,1,70,,220006,40,,,1,30,,220007,40,,,1,70,,220008,40,,,1,30,,220009,40,,,1,100,,220010,40,,,1,100,,220011,40,,,1
11901,'119-Sunday-1-26-09-0000001',640,,220013,40,,,1,70,,220014,40,,,1,30,,220015,40,,,1,70,,220016,40,,,1,30,,220017,40,,,1,71,,220018,40,,,1,31,,220019,40,,,1,70,,220020,40,,,1,30,,220021,40,,,1,70,,220022,40,,,1,30,,220023,40,,,1,70,,220024,40,,,1,30,,220025,40,,,1,70,,220026,40,,,1,30,,220027,40,,,1,70,,220028,40,,,1,30,,220029,40,,,1,70,,220030,40,,,1,30,,220031,40,,,1,70,,220032,40,,,1,30,,220033,40,,,1,69,,220034,40,,,1,30,,220035,40,,,1,70,,220036,40,,,1,30,,220037,40,,,1,70,,220038,40,,,1,30,,220039,40,,,1,70,,220040,40,,,1,30,,220041,40,,,1,70,,220042,40,,,1,100,,220043,40,,,1,100,,220044,40,,,1,100,,220045,40,,,1
12201,'122-Weekday-1-26-09-1111100',549,,220556,31,0,29 30,1,70,,220557,31,0,29 30,1,32,,220558,31,0,29 30,1,70,,220567,31,0,29 30,1,30,,220568,31,0,29 30,1,70,,220569,31,0,29 30,1,30,,220570,31,0,29 30,1,70,,220588,31,0,29 30,1,30,,220576,31,0,29 30,1,70,,220577,31,0,29 30,1,30,,220578,31,0,29 30,1,70,,220575,31,0,29 30,1,30,,220574,31,0,29 30,1,70,,220573,31,0,29 30,1,30,,220572,31,0,29 30,1,70,,220571,31,0,29 30,1,30,,220559,31,0,29 30,1,70,,220560,31,0,29 30,1,30,,220561,31,0,29 30,1,71,,220562,31,0,29 30,1,30,,220590,31,0,29 30,1,60,,220563,31,0,29 30,1,20,,220564,31,0,29 30,1,20,,220565,31,0,29 30,1,60,,220589,31,0,29 30,1,20,,220566,31,0,29 30,1,70,,220579,31,0,29 30,1,29,,220580,31,0,29 30,1,27,,220581,31,0,29 30,1,70,,220582,31,0,29 30,1,30,,220583,31,0,29 30,1,70,,220584,31,0,29 30,1,30,,220585,31,0,29 30,1,70,,220586,31,0,29 30,1,30,,220587,31,0,29 30,1
12201,'122-Weekday-2-26-09-1111100',549,,220591,31,0,29 30,1,70,,220592,31,0,29 30,1,32,,220593,31,0,29 30,1,70,,220602,31,0,29 30,1,30,,220603,31,0,29 30,1,70,,220604,31,0,29 30,1,30,,220605,31,0,29 30,1,70,,220623,31,0,29 30,1,30,,220611,31,0,29 30,1,70,,220612,31,0,29 30,1,30,,220613,31,0,29 30,1,70,,220610,31,0,29 30,1,30,,220609,31,0,29 30,1,70,,220608,31,0,29 30,1,30,,220607,31,0,29 30,1,70,,220606,31,0,29 30,1,30,,220594,31,0,29 30,1,70,,220595,31,0,29 30,1,30,,220596,31,0,29 30,1,71,,220597,31,0,29 30,1,30,,220625,31,0,29 30,1,60,,220598,31,0,29 30,1,20,,220599,31,0,29 30,1,20,,220600,31,0,29 30,1,60,,220624,31,0,29 30,1,20,,220601,31,0,29 30,1,70,,220614,31,0,29 30,1,29,,220615,31,0,29 30,1,27,,220616,31,0,29 30,1,70,,220617,31,0,29 30,1,30,,220618,31,0,29 30,1,70,,220619,31,0,29 30,1,30,,220620,31,0,29 30,1,70,,220621,31,0,29 30,1,30,,220622,31,0,29 30,1
12201,'122-Weekday-3-26-09-1111100',549,,263882,31,0,29 30,1,70,,263883,31,0,29 30,1,32,,263884,31,0,29 30,1,70,,263893,31,0,29 30,1,30,,263894,31,0,29 30,1,70,,263895,31,0,29 30,1,30,,263896,31,0,29 30,1,70,,263914,31,0,29 30,1,30,,263902,31,0,29 30,1,70,,263903,31,0,29 30,1,30,,263904,31,0,29 30,1,70,,263901,31,0,29 30,1,30,,263900,31,0,29 30,1,70,,263899,31,0,29 30,1,30,,263898,31,0,29 30,1,70,,263897,31,0,29 30,1,30,,263885,31,0,29 30,1,70,,263886,31,0,29 30,1,30,,263887,31,0,29 30,1,71,,263888,31,0,29 30,1,30,,263916,31,0,29 30,1,60,,263889,31,0,29 30,1,20,,263890,31,0,29 30,1,20,,263891,31,0,29 30,1,60,,263915,31,0,29 30,1,20,,263892,31,0,29 30,1,70,,263905,31,0,29 30,1,29,,263906,31,0,29 30,1,27,,263907,31,0,29 30,1,70,,263908,31,0,29 30,1,30,,263909,31,0,29 30,1,70,,263910,31,0,29 30,1,30,,263911,31,0,29 30,1,70,,263912,31,0,29 30,1,30,,263913,31,0,29 30,1
12201,'122-Weekday-4-26-09-1111100',549,,220626,31,0,29 30,1,70,,220627,31,0,29 30,1,32,,220628,31,0,29 30,1,70,,220637,31,0,29 30,1,30,,220638,31,0,29 30,1,70,,220639,31,0,29 30,1,30,,220640,31,0,29 30,1,70,,220658,31,0,29 30,1,30,,220646,31,0,29 30,1,70,,220647,31,0,29 30,1,30,,220648,31,0,29 30,1,70,,220645,31,0,29 30,1,30,,220644,31,0,29 30,1,70,,220643,31,0,29 30,1,30,,220642,31,0,29 30,1,70,,220641,31,0,29 30,1,30,,220629,31,0,29 30,1,70,,220630,31,0,29 30,1,30,,220631,31,0,29 30,1,71,,220632,31,0,29 30,1,30,,220660,31,0,29 30,1,60,,220633,31,0,29 30,1,20,,220634,31,0,29 30,1,20,,220635,31,0,29 30,1,60,,220659,31,0,29 30,1,20,,220636,31,0,29 30,1,70,,220649,31,0,29 30,1,29,,220650,31,0,29 30,1,27,,220651,31,0,29 30,1,70,,220652,31,0,29 30,1,30,,220653,31,0,29 30,1,70,,220654,31,0,29 30,1,30,,220655,31,0,29 30,1,70,,220656,31,0,29 30,1,30,,220657,31,0,29 30,1
12201,'122-Weekday-5-26-09-1111100',549,,263917,31,0,29 30,1,70,,263918,31,0,29 30,1,32,,263919,31,0,29 30,1,70,,263928,31,0,29 30,1,30,,263929,31,0,29 30,1,70,,263930,31,0,29 30,1,30,,263931,31,0,29 30,1,70,,263949,31,0,29 30,1,30,,263937,31,0,29 30,1,70,,263938,31,0,29 30,1,30,,263939,31,0,29 30,1,70,,263936,31,0,29 30,1,30,,263935,31,0,29 30,1,70,,263934,31,0,29 30,1,30,,263933,31,0,29 30,1,70,,263932,31,0,29 30,1,30,,263920,31,0,29 30,1,70,,263921,31,0,29 30,1,30,,263922,31,0,29 30,1,71,,263923,31,0,29 30,1,30,,263951,31,0,29 30,1,60,,263924,31,0,29 30,1,20,,263925,31,0,29 30,1,20,,263926,31,0,29 30,1,60,,263950,31,0,29 30,1,20,,263927,31,0,29 30,1,70,,263940,31,0,29 30,1,29,,263941,31,0,29 30,1,27,,263942,31,0,29 30,1,70,,263943,31,0,29 30,1,30,,263944,31,0,29 30,1,70,,263945,31,0,29 30,1,30,,263946,31,0,29 30,1,70,,263947,31,0,29 30,1,30,,263948,31,0,29 30,1
12201,'122-Weekday-6-26-09-1111100',549,,263952,31,0,29 30,1,70,,263953,31,0,29 30,1,32,,263954,31,0,29 30,1,70,,263963,31,0,29 30,1,30,,263964,31,0,29 30,1,70,,263965,31,0,29 30,1,30,,263966,31,0,29 30,1,70,,263984,31,0,29 30,1,30,,263972,31,0,29 30,1,70,,263973,31,0,29 30,1,30,,263974,31,0,29 30,1,70,,263971,31,0,29 30,1,30,,263970,31,0,29 30,1,70,,263969,31,0,29 30,1,30,,263968,31,0,29 30,1,70,,263967,31,0,29 30,1,30,,263955,31,0,29 30,1,70,,263956,31,0,29 30,1,30,,263957,31,0,29 30,1,71,,263958,31,0,29 30,1,30,,263986,31,0,29 30,1,60,,263959,31,0,29 30,1,20,,263960,31,0,29 30,1,20,,263961,31,0,29 30,1,60,,263985,31,0,29 30,1,20,,263962,31,0,29 30,1,70,,263975,31,0,29 30,1,29,,263976,31,0,29 30,1,27,,263977,31,0,29 30,1,70,,263978,31,0,29 30,1,30,,263979,31,0,29 30,1,70,,263980,31,0,29 30,1,30,,263981,31,0,29 30,1,70,,263982,31,0,29 30,1,30,,263983,31,0,29 30,1
12201,'122-Weekday-7-26-09-1111100',549,,263987,31,0,29 30,1,70,,263988,31,0,29 30,1,32,,263989,31,0,29 30,1,70,,263998,31,0,29 30,1,30,,263999,31,0,29 30,1,70,,264000,31,0,29 30,1,30,,264001,31,0,29 30,1,70,,264019,31,0,29 30,1,30,,264007,31,0,29 30,1,70,,264008,31,0,29 30,1,30,,264009,31,0,29 30,1,70,,264006,31,0,29 30,1,30,,264005,31,0,29 30,1,70,,264004,31,0,29 30,1,30,,264003,31,0,29 30,1,70,,264002,31,0,29 30,1,30,,263990,31,0,29 30,1,70,,263991,31,0,29 30,1,30,,263992,31,0,29 30,1,71,,263993,31,0,29 30,1,30,,264021,31,0,29 30,1,60,,263994,31,0,29 30,1,20,,263995,31,0,29 30,1,20,,263996,31,0,29 30,1,60,,264020,31,0,29 30,1,20,,263997,31,0,29 30,1,70,,264010,31,0,29 30,1,29,,264011,31,0,29 30,1,27,,264012,31,0,29 30,1,70,,264013,31,0,29 30,1,30,,264014,31,0,29 30,1,70,,264015,31,0,29 30,1,30,,264016,31,0,29 30,1,70,,264017,31,0,29 30,1,30,,264018,31,0,29 30,1
12201,'122-Saturday-1-26-09-0000010',826,,220662,31,0,29 30,1,30,,220663,31,0,29 30,1,70,,220664,31,0,29 30,1,30,,220665,31,0,29 30,1,70,,220666,31,0,29 30,1,30,,220667,31,0,29 30,1,70,,220668,31,0,29 30,1,30,,220669,31,0,29 30,1,70,,220670,31,0,29 30,1,30,,220671,31,0,29 30,1,70,,220672,31,0,29 30,1,30,,220673,31,0,29 30,1,70,,220674,31,0,29 30,1,30,,220675,31,0,29 30,1,70,,220676,31,0,29 30,1,30,,220677,31,0,29 30,1,70,,220678,31,0,29 30,1,30,,220679,31,0,29 30,1,70,,220680,31,0,29 30,1,30,,220681,31,0,29 30,1,70,,220682,31,0,29 30,1,30,,220683,31,0,29 30,1,70,,220661,31,0,29 30,1
12201,'122-Sunday-1-26-09-0000001',1020,,220685,31,0,29 30,1,30,,220686,31,0,29 30,1,70,,220687,31,0,29 30,1,30,,220688,31,0,29 30,1,70,,220689,31,0,29 30,1,30,,220690,31,0,29 30,1,70,,220691,31,0,29 30,1,30,,220692,31,0,29 30,1,70,,220693,31,0,29 30,1,30,,220694,31,0,29 30,1,70,,220695,31,0,29 30,1,30,,220696,31,0,29 30,1,70,,220697,31,0,29 30,1,30,,220698,31,0,29 30,1,70,,220699,31,0,29 30,1,30,,220700,31,0,29 30,1,70,,220701,31,0,29 30,1,30,,220702,31,0,29 30,1,70,,220684,31,0,29 30,1
