66300,'663-Weekday-1-26-09-1111100',752,,227742,16,,,1,3,,227743,16,,,1,45,,227744,16,,,1
66300,'663-Weekday-4-26-09-1111100',752,,270542,16,,,1,3,,270543,16,,,1,45,,270544,16,,,1
66300,'663-Weekday-7-26-09-1111100',752,,270545,16,,,1,3,,270546,16,,,1,45,,270547,16,,,1
66301,'663-Weekday-1-26-09-0001000',1240,,227745,18,,,1,2,,227746,18,,,1,2,,227747,18,,,1
66301,'663-Weekday-1-26-09-1110100',1534,,227748,18,,,1,2,,227749,18,,,1,2,,227750,18,,,1
66301,'663-Weekday-4-26-09-1110100',1534,,270548,18,,,1,2,,270549,18,,,1,2,,270550,18,,,1
66301,'663-Weekday-7-26-09-1110100',1534,,270551,18,,,1,2,,270552,18,,,1,2,,270553,18,,,1
66801,'668-Weekday-1-26-09-0001000',1444,,227792,7,,,1,2,,227793,7,,,1
66801,'668-Weekday-1-26-09-1110100',1520,,227794,7,,,1,3,,227795,7,,,1,3,,227796,7,,,1
66801,'668-Weekday-3-26-09-1110100',1520,,227797,7,,,1,3,,227798,7,,,1,3,,227799,7,,,1
66801,'668-Weekday-7-26-09-1110100',1520,,270577,7,,,1,3,,270578,7,,,1,3,,270579,7,,,1
71900,'719-Weekday-1-26-09-1111100',453,,233411,16,,,1,70,,233413,16,,,1,30,,233366,16,,,1,48,,233414,16,,,1,7,,233422,16,,,1,8,,233437,16,,,1,7,,233434,16,,,1,9,,233412,16,,,1,9,,233367,16,,,1,8,,233438,16,,,1,52,,233420,16,,,1,8,,233426,16,,,1,7,,233368,16,,,1,8,,233427,16,,,1,7,,233435,16,,,1,8,,233432,16,,,1,7,,233369,16,,,1,8,,233428,16,,,1,47,,233371,16,,,1,8,,233429,16,,,1,7,,233370,16,,,1,8,,233430,16,,,1,7,,233436,16,,,1,8,,233439,16,,,1,9,,233421,16,,,1,60,,233372,16,,,1,18,,233373,16,,,1,20,,233374,16,,,1,60,,233375,16,,,1,20,,233376,16,,,1,20,,233377,16,,,1,60,,233378,16,,,1,20,,233379,16,,,1,20,,233380,16,,,1,60,,233381,16,,,1,20,,233382,16,,,1,20,,233383,16,,,1,60,,233384,16,,,1,20,,233385,16,,,1,20,,233386,16,,,1,60,,233387,16,,,1,20,,233388,16,,,1,20,,233389,16,,,1,60,,233390,16,,,1,25,,233391,16,,,1,12,,233431,16,0,24,1,9,,233392,16,,,1,51,,233424,16,0,24,1,9,,233393,16,,,1,11,,233425,16,0,24,1,9,,233433,16,,,1,11,,233440,16,0,24,1,9,,233423,16,,,1,51,,233419,16,0,24,1,9,,233394,16,,,1,11,,233416,16,0,24,1,9,,233396,16,,,1,11,,233417,16,0,24,1,9,,233395,16,,,1,51,,233418,16,0,24,1,9,,233397,16,,,1,11,,233441,16,0,24,1,11,,233398,16,,,1,16,,233399,16,,,1,58,,233400,16,,,1,20,,233401,16,,,1,20,,233402,16,,,1,60,,233403,16,,,1,20,,233404,16,,,1,20,,233405,16,,,1,60,,233406,16,,,1,20,,233407,16,,,1,20,,233415,16,,,1,68,,233408,16,,,1,99,,233409,16,,,1,100,,233410,16,,,1
71900,'719-Weekday-2-26-09-1111100',453,,233487,16,,,1,70,,233489,16,,,1,30,,233442,16,,,1,48,,233490,16,,,1,7,,233498,16,,,1,8,,233513,16,,,1,7,,233510,16,,,1,9,,233488,16,,,1,9,,233443,16,,,1,8,,233514,16,,,1,52,,233496,16,,,1,8,,233502,16,,,1,7,,233444,16,,,1,8,,233503,16,,,1,7,,233511,16,,,1,8,,233508,16,,,1,7,,233445,16,,,1,8,,233504,16,,,1,47,,233447,16,,,1,8,,233505,16,,,1,7,,233446,16,,,1,8,,233506,16,,,1,7,,233512,16,,,1,8,,233515,16,,,1,9,,233497,16,,,1,60,,233448,16,,,1,18,,233449,16,,,1,20,,233450,16,,,1,60,,233451,16,,,1,20,,233452,16,,,1,20,,233453,16,,,1,60,,233454,16,,,1,20,,233455,16,,,1,20,,233456,16,,,1,60,,233457,16,,,1,20,,233458,16,,,1,20,,233459,16,,,1,60,,233460,16,,,1,20,,233461,16,,,1,20,,233462,16,,,1,60,,233463,16,,,1,20,,233464,16,,,1,20,,233465,16,,,1,60,,233466,16,,,1,25,,233467,16,,,1,12,,233507,16,0,24,1,9,,233468,16,,,1,51,,233500,16,0,24,1,9,,233469,16,,,1,11,,233501,16,0,24,1,9,,233509,16,,,1,11,,233516,16,0,24,1,9,,233499,16,,,1,51,,233495,16,0,24,1,9,,233470,16,,,1,11,,233492,16,0,24,1,9,,233472,16,,,1,11,,233493,16,0,24,1,9,,233471,16,,,1,51,,233494,16,0,24,1,9,,233473,16,,,1,11,,233517,16,0,24,1,11,,233474,16,,,1,16,,233475,16,,,1,58,,233476,16,,,1,20,,233477,16,,,1,20,,233478,16,,,1,60,,233479,16,,,1,20,,233480,16,,,1,20,,233481,16,,,1,60,,233482,16,,,1,20,,233483,16,,,1,20,,233491,16,,,1,68,,233484,16,,,1,99,,233485,16,,,1,100,,233486,16,,,1
71900,'719-Weekday-3-26-09-1111100',453,,276051,16,,,1,70,,276053,16,,,1,30,,276006,16,,,1,48,,276054,16,,,1,7,,276062,16,,,1,8,,276077,16,,,1,7,,276074,16,,,1,9,,276052,16,,,1,9,,276007,16,,,1,8,,276078,16,,,1,52,,276060,16,,,1,8,,276066,16,,,1,7,,276008,16,,,1,8,,276067,16,,,1,7,,276075,16,,,1,8,,276072,16,,,1,7,,276009,16,,,1,8,,276068,16,,,1,47,,276011,16,,,1,8,,276069,16,,,1,7,,276010,16,,,1,8,,276070,16,,,1,7,,276076,16,,,1,8,,276079,16,,,1,9,,276061,16,,,1,60,,276012,16,,,1,18,,276013,16,,,1,20,,276014,16,,,1,60,,276015,16,,,1,20,,276016,16,,,1,20,,276017,16,,,1,60,,276018,16,,,1,20,,276019,16,,,1,20,,276020,16,,,1,60,,276021,16,,,1,20,,276022,16,,,1,20,,276023,16,,,1,60,,276024,16,,,1,20,,276025,16,,,1,20,,276026,16,,,1,60,,276027,16,,,1,20,,276028,16,,,1,20,,276029,16,,,1,60,,276030,16,,,1,25,,276031,16,,,1,12,,276071,16,0,24,1,9,,276032,16,,,1,51,,276064,16,0,24,1,9,,276033,16,,,1,11,,276065,16,0,24,1,9,,276073,16,,,1,11,,276080,16,0,24,1,9,,276063,16,,,1,51,,276059,16,0,24,1,9,,276034,16,,,1,11,,276056,16,0,24,1,9,,276036,16,,,1,11,,276057,16,0,24,1,9,,276035,16,,,1,51,,276058,16,0,24,1,9,,276037,16,,,1,11,,276081,16,0,24,1,11,,276038,16,,,1,16,,276039,16,,,1,58,,276040,16,,,1,20,,276041,16,,,1,20,,276042,16,,,1,60,,276043,16,,,1,20,,276044,16,,,1,20,,276045,16,,,1,60,,276046,16,,,1,20,,276047,16,,,1,20,,276055,16,,,1,68,,276048,16,,,1,99,,276049,16,,,1,100,,276050,16,,,1
71900,'719-Weekday-4-26-09-1111100',453,,233563,16,,,1,70,,233565,16,,,1,30,,233518,16,,,1,48,,233566,16,,,1,7,,233574,16,,,1,8,,233589,16,,,1,7,,233586,16,,,1,9,,233564,16,,,1,9,,233519,16,,,1,8,,233590,16,,,1,52,,233572,16,,,1,8,,233578,16,,,1,7,,233520,16,,,1,8,,233579,16,,,1,7,,233587,16,,,1,8,,233584,16,,,1,7,,233521,16,,,1,8,,233580,16,,,1,47,,233523,16,,,1,8,,233581,16,,,1,7,,233522,16,,,1,8,,233582,16,,,1,7,,233588,16,,,1,8,,233591,16,,,1,9,,233573,16,,,1,60,,233524,16,,,1,18,,233525,16,,,1,20,,233526,16,,,1,60,,233527,16,,,1,20,,233528,16,,,1,20,,233529,16,,,1,60,,233530,16,,,1,20,,233531,16,,,1,20,,233532,16,,,1,60,,233533,16,,,1,20,,233534,16,,,1,20,,233535,16,,,1,60,,233536,16,,,1,20,,233537,16,,,1,20,,233538,16,,,1,60,,233539,16,,,1,20,,233540,16,,,1,20,,233541,16,,,1,60,,233542,16,,,1,25,,233543,16,,,1,12,,233583,16,0,24,1,9,,233544,16,,,1,51,,233576,16,0,24,1,9,,233545,16,,,1,11,,233577,16,0,24,1,9,,233585,16,,,1,11,,233592,16,0,24,1,9,,233575,16,,,1,51,,233571,16,0,24,1,9,,233546,16,,,1,11,,233568,16,0,24,1,9,,233548,16,,,1,11,,233569,16,0,24,1,9,,233547,16,,,1,51,,233570,16,0,24,1,9,,233549,16,,,1,11,,233593,16,0,24,1,11,,233550,16,,,1,16,,233551,16,,,1,58,,233552,16,,,1,20,,233553,16,,,1,20,,233554,16,,,1,60,,233555,16,,,1,20,,233556,16,,,1,20,,233557,16,,,1,60,,233558,16,,,1,20,,233559,16,,,1,20,,233567,16,,,1,68,,233560,16,,,1,99,,233561,16,,,1,100,,233562,16,,,1
71900,'719-Weekday-5-26-09-1111100',453,,276127,16,,,1,70,,276129,16,,,1,30,,276082,16,,,1,48,,276130,16,,,1,7,,276138,16,,,1,8,,276153,16,,,1,7,,276150,16,,,1,9,,276128,16,,,1,9,,276083,16,,,1,8,,276154,16,,,1,52,,276136,16,,,1,8,,276142,16,,,1,7,,276084,16,,,1,8,,276143,16,,,1,7,,276151,16,,,1,8,,276148,16,,,1,7,,276085,16,,,1,8,,276144,16,,,1,47,,276087,16,,,1,8,,276145,16,,,1,7,,276086,16,,,1,8,,276146,16,,,1,7,,276152,16,,,1,8,,276155,16,,,1,9,,276137,16,,,1,60,,276088,16,,,1,18,,276089,16,,,1,20,,276090,16,,,1,60,,276091,16,,,1,20,,276092,16,,,1,20,,276093,16,,,1,60,,276094,16,,,1,20,,276095,16,,,1,20,,276096,16,,,1,60,,276097,16,,,1,20,,276098,16,,,1,20,,276099,16,,,1,60,,276100,16,,,1,20,,276101,16,,,1,20,,276102,16,,,1,60,,276103,16,,,1,20,,276104,16,,,1,20,,276105,16,,,1,60,,276106,16,,,1,25,,276107,16,,,1,12,,276147,16,0,24,1,9,,276108,16,,,1,51,,276140,16,0,24,1,9,,276109,16,,,1,11,,276141,16,0,24,1,9,,276149,16,,,1,11,,276156,16,0,24,1,9,,276139,16,,,1,51,,276135,16,0,24,1,9,,276110,16,,,1,11,,276132,16,0,24,1,9,,276112,16,,,1,11,,276133,16,0,24,1,9,,276111,16,,,1,51,,276134,16,0,24,1,9,,276113,16,,,1,11,,276157,16,0,24,1,11,,276114,16,,,1,16,,276115,16,,,1,58,,276116,16,,,1,20,,276117,16,,,1,20,,276118,16,,,1,60,,276119,16,,,1,20,,276120,16,,,1,20,,276121,16,,,1,60,,276122,16,,,1,20,,276123,16,,,1,20,,276131,16,,,1,68,,276124,16,,,1,99,,276125,16,,,1,100,,276126,16,,,1
71900,'719-Weekday-6-26-09-1111100',453,,276203,16,,,1,70,,276205,16,,,1,30,,276158,16,,,1,48,,276206,16,,,1,7,,276214,16,,,1,8,,276229,16,,,1,7,,276226,16,,,1,9,,276204,16,,,1,9,,276159,16,,,1,8,,276230,16,,,1,52,,276212,16,,,1,8,,276218,16,,,1,7,,276160,16,,,1,8,,276219,16,,,1,7,,276227,16,,,1,8,,276224,16,,,1,7,,276161,16,,,1,8,,276220,16,,,1,47,,276163,16,,,1,8,,276221,16,,,1,7,,276162,16,,,1,8,,276222,16,,,1,7,,276228,16,,,1,8,,276231,16,,,1,9,,276213,16,,,1,60,,276164,16,,,1,18,,276165,16,,,1,20,,276166,16,,,1,60,,276167,16,,,1,20,,276168,16,,,1,20,,276169,16,,,1,60,,276170,16,,,1,20,,276171,16,,,1,20,,276172,16,,,1,60,,276173,16,,,1,20,,276174,16,,,1,20,,276175,16,,,1,60,,276176,16,,,1,20,,276177,16,,,1,20,,276178,16,,,1,60,,276179,16,,,1,20,,276180,16,,,1,20,,276181,16,,,1,60,,276182,16,,,1,25,,276183,16,,,1,12,,276223,16,0,24,1,9,,276184,16,,,1,51,,276216,16,0,24,1,9,,276185,16,,,1,11,,276217,16,0,24,1,9,,276225,16,,,1,11,,276232,16,0,24,1,9,,276215,16,,,1,51,,276211,16,0,24,1,9,,276186,16,,,1,11,,276208,16,0,24,1,9,,276188,16,,,1,11,,276209,16,0,24,1,9,,276187,16,,,1,51,,276210,16,0,24,1,9,,276189,16,,,1,11,,276233,16,0,24,1,11,,276190,16,,,1,16,,276191,16,,,1,58,,276192,16,,,1,20,,276193,16,,,1,20,,276194,16,,,1,60,,276195,16,,,1,20,,276196,16,,,1,20,,276197,16,,,1,60,,276198,16,,,1,20,,276199,16,,,1,20,,276207,16,,,1,68,,276200,16,,,1,99,,276201,16,,,1,100,,276202,16,,,1
71900,'719-Weekday-7-26-09-1111100',453,,276279,16,,,1,70,,276281,16,,,1,30,,276234,16,,,1,48,,276282,16,,,1,7,,276290,16,,,1,8,,276305,16,,,1,7,,276302,16,,,1,9,,276280,16,,,1,9,,276235,16,,,1,8,,276306,16,,,1,52,,276288,16,,,1,8,,276294,16,,,1,7,,276236,16,,,1,8,,276295,16,,,1,7,,276303,16,,,1,8,,276300,16,,,1,7,,276237,16,,,1,8,,276296,16,,,1,47,,276239,16,,,1,8,,276297,16,,,1,7,,276238,16,,,1,8,,276298,16,,,1,7,,276304,16,,,1,8,,276307,16,,,1,9,,276289,16,,,1,60,,276240,16,,,1,18,,276241,16,,,1,20,,276242,16,,,1,60,,276243,16,,,1,20,,276244,16,,,1,20,,276245,16,,,1,60,,276246,16,,,1,20,,276247,16,,,1,20,,276248,16,,,1,60,,276249,16,,,1,20,,276250,16,,,1,20,,276251,16,,,1,60,,276252,16,,,1,20,,276253,16,,,1,20,,276254,16,,,1,60,,276255,16,,,1,20,,276256,16,,,1,20,,276257,16,,,1,60,,276258,16,,,1,25,,276259,16,,,1,12,,276299,16,0,24,1,9,,276260,16,,,1,51,,276292,16,0,24,1,9,,276261,16,,,1,11,,276293,16,0,24,1,9,,276301,16,,,1,11,,276308,16,0,24,1,9,,276291,16,,,1,51,,276287,16,0,24,1,9,,276262,16,,,1,11,,276284,16,0,24,1,9,,276264,16,,,1,11,,276285,16,0,24,1,9,,276263,16,,,1,51,,276286,16,0,24,1,9,,276265,16,,,1,11,,276309,16,0,24,1,11,,276266,16,,,1,16,,276267,16,,,1,58,,276268,16,,,1,20,,276269,16,,,1,20,,276270,16,,,1,60,,276271,16,,,1,20,,276272,16,,,1,20,,276273,16,,,1,60,,276274,16,,,1,20,,276275,16,,,1,20,,276283,16,,,1,68,,276276,16,,,1,99,,276277,16,,,1,100,,276278,16,,,1
71900,'719-Saturday-1-26-09-0000010',601,,233594,16,,,1,30,,233595,16,,,1,70,,233596,16,,,1,30,,233597,16,,,1,70,,233598,16,,,1,30,,233599,16,,,1,70,,233600,16,,,1,34,,233601,16,,,1,70,,233602,16,,,1,30,,233603,16,,,1,70,,233604,16,,,1,30,,233605,16,,,1,70,,233606,16,,,1,30,,233607,16,,,1,70,,233608,16,,,1,30,,233609,16,,,1,70,,233610,16,,,1,30,,233611,16,,,1,70,,233612,16,,,1,30,,233613,16,,,1,70,,233614,16,,,1,30,,233615,16,,,1,70,,233616,16,,,1,29,,233617,16,,,1,70,,233618,16,,,1,30,,233619,16,,,1,70,,233620,16,,,1,30,,233621,16,,,1,70,,233622,16,,,1,30,,233623,16,,,1,70,,233624,16,,,1,30,,233625,16,,,1,70,,233626,16,,,1,30,,233627,16,,,1,70,,233628,16,,,1,30,,233629,16,,,1,70,,233630,16,,,1
71900,'719-Sunday-1-26-09-0000001',602,,233631,16,,,1,100,,233632,16,,,1,100,,233633,16,,,1,100,,233634,16,,,1,102,,233635,16,,,1,100,,233636,16,,,1,30,,233637,16,,,1,70,,233638,16,,,1,30,,233639,16,,,1,70,,233640,16,,,1,30,,233641,16,,,1,70,,233642,16,,,1,30,,233643,16,,,1,70,,233644,16,,,1,30,,233645,16,,,1,70,,233646,16,,,1,30,,233647,16,,,1,70,,233648,16,,,1,29,,233649,16,,,1,70,,233650,16,,,1,30,,233651,16,,,1,70,,233652,16,,,1,30,,233653,16,,,1,85,,233654,16,,,1,100,,233655,16,,,1,100,,233656,16,,,1,100,,233657,16,,,1,100,,233658,16,,,1
