11701,'117-Weekday-1-26-09-1111100',541,,219132,15,,,1,70,,219137,15,,,1,32,,219136,15,,,1,60,,219126,15,,,1,20,,219102,15,,,1,20,,219103,15,,,1,60,,219104,15,,,1,20,,219133,15,,,1,20,,219138,15,,,1,68,,219105,15,,,1,30,,219106,15,,,1,70,,219107,15,,,1,30,,219108,15,,,1,70,,219109,15,,,1,30,,219110,15,,,1,70,,219111,15,,,1,30,,219112,15,,,1,70,,219113,15,,,1,30,,219114,15,,,1,70,,219115,15,,,1,30,,219127,15,,,1,71,,219130,15,,,1,20,,219116,15,,,1,20,,219117,15,,,1,60,,219134,15,,,1,20,,219118,15,,,1,20,,219135,15,,,1,60,,219128,15,,,1,30,,219129,15,,,1,70,,219119,15,,,1,30,,219120,15,,,1,70,,219121,15,,,1,30,,219122,15,,,1,70,,219123,15,,,1,30,,219124,15,,,1,70,,219125,15,,,1,30,,219131,15,,,1
11701,'117-Weekday-2-26-09-1111100',541,,219169,15,,,1,70,,219174,15,,,1,32,,219173,15,,,1,60,,219163,15,,,1,20,,219139,15,,,1,20,,219140,15,,,1,60,,219141,15,,,1,20,,219170,15,,,1,20,,219175,15,,,1,68,,219142,15,,,1,30,,219143,15,,,1,70,,219144,15,,,1,30,,219145,15,,,1,70,,219146,15,,,1,30,,219147,15,,,1,70,,219148,15,,,1,30,,219149,15,,,1,70,,219150,15,,,1,30,,219151,15,,,1,70,,219152,15,,,1,30,,219164,15,,,1,71,,219167,15,,,1,20,,219153,15,,,1,20,,219154,15,,,1,60,,219171,15,,,1,20,,219155,15,,,1,20,,219172,15,,,1,60,,219165,15,,,1,30,,219166,15,,,1,70,,219156,15,,,1,30,,219157,15,,,1,70,,219158,15,,,1,30,,219159,15,,,1,70,,219160,15,,,1,30,,219161,15,,,1,70,,219162,15,,,1,30,,219168,15,,,1
11701,'117-Weekday-3-26-09-1111100',541,,262536,15,,,1,70,,262541,15,,,1,32,,262540,15,,,1,60,,262530,15,,,1,20,,262506,15,,,1,20,,262507,15,,,1,60,,262508,15,,,1,20,,262537,15,,,1,20,,262542,15,,,1,68,,262509,15,,,1,30,,262510,15,,,1,70,,262511,15,,,1,30,,262512,15,,,1,70,,262513,15,,,1,30,,262514,15,,,1,70,,262515,15,,,1,30,,262516,15,,,1,70,,262517,15,,,1,30,,262518,15,,,1,70,,262519,15,,,1,30,,262531,15,,,1,71,,262534,15,,,1,20,,262520,15,,,1,20,,262521,15,,,1,60,,262538,15,,,1,20,,262522,15,,,1,20,,262539,15,,,1,60,,262532,15,,,1,30,,262533,15,,,1,70,,262523,15,,,1,30,,262524,15,,,1,70,,262525,15,,,1,30,,262526,15,,,1,70,,262527,15,,,1,30,,262528,15,,,1,70,,262529,15,,,1,30,,262535,15,,,1
11701,'117-Weekday-4-26-09-1111100',541,,219206,15,,,1,70,,219211,15,,,1,32,,219210,15,,,1,60,,219200,15,,,1,20,,219176,15,,,1,20,,219177,15,,,1,60,,219178,15,,,1,20,,219207,15,,,1,20,,219212,15,,,1,68,,219179,15,,,1,30,,219180,15,,,1,70,,219181,15,,,1,30,,219182,15,,,1,70,,219183,15,,,1,30,,219184,15,,,1,70,,219185,15,,,1,30,,219186,15,,,1,70,,219187,15,,,1,30,,219188,15,,,1,70,,219189,15,,,1,30,,219201,15,,,1,71,,219204,15,,,1,20,,219190,15,,,1,20,,219191,15,,,1,60,,219208,15,,,1,20,,219192,15,,,1,20,,219209,15,,,1,60,,219202,15,,,1,30,,219203,15,,,1,70,,219193,15,,,1,30,,219194,15,,,1,70,,219195,15,,,1,30,,219196,15,,,1,70,,219197,15,,,1,30,,219198,15,,,1,70,,219199,15,,,1,30,,219205,15,,,1
11701,'117-Weekday-5-26-09-1111100',541,,262573,15,,,1,70,,262578,15,,,1,32,,262577,15,,,1,60,,262567,15,,,1,20,,262543,15,,,1,20,,262544,15,,,1,60,,262545,15,,,1,20,,262574,15,,,1,20,,262579,15,,,1,68,,262546,15,,,1,30,,262547,15,,,1,70,,262548,15,,,1,30,,262549,15,,,1,70,,262550,15,,,1,30,,262551,15,,,1,70,,262552,15,,,1,30,,262553,15,,,1,70,,262554,15,,,1,30,,262555,15,,,1,70,,262556,15,,,1,30,,262568,15,,,1,71,,262571,15,,,1,20,,262557,15,,,1,20,,262558,15,,,1,60,,262575,15,,,1,20,,262559,15,,,1,20,,262576,15,,,1,60,,262569,15,,,1,30,,262570,15,,,1,70,,262560,15,,,1,30,,262561,15,,,1,70,,262562,15,,,1,30,,262563,15,,,1,70,,262564,15,,,1,30,,262565,15,,,1,70,,262566,15,,,1,30,,262572,15,,,1
11701,'117-Weekday-6-26-09-1111100',541,,262610,15,,,1,70,,262615,15,,,1,32,,262614,15,,,1,60,,262604,15,,,1,20,,262580,15,,,1,20,,262581,15,,,1,60,,262582,15,,,1,20,,262611,15,,,1,20,,262616,15,,,1,68,,262583,15,,,1,30,,262584,15,,,1,70,,262585,15,,,1,30,,262586,15,,,1,70,,262587,15,,,1,30,,262588,15,,,1,70,,262589,15,,,1,30,,262590,15,,,1,70,,262591,15,,,1,30,,262592,15,,,1,70,,262593,15,,,1,30,,262605,15,,,1,71,,262608,15,,,1,20,,262594,15,,,1,20,,262595,15,,,1,60,,262612,15,,,1,20,,262596,15,,,1,20,,262613,15,,,1,60,,262606,15,,,1,30,,262607,15,,,1,70,,262597,15,,,1,30,,262598,15,,,1,70,,262599,15,,,1,30,,262600,15,,,1,70,,262601,15,,,1,30,,262602,15,,,1,70,,262603,15,,,1,30,,262609,15,,,1
11701,'117-Weekday-7-26-09-1111100',541,,262647,15,,,1,70,,262652,15,,,1,32,,262651,15,,,1,60,,262641,15,,,1,20,,262617,15,,,1,20,,262618,15,,,1,60,,262619,15,,,1,20,,262648,15,,,1,20,,262653,15,,,1,68,,262620,15,,,1,30,,262621,15,,,1,70,,262622,15,,,1,30,,262623,15,,,1,70,,262624,15,,,1,30,,262625,15,,,1,70,,262626,15,,,1,30,,262627,15,,,1,70,,262628,15,,,1,30,,262629,15,,,1,70,,262630,15,,,1,30,,262642,15,,,1,71,,262645,15,,,1,20,,262631,15,,,1,20,,262632,15,,,1,60,,262649,15,,,1,20,,262633,15,,,1,20,,262650,15,,,1,60,,262643,15,,,1,30,,262644,15,,,1,70,,262634,15,,,1,30,,262635,15,,,1,70,,262636,15,,,1,30,,262637,15,,,1,70,,262638,15,,,1,30,,262639,15,,,1,70,,262640,15,,,1,30,,262646,15,,,1
11701,'117-Saturday-1-26-09-0000010',628,,219213,15,,,1,100,,219214,15,,,1,100,,219215,15,,,1,79,,219216,15,,,1,29,,219217,15,,,1,70,,219218,15,,,1,30,,219219,15,,,1,70,,219220,15,,,1,30,,219221,15,,,1,70,,219222,15,,,1,30,,219223,15,,,1,70,,219224,15,,,1,30,,219225,15,,,1,70,,219226,15,,,1,30,,219227,15,,,1,70,,219228,15,,,1,30,,219229,15,,,1,70,,219230,15,,,1,30,,219231,15,,,1,70,,219232,15,,,1,30,,219233,15,,,1,70,,219234,15,,,1,30,,219235,15,,,1,70,,219236,15,,,1,30,,219237,15,,,1,70,,219238,15,,,1,30,,219239,15,,,1,70,,219240,15,,,1,30,,219241,15,,,1,70,,219242,15,,,1
11701,'117-Sunday-1-26-09-0000001',642,,219243,15,,,1,100,,219244,15,,,1,100,,219245,15,,,1,101,,219246,15,,,1,70,,219247,15,,,1,30,,219248,15,,,1,70,,219249,15,,,1,30,,219250,15,,,1,70,,219251,15,,,1,30,,219252,15,,,1,70,,219253,15,,,1,30,,219254,15,,,1,70,,219255,15,,,1,30,,219256,15,,,1,70,,219257,15,,,1,30,,219258,15,,,1,70,,219259,15,,,1,30,,219260,15,,,1,69,,219261,15,,,1,28,,219262,15,,,1,70,,219263,15,,,1,30,,219264,15,,,1,70,,219265,15,,,1,100,,219266,15,,,1,100,,219267,15,,,1
62000,'620-Weekday-1-26-09-0001000',1211,,227450,9,0,62 63,1
62000,'620-Weekday-1-26-09-1110100',1519,,227451,9,0,62 63,1
62000,'620-Weekday-1-26-09-1111100',1541,,227452,9,0,62 63,1,6,,227453,9,0,62 63,1
62000,'620-Weekday-3-26-09-1111100',1541,,227454,9,0,62 63,1,6,,227455,9,0,62 63,1
62000,'620-Weekday-4-26-09-1110100',1519,,270301,9,0,62 63,1
62000,'620-Weekday-7-26-09-1110100',1519,,270302,9,0,62 63,1
62000,'620-Weekday-7-26-09-1111100',1541,,270303,9,0,62 63,1,6,,270304,9,0,62 63,1
