11700,'117-Weekday-1-26-09-1111100',537,,218936,12,,,1,70,,218937,12,,,1,31,,218965,12,,,1,20,,218966,12,,,1,60,,218969,12,,,1,20,,218967,12,,,1,20,,218968,12,,,1,60,,218970,12,,,1,20,,218938,12,,,1,69,,218939,12,,,1,30,,218940,12,,,1,70,,218941,12,,,1,30,,218942,12,,,1,70,,218943,12,,,1,30,,218944,12,,,1,70,,218945,12,,,1,30,,218946,12,,,1,70,,218947,12,,,1,30,,218948,12,,,1,70,,218949,12,,,1,30,,218950,12,,,1,71,,218951,12,,,1,20,,218952,12,,,1,20,,218971,12,,,1,60,,218953,12,,,1,20,,218954,12,,,1,20,,218972,12,,,1,60,,218955,12,,,1,30,,218956,12,,,1,70,,218957,12,,,1,29,,218958,12,,,1,70,,218959,12,,,1,30,,218960,12,,,1,70,,218961,12,,,1,30,,218962,12,,,1,70,,218963,12,,,1,30,,218964,12,,,1
11700,'117-Weekday-2-26-09-1111100',537,,218973,12,,,1,70,,218974,12,,,1,31,,219002,12,,,1,20,,219003,12,,,1,60,,219006,12,,,1,20,,219004,12,,,1,20,,219005,12,,,1,60,,219007,12,,,1,20,,218975,12,,,1,69,,218976,12,,,1,30,,218977,12,,,1,70,,218978,12,,,1,30,,218979,12,,,1,70,,218980,12,,,1,30,,218981,12,,,1,70,,218982,12,,,1,30,,218983,12,,,1,70,,218984,12,,,1,30,,218985,12,,,1,70,,218986,12,,,1,30,,218987,12,,,1,71,,218988,12,,,1,20,,218989,12,,,1,20,,219008,12,,,1,60,,218990,12,,,1,20,,218991,12,,,1,20,,219009,12,,,1,60,,218992,12,,,1,30,,218993,12,,,1,70,,218994,12,,,1,29,,218995,12,,,1,70,,218996,12,,,1,30,,218997,12,,,1,70,,218998,12,,,1,30,,218999,12,,,1,70,,219000,12,,,1,30,,219001,12,,,1
11700,'117-Weekday-3-26-09-1111100',537,,262358,12,,,1,70,,262359,12,,,1,31,,262387,12,,,1,20,,262388,12,,,1,60,,262391,12,,,1,20,,262389,12,,,1,20,,262390,12,,,1,60,,262392,12,,,1,20,,262360,12,,,1,69,,262361,12,,,1,30,,262362,12,,,1,70,,262363,12,,,1,30,,262364,12,,,1,70,,262365,12,,,1,30,,262366,12,,,1,70,,262367,12,,,1,30,,262368,12,,,1,70,,262369,12,,,1,30,,262370,12,,,1,70,,262371,12,,,1,30,,262372,12,,,1,71,,262373,12,,,1,20,,262374,12,,,1,20,,262393,12,,,1,60,,262375,12,,,1,20,,262376,12,,,1,20,,262394,12,,,1,60,,262377,12,,,1,30,,262378,12,,,1,70,,262379,12,,,1,29,,262380,12,,,1,70,,262381,12,,,1,30,,262382,12,,,1,70,,262383,12,,,1,30,,262384,12,,,1,70,,262385,12,,,1,30,,262386,12,,,1
11700,'117-Weekday-4-26-09-1111100',537,,219010,12,,,1,70,,219011,12,,,1,31,,219039,12,,,1,20,,219040,12,,,1,60,,219043,12,,,1,20,,219041,12,,,1,20,,219042,12,,,1,60,,219044,12,,,1,20,,219012,12,,,1,69,,219013,12,,,1,30,,219014,12,,,1,70,,219015,12,,,1,30,,219016,12,,,1,70,,219017,12,,,1,30,,219018,12,,,1,70,,219019,12,,,1,30,,219020,12,,,1,70,,219021,12,,,1,30,,219022,12,,,1,70,,219023,12,,,1,30,,219024,12,,,1,71,,219025,12,,,1,20,,219026,12,,,1,20,,219045,12,,,1,60,,219027,12,,,1,20,,219028,12,,,1,20,,219046,12,,,1,60,,219029,12,,,1,30,,219030,12,,,1,70,,219031,12,,,1,29,,219032,12,,,1,70,,219033,12,,,1,30,,219034,12,,,1,70,,219035,12,,,1,30,,219036,12,,,1,70,,219037,12,,,1,30,,219038,12,,,1
11700,'117-Weekday-5-26-09-1111100',537,,262395,12,,,1,70,,262396,12,,,1,31,,262424,12,,,1,20,,262425,12,,,1,60,,262428,12,,,1,20,,262426,12,,,1,20,,262427,12,,,1,60,,262429,12,,,1,20,,262397,12,,,1,69,,262398,12,,,1,30,,262399,12,,,1,70,,262400,12,,,1,30,,262401,12,,,1,70,,262402,12,,,1,30,,262403,12,,,1,70,,262404,12,,,1,30,,262405,12,,,1,70,,262406,12,,,1,30,,262407,12,,,1,70,,262408,12,,,1,30,,262409,12,,,1,71,,262410,12,,,1,20,,262411,12,,,1,20,,262430,12,,,1,60,,262412,12,,,1,20,,262413,12,,,1,20,,262431,12,,,1,60,,262414,12,,,1,30,,262415,12,,,1,70,,262416,12,,,1,29,,262417,12,,,1,70,,262418,12,,,1,30,,262419,12,,,1,70,,262420,12,,,1,30,,262421,12,,,1,70,,262422,12,,,1,30,,262423,12,,,1
11700,'117-Weekday-6-26-09-1111100',537,,262432,12,,,1,70,,262433,12,,,1,31,,262461,12,,,1,20,,262462,12,,,1,60,,262465,12,,,1,20,,262463,12,,,1,20,,262464,12,,,1,60,,262466,12,,,1,20,,262434,12,,,1,69,,262435,12,,,1,30,,262436,12,,,1,70,,262437,12,,,1,30,,262438,12,,,1,70,,262439,12,,,1,30,,262440,12,,,1,70,,262441,12,,,1,30,,262442,12,,,1,70,,262443,12,,,1,30,,262444,12,,,1,70,,262445,12,,,1,30,,262446,12,,,1,71,,262447,12,,,1,20,,262448,12,,,1,20,,262467,12,,,1,60,,262449,12,,,1,20,,262450,12,,,1,20,,262468,12,,,1,60,,262451,12,,,1,30,,262452,12,,,1,70,,262453,12,,,1,29,,262454,12,,,1,70,,262455,12,,,1,30,,262456,12,,,1,70,,262457,12,,,1,30,,262458,12,,,1,70,,262459,12,,,1,30,,262460,12,,,1
11700,'117-Weekday-7-26-09-1111100',537,,262469,12,,,1,70,,262470,12,,,1,31,,262498,12,,,1,20,,262499,12,,,1,60,,262502,12,,,1,20,,262500,12,,,1,20,,262501,12,,,1,60,,262503,12,,,1,20,,262471,12,,,1,69,,262472,12,,,1,30,,262473,12,,,1,70,,262474,12,,,1,30,,262475,12,,,1,70,,262476,12,,,1,30,,262477,12,,,1,70,,262478,12,,,1,30,,262479,12,,,1,70,,262480,12,,,1,30,,262481,12,,,1,70,,262482,12,,,1,30,,262483,12,,,1,71,,262484,12,,,1,20,,262485,12,,,1,20,,262504,12,,,1,60,,262486,12,,,1,20,,262487,12,,,1,20,,262505,12,,,1,60,,262488,12,,,1,30,,262489,12,,,1,70,,262490,12,,,1,29,,262491,12,,,1,70,,262492,12,,,1,30,,262493,12,,,1,70,,262494,12,,,1,30,,262495,12,,,1,70,,262496,12,,,1,30,,262497,12,,,1
11700,'117-Saturday-1-26-09-0000010',552,,219047,12,,,1,100,,219052,12,,,1,100,,219051,12,,,1,85,,219048,12,,,1,70,,219050,12,,,1,30,,219049,12,,,1,70,,219053,12,,,1,30,,219054,12,,,1,70,,219055,12,,,1,30,,219056,12,,,1,70,,219057,12,,,1,30,,219058,12,,,1,70,,219059,12,,,1,30,,219060,12,,,1,70,,219061,12,,,1,30,,219062,12,,,1,70,,219063,12,,,1,30,,219064,12,,,1,70,,219065,12,,,1,30,,219066,12,,,1,70,,219067,12,,,1,30,,219068,12,,,1,70,,219069,12,,,1,30,,219070,12,,,1,70,,219071,12,,,1,30,,219072,12,,,1,70,,219073,12,,,1,30,,219074,12,,,1,70,,219075,12,,,1,30,,219076,12,,,1,70,,219077,12,,,1
11700,'117-Sunday-1-26-09-0000001',614,,219078,12,,,1,100,,219079,12,,,1,100,,219080,12,,,1,100,,219081,12,,,1,100,,219082,12,,,1,30,,219083,12,,,1,70,,219084,12,,,1,30,,219085,12,,,1,70,,219086,12,,,1,30,,219087,12,,,1,70,,219088,12,,,1,30,,219089,12,,,1,70,,219090,12,,,1,30,,219091,12,,,1,70,,219092,12,,,1,30,,219093,12,,,1,70,,219094,12,,,1,30,,219095,12,,,1,70,,219096,12,,,1,30,,219097,12,,,1,70,,219098,12,,,1,30,,219099,12,,,1,100,,219100,12,,,1,100,,219101,12,,,1
61200,'612-Weekday-1-26-09-0001000',1241,,227408,14,,,1
61200,'612-Weekday-1-26-09-1110100',1519,,227409,14,,,1
61200,'612-Weekday-4-26-09-1110100',1519,,270268,14,,,1
61200,'612-Weekday-7-26-09-1110100',1519,,270269,14,,,1
62101,'621-Weekday-1-26-09-1111100',744,,227466,20,,,1,5,,227467,20,,,1,80,,227468,20,,,1
62101,'621-Weekday-3-26-09-1111100',829,,227469,20,,,1
62101,'621-Weekday-4-26-09-1111100',744,,270314,20,,,1,5,,270315,20,,,1
62101,'621-Weekday-7-26-09-1111100',744,,270316,20,,,1,5,,270317,20,,,1,80,,270318,20,,,1
