700,'007-Weekday-1-26-09-1111100',533,,207982,35,,,1,20,,207983,35,,,1,59,,207984,35,,,1,15,,208070,35,,,1,22,,208069,35,,,1,63,,208046,35,,,1,7,,208056,35,,,1,8,,207985,35,,,1,7,,208057,35,,,1,9,,208047,35,,,1,8,,207986,35,,,1,8,,208058,35,,,1,47,,208048,35,,,1,8,,207987,35,,,1,7,,208059,35,,,1,8,,208049,35,,,1,7,,208060,35,,,1,8,,208075,35,,,1,12,,208074,35,,,1,50,,208068,35,,,1,9,,207988,35,,,1,9,,208043,35,,,1,11,,207989,35,,,1,12,,207990,35,,,1,12,,207991,35,,,1,52,,207992,35,,,1,12,,208044,35,,,1,12,,207993,35,,,1,12,,207994,35,,,1,12,,207995,35,,,1,54,,207996,35,,,1,13,,208045,35,,,1,12,,207997,35,,,1,12,,207998,35,,,1,52,,207999,35,,,1,12,,208000,35,,,1,12,,208042,35,,,1,12,,208001,35,,,1,12,,208002,35,,,1,52,,208003,35,,,1,12,,208004,35,,,1,12,,208041,35,,,1,12,,208005,35,,,1,12,,208006,35,,,1,52,,208007,35,,,1,12,,208008,35,,,1,12,,208040,35,,,1,12,,208009,35,,,1,12,,208010,35,,,1,53,,208071,35,,,1,8,,208072,35,,,1,11,,208078,35,,,1,9,,208050,35,,,1,8,,208011,35,,,1,7,,208012,35,,,1,8,,208051,35,,,1,47,,208061,35,,,1,8,,208013,35,,,1,7,,208014,35,,,1,8,,208062,35,,,1,7,,208052,35,,,1,8,,208063,35,,,1,7,,208053,35,,,1,8,,208015,35,,,1,47,,208064,35,,,1,8,,208054,35,,,1,7,,208016,35,,,1,8,,208065,35,,,1,7,,208055,35,,,1,8,,208066,35,,,1,7,,208076,35,,,1,8,,208079,35,,,1,47,,208077,35,,,1,8,,208081,35,,,1,7,,208067,35,,,1,14,,208017,35,,,1,11,,208018,35,,,1,9,,208019,35,,,1,53,,208020,35,,,1,15,,208021,35,,,1,15,,208022,35,,,1,15,,208023,35,,,1,55,,208024,35,,,1,15,,208025,35,,,1,15,,208026,35,,,1,15,,208027,35,,,1,55,,208028,35,,,1,15,,208029,35,,,1,15,,208030,35,,,1,15,,208031,35,,,1,55,,208032,35,,,1,13,,208080,35,,,1,18,,208073,35,,,1,20,,208033,35,,,1,60,,208034,35,,,1,20,,208035,35,,,1,20,,208036,35,,,1,60,,208037,35,,,1,18,,208038,35,,,1,19,,208039,35,,,1
700,'007-Weekday-2-26-09-1111100',533,,208082,35,,,1,20,,208083,35,,,1,59,,208084,35,,,1,15,,208170,35,,,1,22,,208169,35,,,1,63,,208146,35,,,1,7,,208156,35,,,1,8,,208085,35,,,1,7,,208157,35,,,1,9,,208147,35,,,1,8,,208086,35,,,1,8,,208158,35,,,1,47,,208148,35,,,1,8,,208087,35,,,1,7,,208159,35,,,1,8,,208149,35,,,1,7,,208160,35,,,1,8,,208175,35,,,1,12,,208174,35,,,1,50,,208168,35,,,1,9,,208088,35,,,1,9,,208143,35,,,1,11,,208089,35,,,1,12,,208090,35,,,1,12,,208091,35,,,1,52,,208092,35,,,1,12,,208144,35,,,1,12,,208093,35,,,1,12,,208094,35,,,1,12,,208095,35,,,1,54,,208096,35,,,1,13,,208145,35,,,1,12,,208097,35,,,1,12,,208098,35,,,1,52,,208099,35,,,1,12,,208100,35,,,1,12,,208142,35,,,1,12,,208101,35,,,1,12,,208102,35,,,1,52,,208103,35,,,1,12,,208104,35,,,1,12,,208141,35,,,1,12,,208105,35,,,1,12,,208106,35,,,1,52,,208107,35,,,1,12,,208108,35,,,1,12,,208140,35,,,1,12,,208109,35,,,1,12,,208110,35,,,1,53,,208171,35,,,1,8,,208172,35,,,1,11,,208178,35,,,1,9,,208150,35,,,1,8,,208111,35,,,1,7,,208112,35,,,1,8,,208151,35,,,1,47,,208161,35,,,1,8,,208113,35,,,1,7,,208114,35,,,1,8,,208162,35,,,1,7,,208152,35,,,1,8,,208163,35,,,1,7,,208153,35,,,1,8,,208115,35,,,1,47,,208164,35,,,1,8,,208154,35,,,1,7,,208116,35,,,1,8,,208165,35,,,1,7,,208155,35,,,1,8,,208166,35,,,1,7,,208176,35,,,1,8,,208179,35,,,1,47,,208177,35,,,1,8,,208181,35,,,1,7,,208167,35,,,1,14,,208117,35,,,1,11,,208118,35,,,1,9,,208119,35,,,1,53,,208120,35,,,1,15,,208121,35,,,1,15,,208122,35,,,1,15,,208123,35,,,1,55,,208124,35,,,1,15,,208125,35,,,1,15,,208126,35,,,1,15,,208127,35,,,1,55,,208128,35,,,1,15,,208129,35,,,1,15,,208130,35,,,1,15,,208131,35,,,1,55,,208132,35,,,1,13,,208180,35,,,1,18,,208173,35,,,1,20,,208133,35,,,1,60,,208134,35,,,1,20,,208135,35,,,1,20,,208136,35,,,1,60,,208137,35,,,1,18,,208138,35,,,1,19,,208139,35,,,1
700,'007-Weekday-3-26-09-1111100',533,,251439,35,,,1,20,,251440,35,,,1,59,,251441,35,,,1,15,,251527,35,,,1,22,,251526,35,,,1,63,,251503,35,,,1,7,,251513,35,,,1,8,,251442,35,,,1,7,,251514,35,,,1,9,,251504,35,,,1,8,,251443,35,,,1,8,,251515,35,,,1,47,,251505,35,,,1,8,,251444,35,,,1,7,,251516,35,,,1,8,,251506,35,,,1,7,,251517,35,,,1,8,,251532,35,,,1,12,,251531,35,,,1,50,,251525,35,,,1,9,,251445,35,,,1,9,,251500,35,,,1,11,,251446,35,,,1,12,,251447,35,,,1,12,,251448,35,,,1,52,,251449,35,,,1,12,,251501,35,,,1,12,,251450,35,,,1,12,,251451,35,,,1,12,,251452,35,,,1,54,,251453,35,,,1,13,,251502,35,,,1,12,,251454,35,,,1,12,,251455,35,,,1,52,,251456,35,,,1,12,,251457,35,,,1,12,,251499,35,,,1,12,,251458,35,,,1,12,,251459,35,,,1,52,,251460,35,,,1,12,,251461,35,,,1,12,,251498,35,,,1,12,,251462,35,,,1,12,,251463,35,,,1,52,,251464,35,,,1,12,,251465,35,,,1,12,,251497,35,,,1,12,,251466,35,,,1,12,,251467,35,,,1,53,,251528,35,,,1,8,,251529,35,,,1,11,,251535,35,,,1,9,,251507,35,,,1,8,,251468,35,,,1,7,,251469,35,,,1,8,,251508,35,,,1,47,,251518,35,,,1,8,,251470,35,,,1,7,,251471,35,,,1,8,,251519,35,,,1,7,,251509,35,,,1,8,,251520,35,,,1,7,,251510,35,,,1,8,,251472,35,,,1,47,,251521,35,,,1,8,,251511,35,,,1,7,,251473,35,,,1,8,,251522,35,,,1,7,,251512,35,,,1,8,,251523,35,,,1,7,,251533,35,,,1,8,,251536,35,,,1,47,,251534,35,,,1,8,,251538,35,,,1,7,,251524,35,,,1,14,,251474,35,,,1,11,,251475,35,,,1,9,,251476,35,,,1,53,,251477,35,,,1,15,,251478,35,,,1,15,,251479,35,,,1,15,,251480,35,,,1,55,,251481,35,,,1,15,,251482,35,,,1,15,,251483,35,,,1,15,,251484,35,,,1,55,,251485,35,,,1,15,,251486,35,,,1,15,,251487,35,,,1,15,,251488,35,,,1,55,,251489,35,,,1,13,,251537,35,,,1,18,,251530,35,,,1,20,,251490,35,,,1,60,,251491,35,,,1,20,,251492,35,,,1,20,,251493,35,,,1,60,,251494,35,,,1,18,,251495,35,,,1,19,,251496,35,,,1
700,'007-Weekday-4-26-09-1111100',533,,208182,35,,,1,20,,208183,35,,,1,59,,208184,35,,,1,15,,208270,35,,,1,22,,208269,35,,,1,63,,208246,35,,,1,7,,208256,35,,,1,8,,208185,35,,,1,7,,208257,35,,,1,9,,208247,35,,,1,8,,208186,35,,,1,8,,208258,35,,,1,47,,208248,35,,,1,8,,208187,35,,,1,7,,208259,35,,,1,8,,208249,35,,,1,7,,208260,35,,,1,8,,208275,35,,,1,12,,208274,35,,,1,50,,208268,35,,,1,9,,208188,35,,,1,9,,208243,35,,,1,11,,208189,35,,,1,12,,208190,35,,,1,12,,208191,35,,,1,52,,208192,35,,,1,12,,208244,35,,,1,12,,208193,35,,,1,12,,208194,35,,,1,12,,208195,35,,,1,54,,208196,35,,,1,13,,208245,35,,,1,12,,208197,35,,,1,12,,208198,35,,,1,52,,208199,35,,,1,12,,208200,35,,,1,12,,208242,35,,,1,12,,208201,35,,,1,12,,208202,35,,,1,52,,208203,35,,,1,12,,208204,35,,,1,12,,208241,35,,,1,12,,208205,35,,,1,12,,208206,35,,,1,52,,208207,35,,,1,12,,208208,35,,,1,12,,208240,35,,,1,12,,208209,35,,,1,12,,208210,35,,,1,53,,208271,35,,,1,8,,208272,35,,,1,11,,208278,35,,,1,9,,208250,35,,,1,8,,208211,35,,,1,7,,208212,35,,,1,8,,208251,35,,,1,47,,208261,35,,,1,8,,208213,35,,,1,7,,208214,35,,,1,8,,208262,35,,,1,7,,208252,35,,,1,8,,208263,35,,,1,7,,208253,35,,,1,8,,208215,35,,,1,47,,208264,35,,,1,8,,208254,35,,,1,7,,208216,35,,,1,8,,208265,35,,,1,7,,208255,35,,,1,8,,208266,35,,,1,7,,208276,35,,,1,8,,208279,35,,,1,47,,208277,35,,,1,8,,208281,35,,,1,7,,208267,35,,,1,14,,208217,35,,,1,11,,208218,35,,,1,9,,208219,35,,,1,53,,208220,35,,,1,15,,208221,35,,,1,15,,208222,35,,,1,15,,208223,35,,,1,55,,208224,35,,,1,15,,208225,35,,,1,15,,208226,35,,,1,15,,208227,35,,,1,55,,208228,35,,,1,15,,208229,35,,,1,15,,208230,35,,,1,15,,208231,35,,,1,55,,208232,35,,,1,13,,208280,35,,,1,18,,208273,35,,,1,20,,208233,35,,,1,60,,208234,35,,,1,20,,208235,35,,,1,20,,208236,35,,,1,60,,208237,35,,,1,18,,208238,35,,,1,19,,208239,35,,,1
700,'007-Weekday-5-26-09-1111100',533,,251539,35,,,1,20,,251540,35,,,1,59,,251541,35,,,1,15,,251627,35,,,1,22,,251626,35,,,1,63,,251603,35,,,1,7,,251613,35,,,1,8,,251542,35,,,1,7,,251614,35,,,1,9,,251604,35,,,1,8,,251543,35,,,1,8,,251615,35,,,1,47,,251605,35,,,1,8,,251544,35,,,1,7,,251616,35,,,1,8,,251606,35,,,1,7,,251617,35,,,1,8,,251632,35,,,1,12,,251631,35,,,1,50,,251625,35,,,1,9,,251545,35,,,1,9,,251600,35,,,1,11,,251546,35,,,1,12,,251547,35,,,1,12,,251548,35,,,1,52,,251549,35,,,1,12,,251601,35,,,1,12,,251550,35,,,1,12,,251551,35,,,1,12,,251552,35,,,1,54,,251553,35,,,1,13,,251602,35,,,1,12,,251554,35,,,1,12,,251555,35,,,1,52,,251556,35,,,1,12,,251557,35,,,1,12,,251599,35,,,1,12,,251558,35,,,1,12,,251559,35,,,1,52,,251560,35,,,1,12,,251561,35,,,1,12,,251598,35,,,1,12,,251562,35,,,1,12,,251563,35,,,1,52,,251564,35,,,1,12,,251565,35,,,1,12,,251597,35,,,1,12,,251566,35,,,1,12,,251567,35,,,1,53,,251628,35,,,1,8,,251629,35,,,1,11,,251635,35,,,1,9,,251607,35,,,1,8,,251568,35,,,1,7,,251569,35,,,1,8,,251608,35,,,1,47,,251618,35,,,1,8,,251570,35,,,1,7,,251571,35,,,1,8,,251619,35,,,1,7,,251609,35,,,1,8,,251620,35,,,1,7,,251610,35,,,1,8,,251572,35,,,1,47,,251621,35,,,1,8,,251611,35,,,1,7,,251573,35,,,1,8,,251622,35,,,1,7,,251612,35,,,1,8,,251623,35,,,1,7,,251633,35,,,1,8,,251636,35,,,1,47,,251634,35,,,1,8,,251638,35,,,1,7,,251624,35,,,1,14,,251574,35,,,1,11,,251575,35,,,1,9,,251576,35,,,1,53,,251577,35,,,1,15,,251578,35,,,1,15,,251579,35,,,1,15,,251580,35,,,1,55,,251581,35,,,1,15,,251582,35,,,1,15,,251583,35,,,1,15,,251584,35,,,1,55,,251585,35,,,1,15,,251586,35,,,1,15,,251587,35,,,1,15,,251588,35,,,1,55,,251589,35,,,1,13,,251637,35,,,1,18,,251630,35,,,1,20,,251590,35,,,1,60,,251591,35,,,1,20,,251592,35,,,1,20,,251593,35,,,1,60,,251594,35,,,1,18,,251595,35,,,1,19,,251596,35,,,1
700,'007-Weekday-6-26-09-1111100',533,,251639,35,,,1,20,,251640,35,,,1,59,,251641,35,,,1,15,,251727,35,,,1,22,,251726,35,,,1,63,,251703,35,,,1,7,,251713,35,,,1,8,,251642,35,,,1,7,,251714,35,,,1,9,,251704,35,,,1,8,,251643,35,,,1,8,,251715,35,,,1,47,,251705,35,,,1,8,,251644,35,,,1,7,,251716,35,,,1,8,,251706,35,,,1,7,,251717,35,,,1,8,,251732,35,,,1,12,,251731,35,,,1,50,,251725,35,,,1,9,,251645,35,,,1,9,,251700,35,,,1,11,,251646,35,,,1,12,,251647,35,,,1,12,,251648,35,,,1,52,,251649,35,,,1,12,,251701,35,,,1,12,,251650,35,,,1,12,,251651,35,,,1,12,,251652,35,,,1,54,,251653,35,,,1,13,,251702,35,,,1,12,,251654,35,,,1,12,,251655,35,,,1,52,,251656,35,,,1,12,,251657,35,,,1,12,,251699,35,,,1,12,,251658,35,,,1,12,,251659,35,,,1,52,,251660,35,,,1,12,,251661,35,,,1,12,,251698,35,,,1,12,,251662,35,,,1,12,,251663,35,,,1,52,,251664,35,,,1,12,,251665,35,,,1,12,,251697,35,,,1,12,,251666,35,,,1,12,,251667,35,,,1,53,,251728,35,,,1,8,,251729,35,,,1,11,,251735,35,,,1,9,,251707,35,,,1,8,,251668,35,,,1,7,,251669,35,,,1,8,,251708,35,,,1,47,,251718,35,,,1,8,,251670,35,,,1,7,,251671,35,,,1,8,,251719,35,,,1,7,,251709,35,,,1,8,,251720,35,,,1,7,,251710,35,,,1,8,,251672,35,,,1,47,,251721,35,,,1,8,,251711,35,,,1,7,,251673,35,,,1,8,,251722,35,,,1,7,,251712,35,,,1,8,,251723,35,,,1,7,,251733,35,,,1,8,,251736,35,,,1,47,,251734,35,,,1,8,,251738,35,,,1,7,,251724,35,,,1,14,,251674,35,,,1,11,,251675,35,,,1,9,,251676,35,,,1,53,,251677,35,,,1,15,,251678,35,,,1,15,,251679,35,,,1,15,,251680,35,,,1,55,,251681,35,,,1,15,,251682,35,,,1,15,,251683,35,,,1,15,,251684,35,,,1,55,,251685,35,,,1,15,,251686,35,,,1,15,,251687,35,,,1,15,,251688,35,,,1,55,,251689,35,,,1,13,,251737,35,,,1,18,,251730,35,,,1,20,,251690,35,,,1,60,,251691,35,,,1,20,,251692,35,,,1,20,,251693,35,,,1,60,,251694,35,,,1,18,,251695,35,,,1,19,,251696,35,,,1
700,'007-Weekday-7-26-09-1111100',533,,251739,35,,,1,20,,251740,35,,,1,59,,251741,35,,,1,15,,251827,35,,,1,22,,251826,35,,,1,63,,251803,35,,,1,7,,251813,35,,,1,8,,251742,35,,,1,7,,251814,35,,,1,9,,251804,35,,,1,8,,251743,35,,,1,8,,251815,35,,,1,47,,251805,35,,,1,8,,251744,35,,,1,7,,251816,35,,,1,8,,251806,35,,,1,7,,251817,35,,,1,8,,251832,35,,,1,12,,251831,35,,,1,50,,251825,35,,,1,9,,251745,35,,,1,9,,251800,35,,,1,11,,251746,35,,,1,12,,251747,35,,,1,12,,251748,35,,,1,52,,251749,35,,,1,12,,251801,35,,,1,12,,251750,35,,,1,12,,251751,35,,,1,12,,251752,35,,,1,54,,251753,35,,,1,13,,251802,35,,,1,12,,251754,35,,,1,12,,251755,35,,,1,52,,251756,35,,,1,12,,251757,35,,,1,12,,251799,35,,,1,12,,251758,35,,,1,12,,251759,35,,,1,52,,251760,35,,,1,12,,251761,35,,,1,12,,251798,35,,,1,12,,251762,35,,,1,12,,251763,35,,,1,52,,251764,35,,,1,12,,251765,35,,,1,12,,251797,35,,,1,12,,251766,35,,,1,12,,251767,35,,,1,53,,251828,35,,,1,8,,251829,35,,,1,11,,251835,35,,,1,9,,251807,35,,,1,8,,251768,35,,,1,7,,251769,35,,,1,8,,251808,35,,,1,47,,251818,35,,,1,8,,251770,35,,,1,7,,251771,35,,,1,8,,251819,35,,,1,7,,251809,35,,,1,8,,251820,35,,,1,7,,251810,35,,,1,8,,251772,35,,,1,47,,251821,35,,,1,8,,251811,35,,,1,7,,251773,35,,,1,8,,251822,35,,,1,7,,251812,35,,,1,8,,251823,35,,,1,7,,251833,35,,,1,8,,251836,35,,,1,47,,251834,35,,,1,8,,251838,35,,,1,7,,251824,35,,,1,14,,251774,35,,,1,11,,251775,35,,,1,9,,251776,35,,,1,53,,251777,35,,,1,15,,251778,35,,,1,15,,251779,35,,,1,15,,251780,35,,,1,55,,251781,35,,,1,15,,251782,35,,,1,15,,251783,35,,,1,15,,251784,35,,,1,55,,251785,35,,,1,15,,251786,35,,,1,15,,251787,35,,,1,15,,251788,35,,,1,55,,251789,35,,,1,13,,251837,35,,,1,18,,251830,35,,,1,20,,251790,35,,,1,60,,251791,35,,,1,20,,251792,35,,,1,20,,251793,35,,,1,60,,251794,35,,,1,18,,251795,35,,,1,19,,251796,35,,,1
700,'007-Saturday-1-26-09-0000010',537,,208282,35,,,1,20,,208283,35,,,1,64,,208284,35,,,1,20,,208285,35,,,1,60,,208286,35,,,1,20,,208287,35,,,1,20,,208288,35,,,1,60,,208289,35,,,1,20,,208290,35,,,1,15,,208291,35,,,1,15,,208292,35,,,1,55,,208293,35,,,1,17,,208294,35,,,1,16,,208295,35,,,1,15,,208296,35,,,1,55,,208297,35,,,1,15,,208298,35,,,1,15,,208299,35,,,1,15,,208300,35,,,1,55,,208301,35,,,1,15,,208302,35,,,1,15,,208303,35,,,1,15,,208304,35,,,1,55,,208305,35,,,1,15,,208306,35,,,1,15,,208307,35,,,1,15,,208308,35,,,1,55,,208309,35,,,1,15,,208310,35,,,1,15,,208311,35,,,1,15,,208312,35,,,1,55,,208313,35,,,1,15,,208314,35,,,1,15,,208315,35,,,1,15,,208316,35,,,1,55,,208317,35,,,1,15,,208318,35,,,1,15,,208319,35,,,1,15,,208320,35,,,1,55,,208321,35,,,1,15,,208322,35,,,1,15,,208323,35,,,1,15,,208324,35,,,1,56,,208325,35,,,1,14,,208326,35,,,1,15,,208327,35,,,1,15,,208328,35,,,1,55,,208329,35,,,1,15,,208330,35,,,1,15,,208331,35,,,1,15,,208332,35,,,1,55,,208333,35,,,1,15,,208334,35,,,1,20,,208335,35,,,1,60,,208336,35,,,1,20,,208337,35,,,1,20,,208338,35,,,1,60,,208339,35,,,1,20,,208340,35,,,1,20,,208341,35,,,1,60,,208342,35,,,1,20,,208343,35,,,1,20,,208344,35,,,1,60,,208345,35,,,1,20,,208346,35,,,1,20,,208347,35,,,1,60,,208348,35,,,1,20,,208349,35,,,1,20,,208350,35,,,1,60,,208351,35,,,1
700,'007-Sunday-1-26-09-0000001',631,,208352,35,,,1,20,,208353,35,,,1,60,,208354,35,,,1,20,,208355,35,,,1,20,,208356,35,,,1,60,,208357,35,,,1,20,,208358,35,,,1,20,,208359,35,,,1,60,,208360,35,,,1,22,,208361,35,,,1,20,,208362,35,,,1,60,,208363,35,,,1,20,,208364,35,,,1,20,,208365,35,,,1,55,,208366,35,,,1,15,,208367,35,,,1,15,,208368,35,,,1,15,,208369,35,,,1,55,,208370,35,,,1,15,,208371,35,,,1,15,,208372,35,,,1,15,,208373,35,,,1,56,,208374,35,,,1,16,,208375,35,,,1,15,,208376,35,,,1,15,,208377,35,,,1,55,,208378,35,,,1,15,,208379,35,,,1,15,,208380,35,,,1,15,,208381,35,,,1,55,,208382,35,,,1,15,,208383,35,,,1,15,,208384,35,,,1,15,,208385,35,,,1,55,,208386,35,,,1,15,,208387,35,,,1,15,,208388,35,,,1,15,,208389,35,,,1,55,,208390,35,,,1,15,,208391,35,,,1,15,,208392,35,,,1,15,,208393,35,,,1,55,,208394,35,,,1,15,,208395,35,,,1,15,,208396,35,,,1,15,,208397,35,,,1,55,,208398,35,,,1,15,,208399,35,,,1,20,,208400,35,,,1,60,,208401,35,,,1,20,,208402,35,,,1,20,,208403,35,,,1,60,,208404,35,,,1,20,,208405,35,,,1,20,,208406,35,,,1,60,,208407,35,,,1,18,,208408,35,,,1,19,,208409,35,,,1,60,,208410,35,,,1,20,,208411,35,,,1,20,,208412,35,,,1,60,,208413,35,,,1,20,,208414,35,,,1
51101,'511-Weekday-1-26-09-1111100',2507,,223023,2,,,1,30,,223024,2,,,1,70,,223025,2,,,1,30,,223026,2,,,1
51101,'511-Weekday-2-26-09-1111100',2507,,223027,2,,,1,30,,223028,2,,,1,70,,223029,2,,,1,30,,223030,2,,,1
51101,'511-Weekday-3-26-09-1111100',2507,,266288,2,,,1,30,,266289,2,,,1,70,,266290,2,,,1,30,,266291,2,,,1
51101,'511-Weekday-4-26-09-1111100',2507,,223031,2,,,1,30,,223032,2,,,1,70,,223033,2,,,1,30,,223034,2,,,1
51101,'511-Weekday-5-26-09-1111100',2507,,266292,2,,,1,30,,266293,2,,,1,70,,266294,2,,,1,30,,266295,2,,,1
51101,'511-Weekday-6-26-09-1111100',2507,,266296,2,,,1,30,,266297,2,,,1,70,,266298,2,,,1,30,,266299,2,,,1
51101,'511-Weekday-7-26-09-1111100',2507,,266300,2,,,1,30,,266301,2,,,1,70,,266302,2,,,1,30,,266303,2,,,1
51101,'511-Saturday-1-26-09-0000010',2506,,223035,2,,,1,30,,223036,2,,,1,70,,223037,2,,,1,30,,223038,2,,,1
51101,'511-Sunday-1-26-09-0000001',2505,,223039,2,,,1,30,,223040,2,,,1,70,,223041,2,,,1,30,,223042,2,,,1
52301,'523-Weekday-1-26-09-1111100',523,,226320,2,,,1,15,,226321,2,,,1,15,,226322,2,,,1,55,,226323,2,,,1,15,,226324,2,,,1,13,,226325,2,,,1,14,,226326,2,,,1,53,,226327,2,,,1,12,,226328,2,,,1,12,,226329,2,,,1,12,,226330,2,,,1,12,,226331,2,,,1,52,,226332,2,,,1,12,,226333,2,,,1,14,,226334,2,,,1,15,,226335,2,,,1,15,,226336,2,,,1,56,,226337,2,,,1,18,,226338,2,,,1,20,,226339,2,,,1,60,,226340,2,,,1,20,,226341,2,,,1,20,,226342,2,,,1,60,,226343,2,,,1,20,,226344,2,,,1,20,,226345,2,,,1,60,,226346,2,,,1,20,,226347,2,,,1,20,,226348,2,,,1,60,,226349,2,,,1,20,,226350,2,,,1,20,,226351,2,,,1,60,,226352,2,,,1,20,,226353,2,,,1,20,,226354,2,,,1,56,,226355,2,,,1,15,,226356,2,,,1,15,,226357,2,,,1,15,,226358,2,,,1,55,,226359,2,,,1,15,,226360,2,,,1,15,,226361,2,,,1,15,,226362,2,,,1,55,,226363,2,,,1,15,,226364,2,,,1,15,,226365,2,,,1,15,,226366,2,,,1,55,,226367,2,,,1,28,,226368,2,,,1,70,,226369,2,,,1,29,,226370,2,,,1,70,,226371,2,,,1,30,,226372,2,,,1,70,,226373,2,,,1,30,,226374,2,,,1,70,,226375,2,,,1,96,,226376,2,,,1,100,,226377,2,,,1
52301,'523-Weekday-2-26-09-1111100',523,,226378,2,,,1,15,,226379,2,,,1,15,,226380,2,,,1,55,,226381,2,,,1,15,,226382,2,,,1,13,,226383,2,,,1,14,,226384,2,,,1,53,,226385,2,,,1,12,,226386,2,,,1,12,,226387,2,,,1,12,,226388,2,,,1,12,,226389,2,,,1,52,,226390,2,,,1,12,,226391,2,,,1,14,,226392,2,,,1,15,,226393,2,,,1,15,,226394,2,,,1,56,,226395,2,,,1,18,,226396,2,,,1,20,,226397,2,,,1,60,,226398,2,,,1,20,,226399,2,,,1,20,,226400,2,,,1,60,,226401,2,,,1,20,,226402,2,,,1,20,,226403,2,,,1,60,,226404,2,,,1,20,,226405,2,,,1,20,,226406,2,,,1,60,,226407,2,,,1,20,,226408,2,,,1,20,,226409,2,,,1,60,,226410,2,,,1,20,,226411,2,,,1,20,,226412,2,,,1,56,,226413,2,,,1,15,,226414,2,,,1,15,,226415,2,,,1,15,,226416,2,,,1,55,,226417,2,,,1,15,,226418,2,,,1,15,,226419,2,,,1,15,,226420,2,,,1,55,,226421,2,,,1,15,,226422,2,,,1,15,,226423,2,,,1,15,,226424,2,,,1,55,,226425,2,,,1,28,,226426,2,,,1,70,,226427,2,,,1,29,,226428,2,,,1,70,,226429,2,,,1,30,,226430,2,,,1,70,,226431,2,,,1,30,,226432,2,,,1,70,,226433,2,,,1,96,,226434,2,,,1,100,,226435,2,,,1
52301,'523-Weekday-3-26-09-1111100',523,,269325,2,,,1,15,,269326,2,,,1,15,,269327,2,,,1,55,,269328,2,,,1,15,,269329,2,,,1,13,,269330,2,,,1,14,,269331,2,,,1,53,,269332,2,,,1,12,,269333,2,,,1,12,,269334,2,,,1,12,,269335,2,,,1,12,,269336,2,,,1,52,,269337,2,,,1,12,,269338,2,,,1,14,,269339,2,,,1,15,,269340,2,,,1,15,,269341,2,,,1,56,,269342,2,,,1,18,,269343,2,,,1,20,,269344,2,,,1,60,,269345,2,,,1,20,,269346,2,,,1,20,,269347,2,,,1,60,,269348,2,,,1,20,,269349,2,,,1,20,,269350,2,,,1,60,,269351,2,,,1,20,,269352,2,,,1,20,,269353,2,,,1,60,,269354,2,,,1,20,,269355,2,,,1,20,,269356,2,,,1,60,,269357,2,,,1,20,,269358,2,,,1,20,,269359,2,,,1,56,,269360,2,,,1,15,,269361,2,,,1,15,,269362,2,,,1,15,,269363,2,,,1,55,,269364,2,,,1,15,,269365,2,,,1,15,,269366,2,,,1,15,,269367,2,,,1,55,,269368,2,,,1,15,,269369,2,,,1,15,,269370,2,,,1,15,,269371,2,,,1,55,,269372,2,,,1,28,,269373,2,,,1,70,,269374,2,,,1,29,,269375,2,,,1,70,,269376,2,,,1,30,,269377,2,,,1,70,,269378,2,,,1,30,,269379,2,,,1,70,,269380,2,,,1,96,,269381,2,,,1,100,,269382,2,,,1
52301,'523-Weekday-4-26-09-1111100',523,,226436,2,,,1,15,,226437,2,,,1,15,,226438,2,,,1,55,,226439,2,,,1,15,,226440,2,,,1,13,,226441,2,,,1,14,,226442,2,,,1,53,,226443,2,,,1,12,,226444,2,,,1,12,,226445,2,,,1,12,,226446,2,,,1,12,,226447,2,,,1,52,,226448,2,,,1,12,,226449,2,,,1,14,,226450,2,,,1,15,,226451,2,,,1,15,,226452,2,,,1,56,,226453,2,,,1,18,,226454,2,,,1,20,,226455,2,,,1,60,,226456,2,,,1,20,,226457,2,,,1,20,,226458,2,,,1,60,,226459,2,,,1,20,,226460,2,,,1,20,,226461,2,,,1,60,,226462,2,,,1,20,,226463,2,,,1,20,,226464,2,,,1,60,,226465,2,,,1,20,,226466,2,,,1,20,,226467,2,,,1,60,,226468,2,,,1,20,,226469,2,,,1,20,,226470,2,,,1,56,,226471,2,,,1,15,,226472,2,,,1,15,,226473,2,,,1,15,,226474,2,,,1,55,,226475,2,,,1,15,,226476,2,,,1,15,,226477,2,,,1,15,,226478,2,,,1,55,,226479,2,,,1,15,,226480,2,,,1,15,,226481,2,,,1,15,,226482,2,,,1,55,,226483,2,,,1,28,,226484,2,,,1,70,,226485,2,,,1,29,,226486,2,,,1,70,,226487,2,,,1,30,,226488,2,,,1,70,,226489,2,,,1,30,,226490,2,,,1,70,,226491,2,,,1,96,,226492,2,,,1,100,,226493,2,,,1
52301,'523-Weekday-5-26-09-1111100',523,,269383,2,,,1,15,,269384,2,,,1,15,,269385,2,,,1,55,,269386,2,,,1,15,,269387,2,,,1,13,,269388,2,,,1,14,,269389,2,,,1,53,,269390,2,,,1,12,,269391,2,,,1,12,,269392,2,,,1,12,,269393,2,,,1,12,,269394,2,,,1,52,,269395,2,,,1,12,,269396,2,,,1,14,,269397,2,,,1,15,,269398,2,,,1,15,,269399,2,,,1,56,,269400,2,,,1,18,,269401,2,,,1,20,,269402,2,,,1,60,,269403,2,,,1,20,,269404,2,,,1,20,,269405,2,,,1,60,,269406,2,,,1,20,,269407,2,,,1,20,,269408,2,,,1,60,,269409,2,,,1,20,,269410,2,,,1,20,,269411,2,,,1,60,,269412,2,,,1,20,,269413,2,,,1,20,,269414,2,,,1,60,,269415,2,,,1,20,,269416,2,,,1,20,,269417,2,,,1,56,,269418,2,,,1,15,,269419,2,,,1,15,,269420,2,,,1,15,,269421,2,,,1,55,,269422,2,,,1,15,,269423,2,,,1,15,,269424,2,,,1,15,,269425,2,,,1,55,,269426,2,,,1,15,,269427,2,,,1,15,,269428,2,,,1,15,,269429,2,,,1,55,,269430,2,,,1,28,,269431,2,,,1,70,,269432,2,,,1,29,,269433,2,,,1,70,,269434,2,,,1,30,,269435,2,,,1,70,,269436,2,,,1,30,,269437,2,,,1,70,,269438,2,,,1,96,,269439,2,,,1,100,,269440,2,,,1
52301,'523-Weekday-6-26-09-1111100',523,,269441,2,,,1,15,,269442,2,,,1,15,,269443,2,,,1,55,,269444,2,,,1,15,,269445,2,,,1,13,,269446,2,,,1,14,,269447,2,,,1,53,,269448,2,,,1,12,,269449,2,,,1,12,,269450,2,,,1,12,,269451,2,,,1,12,,269452,2,,,1,52,,269453,2,,,1,12,,269454,2,,,1,14,,269455,2,,,1,15,,269456,2,,,1,15,,269457,2,,,1,56,,269458,2,,,1,18,,269459,2,,,1,20,,269460,2,,,1,60,,269461,2,,,1,20,,269462,2,,,1,20,,269463,2,,,1,60,,269464,2,,,1,20,,269465,2,,,1,20,,269466,2,,,1,60,,269467,2,,,1,20,,269468,2,,,1,20,,269469,2,,,1,60,,269470,2,,,1,20,,269471,2,,,1,20,,269472,2,,,1,60,,269473,2,,,1,20,,269474,2,,,1,20,,269475,2,,,1,56,,269476,2,,,1,15,,269477,2,,,1,15,,269478,2,,,1,15,,269479,2,,,1,55,,269480,2,,,1,15,,269481,2,,,1,15,,269482,2,,,1,15,,269483,2,,,1,55,,269484,2,,,1,15,,269485,2,,,1,15,,269486,2,,,1,15,,269487,2,,,1,55,,269488,2,,,1,28,,269489,2,,,1,70,,269490,2,,,1,29,,269491,2,,,1,70,,269492,2,,,1,30,,269493,2,,,1,70,,269494,2,,,1,30,,269495,2,,,1,70,,269496,2,,,1,96,,269497,2,,,1,100,,269498,2,,,1
52301,'523-Weekday-7-26-09-1111100',523,,269499,2,,,1,15,,269500,2,,,1,15,,269501,2,,,1,55,,269502,2,,,1,15,,269503,2,,,1,13,,269504,2,,,1,14,,269505,2,,,1,53,,269506,2,,,1,12,,269507,2,,,1,12,,269508,2,,,1,12,,269509,2,,,1,12,,269510,2,,,1,52,,269511,2,,,1,12,,269512,2,,,1,14,,269513,2,,,1,15,,269514,2,,,1,15,,269515,2,,,1,56,,269516,2,,,1,18,,269517,2,,,1,20,,269518,2,,,1,60,,269519,2,,,1,20,,269520,2,,,1,20,,269521,2,,,1,60,,269522,2,,,1,20,,269523,2,,,1,20,,269524,2,,,1,60,,269525,2,,,1,20,,269526,2,,,1,20,,269527,2,,,1,60,,269528,2,,,1,20,,269529,2,,,1,20,,269530,2,,,1,60,,269531,2,,,1,20,,269532,2,,,1,20,,269533,2,,,1,56,,269534,2,,,1,15,,269535,2,,,1,15,,269536,2,,,1,15,,269537,2,,,1,55,,269538,2,,,1,15,,269539,2,,,1,15,,269540,2,,,1,15,,269541,2,,,1,55,,269542,2,,,1,15,,269543,2,,,1,15,,269544,2,,,1,15,,269545,2,,,1,55,,269546,2,,,1,28,,269547,2,,,1,70,,269548,2,,,1,29,,269549,2,,,1,70,,269550,2,,,1,30,,269551,2,,,1,70,,269552,2,,,1,30,,269553,2,,,1,70,,269554,2,,,1,96,,269555,2,,,1,100,,269556,2,,,1
52301,'523-Saturday-1-26-09-0000010',622,,226494,2,,,1,100,,226495,2,,,1,100,,226496,2,,,1,20,,226497,2,,,1,60,,226526,2,,,1,22,,226498,2,,,1,23,,226499,2,,,1,60,,226527,2,,,1,20,,226500,2,,,1,20,,226501,2,,,1,60,,226528,2,,,1,20,,226502,2,,,1,20,,226503,2,,,1,60,,226529,2,,,1,20,,226504,2,,,1,20,,226505,2,,,1,60,,226530,2,,,1,20,,226507,2,,,1,20,,226508,2,,,1,60,,226531,2,,,1,20,,226509,2,,,1,20,,226506,2,,,1,60,,226532,2,,,1,20,,226510,2,,,1,20,,226511,2,,,1,60,,226533,2,,,1,20,,226512,2,,,1,20,,226513,2,,,1,60,,226534,2,,,1,19,,226514,2,,,1,18,,226515,2,,,1,60,,226535,2,,,1,20,,226516,2,,,1,20,,226517,2,,,1,60,,226536,2,,,1,20,,226518,2,,,1,20,,226519,2,,,1,60,,226537,2,,,1,20,,226520,2,,,1,20,,226521,2,,,1,60,,226538,2,,,1,20,,226522,2,,,1,20,,226539,2,,,1,60,,226523,2,,,1,101,,226524,2,,,1,100,,226525,2,,,1
52301,'523-Sunday-1-26-09-0000001',623,,226540,2,,,1,100,,226541,2,,,1,100,,226542,2,,,1,103,,226543,2,,,1,100,,226544,2,,,1,20,,226545,2,,,1,60,,226546,2,,,1,20,,226547,2,,,1,20,,226549,2,,,1,60,,226550,2,,,1,20,,226551,2,,,1,20,,226548,2,,,1,60,,226552,2,,,1,20,,226553,2,,,1,20,,226554,2,,,1,60,,226555,2,,,1,20,,226556,2,,,1,20,,226558,2,,,1,60,,226559,2,,,1,20,,226560,2,,,1,20,,226557,2,,,1,60,,226561,2,,,1,20,,226562,2,,,1,20,,226569,2,,,1,60,,226563,2,,,1,19,,226570,2,,,1,19,,226564,2,,,1,60,,226573,2,,,1,20,,226574,2,,,1,20,,226575,2,,,1,60,,226576,2,,,1,30,,226572,2,,,1,70,,226571,2,,,1,30,,226568,2,,,1,70,,226566,2,,,1,100,,226567,2,,,1,100,,226565,2,,,1,100,,226577,2,,,1
70100,'701-Weekday-1-26-09-1111100',542,,227908,8,,,1,61,,227909,30,,,1,31,,227910,30,,,1,76,,227911,30,,,1,15,,227912,30,,,1,15,,227913,30,,,1,15,,227914,30,,,1,55,,227915,30,,,1,15,,227916,30,,,1,15,,227917,30,,,1,16,,227918,30,,,1,56,,227919,30,,,1,15,,227920,8,,,1,15,,227921,30,,,1,15,,227922,8,,,1,55,,227923,30,,,1,15,,227924,8,,,1,15,,227925,30,,,1,15,,227926,8,,,1,55,,227927,30,,,1,15,,227928,8,,,1,15,,227929,30,,,1,15,,227930,8,,,1,55,,227931,30,,,1,15,,227932,8,,,1,15,,227933,30,,,1,15,,227934,8,,,1,55,,227935,30,,,1,15,,227936,8,,,1,15,,227937,30,,,1,15,,227938,8,,,1,55,,227939,30,,,1,15,,227940,8,,,1,15,,227941,30,,,1,13,,227942,30,,,1,55,,227943,30,,,1,19,,227944,30,,,1,15,,227945,30,,,1,56,,227946,30,,,1,15,,227947,30,,,1,15,,227948,30,,,1,14,,227949,30,,,1,56,,227950,30,,,1,15,,227951,30,,,1,15,,227952,30,,,1,70,,227953,30,,,1,27,,227954,30,,,1,27,,227955,30,,,1,69,,227956,30,,,1,30,,227957,30,,,1,70,,227958,30,,,1,30,,227959,30,,,1,70,,227960,30,,,1,30,,227961,30,,,1,67,,227962,30,,,1,99,,227963,30,,,1
70100,'701-Weekday-3-26-09-1111100',542,,227964,8,,,1,61,,227965,30,,,1,31,,227966,30,,,1,76,,227967,30,,,1,15,,227968,30,,,1,15,,227969,30,,,1,15,,227970,30,,,1,55,,227971,30,,,1,15,,227972,30,,,1,15,,227973,30,,,1,16,,227974,30,,,1,56,,227975,30,,,1,15,,227976,8,,,1,15,,227977,30,,,1,15,,227978,8,,,1,55,,227979,30,,,1,15,,227980,8,,,1,15,,227981,30,,,1,15,,227982,8,,,1,55,,227983,30,,,1,15,,227984,8,,,1,15,,227985,30,,,1,15,,227986,8,,,1,55,,227987,30,,,1,15,,227988,8,,,1,15,,227989,30,,,1,15,,227990,8,,,1,55,,227991,30,,,1,15,,227992,8,,,1,15,,227993,30,,,1,15,,227994,8,,,1,55,,227995,30,,,1,15,,227996,8,,,1,15,,227997,30,,,1,13,,227998,30,,,1,55,,227999,30,,,1,19,,228000,30,,,1,15,,228001,30,,,1,56,,228002,30,,,1,15,,228003,30,,,1,15,,228004,30,,,1,14,,228005,30,,,1,56,,228006,30,,,1,15,,228007,30,,,1,15,,228008,30,,,1,70,,228009,30,,,1,27,,228010,30,,,1,27,,228011,30,,,1,69,,228012,30,,,1,30,,228013,30,,,1,70,,228014,30,,,1,30,,228015,30,,,1,70,,228016,30,,,1,30,,228017,30,,,1,67,,228018,30,,,1,99,,228019,30,,,1
70100,'701-Weekday-4-26-09-1111100',542,,270665,8,,,1,61,,270666,30,,,1,31,,270667,30,,,1,76,,270668,30,,,1,15,,270669,30,,,1,15,,270670,30,,,1,15,,270671,30,,,1,55,,270672,30,,,1,15,,270673,30,,,1,15,,270674,30,,,1,16,,270675,30,,,1,56,,270676,30,,,1,15,,270677,8,,,1,15,,270678,30,,,1,15,,270679,8,,,1,55,,270680,30,,,1,15,,270681,8,,,1,15,,270682,30,,,1,15,,270683,8,,,1,55,,270684,30,,,1,15,,270685,8,,,1,15,,270686,30,,,1,15,,270687,8,,,1,55,,270688,30,,,1,15,,270689,8,,,1,15,,270690,30,,,1,15,,270691,8,,,1,55,,270692,30,,,1,15,,270693,8,,,1,15,,270694,30,,,1,15,,270695,8,,,1,55,,270696,30,,,1,15,,270697,8,,,1,15,,270698,30,,,1,13,,270699,30,,,1,55,,270700,30,,,1,19,,270701,30,,,1,15,,270702,30,,,1,56,,270703,30,,,1,15,,270704,30,,,1,15,,270705,30,,,1,14,,270706,30,,,1,56,,270707,30,,,1,15,,270708,30,,,1,15,,270709,30,,,1,70,,270710,30,,,1,27,,270711,30,,,1,27,,270712,30,,,1,69,,270713,30,,,1,30,,270714,30,,,1,70,,270715,30,,,1,30,,270716,30,,,1,70,,270717,30,,,1,30,,270718,30,,,1,67,,270719,30,,,1,99,,270720,30,,,1
70100,'701-Weekday-5-26-09-1111100',542,,228020,8,,,1,61,,228021,30,,,1,31,,228022,30,,,1,76,,228023,30,,,1,15,,228024,30,,,1,15,,228025,30,,,1,15,,228026,30,,,1,55,,228027,30,,,1,15,,228028,30,,,1,15,,228029,30,,,1,16,,228030,30,,,1,56,,228031,30,,,1,15,,228032,8,,,1,15,,228033,30,,,1,15,,228034,8,,,1,55,,228035,30,,,1,15,,228036,8,,,1,15,,228037,30,,,1,15,,228038,8,,,1,55,,228039,30,,,1,15,,228040,8,,,1,15,,228041,30,,,1,15,,228042,8,,,1,55,,228043,30,,,1,15,,228044,8,,,1,15,,228045,30,,,1,15,,228046,8,,,1,55,,228047,30,,,1,15,,228048,8,,,1,15,,228049,30,,,1,15,,228050,8,,,1,55,,228051,30,,,1,15,,228052,8,,,1,15,,228053,30,,,1,13,,228054,30,,,1,55,,228055,30,,,1,19,,228056,30,,,1,15,,228057,30,,,1,56,,228058,30,,,1,15,,228059,30,,,1,15,,228060,30,,,1,14,,228061,30,,,1,56,,228062,30,,,1,15,,228063,30,,,1,15,,228064,30,,,1,70,,228065,30,,,1,27,,228066,30,,,1,27,,228067,30,,,1,69,,228068,30,,,1,30,,228069,30,,,1,70,,228070,30,,,1,30,,228071,30,,,1,70,,228072,30,,,1,30,,228073,30,,,1,67,,228074,30,,,1,99,,228075,30,,,1
70100,'701-Weekday-6-26-09-1111100',542,,270721,8,,,1,61,,270722,30,,,1,31,,270723,30,,,1,76,,270724,30,,,1,15,,270725,30,,,1,15,,270726,30,,,1,15,,270727,30,,,1,55,,270728,30,,,1,15,,270729,30,,,1,15,,270730,30,,,1,16,,270731,30,,,1,56,,270732,30,,,1,15,,270733,8,,,1,15,,270734,30,,,1,15,,270735,8,,,1,55,,270736,30,,,1,15,,270737,8,,,1,15,,270738,30,,,1,15,,270739,8,,,1,55,,270740,30,,,1,15,,270741,8,,,1,15,,270742,30,,,1,15,,270743,8,,,1,55,,270744,30,,,1,15,,270745,8,,,1,15,,270746,30,,,1,15,,270747,8,,,1,55,,270748,30,,,1,15,,270749,8,,,1,15,,270750,30,,,1,15,,270751,8,,,1,55,,270752,30,,,1,15,,270753,8,,,1,15,,270754,30,,,1,13,,270755,30,,,1,55,,270756,30,,,1,19,,270757,30,,,1,15,,270758,30,,,1,56,,270759,30,,,1,15,,270760,30,,,1,15,,270761,30,,,1,14,,270762,30,,,1,56,,270763,30,,,1,15,,270764,30,,,1,15,,270765,30,,,1,70,,270766,30,,,1,27,,270767,30,,,1,27,,270768,30,,,1,69,,270769,30,,,1,30,,270770,30,,,1,70,,270771,30,,,1,30,,270772,30,,,1,70,,270773,30,,,1,30,,270774,30,,,1,67,,270775,30,,,1,99,,270776,30,,,1
70100,'701-Weekday-7-26-09-1111100',542,,270777,8,,,1,61,,270778,30,,,1,31,,270779,30,,,1,76,,270780,30,,,1,15,,270781,30,,,1,15,,270782,30,,,1,15,,270783,30,,,1,55,,270784,30,,,1,15,,270785,30,,,1,15,,270786,30,,,1,16,,270787,30,,,1,56,,270788,30,,,1,15,,270789,8,,,1,15,,270790,30,,,1,15,,270791,8,,,1,55,,270792,30,,,1,15,,270793,8,,,1,15,,270794,30,,,1,15,,270795,8,,,1,55,,270796,30,,,1,15,,270797,8,,,1,15,,270798,30,,,1,15,,270799,8,,,1,55,,270800,30,,,1,15,,270801,8,,,1,15,,270802,30,,,1,15,,270803,8,,,1,55,,270804,30,,,1,15,,270805,8,,,1,15,,270806,30,,,1,15,,270807,8,,,1,55,,270808,30,,,1,15,,270809,8,,,1,15,,270810,30,,,1,13,,270811,30,,,1,55,,270812,30,,,1,19,,270813,30,,,1,15,,270814,30,,,1,56,,270815,30,,,1,15,,270816,30,,,1,15,,270817,30,,,1,14,,270818,30,,,1,56,,270819,30,,,1,15,,270820,30,,,1,15,,270821,30,,,1,70,,270822,30,,,1,27,,270823,30,,,1,27,,270824,30,,,1,69,,270825,30,,,1,30,,270826,30,,,1,70,,270827,30,,,1,30,,270828,30,,,1,70,,270829,30,,,1,30,,270830,30,,,1,67,,270831,30,,,1,99,,270832,30,,,1
70100,'701-Weekday-8-26-09-1111100',542,,270833,8,,,1,61,,270834,30,,,1,31,,270835,30,,,1,76,,270836,30,,,1,15,,270837,30,,,1,15,,270838,30,,,1,15,,270839,30,,,1,55,,270840,30,,,1,15,,270841,30,,,1,15,,270842,30,,,1,16,,270843,30,,,1,56,,270844,30,,,1,15,,270845,8,,,1,15,,270846,30,,,1,15,,270847,8,,,1,55,,270848,30,,,1,15,,270849,8,,,1,15,,270850,30,,,1,15,,270851,8,,,1,55,,270852,30,,,1,15,,270853,8,,,1,15,,270854,30,,,1,15,,270855,8,,,1,55,,270856,30,,,1,15,,270857,8,,,1,15,,270858,30,,,1,15,,270859,8,,,1,55,,270860,30,,,1,15,,270861,8,,,1,15,,270862,30,,,1,15,,270863,8,,,1,55,,270864,30,,,1,15,,270865,8,,,1,15,,270866,30,,,1,13,,270867,30,,,1,55,,270868,30,,,1,19,,270869,30,,,1,15,,270870,30,,,1,56,,270871,30,,,1,15,,270872,30,,,1,15,,270873,30,,,1,14,,270874,30,,,1,56,,270875,30,,,1,15,,270876,30,,,1,15,,270877,30,,,1,70,,270878,30,,,1,27,,270879,30,,,1,27,,270880,30,,,1,69,,270881,30,,,1,30,,270882,30,,,1,70,,270883,30,,,1,30,,270884,30,,,1,70,,270885,30,,,1,30,,270886,30,,,1,67,,270887,30,,,1,99,,270888,30,,,1
70100,'701-Saturday-1-26-09-0000010',652,,228076,8,,,1,99,,228077,30,,,1,70,,228104,8,,,1,27,,228078,30,,,1,67,,228079,30,,,1,30,,228080,30,,,1,70,,228081,30,,,1,30,,228082,30,,,1,70,,228083,30,,,1,30,,228084,30,,,1,70,,228085,30,,,1,30,,228086,30,,,1,70,,228087,30,,,1,30,,228088,30,,,1,70,,228089,30,,,1,30,,228090,30,,,1,70,,228091,30,,,1,30,,228092,30,,,1,70,,228093,30,,,1,30,,228094,30,,,1,71,,228095,30,,,1,30,,228096,30,,,1,70,,228097,30,,,1,30,,228098,30,,,1,70,,228099,30,,,1,33,,228100,30,,,1,100,,228101,30,,,1,100,,228102,30,,,1,100,,228103,30,,,1,100,,228105,30,,,1
70100,'701-Sunday-1-26-09-0000001',608,,228106,8,,,1,100,,228107,8,,,1,100,,228133,8,,,1,29,,228108,30,,,1,71,,228134,8,,,1,30,,228109,30,,,1,70,,228135,8,,,1,30,,228110,30,,,1,70,,228111,30,,,1,30,,228112,30,,,1,70,,228113,30,,,1,30,,228114,30,,,1,70,,228115,30,,,1,30,,228116,30,,,1,70,,228117,30,,,1,30,,228118,30,,,1,70,,228119,30,,,1,30,,228120,30,,,1,70,,228121,30,,,1,30,,228122,30,,,1,66,,228123,30,,,1,34,,228124,30,,,1,70,,228125,30,,,1,30,,228126,30,,,1,70,,228127,30,,,1,30,,228128,30,,,1,100,,228129,30,,,1,100,,228130,30,,,1,100,,228131,30,,,1,100,,228132,8,,,1
1000100,'001-Weekday-1-26-09-1111100',502,,242650,3,,,1,40,,242651,3,,,1,80,,242652,3,,,1,81,,242653,3,,,1,20,,242654,3,,,1,20,,242655,3,,,1,60,,242656,3,,,1,20,,242657,3,,,1,25,,242658,3,,,1,70,,242659,3,,,1,30,,242660,3,,,1,70,,242661,3,,,1,30,,242662,3,,,1,70,,242663,3,,,1,30,,242664,3,,,1,70,,242665,3,,,1,30,,242666,3,,,1,70,,242667,3,,,1,30,,242668,3,,,1,70,,242669,3,,,1,30,,242670,3,,,1,68,,242671,3,,,1,20,,242672,3,,,1,20,,242673,3,,,1,60,,242674,3,,,1,20,,242675,3,,,1,20,,242676,3,,,1,65,,242677,3,,,1,30,,242678,3,,,1,70,,242679,3,,,1,30,,242680,3,,,1,70,,242681,3,,,1,30,,242682,3,,,1,70,,242683,3,,,1,30,,242684,3,,,1,70,,242685,3,,,1,27,,242686,3,,,1,79,,242687,3,,,1,80,,242688,3,,,1,40,,242689,3,,,1
1000100,'001-Weekday-2-26-09-1111100',502,,242691,3,,,1,40,,242692,3,,,1,80,,242693,3,,,1,81,,242694,3,,,1,20,,242695,3,,,1,20,,242696,3,,,1,60,,242697,3,,,1,20,,242698,3,,,1,25,,242699,3,,,1,70,,242700,3,,,1,30,,242701,3,,,1,70,,242702,3,,,1,30,,242703,3,,,1,70,,242704,3,,,1,30,,242705,3,,,1,70,,242706,3,,,1,30,,242707,3,,,1,70,,242708,3,,,1,30,,242709,3,,,1,70,,242710,3,,,1,30,,242711,3,,,1,68,,242712,3,,,1,20,,242713,3,,,1,20,,242714,3,,,1,60,,242715,3,,,1,20,,242716,3,,,1,20,,242717,3,,,1,65,,242718,3,,,1,30,,242719,3,,,1,70,,242720,3,,,1,30,,242721,3,,,1,70,,242722,3,,,1,30,,242723,3,,,1,70,,242724,3,,,1,30,,242725,3,,,1,70,,242726,3,,,1,27,,242727,3,,,1,79,,242728,3,,,1,80,,242729,3,,,1,40,,242730,3,,,1
1000100,'001-Weekday-3-26-09-1111100',502,,285173,3,,,1,40,,285174,3,,,1,80,,285175,3,,,1,81,,285176,3,,,1,20,,285177,3,,,1,20,,285178,3,,,1,60,,285179,3,,,1,20,,285180,3,,,1,25,,285181,3,,,1,70,,285182,3,,,1,30,,285183,3,,,1,70,,285184,3,,,1,30,,285185,3,,,1,70,,285186,3,,,1,30,,285187,3,,,1,70,,285188,3,,,1,30,,285189,3,,,1,70,,285190,3,,,1,30,,285191,3,,,1,70,,285192,3,,,1,30,,285193,3,,,1,68,,285194,3,,,1,20,,285195,3,,,1,20,,285196,3,,,1,60,,285197,3,,,1,20,,285198,3,,,1,20,,285199,3,,,1,65,,285200,3,,,1,30,,285201,3,,,1,70,,285202,3,,,1,30,,285203,3,,,1,70,,285204,3,,,1,30,,285205,3,,,1,70,,285206,3,,,1,30,,285207,3,,,1,70,,285208,3,,,1,27,,285209,3,,,1,79,,285210,3,,,1,80,,285211,3,,,1,40,,285212,3,,,1
1000100,'001-Weekday-4-26-09-1111100',502,,242732,3,,,1,40,,242733,3,,,1,80,,242734,3,,,1,81,,242735,3,,,1,20,,242736,3,,,1,20,,242737,3,,,1,60,,242738,3,,,1,20,,242739,3,,,1,25,,242740,3,,,1,70,,242741,3,,,1,30,,242742,3,,,1,70,,242743,3,,,1,30,,242744,3,,,1,70,,242745,3,,,1,30,,242746,3,,,1,70,,242747,3,,,1,30,,242748,3,,,1,70,,242749,3,,,1,30,,242750,3,,,1,70,,242751,3,,,1,30,,242752,3,,,1,68,,242753,3,,,1,20,,242754,3,,,1,20,,242755,3,,,1,60,,242756,3,,,1,20,,242757,3,,,1,20,,242758,3,,,1,65,,242759,3,,,1,30,,242760,3,,,1,70,,242761,3,,,1,30,,242762,3,,,1,70,,242763,3,,,1,30,,242764,3,,,1,70,,242765,3,,,1,30,,242766,3,,,1,70,,242767,3,,,1,27,,242768,3,,,1,79,,242769,3,,,1,80,,242770,3,,,1,40,,242771,3,,,1
1000100,'001-Weekday-5-26-09-1111100',502,,285213,3,,,1,40,,285214,3,,,1,80,,285215,3,,,1,81,,285216,3,,,1,20,,285217,3,,,1,20,,285218,3,,,1,60,,285219,3,,,1,20,,285220,3,,,1,25,,285221,3,,,1,70,,285222,3,,,1,30,,285223,3,,,1,70,,285224,3,,,1,30,,285225,3,,,1,70,,285226,3,,,1,30,,285227,3,,,1,70,,285228,3,,,1,30,,285229,3,,,1,70,,285230,3,,,1,30,,285231,3,,,1,70,,285232,3,,,1,30,,285233,3,,,1,68,,285234,3,,,1,20,,285235,3,,,1,20,,285236,3,,,1,60,,285237,3,,,1,20,,285238,3,,,1,20,,285239,3,,,1,65,,285240,3,,,1,30,,285241,3,,,1,70,,285242,3,,,1,30,,285243,3,,,1,70,,285244,3,,,1,30,,285245,3,,,1,70,,285246,3,,,1,30,,285247,3,,,1,70,,285248,3,,,1,27,,285249,3,,,1,79,,285250,3,,,1,80,,285251,3,,,1,40,,285252,3,,,1
1000100,'001-Weekday-6-26-09-1111100',502,,285253,3,,,1,40,,285254,3,,,1,80,,285255,3,,,1,81,,285256,3,,,1,20,,285257,3,,,1,20,,285258,3,,,1,60,,285259,3,,,1,20,,285260,3,,,1,25,,285261,3,,,1,70,,285262,3,,,1,30,,285263,3,,,1,70,,285264,3,,,1,30,,285265,3,,,1,70,,285266,3,,,1,30,,285267,3,,,1,70,,285268,3,,,1,30,,285269,3,,,1,70,,285270,3,,,1,30,,285271,3,,,1,70,,285272,3,,,1,30,,285273,3,,,1,68,,285274,3,,,1,20,,285275,3,,,1,20,,285276,3,,,1,60,,285277,3,,,1,20,,285278,3,,,1,20,,285279,3,,,1,65,,285280,3,,,1,30,,285281,3,,,1,70,,285282,3,,,1,30,,285283,3,,,1,70,,285284,3,,,1,30,,285285,3,,,1,70,,285286,3,,,1,30,,285287,3,,,1,70,,285288,3,,,1,27,,285289,3,,,1,79,,285290,3,,,1,80,,285291,3,,,1,40,,285292,3,,,1
1000100,'001-Weekday-7-26-09-1111100',502,,285294,3,,,1,40,,285295,3,,,1,80,,285296,3,,,1,81,,285297,3,,,1,20,,285298,3,,,1,20,,285299,3,,,1,60,,285300,3,,,1,20,,285301,3,,,1,25,,285302,3,,,1,70,,285303,3,,,1,30,,285304,3,,,1,70,,285305,3,,,1,30,,285306,3,,,1,70,,285307,3,,,1,30,,285308,3,,,1,70,,285309,3,,,1,30,,285310,3,,,1,70,,285311,3,,,1,30,,285312,3,,,1,70,,285313,3,,,1,30,,285314,3,,,1,68,,285315,3,,,1,20,,285316,3,,,1,20,,285317,3,,,1,60,,285318,3,,,1,20,,285319,3,,,1,20,,285320,3,,,1,65,,285321,3,,,1,30,,285322,3,,,1,70,,285323,3,,,1,30,,285324,3,,,1,70,,285325,3,,,1,30,,285326,3,,,1,70,,285327,3,,,1,30,,285328,3,,,1,70,,285329,3,,,1,27,,285330,3,,,1,79,,285331,3,,,1,80,,285332,3,,,1,40,,285333,3,,,1
1000100,'001-Saturday-1-26-09-0000010',623,,242772,3,,,1,80,,242773,3,,,1,40,,242774,3,,,1,75,,242775,3,,,1,30,,242776,3,,,1,70,,242777,3,,,1,30,,242778,3,,,1,70,,242779,3,,,1,30,,242780,3,,,1,70,,242781,3,,,1,30,,242782,3,,,1,70,,242783,3,,,1,30,,242784,3,,,1,70,,242785,3,,,1,30,,242786,3,,,1,70,,242787,3,,,1,30,,242788,3,,,1,70,,242789,3,,,1,30,,242790,3,,,1,70,,242791,3,,,1,30,,242792,3,,,1,70,,242793,3,,,1,30,,242794,3,,,1,70,,242795,3,,,1,28,,242796,3,,,1,72,,242797,3,,,1,30,,242798,3,,,1,69,,242799,3,,,1,31,,242800,3,,,1,70,,242801,3,,,1,30,,242802,3,,,1,70,,242803,3,,,1,30,,242804,3,,,1,75,,242805,3,,,1,80,,242806,3,,,1
1000100,'001-Sunday-1-26-09-0000001',559,,242807,3,,,1,80,,242808,3,,,1,80,,242809,3,,,1,40,,242810,3,,,1,80,,242811,3,,,1,80,,242812,3,,,1,40,,242813,3,,,1,75,,242814,3,,,1,70,,242815,3,,,1,30,,242816,3,,,1,70,,242817,3,,,1,30,,242818,3,,,1,70,,242819,3,,,1,30,,242820,3,,,1,70,,242821,3,,,1,30,,242822,3,,,1,70,,242823,3,,,1,30,,242824,3,,,1,70,,242825,3,,,1,30,,242826,3,,,1,70,,242827,3,,,1,30,,242828,3,,,1,70,,242829,3,,,1,30,,242830,3,,,1,68,,242831,3,,,1,40,,242832,3,,,1,80,,242833,3,,,1,80,,242834,3,,,1,40,,242835,3,,,1,80,,242836,3,,,1,80,,242837,3,,,1,40,,242838,3,,,1
2000100,'001-Weekday-1-26-09-1111100',522,,243456,3,,,1,80,,243457,3,,,1,41,,243458,3,,,1,70,,243459,3,,,1,20,,243460,3,,,1,20,,243461,3,,,1,60,,243462,3,,,1,20,,243463,3,,,1,70,,243464,3,,,1,30,,243465,3,,,1,70,,243466,3,,,1,30,,243467,3,,,1,70,,243468,3,,,1,30,,243469,3,,,1,70,,243470,3,,,1,30,,243471,3,,,1,70,,243472,3,,,1,30,,243473,3,,,1,70,,243474,3,,,1,30,,243475,3,,,1,70,,243476,3,,,1,23,,243477,3,,,1,20,,243478,3,,,1,60,,243479,3,,,1,20,,243480,3,,,1,20,,243481,3,,,1,60,,243482,3,,,1,30,,243483,3,,,1,70,,243484,3,,,1,30,,243485,3,,,1,70,,243486,3,,,1,30,,243487,3,,,1,70,,243488,3,,,1,30,,243489,3,,,1,70,,243490,3,,,1,30,,243491,3,,,1,71,,243492,3,,,1,40,,243493,3,,,1,80,,243494,3,,,1,80,,243495,3,,,1
2000100,'001-Weekday-2-26-09-1111100',522,,243496,3,,,1,80,,243497,3,,,1,41,,243498,3,,,1,70,,243499,3,,,1,20,,243500,3,,,1,20,,243501,3,,,1,60,,243502,3,,,1,20,,243503,3,,,1,70,,243504,3,,,1,30,,243505,3,,,1,70,,243506,3,,,1,30,,243507,3,,,1,70,,243508,3,,,1,30,,243509,3,,,1,70,,243510,3,,,1,30,,243511,3,,,1,70,,243512,3,,,1,30,,243513,3,,,1,70,,243514,3,,,1,30,,243515,3,,,1,70,,243516,3,,,1,23,,243517,3,,,1,20,,243518,3,,,1,60,,243519,3,,,1,20,,243520,3,,,1,20,,243521,3,,,1,60,,243522,3,,,1,30,,243523,3,,,1,70,,243524,3,,,1,30,,243525,3,,,1,70,,243526,3,,,1,30,,243527,3,,,1,70,,243528,3,,,1,30,,243529,3,,,1,70,,243530,3,,,1,30,,243531,3,,,1,71,,243532,3,,,1,40,,243533,3,,,1,80,,243534,3,,,1,80,,243535,3,,,1
2000100,'001-Weekday-3-26-09-1111100',522,,285898,3,,,1,80,,285899,3,,,1,41,,285900,3,,,1,70,,285901,3,,,1,20,,285902,3,,,1,20,,285903,3,,,1,60,,285904,3,,,1,20,,285905,3,,,1,70,,285906,3,,,1,30,,285907,3,,,1,70,,285908,3,,,1,30,,285909,3,,,1,70,,285910,3,,,1,30,,285911,3,,,1,70,,285912,3,,,1,30,,285913,3,,,1,70,,285914,3,,,1,30,,285915,3,,,1,70,,285916,3,,,1,30,,285917,3,,,1,70,,285918,3,,,1,23,,285919,3,,,1,20,,285920,3,,,1,60,,285921,3,,,1,20,,285922,3,,,1,20,,285923,3,,,1,60,,285924,3,,,1,30,,285925,3,,,1,70,,285926,3,,,1,30,,285927,3,,,1,70,,285928,3,,,1,30,,285929,3,,,1,70,,285930,3,,,1,30,,285931,3,,,1,70,,285932,3,,,1,30,,285933,3,,,1,71,,285934,3,,,1,40,,285935,3,,,1,80,,285936,3,,,1,80,,285937,3,,,1
2000100,'001-Weekday-4-26-09-1111100',522,,243536,3,,,1,80,,243537,3,,,1,41,,243538,3,,,1,70,,243539,3,,,1,20,,243540,3,,,1,20,,243541,3,,,1,60,,243542,3,,,1,20,,243543,3,,,1,70,,243544,3,,,1,30,,243545,3,,,1,70,,243546,3,,,1,30,,243547,3,,,1,70,,243548,3,,,1,30,,243549,3,,,1,70,,243550,3,,,1,30,,243551,3,,,1,70,,243552,3,,,1,30,,243553,3,,,1,70,,243554,3,,,1,30,,243555,3,,,1,70,,243556,3,,,1,23,,243557,3,,,1,20,,243558,3,,,1,60,,243559,3,,,1,20,,243560,3,,,1,20,,243561,3,,,1,60,,243562,3,,,1,30,,243563,3,,,1,70,,243564,3,,,1,30,,243565,3,,,1,70,,243566,3,,,1,30,,243567,3,,,1,70,,243568,3,,,1,30,,243569,3,,,1,70,,243570,3,,,1,30,,243571,3,,,1,71,,243572,3,,,1,40,,243573,3,,,1,80,,243574,3,,,1,80,,243575,3,,,1
2000100,'001-Weekday-5-26-09-1111100',522,,285938,3,,,1,80,,285939,3,,,1,41,,285940,3,,,1,70,,285941,3,,,1,20,,285942,3,,,1,20,,285943,3,,,1,60,,285944,3,,,1,20,,285945,3,,,1,70,,285946,3,,,1,30,,285947,3,,,1,70,,285948,3,,,1,30,,285949,3,,,1,70,,285950,3,,,1,30,,285951,3,,,1,70,,285952,3,,,1,30,,285953,3,,,1,70,,285954,3,,,1,30,,285955,3,,,1,70,,285956,3,,,1,30,,285957,3,,,1,70,,285958,3,,,1,23,,285959,3,,,1,20,,285960,3,,,1,60,,285961,3,,,1,20,,285962,3,,,1,20,,285963,3,,,1,60,,285964,3,,,1,30,,285965,3,,,1,70,,285966,3,,,1,30,,285967,3,,,1,70,,285968,3,,,1,30,,285969,3,,,1,70,,285970,3,,,1,30,,285971,3,,,1,70,,285972,3,,,1,30,,285973,3,,,1,71,,285974,3,,,1,40,,285975,3,,,1,80,,285976,3,,,1,80,,285977,3,,,1
2000100,'001-Weekday-6-26-09-1111100',522,,285978,3,,,1,80,,285979,3,,,1,41,,285980,3,,,1,70,,285981,3,,,1,20,,285982,3,,,1,20,,285983,3,,,1,60,,285984,3,,,1,20,,285985,3,,,1,70,,285986,3,,,1,30,,285987,3,,,1,70,,285988,3,,,1,30,,285989,3,,,1,70,,285990,3,,,1,30,,285991,3,,,1,70,,285992,3,,,1,30,,285993,3,,,1,70,,285994,3,,,1,30,,285995,3,,,1,70,,285996,3,,,1,30,,285997,3,,,1,70,,285998,3,,,1,23,,285999,3,,,1,20,,286000,3,,,1,60,,286001,3,,,1,20,,286002,3,,,1,20,,286003,3,,,1,60,,286004,3,,,1,30,,286005,3,,,1,70,,286006,3,,,1,30,,286007,3,,,1,70,,286008,3,,,1,30,,286009,3,,,1,70,,286010,3,,,1,30,,286011,3,,,1,70,,286012,3,,,1,30,,286013,3,,,1,71,,286014,3,,,1,40,,286015,3,,,1,80,,286016,3,,,1,80,,286017,3,,,1
2000100,'001-Weekday-7-26-09-1111100',522,,286018,3,,,1,80,,286019,3,,,1,41,,286020,3,,,1,70,,286021,3,,,1,20,,286022,3,,,1,20,,286023,3,,,1,60,,286024,3,,,1,20,,286025,3,,,1,70,,286026,3,,,1,30,,286027,3,,,1,70,,286028,3,,,1,30,,286029,3,,,1,70,,286030,3,,,1,30,,286031,3,,,1,70,,286032,3,,,1,30,,286033,3,,,1,70,,286034,3,,,1,30,,286035,3,,,1,70,,286036,3,,,1,30,,286037,3,,,1,70,,286038,3,,,1,23,,286039,3,,,1,20,,286040,3,,,1,60,,286041,3,,,1,20,,286042,3,,,1,20,,286043,3,,,1,60,,286044,3,,,1,30,,286045,3,,,1,70,,286046,3,,,1,30,,286047,3,,,1,70,,286048,3,,,1,30,,286049,3,,,1,70,,286050,3,,,1,30,,286051,3,,,1,70,,286052,3,,,1,30,,286053,3,,,1,71,,286054,3,,,1,40,,286055,3,,,1,80,,286056,3,,,1,80,,286057,3,,,1
2000100,'001-Saturday-1-26-09-0000010',603,,243576,3,,,1,40,,243577,3,,,1,80,,243578,3,,,1,80,,243579,3,,,1,30,,243580,3,,,1,70,,243581,3,,,1,30,,243582,3,,,1,70,,243583,3,,,1,30,,243584,3,,,1,70,,243585,3,,,1,30,,243586,3,,,1,70,,243587,3,,,1,30,,243588,3,,,1,70,,243589,3,,,1,30,,243590,3,,,1,70,,243591,3,,,1,30,,243592,3,,,1,70,,243593,3,,,1,30,,243594,3,,,1,70,,243595,3,,,1,30,,243596,3,,,1,70,,243597,3,,,1,30,,243598,3,,,1,69,,243599,3,,,1,31,,243600,3,,,1,70,,243601,3,,,1,29,,243602,3,,,1,70,,243603,3,,,1,31,,243604,3,,,1,70,,243605,3,,,1,30,,243606,3,,,1,70,,243607,3,,,1,30,,243608,3,,,1,70,,243609,3,,,1,40,,243610,3,,,1
2000100,'001-Sunday-1-26-09-0000001',539,,243611,3,,,1,80,,243612,3,,,1,40,,243613,3,,,1,80,,243614,3,,,1,80,,243615,3,,,1,40,,243616,3,,,1,80,,243617,3,,,1,80,,243618,3,,,1,30,,243619,3,,,1,70,,243620,3,,,1,30,,243621,3,,,1,70,,243622,3,,,1,30,,243623,3,,,1,70,,243624,3,,,1,30,,243625,3,,,1,70,,243626,3,,,1,30,,243627,3,,,1,70,,243628,3,,,1,30,,243629,3,,,1,70,,243630,3,,,1,30,,243631,3,,,1,70,,243632,3,,,1,30,,243633,3,,,1,70,,243634,3,,,1,30,,243635,3,,,1,73,,243636,3,,,1,80,,243637,3,,,1,40,,243638,3,,,1,80,,243639,3,,,1,80,,243640,3,,,1,40,,243641,3,,,1,80,,243642,3,,,1
24012000,'120X-Weekday-1-26-09-1111100',610,,244730,8,,,1,20,,244731,8,,,1,20,,244735,8,,,1,60,,244759,8,,,1,20,,244719,8,,,1,20,,244720,8,,,1,60,,244732,8,,,1,20,,244721,8,,,1,20,,244756,8,,,1,60,,244758,8,,,1,20,,244736,8,,,1,20,,244737,8,,,1,60,,244738,8,,,1,20,,244739,8,,,1,20,,244740,8,,,1,60,,244741,8,,,1,20,,244742,8,,,1,20,,244743,8,,,1,60,,244744,8,,,1,20,,244745,8,,,1,20,,244746,8,,,1,60,,244747,8,,,1,20,,244748,8,,,1,20,,244749,8,,,1,60,,244750,8,,,1,20,,244751,8,,,1,21,,244752,8,,,1,62,,244753,8,,,1,22,,244760,8,,,1,21,,244733,8,,,1,50,,244754,8,,,1,10,,244722,8,,,1,10,,244723,8,,,1,10,,244724,8,,,1,9,,244725,8,,,1,10,,244726,8,,,1,49,,244755,8,,,1,10,,244727,8,,,1,20,,244728,8,,,1,20,,244729,8,,,1,60,,244734,8,,,1,20,,244757,8,,,1
24012000,'120X-Weekday-2-26-09-1111100',610,,244772,8,,,1,20,,244773,8,,,1,20,,244777,8,,,1,60,,244801,8,,,1,20,,244761,8,,,1,20,,244762,8,,,1,60,,244774,8,,,1,20,,244763,8,,,1,20,,244798,8,,,1,60,,244800,8,,,1,20,,244778,8,,,1,20,,244779,8,,,1,60,,244780,8,,,1,20,,244781,8,,,1,20,,244782,8,,,1,60,,244783,8,,,1,20,,244784,8,,,1,20,,244785,8,,,1,60,,244786,8,,,1,20,,244787,8,,,1,20,,244788,8,,,1,60,,244789,8,,,1,20,,244790,8,,,1,20,,244791,8,,,1,60,,244792,8,,,1,20,,244793,8,,,1,21,,244794,8,,,1,62,,244795,8,,,1,22,,244802,8,,,1,21,,244775,8,,,1,50,,244796,8,,,1,10,,244764,8,,,1,10,,244765,8,,,1,10,,244766,8,,,1,9,,244767,8,,,1,10,,244768,8,,,1,49,,244797,8,,,1,10,,244769,8,,,1,20,,244770,8,,,1,20,,244771,8,,,1,60,,244776,8,,,1,20,,244799,8,,,1
24012000,'120X-Weekday-3-26-09-1111100',610,,287117,8,,,1,20,,287118,8,,,1,20,,287122,8,,,1,60,,287146,8,,,1,20,,287106,8,,,1,20,,287107,8,,,1,60,,287119,8,,,1,20,,287108,8,,,1,20,,287143,8,,,1,60,,287145,8,,,1,20,,287123,8,,,1,20,,287124,8,,,1,60,,287125,8,,,1,20,,287126,8,,,1,20,,287127,8,,,1,60,,287128,8,,,1,20,,287129,8,,,1,20,,287130,8,,,1,60,,287131,8,,,1,20,,287132,8,,,1,20,,287133,8,,,1,60,,287134,8,,,1,20,,287135,8,,,1,20,,287136,8,,,1,60,,287137,8,,,1,20,,287138,8,,,1,21,,287139,8,,,1,62,,287140,8,,,1,22,,287147,8,,,1,21,,287120,8,,,1,50,,287141,8,,,1,10,,287109,8,,,1,10,,287110,8,,,1,10,,287111,8,,,1,9,,287112,8,,,1,10,,287113,8,,,1,49,,287142,8,,,1,10,,287114,8,,,1,20,,287115,8,,,1,20,,287116,8,,,1,60,,287121,8,,,1,20,,287144,8,,,1
24012000,'120X-Weekday-4-26-09-1111100',610,,244814,8,,,1,20,,244815,8,,,1,20,,244819,8,,,1,60,,244843,8,,,1,20,,244803,8,,,1,20,,244804,8,,,1,60,,244816,8,,,1,20,,244805,8,,,1,20,,244840,8,,,1,60,,244842,8,,,1,20,,244820,8,,,1,20,,244821,8,,,1,60,,244822,8,,,1,20,,244823,8,,,1,20,,244824,8,,,1,60,,244825,8,,,1,20,,244826,8,,,1,20,,244827,8,,,1,60,,244828,8,,,1,20,,244829,8,,,1,20,,244830,8,,,1,60,,244831,8,,,1,20,,244832,8,,,1,20,,244833,8,,,1,60,,244834,8,,,1,20,,244835,8,,,1,21,,244836,8,,,1,62,,244837,8,,,1,22,,244844,8,,,1,21,,244817,8,,,1,50,,244838,8,,,1,10,,244806,8,,,1,10,,244807,8,,,1,10,,244808,8,,,1,9,,244809,8,,,1,10,,244810,8,,,1,49,,244839,8,,,1,10,,244811,8,,,1,20,,244812,8,,,1,20,,244813,8,,,1,60,,244818,8,,,1,20,,244841,8,,,1
24012000,'120X-Weekday-5-26-09-1111100',610,,287159,8,,,1,20,,287160,8,,,1,20,,287164,8,,,1,60,,287188,8,,,1,20,,287148,8,,,1,20,,287149,8,,,1,60,,287161,8,,,1,20,,287150,8,,,1,20,,287185,8,,,1,60,,287187,8,,,1,20,,287165,8,,,1,20,,287166,8,,,1,60,,287167,8,,,1,20,,287168,8,,,1,20,,287169,8,,,1,60,,287170,8,,,1,20,,287171,8,,,1,20,,287172,8,,,1,60,,287173,8,,,1,20,,287174,8,,,1,20,,287175,8,,,1,60,,287176,8,,,1,20,,287177,8,,,1,20,,287178,8,,,1,60,,287179,8,,,1,20,,287180,8,,,1,21,,287181,8,,,1,62,,287182,8,,,1,22,,287189,8,,,1,21,,287162,8,,,1,50,,287183,8,,,1,10,,287151,8,,,1,10,,287152,8,,,1,10,,287153,8,,,1,9,,287154,8,,,1,10,,287155,8,,,1,49,,287184,8,,,1,10,,287156,8,,,1,20,,287157,8,,,1,20,,287158,8,,,1,60,,287163,8,,,1,20,,287186,8,,,1
24012000,'120X-Weekday-6-26-09-1111100',610,,287201,8,,,1,20,,287202,8,,,1,20,,287206,8,,,1,60,,287230,8,,,1,20,,287190,8,,,1,20,,287191,8,,,1,60,,287203,8,,,1,20,,287192,8,,,1,20,,287227,8,,,1,60,,287229,8,,,1,20,,287207,8,,,1,20,,287208,8,,,1,60,,287209,8,,,1,20,,287210,8,,,1,20,,287211,8,,,1,60,,287212,8,,,1,20,,287213,8,,,1,20,,287214,8,,,1,60,,287215,8,,,1,20,,287216,8,,,1,20,,287217,8,,,1,60,,287218,8,,,1,20,,287219,8,,,1,20,,287220,8,,,1,60,,287221,8,,,1,20,,287222,8,,,1,21,,287223,8,,,1,62,,287224,8,,,1,22,,287231,8,,,1,21,,287204,8,,,1,50,,287225,8,,,1,10,,287193,8,,,1,10,,287194,8,,,1,10,,287195,8,,,1,9,,287196,8,,,1,10,,287197,8,,,1,49,,287226,8,,,1,10,,287198,8,,,1,20,,287199,8,,,1,20,,287200,8,,,1,60,,287205,8,,,1,20,,287228,8,,,1
24012000,'120X-Weekday-7-26-09-1111100',610,,287243,8,,,1,20,,287244,8,,,1,20,,287248,8,,,1,60,,287272,8,,,1,20,,287232,8,,,1,20,,287233,8,,,1,60,,287245,8,,,1,20,,287234,8,,,1,20,,287269,8,,,1,60,,287271,8,,,1,20,,287249,8,,,1,20,,287250,8,,,1,60,,287251,8,,,1,20,,287252,8,,,1,20,,287253,8,,,1,60,,287254,8,,,1,20,,287255,8,,,1,20,,287256,8,,,1,60,,287257,8,,,1,20,,287258,8,,,1,20,,287259,8,,,1,60,,287260,8,,,1,20,,287261,8,,,1,20,,287262,8,,,1,60,,287263,8,,,1,20,,287264,8,,,1,21,,287265,8,,,1,62,,287266,8,,,1,22,,287273,8,,,1,21,,287246,8,,,1,50,,287267,8,,,1,10,,287235,8,,,1,10,,287236,8,,,1,10,,287237,8,,,1,9,,287238,8,,,1,10,,287239,8,,,1,49,,287268,8,,,1,10,,287240,8,,,1,20,,287241,8,,,1,20,,287242,8,,,1,60,,287247,8,,,1,20,,287270,8,,,1
