10801,'108-Weekday-1-26-09-0001000',1429,,216574,25,,,1
10801,'108-Weekday-1-26-09-1110100',1524,,216575,25,,,1
10801,'108-Weekday-1-26-09-1111100',554,,216635,25,,,1,60,,216636,25,,,1,20,,216637,25,,,1,22,,216638,25,,,1,62,,216625,25,,,1,10,,216626,25,,,1,10,,216627,25,,,1,10,,216628,25,,,1,10,,216629,25,,,1,50,,216630,25,,,1,10,,216631,25,,,1,10,,216632,25,,,1,10,,216633,25,,,1,10,,216634,25,,,1,56,,216624,25,,,1,18,,216605,25,,,1,17,,216606,25,,,1,20,,216607,25,,,1,60,,216608,25,,,1,20,,216609,25,,,1,20,,216610,25,,,1,60,,216611,25,,,1,20,,216612,25,,,1,20,,216613,25,,,1,60,,216614,25,,,1,20,,216615,25,,,1,20,,216616,25,,,1,60,,216617,25,,,1,20,,216618,25,,,1,20,,216619,25,,,1,60,,216620,25,,,1,20,,216621,25,,,1,20,,216622,25,,,1,62,,216623,25,,,1,10,,216642,25,,,1,11,,216589,25,,,1,10,,216643,25,,,1,50,,216590,25,,,1,10,,216591,25,,,1,10,,216592,25,,,1,10,,216593,25,,,1,10,,216594,25,,,1,10,,216595,25,,,1,50,,216596,25,,,1,10,,216597,25,,,1,10,,216598,25,,,1,10,,216599,25,,,1,10,,216600,25,,,1,10,,216601,25,,,1,50,,216602,25,,,1,10,,216603,25,,,1,16,,216604,25,,,1,16,,216588,25,,,1,58,,216576,25,,,1,20,,216641,25,,,1,21,,216579,25,,,1,60,,216580,25,,,1,20,,216581,25,,,1,20,,216582,25,,,1,60,,216583,25,,,1,19,,216584,25,,,1,20,,216585,25,,,1,59,,216586,25,,,1,19,,216587,25,,,1,19,,216639,25,,,1,70,,216640,25,,,1,30,,216577,25,,,1,70,,216578,25,,,1
10801,'108-Weekday-2-26-09-1110100',1524,,216644,25,,,1
10801,'108-Weekday-2-26-09-1111100',554,,216704,25,,,1,60,,216705,25,,,1,20,,216706,25,,,1,22,,216707,25,,,1,62,,216694,25,,,1,10,,216695,25,,,1,10,,216696,25,,,1,10,,216697,25,,,1,10,,216698,25,,,1,50,,216699,25,,,1,10,,216700,25,,,1,10,,216701,25,,,1,10,,216702,25,,,1,10,,216703,25,,,1,56,,216693,25,,,1,18,,216674,25,,,1,17,,216675,25,,,1,20,,216676,25,,,1,60,,216677,25,,,1,20,,216678,25,,,1,20,,216679,25,,,1,60,,216680,25,,,1,20,,216681,25,,,1,20,,216682,25,,,1,60,,216683,25,,,1,20,,216684,25,,,1,20,,216685,25,,,1,60,,216686,25,,,1,20,,216687,25,,,1,20,,216688,25,,,1,60,,216689,25,,,1,20,,216690,25,,,1,20,,216691,25,,,1,62,,216692,25,,,1,10,,216711,25,,,1,11,,216658,25,,,1,10,,216712,25,,,1,50,,216659,25,,,1,10,,216660,25,,,1,10,,216661,25,,,1,10,,216662,25,,,1,10,,216663,25,,,1,10,,216664,25,,,1,50,,216665,25,,,1,10,,216666,25,,,1,10,,216667,25,,,1,10,,216668,25,,,1,10,,216669,25,,,1,10,,216670,25,,,1,50,,216671,25,,,1,10,,216672,25,,,1,16,,216673,25,,,1,16,,216657,25,,,1,58,,216645,25,,,1,20,,216710,25,,,1,21,,216648,25,,,1,60,,216649,25,,,1,20,,216650,25,,,1,20,,216651,25,,,1,60,,216652,25,,,1,19,,216653,25,,,1,20,,216654,25,,,1,59,,216655,25,,,1,19,,216656,25,,,1,19,,216708,25,,,1,70,,216709,25,,,1,30,,216646,25,,,1,70,,216647,25,,,1
10801,'108-Weekday-3-26-09-1111100',554,,260176,25,,,1,60,,260177,25,,,1,20,,260178,25,,,1,22,,260179,25,,,1,62,,260166,25,,,1,10,,260167,25,,,1,10,,260168,25,,,1,10,,260169,25,,,1,10,,260170,25,,,1,50,,260171,25,,,1,10,,260172,25,,,1,10,,260173,25,,,1,10,,260174,25,,,1,10,,260175,25,,,1,56,,260165,25,,,1,18,,260146,25,,,1,17,,260147,25,,,1,20,,260148,25,,,1,60,,260149,25,,,1,20,,260150,25,,,1,20,,260151,25,,,1,60,,260152,25,,,1,20,,260153,25,,,1,20,,260154,25,,,1,60,,260155,25,,,1,20,,260156,25,,,1,20,,260157,25,,,1,60,,260158,25,,,1,20,,260159,25,,,1,20,,260160,25,,,1,60,,260161,25,,,1,20,,260162,25,,,1,20,,260163,25,,,1,62,,260164,25,,,1,10,,260183,25,,,1,11,,260130,25,,,1,10,,260184,25,,,1,50,,260131,25,,,1,10,,260132,25,,,1,10,,260133,25,,,1,10,,260134,25,,,1,10,,260135,25,,,1,10,,260136,25,,,1,50,,260137,25,,,1,10,,260138,25,,,1,10,,260139,25,,,1,10,,260140,25,,,1,10,,260141,25,,,1,10,,260142,25,,,1,50,,260143,25,,,1,10,,260144,25,,,1,16,,260145,25,,,1,16,,260129,25,,,1,58,,260117,25,,,1,20,,260182,25,,,1,21,,260120,25,,,1,60,,260121,25,,,1,20,,260122,25,,,1,20,,260123,25,,,1,60,,260124,25,,,1,19,,260125,25,,,1,20,,260126,25,,,1,59,,260127,25,,,1,19,,260128,25,,,1,19,,260180,25,,,1,70,,260181,25,,,1,30,,260118,25,,,1,70,,260119,25,,,1
10801,'108-Weekday-4-26-09-1111100',554,,216772,25,,,1,60,,216773,25,,,1,20,,216774,25,,,1,22,,216775,25,,,1,62,,216762,25,,,1,10,,216763,25,,,1,10,,216764,25,,,1,10,,216765,25,,,1,10,,216766,25,,,1,50,,216767,25,,,1,10,,216768,25,,,1,10,,216769,25,,,1,10,,216770,25,,,1,10,,216771,25,,,1,56,,216761,25,,,1,18,,216742,25,,,1,17,,216743,25,,,1,20,,216744,25,,,1,60,,216745,25,,,1,20,,216746,25,,,1,20,,216747,25,,,1,60,,216748,25,,,1,20,,216749,25,,,1,20,,216750,25,,,1,60,,216751,25,,,1,20,,216752,25,,,1,20,,216753,25,,,1,60,,216754,25,,,1,20,,216755,25,,,1,20,,216756,25,,,1,60,,216757,25,,,1,20,,216758,25,,,1,20,,216759,25,,,1,62,,216760,25,,,1,10,,216779,25,,,1,11,,216726,25,,,1,10,,216780,25,,,1,50,,216727,25,,,1,10,,216728,25,,,1,10,,216729,25,,,1,10,,216730,25,,,1,10,,216731,25,,,1,10,,216732,25,,,1,50,,216733,25,,,1,10,,216734,25,,,1,10,,216735,25,,,1,10,,216736,25,,,1,10,,216737,25,,,1,10,,216738,25,,,1,50,,216739,25,,,1,10,,216740,25,,,1,16,,216741,25,,,1,16,,216725,25,,,1,58,,216713,25,,,1,20,,216778,25,,,1,21,,216716,25,,,1,60,,216717,25,,,1,20,,216718,25,,,1,20,,216719,25,,,1,60,,216720,25,,,1,19,,216721,25,,,1,20,,216722,25,,,1,59,,216723,25,,,1,19,,216724,25,,,1,19,,216776,25,,,1,70,,216777,25,,,1,30,,216714,25,,,1,70,,216715,25,,,1
10801,'108-Weekday-5-26-09-1111100',554,,260244,25,,,1,60,,260245,25,,,1,20,,260246,25,,,1,22,,260247,25,,,1,62,,260234,25,,,1,10,,260235,25,,,1,10,,260236,25,,,1,10,,260237,25,,,1,10,,260238,25,,,1,50,,260239,25,,,1,10,,260240,25,,,1,10,,260241,25,,,1,10,,260242,25,,,1,10,,260243,25,,,1,56,,260233,25,,,1,18,,260214,25,,,1,17,,260215,25,,,1,20,,260216,25,,,1,60,,260217,25,,,1,20,,260218,25,,,1,20,,260219,25,,,1,60,,260220,25,,,1,20,,260221,25,,,1,20,,260222,25,,,1,60,,260223,25,,,1,20,,260224,25,,,1,20,,260225,25,,,1,60,,260226,25,,,1,20,,260227,25,,,1,20,,260228,25,,,1,60,,260229,25,,,1,20,,260230,25,,,1,20,,260231,25,,,1,62,,260232,25,,,1,10,,260251,25,,,1,11,,260198,25,,,1,10,,260252,25,,,1,50,,260199,25,,,1,10,,260200,25,,,1,10,,260201,25,,,1,10,,260202,25,,,1,10,,260203,25,,,1,10,,260204,25,,,1,50,,260205,25,,,1,10,,260206,25,,,1,10,,260207,25,,,1,10,,260208,25,,,1,10,,260209,25,,,1,10,,260210,25,,,1,50,,260211,25,,,1,10,,260212,25,,,1,16,,260213,25,,,1,16,,260197,25,,,1,58,,260185,25,,,1,20,,260250,25,,,1,21,,260188,25,,,1,60,,260189,25,,,1,20,,260190,25,,,1,20,,260191,25,,,1,60,,260192,25,,,1,19,,260193,25,,,1,20,,260194,25,,,1,59,,260195,25,,,1,19,,260196,25,,,1,19,,260248,25,,,1,70,,260249,25,,,1,30,,260186,25,,,1,70,,260187,25,,,1
10801,'108-Weekday-6-26-09-1110100',1524,,260253,25,,,1
10801,'108-Weekday-6-26-09-1111100',554,,260313,25,,,1,60,,260314,25,,,1,20,,260315,25,,,1,22,,260316,25,,,1,62,,260303,25,,,1,10,,260304,25,,,1,10,,260305,25,,,1,10,,260306,25,,,1,10,,260307,25,,,1,50,,260308,25,,,1,10,,260309,25,,,1,10,,260310,25,,,1,10,,260311,25,,,1,10,,260312,25,,,1,56,,260302,25,,,1,18,,260283,25,,,1,17,,260284,25,,,1,20,,260285,25,,,1,60,,260286,25,,,1,20,,260287,25,,,1,20,,260288,25,,,1,60,,260289,25,,,1,20,,260290,25,,,1,20,,260291,25,,,1,60,,260292,25,,,1,20,,260293,25,,,1,20,,260294,25,,,1,60,,260295,25,,,1,20,,260296,25,,,1,20,,260297,25,,,1,60,,260298,25,,,1,20,,260299,25,,,1,20,,260300,25,,,1,62,,260301,25,,,1,10,,260320,25,,,1,11,,260267,25,,,1,10,,260321,25,,,1,50,,260268,25,,,1,10,,260269,25,,,1,10,,260270,25,,,1,10,,260271,25,,,1,10,,260272,25,,,1,10,,260273,25,,,1,50,,260274,25,,,1,10,,260275,25,,,1,10,,260276,25,,,1,10,,260277,25,,,1,10,,260278,25,,,1,10,,260279,25,,,1,50,,260280,25,,,1,10,,260281,25,,,1,16,,260282,25,,,1,16,,260266,25,,,1,58,,260254,25,,,1,20,,260319,25,,,1,21,,260257,25,,,1,60,,260258,25,,,1,20,,260259,25,,,1,20,,260260,25,,,1,60,,260261,25,,,1,19,,260262,25,,,1,20,,260263,25,,,1,59,,260264,25,,,1,19,,260265,25,,,1,19,,260317,25,,,1,70,,260318,25,,,1,30,,260255,25,,,1,70,,260256,25,,,1
10801,'108-Weekday-7-26-09-1111100',554,,260381,25,,,1,60,,260382,25,,,1,20,,260383,25,,,1,22,,260384,25,,,1,62,,260371,25,,,1,10,,260372,25,,,1,10,,260373,25,,,1,10,,260374,25,,,1,10,,260375,25,,,1,50,,260376,25,,,1,10,,260377,25,,,1,10,,260378,25,,,1,10,,260379,25,,,1,10,,260380,25,,,1,56,,260370,25,,,1,18,,260351,25,,,1,17,,260352,25,,,1,20,,260353,25,,,1,60,,260354,25,,,1,20,,260355,25,,,1,20,,260356,25,,,1,60,,260357,25,,,1,20,,260358,25,,,1,20,,260359,25,,,1,60,,260360,25,,,1,20,,260361,25,,,1,20,,260362,25,,,1,60,,260363,25,,,1,20,,260364,25,,,1,20,,260365,25,,,1,60,,260366,25,,,1,20,,260367,25,,,1,20,,260368,25,,,1,62,,260369,25,,,1,10,,260388,25,,,1,11,,260335,25,,,1,10,,260389,25,,,1,50,,260336,25,,,1,10,,260337,25,,,1,10,,260338,25,,,1,10,,260339,25,,,1,10,,260340,25,,,1,10,,260341,25,,,1,50,,260342,25,,,1,10,,260343,25,,,1,10,,260344,25,,,1,10,,260345,25,,,1,10,,260346,25,,,1,10,,260347,25,,,1,50,,260348,25,,,1,10,,260349,25,,,1,16,,260350,25,,,1,16,,260334,25,,,1,58,,260322,25,,,1,20,,260387,25,,,1,21,,260325,25,,,1,60,,260326,25,,,1,20,,260327,25,,,1,20,,260328,25,,,1,60,,260329,25,,,1,19,,260330,25,,,1,20,,260331,25,,,1,59,,260332,25,,,1,19,,260333,25,,,1,19,,260385,25,,,1,70,,260386,25,,,1,30,,260323,25,,,1,70,,260324,25,,,1
10801,'108-Saturday-1-26-09-0000010',548,,216781,25,,,1,70,,216782,25,,,1,30,,216783,25,,,1,70,,216784,25,,,1,30,,216785,25,,,1,70,,216786,25,,,1,30,,216787,25,,,1,69,,216788,25,,,1,30,,216789,25,,,1,70,,216790,25,,,1,30,,216791,25,,,1,70,,216792,25,,,1,30,,216793,25,,,1,70,,216794,25,,,1,30,,216795,25,,,1,70,,216796,25,,,1,30,,216797,25,,,1,70,,216798,25,,,1,30,,216799,25,,,1,70,,216800,25,,,1,30,,216801,25,,,1,70,,216802,25,,,1,30,,216803,25,,,1,71,,216804,25,,,1,30,,216805,25,,,1,70,,216806,25,,,1,30,,216807,25,,,1,70,,216817,25,,,1,30,,216808,25,,,1,70,,216809,25,,,1,30,,216810,25,,,1,70,,216811,25,,,1,30,,216812,25,,,1,70,,216813,25,,,1,30,,216814,25,,,1,70,,216815,25,,,1,30,,216816,25,,,1
10801,'108-Sunday-1-26-09-0000001',603,,216818,25,,,1,30,,216819,25,,,1,67,,216820,25,,,1,30,,216821,25,,,1,70,,216822,25,,,1,29,,216823,25,,,1,72,,216824,25,,,1,30,,216825,25,,,1,70,,216826,25,,,1,30,,216827,25,,,1,70,,216828,25,,,1,30,,216829,25,,,1,70,,216830,25,,,1,30,,216831,25,,,1,70,,216832,25,,,1,30,,216833,25,,,1,70,,216834,25,,,1,30,,216835,25,,,1,70,,216836,25,,,1,30,,216837,25,,,1,70,,216838,25,,,1,30,,216839,25,,,1,28,,216840,25,,,1,70,,216841,25,,,1,30,,216842,25,,,1,70,,216843,25,,,1,30,,216844,25,,,1,70,,216845,25,,,1,30,,216846,25,,,1,70,,216847,25,,,1,30,,216848,25,,,1,70,,216849,25,,,1,30,,216850,25,,,1,70,,216851,25,,,1,30,,216852,25,,,1,70,,216853,25,,,1,73,,216854,25,,,1
62701,'627-Weekday-1-26-09-1111100',842,,227564,23,,,1
62701,'627-Weekday-3-26-09-1111100',842,,227565,23,,,1
62701,'627-Weekday-7-26-09-1111100',842,,270394,23,,,1
