5401,'054-Weekday-1-26-09-1111100',525,,212410,31,,,1,30,,212411,31,,,1,55,,212412,31,,,1,15,,212460,31,,,1,24,,212453,31,,,1,58,,212454,31,,,1,16,,212455,31,,,1,19,,212456,31,,,1,17,,212457,31,,,1,55,,212458,31,,,1,15,,212459,31,,,1,19,,212413,31,,,1,62,,212414,31,,,1,20,,212415,31,,,1,21,,212416,31,,,1,59,,212417,31,,,1,19,,212418,31,,,1,20,,212419,31,,,1,60,,212420,31,,,1,20,,212421,31,,,1,20,,212422,31,,,1,60,,212423,31,,,1,20,,212424,31,,,1,20,,212425,31,,,1,60,,212426,31,,,1,20,,212427,31,,,1,20,,212428,31,,,1,60,,212429,31,,,1,20,,212430,31,,,1,20,,212431,31,,,1,61,,212432,31,,,1,21,,212433,31,,,1,16,,212462,31,,,1,55,,212461,31,,,1,19,,212434,31,,,1,21,,212435,31,,,1,17,,212436,31,,,1,57,,212437,31,,,1,17,,212438,31,,,1,14,,212439,31,,,1,53,,212440,31,,,1,13,,212441,31,,,1,13,,212442,31,,,1,27,,212443,31,,,1,71,,212444,31,,,1,31,,212445,31,,,1,70,,212446,31,,,1,30,,212447,31,,,1,70,,212448,31,,,1,30,,212449,31,,,1,69,,212450,31,,,1,100,,212451,31,,,1,100,,212452,31,,,1
5401,'054-Weekday-2-26-09-1111100',525,,212463,31,,,1,30,,212464,31,,,1,55,,212465,31,,,1,15,,212513,31,,,1,24,,212506,31,,,1,58,,212507,31,,,1,16,,212508,31,,,1,19,,212509,31,,,1,17,,212510,31,,,1,55,,212511,31,,,1,15,,212512,31,,,1,19,,212466,31,,,1,62,,212467,31,,,1,20,,212468,31,,,1,21,,212469,31,,,1,59,,212470,31,,,1,19,,212471,31,,,1,20,,212472,31,,,1,60,,212473,31,,,1,20,,212474,31,,,1,20,,212475,31,,,1,60,,212476,31,,,1,20,,212477,31,,,1,20,,212478,31,,,1,60,,212479,31,,,1,20,,212480,31,,,1,20,,212481,31,,,1,60,,212482,31,,,1,20,,212483,31,,,1,20,,212484,31,,,1,61,,212485,31,,,1,21,,212486,31,,,1,16,,212515,31,,,1,55,,212514,31,,,1,19,,212487,31,,,1,21,,212488,31,,,1,17,,212489,31,,,1,57,,212490,31,,,1,17,,212491,31,,,1,14,,212492,31,,,1,53,,212493,31,,,1,13,,212494,31,,,1,13,,212495,31,,,1,27,,212496,31,,,1,71,,212497,31,,,1,31,,212498,31,,,1,70,,212499,31,,,1,30,,212500,31,,,1,70,,212501,31,,,1,30,,212502,31,,,1,69,,212503,31,,,1,100,,212504,31,,,1,100,,212505,31,,,1
5401,'054-Weekday-4-26-09-1111100',525,,212516,31,,,1,30,,212517,31,,,1,55,,212518,31,,,1,15,,212566,31,,,1,24,,212559,31,,,1,58,,212560,31,,,1,16,,212561,31,,,1,19,,212562,31,,,1,17,,212563,31,,,1,55,,212564,31,,,1,15,,212565,31,,,1,19,,212519,31,,,1,62,,212520,31,,,1,20,,212521,31,,,1,21,,212522,31,,,1,59,,212523,31,,,1,19,,212524,31,,,1,20,,212525,31,,,1,60,,212526,31,,,1,20,,212527,31,,,1,20,,212528,31,,,1,60,,212529,31,,,1,20,,212530,31,,,1,20,,212531,31,,,1,60,,212532,31,,,1,20,,212533,31,,,1,20,,212534,31,,,1,60,,212535,31,,,1,20,,212536,31,,,1,20,,212537,31,,,1,61,,212538,31,,,1,21,,212539,31,,,1,16,,212568,31,,,1,55,,212567,31,,,1,19,,212540,31,,,1,21,,212541,31,,,1,17,,212542,31,,,1,57,,212543,31,,,1,17,,212544,31,,,1,14,,212545,31,,,1,53,,212546,31,,,1,13,,212547,31,,,1,13,,212548,31,,,1,27,,212549,31,,,1,71,,212550,31,,,1,31,,212551,31,,,1,70,,212552,31,,,1,30,,212553,31,,,1,70,,212554,31,,,1,30,,212555,31,,,1,69,,212556,31,,,1,100,,212557,31,,,1,100,,212558,31,,,1
5401,'054-Weekday-8-26-09-1111100',525,,246729,31,,,1,30,,246730,31,,,1,55,,246731,31,,,1,15,,246779,31,,,1,24,,246772,31,,,1,58,,246773,31,,,1,16,,246774,31,,,1,19,,246775,31,,,1,17,,246776,31,,,1,55,,246777,31,,,1,15,,246778,31,,,1,19,,246732,31,,,1,62,,246733,31,,,1,20,,246734,31,,,1,21,,246735,31,,,1,59,,246736,31,,,1,19,,246737,31,,,1,20,,246738,31,,,1,60,,246739,31,,,1,20,,246740,31,,,1,20,,246741,31,,,1,60,,246742,31,,,1,20,,246743,31,,,1,20,,246744,31,,,1,60,,246745,31,,,1,20,,246746,31,,,1,20,,246747,31,,,1,60,,246748,31,,,1,20,,246749,31,,,1,20,,246750,31,,,1,61,,246751,31,,,1,21,,246752,31,,,1,16,,246781,31,,,1,55,,246780,31,,,1,19,,246753,31,,,1,21,,246754,31,,,1,17,,246755,31,,,1,57,,246756,31,,,1,17,,246757,31,,,1,14,,246758,31,,,1,53,,246759,31,,,1,13,,246760,31,,,1,13,,246761,31,,,1,27,,246762,31,,,1,71,,246763,31,,,1,31,,246764,31,,,1,70,,246765,31,,,1,30,,246766,31,,,1,70,,246767,31,,,1,30,,246768,31,,,1,69,,246769,31,,,1,100,,246770,31,,,1,100,,246771,31,,,1
5401,'054-Weekday-9-26-09-1111100',525,,246782,31,,,1,30,,246783,31,,,1,55,,246784,31,,,1,15,,246832,31,,,1,24,,246825,31,,,1,58,,246826,31,,,1,16,,246827,31,,,1,19,,246828,31,,,1,17,,246829,31,,,1,55,,246830,31,,,1,15,,246831,31,,,1,19,,246785,31,,,1,62,,246786,31,,,1,20,,246787,31,,,1,21,,246788,31,,,1,59,,246789,31,,,1,19,,246790,31,,,1,20,,246791,31,,,1,60,,246792,31,,,1,20,,246793,31,,,1,20,,246794,31,,,1,60,,246795,31,,,1,20,,246796,31,,,1,20,,246797,31,,,1,60,,246798,31,,,1,20,,246799,31,,,1,20,,246800,31,,,1,60,,246801,31,,,1,20,,246802,31,,,1,20,,246803,31,,,1,61,,246804,31,,,1,21,,246805,31,,,1,16,,246834,31,,,1,55,,246833,31,,,1,19,,246806,31,,,1,21,,246807,31,,,1,17,,246808,31,,,1,57,,246809,31,,,1,17,,246810,31,,,1,14,,246811,31,,,1,53,,246812,31,,,1,13,,246813,31,,,1,13,,246814,31,,,1,27,,246815,31,,,1,71,,246816,31,,,1,31,,246817,31,,,1,70,,246818,31,,,1,30,,246819,31,,,1,70,,246820,31,,,1,30,,246821,31,,,1,69,,246822,31,,,1,100,,246823,31,,,1,100,,246824,31,,,1
5401,'054-Saturday-1-26-09-0000010',626,,212569,31,,,1,30,,212570,31,,,1,70,,212571,31,,,1,30,,212572,31,,,1,70,,212573,31,,,1,23,,212574,31,,,1,63,,212575,31,,,1,24,,212576,31,,,1,20,,212577,31,,,1,60,,212578,31,,,1,20,,212579,31,,,1,20,,212580,31,,,1,60,,212581,31,,,1,20,,212582,31,,,1,20,,212583,31,,,1,60,,212584,31,,,1,20,,212585,31,,,1,20,,212586,31,,,1,60,,212587,31,,,1,20,,212588,31,,,1,20,,212589,31,,,1,60,,212590,31,,,1,20,,212591,31,,,1,20,,212592,31,,,1,60,,212593,31,,,1,20,,212594,31,,,1,20,,212595,31,,,1,60,,212596,31,,,1,20,,212597,31,,,1,20,,212598,31,,,1,61,,212599,31,,,1,21,,212600,31,,,1,20,,212601,31,,,1,60,,212602,31,,,1,20,,212603,31,,,1,20,,212604,31,,,1,60,,212605,31,,,1,20,,212606,31,,,1,20,,212607,31,,,1,60,,212608,31,,,1,20,,212609,31,,,1,20,,212610,31,,,1,60,,212611,31,,,1,20,,212612,31,,,1,20,,212613,31,,,1,70,,212614,31,,,1,100,,212615,31,,,1,100,,212616,31,,,1
5401,'054-Saturday-2-26-09-0000010',626,,246835,31,,,1,30,,246836,31,,,1,70,,246837,31,,,1,30,,246838,31,,,1,70,,246839,31,,,1,23,,246840,31,,,1,63,,246841,31,,,1,24,,246842,31,,,1,20,,246843,31,,,1,60,,246844,31,,,1,20,,246845,31,,,1,20,,246846,31,,,1,60,,246847,31,,,1,20,,246848,31,,,1,20,,246849,31,,,1,60,,246850,31,,,1,20,,246851,31,,,1,20,,246852,31,,,1,60,,246853,31,,,1,20,,246854,31,,,1,20,,246855,31,,,1,60,,246856,31,,,1,20,,246857,31,,,1,20,,246858,31,,,1,60,,246859,31,,,1,20,,246860,31,,,1,20,,246861,31,,,1,60,,246862,31,,,1,20,,246863,31,,,1,20,,246864,31,,,1,61,,246865,31,,,1,21,,246866,31,,,1,20,,246867,31,,,1,60,,246868,31,,,1,20,,246869,31,,,1,20,,246870,31,,,1,60,,246871,31,,,1,20,,246872,31,,,1,20,,246873,31,,,1,60,,246874,31,,,1,20,,246875,31,,,1,20,,246876,31,,,1,60,,246877,31,,,1,20,,246878,31,,,1,20,,246879,31,,,1,70,,246880,31,,,1,100,,246881,31,,,1,100,,246882,31,,,1
5401,'054-Sunday-1-26-09-0000001',628,,212659,31,,,1,30,,212660,31,,,1,70,,212617,31,,,1,30,,212618,31,,,1,70,,212619,31,,,1,30,,212620,31,,,1,72,,212621,31,,,1,70,,212622,31,,,1,30,,212623,31,,,1,20,,212624,31,,,1,60,,212625,31,,,1,20,,212626,31,,,1,20,,212627,31,,,1,60,,212628,31,,,1,20,,212629,31,,,1,20,,212630,31,,,1,60,,212631,31,,,1,20,,212632,31,,,1,20,,212633,31,,,1,60,,212634,31,,,1,20,,212635,31,,,1,20,,212636,31,,,1,60,,212637,31,,,1,20,,212638,31,,,1,20,,212639,31,,,1,60,,212640,31,,,1,20,,212641,31,,,1,20,,212642,31,,,1,60,,212643,31,,,1,21,,212644,31,,,1,20,,212645,31,,,1,60,,212646,31,,,1,20,,212647,31,,,1,20,,212648,31,,,1,60,,212649,31,,,1,20,,212650,31,,,1,70,,212651,31,,,1,30,,212652,31,,,1,70,,212653,31,,,1,30,,212654,31,,,1,70,,212655,31,,,1,30,,212656,31,,,1,100,,212657,31,,,1,100,,212658,31,,,1
5401,'054-Sunday-2-26-09-0000001',628,,246925,31,,,1,30,,246926,31,,,1,70,,246883,31,,,1,30,,246884,31,,,1,70,,246885,31,,,1,30,,246886,31,,,1,72,,246887,31,,,1,70,,246888,31,,,1,30,,246889,31,,,1,20,,246890,31,,,1,60,,246891,31,,,1,20,,246892,31,,,1,20,,246893,31,,,1,60,,246894,31,,,1,20,,246895,31,,,1,20,,246896,31,,,1,60,,246897,31,,,1,20,,246898,31,,,1,20,,246899,31,,,1,60,,246900,31,,,1,20,,246901,31,,,1,20,,246902,31,,,1,60,,246903,31,,,1,20,,246904,31,,,1,20,,246905,31,,,1,60,,246906,31,,,1,20,,246907,31,,,1,20,,246908,31,,,1,60,,246909,31,,,1,21,,246910,31,,,1,20,,246911,31,,,1,60,,246912,31,,,1,20,,246913,31,,,1,20,,246914,31,,,1,60,,246915,31,,,1,20,,246916,31,,,1,70,,246917,31,,,1,30,,246918,31,,,1,70,,246919,31,,,1,30,,246920,31,,,1,70,,246921,31,,,1,30,,246922,31,,,1,100,,246923,31,,,1,100,,246924,31,,,1
5401,'054-Sunday-3-26-09-0000001',628,,246969,31,,,1,30,,246970,31,,,1,70,,246927,31,,,1,30,,246928,31,,,1,70,,246929,31,,,1,30,,246930,31,,,1,72,,246931,31,,,1,70,,246932,31,,,1,30,,246933,31,,,1,20,,246934,31,,,1,60,,246935,31,,,1,20,,246936,31,,,1,20,,246937,31,,,1,60,,246938,31,,,1,20,,246939,31,,,1,20,,246940,31,,,1,60,,246941,31,,,1,20,,246942,31,,,1,20,,246943,31,,,1,60,,246944,31,,,1,20,,246945,31,,,1,20,,246946,31,,,1,60,,246947,31,,,1,20,,246948,31,,,1,20,,246949,31,,,1,60,,246950,31,,,1,20,,246951,31,,,1,20,,246952,31,,,1,60,,246953,31,,,1,21,,246954,31,,,1,20,,246955,31,,,1,60,,246956,31,,,1,20,,246957,31,,,1,20,,246958,31,,,1,60,,246959,31,,,1,20,,246960,31,,,1,70,,246961,31,,,1,30,,246962,31,,,1,70,,246963,31,,,1,30,,246964,31,,,1,70,,246965,31,,,1,30,,246966,31,,,1,100,,246967,31,,,1,100,,246968,31,,,1
90501,'905-Weekday-1-26-09-1111100',540,,237774,19,,,1,70,,237775,19,,,1,30,,237776,19,,,1,70,,237777,19,,,1,30,,237778,19,,,1,70,,237779,19,,,1,30,,237780,19,,,1,70,,237781,19,,,1,527,,237782,19,,,1,70,,237783,19,,,1,30,,237784,19,,,1,70,,237785,19,,,1,30,,237786,19,,,1,70,,237787,19,,,1,30,,237788,19,,,1,70,,237789,19,,,1
90501,'905-Weekday-2-26-09-1111100',540,,237790,19,,,1,70,,237791,19,,,1,30,,237792,19,,,1,70,,237793,19,,,1,30,,237794,19,,,1,70,,237795,19,,,1,30,,237796,19,,,1,70,,237797,19,,,1,527,,237798,19,,,1,70,,237799,19,,,1,30,,237800,19,,,1,70,,237801,19,,,1,30,,237802,19,,,1,70,,237803,19,,,1,30,,237804,19,,,1,70,,237805,19,,,1
90501,'905-Weekday-4-26-09-1111100',540,,237806,19,,,1,70,,237807,19,,,1,30,,237808,19,,,1,70,,237809,19,,,1,30,,237810,19,,,1,70,,237811,19,,,1,30,,237812,19,,,1,70,,237813,19,,,1,527,,237814,19,,,1,70,,237815,19,,,1,30,,237816,19,,,1,70,,237817,19,,,1,30,,237818,19,,,1,70,,237819,19,,,1,30,,237820,19,,,1,70,,237821,19,,,1
