70901,'709-Weekday-1-26-09-0001000',1418,,231166,2,,,1,2,,231167,2,,,1,2,,231168,2,,,1
70901,'709-Weekday-1-26-09-1110100',1517,,231170,2,,,1,2,,231169,2,,,1,2,,231171,2,,,1
70901,'709-Weekday-1-26-09-1111100',521,,231172,6,,,1,20,,231173,6,,,1,60,,231177,6,,,1,20,,231196,6,,,1,16,,231197,6,,,1,15,,231226,6,,,1,55,,231198,6,,,1,15,,231199,6,,,1,15,,231200,6,,,1,15,,231227,6,,,1,55,,231201,6,,,1,15,,231202,6,,,1,15,,231203,6,,,1,15,,231228,6,,,1,55,,231204,6,,,1,11,,231207,6,,,1,15,,231208,6,,,1,15,,231229,6,,,1,55,,231209,6,,,1,15,,231210,6,,,1,15,,231211,6,,,1,15,,231230,6,,,1,55,,231212,6,,,1,15,,231213,6,,,1,15,,231214,6,,,1,15,,231231,6,,,1,55,,231215,6,,,1,15,,231216,6,,,1,15,,231217,6,,,1,15,,231232,6,,,1,55,,231218,6,,,1,15,,231219,6,,,1,15,,231220,6,,,1,15,,231233,6,,,1,55,,231221,6,,,1,15,,231222,6,,,1,15,,231223,6,,,1,15,,231225,6,,,1,10,,231174,6,,,1,51,,231175,6,,,1,10,,231176,6,,,1,8,,231243,5,,,1,2,,231178,6,,,1,1,,231244,5,,,1,9,,231180,6,,,1,10,,231179,6,,,1,10,,231234,6,,,1,52,,231235,6,,,1,12,,231236,6,,,1,12,,231237,6,,,1,12,,231238,6,,,1,12,,231239,6,,,1,52,,231240,6,,,1,12,,231241,6,,,1,12,,231242,6,,,1,21,,231189,6,,,1,60,,231188,6,,,1,18,,231187,6,,,1,20,,231186,6,,,1,60,,231185,6,,,1,20,,231184,6,,,1,20,,231183,6,,,1,60,,231182,6,,,1,20,,231181,6,,,1,20,,231192,6,,,1,60,,231193,6,,,1,20,,231194,6,,,1,69,,231224,6,,,1,30,,231195,6,,,1,70,,231190,6,,,1,30,,231206,6,,,1,70,,231205,6,,,1,30,,231191,6,,,1
70901,'709-Weekday-2-26-09-1110100',1517,,231246,2,,,1,2,,231245,2,,,1,2,,231247,2,,,1
70901,'709-Weekday-2-26-09-1111100',521,,231248,6,,,1,20,,231249,6,,,1,60,,231253,6,,,1,20,,231272,6,,,1,16,,231273,6,,,1,15,,231302,6,,,1,55,,231274,6,,,1,15,,231275,6,,,1,15,,231276,6,,,1,15,,231303,6,,,1,55,,231277,6,,,1,15,,231278,6,,,1,15,,231279,6,,,1,15,,231304,6,,,1,55,,231280,6,,,1,11,,231283,6,,,1,15,,231284,6,,,1,15,,231305,6,,,1,55,,231285,6,,,1,15,,231286,6,,,1,15,,231287,6,,,1,15,,231306,6,,,1,55,,231288,6,,,1,15,,231289,6,,,1,15,,231290,6,,,1,15,,231307,6,,,1,55,,231291,6,,,1,15,,231292,6,,,1,15,,231293,6,,,1,15,,231308,6,,,1,55,,231294,6,,,1,15,,231295,6,,,1,15,,231296,6,,,1,15,,231309,6,,,1,55,,231297,6,,,1,15,,231298,6,,,1,15,,231299,6,,,1,15,,231301,6,,,1,10,,231250,6,,,1,51,,231251,6,,,1,10,,231252,6,,,1,8,,231319,5,,,1,2,,231254,6,,,1,1,,231320,5,,,1,9,,231256,6,,,1,10,,231255,6,,,1,10,,231310,6,,,1,52,,231311,6,,,1,12,,231312,6,,,1,12,,231313,6,,,1,12,,231314,6,,,1,12,,231315,6,,,1,52,,231316,6,,,1,12,,231317,6,,,1,12,,231318,6,,,1,21,,231265,6,,,1,60,,231264,6,,,1,18,,231263,6,,,1,20,,231262,6,,,1,60,,231261,6,,,1,20,,231260,6,,,1,20,,231259,6,,,1,60,,231258,6,,,1,20,,231257,6,,,1,20,,231268,6,,,1,60,,231269,6,,,1,20,,231270,6,,,1,69,,231300,6,,,1,30,,231271,6,,,1,70,,231266,6,,,1,30,,231282,6,,,1,70,,231281,6,,,1,30,,231267,6,,,1
70901,'709-Weekday-3-26-09-1111100',521,,273868,6,,,1,20,,273869,6,,,1,60,,273873,6,,,1,20,,273892,6,,,1,16,,273893,6,,,1,15,,273922,6,,,1,55,,273894,6,,,1,15,,273895,6,,,1,15,,273896,6,,,1,15,,273923,6,,,1,55,,273897,6,,,1,15,,273898,6,,,1,15,,273899,6,,,1,15,,273924,6,,,1,55,,273900,6,,,1,11,,273903,6,,,1,15,,273904,6,,,1,15,,273925,6,,,1,55,,273905,6,,,1,15,,273906,6,,,1,15,,273907,6,,,1,15,,273926,6,,,1,55,,273908,6,,,1,15,,273909,6,,,1,15,,273910,6,,,1,15,,273927,6,,,1,55,,273911,6,,,1,15,,273912,6,,,1,15,,273913,6,,,1,15,,273928,6,,,1,55,,273914,6,,,1,15,,273915,6,,,1,15,,273916,6,,,1,15,,273929,6,,,1,55,,273917,6,,,1,15,,273918,6,,,1,15,,273919,6,,,1,15,,273921,6,,,1,10,,273870,6,,,1,51,,273871,6,,,1,10,,273872,6,,,1,10,,273874,6,,,1,10,,273876,6,,,1,10,,273875,6,,,1,10,,273930,6,,,1,52,,273931,6,,,1,12,,273932,6,,,1,12,,273933,6,,,1,12,,273934,6,,,1,12,,273935,6,,,1,52,,273936,6,,,1,12,,273937,6,,,1,12,,273938,6,,,1,21,,273885,6,,,1,60,,273884,6,,,1,18,,273883,6,,,1,20,,273882,6,,,1,60,,273881,6,,,1,20,,273880,6,,,1,20,,273879,6,,,1,60,,273878,6,,,1,20,,273877,6,,,1,20,,273888,6,,,1,60,,273889,6,,,1,20,,273890,6,,,1,69,,273920,6,,,1,30,,273891,6,,,1,70,,273886,6,,,1,30,,273902,6,,,1,70,,273901,6,,,1,30,,273887,6,,,1
70901,'709-Weekday-4-26-09-1111100',521,,231321,6,,,1,20,,231322,6,,,1,60,,231326,6,,,1,20,,231345,6,,,1,16,,231346,6,,,1,15,,231375,6,,,1,55,,231347,6,,,1,15,,231348,6,,,1,15,,231349,6,,,1,15,,231376,6,,,1,55,,231350,6,,,1,15,,231351,6,,,1,15,,231352,6,,,1,15,,231377,6,,,1,55,,231353,6,,,1,11,,231356,6,,,1,15,,231357,6,,,1,15,,231378,6,,,1,55,,231358,6,,,1,15,,231359,6,,,1,15,,231360,6,,,1,15,,231379,6,,,1,55,,231361,6,,,1,15,,231362,6,,,1,15,,231363,6,,,1,15,,231380,6,,,1,55,,231364,6,,,1,15,,231365,6,,,1,15,,231366,6,,,1,15,,231381,6,,,1,55,,231367,6,,,1,15,,231368,6,,,1,15,,231369,6,,,1,15,,231382,6,,,1,55,,231370,6,,,1,15,,231371,6,,,1,15,,231372,6,,,1,15,,231374,6,,,1,10,,231323,6,,,1,51,,231324,6,,,1,10,,231325,6,,,1,10,,231327,6,,,1,10,,231329,6,,,1,10,,231328,6,,,1,10,,231383,6,,,1,52,,231384,6,,,1,12,,231385,6,,,1,12,,231386,6,,,1,12,,231387,6,,,1,12,,231388,6,,,1,52,,231389,6,,,1,12,,231390,6,,,1,12,,231391,6,,,1,21,,231338,6,,,1,60,,231337,6,,,1,18,,231336,6,,,1,20,,231335,6,,,1,60,,231334,6,,,1,20,,231333,6,,,1,20,,231332,6,,,1,60,,231331,6,,,1,20,,231330,6,,,1,20,,231341,6,,,1,60,,231342,6,,,1,20,,231343,6,,,1,69,,231373,6,,,1,30,,231344,6,,,1,70,,231339,6,,,1,30,,231355,6,,,1,70,,231354,6,,,1,30,,231340,6,,,1
70901,'709-Weekday-5-26-09-1111100',521,,273939,6,,,1,20,,273940,6,,,1,60,,273944,6,,,1,20,,273963,6,,,1,16,,273964,6,,,1,15,,273993,6,,,1,55,,273965,6,,,1,15,,273966,6,,,1,15,,273967,6,,,1,15,,273994,6,,,1,55,,273968,6,,,1,15,,273969,6,,,1,15,,273970,6,,,1,15,,273995,6,,,1,55,,273971,6,,,1,11,,273974,6,,,1,15,,273975,6,,,1,15,,273996,6,,,1,55,,273976,6,,,1,15,,273977,6,,,1,15,,273978,6,,,1,15,,273997,6,,,1,55,,273979,6,,,1,15,,273980,6,,,1,15,,273981,6,,,1,15,,273998,6,,,1,55,,273982,6,,,1,15,,273983,6,,,1,15,,273984,6,,,1,15,,273999,6,,,1,55,,273985,6,,,1,15,,273986,6,,,1,15,,273987,6,,,1,15,,274000,6,,,1,55,,273988,6,,,1,15,,273989,6,,,1,15,,273990,6,,,1,15,,273992,6,,,1,10,,273941,6,,,1,51,,273942,6,,,1,10,,273943,6,,,1,10,,273945,6,,,1,10,,273947,6,,,1,10,,273946,6,,,1,10,,274001,6,,,1,52,,274002,6,,,1,12,,274003,6,,,1,12,,274004,6,,,1,12,,274005,6,,,1,12,,274006,6,,,1,52,,274007,6,,,1,12,,274008,6,,,1,12,,274009,6,,,1,21,,273956,6,,,1,60,,273955,6,,,1,18,,273954,6,,,1,20,,273953,6,,,1,60,,273952,6,,,1,20,,273951,6,,,1,20,,273950,6,,,1,60,,273949,6,,,1,20,,273948,6,,,1,20,,273959,6,,,1,60,,273960,6,,,1,20,,273961,6,,,1,69,,273991,6,,,1,30,,273962,6,,,1,70,,273957,6,,,1,30,,273973,6,,,1,70,,273972,6,,,1,30,,273958,6,,,1
70901,'709-Weekday-6-26-09-1110100',1517,,274011,2,,,1,2,,274010,2,,,1,2,,274012,2,,,1
70901,'709-Weekday-6-26-09-1111100',521,,274013,6,,,1,20,,274014,6,,,1,60,,274018,6,,,1,20,,274037,6,,,1,16,,274038,6,,,1,15,,274067,6,,,1,55,,274039,6,,,1,15,,274040,6,,,1,15,,274041,6,,,1,15,,274068,6,,,1,55,,274042,6,,,1,15,,274043,6,,,1,15,,274044,6,,,1,15,,274069,6,,,1,55,,274045,6,,,1,11,,274048,6,,,1,15,,274049,6,,,1,15,,274070,6,,,1,55,,274050,6,,,1,15,,274051,6,,,1,15,,274052,6,,,1,15,,274071,6,,,1,55,,274053,6,,,1,15,,274054,6,,,1,15,,274055,6,,,1,15,,274072,6,,,1,55,,274056,6,,,1,15,,274057,6,,,1,15,,274058,6,,,1,15,,274073,6,,,1,55,,274059,6,,,1,15,,274060,6,,,1,15,,274061,6,,,1,15,,274074,6,,,1,55,,274062,6,,,1,15,,274063,6,,,1,15,,274064,6,,,1,15,,274066,6,,,1,10,,274015,6,,,1,51,,274016,6,,,1,10,,274017,6,,,1,8,,274084,5,,,1,2,,274019,6,,,1,1,,274085,5,,,1,9,,274021,6,,,1,10,,274020,6,,,1,10,,274075,6,,,1,52,,274076,6,,,1,12,,274077,6,,,1,12,,274078,6,,,1,12,,274079,6,,,1,12,,274080,6,,,1,52,,274081,6,,,1,12,,274082,6,,,1,12,,274083,6,,,1,21,,274030,6,,,1,60,,274029,6,,,1,18,,274028,6,,,1,20,,274027,6,,,1,60,,274026,6,,,1,20,,274025,6,,,1,20,,274024,6,,,1,60,,274023,6,,,1,20,,274022,6,,,1,20,,274033,6,,,1,60,,274034,6,,,1,20,,274035,6,,,1,69,,274065,6,,,1,30,,274036,6,,,1,70,,274031,6,,,1,30,,274047,6,,,1,70,,274046,6,,,1,30,,274032,6,,,1
70901,'709-Weekday-7-26-09-1111100',521,,274086,6,,,1,20,,274087,6,,,1,60,,274091,6,,,1,20,,274110,6,,,1,16,,274111,6,,,1,15,,274140,6,,,1,55,,274112,6,,,1,15,,274113,6,,,1,15,,274114,6,,,1,15,,274141,6,,,1,55,,274115,6,,,1,15,,274116,6,,,1,15,,274117,6,,,1,15,,274142,6,,,1,55,,274118,6,,,1,11,,274121,6,,,1,15,,274122,6,,,1,15,,274143,6,,,1,55,,274123,6,,,1,15,,274124,6,,,1,15,,274125,6,,,1,15,,274144,6,,,1,55,,274126,6,,,1,15,,274127,6,,,1,15,,274128,6,,,1,15,,274145,6,,,1,55,,274129,6,,,1,15,,274130,6,,,1,15,,274131,6,,,1,15,,274146,6,,,1,55,,274132,6,,,1,15,,274133,6,,,1,15,,274134,6,,,1,15,,274147,6,,,1,55,,274135,6,,,1,15,,274136,6,,,1,15,,274137,6,,,1,15,,274139,6,,,1,10,,274088,6,,,1,51,,274089,6,,,1,10,,274090,6,,,1,10,,274092,6,,,1,10,,274094,6,,,1,10,,274093,6,,,1,10,,274148,6,,,1,52,,274149,6,,,1,12,,274150,6,,,1,12,,274151,6,,,1,12,,274152,6,,,1,12,,274153,6,,,1,52,,274154,6,,,1,12,,274155,6,,,1,12,,274156,6,,,1,21,,274103,6,,,1,60,,274102,6,,,1,18,,274101,6,,,1,20,,274100,6,,,1,60,,274099,6,,,1,20,,274098,6,,,1,20,,274097,6,,,1,60,,274096,6,,,1,20,,274095,6,,,1,20,,274106,6,,,1,60,,274107,6,,,1,20,,274108,6,,,1,69,,274138,6,,,1,30,,274109,6,,,1,70,,274104,6,,,1,30,,274120,6,,,1,70,,274119,6,,,1,30,,274105,6,,,1
70901,'709-Weekday-8-26-09-0000100',1220,,274157,5,,,1
70901,'709-Weekday-8-26-09-1110100',1517,,274159,2,,,1,2,,274158,2,,,1,2,,274160,2,,,1
70901,'709-Weekday-8-26-09-1111100',521,,274161,6,,,1,20,,274162,6,,,1,60,,274166,6,,,1,20,,274185,6,,,1,16,,274186,6,,,1,15,,274215,6,,,1,55,,274187,6,,,1,15,,274188,6,,,1,15,,274189,6,,,1,15,,274216,6,,,1,55,,274190,6,,,1,15,,274191,6,,,1,15,,274192,6,,,1,15,,274217,6,,,1,55,,274193,6,,,1,11,,274196,6,,,1,15,,274197,6,,,1,15,,274218,6,,,1,55,,274198,6,,,1,15,,274199,6,,,1,15,,274200,6,,,1,15,,274219,6,,,1,55,,274201,6,,,1,15,,274202,6,,,1,15,,274203,6,,,1,15,,274220,6,,,1,55,,274204,6,,,1,15,,274205,6,,,1,15,,274206,6,,,1,15,,274221,6,,,1,55,,274207,6,,,1,15,,274208,6,,,1,15,,274209,6,,,1,15,,274222,6,,,1,55,,274210,6,,,1,15,,274211,6,,,1,15,,274212,6,,,1,15,,274214,6,,,1,10,,274163,6,,,1,51,,274164,6,,,1,10,,274165,6,,,1,8,,274232,5,,,1,2,,274167,6,,,1,1,,274233,5,,,1,9,,274169,6,,,1,10,,274168,6,,,1,10,,274223,6,,,1,52,,274224,6,,,1,12,,274225,6,,,1,12,,274226,6,,,1,12,,274227,6,,,1,12,,274228,6,,,1,52,,274229,6,,,1,12,,274230,6,,,1,12,,274231,6,,,1,21,,274178,6,,,1,60,,274177,6,,,1,18,,274176,6,,,1,20,,274175,6,,,1,60,,274174,6,,,1,20,,274173,6,,,1,20,,274172,6,,,1,60,,274171,6,,,1,20,,274170,6,,,1,20,,274181,6,,,1,60,,274182,6,,,1,20,,274183,6,,,1,69,,274213,6,,,1,30,,274184,6,,,1,70,,274179,6,,,1,30,,274195,6,,,1,70,,274194,6,,,1,30,,274180,6,,,1
70901,'709-Saturday-1-26-09-0000010',602,,231392,6,,,1,30,,231393,6,,,1,70,,231394,6,,,1,30,,231395,6,,,1,70,,231396,6,,,1,30,,231397,6,,,1,20,,231398,6,,,1,59,,231399,6,,,1,20,,231400,6,,,1,20,,231401,6,,,1,60,,231402,6,,,1,20,,231403,6,,,1,20,,231404,6,,,1,60,,231405,6,,,1,20,,231406,6,,,1,20,,231407,6,,,1,60,,231408,6,,,1,20,,231410,6,,,1,20,,231411,6,,,1,60,,231412,6,,,1,20,,231409,6,,,1,20,,231413,6,,,1,60,,231414,6,,,1,20,,231415,6,,,1,20,,231416,6,,,1,60,,231417,6,,,1,20,,231418,6,,,1,20,,231419,6,,,1,60,,231420,6,,,1,20,,231421,6,,,1,20,,231422,6,,,1,59,,231423,6,,,1,18,,231424,6,,,1,20,,231425,6,,,1,60,,231426,6,,,1,20,,231427,6,,,1,20,,231428,6,,,1,60,,231429,6,,,1,25,,231430,6,,,1,70,,231431,6,,,1,30,,231432,6,,,1,70,,231433,6,,,1,30,,231434,6,,,1,70,,231435,6,,,1,30,,231436,6,,,1,70,,231437,6,,,1,30,,231438,6,,,1,70,,231439,6,,,1,30,,231440,6,,,1,70,,231441,6,,,1
70901,'709-Sunday-1-26-09-0000001',615,,231442,6,,,1,30,,231443,6,,,1,70,,231444,6,,,1,30,,231445,6,,,1,70,,231446,6,,,1,30,,231447,6,,,1,71,,231448,6,,,1,30,,231449,6,,,1,70,,231450,6,,,1,30,,231451,6,,,1,70,,231452,6,,,1,30,,231453,6,,,1,70,,231454,6,,,1,30,,231455,6,,,1,70,,231456,6,,,1,30,,231457,6,,,1,70,,231458,6,,,1,30,,231459,6,,,1,70,,231460,6,,,1,30,,231461,6,,,1,70,,231462,6,,,1,30,,231463,6,,,1,70,,231464,6,,,1,30,,231465,6,,,1,70,,231466,6,,,1,30,,231468,6,,,1,70,,231469,6,,,1,30,,231470,6,,,1,70,,231467,6,,,1,30,,231471,6,,,1,70,,231472,6,,,1,30,,231473,6,,,1,70,,231474,6,,,1,30,,231475,6,,,1,70,,231476,6,,,1,30,,231477,6,,,1,70,,231478,6,,,1
