5101,'051-Weekday-1-26-09-1111100',535,,211141,20,,,1,70,,211142,20,,,1,32,,211164,20,,,1,22,,211152,20,,,1,50,,211165,20,,,1,10,,211143,20,,,1,10,,211166,20,,,1,10,,211144,20,,,1,10,,211167,20,,,1,10,,211145,20,,,1,47,,211176,20,,,1,3,,211168,20,,,1,10,,211146,20,,,1,5,,211177,20,,,1,5,,211127,20,,,1,10,,211147,20,,,1,13,,211169,20,,,1,52,,211170,20,,,1,11,,211140,20,,,1,20,,211171,20,,,1,20,,211128,20,,,1,60,,211148,20,,,1,8,,211178,20,,,1,12,,211172,20,,,1,20,,211129,20,,,1,60,,211130,20,,,1,20,,211173,20,,,1,20,,211149,20,,,1,60,,211131,20,,,1,20,,211174,20,,,1,20,,211132,20,,,1,60,,211150,20,,,1,20,,211175,20,,,1,20,,211133,20,,,1,60,,211151,20,,,1,20,,211162,20,,,1,70,,211134,20,,,1,30,,211135,20,,,1,71,,211136,20,,,1,30,,211137,20,,,1,70,,211138,20,,,1,30,,211163,20,,,1,70,,211154,20,,,1,29,,211155,20,,,1,69,,211156,20,,,1,30,,211157,20,,,1,70,,211158,20,,,1,30,,211159,20,,,1,70,,211160,20,,,1,30,,211161,20,,,1,70,,211139,20,,,1,100,,211153,20,,,1
5101,'051-Weekday-2-26-09-1111100',535,,211193,20,,,1,70,,211194,20,,,1,32,,211216,20,,,1,22,,211204,20,,,1,50,,211217,20,,,1,10,,211195,20,,,1,10,,211218,20,,,1,10,,211196,20,,,1,10,,211219,20,,,1,10,,211197,20,,,1,47,,211228,20,,,1,3,,211220,20,,,1,10,,211198,20,,,1,5,,211229,20,,,1,5,,211179,20,,,1,10,,211199,20,,,1,13,,211221,20,,,1,52,,211222,20,,,1,11,,211192,20,,,1,20,,211223,20,,,1,20,,211180,20,,,1,60,,211200,20,,,1,8,,211230,20,,,1,12,,211224,20,,,1,20,,211181,20,,,1,60,,211182,20,,,1,20,,211225,20,,,1,20,,211201,20,,,1,60,,211183,20,,,1,20,,211226,20,,,1,20,,211184,20,,,1,60,,211202,20,,,1,20,,211227,20,,,1,20,,211185,20,,,1,60,,211203,20,,,1,20,,211214,20,,,1,70,,211186,20,,,1,30,,211187,20,,,1,71,,211188,20,,,1,30,,211189,20,,,1,70,,211190,20,,,1,30,,211215,20,,,1,70,,211206,20,,,1,29,,211207,20,,,1,69,,211208,20,,,1,30,,211209,20,,,1,70,,211210,20,,,1,30,,211211,20,,,1,70,,211212,20,,,1,30,,211213,20,,,1,70,,211191,20,,,1,100,,211205,20,,,1
5101,'051-Weekday-3-26-09-1111100',535,,254417,20,,,1,70,,254418,20,,,1,32,,254440,20,,,1,22,,254428,20,,,1,50,,254441,20,,,1,10,,254419,20,,,1,10,,254442,20,,,1,10,,254420,20,,,1,10,,254443,20,,,1,10,,254421,20,,,1,47,,254452,20,,,1,3,,254444,20,,,1,10,,254422,20,,,1,5,,254453,20,,,1,5,,254403,20,,,1,10,,254423,20,,,1,13,,254445,20,,,1,52,,254446,20,,,1,11,,254416,20,,,1,20,,254447,20,,,1,20,,254404,20,,,1,60,,254424,20,,,1,8,,254454,20,,,1,12,,254448,20,,,1,20,,254405,20,,,1,60,,254406,20,,,1,20,,254449,20,,,1,20,,254425,20,,,1,60,,254407,20,,,1,20,,254450,20,,,1,20,,254408,20,,,1,60,,254426,20,,,1,20,,254451,20,,,1,20,,254409,20,,,1,60,,254427,20,,,1,20,,254438,20,,,1,70,,254410,20,,,1,30,,254411,20,,,1,71,,254412,20,,,1,30,,254413,20,,,1,70,,254414,20,,,1,30,,254439,20,,,1,70,,254430,20,,,1,29,,254431,20,,,1,69,,254432,20,,,1,30,,254433,20,,,1,70,,254434,20,,,1,30,,254435,20,,,1,70,,254436,20,,,1,30,,254437,20,,,1,70,,254415,20,,,1,100,,254429,20,,,1
5101,'051-Weekday-4-26-09-1111100',535,,211245,20,,,1,70,,211246,20,,,1,32,,211268,20,,,1,22,,211256,20,,,1,50,,211269,20,,,1,10,,211247,20,,,1,10,,211270,20,,,1,10,,211248,20,,,1,10,,211271,20,,,1,10,,211249,20,,,1,50,,211272,20,,,1,10,,211250,20,,,1,10,,211231,20,,,1,10,,211251,20,,,1,13,,211273,20,,,1,52,,211274,20,,,1,11,,211244,20,,,1,20,,211275,20,,,1,20,,211232,20,,,1,60,,211252,20,,,1,8,,211280,20,,,1,12,,211276,20,,,1,20,,211233,20,,,1,60,,211234,20,,,1,20,,211277,20,,,1,20,,211253,20,,,1,60,,211235,20,,,1,20,,211278,20,,,1,20,,211236,20,,,1,60,,211254,20,,,1,20,,211279,20,,,1,20,,211237,20,,,1,60,,211255,20,,,1,20,,211266,20,,,1,70,,211238,20,,,1,30,,211239,20,,,1,71,,211240,20,,,1,30,,211241,20,,,1,70,,211242,20,,,1,30,,211267,20,,,1,70,,211258,20,,,1,29,,211259,20,,,1,69,,211260,20,,,1,30,,211261,20,,,1,70,,211262,20,,,1,30,,211263,20,,,1,70,,211264,20,,,1,30,,211265,20,,,1,70,,211243,20,,,1,100,,211257,20,,,1
5101,'051-Weekday-5-26-09-1111100',535,,254469,20,,,1,70,,254470,20,,,1,32,,254492,20,,,1,22,,254480,20,,,1,50,,254493,20,,,1,10,,254471,20,,,1,10,,254494,20,,,1,10,,254472,20,,,1,10,,254495,20,,,1,10,,254473,20,,,1,50,,254496,20,,,1,10,,254474,20,,,1,10,,254455,20,,,1,10,,254475,20,,,1,13,,254497,20,,,1,52,,254498,20,,,1,11,,254468,20,,,1,20,,254499,20,,,1,20,,254456,20,,,1,60,,254476,20,,,1,8,,254504,20,,,1,12,,254500,20,,,1,20,,254457,20,,,1,60,,254458,20,,,1,20,,254501,20,,,1,20,,254477,20,,,1,60,,254459,20,,,1,20,,254502,20,,,1,20,,254460,20,,,1,60,,254478,20,,,1,20,,254503,20,,,1,20,,254461,20,,,1,60,,254479,20,,,1,20,,254490,20,,,1,70,,254462,20,,,1,30,,254463,20,,,1,71,,254464,20,,,1,30,,254465,20,,,1,70,,254466,20,,,1,30,,254491,20,,,1,70,,254482,20,,,1,29,,254483,20,,,1,69,,254484,20,,,1,30,,254485,20,,,1,70,,254486,20,,,1,30,,254487,20,,,1,70,,254488,20,,,1,30,,254489,20,,,1,70,,254467,20,,,1,100,,254481,20,,,1
5101,'051-Weekday-6-26-09-1111100',535,,254519,20,,,1,70,,254520,20,,,1,32,,254542,20,,,1,22,,254530,20,,,1,50,,254543,20,,,1,10,,254521,20,,,1,10,,254544,20,,,1,10,,254522,20,,,1,10,,254545,20,,,1,10,,254523,20,,,1,47,,254554,20,,,1,3,,254546,20,,,1,10,,254524,20,,,1,5,,254555,20,,,1,5,,254505,20,,,1,10,,254525,20,,,1,13,,254547,20,,,1,52,,254548,20,,,1,11,,254518,20,,,1,20,,254549,20,,,1,20,,254506,20,,,1,60,,254526,20,,,1,20,,254550,20,,,1,20,,254507,20,,,1,60,,254508,20,,,1,20,,254551,20,,,1,20,,254527,20,,,1,60,,254509,20,,,1,20,,254552,20,,,1,20,,254510,20,,,1,60,,254528,20,,,1,20,,254553,20,,,1,20,,254511,20,,,1,60,,254529,20,,,1,20,,254540,20,,,1,70,,254512,20,,,1,30,,254513,20,,,1,71,,254514,20,,,1,30,,254515,20,,,1,70,,254516,20,,,1,30,,254541,20,,,1,70,,254532,20,,,1,29,,254533,20,,,1,69,,254534,20,,,1,30,,254535,20,,,1,70,,254536,20,,,1,30,,254537,20,,,1,70,,254538,20,,,1,30,,254539,20,,,1,70,,254517,20,,,1,100,,254531,20,,,1
5101,'051-Weekday-7-26-09-1111100',535,,254570,20,,,1,70,,254571,20,,,1,32,,254593,20,,,1,22,,254581,20,,,1,50,,254594,20,,,1,10,,254572,20,,,1,10,,254595,20,,,1,10,,254573,20,,,1,10,,254596,20,,,1,10,,254574,20,,,1,50,,254597,20,,,1,10,,254575,20,,,1,10,,254556,20,,,1,10,,254576,20,,,1,13,,254598,20,,,1,52,,254599,20,,,1,11,,254569,20,,,1,20,,254600,20,,,1,20,,254557,20,,,1,60,,254577,20,,,1,20,,254601,20,,,1,20,,254558,20,,,1,60,,254559,20,,,1,20,,254602,20,,,1,20,,254578,20,,,1,60,,254560,20,,,1,20,,254603,20,,,1,20,,254561,20,,,1,60,,254579,20,,,1,20,,254604,20,,,1,20,,254562,20,,,1,60,,254580,20,,,1,20,,254591,20,,,1,70,,254563,20,,,1,30,,254564,20,,,1,71,,254565,20,,,1,30,,254566,20,,,1,70,,254567,20,,,1,30,,254592,20,,,1,70,,254583,20,,,1,29,,254584,20,,,1,69,,254585,20,,,1,30,,254586,20,,,1,70,,254587,20,,,1,30,,254588,20,,,1,70,,254589,20,,,1,30,,254590,20,,,1,70,,254568,20,,,1,100,,254582,20,,,1
5101,'051-Saturday-1-26-09-0000010',614,,211281,20,,,1,100,,211282,20,,,1,100,,211283,20,,,1,30,,211284,20,,,1,70,,211285,20,,,1,30,,211286,20,,,1,70,,211287,20,,,1,30,,211288,20,,,1,70,,211289,20,,,1,30,,211290,20,,,1,70,,211291,20,,,1,30,,211292,20,,,1,70,,211293,20,,,1,30,,211294,20,,,1,70,,211295,20,,,1,30,,211296,20,,,1,70,,211297,20,,,1,30,,211298,20,,,1,70,,211299,20,,,1,30,,211300,20,,,1,69,,211301,20,,,1,30,,211302,20,,,1,70,,211303,20,,,1,30,,211304,20,,,1,70,,211305,20,,,1,100,,211306,20,,,1,100,,211307,20,,,1,100,,211308,20,,,1
5101,'051-Sunday-1-26-09-0000001',714,,211328,20,,,1,100,,211329,20,,,1,101,,211330,20,,,1,30,,211333,20,,,1,70,,211309,20,,,1,30,,211310,20,,,1,70,,211311,20,,,1,30,,211312,20,,,1,70,,211313,20,,,1,30,,211314,20,,,1,70,,211315,20,,,1,30,,211316,20,,,1,70,,211317,20,,,1,30,,211318,20,,,1,70,,211319,20,,,1,30,,211320,20,,,1,70,,211321,20,,,1,30,,211322,20,,,1,69,,211323,20,,,1,30,,211324,20,,,1,70,,211325,20,,,1,30,,211326,20,,,1,70,,211327,20,,,1,100,,211331,20,,,1,100,,211332,20,,,1,100,,211334,20,,,1
12401,'124-Weekday-1-26-09-1111100',549,,220879,40,,,1,70,,220917,40,,,1,36,,220874,40,,,1,57,,220902,40,,,1,15,,220903,40,,,1,15,,220904,40,,,1,15,,220905,40,,,1,53,,220914,28,,,1,2,,220906,40,,,1,7,,220915,28,,,1,8,,220907,40,,,1,15,,220908,40,,,1,15,,220909,40,,,1,67,,220875,40,,,1,29,,220876,40,,,1,70,,220877,40,,,1,30,,220878,40,,,1,70,,220895,40,,,1,30,,220901,40,,,1,70,,220900,40,,,1,30,,220899,40,,,1,70,,220898,40,,,1,30,,220889,40,,,1,70,,220897,40,,,1,30,,220896,40,,,1,71,,220916,40,,,1,16,,220913,40,,,1,15,,220912,40,,,1,55,,220880,40,,,1,15,,220881,40,,,1,15,,220882,40,,,1,15,,220883,40,,,1,55,,220884,40,,,1,15,,220885,40,,,1,15,,220886,40,,,1,15,,220887,40,,,1,55,,220873,40,,,1,31,,220910,40,,,1,71,,220911,40,,,1,30,,220888,40,,,1,70,,220894,40,,,1,30,,220893,40,,,1,70,,220892,40,,,1,30,,220891,40,,,1,69,,220890,40,,,1
12401,'124-Weekday-2-26-09-1111100',549,,220924,40,,,1,70,,220962,40,,,1,36,,220919,40,,,1,57,,220947,40,,,1,15,,220948,40,,,1,15,,220949,40,,,1,15,,220950,40,,,1,53,,220959,28,,,1,2,,220951,40,,,1,7,,220960,28,,,1,8,,220952,40,,,1,15,,220953,40,,,1,15,,220954,40,,,1,67,,220920,40,,,1,29,,220921,40,,,1,70,,220922,40,,,1,30,,220923,40,,,1,70,,220940,40,,,1,30,,220946,40,,,1,70,,220945,40,,,1,30,,220944,40,,,1,70,,220943,40,,,1,30,,220934,40,,,1,70,,220942,40,,,1,30,,220941,40,,,1,71,,220961,40,,,1,16,,220958,40,,,1,15,,220957,40,,,1,55,,220925,40,,,1,15,,220926,40,,,1,15,,220927,40,,,1,15,,220928,40,,,1,55,,220929,40,,,1,15,,220930,40,,,1,15,,220931,40,,,1,15,,220932,40,,,1,55,,220918,40,,,1,31,,220955,40,,,1,71,,220956,40,,,1,30,,220933,40,,,1,70,,220939,40,,,1,30,,220938,40,,,1,70,,220937,40,,,1,30,,220936,40,,,1,69,,220935,40,,,1
12401,'124-Weekday-3-26-09-1111100',549,,264197,40,,,1,70,,264233,40,,,1,36,,264192,40,,,1,57,,264220,40,,,1,15,,264221,40,,,1,15,,264222,40,,,1,15,,264223,40,,,1,55,,264224,40,,,1,15,,264225,40,,,1,15,,264226,40,,,1,15,,264227,40,,,1,67,,264193,40,,,1,29,,264194,40,,,1,70,,264195,40,,,1,30,,264196,40,,,1,70,,264213,40,,,1,30,,264219,40,,,1,70,,264218,40,,,1,30,,264217,40,,,1,70,,264216,40,,,1,30,,264207,40,,,1,70,,264215,40,,,1,30,,264214,40,,,1,71,,264232,40,,,1,16,,264231,40,,,1,15,,264230,40,,,1,55,,264198,40,,,1,15,,264199,40,,,1,15,,264200,40,,,1,15,,264201,40,,,1,55,,264202,40,,,1,15,,264203,40,,,1,15,,264204,40,,,1,15,,264205,40,,,1,55,,264191,40,,,1,31,,264228,40,,,1,71,,264229,40,,,1,30,,264206,40,,,1,70,,264212,40,,,1,30,,264211,40,,,1,70,,264210,40,,,1,30,,264209,40,,,1,69,,264208,40,,,1
12401,'124-Weekday-4-26-09-1111100',549,,220969,40,,,1,70,,221005,40,,,1,36,,220964,40,,,1,57,,220992,40,,,1,15,,220993,40,,,1,15,,220994,40,,,1,15,,220995,40,,,1,55,,220996,40,,,1,15,,220997,40,,,1,15,,220998,40,,,1,15,,220999,40,,,1,67,,220965,40,,,1,29,,220966,40,,,1,70,,220967,40,,,1,30,,220968,40,,,1,70,,220985,40,,,1,30,,220991,40,,,1,70,,220990,40,,,1,30,,220989,40,,,1,70,,220988,40,,,1,30,,220979,40,,,1,70,,220987,40,,,1,30,,220986,40,,,1,71,,221004,40,,,1,16,,221003,40,,,1,15,,221002,40,,,1,55,,220970,40,,,1,15,,220971,40,,,1,15,,220972,40,,,1,15,,220973,40,,,1,55,,220974,40,,,1,15,,220975,40,,,1,15,,220976,40,,,1,15,,220977,40,,,1,55,,220963,40,,,1,31,,221000,40,,,1,71,,221001,40,,,1,30,,220978,40,,,1,70,,220984,40,,,1,30,,220983,40,,,1,70,,220982,40,,,1,30,,220981,40,,,1,69,,220980,40,,,1
12401,'124-Weekday-5-26-09-1111100',549,,264240,40,,,1,70,,264276,40,,,1,36,,264235,40,,,1,57,,264263,40,,,1,15,,264264,40,,,1,15,,264265,40,,,1,15,,264266,40,,,1,55,,264267,40,,,1,15,,264268,40,,,1,15,,264269,40,,,1,15,,264270,40,,,1,67,,264236,40,,,1,29,,264237,40,,,1,70,,264238,40,,,1,30,,264239,40,,,1,70,,264256,40,,,1,30,,264262,40,,,1,70,,264261,40,,,1,30,,264260,40,,,1,70,,264259,40,,,1,30,,264250,40,,,1,70,,264258,40,,,1,30,,264257,40,,,1,71,,264275,40,,,1,16,,264274,40,,,1,15,,264273,40,,,1,55,,264241,40,,,1,15,,264242,40,,,1,15,,264243,40,,,1,15,,264244,40,,,1,55,,264245,40,,,1,15,,264246,40,,,1,15,,264247,40,,,1,15,,264248,40,,,1,55,,264234,40,,,1,31,,264271,40,,,1,71,,264272,40,,,1,30,,264249,40,,,1,70,,264255,40,,,1,30,,264254,40,,,1,70,,264253,40,,,1,30,,264252,40,,,1,69,,264251,40,,,1
12401,'124-Weekday-6-26-09-1111100',549,,264283,40,,,1,70,,264321,40,,,1,36,,264278,40,,,1,57,,264306,40,,,1,15,,264307,40,,,1,15,,264308,40,,,1,15,,264309,40,,,1,53,,264318,28,,,1,2,,264310,40,,,1,7,,264319,28,,,1,8,,264311,40,,,1,15,,264312,40,,,1,15,,264313,40,,,1,67,,264279,40,,,1,29,,264280,40,,,1,70,,264281,40,,,1,30,,264282,40,,,1,70,,264299,40,,,1,30,,264305,40,,,1,70,,264304,40,,,1,30,,264303,40,,,1,70,,264302,40,,,1,30,,264293,40,,,1,70,,264301,40,,,1,30,,264300,40,,,1,71,,264320,40,,,1,16,,264317,40,,,1,15,,264316,40,,,1,55,,264284,40,,,1,15,,264285,40,,,1,15,,264286,40,,,1,15,,264287,40,,,1,55,,264288,40,,,1,15,,264289,40,,,1,15,,264290,40,,,1,15,,264291,40,,,1,55,,264277,40,,,1,31,,264314,40,,,1,71,,264315,40,,,1,30,,264292,40,,,1,70,,264298,40,,,1,30,,264297,40,,,1,70,,264296,40,,,1,30,,264295,40,,,1,69,,264294,40,,,1
12401,'124-Weekday-7-26-09-1111100',549,,264328,40,,,1,70,,264364,40,,,1,36,,264323,40,,,1,57,,264351,40,,,1,15,,264352,40,,,1,15,,264353,40,,,1,15,,264354,40,,,1,55,,264355,40,,,1,15,,264356,40,,,1,15,,264357,40,,,1,15,,264358,40,,,1,67,,264324,40,,,1,29,,264325,40,,,1,70,,264326,40,,,1,30,,264327,40,,,1,70,,264344,40,,,1,30,,264350,40,,,1,70,,264349,40,,,1,30,,264348,40,,,1,70,,264347,40,,,1,30,,264338,40,,,1,70,,264346,40,,,1,30,,264345,40,,,1,71,,264363,40,,,1,16,,264362,40,,,1,15,,264361,40,,,1,55,,264329,40,,,1,15,,264330,40,,,1,15,,264331,40,,,1,15,,264332,40,,,1,55,,264333,40,,,1,15,,264334,40,,,1,15,,264335,40,,,1,15,,264336,40,,,1,55,,264322,40,,,1,31,,264359,40,,,1,71,,264360,40,,,1,30,,264337,40,,,1,70,,264343,40,,,1,30,,264342,40,,,1,70,,264341,40,,,1,30,,264340,40,,,1,69,,264339,40,,,1
12401,'124-Saturday-1-26-09-0000010',825,,221006,40,,,1,30,,221007,40,,,1,72,,221008,40,,,1,30,,221009,40,,,1,70,,221010,40,,,1,30,,221011,40,,,1,70,,221012,40,,,1,30,,221013,40,,,1,70,,221014,40,,,1,30,,221015,40,,,1,70,,221016,40,,,1,30,,221017,40,,,1,70,,221018,40,,,1,30,,221019,40,,,1,70,,221020,40,,,1,30,,221021,40,,,1,70,,221022,40,,,1,30,,221023,40,,,1,69,,221024,40,,,1,77,,221025,40,,,1,29,,221026,40,,,1,68,,221027,40,,,1,29,,221028,40,,,1
12401,'124-Sunday-1-26-09-0000001',1015,,221029,40,,,1,30,,221030,40,,,1,70,,221031,40,,,1,29,,221032,40,,,1,70,,221033,40,,,1,30,,221034,40,,,1,70,,221035,40,,,1,30,,221036,40,,,1,70,,221037,40,,,1,30,,221038,40,,,1,70,,221039,40,,,1,30,,221040,40,,,1,70,,221041,40,,,1,30,,221042,40,,,1,69,,221043,40,,,1,31,,221044,40,,,1,70,,221045,40,,,1,30,,221046,40,,,1,71,,221047,40,,,1
24014001,'140X-Weekday-1-26-09-1111100',624,,245062,40,,,1,21,,245067,40,,,1,61,,245061,40,,,1,20,,245063,40,,,1,20,,245064,40,,,1,60,,245065,40,,,1,20,,245066,40,,,1,20,,245068,40,,,1
24014001,'140X-Weekday-2-26-09-1111100',624,,245070,40,,,1,21,,245075,40,,,1,61,,245069,40,,,1,20,,245071,40,,,1,20,,245072,40,,,1,60,,245073,40,,,1,20,,245074,40,,,1,20,,245076,40,,,1
24014001,'140X-Weekday-3-26-09-1111100',624,,287563,40,,,1,21,,287568,40,,,1,61,,287562,40,,,1,20,,287564,40,,,1,20,,287565,40,,,1,60,,287566,40,,,1,20,,287567,40,,,1,20,,287569,40,,,1
24014001,'140X-Weekday-4-26-09-1111100',624,,245078,40,,,1,21,,245083,40,,,1,61,,245077,40,,,1,20,,245079,40,,,1,20,,245080,40,,,1,60,,245081,40,,,1,20,,245082,40,,,1,20,,245084,40,,,1
24014001,'140X-Weekday-5-26-09-1111100',624,,287571,40,,,1,21,,287576,40,,,1,61,,287570,40,,,1,20,,287572,40,,,1,20,,287573,40,,,1,60,,287574,40,,,1,20,,287575,40,,,1,20,,287577,40,,,1
24014001,'140X-Weekday-6-26-09-1111100',624,,287579,40,,,1,21,,287584,40,,,1,61,,287578,40,,,1,20,,287580,40,,,1,20,,287581,40,,,1,60,,287582,40,,,1,20,,287583,40,,,1,20,,287585,40,,,1
24014001,'140X-Weekday-7-26-09-1111100',624,,287587,40,,,1,21,,287592,40,,,1,61,,287586,40,,,1,20,,287588,40,,,1,20,,287589,40,,,1,60,,287590,40,,,1,20,,287591,40,,,1,20,,287593,40,,,1
