12400,'124-Weekday-1-26-09-1111100',551,,220732,26,,,1,70,,220737,26,,,1,33,,220742,26,,,1,55,,220706,26,,,1,15,,220707,26,,,1,15,,220708,26,,,1,15,,220709,26,,,1,55,,220738,26,,,1,15,,220710,26,,,1,15,,220711,26,,,1,15,,220745,26,,,1,70,,220729,26,,,1,30,,220730,26,,,1,70,,220712,26,,,1,30,,220713,26,,,1,70,,220714,26,,,1,30,,220715,26,,,1,70,,220716,26,,,1,30,,220717,26,,,1,70,,220718,26,,,1,30,,220731,26,,,1,70,,220733,26,,,1,30,,220739,26,,,1,67,,220743,26,,,1,15,,220719,26,,,1,14,,220744,26,,,1,1,,220736,26,,,1,55,,220720,26,,,1,15,,220721,26,,,1,15,,220722,26,,,1,15,,220723,26,,,1,55,,220724,26,,,1,15,,220725,26,,,1,15,,220741,26,,,1,15,,220740,26,,,1,70,,220728,26,,,1,26,,220734,26,,,1,70,,220735,26,,,1,30,,220703,26,,,1,70,,220704,26,,,1,30,,220705,26,,,1,70,,220726,26,,,1,30,,220727,26,,,1
12400,'124-Weekday-2-26-09-1111100',551,,220775,26,,,1,70,,220780,26,,,1,33,,220785,26,,,1,55,,220749,26,,,1,15,,220750,26,,,1,15,,220751,26,,,1,15,,220752,26,,,1,55,,220781,26,,,1,15,,220753,26,,,1,15,,220754,26,,,1,15,,220788,26,,,1,70,,220772,26,,,1,30,,220773,26,,,1,70,,220755,26,,,1,30,,220756,26,,,1,70,,220757,26,,,1,30,,220758,26,,,1,70,,220759,26,,,1,30,,220760,26,,,1,70,,220761,26,,,1,30,,220774,26,,,1,70,,220776,26,,,1,30,,220782,26,,,1,67,,220786,26,,,1,15,,220762,26,,,1,14,,220787,26,,,1,1,,220779,26,,,1,55,,220763,26,,,1,15,,220764,26,,,1,15,,220765,26,,,1,15,,220766,26,,,1,55,,220767,26,,,1,15,,220768,26,,,1,15,,220784,26,,,1,15,,220783,26,,,1,70,,220771,26,,,1,26,,220777,26,,,1,70,,220778,26,,,1,30,,220746,26,,,1,70,,220747,26,,,1,30,,220748,26,,,1,70,,220769,26,,,1,30,,220770,26,,,1
12400,'124-Weekday-3-26-09-1111100',551,,264051,26,,,1,70,,264056,26,,,1,33,,264061,26,,,1,55,,264025,26,,,1,15,,264026,26,,,1,15,,264027,26,,,1,15,,264028,26,,,1,55,,264057,26,,,1,15,,264029,26,,,1,15,,264030,26,,,1,15,,264063,26,,,1,70,,264048,26,,,1,30,,264049,26,,,1,70,,264031,26,,,1,30,,264032,26,,,1,70,,264033,26,,,1,30,,264034,26,,,1,70,,264035,26,,,1,30,,264036,26,,,1,70,,264037,26,,,1,30,,264050,26,,,1,70,,264052,26,,,1,30,,264058,26,,,1,67,,264062,26,,,1,15,,264038,26,,,1,15,,264055,26,,,1,55,,264039,26,,,1,15,,264040,26,,,1,15,,264041,26,,,1,15,,264042,26,,,1,55,,264043,26,,,1,15,,264044,26,,,1,15,,264060,26,,,1,15,,264059,26,,,1,70,,264047,26,,,1,26,,264053,26,,,1,70,,264054,26,,,1,30,,264022,26,,,1,70,,264023,26,,,1,30,,264024,26,,,1,70,,264045,26,,,1,30,,264046,26,,,1
12400,'124-Weekday-4-26-09-1111100',551,,220818,26,,,1,70,,220823,26,,,1,33,,220828,26,,,1,55,,220792,26,,,1,15,,220793,26,,,1,15,,220794,26,,,1,15,,220795,26,,,1,55,,220824,26,,,1,15,,220796,26,,,1,15,,220797,26,,,1,15,,220830,26,,,1,70,,220815,26,,,1,30,,220816,26,,,1,70,,220798,26,,,1,30,,220799,26,,,1,70,,220800,26,,,1,30,,220801,26,,,1,70,,220802,26,,,1,30,,220803,26,,,1,70,,220804,26,,,1,30,,220817,26,,,1,70,,220819,26,,,1,30,,220825,26,,,1,67,,220829,26,,,1,15,,220805,26,,,1,15,,220822,26,,,1,55,,220806,26,,,1,15,,220807,26,,,1,15,,220808,26,,,1,15,,220809,26,,,1,55,,220810,26,,,1,15,,220811,26,,,1,15,,220827,26,,,1,15,,220826,26,,,1,70,,220814,26,,,1,26,,220820,26,,,1,70,,220821,26,,,1,30,,220789,26,,,1,70,,220790,26,,,1,30,,220791,26,,,1,70,,220812,26,,,1,30,,220813,26,,,1
12400,'124-Weekday-5-26-09-1111100',551,,264093,26,,,1,70,,264098,26,,,1,33,,264103,26,,,1,55,,264067,26,,,1,15,,264068,26,,,1,15,,264069,26,,,1,15,,264070,26,,,1,55,,264099,26,,,1,15,,264071,26,,,1,15,,264072,26,,,1,15,,264105,26,,,1,70,,264090,26,,,1,30,,264091,26,,,1,70,,264073,26,,,1,30,,264074,26,,,1,70,,264075,26,,,1,30,,264076,26,,,1,70,,264077,26,,,1,30,,264078,26,,,1,70,,264079,26,,,1,30,,264092,26,,,1,70,,264094,26,,,1,30,,264100,26,,,1,67,,264104,26,,,1,15,,264080,26,,,1,15,,264097,26,,,1,55,,264081,26,,,1,15,,264082,26,,,1,15,,264083,26,,,1,15,,264084,26,,,1,55,,264085,26,,,1,15,,264086,26,,,1,15,,264102,26,,,1,15,,264101,26,,,1,70,,264089,26,,,1,26,,264095,26,,,1,70,,264096,26,,,1,30,,264064,26,,,1,70,,264065,26,,,1,30,,264066,26,,,1,70,,264087,26,,,1,30,,264088,26,,,1
12400,'124-Weekday-6-26-09-1111100',551,,264135,26,,,1,70,,264140,26,,,1,33,,264145,26,,,1,55,,264109,26,,,1,15,,264110,26,,,1,15,,264111,26,,,1,15,,264112,26,,,1,55,,264141,26,,,1,15,,264113,26,,,1,15,,264114,26,,,1,15,,264148,26,,,1,70,,264132,26,,,1,30,,264133,26,,,1,70,,264115,26,,,1,30,,264116,26,,,1,70,,264117,26,,,1,30,,264118,26,,,1,70,,264119,26,,,1,30,,264120,26,,,1,70,,264121,26,,,1,30,,264134,26,,,1,70,,264136,26,,,1,30,,264142,26,,,1,67,,264146,26,,,1,15,,264122,26,,,1,14,,264147,26,,,1,1,,264139,26,,,1,55,,264123,26,,,1,15,,264124,26,,,1,15,,264125,26,,,1,15,,264126,26,,,1,55,,264127,26,,,1,15,,264128,26,,,1,15,,264144,26,,,1,15,,264143,26,,,1,70,,264131,26,,,1,26,,264137,26,,,1,70,,264138,26,,,1,30,,264106,26,,,1,70,,264107,26,,,1,30,,264108,26,,,1,70,,264129,26,,,1,30,,264130,26,,,1
12400,'124-Weekday-7-26-09-1111100',551,,264178,26,,,1,70,,264183,26,,,1,33,,264188,26,,,1,55,,264152,26,,,1,15,,264153,26,,,1,15,,264154,26,,,1,15,,264155,26,,,1,55,,264184,26,,,1,15,,264156,26,,,1,15,,264157,26,,,1,15,,264190,26,,,1,70,,264175,26,,,1,30,,264176,26,,,1,70,,264158,26,,,1,30,,264159,26,,,1,70,,264160,26,,,1,30,,264161,26,,,1,70,,264162,26,,,1,30,,264163,26,,,1,70,,264164,26,,,1,30,,264177,26,,,1,70,,264179,26,,,1,30,,264185,26,,,1,67,,264189,26,,,1,15,,264165,26,,,1,15,,264182,26,,,1,55,,264166,26,,,1,15,,264167,26,,,1,15,,264168,26,,,1,15,,264169,26,,,1,55,,264170,26,,,1,15,,264171,26,,,1,15,,264187,26,,,1,15,,264186,26,,,1,70,,264174,26,,,1,26,,264180,26,,,1,70,,264181,26,,,1,30,,264149,26,,,1,70,,264150,26,,,1,30,,264151,26,,,1,70,,264172,26,,,1,30,,264173,26,,,1
12400,'124-Saturday-1-26-09-0000010',802,,220831,26,,,1,30,,220832,26,,,1,70,,220833,26,,,1,30,,220834,26,,,1,70,,220835,26,,,1,30,,220836,26,,,1,70,,220837,26,,,1,30,,220838,26,,,1,70,,220839,26,,,1,30,,220840,26,,,1,70,,220841,26,,,1,30,,220842,26,,,1,70,,220843,26,,,1,30,,220844,26,,,1,70,,220845,26,,,1,30,,220846,26,,,1,70,,220847,26,,,1,30,,220848,26,,,1,70,,220849,26,,,1,30,,220850,26,,,1,70,,220851,26,,,1,30,,220852,26,,,1,70,,220853,26,,,1
12400,'124-Sunday-1-26-09-0000001',1020,,220854,26,,,1,27,,220855,26,,,1,70,,220856,26,,,1,30,,220857,26,,,1,70,,220858,26,,,1,30,,220859,26,,,1,70,,220860,26,,,1,30,,220861,26,,,1,70,,220862,26,,,1,30,,220863,26,,,1,70,,220864,26,,,1,30,,220865,26,,,1,70,,220866,26,,,1,31,,220867,26,,,1,70,,220868,26,,,1,30,,220869,26,,,1,70,,220870,26,,,1,33,,220871,26,,,1,70,,220872,26,,,1
12700,'127-Weekday-1-26-09-1111100',854,,221048,37,,,1,100,,221049,37,,,1,100,,221050,37,,,1,100,,221051,37,,,1,100,,221052,37,,,1,100,,221053,37,,,1,100,,221054,37,,,1,100,,221055,37,,,1,100,,221056,37,,,1
12700,'127-Weekday-2-26-09-1111100',854,,221057,37,,,1,100,,221058,37,,,1,100,,221059,37,,,1,100,,221060,37,,,1,100,,221061,37,,,1,100,,221062,37,,,1,100,,221063,37,,,1,100,,221064,37,,,1,100,,221065,37,,,1
12700,'127-Weekday-3-26-09-1111100',854,,264365,37,,,1,100,,264366,37,,,1,100,,264367,37,,,1,100,,264368,37,,,1,100,,264369,37,,,1,100,,264370,37,,,1,100,,264371,37,,,1,100,,264372,37,,,1,100,,264373,37,,,1
12700,'127-Weekday-4-26-09-1111100',854,,221066,37,,,1,100,,221067,37,,,1,100,,221068,37,,,1,100,,221069,37,,,1,100,,221070,37,,,1,100,,221071,37,,,1,100,,221072,37,,,1,100,,221073,37,,,1,100,,221074,37,,,1
12700,'127-Weekday-5-26-09-1111100',854,,264374,37,,,1,100,,264375,37,,,1,100,,264376,37,,,1,100,,264377,37,,,1,100,,264378,37,,,1,100,,264379,37,,,1,100,,264380,37,,,1,100,,264381,37,,,1,100,,264382,37,,,1
12700,'127-Weekday-6-26-09-1111100',854,,264383,37,,,1,100,,264384,37,,,1,100,,264385,37,,,1,100,,264386,37,,,1,100,,264387,37,,,1,100,,264388,37,,,1,100,,264389,37,,,1,100,,264390,37,,,1,100,,264391,37,,,1
12700,'127-Weekday-7-26-09-1111100',854,,264392,37,,,1,100,,264393,37,,,1,100,,264394,37,,,1,100,,264395,37,,,1,100,,264396,37,,,1,100,,264397,37,,,1,100,,264398,37,,,1,100,,264399,37,,,1,100,,264400,37,,,1
12700,'127-Saturday-1-26-09-0000010',853,,221075,37,,,1,100,,221076,37,,,1,100,,221077,37,,,1,100,,221078,37,,,1,100,,221079,37,,,1,100,,221080,37,,,1,100,,221081,37,,,1,100,,221082,37,,,1,100,,221083,37,,,1
62500,'625-Weekday-1-26-09-1110100',1520,,227551,20,,,1
62500,'625-Weekday-4-26-09-1110100',1520,,270375,20,,,1
62500,'625-Weekday-7-26-09-1110100',1520,,270376,20,,,1
24014000,'140X-Weekday-1-26-09-1111100',1524,,245037,19,,,1,20,,245038,19,,,1,61,,245039,19,,,1,21,,245040,19,,,1,20,,245041,19,,,1,59,,245042,19,,,1,18,,245043,19,,,1,17,,245044,19,,,1
24014000,'140X-Weekday-2-26-09-1111100',1524,,245045,19,,,1,20,,245046,19,,,1,61,,245047,19,,,1,21,,245048,19,,,1,20,,245049,19,,,1,59,,245050,19,,,1,18,,245051,19,,,1,17,,245052,19,,,1
24014000,'140X-Weekday-3-26-09-1111100',1524,,287530,19,,,1,20,,287531,19,,,1,61,,287532,19,,,1,21,,287533,19,,,1,20,,287534,19,,,1,59,,287535,19,,,1,18,,287536,19,,,1,17,,287537,19,,,1
24014000,'140X-Weekday-4-26-09-1111100',1524,,245053,19,,,1,20,,245054,19,,,1,61,,245055,19,,,1,21,,245056,19,,,1,20,,245057,19,,,1,59,,245058,19,,,1,18,,245059,19,,,1,17,,245060,19,,,1
24014000,'140X-Weekday-5-26-09-1111100',1524,,287538,19,,,1,20,,287539,19,,,1,61,,287540,19,,,1,21,,287541,19,,,1,20,,287542,19,,,1,59,,287543,19,,,1,18,,287544,19,,,1,17,,287545,19,,,1
24014000,'140X-Weekday-6-26-09-1111100',1524,,287546,19,,,1,20,,287547,19,,,1,61,,287548,19,,,1,21,,287549,19,,,1,20,,287550,19,,,1,59,,287551,19,,,1,18,,287552,19,,,1,17,,287553,19,,,1
24014000,'140X-Weekday-7-26-09-1111100',1524,,287554,19,,,1,20,,287555,19,,,1,61,,287556,19,,,1,21,,287557,19,,,1,20,,287558,19,,,1,59,,287559,19,,,1,18,,287560,19,,,1,17,,287561,19,,,1
