5201,'052-Weekday-1-26-09-1111100',526,,211530,28,,,1,30,,211531,28,,,1,70,,211532,28,,,1,74,,211533,28,,,1,22,,211534,28,,,1,17,,211535,28,,,1,15,,211536,28,,,1,55,,211537,28,,,1,15,,211538,28,,,1,10,,211573,28,0,17,1,4,,211539,28,,,1,14,,211540,28,,,1,60,,211574,28,,,1,29,,211541,28,,,1,70,,211542,28,,,1,30,,211543,28,,,1,70,,211544,28,,,1,30,,211545,28,,,1,70,,211546,28,,,1,30,,211547,28,,,1,70,,211548,28,,,1,30,,211549,28,,,1,70,,211550,28,,,1,30,,211551,28,,,1,18,,211552,28,,,1,58,,211553,28,,,1,18,,211554,28,,,1,15,,211555,28,,,1,54,,211556,28,,,1,15,,211557,28,,,1,15,,211558,28,,,1,15,,211559,28,,,1,55,,211560,28,,,1,15,,211561,28,,,1,25,,211562,28,,,1,69,,211575,28,,,1,28,,211576,28,,,1,67,,211563,28,,,1,30,,211564,28,,,1,70,,211565,28,,,1,30,,211566,28,,,1,70,,211567,28,,,1,30,,211568,28,,,1,69,,211569,28,,,1,99,,211570,28,,,1,100,,211571,28,,,1
5201,'052-Weekday-2-26-09-1111100',526,,211577,28,,,1,30,,211578,28,,,1,70,,211579,28,,,1,74,,211580,28,,,1,22,,211581,28,,,1,17,,211582,28,,,1,15,,211583,28,,,1,55,,211584,28,,,1,15,,211585,28,,,1,10,,211620,28,0,17,1,4,,211586,28,,,1,14,,211587,28,,,1,60,,211621,28,,,1,29,,211588,28,,,1,70,,211589,28,,,1,30,,211590,28,,,1,70,,211591,28,,,1,30,,211592,28,,,1,70,,211593,28,,,1,30,,211594,28,,,1,70,,211595,28,,,1,30,,211596,28,,,1,70,,211597,28,,,1,30,,211598,28,,,1,18,,211599,28,,,1,58,,211600,28,,,1,18,,211601,28,,,1,15,,211602,28,,,1,54,,211603,28,,,1,15,,211604,28,,,1,15,,211605,28,,,1,15,,211606,28,,,1,55,,211607,28,,,1,15,,211608,28,,,1,25,,211609,28,,,1,69,,211622,28,,,1,28,,211623,28,,,1,67,,211610,28,,,1,30,,211611,28,,,1,70,,211612,28,,,1,30,,211613,28,,,1,70,,211614,28,,,1,30,,211615,28,,,1,69,,211616,28,,,1,99,,211617,28,,,1,100,,211618,28,,,1
5201,'052-Weekday-3-26-09-1111100',526,,254790,28,,,1,30,,254791,28,,,1,70,,254792,28,,,1,74,,254793,28,,,1,22,,254794,28,,,1,17,,254795,28,,,1,15,,254796,28,,,1,55,,254797,28,,,1,15,,254798,28,,,1,14,,254799,28,,,1,14,,254800,28,,,1,60,,254832,28,,,1,29,,254801,28,,,1,70,,254802,28,,,1,30,,254803,28,,,1,70,,254804,28,,,1,30,,254805,28,,,1,70,,254806,28,,,1,30,,254807,28,,,1,70,,254808,28,,,1,30,,254809,28,,,1,70,,254810,28,,,1,30,,254811,28,,,1,18,,254812,28,,,1,58,,254813,28,,,1,18,,254814,28,,,1,15,,254815,28,,,1,54,,254816,28,,,1,15,,254817,28,,,1,15,,254818,28,,,1,15,,254819,28,,,1,55,,254820,28,,,1,15,,254821,28,,,1,25,,254822,28,,,1,69,,254833,28,,,1,28,,254834,28,,,1,67,,254823,28,,,1,30,,254824,28,,,1,70,,254825,28,,,1,30,,254826,28,,,1,70,,254827,28,,,1,30,,254828,28,,,1,69,,254829,28,,,1,99,,254830,28,,,1,100,,254831,28,,,1
5201,'052-Weekday-4-26-09-1111100',526,,211624,28,,,1,30,,211625,28,,,1,70,,211626,28,,,1,74,,211627,28,,,1,22,,211628,28,,,1,17,,211629,28,,,1,15,,211630,28,,,1,55,,211631,28,,,1,15,,211632,28,,,1,14,,211633,28,,,1,14,,211634,28,,,1,60,,211666,28,,,1,29,,211635,28,,,1,70,,211636,28,,,1,30,,211637,28,,,1,70,,211638,28,,,1,30,,211639,28,,,1,70,,211640,28,,,1,30,,211641,28,,,1,70,,211642,28,,,1,30,,211643,28,,,1,70,,211644,28,,,1,30,,211645,28,,,1,18,,211646,28,,,1,58,,211647,28,,,1,18,,211648,28,,,1,15,,211649,28,,,1,54,,211650,28,,,1,15,,211651,28,,,1,15,,211652,28,,,1,15,,211653,28,,,1,55,,211654,28,,,1,15,,211655,28,,,1,25,,211656,28,,,1,69,,211667,28,,,1,28,,211668,28,,,1,67,,211657,28,,,1,30,,211658,28,,,1,70,,211659,28,,,1,30,,211660,28,,,1,70,,211661,28,,,1,30,,211662,28,,,1,69,,211663,28,,,1,99,,211664,28,,,1,100,,211665,28,,,1
5201,'052-Weekday-5-26-09-1111100',526,,254835,28,,,1,30,,254836,28,,,1,70,,254837,28,,,1,74,,254838,28,,,1,22,,254839,28,,,1,17,,254840,28,,,1,15,,254841,28,,,1,55,,254842,28,,,1,15,,254843,28,,,1,14,,254844,28,,,1,14,,254845,28,,,1,60,,254877,28,,,1,29,,254846,28,,,1,70,,254847,28,,,1,30,,254848,28,,,1,70,,254849,28,,,1,30,,254850,28,,,1,70,,254851,28,,,1,30,,254852,28,,,1,70,,254853,28,,,1,30,,254854,28,,,1,70,,254855,28,,,1,30,,254856,28,,,1,18,,254857,28,,,1,58,,254858,28,,,1,18,,254859,28,,,1,15,,254860,28,,,1,54,,254861,28,,,1,15,,254862,28,,,1,15,,254863,28,,,1,15,,254864,28,,,1,55,,254865,28,,,1,15,,254866,28,,,1,25,,254867,28,,,1,69,,254878,28,,,1,28,,254879,28,,,1,67,,254868,28,,,1,30,,254869,28,,,1,70,,254870,28,,,1,30,,254871,28,,,1,70,,254872,28,,,1,30,,254873,28,,,1,69,,254874,28,,,1,99,,254875,28,,,1,100,,254876,28,,,1
5201,'052-Weekday-6-26-09-1111100',526,,254880,28,,,1,30,,254881,28,,,1,70,,254882,28,,,1,74,,254883,28,,,1,22,,254884,28,,,1,17,,254885,28,,,1,15,,254886,28,,,1,55,,254887,28,,,1,15,,254888,28,,,1,10,,254923,28,0,17,1,4,,254889,28,,,1,14,,254890,28,,,1,60,,254924,28,,,1,29,,254891,28,,,1,70,,254892,28,,,1,30,,254893,28,,,1,70,,254894,28,,,1,30,,254895,28,,,1,70,,254896,28,,,1,30,,254897,28,,,1,70,,254898,28,,,1,30,,254899,28,,,1,70,,254900,28,,,1,30,,254901,28,,,1,18,,254902,28,,,1,58,,254903,28,,,1,18,,254904,28,,,1,15,,254905,28,,,1,54,,254906,28,,,1,15,,254907,28,,,1,15,,254908,28,,,1,15,,254909,28,,,1,55,,254910,28,,,1,15,,254911,28,,,1,25,,254912,28,,,1,69,,254925,28,,,1,28,,254926,28,,,1,67,,254913,28,,,1,30,,254914,28,,,1,70,,254915,28,,,1,30,,254916,28,,,1,70,,254917,28,,,1,30,,254918,28,,,1,69,,254919,28,,,1,99,,254920,28,,,1,100,,254921,28,,,1
5201,'052-Weekday-7-26-09-1111100',526,,254927,28,,,1,30,,254928,28,,,1,70,,254929,28,,,1,74,,254930,28,,,1,22,,254931,28,,,1,17,,254932,28,,,1,15,,254933,28,,,1,55,,254934,28,,,1,15,,254935,28,,,1,14,,254936,28,,,1,14,,254937,28,,,1,60,,254969,28,,,1,29,,254938,28,,,1,70,,254939,28,,,1,30,,254940,28,,,1,70,,254941,28,,,1,30,,254942,28,,,1,70,,254943,28,,,1,30,,254944,28,,,1,70,,254945,28,,,1,30,,254946,28,,,1,70,,254947,28,,,1,30,,254948,28,,,1,18,,254949,28,,,1,58,,254950,28,,,1,18,,254951,28,,,1,15,,254952,28,,,1,54,,254953,28,,,1,15,,254954,28,,,1,15,,254955,28,,,1,15,,254956,28,,,1,55,,254957,28,,,1,15,,254958,28,,,1,25,,254959,28,,,1,69,,254970,28,,,1,28,,254971,28,,,1,67,,254960,28,,,1,30,,254961,28,,,1,70,,254962,28,,,1,30,,254963,28,,,1,70,,254964,28,,,1,30,,254965,28,,,1,69,,254966,28,,,1,99,,254967,28,,,1,100,,254968,28,,,1
5201,'052-Saturday-1-26-09-0000010',642,,211669,28,,,1,100,,211670,28,,,1,100,,211671,28,,,1,72,,211672,28,,,1,29,,211673,28,,,1,70,,211674,28,,,1,30,,211675,28,,,1,70,,211676,28,,,1,30,,211677,28,,,1,70,,211678,28,,,1,30,,211679,28,,,1,70,,211680,28,,,1,30,,211681,28,,,1,70,,211682,28,,,1,30,,211683,28,,,1,70,,211684,28,,,1,30,,211685,28,,,1,70,,211686,28,,,1,30,,211687,28,,,1,68,,211688,28,,,1,29,,211689,28,,,1,70,,211690,28,,,1,30,,211691,28,,,1,70,,211692,28,,,1,30,,211693,28,,,1,100,,211694,28,,,1,100,,211695,28,,,1,100,,211696,28,,,1,100,,211697,28,,,1
5201,'052-Sunday-1-26-09-0000001',740,,211721,28,,,1,100,,211698,28,,,1,101,,211699,28,,,1,100,,211700,28,,,1,70,,211701,28,,,1,30,,211702,28,,,1,70,,211703,28,,,1,30,,211704,28,,,1,70,,211705,28,,,1,30,,211706,28,,,1,70,,211707,28,,,1,30,,211708,28,,,1,70,,211709,28,,,1,30,,211710,28,,,1,70,,211711,28,,,1,34,,211712,28,,,1,73,,211713,28,,,1,30,,211714,28,,,1,70,,211715,28,,,1,30,,211716,28,,,1,70,,211720,28,,,1,30,,211717,28,,,1,100,,211718,28,,,1,100,,211719,28,,,1,100,,211722,28,,,1
68401,'684-Weekday-1-26-09-1111100',818,,227894,53,,,1,5,,227895,30,0,60 61,1,5,,227896,30,0,60 61,1
68401,'684-Weekday-3-26-09-1111100',818,,227897,53,,,1,5,,227898,30,0,60 61,1,5,,227899,30,0,60 61,1
68401,'684-Weekday-4-26-09-1111100',818,,270654,53,,,1,5,,270655,30,0,60 61,1,5,,270656,30,0,60 61,1
68401,'684-Weekday-7-26-09-1111100',818,,270657,53,,,1,5,,270658,30,0,60 61,1,5,,270659,30,0,60 61,1
