10900,'109-Weekday-1-26-09-1111100',543,,216855,68,0,13 14,1,70,,216856,68,0,13 14,1,31,,216857,68,0,13 14,1,73,,216895,68,0,13 14,1,15,,216858,68,0,13 14,1,15,,216890,68,0,13 14,1,55,,216860,68,0,13 14,1,15,,216859,68,0,13 14,1,15,,216891,68,0,13 14,1,15,,216861,68,0,13 14,1,55,,216899,68,0,13 14,1,14,,216898,68,0,13 14,1,29,,216862,68,0,13 14,1,70,,216863,68,0,13 14,1,30,,216864,68,0,13 14,1,70,,216865,68,0,13 14,1,30,,216866,68,0,13 14,1,70,,216867,68,0,13 14,1,30,,216868,68,0,13 14,1,70,,216869,68,0,13 14,1,30,,216870,68,0,13 14,1,70,,216871,68,0,13 14,1,30,,216872,68,0,13 14,1,71,,216873,68,0,13 14,1,34,,216874,68,0,13 14,1,55,,216875,68,0,13 14,1,15,,216892,68,0,13 14,1,15,,216877,68,0,13 14,1,15,,216876,68,0,13 14,1,55,,216893,68,0,13 14,1,15,,216878,68,0,13 14,1,15,,216897,68,0,13 14,1,15,,216896,68,0,13 14,1,70,,216879,68,0,13 14,1,29,,216880,68,0,13 14,1,65,,216881,68,0,13 14,1,30,,216882,68,0,13 14,1,70,,216883,68,0,13 14,1,30,,216884,68,0,13 14,1,70,,216885,68,0,13 14,1,30,,216886,68,0,13 14,1,70,,216887,68,0,13 14,1,30,,216894,68,0,13 14,1,100,,216888,68,0,13 14,1,100,,216889,68,0,13 14,1
10900,'109-Weekday-2-26-09-1111100',543,,216900,68,0,13 14,1,70,,216901,68,0,13 14,1,31,,216902,68,0,13 14,1,73,,216940,68,0,13 14,1,15,,216903,68,0,13 14,1,15,,216935,68,0,13 14,1,55,,216905,68,0,13 14,1,15,,216904,68,0,13 14,1,15,,216936,68,0,13 14,1,15,,216906,68,0,13 14,1,55,,216944,68,0,13 14,1,14,,216943,68,0,13 14,1,29,,216907,68,0,13 14,1,70,,216908,68,0,13 14,1,30,,216909,68,0,13 14,1,70,,216910,68,0,13 14,1,30,,216911,68,0,13 14,1,70,,216912,68,0,13 14,1,30,,216913,68,0,13 14,1,70,,216914,68,0,13 14,1,30,,216915,68,0,13 14,1,70,,216916,68,0,13 14,1,30,,216917,68,0,13 14,1,71,,216918,68,0,13 14,1,34,,216919,68,0,13 14,1,55,,216920,68,0,13 14,1,15,,216937,68,0,13 14,1,15,,216922,68,0,13 14,1,15,,216921,68,0,13 14,1,55,,216938,68,0,13 14,1,15,,216923,68,0,13 14,1,15,,216942,68,0,13 14,1,15,,216941,68,0,13 14,1,70,,216924,68,0,13 14,1,29,,216925,68,0,13 14,1,65,,216926,68,0,13 14,1,30,,216927,68,0,13 14,1,70,,216928,68,0,13 14,1,30,,216929,68,0,13 14,1,70,,216930,68,0,13 14,1,30,,216931,68,0,13 14,1,70,,216932,68,0,13 14,1,30,,216939,68,0,13 14,1,100,,216933,68,0,13 14,1,100,,216934,68,0,13 14,1
10900,'109-Weekday-3-26-09-1111100',543,,260390,68,0,13 14,1,70,,260391,68,0,13 14,1,31,,260392,68,0,13 14,1,73,,260430,68,0,13 14,1,15,,260393,68,0,13 14,1,15,,260425,68,0,13 14,1,55,,260395,68,0,13 14,1,15,,260394,68,0,13 14,1,15,,260426,68,0,13 14,1,15,,260396,68,0,13 14,1,55,,260434,68,0,13 14,1,14,,260433,68,0,13 14,1,29,,260397,68,0,13 14,1,70,,260398,68,0,13 14,1,30,,260399,68,0,13 14,1,70,,260400,68,0,13 14,1,30,,260401,68,0,13 14,1,70,,260402,68,0,13 14,1,30,,260403,68,0,13 14,1,70,,260404,68,0,13 14,1,30,,260405,68,0,13 14,1,70,,260406,68,0,13 14,1,30,,260407,68,0,13 14,1,71,,260408,68,0,13 14,1,34,,260409,68,0,13 14,1,55,,260410,68,0,13 14,1,15,,260427,68,0,13 14,1,15,,260412,68,0,13 14,1,15,,260411,68,0,13 14,1,55,,260428,68,0,13 14,1,15,,260413,68,0,13 14,1,15,,260432,68,0,13 14,1,15,,260431,68,0,13 14,1,70,,260414,68,0,13 14,1,29,,260415,68,0,13 14,1,65,,260416,68,0,13 14,1,30,,260417,68,0,13 14,1,70,,260418,68,0,13 14,1,30,,260419,68,0,13 14,1,70,,260420,68,0,13 14,1,30,,260421,68,0,13 14,1,70,,260422,68,0,13 14,1,30,,260429,68,0,13 14,1,100,,260423,68,0,13 14,1,100,,260424,68,0,13 14,1
10900,'109-Weekday-4-26-09-1111100',543,,216945,68,0,13 14,1,70,,216946,68,0,13 14,1,31,,216947,68,0,13 14,1,73,,216985,68,0,13 14,1,15,,216948,68,0,13 14,1,15,,216980,68,0,13 14,1,55,,216950,68,0,13 14,1,15,,216949,68,0,13 14,1,15,,216981,68,0,13 14,1,15,,216951,68,0,13 14,1,55,,216989,68,0,13 14,1,14,,216988,68,0,13 14,1,29,,216952,68,0,13 14,1,70,,216953,68,0,13 14,1,30,,216954,68,0,13 14,1,70,,216955,68,0,13 14,1,30,,216956,68,0,13 14,1,70,,216957,68,0,13 14,1,30,,216958,68,0,13 14,1,70,,216959,68,0,13 14,1,30,,216960,68,0,13 14,1,70,,216961,68,0,13 14,1,30,,216962,68,0,13 14,1,71,,216963,68,0,13 14,1,34,,216964,68,0,13 14,1,55,,216965,68,0,13 14,1,15,,216982,68,0,13 14,1,15,,216967,68,0,13 14,1,15,,216966,68,0,13 14,1,55,,216983,68,0,13 14,1,15,,216968,68,0,13 14,1,15,,216987,68,0,13 14,1,15,,216986,68,0,13 14,1,70,,216969,68,0,13 14,1,29,,216970,68,0,13 14,1,65,,216971,68,0,13 14,1,30,,216972,68,0,13 14,1,70,,216973,68,0,13 14,1,30,,216974,68,0,13 14,1,70,,216975,68,0,13 14,1,30,,216976,68,0,13 14,1,70,,216977,68,0,13 14,1,30,,216984,68,0,13 14,1,100,,216978,68,0,13 14,1,100,,216979,68,0,13 14,1
10900,'109-Weekday-5-26-09-1111100',543,,260435,68,0,13 14,1,70,,260436,68,0,13 14,1,31,,260437,68,0,13 14,1,73,,260475,68,0,13 14,1,15,,260438,68,0,13 14,1,15,,260470,68,0,13 14,1,55,,260440,68,0,13 14,1,15,,260439,68,0,13 14,1,15,,260471,68,0,13 14,1,15,,260441,68,0,13 14,1,55,,260479,68,0,13 14,1,14,,260478,68,0,13 14,1,29,,260442,68,0,13 14,1,70,,260443,68,0,13 14,1,30,,260444,68,0,13 14,1,70,,260445,68,0,13 14,1,30,,260446,68,0,13 14,1,70,,260447,68,0,13 14,1,30,,260448,68,0,13 14,1,70,,260449,68,0,13 14,1,30,,260450,68,0,13 14,1,70,,260451,68,0,13 14,1,30,,260452,68,0,13 14,1,71,,260453,68,0,13 14,1,34,,260454,68,0,13 14,1,55,,260455,68,0,13 14,1,15,,260472,68,0,13 14,1,15,,260457,68,0,13 14,1,15,,260456,68,0,13 14,1,55,,260473,68,0,13 14,1,15,,260458,68,0,13 14,1,15,,260477,68,0,13 14,1,15,,260476,68,0,13 14,1,70,,260459,68,0,13 14,1,29,,260460,68,0,13 14,1,65,,260461,68,0,13 14,1,30,,260462,68,0,13 14,1,70,,260463,68,0,13 14,1,30,,260464,68,0,13 14,1,70,,260465,68,0,13 14,1,30,,260466,68,0,13 14,1,70,,260467,68,0,13 14,1,30,,260474,68,0,13 14,1,100,,260468,68,0,13 14,1,100,,260469,68,0,13 14,1
10900,'109-Weekday-6-26-09-1111100',543,,260480,68,0,13 14,1,70,,260481,68,0,13 14,1,31,,260482,68,0,13 14,1,73,,260520,68,0,13 14,1,15,,260483,68,0,13 14,1,15,,260515,68,0,13 14,1,55,,260485,68,0,13 14,1,15,,260484,68,0,13 14,1,15,,260516,68,0,13 14,1,15,,260486,68,0,13 14,1,55,,260524,68,0,13 14,1,14,,260523,68,0,13 14,1,29,,260487,68,0,13 14,1,70,,260488,68,0,13 14,1,30,,260489,68,0,13 14,1,70,,260490,68,0,13 14,1,30,,260491,68,0,13 14,1,70,,260492,68,0,13 14,1,30,,260493,68,0,13 14,1,70,,260494,68,0,13 14,1,30,,260495,68,0,13 14,1,70,,260496,68,0,13 14,1,30,,260497,68,0,13 14,1,71,,260498,68,0,13 14,1,34,,260499,68,0,13 14,1,55,,260500,68,0,13 14,1,15,,260517,68,0,13 14,1,15,,260502,68,0,13 14,1,15,,260501,68,0,13 14,1,55,,260518,68,0,13 14,1,15,,260503,68,0,13 14,1,15,,260522,68,0,13 14,1,15,,260521,68,0,13 14,1,70,,260504,68,0,13 14,1,29,,260505,68,0,13 14,1,65,,260506,68,0,13 14,1,30,,260507,68,0,13 14,1,70,,260508,68,0,13 14,1,30,,260509,68,0,13 14,1,70,,260510,68,0,13 14,1,30,,260511,68,0,13 14,1,70,,260512,68,0,13 14,1,30,,260519,68,0,13 14,1,100,,260513,68,0,13 14,1,100,,260514,68,0,13 14,1
10900,'109-Weekday-7-26-09-1111100',543,,260525,68,0,13 14,1,70,,260526,68,0,13 14,1,31,,260527,68,0,13 14,1,73,,260565,68,0,13 14,1,15,,260528,68,0,13 14,1,15,,260560,68,0,13 14,1,55,,260530,68,0,13 14,1,15,,260529,68,0,13 14,1,15,,260561,68,0,13 14,1,15,,260531,68,0,13 14,1,55,,260569,68,0,13 14,1,14,,260568,68,0,13 14,1,29,,260532,68,0,13 14,1,70,,260533,68,0,13 14,1,30,,260534,68,0,13 14,1,70,,260535,68,0,13 14,1,30,,260536,68,0,13 14,1,70,,260537,68,0,13 14,1,30,,260538,68,0,13 14,1,70,,260539,68,0,13 14,1,30,,260540,68,0,13 14,1,70,,260541,68,0,13 14,1,30,,260542,68,0,13 14,1,71,,260543,68,0,13 14,1,34,,260544,68,0,13 14,1,55,,260545,68,0,13 14,1,15,,260562,68,0,13 14,1,15,,260547,68,0,13 14,1,15,,260546,68,0,13 14,1,55,,260563,68,0,13 14,1,15,,260548,68,0,13 14,1,15,,260567,68,0,13 14,1,15,,260566,68,0,13 14,1,70,,260549,68,0,13 14,1,29,,260550,68,0,13 14,1,65,,260551,68,0,13 14,1,30,,260552,68,0,13 14,1,70,,260553,68,0,13 14,1,30,,260554,68,0,13 14,1,70,,260555,68,0,13 14,1,30,,260556,68,0,13 14,1,70,,260557,68,0,13 14,1,30,,260564,68,0,13 14,1,100,,260558,68,0,13 14,1,100,,260559,68,0,13 14,1
10900,'109-Saturday-1-26-09-0000010',833,,216990,68,0,13 14,1,70,,216991,68,0,13 14,1,33,,216992,68,0,13 14,1,71,,216993,68,0,13 14,1,30,,216994,68,0,13 14,1,70,,216995,68,0,13 14,1,30,,216996,68,0,13 14,1,70,,216997,68,0,13 14,1,30,,216998,68,0,13 14,1,70,,216999,68,0,13 14,1,30,,217000,68,0,13 14,1,70,,217001,68,0,13 14,1,30,,217002,68,0,13 14,1,70,,217003,68,0,13 14,1,30,,217004,68,0,13 14,1,70,,217005,68,0,13 14,1,30,,217006,68,0,13 14,1,70,,217007,68,0,13 14,1,28,,217008,68,0,13 14,1,70,,217009,68,0,13 14,1,30,,217010,68,0,13 14,1,70,,217011,68,0,13 14,1,30,,217012,68,0,13 14,1,70,,217013,68,0,13 14,1,30,,217014,68,0,13 14,1,70,,217015,68,0,13 14,1,30,,217016,68,0,13 14,1,70,,217017,68,0,13 14,1,30,,217018,68,0,13 14,1
10900,'109-Sunday-1-26-09-0000001',1046,,217019,68,0,13 14,1,70,,217020,68,0,13 14,1,30,,217021,68,0,13 14,1,70,,217022,68,0,13 14,1,30,,217023,68,0,13 14,1,70,,217024,68,0,13 14,1,30,,217025,68,0,13 14,1,70,,217026,68,0,13 14,1,30,,217027,68,0,13 14,1,70,,217028,68,0,13 14,1,30,,217029,68,0,13 14,1,70,,217030,68,0,13 14,1,30,,217031,68,0,13 14,1,69,,217032,68,0,13 14,1,29,,217033,68,0,13 14,1,70,,217034,68,0,13 14,1,30,,217035,68,0,13 14,1,70,,217036,68,0,13 14,1
61401,'614-Weekday-1-26-09-1111100',751,,227423,22,,,1,85,,227424,22,,,1
61401,'614-Weekday-3-26-09-1111100',836,,227425,22,,,1
61401,'614-Weekday-4-26-09-1111100',751,,270281,22,,,1
61401,'614-Weekday-7-26-09-1111100',751,,270282,22,,,1,85,,270283,22,,,1
