5401,'054-Weekday-1-26-09-1111100',540,,212410,48,,,1,70,,212411,48,,,1,15,,212412,48,,,1,15,,212460,48,,,1,64,,212453,48,,,1,18,,212454,48,,,1,17,,212455,48,,,1,19,,212456,48,,,1,57,,212457,48,,,1,15,,212458,48,,,1,16,,212459,48,,,1,58,,212413,48,,,1,21,,212414,48,,,1,20,,212415,48,,,1,61,,212416,48,,,1,19,,212417,48,,,1,19,,212418,48,,,1,60,,212419,48,,,1,20,,212420,48,,,1,20,,212421,48,,,1,60,,212422,48,,,1,20,,212423,48,,,1,20,,212424,48,,,1,60,,212425,48,,,1,20,,212426,48,,,1,20,,212427,48,,,1,60,,212428,48,,,1,20,,212429,48,,,1,20,,212430,48,,,1,61,,212431,48,,,1,21,,212432,48,,,1,21,,212433,48,,,1,57,,212462,48,,,1,16,,212461,48,,,1,19,,212434,48,,,1,61,,212435,48,,,1,17,,212436,48,,,1,17,,212437,48,,,1,15,,212438,48,,,1,54,,212439,48,,,1,13,,212440,48,,,1,13,,212441,48,,,1,13,,212442,48,,,1,66,,212443,48,,,1,31,,212444,48,,,1,71,,212445,48,,,1,30,,212446,48,,,1,70,,212447,48,,,1,30,,212448,48,,,1,69,,212449,48,,,1,29,,212450,48,,,1,100,,212451,48,,,1,100,,212452,48,,,1
5401,'054-Weekday-2-26-09-1111100',540,,212463,48,,,1,70,,212464,48,,,1,15,,212465,48,,,1,15,,212513,48,,,1,64,,212506,48,,,1,18,,212507,48,,,1,17,,212508,48,,,1,19,,212509,48,,,1,57,,212510,48,,,1,15,,212511,48,,,1,16,,212512,48,,,1,58,,212466,48,,,1,21,,212467,48,,,1,20,,212468,48,,,1,61,,212469,48,,,1,19,,212470,48,,,1,19,,212471,48,,,1,60,,212472,48,,,1,20,,212473,48,,,1,20,,212474,48,,,1,60,,212475,48,,,1,20,,212476,48,,,1,20,,212477,48,,,1,60,,212478,48,,,1,20,,212479,48,,,1,20,,212480,48,,,1,60,,212481,48,,,1,20,,212482,48,,,1,20,,212483,48,,,1,61,,212484,48,,,1,21,,212485,48,,,1,21,,212486,48,,,1,57,,212515,48,,,1,16,,212514,48,,,1,19,,212487,48,,,1,61,,212488,48,,,1,17,,212489,48,,,1,17,,212490,48,,,1,15,,212491,48,,,1,54,,212492,48,,,1,13,,212493,48,,,1,13,,212494,48,,,1,13,,212495,48,,,1,66,,212496,48,,,1,31,,212497,48,,,1,71,,212498,48,,,1,30,,212499,48,,,1,70,,212500,48,,,1,30,,212501,48,,,1,69,,212502,48,,,1,29,,212503,48,,,1,100,,212504,48,,,1,100,,212505,48,,,1
5401,'054-Weekday-4-26-09-1111100',540,,212516,48,,,1,70,,212517,48,,,1,15,,212518,48,,,1,15,,212566,48,,,1,64,,212559,48,,,1,18,,212560,48,,,1,17,,212561,48,,,1,19,,212562,48,,,1,57,,212563,48,,,1,15,,212564,48,,,1,16,,212565,48,,,1,58,,212519,48,,,1,21,,212520,48,,,1,20,,212521,48,,,1,61,,212522,48,,,1,19,,212523,48,,,1,19,,212524,48,,,1,60,,212525,48,,,1,20,,212526,48,,,1,20,,212527,48,,,1,60,,212528,48,,,1,20,,212529,48,,,1,20,,212530,48,,,1,60,,212531,48,,,1,20,,212532,48,,,1,20,,212533,48,,,1,60,,212534,48,,,1,20,,212535,48,,,1,20,,212536,48,,,1,61,,212537,48,,,1,21,,212538,48,,,1,21,,212539,48,,,1,57,,212568,48,,,1,16,,212567,48,,,1,19,,212540,48,,,1,61,,212541,48,,,1,17,,212542,48,,,1,17,,212543,48,,,1,15,,212544,48,,,1,54,,212545,48,,,1,13,,212546,48,,,1,13,,212547,48,,,1,13,,212548,48,,,1,66,,212549,48,,,1,31,,212550,48,,,1,71,,212551,48,,,1,30,,212552,48,,,1,70,,212553,48,,,1,30,,212554,48,,,1,69,,212555,48,,,1,29,,212556,48,,,1,100,,212557,48,,,1,100,,212558,48,,,1
5401,'054-Weekday-8-26-09-1111100',540,,246729,48,,,1,70,,246730,48,,,1,15,,246731,48,,,1,15,,246779,48,,,1,64,,246772,48,,,1,18,,246773,48,,,1,17,,246774,48,,,1,19,,246775,48,,,1,57,,246776,48,,,1,15,,246777,48,,,1,16,,246778,48,,,1,58,,246732,48,,,1,21,,246733,48,,,1,20,,246734,48,,,1,61,,246735,48,,,1,19,,246736,48,,,1,19,,246737,48,,,1,60,,246738,48,,,1,20,,246739,48,,,1,20,,246740,48,,,1,60,,246741,48,,,1,20,,246742,48,,,1,20,,246743,48,,,1,60,,246744,48,,,1,20,,246745,48,,,1,20,,246746,48,,,1,60,,246747,48,,,1,20,,246748,48,,,1,20,,246749,48,,,1,61,,246750,48,,,1,21,,246751,48,,,1,21,,246752,48,,,1,57,,246781,48,,,1,16,,246780,48,,,1,19,,246753,48,,,1,61,,246754,48,,,1,17,,246755,48,,,1,17,,246756,48,,,1,15,,246757,48,,,1,54,,246758,48,,,1,13,,246759,48,,,1,13,,246760,48,,,1,13,,246761,48,,,1,66,,246762,48,,,1,31,,246763,48,,,1,71,,246764,48,,,1,30,,246765,48,,,1,70,,246766,48,,,1,30,,246767,48,,,1,69,,246768,48,,,1,29,,246769,48,,,1,100,,246770,48,,,1,100,,246771,48,,,1
5401,'054-Weekday-9-26-09-1111100',540,,246782,48,,,1,70,,246783,48,,,1,15,,246784,48,,,1,15,,246832,48,,,1,64,,246825,48,,,1,18,,246826,48,,,1,17,,246827,48,,,1,19,,246828,48,,,1,57,,246829,48,,,1,15,,246830,48,,,1,16,,246831,48,,,1,58,,246785,48,,,1,21,,246786,48,,,1,20,,246787,48,,,1,61,,246788,48,,,1,19,,246789,48,,,1,19,,246790,48,,,1,60,,246791,48,,,1,20,,246792,48,,,1,20,,246793,48,,,1,60,,246794,48,,,1,20,,246795,48,,,1,20,,246796,48,,,1,60,,246797,48,,,1,20,,246798,48,,,1,20,,246799,48,,,1,60,,246800,48,,,1,20,,246801,48,,,1,20,,246802,48,,,1,61,,246803,48,,,1,21,,246804,48,,,1,21,,246805,48,,,1,57,,246834,48,,,1,16,,246833,48,,,1,19,,246806,48,,,1,61,,246807,48,,,1,17,,246808,48,,,1,17,,246809,48,,,1,15,,246810,48,,,1,54,,246811,48,,,1,13,,246812,48,,,1,13,,246813,48,,,1,13,,246814,48,,,1,66,,246815,48,,,1,31,,246816,48,,,1,71,,246817,48,,,1,30,,246818,48,,,1,70,,246819,48,,,1,30,,246820,48,,,1,69,,246821,48,,,1,29,,246822,48,,,1,100,,246823,48,,,1,100,,246824,48,,,1
5401,'054-Saturday-1-26-09-0000010',639,,212569,48,,,1,70,,212570,48,,,1,30,,212571,48,,,1,70,,212572,48,,,1,30,,212573,48,,,1,63,,212574,48,,,1,24,,212575,48,,,1,24,,212576,48,,,1,60,,212577,48,,,1,20,,212578,48,,,1,20,,212579,48,,,1,60,,212580,48,,,1,20,,212581,48,,,1,20,,212582,48,,,1,60,,212583,48,,,1,20,,212584,48,,,1,20,,212585,48,,,1,60,,212586,48,,,1,20,,212587,48,,,1,20,,212588,48,,,1,60,,212589,48,,,1,20,,212590,48,,,1,20,,212591,48,,,1,60,,212592,48,,,1,20,,212593,48,,,1,20,,212594,48,,,1,60,,212595,48,,,1,20,,212596,48,,,1,20,,212597,48,,,1,60,,212598,48,,,1,21,,212599,48,,,1,21,,212600,48,,,1,60,,212601,48,,,1,20,,212602,48,,,1,20,,212603,48,,,1,60,,212604,48,,,1,20,,212605,48,,,1,20,,212606,48,,,1,60,,212607,48,,,1,20,,212608,48,,,1,20,,212609,48,,,1,60,,212610,48,,,1,20,,212611,48,,,1,20,,212612,48,,,1,60,,212613,48,,,1,30,,212614,48,,,1,100,,212615,48,,,1,100,,212616,48,,,1
5401,'054-Saturday-2-26-09-0000010',639,,246835,48,,,1,70,,246836,48,,,1,30,,246837,48,,,1,70,,246838,48,,,1,30,,246839,48,,,1,63,,246840,48,,,1,24,,246841,48,,,1,24,,246842,48,,,1,60,,246843,48,,,1,20,,246844,48,,,1,20,,246845,48,,,1,60,,246846,48,,,1,20,,246847,48,,,1,20,,246848,48,,,1,60,,246849,48,,,1,20,,246850,48,,,1,20,,246851,48,,,1,60,,246852,48,,,1,20,,246853,48,,,1,20,,246854,48,,,1,60,,246855,48,,,1,20,,246856,48,,,1,20,,246857,48,,,1,60,,246858,48,,,1,20,,246859,48,,,1,20,,246860,48,,,1,60,,246861,48,,,1,20,,246862,48,,,1,20,,246863,48,,,1,60,,246864,48,,,1,21,,246865,48,,,1,21,,246866,48,,,1,60,,246867,48,,,1,20,,246868,48,,,1,20,,246869,48,,,1,60,,246870,48,,,1,20,,246871,48,,,1,20,,246872,48,,,1,60,,246873,48,,,1,20,,246874,48,,,1,20,,246875,48,,,1,60,,246876,48,,,1,20,,246877,48,,,1,20,,246878,48,,,1,60,,246879,48,,,1,30,,246880,48,,,1,100,,246881,48,,,1,100,,246882,48,,,1
5401,'054-Sunday-1-26-09-0000001',641,,212659,48,,,1,70,,212660,48,,,1,30,,212617,48,,,1,70,,212618,48,,,1,30,,212619,48,,,1,69,,212620,48,,,1,33,,212621,48,,,1,70,,212622,48,,,1,30,,212623,48,,,1,60,,212624,48,,,1,20,,212625,48,,,1,20,,212626,48,,,1,60,,212627,48,,,1,20,,212628,48,,,1,20,,212629,48,,,1,60,,212630,48,,,1,20,,212631,48,,,1,20,,212632,48,,,1,60,,212633,48,,,1,20,,212634,48,,,1,20,,212635,48,,,1,60,,212636,48,,,1,20,,212637,48,,,1,20,,212638,48,,,1,60,,212639,48,,,1,20,,212640,48,,,1,20,,212641,48,,,1,60,,212642,48,,,1,20,,212643,48,,,1,21,,212644,48,,,1,60,,212645,48,,,1,20,,212646,48,,,1,20,,212647,48,,,1,60,,212648,48,,,1,20,,212649,48,,,1,20,,212650,48,,,1,70,,212651,48,,,1,30,,212652,48,,,1,70,,212653,48,,,1,30,,212654,48,,,1,70,,212655,48,,,1,30,,212656,48,,,1,100,,212657,48,,,1,100,,212658,48,,,1
5401,'054-Sunday-2-26-09-0000001',641,,246925,48,,,1,70,,246926,48,,,1,30,,246883,48,,,1,70,,246884,48,,,1,30,,246885,48,,,1,69,,246886,48,,,1,33,,246887,48,,,1,70,,246888,48,,,1,30,,246889,48,,,1,60,,246890,48,,,1,20,,246891,48,,,1,20,,246892,48,,,1,60,,246893,48,,,1,20,,246894,48,,,1,20,,246895,48,,,1,60,,246896,48,,,1,20,,246897,48,,,1,20,,246898,48,,,1,60,,246899,48,,,1,20,,246900,48,,,1,20,,246901,48,,,1,60,,246902,48,,,1,20,,246903,48,,,1,20,,246904,48,,,1,60,,246905,48,,,1,20,,246906,48,,,1,20,,246907,48,,,1,60,,246908,48,,,1,20,,246909,48,,,1,21,,246910,48,,,1,60,,246911,48,,,1,20,,246912,48,,,1,20,,246913,48,,,1,60,,246914,48,,,1,20,,246915,48,,,1,20,,246916,48,,,1,70,,246917,48,,,1,30,,246918,48,,,1,70,,246919,48,,,1,30,,246920,48,,,1,70,,246921,48,,,1,30,,246922,48,,,1,100,,246923,48,,,1,100,,246924,48,,,1
5401,'054-Sunday-3-26-09-0000001',641,,246969,48,,,1,70,,246970,48,,,1,30,,246927,48,,,1,70,,246928,48,,,1,30,,246929,48,,,1,69,,246930,48,,,1,33,,246931,48,,,1,70,,246932,48,,,1,30,,246933,48,,,1,60,,246934,48,,,1,20,,246935,48,,,1,20,,246936,48,,,1,60,,246937,48,,,1,20,,246938,48,,,1,20,,246939,48,,,1,60,,246940,48,,,1,20,,246941,48,,,1,20,,246942,48,,,1,60,,246943,48,,,1,20,,246944,48,,,1,20,,246945,48,,,1,60,,246946,48,,,1,20,,246947,48,,,1,20,,246948,48,,,1,60,,246949,48,,,1,20,,246950,48,,,1,20,,246951,48,,,1,60,,246952,48,,,1,20,,246953,48,,,1,21,,246954,48,,,1,60,,246955,48,,,1,20,,246956,48,,,1,20,,246957,48,,,1,60,,246958,48,,,1,20,,246959,48,,,1,20,,246960,48,,,1,70,,246961,48,,,1,30,,246962,48,,,1,70,,246963,48,,,1,30,,246964,48,,,1,70,,246965,48,,,1,30,,246966,48,,,1,100,,246967,48,,,1,100,,246968,48,,,1
