11400,'114-Weekday-1-26-09-1111100',509,,218003,1,,,1,30,,218004,1,,,1,70,,218005,1,,,1,15,,218006,1,,,1,12,,218007,1,,,1,12,,218008,1,,,1,52,,218061,1,,,1,12,,218010,1,,,1,12,,218009,1,,,1,12,,218011,1,,,1,12,,218012,1,,,1,52,,218062,1,,,1,12,,218013,1,,,1,12,,218021,1,,,1,12,,218057,1,,,1,12,,218022,1,,,1,52,,218023,1,,,1,15,,218024,1,,,1,15,,218025,1,,,1,15,,218026,1,,,1,55,,218027,1,,,1,15,,218028,1,,,1,15,,218029,1,,,1,15,,218030,1,,,1,55,,218031,1,,,1,15,,218032,1,,,1,15,,218033,1,,,1,17,,218034,1,,,1,56,,218035,1,,,1,15,,218014,1,,,1,15,,218015,1,,,1,15,,218016,1,,,1,55,,218017,1,,,1,15,,218018,1,,,1,15,,218019,1,,,1,15,,218020,1,,,1,55,,218001,1,,,1,15,,218002,1,,,1,11,,218036,1,,,1,12,,218037,1,,,1,12,,218038,1,,,1,6,,218067,1,,,1,46,,218063,1,,,1,6,,218068,1,,,1,6,,218058,1,,,1,12,,218039,1,,,1,12,,218040,1,,,1,12,,218041,1,,,1,52,,218064,1,,,1,12,,218059,1,,,1,12,,218042,1,,,1,12,,218043,1,,,1,12,,218044,1,,,1,52,,218065,1,,,1,12,,218060,1,,,1,12,,218045,1,,,1,13,,218066,1,,,1,58,,218056,1,,,1,22,,218046,1,,,1,30,,218047,1,,,1,70,,218048,1,,,1,30,,218049,1,,,1,70,,218050,1,,,1,30,,218051,1,,,1,70,,218052,1,,,1,30,,218053,1,,,1,100,,218054,1,,,1,100,,218055,1,,,1
11400,'114-Weekday-2-26-09-1111100',509,,218071,1,,,1,30,,218072,1,,,1,70,,218073,1,,,1,15,,218074,1,,,1,12,,218075,1,,,1,12,,218076,1,,,1,52,,218129,1,,,1,12,,218078,1,,,1,12,,218077,1,,,1,12,,218079,1,,,1,12,,218080,1,,,1,52,,218130,1,,,1,12,,218081,1,,,1,12,,218089,1,,,1,12,,218125,1,,,1,12,,218090,1,,,1,52,,218091,1,,,1,15,,218092,1,,,1,15,,218093,1,,,1,15,,218094,1,,,1,55,,218095,1,,,1,15,,218096,1,,,1,15,,218097,1,,,1,15,,218098,1,,,1,55,,218099,1,,,1,15,,218100,1,,,1,15,,218101,1,,,1,17,,218102,1,,,1,56,,218103,1,,,1,15,,218082,1,,,1,15,,218083,1,,,1,15,,218084,1,,,1,55,,218085,1,,,1,15,,218086,1,,,1,15,,218087,1,,,1,15,,218088,1,,,1,55,,218069,1,,,1,15,,218070,1,,,1,11,,218104,1,,,1,12,,218105,1,,,1,12,,218106,1,,,1,6,,218135,1,,,1,46,,218131,1,,,1,6,,218136,1,,,1,6,,218126,1,,,1,12,,218107,1,,,1,12,,218108,1,,,1,12,,218109,1,,,1,52,,218132,1,,,1,12,,218127,1,,,1,12,,218110,1,,,1,12,,218111,1,,,1,12,,218112,1,,,1,52,,218133,1,,,1,12,,218128,1,,,1,12,,218113,1,,,1,13,,218134,1,,,1,58,,218124,1,,,1,22,,218114,1,,,1,30,,218115,1,,,1,70,,218116,1,,,1,30,,218117,1,,,1,70,,218118,1,,,1,30,,218119,1,,,1,70,,218120,1,,,1,30,,218121,1,,,1,100,,218122,1,,,1,100,,218123,1,,,1
11400,'114-Weekday-3-26-09-1111100',509,,261488,1,,,1,30,,261489,1,,,1,70,,261490,1,,,1,15,,261491,1,,,1,12,,261492,1,,,1,12,,261493,1,,,1,52,,261546,1,,,1,12,,261495,1,,,1,12,,261494,1,,,1,12,,261496,1,,,1,12,,261497,1,,,1,52,,261547,1,,,1,12,,261498,1,,,1,12,,261506,1,,,1,12,,261542,1,,,1,12,,261507,1,,,1,52,,261508,1,,,1,15,,261509,1,,,1,15,,261510,1,,,1,15,,261511,1,,,1,55,,261512,1,,,1,15,,261513,1,,,1,15,,261514,1,,,1,15,,261515,1,,,1,55,,261516,1,,,1,15,,261517,1,,,1,15,,261518,1,,,1,17,,261519,1,,,1,56,,261520,1,,,1,15,,261499,1,,,1,15,,261500,1,,,1,15,,261501,1,,,1,55,,261502,1,,,1,15,,261503,1,,,1,15,,261504,1,,,1,15,,261505,1,,,1,55,,261486,1,,,1,15,,261487,1,,,1,11,,261521,1,,,1,12,,261522,1,,,1,12,,261523,1,,,1,6,,261552,1,,,1,46,,261548,1,,,1,6,,261553,1,,,1,6,,261543,1,,,1,12,,261524,1,,,1,12,,261525,1,,,1,12,,261526,1,,,1,52,,261549,1,,,1,12,,261544,1,,,1,12,,261527,1,,,1,12,,261528,1,,,1,12,,261529,1,,,1,52,,261550,1,,,1,12,,261545,1,,,1,12,,261530,1,,,1,13,,261551,1,,,1,58,,261541,1,,,1,22,,261531,1,,,1,30,,261532,1,,,1,70,,261533,1,,,1,30,,261534,1,,,1,70,,261535,1,,,1,30,,261536,1,,,1,70,,261537,1,,,1,30,,261538,1,,,1,100,,261539,1,,,1,100,,261540,1,,,1
11400,'114-Weekday-4-26-09-1111100',509,,218139,1,,,1,30,,218140,1,,,1,70,,218141,1,,,1,15,,218142,1,,,1,12,,218143,1,,,1,12,,218144,1,,,1,52,,218197,1,,,1,12,,218146,1,,,1,12,,218145,1,,,1,12,,218147,1,,,1,12,,218148,1,,,1,52,,218198,1,,,1,12,,218149,1,,,1,12,,218157,1,,,1,12,,218193,1,,,1,12,,218158,1,,,1,52,,218159,1,,,1,15,,218160,1,,,1,15,,218161,1,,,1,15,,218162,1,,,1,55,,218163,1,,,1,15,,218164,1,,,1,15,,218165,1,,,1,15,,218166,1,,,1,55,,218167,1,,,1,15,,218168,1,,,1,15,,218169,1,,,1,17,,218170,1,,,1,56,,218171,1,,,1,15,,218150,1,,,1,15,,218151,1,,,1,15,,218152,1,,,1,55,,218153,1,,,1,15,,218154,1,,,1,15,,218155,1,,,1,15,,218156,1,,,1,55,,218137,1,,,1,15,,218138,1,,,1,11,,218172,1,,,1,12,,218173,1,,,1,12,,218174,1,,,1,52,,218199,1,,,1,12,,218194,1,,,1,12,,218175,1,,,1,12,,218176,1,,,1,12,,218177,1,,,1,52,,218200,1,,,1,12,,218195,1,,,1,12,,218178,1,,,1,12,,218179,1,,,1,12,,218180,1,,,1,52,,218201,1,,,1,12,,218196,1,,,1,12,,218181,1,,,1,13,,218202,1,,,1,58,,218192,1,,,1,22,,218182,1,,,1,30,,218183,1,,,1,70,,218184,1,,,1,30,,218185,1,,,1,70,,218186,1,,,1,30,,218187,1,,,1,70,,218188,1,,,1,30,,218189,1,,,1,100,,218190,1,,,1,100,,218191,1,,,1
11400,'114-Weekday-5-26-09-1111100',509,,261556,1,,,1,30,,261557,1,,,1,70,,261558,1,,,1,15,,261559,1,,,1,12,,261560,1,,,1,12,,261561,1,,,1,52,,261614,1,,,1,12,,261563,1,,,1,12,,261562,1,,,1,12,,261564,1,,,1,12,,261565,1,,,1,52,,261615,1,,,1,12,,261566,1,,,1,12,,261574,1,,,1,12,,261610,1,,,1,12,,261575,1,,,1,52,,261576,1,,,1,15,,261577,1,,,1,15,,261578,1,,,1,15,,261579,1,,,1,55,,261580,1,,,1,15,,261581,1,,,1,15,,261582,1,,,1,15,,261583,1,,,1,55,,261584,1,,,1,15,,261585,1,,,1,15,,261586,1,,,1,17,,261587,1,,,1,56,,261588,1,,,1,15,,261567,1,,,1,15,,261568,1,,,1,15,,261569,1,,,1,55,,261570,1,,,1,15,,261571,1,,,1,15,,261572,1,,,1,15,,261573,1,,,1,55,,261554,1,,,1,15,,261555,1,,,1,11,,261589,1,,,1,12,,261590,1,,,1,12,,261591,1,,,1,52,,261616,1,,,1,12,,261611,1,,,1,12,,261592,1,,,1,12,,261593,1,,,1,12,,261594,1,,,1,52,,261617,1,,,1,12,,261612,1,,,1,12,,261595,1,,,1,12,,261596,1,,,1,12,,261597,1,,,1,52,,261618,1,,,1,12,,261613,1,,,1,12,,261598,1,,,1,13,,261619,1,,,1,58,,261609,1,,,1,22,,261599,1,,,1,30,,261600,1,,,1,70,,261601,1,,,1,30,,261602,1,,,1,70,,261603,1,,,1,30,,261604,1,,,1,70,,261605,1,,,1,30,,261606,1,,,1,100,,261607,1,,,1,100,,261608,1,,,1
11400,'114-Weekday-6-26-09-1111100',509,,261622,1,,,1,30,,261623,1,,,1,70,,261624,1,,,1,15,,261625,1,,,1,12,,261626,1,,,1,12,,261627,1,,,1,52,,261680,1,,,1,12,,261629,1,,,1,12,,261628,1,,,1,12,,261630,1,,,1,12,,261631,1,,,1,52,,261681,1,,,1,12,,261632,1,,,1,12,,261640,1,,,1,12,,261676,1,,,1,12,,261641,1,,,1,52,,261642,1,,,1,15,,261643,1,,,1,15,,261644,1,,,1,15,,261645,1,,,1,55,,261646,1,,,1,15,,261647,1,,,1,15,,261648,1,,,1,15,,261649,1,,,1,55,,261650,1,,,1,15,,261651,1,,,1,15,,261652,1,,,1,17,,261653,1,,,1,56,,261654,1,,,1,15,,261633,1,,,1,15,,261634,1,,,1,15,,261635,1,,,1,55,,261636,1,,,1,15,,261637,1,,,1,15,,261638,1,,,1,15,,261639,1,,,1,55,,261620,1,,,1,15,,261621,1,,,1,11,,261655,1,,,1,12,,261656,1,,,1,12,,261657,1,,,1,6,,261686,1,,,1,46,,261682,1,,,1,6,,261687,1,,,1,6,,261677,1,,,1,12,,261658,1,,,1,12,,261659,1,,,1,12,,261660,1,,,1,52,,261683,1,,,1,12,,261678,1,,,1,12,,261661,1,,,1,12,,261662,1,,,1,12,,261663,1,,,1,52,,261684,1,,,1,12,,261679,1,,,1,12,,261664,1,,,1,13,,261685,1,,,1,58,,261675,1,,,1,22,,261665,1,,,1,30,,261666,1,,,1,70,,261667,1,,,1,30,,261668,1,,,1,70,,261669,1,,,1,30,,261670,1,,,1,70,,261671,1,,,1,30,,261672,1,,,1,100,,261673,1,,,1,100,,261674,1,,,1
11400,'114-Weekday-7-26-09-1111100',509,,261690,1,,,1,30,,261691,1,,,1,70,,261692,1,,,1,15,,261693,1,,,1,12,,261694,1,,,1,12,,261695,1,,,1,52,,261748,1,,,1,12,,261697,1,,,1,12,,261696,1,,,1,12,,261698,1,,,1,12,,261699,1,,,1,52,,261749,1,,,1,12,,261700,1,,,1,12,,261708,1,,,1,12,,261744,1,,,1,12,,261709,1,,,1,52,,261710,1,,,1,15,,261711,1,,,1,15,,261712,1,,,1,15,,261713,1,,,1,55,,261714,1,,,1,15,,261715,1,,,1,15,,261716,1,,,1,15,,261717,1,,,1,55,,261718,1,,,1,15,,261719,1,,,1,15,,261720,1,,,1,17,,261721,1,,,1,56,,261722,1,,,1,15,,261701,1,,,1,15,,261702,1,,,1,15,,261703,1,,,1,55,,261704,1,,,1,15,,261705,1,,,1,15,,261706,1,,,1,15,,261707,1,,,1,55,,261688,1,,,1,15,,261689,1,,,1,11,,261723,1,,,1,12,,261724,1,,,1,12,,261725,1,,,1,52,,261750,1,,,1,12,,261745,1,,,1,12,,261726,1,,,1,12,,261727,1,,,1,12,,261728,1,,,1,52,,261751,1,,,1,12,,261746,1,,,1,12,,261729,1,,,1,12,,261730,1,,,1,12,,261731,1,,,1,52,,261752,1,,,1,12,,261747,1,,,1,12,,261732,1,,,1,13,,261753,1,,,1,58,,261743,1,,,1,22,,261733,1,,,1,30,,261734,1,,,1,70,,261735,1,,,1,30,,261736,1,,,1,70,,261737,1,,,1,30,,261738,1,,,1,70,,261739,1,,,1,30,,261740,1,,,1,100,,261741,1,,,1,100,,261742,1,,,1
11400,'114-Saturday-1-26-09-0000010',615,,218203,1,,,1,100,,218204,1,,,1,90,,218205,1,,,1,20,,218206,1,,,1,20,,218207,1,,,1,60,,218208,1,,,1,20,,218209,1,,,1,20,,218210,1,,,1,60,,218211,1,,,1,20,,218212,1,,,1,20,,218213,1,,,1,60,,218215,1,,,1,20,,218216,1,,,1,20,,218217,1,,,1,60,,218219,1,,,1,20,,218220,1,,,1,20,,218221,1,,,1,60,,218223,1,,,1,20,,218224,1,,,1,20,,218225,1,,,1,60,,218227,1,,,1,20,,218228,1,,,1,20,,218229,1,,,1,60,,218231,1,,,1,20,,218232,1,,,1,20,,218233,1,,,1,60,,218235,1,,,1,20,,218218,1,,,1,20,,218234,1,,,1,60,,218230,1,,,1,20,,218226,1,,,1,20,,218222,1,,,1,60,,218214,1,,,1,24,,218244,1,,,1,25,,218245,1,,,1,65,,218236,1,,,1,30,,218237,1,,,1,70,,218238,1,,,1,30,,218239,1,,,1,70,,218240,1,,,1,30,,218241,1,,,1,100,,218242,1,,,1,100,,218243,1,,,1
11400,'114-Sunday-1-26-09-0000001',625,,218249,1,,,1,100,,218248,1,,,1,100,,218247,1,,,1,100,,218246,1,,,1,89,,218250,1,,,1,20,,218251,1,,,1,20,,218252,1,,,1,60,,218253,1,,,1,20,,218254,1,,,1,20,,218255,1,,,1,60,,218256,1,,,1,20,,218257,1,,,1,20,,218258,1,,,1,60,,218259,1,,,1,20,,218260,1,,,1,20,,218261,1,,,1,60,,218262,1,,,1,20,,218263,1,,,1,20,,218264,1,,,1,60,,218265,1,,,1,20,,218266,1,,,1,20,,218267,1,,,1,60,,218268,1,,,1,20,,218269,1,,,1,20,,218270,1,,,1,60,,218271,1,,,1,20,,218272,1,,,1,20,,218273,1,,,1,60,,218274,1,,,1,20,,218275,1,,,1,20,,218276,1,,,1,71,,218277,1,,,1,30,,218278,1,,,1,70,,218279,1,,,1,30,,218280,1,,,1,70,,218281,1,,,1,30,,218282,1,,,1,100,,218283,1,,,1,100,,218284,1,,,1
11401,'114-Weekday-1-26-09-1111100',544,,218285,36,4,,1,70,,218286,36,4,,1,34,,218287,36,4,,1,60,,218288,36,4,,1,13,,218289,36,4,,1,14,,218290,36,4,,1,12,,218343,36,4,,1,12,,218292,36,4,,1,52,,218291,36,4,,1,12,,218293,36,4,,1,6,,218347,36,4,,1,5,,218294,36,4,,1,5,,218348,36,4,,1,5,,218344,36,4,,1,12,,218295,36,4,,1,51,,218349,36,4,,1,4,,218342,36,4,,1,8,,218350,36,4,,1,7,,218337,36,4,,1,15,,218338,36,4,,1,15,,218339,36,4,,1,55,,218340,36,4,,1,15,,218309,36,4,,1,15,,218308,36,4,,1,15,,218307,36,4,,1,55,,218305,36,4,,1,15,,218306,36,4,,1,17,,218313,36,4,,1,16,,218312,36,4,,1,55,,218311,36,4,,1,15,,218310,36,4,,1,15,,218336,36,4,,1,15,,218296,36,4,,1,55,,218297,36,4,,1,15,,218298,36,4,,1,15,,218299,36,4,,1,15,,218300,36,4,,1,55,,218301,36,4,,1,15,,218302,36,4,,1,15,,218303,36,4,,1,15,,218304,36,4,,1,54,,218345,36,4,,1,13,,218334,36,4,,1,14,,218335,36,4,,1,12,,218333,36,4,,1,52,,218332,36,4,,1,3,,218351,36,4,,1,9,,218331,36,4,,1,12,,218330,36,4,,1,12,,218329,36,4,,1,12,,218328,36,4,,1,52,,218327,36,4,,1,12,,218325,36,4,,1,12,,218326,36,4,,1,12,,218341,36,4,,1,19,,218346,36,4,,1,60,,218324,36,4,,1,26,,218323,36,4,,1,69,,218322,36,4,,1,30,,218321,36,4,,1,70,,218320,36,4,,1,30,,218319,36,4,,1,70,,218318,36,4,,1,30,,218317,36,4,,1,68,,218316,36,4,,1,97,,218315,36,4,,1,100,,218314,36,4,,1
11401,'114-Weekday-2-26-09-1111100',544,,218352,36,4,,1,70,,218353,36,4,,1,34,,218354,36,4,,1,60,,218355,36,4,,1,13,,218356,36,4,,1,14,,218357,36,4,,1,12,,218410,36,4,,1,12,,218359,36,4,,1,52,,218358,36,4,,1,12,,218360,36,4,,1,6,,218414,36,4,,1,5,,218361,36,4,,1,5,,218415,36,4,,1,5,,218411,36,4,,1,12,,218362,36,4,,1,51,,218416,36,4,,1,4,,218409,36,4,,1,8,,218417,36,4,,1,7,,218404,36,4,,1,15,,218405,36,4,,1,15,,218406,36,4,,1,55,,218407,36,4,,1,15,,218376,36,4,,1,15,,218375,36,4,,1,15,,218374,36,4,,1,55,,218372,36,4,,1,15,,218373,36,4,,1,17,,218380,36,4,,1,16,,218379,36,4,,1,55,,218378,36,4,,1,15,,218377,36,4,,1,15,,218403,36,4,,1,15,,218363,36,4,,1,55,,218364,36,4,,1,15,,218365,36,4,,1,15,,218366,36,4,,1,15,,218367,36,4,,1,55,,218368,36,4,,1,15,,218369,36,4,,1,15,,218370,36,4,,1,15,,218371,36,4,,1,54,,218412,36,4,,1,13,,218401,36,4,,1,14,,218402,36,4,,1,12,,218400,36,4,,1,52,,218399,36,4,,1,3,,218418,36,4,,1,9,,218398,36,4,,1,12,,218397,36,4,,1,12,,218396,36,4,,1,12,,218395,36,4,,1,52,,218394,36,4,,1,12,,218392,36,4,,1,12,,218393,36,4,,1,12,,218408,36,4,,1,19,,218413,36,4,,1,60,,218391,36,4,,1,26,,218390,36,4,,1,69,,218389,36,4,,1,30,,218388,36,4,,1,70,,218387,36,4,,1,30,,218386,36,4,,1,70,,218385,36,4,,1,30,,218384,36,4,,1,68,,218383,36,4,,1,97,,218382,36,4,,1,100,,218381,36,4,,1
11401,'114-Weekday-3-26-09-1111100',544,,261754,36,4,,1,70,,261755,36,4,,1,34,,261756,36,4,,1,60,,261757,36,4,,1,13,,261758,36,4,,1,14,,261759,36,4,,1,12,,261812,36,4,,1,12,,261761,36,4,,1,52,,261760,36,4,,1,12,,261762,36,4,,1,6,,261816,36,4,,1,5,,261763,36,4,,1,5,,261817,36,4,,1,5,,261813,36,4,,1,12,,261764,36,4,,1,51,,261818,36,4,,1,4,,261811,36,4,,1,8,,261819,36,4,,1,7,,261806,36,4,,1,15,,261807,36,4,,1,15,,261808,36,4,,1,55,,261809,36,4,,1,15,,261778,36,4,,1,15,,261777,36,4,,1,15,,261776,36,4,,1,55,,261774,36,4,,1,15,,261775,36,4,,1,17,,261782,36,4,,1,16,,261781,36,4,,1,55,,261780,36,4,,1,15,,261779,36,4,,1,15,,261805,36,4,,1,15,,261765,36,4,,1,55,,261766,36,4,,1,15,,261767,36,4,,1,15,,261768,36,4,,1,15,,261769,36,4,,1,55,,261770,36,4,,1,15,,261771,36,4,,1,15,,261772,36,4,,1,15,,261773,36,4,,1,54,,261814,36,4,,1,13,,261803,36,4,,1,14,,261804,36,4,,1,12,,261802,36,4,,1,52,,261801,36,4,,1,3,,261820,36,4,,1,9,,261800,36,4,,1,12,,261799,36,4,,1,12,,261798,36,4,,1,12,,261797,36,4,,1,52,,261796,36,4,,1,12,,261794,36,4,,1,12,,261795,36,4,,1,12,,261810,36,4,,1,19,,261815,36,4,,1,60,,261793,36,4,,1,26,,261792,36,4,,1,69,,261791,36,4,,1,30,,261790,36,4,,1,70,,261789,36,4,,1,30,,261788,36,4,,1,70,,261787,36,4,,1,30,,261786,36,4,,1,68,,261785,36,4,,1,97,,261784,36,4,,1,100,,261783,36,4,,1
11401,'114-Weekday-4-26-09-1111100',544,,218419,36,4,,1,70,,218420,36,4,,1,34,,218421,36,4,,1,60,,218422,36,4,,1,13,,218423,36,4,,1,14,,218424,36,4,,1,12,,218477,36,4,,1,12,,218426,36,4,,1,52,,218425,36,4,,1,12,,218427,36,4,,1,11,,218428,36,4,,1,10,,218478,36,4,,1,12,,218429,36,4,,1,55,,218476,36,4,,1,15,,218471,36,4,,1,15,,218472,36,4,,1,15,,218473,36,4,,1,55,,218474,36,4,,1,15,,218443,36,4,,1,15,,218442,36,4,,1,15,,218441,36,4,,1,55,,218439,36,4,,1,15,,218440,36,4,,1,17,,218447,36,4,,1,16,,218446,36,4,,1,55,,218445,36,4,,1,15,,218444,36,4,,1,15,,218470,36,4,,1,15,,218430,36,4,,1,55,,218431,36,4,,1,15,,218432,36,4,,1,15,,218433,36,4,,1,15,,218434,36,4,,1,55,,218435,36,4,,1,15,,218436,36,4,,1,15,,218437,36,4,,1,15,,218438,36,4,,1,54,,218479,36,4,,1,13,,218468,36,4,,1,14,,218469,36,4,,1,12,,218467,36,4,,1,52,,218466,36,4,,1,12,,218465,36,4,,1,12,,218464,36,4,,1,12,,218463,36,4,,1,12,,218462,36,4,,1,52,,218461,36,4,,1,12,,218459,36,4,,1,12,,218460,36,4,,1,12,,218475,36,4,,1,19,,218480,36,4,,1,60,,218458,36,4,,1,26,,218457,36,4,,1,69,,218456,36,4,,1,30,,218455,36,4,,1,70,,218454,36,4,,1,30,,218453,36,4,,1,70,,218452,36,4,,1,30,,218451,36,4,,1,68,,218450,36,4,,1,97,,218449,36,4,,1,100,,218448,36,4,,1
11401,'114-Weekday-5-26-09-1111100',544,,261821,36,4,,1,70,,261822,36,4,,1,34,,261823,36,4,,1,60,,261824,36,4,,1,13,,261825,36,4,,1,14,,261826,36,4,,1,12,,261879,36,4,,1,12,,261828,36,4,,1,52,,261827,36,4,,1,12,,261829,36,4,,1,11,,261830,36,4,,1,10,,261880,36,4,,1,12,,261831,36,4,,1,55,,261878,36,4,,1,15,,261873,36,4,,1,15,,261874,36,4,,1,15,,261875,36,4,,1,55,,261876,36,4,,1,15,,261845,36,4,,1,15,,261844,36,4,,1,15,,261843,36,4,,1,55,,261841,36,4,,1,15,,261842,36,4,,1,17,,261849,36,4,,1,16,,261848,36,4,,1,55,,261847,36,4,,1,15,,261846,36,4,,1,15,,261872,36,4,,1,15,,261832,36,4,,1,55,,261833,36,4,,1,15,,261834,36,4,,1,15,,261835,36,4,,1,15,,261836,36,4,,1,55,,261837,36,4,,1,15,,261838,36,4,,1,15,,261839,36,4,,1,15,,261840,36,4,,1,54,,261881,36,4,,1,13,,261870,36,4,,1,14,,261871,36,4,,1,12,,261869,36,4,,1,52,,261868,36,4,,1,12,,261867,36,4,,1,12,,261866,36,4,,1,12,,261865,36,4,,1,12,,261864,36,4,,1,52,,261863,36,4,,1,12,,261861,36,4,,1,12,,261862,36,4,,1,12,,261877,36,4,,1,19,,261882,36,4,,1,60,,261860,36,4,,1,26,,261859,36,4,,1,69,,261858,36,4,,1,30,,261857,36,4,,1,70,,261856,36,4,,1,30,,261855,36,4,,1,70,,261854,36,4,,1,30,,261853,36,4,,1,68,,261852,36,4,,1,97,,261851,36,4,,1,100,,261850,36,4,,1
11401,'114-Weekday-6-26-09-1111100',544,,261883,36,4,,1,70,,261884,36,4,,1,34,,261885,36,4,,1,60,,261886,36,4,,1,13,,261887,36,4,,1,14,,261888,36,4,,1,12,,261941,36,4,,1,12,,261890,36,4,,1,52,,261889,36,4,,1,12,,261891,36,4,,1,6,,261945,36,4,,1,5,,261892,36,4,,1,5,,261946,36,4,,1,5,,261942,36,4,,1,12,,261893,36,4,,1,51,,261947,36,4,,1,4,,261940,36,4,,1,8,,261948,36,4,,1,7,,261935,36,4,,1,15,,261936,36,4,,1,15,,261937,36,4,,1,55,,261938,36,4,,1,15,,261907,36,4,,1,15,,261906,36,4,,1,15,,261905,36,4,,1,55,,261903,36,4,,1,15,,261904,36,4,,1,17,,261911,36,4,,1,16,,261910,36,4,,1,55,,261909,36,4,,1,15,,261908,36,4,,1,15,,261934,36,4,,1,15,,261894,36,4,,1,55,,261895,36,4,,1,15,,261896,36,4,,1,15,,261897,36,4,,1,15,,261898,36,4,,1,55,,261899,36,4,,1,15,,261900,36,4,,1,15,,261901,36,4,,1,15,,261902,36,4,,1,54,,261943,36,4,,1,13,,261932,36,4,,1,14,,261933,36,4,,1,12,,261931,36,4,,1,52,,261930,36,4,,1,3,,261949,36,4,,1,9,,261929,36,4,,1,12,,261928,36,4,,1,12,,261927,36,4,,1,12,,261926,36,4,,1,52,,261925,36,4,,1,12,,261923,36,4,,1,12,,261924,36,4,,1,12,,261939,36,4,,1,19,,261944,36,4,,1,60,,261922,36,4,,1,26,,261921,36,4,,1,69,,261920,36,4,,1,30,,261919,36,4,,1,70,,261918,36,4,,1,30,,261917,36,4,,1,70,,261916,36,4,,1,30,,261915,36,4,,1,68,,261914,36,4,,1,97,,261913,36,4,,1,100,,261912,36,4,,1
11401,'114-Weekday-7-26-09-1111100',544,,261950,36,4,,1,70,,261951,36,4,,1,34,,261952,36,4,,1,60,,261953,36,4,,1,13,,261954,36,4,,1,14,,261955,36,4,,1,12,,262008,36,4,,1,12,,261957,36,4,,1,52,,261956,36,4,,1,12,,261958,36,4,,1,11,,261959,36,4,,1,10,,262009,36,4,,1,12,,261960,36,4,,1,55,,262007,36,4,,1,15,,262002,36,4,,1,15,,262003,36,4,,1,15,,262004,36,4,,1,55,,262005,36,4,,1,15,,261974,36,4,,1,15,,261973,36,4,,1,15,,261972,36,4,,1,55,,261970,36,4,,1,15,,261971,36,4,,1,17,,261978,36,4,,1,16,,261977,36,4,,1,55,,261976,36,4,,1,15,,261975,36,4,,1,15,,262001,36,4,,1,15,,261961,36,4,,1,55,,261962,36,4,,1,15,,261963,36,4,,1,15,,261964,36,4,,1,15,,261965,36,4,,1,55,,261966,36,4,,1,15,,261967,36,4,,1,15,,261968,36,4,,1,15,,261969,36,4,,1,54,,262010,36,4,,1,13,,261999,36,4,,1,14,,262000,36,4,,1,12,,261998,36,4,,1,52,,261997,36,4,,1,12,,261996,36,4,,1,12,,261995,36,4,,1,12,,261994,36,4,,1,12,,261993,36,4,,1,52,,261992,36,4,,1,12,,261990,36,4,,1,12,,261991,36,4,,1,12,,262006,36,4,,1,19,,262011,36,4,,1,60,,261989,36,4,,1,26,,261988,36,4,,1,69,,261987,36,4,,1,30,,261986,36,4,,1,70,,261985,36,4,,1,30,,261984,36,4,,1,70,,261983,36,4,,1,30,,261982,36,4,,1,68,,261981,36,4,,1,97,,261980,36,4,,1,100,,261979,36,4,,1
11401,'114-Saturday-1-26-09-0000010',641,,218481,36,4,,1,100,,218482,36,4,,1,95,,218483,36,4,,1,20,,218484,36,4,,1,63,,218485,36,4,,1,22,,218486,36,4,,1,60,,218487,36,4,,1,20,,218488,36,4,,1,20,,218489,36,4,,1,60,,218490,36,4,,1,20,,218491,36,4,,1,20,,218492,36,4,,1,60,,218493,36,4,,1,20,,218494,36,4,,1,20,,218495,36,4,,1,60,,218496,36,4,,1,20,,218497,36,4,,1,22,,218498,36,4,,1,61,,218499,36,4,,1,20,,218500,36,4,,1,20,,218501,36,4,,1,60,,218502,36,4,,1,20,,218503,36,4,,1,20,,218504,36,4,,1,59,,218505,36,4,,1,18,,218506,36,4,,1,20,,218507,36,4,,1,60,,218508,36,4,,1,22,,218509,36,4,,1,18,,218510,36,4,,1,60,,218511,36,4,,1,20,,218512,36,4,,1,20,,218513,36,4,,1,61,,218522,36,4,,1,20,,218523,36,4,,1,23,,218514,36,4,,1,70,,218515,36,4,,1,30,,218516,36,4,,1,70,,218517,36,4,,1,30,,218518,36,4,,1,70,,218519,36,4,,1,100,,218520,36,4,,1,100,,218521,36,4,,1
11401,'114-Sunday-1-26-09-0000001',644,,218556,36,4,,1,100,,218557,36,4,,1,100,,218558,36,4,,1,105,,218559,36,4,,1,100,,218552,36,4,,1,60,,218561,36,4,,1,20,,218562,36,4,,1,20,,218528,36,4,,1,60,,218529,36,4,,1,20,,218530,36,4,,1,20,,218540,36,4,,1,60,,218541,36,4,,1,20,,218542,36,4,,1,20,,218543,36,4,,1,60,,218544,36,4,,1,20,,218545,36,4,,1,20,,218546,36,4,,1,60,,218547,36,4,,1,20,,218548,36,4,,1,20,,218549,36,4,,1,60,,218550,36,4,,1,20,,218539,36,4,,1,20,,218535,36,4,,1,60,,218553,36,4,,1,19,,218554,36,4,,1,19,,218555,36,4,,1,59,,218527,36,4,,1,19,,218526,36,4,,1,20,,218525,36,4,,1,60,,218531,36,4,,1,20,,218536,36,4,,1,25,,218532,36,4,,1,70,,218533,36,4,,1,30,,218534,36,4,,1,70,,218537,36,4,,1,30,,218538,36,4,,1,70,,218524,36,4,,1,100,,218551,36,4,,1,100,,218560,36,4,,1
