11200,'112-Weekday-1-26-09-0001000',1223,,217271,9,,,1
11200,'112-Weekday-1-26-09-1110100',1530,,217272,9,,,1
11200,'112-Weekday-1-26-09-1111100',525,,217273,9,,,1,30,,217274,9,,,1,70,,217275,9,,,1,31,,217302,9,,,1,60,,217301,9,,,1,20,,217304,9,,,1,20,,217276,9,,,1,60,,217305,9,,,1,20,,217303,9,,,1,20,,217277,9,,,1,70,,217278,9,,,1,30,,217279,9,,,1,70,,217280,9,,,1,30,,217281,9,,,1,70,,217282,9,,,1,30,,217283,9,,,1,70,,217300,9,,,1,30,,217284,9,,,1,70,,217285,9,,,1,30,,217299,9,,,1,70,,217286,9,,,1,30,,217287,9,,,1,70,,217308,9,,,1,20,,217288,9,,,1,60,,217289,9,,,1,20,,217290,9,,,1,20,,217291,9,,,1,60,,217309,9,,,1,20,,217306,9,,,1,30,,217307,9,,,1,70,,217292,9,,,1,30,,217293,9,,,1,70,,217294,9,,,1,30,,217295,9,,,1,70,,217296,9,,,1,30,,217297,9,,,1,70,,217298,9,,,1
11200,'112-Weekday-2-26-09-1111100',525,,217310,9,,,1,30,,217311,9,,,1,70,,217312,9,,,1,31,,217339,9,,,1,60,,217338,9,,,1,20,,217341,9,,,1,20,,217313,9,,,1,60,,217342,9,,,1,20,,217340,9,,,1,20,,217314,9,,,1,70,,217315,9,,,1,30,,217316,9,,,1,70,,217317,9,,,1,30,,217318,9,,,1,70,,217319,9,,,1,30,,217320,9,,,1,70,,217337,9,,,1,30,,217321,9,,,1,70,,217322,9,,,1,30,,217336,9,,,1,70,,217323,9,,,1,30,,217324,9,,,1,70,,217345,9,,,1,20,,217325,9,,,1,60,,217326,9,,,1,20,,217327,9,,,1,20,,217328,9,,,1,60,,217346,9,,,1,20,,217343,9,,,1,30,,217344,9,,,1,70,,217329,9,,,1,30,,217330,9,,,1,70,,217331,9,,,1,30,,217332,9,,,1,70,,217333,9,,,1,30,,217334,9,,,1,70,,217335,9,,,1
11200,'112-Weekday-3-26-09-1110100',1530,,260802,9,,,1
11200,'112-Weekday-3-26-09-1111100',525,,260803,9,,,1,30,,260804,9,,,1,70,,260805,9,,,1,31,,260832,9,,,1,60,,260831,9,,,1,20,,260834,9,,,1,20,,260806,9,,,1,60,,260835,9,,,1,20,,260833,9,,,1,20,,260807,9,,,1,70,,260808,9,,,1,30,,260809,9,,,1,70,,260810,9,,,1,30,,260811,9,,,1,70,,260812,9,,,1,30,,260813,9,,,1,70,,260830,9,,,1,30,,260814,9,,,1,70,,260815,9,,,1,30,,260829,9,,,1,70,,260816,9,,,1,30,,260817,9,,,1,70,,260838,9,,,1,20,,260818,9,,,1,60,,260819,9,,,1,20,,260820,9,,,1,20,,260821,9,,,1,60,,260839,9,,,1,20,,260836,9,,,1,30,,260837,9,,,1,70,,260822,9,,,1,30,,260823,9,,,1,70,,260824,9,,,1,30,,260825,9,,,1,70,,260826,9,,,1,30,,260827,9,,,1,70,,260828,9,,,1
11200,'112-Weekday-4-26-09-1111100',525,,217347,9,,,1,30,,217348,9,,,1,70,,217349,9,,,1,31,,217376,9,,,1,60,,217375,9,,,1,20,,217378,9,,,1,20,,217350,9,,,1,60,,217379,9,,,1,20,,217377,9,,,1,20,,217351,9,,,1,70,,217352,9,,,1,30,,217353,9,,,1,70,,217354,9,,,1,30,,217355,9,,,1,70,,217356,9,,,1,30,,217357,9,,,1,70,,217374,9,,,1,30,,217358,9,,,1,70,,217359,9,,,1,30,,217373,9,,,1,70,,217360,9,,,1,30,,217361,9,,,1,70,,217382,9,,,1,20,,217362,9,,,1,60,,217363,9,,,1,20,,217364,9,,,1,20,,217365,9,,,1,60,,217383,9,,,1,20,,217380,9,,,1,30,,217381,9,,,1,70,,217366,9,,,1,30,,217367,9,,,1,70,,217368,9,,,1,30,,217369,9,,,1,70,,217370,9,,,1,30,,217371,9,,,1,70,,217372,9,,,1
11200,'112-Weekday-5-26-09-1111100',525,,260840,9,,,1,30,,260841,9,,,1,70,,260842,9,,,1,31,,260869,9,,,1,60,,260868,9,,,1,20,,260871,9,,,1,20,,260843,9,,,1,60,,260872,9,,,1,20,,260870,9,,,1,20,,260844,9,,,1,70,,260845,9,,,1,30,,260846,9,,,1,70,,260847,9,,,1,30,,260848,9,,,1,70,,260849,9,,,1,30,,260850,9,,,1,70,,260867,9,,,1,30,,260851,9,,,1,70,,260852,9,,,1,30,,260866,9,,,1,70,,260853,9,,,1,30,,260854,9,,,1,70,,260875,9,,,1,20,,260855,9,,,1,60,,260856,9,,,1,20,,260857,9,,,1,20,,260858,9,,,1,60,,260876,9,,,1,20,,260873,9,,,1,30,,260874,9,,,1,70,,260859,9,,,1,30,,260860,9,,,1,70,,260861,9,,,1,30,,260862,9,,,1,70,,260863,9,,,1,30,,260864,9,,,1,70,,260865,9,,,1
11200,'112-Weekday-6-26-09-1110100',1530,,260877,9,,,1
11200,'112-Weekday-6-26-09-1111100',525,,260878,9,,,1,30,,260879,9,,,1,70,,260880,9,,,1,31,,260907,9,,,1,60,,260906,9,,,1,20,,260909,9,,,1,20,,260881,9,,,1,60,,260910,9,,,1,20,,260908,9,,,1,20,,260882,9,,,1,70,,260883,9,,,1,30,,260884,9,,,1,70,,260885,9,,,1,30,,260886,9,,,1,70,,260887,9,,,1,30,,260888,9,,,1,70,,260905,9,,,1,30,,260889,9,,,1,70,,260890,9,,,1,30,,260904,9,,,1,70,,260891,9,,,1,30,,260892,9,,,1,70,,260913,9,,,1,20,,260893,9,,,1,60,,260894,9,,,1,20,,260895,9,,,1,20,,260896,9,,,1,60,,260914,9,,,1,20,,260911,9,,,1,30,,260912,9,,,1,70,,260897,9,,,1,30,,260898,9,,,1,70,,260899,9,,,1,30,,260900,9,,,1,70,,260901,9,,,1,30,,260902,9,,,1,70,,260903,9,,,1
11200,'112-Weekday-7-26-09-1111100',525,,260915,9,,,1,30,,260916,9,,,1,70,,260917,9,,,1,31,,260944,9,,,1,60,,260943,9,,,1,20,,260946,9,,,1,20,,260918,9,,,1,60,,260947,9,,,1,20,,260945,9,,,1,20,,260919,9,,,1,70,,260920,9,,,1,30,,260921,9,,,1,70,,260922,9,,,1,30,,260923,9,,,1,70,,260924,9,,,1,30,,260925,9,,,1,70,,260942,9,,,1,30,,260926,9,,,1,70,,260927,9,,,1,30,,260941,9,,,1,70,,260928,9,,,1,30,,260929,9,,,1,70,,260950,9,,,1,20,,260930,9,,,1,60,,260931,9,,,1,20,,260932,9,,,1,20,,260933,9,,,1,60,,260951,9,,,1,20,,260948,9,,,1,30,,260949,9,,,1,70,,260934,9,,,1,30,,260935,9,,,1,70,,260936,9,,,1,30,,260937,9,,,1,70,,260938,9,,,1,30,,260939,9,,,1,70,,260940,9,,,1
11200,'112-Saturday-1-26-09-0000010',757,,217384,9,,,1,70,,217385,9,,,1,30,,217386,9,,,1,70,,217387,9,,,1,30,,217388,9,,,1,70,,217389,9,,,1,30,,217390,9,,,1,70,,217391,9,,,1,30,,217392,9,,,1,70,,217393,9,,,1,30,,217394,9,,,1,70,,217395,9,,,1,30,,217396,9,,,1,70,,217397,9,,,1,30,,217398,9,,,1,70,,217399,9,,,1,30,,217400,9,,,1,70,,217401,9,,,1,30,,217402,9,,,1,70,,217403,9,,,1,30,,217404,9,,,1,70,,217405,9,,,1,30,,217406,9,,,1
11200,'112-Sunday-1-26-09-0000001',1006,,217407,9,,,1,30,,217408,9,,,1,70,,217409,9,,,1,30,,217410,9,,,1,70,,217411,9,,,1,30,,217412,9,,,1,70,,217413,9,,,1,30,,217414,9,,,1,70,,217415,9,,,1,30,,217416,9,,,1,70,,217417,9,,,1,30,,217418,9,,,1,70,,217419,9,,,1,30,,217420,9,,,1,69,,217421,9,,,1,30,,217422,9,,,1,70,,217423,9,,,1,30,,217424,9,,,1
