901,'009-Weekday-1-26-09-1111100',500,,210160,14,0,38,1,15,,210161,14,0,38,1,15,,210162,14,0,38,1,15,,210163,14,0,38,1,55,,210164,14,0,38,1,15,,210159,14,0,38,1,15,,210165,14,0,38,1,17,,210166,14,0,38,1,56,,210167,14,0,38,1,15,,210168,14,0,38,1,7,,210263,14,0,31,1,8,,210169,14,0,38,1,7,,210264,14,0,31,1,8,,210170,14,0,38,1,7,,210265,14,0,31,1,48,,210171,14,0,38,1,7,,210266,14,0,31,1,5,,210282,14,0,31,1,3,,210172,14,0,38,1,7,,210267,14,0,31,1,8,,210173,14,0,38,1,7,,210262,14,0,31,1,8,,210174,14,0,38,1,7,,210268,14,0,31,1,48,,210175,14,0,38,1,7,,210269,14,0,31,1,7,,210176,14,0,38,1,8,,210270,14,0,31,1,7,,210177,14,0,38,1,8,,210271,14,0,31,1,7,,210178,14,0,38,1,8,,210272,14,0,31,1,47,,210179,14,0,38,1,8,,210273,14,0,31,1,7,,210180,14,0,38,1,8,,210274,14,0,31,1,7,,210181,14,0,38,1,8,,210275,14,0,31,1,7,,210182,14,0,38,1,8,,210276,14,0,31,1,47,,210183,14,0,38,1,8,,210277,14,0,31,1,7,,210184,14,0,38,1,8,,210278,14,0,31,1,7,,210185,14,0,38,1,8,,210279,14,0,31,1,7,,210186,14,0,38,1,8,,210280,14,0,31,1,47,,210187,14,0,38,1,8,,210281,14,0,31,1,7,,210188,14,0,38,1,8,,210189,14,0,31,1,8,,210190,14,0,38,1,7,,210191,14,0,31,1,8,,210192,14,0,38,1,7,,210193,14,0,31,1,48,,210194,14,0,38,1,7,,210195,14,0,31,1,8,,210196,14,0,38,1,7,,210197,14,0,31,1,8,,210198,14,0,38,1,7,,210199,14,0,31,1,8,,210200,14,0,38,1,7,,210201,14,0,31,1,48,,210202,14,0,38,1,7,,210203,14,0,31,1,8,,210204,14,0,38,1,7,,210205,14,0,31,1,8,,210206,14,0,38,1,7,,210207,14,0,31,1,8,,210208,14,0,38,1,7,,210209,14,0,31,1,48,,210210,14,0,38,1,8,,210211,14,0,31,1,8,,210212,14,0,38,1,7,,210213,14,0,31,1,8,,210214,14,0,38,1,7,,210215,14,0,31,1,8,,210216,14,0,38,1,7,,210217,14,0,31,1,48,,210218,14,0,38,1,7,,210219,14,0,31,1,8,,210220,14,0,38,1,7,,210221,14,0,31,1,8,,210222,14,0,38,1,7,,210223,14,0,31,1,8,,210224,14,0,38,1,7,,210225,14,0,31,1,48,,210226,14,0,38,1,7,,210227,14,0,31,1,8,,210228,14,0,38,1,7,,210260,14,0,31,1,8,,210229,14,0,38,1,7,,210261,14,0,31,1,8,,210230,14,0,38,1,55,,210231,14,0,38,1,15,,210232,14,0,38,1,15,,210233,14,0,38,1,12,,210234,14,0,38,1,55,,210235,14,0,38,1,15,,210236,14,0,38,1,15,,210237,14,0,38,1,15,,210238,14,0,38,1,55,,210239,14,0,38,1,15,,210240,14,0,38,1,15,,210241,14,0,38,1,15,,210242,14,0,38,1,55,,210243,14,0,38,1,15,,210244,14,0,38,1,15,,210245,14,0,38,1,15,,210246,14,0,38,1,55,,210247,14,0,38,1,18,,210248,14,0,38,1,20,,210249,14,0,38,1,20,,210250,14,0,38,1,60,,210251,14,0,38,1,20,,210252,14,0,38,1,20,,210253,14,0,38,1,65,,210254,14,0,38,1,27,,210255,14,0,28 39 40,1,69,,210256,14,0,28 39 40,1,31,,210257,14,0,28 39 40,1,69,,210258,14,0,28 39 40,1,31,,210259,14,0,28 39 40,1
901,'009-Weekday-2-26-09-1111100',500,,210284,14,0,38,1,15,,210285,14,0,38,1,15,,210286,14,0,38,1,15,,210287,14,0,38,1,55,,210288,14,0,38,1,15,,210283,14,0,38,1,15,,210289,14,0,38,1,17,,210290,14,0,38,1,56,,210291,14,0,38,1,15,,210292,14,0,38,1,7,,210387,14,0,31,1,8,,210293,14,0,38,1,7,,210388,14,0,31,1,8,,210294,14,0,38,1,7,,210389,14,0,31,1,48,,210295,14,0,38,1,7,,210390,14,0,31,1,5,,210406,14,0,31,1,3,,210296,14,0,38,1,7,,210391,14,0,31,1,8,,210297,14,0,38,1,7,,210386,14,0,31,1,8,,210298,14,0,38,1,7,,210392,14,0,31,1,48,,210299,14,0,38,1,7,,210393,14,0,31,1,7,,210300,14,0,38,1,8,,210394,14,0,31,1,7,,210301,14,0,38,1,8,,210395,14,0,31,1,7,,210302,14,0,38,1,8,,210396,14,0,31,1,47,,210303,14,0,38,1,8,,210397,14,0,31,1,7,,210304,14,0,38,1,8,,210398,14,0,31,1,7,,210305,14,0,38,1,8,,210399,14,0,31,1,7,,210306,14,0,38,1,8,,210400,14,0,31,1,47,,210307,14,0,38,1,8,,210401,14,0,31,1,7,,210308,14,0,38,1,8,,210402,14,0,31,1,7,,210309,14,0,38,1,8,,210403,14,0,31,1,7,,210310,14,0,38,1,8,,210404,14,0,31,1,47,,210311,14,0,38,1,8,,210405,14,0,31,1,7,,210312,14,0,38,1,8,,210313,14,0,31,1,8,,210314,14,0,38,1,7,,210315,14,0,31,1,8,,210316,14,0,38,1,7,,210317,14,0,31,1,48,,210318,14,0,38,1,7,,210319,14,0,31,1,8,,210320,14,0,38,1,7,,210321,14,0,31,1,8,,210322,14,0,38,1,7,,210323,14,0,31,1,8,,210324,14,0,38,1,7,,210325,14,0,31,1,48,,210326,14,0,38,1,7,,210327,14,0,31,1,8,,210328,14,0,38,1,7,,210329,14,0,31,1,8,,210330,14,0,38,1,7,,210331,14,0,31,1,8,,210332,14,0,38,1,7,,210333,14,0,31,1,48,,210334,14,0,38,1,8,,210335,14,0,31,1,8,,210336,14,0,38,1,7,,210337,14,0,31,1,8,,210338,14,0,38,1,7,,210339,14,0,31,1,8,,210340,14,0,38,1,7,,210341,14,0,31,1,48,,210342,14,0,38,1,7,,210343,14,0,31,1,8,,210344,14,0,38,1,7,,210345,14,0,31,1,8,,210346,14,0,38,1,7,,210347,14,0,31,1,8,,210348,14,0,38,1,7,,210349,14,0,31,1,48,,210350,14,0,38,1,7,,210351,14,0,31,1,8,,210352,14,0,38,1,7,,210384,14,0,31,1,8,,210353,14,0,38,1,7,,210385,14,0,31,1,8,,210354,14,0,38,1,55,,210355,14,0,38,1,15,,210356,14,0,38,1,15,,210357,14,0,38,1,12,,210358,14,0,38,1,55,,210359,14,0,38,1,15,,210360,14,0,38,1,15,,210361,14,0,38,1,15,,210362,14,0,38,1,55,,210363,14,0,38,1,15,,210364,14,0,38,1,15,,210365,14,0,38,1,15,,210366,14,0,38,1,55,,210367,14,0,38,1,15,,210368,14,0,38,1,15,,210369,14,0,38,1,15,,210370,14,0,38,1,55,,210371,14,0,38,1,18,,210372,14,0,38,1,20,,210373,14,0,38,1,20,,210374,14,0,38,1,60,,210375,14,0,38,1,20,,210376,14,0,38,1,20,,210377,14,0,38,1,65,,210378,14,0,38,1,27,,210379,14,0,28 39 40,1,69,,210380,14,0,28 39 40,1,31,,210381,14,0,28 39 40,1,69,,210382,14,0,28 39 40,1,31,,210383,14,0,28 39 40,1
901,'009-Weekday-3-26-09-1111100',500,,253395,14,0,38,1,15,,253396,14,0,38,1,15,,253397,14,0,38,1,15,,253398,14,0,38,1,55,,253399,14,0,38,1,15,,253394,14,0,38,1,15,,253400,14,0,38,1,17,,253401,14,0,38,1,56,,253402,14,0,38,1,15,,253403,14,0,38,1,7,,253498,14,0,31,1,8,,253404,14,0,38,1,7,,253499,14,0,31,1,8,,253405,14,0,38,1,7,,253500,14,0,31,1,48,,253406,14,0,38,1,7,,253501,14,0,31,1,8,,253407,14,0,38,1,7,,253502,14,0,31,1,8,,253408,14,0,38,1,7,,253497,14,0,31,1,8,,253409,14,0,38,1,7,,253503,14,0,31,1,48,,253410,14,0,38,1,7,,253504,14,0,31,1,7,,253411,14,0,38,1,8,,253505,14,0,31,1,7,,253412,14,0,38,1,8,,253506,14,0,31,1,7,,253413,14,0,38,1,8,,253507,14,0,31,1,47,,253414,14,0,38,1,8,,253508,14,0,31,1,7,,253415,14,0,38,1,8,,253509,14,0,31,1,7,,253416,14,0,38,1,8,,253510,14,0,31,1,7,,253417,14,0,38,1,8,,253511,14,0,31,1,47,,253418,14,0,38,1,8,,253512,14,0,31,1,7,,253419,14,0,38,1,8,,253513,14,0,31,1,7,,253420,14,0,38,1,8,,253514,14,0,31,1,7,,253421,14,0,38,1,8,,253515,14,0,31,1,47,,253422,14,0,38,1,8,,253516,14,0,31,1,7,,253423,14,0,38,1,8,,253424,14,0,31,1,8,,253425,14,0,38,1,7,,253426,14,0,31,1,8,,253427,14,0,38,1,7,,253428,14,0,31,1,48,,253429,14,0,38,1,7,,253430,14,0,31,1,8,,253431,14,0,38,1,7,,253432,14,0,31,1,8,,253433,14,0,38,1,7,,253434,14,0,31,1,8,,253435,14,0,38,1,7,,253436,14,0,31,1,48,,253437,14,0,38,1,7,,253438,14,0,31,1,8,,253439,14,0,38,1,7,,253440,14,0,31,1,8,,253441,14,0,38,1,7,,253442,14,0,31,1,8,,253443,14,0,38,1,7,,253444,14,0,31,1,48,,253445,14,0,38,1,8,,253446,14,0,31,1,8,,253447,14,0,38,1,7,,253448,14,0,31,1,8,,253449,14,0,38,1,7,,253450,14,0,31,1,8,,253451,14,0,38,1,7,,253452,14,0,31,1,48,,253453,14,0,38,1,7,,253454,14,0,31,1,8,,253455,14,0,38,1,7,,253456,14,0,31,1,8,,253457,14,0,38,1,7,,253458,14,0,31,1,8,,253459,14,0,38,1,7,,253460,14,0,31,1,48,,253461,14,0,38,1,7,,253462,14,0,31,1,8,,253463,14,0,38,1,7,,253495,14,0,31,1,8,,253464,14,0,38,1,7,,253496,14,0,31,1,8,,253465,14,0,38,1,55,,253466,14,0,38,1,15,,253467,14,0,38,1,15,,253468,14,0,38,1,12,,253469,14,0,38,1,55,,253470,14,0,38,1,15,,253471,14,0,38,1,15,,253472,14,0,38,1,15,,253473,14,0,38,1,55,,253474,14,0,38,1,15,,253475,14,0,38,1,15,,253476,14,0,38,1,15,,253477,14,0,38,1,55,,253478,14,0,38,1,15,,253479,14,0,38,1,15,,253480,14,0,38,1,15,,253481,14,0,38,1,55,,253482,14,0,38,1,18,,253483,14,0,38,1,20,,253484,14,0,38,1,20,,253485,14,0,38,1,60,,253486,14,0,38,1,20,,253487,14,0,38,1,20,,253488,14,0,38,1,65,,253489,14,0,38,1,27,,253490,14,0,28 39 40,1,69,,253491,14,0,28 39 40,1,31,,253492,14,0,28 39 40,1,69,,253493,14,0,28 39 40,1,31,,253494,14,0,28 39 40,1
901,'009-Weekday-4-26-09-1111100',500,,210408,14,0,38,1,15,,210409,14,0,38,1,15,,210410,14,0,38,1,15,,210411,14,0,38,1,55,,210412,14,0,38,1,15,,210407,14,0,38,1,15,,210413,14,0,38,1,17,,210414,14,0,38,1,56,,210415,14,0,38,1,15,,210416,14,0,38,1,7,,210511,14,0,31,1,8,,210417,14,0,38,1,7,,210512,14,0,31,1,8,,210418,14,0,38,1,7,,210513,14,0,31,1,48,,210419,14,0,38,1,7,,210514,14,0,31,1,8,,210420,14,0,38,1,7,,210515,14,0,31,1,8,,210421,14,0,38,1,7,,210510,14,0,31,1,8,,210422,14,0,38,1,7,,210516,14,0,31,1,48,,210423,14,0,38,1,7,,210517,14,0,31,1,7,,210424,14,0,38,1,8,,210518,14,0,31,1,7,,210425,14,0,38,1,8,,210519,14,0,31,1,7,,210426,14,0,38,1,8,,210520,14,0,31,1,47,,210427,14,0,38,1,8,,210521,14,0,31,1,7,,210428,14,0,38,1,8,,210522,14,0,31,1,7,,210429,14,0,38,1,8,,210523,14,0,31,1,7,,210430,14,0,38,1,8,,210524,14,0,31,1,47,,210431,14,0,38,1,8,,210525,14,0,31,1,7,,210432,14,0,38,1,8,,210526,14,0,31,1,7,,210433,14,0,38,1,8,,210527,14,0,31,1,7,,210434,14,0,38,1,8,,210528,14,0,31,1,47,,210435,14,0,38,1,8,,210529,14,0,31,1,7,,210436,14,0,38,1,8,,210437,14,0,31,1,8,,210438,14,0,38,1,7,,210439,14,0,31,1,8,,210440,14,0,38,1,7,,210441,14,0,31,1,48,,210442,14,0,38,1,7,,210443,14,0,31,1,8,,210444,14,0,38,1,7,,210445,14,0,31,1,8,,210446,14,0,38,1,7,,210447,14,0,31,1,8,,210448,14,0,38,1,7,,210449,14,0,31,1,48,,210450,14,0,38,1,7,,210451,14,0,31,1,8,,210452,14,0,38,1,7,,210453,14,0,31,1,8,,210454,14,0,38,1,7,,210455,14,0,31,1,8,,210456,14,0,38,1,7,,210457,14,0,31,1,48,,210458,14,0,38,1,8,,210459,14,0,31,1,8,,210460,14,0,38,1,7,,210461,14,0,31,1,8,,210462,14,0,38,1,7,,210463,14,0,31,1,8,,210464,14,0,38,1,7,,210465,14,0,31,1,48,,210466,14,0,38,1,7,,210467,14,0,31,1,8,,210468,14,0,38,1,7,,210469,14,0,31,1,8,,210470,14,0,38,1,7,,210471,14,0,31,1,8,,210472,14,0,38,1,7,,210473,14,0,31,1,48,,210474,14,0,38,1,7,,210475,14,0,31,1,8,,210476,14,0,38,1,7,,210508,14,0,31,1,8,,210477,14,0,38,1,7,,210509,14,0,31,1,8,,210478,14,0,38,1,55,,210479,14,0,38,1,15,,210480,14,0,38,1,15,,210481,14,0,38,1,12,,210482,14,0,38,1,55,,210483,14,0,38,1,15,,210484,14,0,38,1,15,,210485,14,0,38,1,15,,210486,14,0,38,1,55,,210487,14,0,38,1,15,,210488,14,0,38,1,15,,210489,14,0,38,1,15,,210490,14,0,38,1,55,,210491,14,0,38,1,15,,210492,14,0,38,1,15,,210493,14,0,38,1,15,,210494,14,0,38,1,55,,210495,14,0,38,1,18,,210496,14,0,38,1,20,,210497,14,0,38,1,20,,210498,14,0,38,1,60,,210499,14,0,38,1,20,,210500,14,0,38,1,20,,210501,14,0,38,1,65,,210502,14,0,38,1,27,,210503,14,0,28 39 40,1,69,,210504,14,0,28 39 40,1,31,,210505,14,0,28 39 40,1,69,,210506,14,0,28 39 40,1,31,,210507,14,0,28 39 40,1
901,'009-Weekday-5-26-09-1111100',500,,253518,14,0,38,1,15,,253519,14,0,38,1,15,,253520,14,0,38,1,15,,253521,14,0,38,1,55,,253522,14,0,38,1,15,,253517,14,0,38,1,15,,253523,14,0,38,1,17,,253524,14,0,38,1,56,,253525,14,0,38,1,15,,253526,14,0,38,1,7,,253621,14,0,31,1,8,,253527,14,0,38,1,7,,253622,14,0,31,1,8,,253528,14,0,38,1,7,,253623,14,0,31,1,48,,253529,14,0,38,1,7,,253624,14,0,31,1,8,,253530,14,0,38,1,7,,253625,14,0,31,1,8,,253531,14,0,38,1,7,,253620,14,0,31,1,8,,253532,14,0,38,1,7,,253626,14,0,31,1,48,,253533,14,0,38,1,7,,253627,14,0,31,1,7,,253534,14,0,38,1,8,,253628,14,0,31,1,7,,253535,14,0,38,1,8,,253629,14,0,31,1,7,,253536,14,0,38,1,8,,253630,14,0,31,1,47,,253537,14,0,38,1,8,,253631,14,0,31,1,7,,253538,14,0,38,1,8,,253632,14,0,31,1,7,,253539,14,0,38,1,8,,253633,14,0,31,1,7,,253540,14,0,38,1,8,,253634,14,0,31,1,47,,253541,14,0,38,1,8,,253635,14,0,31,1,7,,253542,14,0,38,1,8,,253636,14,0,31,1,7,,253543,14,0,38,1,8,,253637,14,0,31,1,7,,253544,14,0,38,1,8,,253638,14,0,31,1,47,,253545,14,0,38,1,8,,253639,14,0,31,1,7,,253546,14,0,38,1,8,,253547,14,0,31,1,8,,253548,14,0,38,1,7,,253549,14,0,31,1,8,,253550,14,0,38,1,7,,253551,14,0,31,1,48,,253552,14,0,38,1,7,,253553,14,0,31,1,8,,253554,14,0,38,1,7,,253555,14,0,31,1,8,,253556,14,0,38,1,7,,253557,14,0,31,1,8,,253558,14,0,38,1,7,,253559,14,0,31,1,48,,253560,14,0,38,1,7,,253561,14,0,31,1,8,,253562,14,0,38,1,7,,253563,14,0,31,1,8,,253564,14,0,38,1,7,,253565,14,0,31,1,8,,253566,14,0,38,1,7,,253567,14,0,31,1,48,,253568,14,0,38,1,8,,253569,14,0,31,1,8,,253570,14,0,38,1,7,,253571,14,0,31,1,8,,253572,14,0,38,1,7,,253573,14,0,31,1,8,,253574,14,0,38,1,7,,253575,14,0,31,1,48,,253576,14,0,38,1,7,,253577,14,0,31,1,8,,253578,14,0,38,1,7,,253579,14,0,31,1,8,,253580,14,0,38,1,7,,253581,14,0,31,1,8,,253582,14,0,38,1,7,,253583,14,0,31,1,48,,253584,14,0,38,1,7,,253585,14,0,31,1,8,,253586,14,0,38,1,7,,253618,14,0,31,1,8,,253587,14,0,38,1,7,,253619,14,0,31,1,8,,253588,14,0,38,1,55,,253589,14,0,38,1,15,,253590,14,0,38,1,15,,253591,14,0,38,1,12,,253592,14,0,38,1,55,,253593,14,0,38,1,15,,253594,14,0,38,1,15,,253595,14,0,38,1,15,,253596,14,0,38,1,55,,253597,14,0,38,1,15,,253598,14,0,38,1,15,,253599,14,0,38,1,15,,253600,14,0,38,1,55,,253601,14,0,38,1,15,,253602,14,0,38,1,15,,253603,14,0,38,1,15,,253604,14,0,38,1,55,,253605,14,0,38,1,18,,253606,14,0,38,1,20,,253607,14,0,38,1,20,,253608,14,0,38,1,60,,253609,14,0,38,1,20,,253610,14,0,38,1,20,,253611,14,0,38,1,65,,253612,14,0,38,1,27,,253613,14,0,28 39 40,1,69,,253614,14,0,28 39 40,1,31,,253615,14,0,28 39 40,1,69,,253616,14,0,28 39 40,1,31,,253617,14,0,28 39 40,1
901,'009-Weekday-6-26-09-1111100',500,,253641,14,0,38,1,15,,253642,14,0,38,1,15,,253643,14,0,38,1,15,,253644,14,0,38,1,55,,253645,14,0,38,1,15,,253640,14,0,38,1,15,,253646,14,0,38,1,17,,253647,14,0,38,1,56,,253648,14,0,38,1,15,,253649,14,0,38,1,7,,253744,14,0,31,1,8,,253650,14,0,38,1,7,,253745,14,0,31,1,8,,253651,14,0,38,1,7,,253746,14,0,31,1,48,,253652,14,0,38,1,7,,253747,14,0,31,1,5,,253763,14,0,31,1,3,,253653,14,0,38,1,7,,253748,14,0,31,1,8,,253654,14,0,38,1,7,,253743,14,0,31,1,8,,253655,14,0,38,1,7,,253749,14,0,31,1,48,,253656,14,0,38,1,7,,253750,14,0,31,1,7,,253657,14,0,38,1,8,,253751,14,0,31,1,7,,253658,14,0,38,1,8,,253752,14,0,31,1,7,,253659,14,0,38,1,8,,253753,14,0,31,1,47,,253660,14,0,38,1,8,,253754,14,0,31,1,7,,253661,14,0,38,1,8,,253755,14,0,31,1,7,,253662,14,0,38,1,8,,253756,14,0,31,1,7,,253663,14,0,38,1,8,,253757,14,0,31,1,47,,253664,14,0,38,1,8,,253758,14,0,31,1,7,,253665,14,0,38,1,8,,253759,14,0,31,1,7,,253666,14,0,38,1,8,,253760,14,0,31,1,7,,253667,14,0,38,1,8,,253761,14,0,31,1,47,,253668,14,0,38,1,8,,253762,14,0,31,1,7,,253669,14,0,38,1,8,,253670,14,0,31,1,8,,253671,14,0,38,1,7,,253672,14,0,31,1,8,,253673,14,0,38,1,7,,253674,14,0,31,1,48,,253675,14,0,38,1,7,,253676,14,0,31,1,8,,253677,14,0,38,1,7,,253678,14,0,31,1,8,,253679,14,0,38,1,7,,253680,14,0,31,1,8,,253681,14,0,38,1,7,,253682,14,0,31,1,48,,253683,14,0,38,1,7,,253684,14,0,31,1,8,,253685,14,0,38,1,7,,253686,14,0,31,1,8,,253687,14,0,38,1,7,,253688,14,0,31,1,8,,253689,14,0,38,1,7,,253690,14,0,31,1,48,,253691,14,0,38,1,8,,253692,14,0,31,1,8,,253693,14,0,38,1,7,,253694,14,0,31,1,8,,253695,14,0,38,1,7,,253696,14,0,31,1,8,,253697,14,0,38,1,7,,253698,14,0,31,1,48,,253699,14,0,38,1,7,,253700,14,0,31,1,8,,253701,14,0,38,1,7,,253702,14,0,31,1,8,,253703,14,0,38,1,7,,253704,14,0,31,1,8,,253705,14,0,38,1,7,,253706,14,0,31,1,48,,253707,14,0,38,1,7,,253708,14,0,31,1,8,,253709,14,0,38,1,7,,253741,14,0,31,1,8,,253710,14,0,38,1,7,,253742,14,0,31,1,8,,253711,14,0,38,1,55,,253712,14,0,38,1,15,,253713,14,0,38,1,15,,253714,14,0,38,1,12,,253715,14,0,38,1,55,,253716,14,0,38,1,15,,253717,14,0,38,1,15,,253718,14,0,38,1,15,,253719,14,0,38,1,55,,253720,14,0,38,1,15,,253721,14,0,38,1,15,,253722,14,0,38,1,15,,253723,14,0,38,1,55,,253724,14,0,38,1,15,,253725,14,0,38,1,15,,253726,14,0,38,1,15,,253727,14,0,38,1,55,,253728,14,0,38,1,18,,253729,14,0,38,1,20,,253730,14,0,38,1,20,,253731,14,0,38,1,60,,253732,14,0,38,1,20,,253733,14,0,38,1,20,,253734,14,0,38,1,65,,253735,14,0,38,1,27,,253736,14,0,28 39 40,1,69,,253737,14,0,28 39 40,1,31,,253738,14,0,28 39 40,1,69,,253739,14,0,28 39 40,1,31,,253740,14,0,28 39 40,1
901,'009-Weekday-7-26-09-1111100',500,,253765,14,0,38,1,15,,253766,14,0,38,1,15,,253767,14,0,38,1,15,,253768,14,0,38,1,55,,253769,14,0,38,1,15,,253764,14,0,38,1,15,,253770,14,0,38,1,17,,253771,14,0,38,1,56,,253772,14,0,38,1,15,,253773,14,0,38,1,7,,253868,14,0,31,1,8,,253774,14,0,38,1,7,,253869,14,0,31,1,8,,253775,14,0,38,1,7,,253870,14,0,31,1,48,,253776,14,0,38,1,7,,253871,14,0,31,1,8,,253777,14,0,38,1,7,,253872,14,0,31,1,8,,253778,14,0,38,1,7,,253867,14,0,31,1,8,,253779,14,0,38,1,7,,253873,14,0,31,1,48,,253780,14,0,38,1,7,,253874,14,0,31,1,7,,253781,14,0,38,1,8,,253875,14,0,31,1,7,,253782,14,0,38,1,8,,253876,14,0,31,1,7,,253783,14,0,38,1,8,,253877,14,0,31,1,47,,253784,14,0,38,1,8,,253878,14,0,31,1,7,,253785,14,0,38,1,8,,253879,14,0,31,1,7,,253786,14,0,38,1,8,,253880,14,0,31,1,7,,253787,14,0,38,1,8,,253881,14,0,31,1,47,,253788,14,0,38,1,8,,253882,14,0,31,1,7,,253789,14,0,38,1,8,,253883,14,0,31,1,7,,253790,14,0,38,1,8,,253884,14,0,31,1,7,,253791,14,0,38,1,8,,253885,14,0,31,1,47,,253792,14,0,38,1,8,,253886,14,0,31,1,7,,253793,14,0,38,1,8,,253794,14,0,31,1,8,,253795,14,0,38,1,7,,253796,14,0,31,1,8,,253797,14,0,38,1,7,,253798,14,0,31,1,48,,253799,14,0,38,1,7,,253800,14,0,31,1,8,,253801,14,0,38,1,7,,253802,14,0,31,1,8,,253803,14,0,38,1,7,,253804,14,0,31,1,8,,253805,14,0,38,1,7,,253806,14,0,31,1,48,,253807,14,0,38,1,7,,253808,14,0,31,1,8,,253809,14,0,38,1,7,,253810,14,0,31,1,8,,253811,14,0,38,1,7,,253812,14,0,31,1,8,,253813,14,0,38,1,7,,253814,14,0,31,1,48,,253815,14,0,38,1,8,,253816,14,0,31,1,8,,253817,14,0,38,1,7,,253818,14,0,31,1,8,,253819,14,0,38,1,7,,253820,14,0,31,1,8,,253821,14,0,38,1,7,,253822,14,0,31,1,48,,253823,14,0,38,1,7,,253824,14,0,31,1,8,,253825,14,0,38,1,7,,253826,14,0,31,1,8,,253827,14,0,38,1,7,,253828,14,0,31,1,8,,253829,14,0,38,1,7,,253830,14,0,31,1,48,,253831,14,0,38,1,7,,253832,14,0,31,1,8,,253833,14,0,38,1,7,,253865,14,0,31,1,8,,253834,14,0,38,1,7,,253866,14,0,31,1,8,,253835,14,0,38,1,55,,253836,14,0,38,1,15,,253837,14,0,38,1,15,,253838,14,0,38,1,12,,253839,14,0,38,1,55,,253840,14,0,38,1,15,,253841,14,0,38,1,15,,253842,14,0,38,1,15,,253843,14,0,38,1,55,,253844,14,0,38,1,15,,253845,14,0,38,1,15,,253846,14,0,38,1,15,,253847,14,0,38,1,55,,253848,14,0,38,1,15,,253849,14,0,38,1,15,,253850,14,0,38,1,15,,253851,14,0,38,1,55,,253852,14,0,38,1,18,,253853,14,0,38,1,20,,253854,14,0,38,1,20,,253855,14,0,38,1,60,,253856,14,0,38,1,20,,253857,14,0,38,1,20,,253858,14,0,38,1,65,,253859,14,0,38,1,27,,253860,14,0,28 39 40,1,69,,253861,14,0,28 39 40,1,31,,253862,14,0,28 39 40,1,69,,253863,14,0,28 39 40,1,31,,253864,14,0,28 39 40,1
901,'009-Saturday-1-26-09-0000010',523,,210606,14,0,38,1,20,,210530,14,0,38,1,60,,210531,14,0,38,1,20,,210532,14,0,38,1,20,,210533,14,0,38,1,60,,210534,14,0,38,1,20,,210535,14,0,38,1,20,,210536,14,0,38,1,60,,210537,14,0,38,1,15,,210605,14,0,38,1,15,,210604,14,0,38,1,15,,210603,14,0,38,1,56,,210602,14,0,38,1,17,,210538,14,0,38,1,15,,210539,14,0,38,1,15,,210540,14,0,38,1,55,,210541,14,0,38,1,15,,210542,14,0,38,1,15,,210543,14,0,38,1,15,,210544,14,0,38,1,55,,210545,14,0,38,1,15,,210546,14,0,38,1,15,,210547,14,0,38,1,15,,210548,14,0,38,1,55,,210549,14,0,38,1,15,,210550,14,0,38,1,15,,210551,14,0,38,1,15,,210552,14,0,38,1,55,,210553,14,0,38,1,15,,210554,14,0,38,1,15,,210555,14,0,38,1,15,,210556,14,0,38,1,55,,210557,14,0,38,1,15,,210558,14,0,38,1,15,,210559,14,0,38,1,15,,210560,14,0,38,1,55,,210561,14,0,38,1,15,,210562,14,0,38,1,15,,210563,14,0,38,1,15,,210564,14,0,38,1,55,,210565,14,0,38,1,15,,210566,14,0,38,1,15,,210567,14,0,38,1,15,,210568,14,0,38,1,54,,210569,14,0,38,1,15,,210570,14,0,38,1,15,,210571,14,0,38,1,15,,210572,14,0,38,1,55,,210573,14,0,38,1,15,,210574,14,0,38,1,15,,210575,14,0,38,1,15,,210576,14,0,38,1,55,,210577,14,0,38,1,15,,210578,14,0,38,1,15,,210579,14,0,38,1,15,,210580,14,0,38,1,55,,210581,14,0,38,1,15,,210582,14,0,38,1,15,,210583,14,0,38,1,15,,210585,14,0,38,1,55,,210586,14,0,38,1,15,,210587,14,0,38,1,15,,210584,14,0,38,1,15,,210588,14,0,38,1,55,,210589,14,0,38,1,15,,210590,14,0,38,1,20,,210591,14,0,38,1,60,,210592,14,0,38,1,20,,210593,14,0,38,1,20,,210594,14,0,38,1,60,,210595,14,0,38,1,20,,210596,14,0,38,1,30,,210597,14,0,28 39 40,1,70,,210598,14,0,28 39 40,1,30,,210599,14,0,28 39 40,1,70,,210600,14,0,28 39 40,1,30,,210601,14,0,28 39 40,1
901,'009-Sunday-1-26-09-0000001',530,,210673,14,0,38,1,20,,210607,14,0,38,1,60,,210608,14,0,38,1,20,,210609,14,0,38,1,20,,210610,14,0,38,1,60,,210611,14,0,38,1,20,,210612,14,0,38,1,20,,210681,14,0,38,1,60,,210682,14,0,38,1,20,,210680,14,0,38,1,15,,210679,14,0,38,1,55,,210678,14,0,38,1,16,,210677,14,0,38,1,15,,210676,14,0,38,1,15,,210675,14,0,38,1,55,,210674,14,0,38,1,14,,210613,14,0,38,1,15,,210614,14,0,38,1,15,,210615,14,0,38,1,55,,210616,14,0,38,1,15,,210617,14,0,38,1,15,,210618,14,0,38,1,15,,210619,14,0,38,1,55,,210620,14,0,38,1,15,,210621,14,0,38,1,15,,210622,14,0,38,1,15,,210623,14,0,38,1,55,,210624,14,0,38,1,15,,210625,14,0,38,1,15,,210626,14,0,38,1,15,,210627,14,0,38,1,55,,210628,14,0,38,1,15,,210629,14,0,38,1,15,,210630,14,0,38,1,15,,210631,14,0,38,1,55,,210632,14,0,38,1,15,,210633,14,0,38,1,15,,210634,14,0,38,1,15,,210635,14,0,38,1,55,,210636,14,0,38,1,15,,210637,14,0,38,1,15,,210638,14,0,38,1,15,,210639,14,0,38,1,55,,210640,14,0,38,1,14,,210641,14,0,38,1,16,,210642,14,0,38,1,15,,210643,14,0,38,1,55,,210644,14,0,38,1,15,,210646,14,0,38,1,15,,210647,14,0,38,1,15,,210648,14,0,38,1,55,,210645,14,0,38,1,15,,210649,14,0,38,1,15,,210650,14,0,38,1,15,,210651,14,0,38,1,55,,210652,14,0,38,1,15,,210653,14,0,38,1,15,,210654,14,0,38,1,15,,210655,14,0,38,1,55,,210656,14,0,38,1,15,,210657,14,0,38,1,15,,210658,14,0,38,1,15,,210659,14,0,38,1,55,,210660,14,0,38,1,15,,210661,14,0,38,1,20,,210662,14,0,38,1,20,,210663,14,0,38,1,60,,210664,14,0,38,1,20,,210665,14,0,38,1,20,,210666,14,0,38,1,65,,210667,14,0,38,1,30,,210668,14,0,28 39 40,1,70,,210669,14,0,28 39 40,1,30,,210670,14,0,28 39 40,1,70,,210671,14,0,28 39 40,1,30,,210672,14,0,28 39 40,1
10301,'103-Weekday-1-26-09-1110100',1553,,214722,40,,,1
10301,'103-Weekday-1-26-09-1111100',609,,214723,57,,,1,32,,214724,57,,,1,59,,214725,40,,,1,15,,214760,57,,,1,15,,214726,40,,,1,15,,214761,57,,,1,55,,214727,40,,,1,15,,214762,57,,,1,15,,214728,40,,,1,15,,214763,57,,,1,14,,214729,40,,,1,49,,214766,57,,,1,23,,214730,57,,,1,19,,214731,57,,,1,60,,214732,57,,,1,20,,214733,57,,,1,20,,214767,57,,,1,60,,214734,57,,,1,20,,214735,57,,,1,20,,214768,57,,,1,60,,214736,57,,,1,20,,214737,57,,,1,20,,214769,57,,,1,60,,214738,57,,,1,20,,214739,57,,,1,20,,214770,57,,,1,60,,214740,57,,,1,20,,214741,57,,,1,20,,214771,57,,,1,62,,214742,57,,,1,24,,214764,57,,,1,64,,214759,57,,,1,30,,214758,57,,,1,70,,214757,57,,,1,30,,214756,57,,,1,70,,214755,57,,,1,29,,214765,57,,,1,25,,214743,57,,,1,69,,214744,57,,,1,30,,214745,57,,,1,70,,214746,57,,,1,30,,214747,57,,,1,70,,214748,57,,,1,30,,214749,57,,,1,67,,214750,57,,,1,29,,214751,57,,,1,73,,214752,57,,,1,30,,214753,57,,,1,70,,214754,57,,,1
10301,'103-Weekday-2-26-09-1111100',609,,214773,57,,,1,32,,214774,57,,,1,59,,214775,40,,,1,15,,214810,57,,,1,15,,214776,40,,,1,15,,214811,57,,,1,55,,214777,40,,,1,15,,214812,57,,,1,15,,214778,40,,,1,15,,214813,57,,,1,14,,214779,40,,,1,49,,214816,57,,,1,23,,214780,57,,,1,19,,214781,57,,,1,60,,214782,57,,,1,20,,214783,57,,,1,20,,214817,57,,,1,60,,214784,57,,,1,20,,214785,57,,,1,20,,214818,57,,,1,60,,214786,57,,,1,20,,214787,57,,,1,20,,214819,57,,,1,60,,214788,57,,,1,20,,214789,57,,,1,20,,214820,57,,,1,60,,214790,57,,,1,20,,214791,57,,,1,20,,214821,57,,,1,62,,214792,57,,,1,24,,214814,57,,,1,64,,214809,57,,,1,30,,214808,57,,,1,70,,214807,57,,,1,30,,214806,57,,,1,70,,214805,57,,,1,29,,214815,57,,,1,25,,214793,57,,,1,69,,214794,57,,,1,30,,214795,57,,,1,70,,214796,57,,,1,30,,214797,57,,,1,70,,214798,57,,,1,30,,214799,57,,,1,67,,214800,57,,,1,29,,214801,57,,,1,73,,214802,57,,,1,30,,214803,57,,,1,70,,214804,57,,,1
10301,'103-Weekday-3-26-09-1110100',1553,,258305,40,,,1
10301,'103-Weekday-3-26-09-1111100',609,,258306,57,,,1,32,,258307,57,,,1,59,,258308,40,,,1,15,,258343,57,,,1,15,,258309,40,,,1,15,,258344,57,,,1,55,,258310,40,,,1,15,,258345,57,,,1,15,,258311,40,,,1,15,,258346,57,,,1,14,,258312,40,,,1,49,,258349,57,,,1,23,,258313,57,,,1,19,,258314,57,,,1,60,,258315,57,,,1,20,,258316,57,,,1,20,,258350,57,,,1,60,,258317,57,,,1,20,,258318,57,,,1,20,,258351,57,,,1,60,,258319,57,,,1,20,,258320,57,,,1,20,,258352,57,,,1,60,,258321,57,,,1,20,,258322,57,,,1,20,,258353,57,,,1,60,,258323,57,,,1,20,,258324,57,,,1,20,,258354,57,,,1,62,,258325,57,,,1,24,,258347,57,,,1,64,,258342,57,,,1,30,,258341,57,,,1,70,,258340,57,,,1,30,,258339,57,,,1,70,,258338,57,,,1,29,,258348,57,,,1,25,,258326,57,,,1,69,,258327,57,,,1,30,,258328,57,,,1,70,,258329,57,,,1,30,,258330,57,,,1,70,,258331,57,,,1,30,,258332,57,,,1,67,,258333,57,,,1,29,,258334,57,,,1,73,,258335,57,,,1,30,,258336,57,,,1,70,,258337,57,,,1
10301,'103-Weekday-4-26-09-1111100',609,,214822,57,,,1,32,,214823,57,,,1,59,,214824,40,,,1,15,,214859,57,,,1,15,,214825,40,,,1,15,,214860,57,,,1,55,,214826,40,,,1,15,,214861,57,,,1,15,,214827,40,,,1,15,,214862,57,,,1,14,,214828,40,,,1,49,,214865,57,,,1,23,,214829,57,,,1,19,,214830,57,,,1,60,,214831,57,,,1,20,,214832,57,,,1,20,,214866,57,,,1,60,,214833,57,,,1,20,,214834,57,,,1,20,,214867,57,,,1,60,,214835,57,,,1,20,,214836,57,,,1,20,,214868,57,,,1,60,,214837,57,,,1,20,,214838,57,,,1,20,,214869,57,,,1,60,,214839,57,,,1,20,,214840,57,,,1,20,,214870,57,,,1,62,,214841,57,,,1,24,,214863,57,,,1,64,,214858,57,,,1,30,,214857,57,,,1,70,,214856,57,,,1,30,,214855,57,,,1,70,,214854,57,,,1,29,,214864,57,,,1,25,,214842,57,,,1,69,,214843,57,,,1,30,,214844,57,,,1,70,,214845,57,,,1,30,,214846,57,,,1,70,,214847,57,,,1,30,,214848,57,,,1,67,,214849,57,,,1,29,,214850,57,,,1,73,,214851,57,,,1,30,,214852,57,,,1,70,,214853,57,,,1
10301,'103-Weekday-5-26-09-1111100',609,,258356,57,,,1,32,,258357,57,,,1,59,,258358,40,,,1,15,,258393,57,,,1,15,,258359,40,,,1,15,,258394,57,,,1,55,,258360,40,,,1,15,,258395,57,,,1,15,,258361,40,,,1,15,,258396,57,,,1,14,,258362,40,,,1,49,,258399,57,,,1,23,,258363,57,,,1,19,,258364,57,,,1,60,,258365,57,,,1,20,,258366,57,,,1,20,,258400,57,,,1,60,,258367,57,,,1,20,,258368,57,,,1,20,,258401,57,,,1,60,,258369,57,,,1,20,,258370,57,,,1,20,,258402,57,,,1,60,,258371,57,,,1,20,,258372,57,,,1,20,,258403,57,,,1,60,,258373,57,,,1,20,,258374,57,,,1,20,,258404,57,,,1,62,,258375,57,,,1,24,,258397,57,,,1,64,,258392,57,,,1,30,,258391,57,,,1,70,,258390,57,,,1,30,,258389,57,,,1,70,,258388,57,,,1,29,,258398,57,,,1,25,,258376,57,,,1,69,,258377,57,,,1,30,,258378,57,,,1,70,,258379,57,,,1,30,,258380,57,,,1,70,,258381,57,,,1,30,,258382,57,,,1,67,,258383,57,,,1,29,,258384,57,,,1,73,,258385,57,,,1,30,,258386,57,,,1,70,,258387,57,,,1
10301,'103-Weekday-6-26-09-1110100',1553,,258405,40,,,1
10301,'103-Weekday-6-26-09-1111100',609,,258406,57,,,1,32,,258407,57,,,1,59,,258408,40,,,1,15,,258443,57,,,1,15,,258409,40,,,1,15,,258444,57,,,1,55,,258410,40,,,1,15,,258445,57,,,1,15,,258411,40,,,1,15,,258446,57,,,1,14,,258412,40,,,1,49,,258449,57,,,1,23,,258413,57,,,1,19,,258414,57,,,1,60,,258415,57,,,1,20,,258416,57,,,1,20,,258450,57,,,1,60,,258417,57,,,1,20,,258418,57,,,1,20,,258451,57,,,1,60,,258419,57,,,1,20,,258420,57,,,1,20,,258452,57,,,1,60,,258421,57,,,1,20,,258422,57,,,1,20,,258453,57,,,1,60,,258423,57,,,1,20,,258424,57,,,1,20,,258454,57,,,1,62,,258425,57,,,1,24,,258447,57,,,1,64,,258442,57,,,1,30,,258441,57,,,1,70,,258440,57,,,1,30,,258439,57,,,1,70,,258438,57,,,1,29,,258448,57,,,1,25,,258426,57,,,1,69,,258427,57,,,1,30,,258428,57,,,1,70,,258429,57,,,1,30,,258430,57,,,1,70,,258431,57,,,1,30,,258432,57,,,1,67,,258433,57,,,1,29,,258434,57,,,1,73,,258435,57,,,1,30,,258436,57,,,1,70,,258437,57,,,1
10301,'103-Weekday-7-26-09-1111100',609,,258456,57,,,1,32,,258457,57,,,1,59,,258458,40,,,1,15,,258493,57,,,1,15,,258459,40,,,1,15,,258494,57,,,1,55,,258460,40,,,1,15,,258495,57,,,1,15,,258461,40,,,1,15,,258496,57,,,1,14,,258462,40,,,1,49,,258499,57,,,1,23,,258463,57,,,1,19,,258464,57,,,1,60,,258465,57,,,1,20,,258466,57,,,1,20,,258500,57,,,1,60,,258467,57,,,1,20,,258468,57,,,1,20,,258501,57,,,1,60,,258469,57,,,1,20,,258470,57,,,1,20,,258502,57,,,1,60,,258471,57,,,1,20,,258472,57,,,1,20,,258503,57,,,1,60,,258473,57,,,1,20,,258474,57,,,1,20,,258504,57,,,1,62,,258475,57,,,1,24,,258497,57,,,1,64,,258492,57,,,1,30,,258491,57,,,1,70,,258490,57,,,1,30,,258489,57,,,1,70,,258488,57,,,1,29,,258498,57,,,1,25,,258476,57,,,1,69,,258477,57,,,1,30,,258478,57,,,1,70,,258479,57,,,1,30,,258480,57,,,1,70,,258481,57,,,1,30,,258482,57,,,1,67,,258483,57,,,1,29,,258484,57,,,1,73,,258485,57,,,1,30,,258486,57,,,1,70,,258487,57,,,1
10301,'103-Saturday-1-26-09-0000010',640,,214871,57,,,1,70,,214872,57,,,1,30,,214873,57,,,1,70,,214874,57,,,1,30,,214875,57,,,1,72,,214876,57,,,1,31,,214877,57,,,1,70,,214878,57,,,1,30,,214879,57,,,1,70,,214880,57,,,1,30,,214881,57,,,1,70,,214882,57,,,1,30,,214883,57,,,1,70,,214884,57,,,1,30,,214885,57,,,1,70,,214886,57,,,1,30,,214887,57,,,1,70,,214888,57,,,1,30,,214889,57,,,1,70,,214890,57,,,1,30,,214891,57,,,1,69,,214892,57,,,1,31,,214893,57,,,1,70,,214894,57,,,1,30,,214895,57,,,1,70,,214896,57,,,1,30,,214897,57,,,1,70,,214898,57,,,1,30,,214899,57,,,1,70,,214900,57,,,1,30,,214901,57,,,1,70,,214902,57,,,1,30,,214903,57,,,1,70,,214904,57,,,1,30,,214905,57,,,1,70,,214906,57,,,1,30,,214907,57,,,1
10301,'103-Sunday-1-26-09-0000001',633,,214908,57,,,1,70,,214909,57,,,1,30,,214910,57,,,1,70,,214911,57,,,1,30,,214912,57,,,1,71,,214913,57,,,1,31,,214914,57,,,1,73,,214915,57,,,1,30,,214916,57,,,1,70,,214917,57,,,1,30,,214918,57,,,1,70,,214919,57,,,1,30,,214920,57,,,1,70,,214921,57,,,1,30,,214922,57,,,1,70,,214923,57,,,1,30,,214924,57,,,1,70,,214925,57,,,1,30,,214926,57,,,1,70,,214927,57,,,1,30,,214928,57,,,1,69,,214929,57,,,1,28,,214930,57,,,1,70,,214931,57,,,1,30,,214932,57,,,1,70,,214933,57,,,1,30,,214934,57,,,1,70,,214935,57,,,1,30,,214936,57,,,1,70,,214937,57,,,1,30,,214938,57,,,1,70,,214939,57,,,1,30,,214940,57,,,1,70,,214941,57,,,1,30,,214942,57,,,1,70,,214943,57,,,1,30,,214944,57,,,1
