52101,'521-Weekday-1-26-09-1111100',554,,225883,29,,,1,70,,225884,29,,,1,13,,225885,29,,,1,15,,225886,29,,,1,54,,225927,29,,,1,12,,225922,29,,,1,12,,225887,29,,,1,12,,225888,29,,,1,12,,225889,29,,,1,52,,225928,29,,,1,12,,225921,29,,,1,12,,225890,29,,,1,12,,225891,29,,,1,12,,225926,29,,,1,66,,225892,29,,,1,29,,225893,29,,,1,70,,225894,29,,,1,30,,225895,29,,,1,70,,225896,29,,,1,30,,225897,29,,,1,70,,225898,29,,,1,30,,225899,29,,,1,70,,225900,29,,,1,30,,225901,29,,,1,70,,225902,29,,,1,30,,225903,29,,,1,77,,225925,29,,,1,75,,225924,29,,,1,15,,225904,29,,,1,1,,225931,29,,,1,14,,225905,29,,,1,15,,225906,29,,,1,55,,225907,29,,,1,15,,225908,29,,,1,15,,225909,29,,,1,15,,225910,29,,,1,55,,225911,29,,,1,15,,225912,29,,,1,15,,225913,29,,,1,22,,225923,29,,,1,68,,225914,29,,,1,30,,225915,29,,,1,70,,225916,29,,,1,30,,225917,29,,,1,70,,225918,29,,,1,30,,225919,29,,,1,68,,225920,29,,,1,100,,225929,29,,,1,100,,225930,29,,,1
52101,'521-Weekday-2-26-09-1111100',554,,225932,29,,,1,70,,225933,29,,,1,13,,225934,29,,,1,15,,225935,29,,,1,54,,225976,29,,,1,12,,225971,29,,,1,12,,225936,29,,,1,12,,225937,29,,,1,12,,225938,29,,,1,52,,225977,29,,,1,12,,225970,29,,,1,12,,225939,29,,,1,12,,225940,29,,,1,12,,225975,29,,,1,66,,225941,29,,,1,29,,225942,29,,,1,70,,225943,29,,,1,30,,225944,29,,,1,70,,225945,29,,,1,30,,225946,29,,,1,70,,225947,29,,,1,30,,225948,29,,,1,70,,225949,29,,,1,30,,225950,29,,,1,70,,225951,29,,,1,30,,225952,29,,,1,77,,225974,29,,,1,75,,225973,29,,,1,15,,225953,29,,,1,1,,225980,29,,,1,14,,225954,29,,,1,15,,225955,29,,,1,55,,225956,29,,,1,15,,225957,29,,,1,15,,225958,29,,,1,15,,225959,29,,,1,55,,225960,29,,,1,15,,225961,29,,,1,15,,225962,29,,,1,22,,225972,29,,,1,68,,225963,29,,,1,30,,225964,29,,,1,70,,225965,29,,,1,30,,225966,29,,,1,70,,225967,29,,,1,30,,225968,29,,,1,68,,225969,29,,,1,100,,225978,29,,,1,100,,225979,29,,,1
52101,'521-Weekday-3-26-09-1111100',554,,268915,29,,,1,70,,268916,29,,,1,13,,268917,29,,,1,15,,268918,29,,,1,54,,268959,29,,,1,12,,268954,29,,,1,12,,268919,29,,,1,12,,268920,29,,,1,12,,268921,29,,,1,52,,268960,29,,,1,12,,268953,29,,,1,12,,268922,29,,,1,12,,268923,29,,,1,12,,268958,29,,,1,66,,268924,29,,,1,29,,268925,29,,,1,70,,268926,29,,,1,30,,268927,29,,,1,70,,268928,29,,,1,30,,268929,29,,,1,70,,268930,29,,,1,30,,268931,29,,,1,70,,268932,29,,,1,30,,268933,29,,,1,70,,268934,29,,,1,30,,268935,29,,,1,77,,268957,29,,,1,75,,268956,29,,,1,15,,268936,29,,,1,1,,268963,29,,,1,14,,268937,29,,,1,15,,268938,29,,,1,55,,268939,29,,,1,15,,268940,29,,,1,15,,268941,29,,,1,15,,268942,29,,,1,55,,268943,29,,,1,15,,268944,29,,,1,15,,268945,29,,,1,22,,268955,29,,,1,68,,268946,29,,,1,30,,268947,29,,,1,70,,268948,29,,,1,30,,268949,29,,,1,70,,268950,29,,,1,30,,268951,29,,,1,68,,268952,29,,,1,100,,268961,29,,,1,100,,268962,29,,,1
52101,'521-Weekday-4-26-09-1111100',554,,225981,29,,,1,70,,225982,29,,,1,13,,225983,29,,,1,15,,225984,29,,,1,54,,226025,29,,,1,12,,226020,29,,,1,12,,225985,29,,,1,12,,225986,29,,,1,12,,225987,29,,,1,52,,226026,29,,,1,12,,226019,29,,,1,12,,225988,29,,,1,12,,225989,29,,,1,12,,226024,29,,,1,66,,225990,29,,,1,29,,225991,29,,,1,70,,225992,29,,,1,30,,225993,29,,,1,70,,225994,29,,,1,30,,225995,29,,,1,70,,225996,29,,,1,30,,225997,29,,,1,70,,225998,29,,,1,30,,225999,29,,,1,70,,226000,29,,,1,30,,226001,29,,,1,77,,226023,29,,,1,75,,226022,29,,,1,15,,226002,29,,,1,15,,226003,29,,,1,15,,226004,29,,,1,55,,226005,29,,,1,15,,226006,29,,,1,15,,226007,29,,,1,15,,226008,29,,,1,55,,226009,29,,,1,15,,226010,29,,,1,15,,226011,29,,,1,22,,226021,29,,,1,68,,226012,29,,,1,30,,226013,29,,,1,70,,226014,29,,,1,30,,226015,29,,,1,70,,226016,29,,,1,30,,226017,29,,,1,68,,226018,29,,,1,100,,226027,29,,,1,100,,226028,29,,,1
52101,'521-Weekday-5-26-09-1111100',554,,268964,29,,,1,70,,268965,29,,,1,13,,268966,29,,,1,15,,268967,29,,,1,54,,269008,29,,,1,12,,269003,29,,,1,12,,268968,29,,,1,12,,268969,29,,,1,12,,268970,29,,,1,52,,269009,29,,,1,12,,269002,29,,,1,12,,268971,29,,,1,12,,268972,29,,,1,12,,269007,29,,,1,66,,268973,29,,,1,29,,268974,29,,,1,70,,268975,29,,,1,30,,268976,29,,,1,70,,268977,29,,,1,30,,268978,29,,,1,70,,268979,29,,,1,30,,268980,29,,,1,70,,268981,29,,,1,30,,268982,29,,,1,70,,268983,29,,,1,30,,268984,29,,,1,77,,269006,29,,,1,75,,269005,29,,,1,15,,268985,29,,,1,15,,268986,29,,,1,15,,268987,29,,,1,55,,268988,29,,,1,15,,268989,29,,,1,15,,268990,29,,,1,15,,268991,29,,,1,55,,268992,29,,,1,15,,268993,29,,,1,15,,268994,29,,,1,22,,269004,29,,,1,68,,268995,29,,,1,30,,268996,29,,,1,70,,268997,29,,,1,30,,268998,29,,,1,70,,268999,29,,,1,30,,269000,29,,,1,68,,269001,29,,,1,100,,269010,29,,,1,100,,269011,29,,,1
52101,'521-Weekday-6-26-09-1111100',554,,269012,29,,,1,70,,269013,29,,,1,13,,269014,29,,,1,15,,269015,29,,,1,54,,269056,29,,,1,12,,269051,29,,,1,12,,269016,29,,,1,12,,269017,29,,,1,12,,269018,29,,,1,52,,269057,29,,,1,12,,269050,29,,,1,12,,269019,29,,,1,12,,269020,29,,,1,12,,269055,29,,,1,66,,269021,29,,,1,29,,269022,29,,,1,70,,269023,29,,,1,30,,269024,29,,,1,70,,269025,29,,,1,30,,269026,29,,,1,70,,269027,29,,,1,30,,269028,29,,,1,70,,269029,29,,,1,30,,269030,29,,,1,70,,269031,29,,,1,30,,269032,29,,,1,77,,269054,29,,,1,75,,269053,29,,,1,15,,269033,29,,,1,1,,269060,29,,,1,14,,269034,29,,,1,15,,269035,29,,,1,55,,269036,29,,,1,15,,269037,29,,,1,15,,269038,29,,,1,15,,269039,29,,,1,55,,269040,29,,,1,15,,269041,29,,,1,15,,269042,29,,,1,22,,269052,29,,,1,68,,269043,29,,,1,30,,269044,29,,,1,70,,269045,29,,,1,30,,269046,29,,,1,70,,269047,29,,,1,30,,269048,29,,,1,68,,269049,29,,,1,100,,269058,29,,,1,100,,269059,29,,,1
52101,'521-Weekday-7-26-09-1111100',554,,269061,29,,,1,70,,269062,29,,,1,13,,269063,29,,,1,15,,269064,29,,,1,54,,269105,29,,,1,12,,269100,29,,,1,12,,269065,29,,,1,12,,269066,29,,,1,12,,269067,29,,,1,52,,269106,29,,,1,12,,269099,29,,,1,12,,269068,29,,,1,12,,269069,29,,,1,12,,269104,29,,,1,66,,269070,29,,,1,29,,269071,29,,,1,70,,269072,29,,,1,30,,269073,29,,,1,70,,269074,29,,,1,30,,269075,29,,,1,70,,269076,29,,,1,30,,269077,29,,,1,70,,269078,29,,,1,30,,269079,29,,,1,70,,269080,29,,,1,30,,269081,29,,,1,77,,269103,29,,,1,75,,269102,29,,,1,15,,269082,29,,,1,15,,269083,29,,,1,15,,269084,29,,,1,55,,269085,29,,,1,15,,269086,29,,,1,15,,269087,29,,,1,15,,269088,29,,,1,55,,269089,29,,,1,15,,269090,29,,,1,15,,269091,29,,,1,22,,269101,29,,,1,68,,269092,29,,,1,30,,269093,29,,,1,70,,269094,29,,,1,30,,269095,29,,,1,70,,269096,29,,,1,30,,269097,29,,,1,68,,269098,29,,,1,100,,269107,29,,,1,100,,269108,29,,,1
52101,'521-Saturday-1-26-09-0000010',817,,226029,29,,,1,30,,226030,29,,,1,71,,226031,29,,,1,32,,226032,29,,,1,70,,226033,29,,,1,30,,226034,29,,,1,70,,226035,29,,,1,30,,226036,29,,,1,70,,226037,29,,,1,30,,226038,29,,,1,70,,226039,29,,,1,30,,226040,29,,,1,70,,226041,29,,,1,30,,226042,29,,,1,70,,226043,29,,,1,30,,226044,29,,,1,70,,226045,29,,,1,30,,226046,29,,,1,70,,226047,29,,,1,30,,226048,29,,,1,70,,226049,29,,,1,30,,226050,29,,,1,70,,226051,29,,,1
52101,'521-Sunday-1-26-09-0000001',1020,,226052,29,,,1,30,,226053,29,,,1,70,,226054,29,,,1,30,,226055,29,,,1,70,,226056,29,,,1,30,,226057,29,,,1,70,,226058,29,,,1,30,,226059,29,,,1,70,,226060,29,,,1,30,,226061,29,,,1,70,,226062,29,,,1,30,,226063,29,,,1,70,,226064,29,,,1,30,,226065,29,,,1,69,,226066,29,,,1,30,,226067,29,,,1,70,,226068,29,,,1,30,,226069,29,,,1,70,,226070,29,,,1
63800,'638-Weekday-1-26-09-0000100',934,,227612,12,,,1,3,,227611,12,,,1
63800,'638-Weekday-1-26-09-1111000',807,,227614,12,,,1,2,,227613,12,,,1
63800,'638-Weekday-1-26-09-1111100',734,,227615,12,,,1,3,,227616,12,,,1
63800,'638-Weekday-3-26-09-1111000',807,,227618,12,,,1,2,,227617,12,,,1
63800,'638-Weekday-4-26-09-1111100',734,,270437,12,,,1,3,,270438,12,,,1
63800,'638-Weekday-7-26-09-1111000',807,,270440,12,,,1,2,,270439,12,,,1
63800,'638-Weekday-7-26-09-1111100',734,,270441,12,,,1,3,,270442,12,,,1
66401,'664-Weekday-1-26-09-1111100',815,,227762,18,0,21 22,1,3,,227763,18,0,21 22,1
66401,'664-Weekday-3-26-09-1111100',815,,227764,18,0,21 22,1,3,,227765,18,0,21 22,1
66401,'664-Weekday-7-26-09-1111100',815,,270564,18,0,21 22,1,3,,270565,18,0,21 22,1
