2091801,'918-Weekday-1-26-09-1111100',522,,244060,21,0,18 41 7 42,1,30,,244061,21,0,18 41 7 42,1,70,,244062,21,0,18 41 7 42,1,26,,244064,21,0,18 41 7 42,1,55,,244065,21,0,18 41 7 42,1,15,,244066,21,0,18 41 7 42,1,15,,244067,21,0,18 41 7 42,1,15,,244068,21,0,18 41 7 42,1,55,,244069,21,0,18 41 7 42,1,15,,244070,21,0,18 41 7 42,1,15,,244071,21,0,18 41 7 42,1,15,,244063,21,0,18 41 7 42,1,55,,244096,21,0,18 41 7 42,1,15,,244072,21,0,18 41 7 42,1,25,,244081,21,0,18 41 7 42,1,70,,244082,21,0,18 41 7 42,1,30,,244083,21,0,18 41 7 42,1,70,,244084,21,0,18 41 7 42,1,30,,244085,21,0,18 41 7 42,1,70,,244086,21,0,18 41 7 42,1,30,,244073,21,0,18 41 7 42,1,70,,244074,21,0,18 41 7 42,1,30,,244075,21,0,18 41 7 42,1,70,,244076,21,0,18 41 7 42,1,30,,244077,21,0,18 41 7 42,1,73,,244078,21,0,18 41 7 42,1,30,,244087,21,0,18 41 7 42,1,55,,244088,21,0,18 41 7 42,1,15,,244080,21,0,18 41 7 42,1,15,,244056,21,0,18 41 7 42,1,15,,244057,21,0,18 41 7 42,1,55,,244058,21,0,18 41 7 42,1,15,,244059,21,0,18 41 7 42,1,15,,244054,21,0,18 41 7 42,1,15,,244079,21,0,18 41 7 42,1,55,,244097,21,0,18 41 7 42,1,15,,244055,21,0,18 41 7 42,1,28,,244089,21,0,18 41 7 42,1,70,,244090,21,0,18 41 7 42,1,30,,244091,21,0,18 41 7 42,1,70,,244051,21,0,18 41 7 42,1,30,,244052,21,0,18 41 7 42,1,70,,244053,21,0,18 41 7 42,1,30,,244092,21,0,18 41 7 42,1,98,,244093,21,0,18 41 7 42,1,100,,244094,21,0,18 41 7 42,1,100,,244095,21,0,18 41 7 42,1
2091801,'918-Weekday-2-26-09-1111100',522,,244107,21,0,18 41 7 42,1,30,,244108,21,0,18 41 7 42,1,70,,244109,21,0,18 41 7 42,1,26,,244111,21,0,18 41 7 42,1,55,,244112,21,0,18 41 7 42,1,15,,244113,21,0,18 41 7 42,1,15,,244114,21,0,18 41 7 42,1,15,,244115,21,0,18 41 7 42,1,55,,244116,21,0,18 41 7 42,1,15,,244117,21,0,18 41 7 42,1,15,,244118,21,0,18 41 7 42,1,15,,244110,21,0,18 41 7 42,1,55,,244143,21,0,18 41 7 42,1,15,,244119,21,0,18 41 7 42,1,25,,244128,21,0,18 41 7 42,1,70,,244129,21,0,18 41 7 42,1,30,,244130,21,0,18 41 7 42,1,70,,244131,21,0,18 41 7 42,1,30,,244132,21,0,18 41 7 42,1,70,,244133,21,0,18 41 7 42,1,30,,244120,21,0,18 41 7 42,1,70,,244121,21,0,18 41 7 42,1,30,,244122,21,0,18 41 7 42,1,70,,244123,21,0,18 41 7 42,1,30,,244124,21,0,18 41 7 42,1,73,,244125,21,0,18 41 7 42,1,30,,244134,21,0,18 41 7 42,1,55,,244135,21,0,18 41 7 42,1,15,,244127,21,0,18 41 7 42,1,15,,244103,21,0,18 41 7 42,1,15,,244104,21,0,18 41 7 42,1,55,,244105,21,0,18 41 7 42,1,15,,244106,21,0,18 41 7 42,1,15,,244101,21,0,18 41 7 42,1,15,,244126,21,0,18 41 7 42,1,55,,244144,21,0,18 41 7 42,1,15,,244102,21,0,18 41 7 42,1,28,,244136,21,0,18 41 7 42,1,70,,244137,21,0,18 41 7 42,1,30,,244138,21,0,18 41 7 42,1,70,,244098,21,0,18 41 7 42,1,30,,244099,21,0,18 41 7 42,1,70,,244100,21,0,18 41 7 42,1,30,,244139,21,0,18 41 7 42,1,98,,244140,21,0,18 41 7 42,1,100,,244141,21,0,18 41 7 42,1,100,,244142,21,0,18 41 7 42,1
2091801,'918-Weekday-3-26-09-1111100',522,,286435,21,0,18 41 7 42,1,30,,286436,21,0,18 41 7 42,1,70,,286437,21,0,18 41 7 42,1,26,,286439,21,0,18 41 7 42,1,55,,286440,21,0,18 41 7 42,1,15,,286441,21,0,18 41 7 42,1,15,,286442,21,0,18 41 7 42,1,15,,286443,21,0,18 41 7 42,1,55,,286444,21,0,18 41 7 42,1,15,,286445,21,0,18 41 7 42,1,15,,286446,21,0,18 41 7 42,1,15,,286438,21,0,18 41 7 42,1,55,,286471,21,0,18 41 7 42,1,15,,286447,21,0,18 41 7 42,1,25,,286456,21,0,18 41 7 42,1,70,,286457,21,0,18 41 7 42,1,30,,286458,21,0,18 41 7 42,1,70,,286459,21,0,18 41 7 42,1,30,,286460,21,0,18 41 7 42,1,70,,286461,21,0,18 41 7 42,1,30,,286448,21,0,18 41 7 42,1,70,,286449,21,0,18 41 7 42,1,30,,286450,21,0,18 41 7 42,1,70,,286451,21,0,18 41 7 42,1,30,,286452,21,0,18 41 7 42,1,73,,286453,21,0,18 41 7 42,1,30,,286462,21,0,18 41 7 42,1,55,,286463,21,0,18 41 7 42,1,15,,286455,21,0,18 41 7 42,1,15,,286431,21,0,18 41 7 42,1,15,,286432,21,0,18 41 7 42,1,55,,286433,21,0,18 41 7 42,1,15,,286434,21,0,18 41 7 42,1,15,,286429,21,0,18 41 7 42,1,15,,286454,21,0,18 41 7 42,1,55,,286472,21,0,18 41 7 42,1,15,,286430,21,0,18 41 7 42,1,28,,286464,21,0,18 41 7 42,1,70,,286465,21,0,18 41 7 42,1,30,,286466,21,0,18 41 7 42,1,70,,286426,21,0,18 41 7 42,1,30,,286427,21,0,18 41 7 42,1,70,,286428,21,0,18 41 7 42,1,30,,286467,21,0,18 41 7 42,1,98,,286468,21,0,18 41 7 42,1,100,,286469,21,0,18 41 7 42,1,100,,286470,21,0,18 41 7 42,1
2091801,'918-Weekday-4-26-09-1111100',522,,244154,21,0,18 41 7 42,1,30,,244155,21,0,18 41 7 42,1,70,,244156,21,0,18 41 7 42,1,26,,244158,21,0,18 41 7 42,1,55,,244159,21,0,18 41 7 42,1,15,,244160,21,0,18 41 7 42,1,15,,244161,21,0,18 41 7 42,1,15,,244162,21,0,18 41 7 42,1,55,,244163,21,0,18 41 7 42,1,15,,244164,21,0,18 41 7 42,1,15,,244165,21,0,18 41 7 42,1,15,,244157,21,0,18 41 7 42,1,55,,244190,21,0,18 41 7 42,1,15,,244166,21,0,18 41 7 42,1,25,,244175,21,0,18 41 7 42,1,70,,244176,21,0,18 41 7 42,1,30,,244177,21,0,18 41 7 42,1,70,,244178,21,0,18 41 7 42,1,30,,244179,21,0,18 41 7 42,1,70,,244180,21,0,18 41 7 42,1,30,,244167,21,0,18 41 7 42,1,70,,244168,21,0,18 41 7 42,1,30,,244169,21,0,18 41 7 42,1,70,,244170,21,0,18 41 7 42,1,30,,244171,21,0,18 41 7 42,1,73,,244172,21,0,18 41 7 42,1,30,,244181,21,0,18 41 7 42,1,55,,244182,21,0,18 41 7 42,1,15,,244174,21,0,18 41 7 42,1,15,,244150,21,0,18 41 7 42,1,15,,244151,21,0,18 41 7 42,1,55,,244152,21,0,18 41 7 42,1,15,,244153,21,0,18 41 7 42,1,15,,244148,21,0,18 41 7 42,1,15,,244173,21,0,18 41 7 42,1,55,,244191,21,0,18 41 7 42,1,15,,244149,21,0,18 41 7 42,1,28,,244183,21,0,18 41 7 42,1,70,,244184,21,0,18 41 7 42,1,30,,244185,21,0,18 41 7 42,1,70,,244145,21,0,18 41 7 42,1,30,,244146,21,0,18 41 7 42,1,70,,244147,21,0,18 41 7 42,1,30,,244186,21,0,18 41 7 42,1,98,,244187,21,0,18 41 7 42,1,100,,244188,21,0,18 41 7 42,1,100,,244189,21,0,18 41 7 42,1
2091801,'918-Weekday-5-26-09-1111100',522,,286482,21,0,18 41 7 42,1,30,,286483,21,0,18 41 7 42,1,70,,286484,21,0,18 41 7 42,1,26,,286486,21,0,18 41 7 42,1,55,,286487,21,0,18 41 7 42,1,15,,286488,21,0,18 41 7 42,1,15,,286489,21,0,18 41 7 42,1,15,,286490,21,0,18 41 7 42,1,55,,286491,21,0,18 41 7 42,1,15,,286492,21,0,18 41 7 42,1,15,,286493,21,0,18 41 7 42,1,15,,286485,21,0,18 41 7 42,1,55,,286518,21,0,18 41 7 42,1,15,,286494,21,0,18 41 7 42,1,25,,286503,21,0,18 41 7 42,1,70,,286504,21,0,18 41 7 42,1,30,,286505,21,0,18 41 7 42,1,70,,286506,21,0,18 41 7 42,1,30,,286507,21,0,18 41 7 42,1,70,,286508,21,0,18 41 7 42,1,30,,286495,21,0,18 41 7 42,1,70,,286496,21,0,18 41 7 42,1,30,,286497,21,0,18 41 7 42,1,70,,286498,21,0,18 41 7 42,1,30,,286499,21,0,18 41 7 42,1,73,,286500,21,0,18 41 7 42,1,30,,286509,21,0,18 41 7 42,1,55,,286510,21,0,18 41 7 42,1,15,,286502,21,0,18 41 7 42,1,15,,286478,21,0,18 41 7 42,1,15,,286479,21,0,18 41 7 42,1,55,,286480,21,0,18 41 7 42,1,15,,286481,21,0,18 41 7 42,1,15,,286476,21,0,18 41 7 42,1,15,,286501,21,0,18 41 7 42,1,55,,286519,21,0,18 41 7 42,1,15,,286477,21,0,18 41 7 42,1,28,,286511,21,0,18 41 7 42,1,70,,286512,21,0,18 41 7 42,1,30,,286513,21,0,18 41 7 42,1,70,,286473,21,0,18 41 7 42,1,30,,286474,21,0,18 41 7 42,1,70,,286475,21,0,18 41 7 42,1,30,,286514,21,0,18 41 7 42,1,98,,286515,21,0,18 41 7 42,1,100,,286516,21,0,18 41 7 42,1,100,,286517,21,0,18 41 7 42,1
2091801,'918-Weekday-6-26-09-1111100',522,,286529,21,0,18 41 7 42,1,30,,286530,21,0,18 41 7 42,1,70,,286531,21,0,18 41 7 42,1,26,,286533,21,0,18 41 7 42,1,55,,286534,21,0,18 41 7 42,1,15,,286535,21,0,18 41 7 42,1,15,,286536,21,0,18 41 7 42,1,15,,286537,21,0,18 41 7 42,1,55,,286538,21,0,18 41 7 42,1,15,,286539,21,0,18 41 7 42,1,15,,286540,21,0,18 41 7 42,1,15,,286532,21,0,18 41 7 42,1,55,,286565,21,0,18 41 7 42,1,15,,286541,21,0,18 41 7 42,1,25,,286550,21,0,18 41 7 42,1,70,,286551,21,0,18 41 7 42,1,30,,286552,21,0,18 41 7 42,1,70,,286553,21,0,18 41 7 42,1,30,,286554,21,0,18 41 7 42,1,70,,286555,21,0,18 41 7 42,1,30,,286542,21,0,18 41 7 42,1,70,,286543,21,0,18 41 7 42,1,30,,286544,21,0,18 41 7 42,1,70,,286545,21,0,18 41 7 42,1,30,,286546,21,0,18 41 7 42,1,73,,286547,21,0,18 41 7 42,1,30,,286556,21,0,18 41 7 42,1,55,,286557,21,0,18 41 7 42,1,15,,286549,21,0,18 41 7 42,1,15,,286525,21,0,18 41 7 42,1,15,,286526,21,0,18 41 7 42,1,55,,286527,21,0,18 41 7 42,1,15,,286528,21,0,18 41 7 42,1,15,,286523,21,0,18 41 7 42,1,15,,286548,21,0,18 41 7 42,1,55,,286566,21,0,18 41 7 42,1,15,,286524,21,0,18 41 7 42,1,28,,286558,21,0,18 41 7 42,1,70,,286559,21,0,18 41 7 42,1,30,,286560,21,0,18 41 7 42,1,70,,286520,21,0,18 41 7 42,1,30,,286521,21,0,18 41 7 42,1,70,,286522,21,0,18 41 7 42,1,30,,286561,21,0,18 41 7 42,1,98,,286562,21,0,18 41 7 42,1,100,,286563,21,0,18 41 7 42,1,100,,286564,21,0,18 41 7 42,1
2091801,'918-Weekday-7-26-09-1111100',522,,286576,21,0,18 41 7 42,1,30,,286577,21,0,18 41 7 42,1,70,,286578,21,0,18 41 7 42,1,26,,286580,21,0,18 41 7 42,1,55,,286581,21,0,18 41 7 42,1,15,,286582,21,0,18 41 7 42,1,15,,286583,21,0,18 41 7 42,1,15,,286584,21,0,18 41 7 42,1,55,,286585,21,0,18 41 7 42,1,15,,286586,21,0,18 41 7 42,1,15,,286587,21,0,18 41 7 42,1,15,,286579,21,0,18 41 7 42,1,55,,286612,21,0,18 41 7 42,1,15,,286588,21,0,18 41 7 42,1,25,,286597,21,0,18 41 7 42,1,70,,286598,21,0,18 41 7 42,1,30,,286599,21,0,18 41 7 42,1,70,,286600,21,0,18 41 7 42,1,30,,286601,21,0,18 41 7 42,1,70,,286602,21,0,18 41 7 42,1,30,,286589,21,0,18 41 7 42,1,70,,286590,21,0,18 41 7 42,1,30,,286591,21,0,18 41 7 42,1,70,,286592,21,0,18 41 7 42,1,30,,286593,21,0,18 41 7 42,1,73,,286594,21,0,18 41 7 42,1,30,,286603,21,0,18 41 7 42,1,55,,286604,21,0,18 41 7 42,1,15,,286596,21,0,18 41 7 42,1,15,,286572,21,0,18 41 7 42,1,15,,286573,21,0,18 41 7 42,1,55,,286574,21,0,18 41 7 42,1,15,,286575,21,0,18 41 7 42,1,15,,286570,21,0,18 41 7 42,1,15,,286595,21,0,18 41 7 42,1,55,,286613,21,0,18 41 7 42,1,15,,286571,21,0,18 41 7 42,1,28,,286605,21,0,18 41 7 42,1,70,,286606,21,0,18 41 7 42,1,30,,286607,21,0,18 41 7 42,1,70,,286567,21,0,18 41 7 42,1,30,,286568,21,0,18 41 7 42,1,70,,286569,21,0,18 41 7 42,1,30,,286608,21,0,18 41 7 42,1,98,,286609,21,0,18 41 7 42,1,100,,286610,21,0,18 41 7 42,1,100,,286611,21,0,18 41 7 42,1
2091801,'918-Saturday-1-26-09-0000010',535,,244192,21,0,18 41 7 42,1,100,,244193,21,0,18 41 7 42,1,100,,244194,21,0,18 41 7 42,1,100,,244195,21,0,18 41 7 42,1,70,,244196,21,0,18 41 7 42,1,30,,244197,21,0,18 41 7 42,1,70,,244198,21,0,18 41 7 42,1,30,,244199,21,0,18 41 7 42,1,70,,244200,21,0,18 41 7 42,1,30,,244201,21,0,18 41 7 42,1,70,,244202,21,0,18 41 7 42,1,30,,244203,21,0,18 41 7 42,1,70,,244204,21,0,18 41 7 42,1,30,,244205,21,0,18 41 7 42,1,70,,244206,21,0,18 41 7 42,1,30,,244207,21,0,18 41 7 42,1,70,,244208,21,0,18 41 7 42,1,30,,244209,21,0,18 41 7 42,1,70,,244210,21,0,18 41 7 42,1,30,,244211,21,0,18 41 7 42,1,71,,244212,21,0,18 41 7 42,1,31,,244213,21,0,18 41 7 42,1,70,,244214,21,0,18 41 7 42,1,30,,244215,21,0,18 41 7 42,1,70,,244216,21,0,18 41 7 42,1,30,,244217,21,0,18 41 7 42,1,100,,244218,21,0,18 41 7 42,1,100,,244219,21,0,18 41 7 42,1,100,,244220,21,0,18 41 7 42,1,100,,244221,21,0,18 41 7 42,1
2091801,'918-Sunday-1-26-09-0000001',532,,244227,21,0,18 41 7 42,1,100,,244228,21,0,18 41 7 42,1,100,,244229,21,0,18 41 7 42,1,100,,244230,21,0,18 41 7 42,1,102,,244231,21,0,18 41 7 42,1,101,,244238,21,0,18 41 7 42,1,70,,244239,21,0,18 41 7 42,1,30,,244240,21,0,18 41 7 42,1,70,,244241,21,0,18 41 7 42,1,30,,244242,21,0,18 41 7 42,1,70,,244243,21,0,18 41 7 42,1,30,,244244,21,0,18 41 7 42,1,70,,244237,21,0,18 41 7 42,1,30,,244222,21,0,18 41 7 42,1,70,,244223,21,0,18 41 7 42,1,30,,244233,21,0,18 41 7 42,1,70,,244234,21,0,18 41 7 42,1,30,,244232,21,0,18 41 7 42,1,71,,244235,21,0,18 41 7 42,1,29,,244224,21,0,18 41 7 42,1,70,,244225,21,0,18 41 7 42,1,30,,244236,21,0,18 41 7 42,1,72,,244226,21,0,18 41 7 42,1,34,,244245,21,0,18 41 7 42,1,100,,244246,21,0,18 41 7 42,1,100,,244247,21,0,18 41 7 42,1,100,,244248,21,0,18 41 7 42,1,100,,244249,21,0,18 41 7 42,1,100,,244250,21,0,18 41 7 42,1
24091000,'910X-Weekday-1-26-09-1111100',559,,246227,22,,,1,70,,246229,22,,,1,12,,246230,22,,,1,12,,246231,22,,,1,52,,246234,22,,,1,12,,246232,22,,,1,12,,246228,22,,,1,12,,246224,22,,,1,12,,246223,22,,,1,52,,246235,22,,,1,12,,246222,22,,,1,12,,246233,22,,,1,12,,246225,22,,,1,12,,246226,22,,,1,52,,246236,22,,,1
24091000,'910X-Weekday-2-26-09-1111100',559,,246242,22,,,1,70,,246244,22,,,1,12,,246245,22,,,1,12,,246246,22,,,1,52,,246249,22,,,1,12,,246247,22,,,1,12,,246243,22,,,1,12,,246239,22,,,1,12,,246238,22,,,1,52,,246250,22,,,1,12,,246237,22,,,1,12,,246248,22,,,1,12,,246240,22,,,1,12,,246241,22,,,1,52,,246251,22,,,1
24091000,'910X-Weekday-3-26-09-1111100',559,,289011,22,,,1,70,,289013,22,,,1,12,,289014,22,,,1,12,,289015,22,,,1,52,,289018,22,,,1,12,,289016,22,,,1,12,,289012,22,,,1,12,,289008,22,,,1,12,,289007,22,,,1,52,,289019,22,,,1,12,,289006,22,,,1,12,,289017,22,,,1,12,,289009,22,,,1,12,,289010,22,,,1,52,,289020,22,,,1
24091000,'910X-Weekday-4-26-09-1111100',559,,246257,22,,,1,70,,246259,22,,,1,12,,246260,22,,,1,12,,246261,22,,,1,52,,246264,22,,,1,12,,246262,22,,,1,12,,246258,22,,,1,12,,246254,22,,,1,12,,246253,22,,,1,52,,246265,22,,,1,12,,246252,22,,,1,12,,246263,22,,,1,12,,246255,22,,,1,12,,246256,22,,,1,52,,246266,22,,,1
24091000,'910X-Weekday-5-26-09-1111100',559,,289026,22,,,1,70,,289028,22,,,1,12,,289029,22,,,1,12,,289030,22,,,1,52,,289033,22,,,1,12,,289031,22,,,1,12,,289027,22,,,1,12,,289023,22,,,1,12,,289022,22,,,1,52,,289034,22,,,1,12,,289021,22,,,1,12,,289032,22,,,1,12,,289024,22,,,1,12,,289025,22,,,1,52,,289035,22,,,1
24091000,'910X-Weekday-6-26-09-1111100',559,,289041,22,,,1,70,,289043,22,,,1,12,,289044,22,,,1,12,,289045,22,,,1,52,,289048,22,,,1,12,,289046,22,,,1,12,,289042,22,,,1,12,,289038,22,,,1,12,,289037,22,,,1,52,,289049,22,,,1,12,,289036,22,,,1,12,,289047,22,,,1,12,,289039,22,,,1,12,,289040,22,,,1,52,,289050,22,,,1
24091000,'910X-Weekday-7-26-09-1111100',559,,289056,22,,,1,70,,289058,22,,,1,12,,289059,22,,,1,12,,289060,22,,,1,52,,289063,22,,,1,12,,289061,22,,,1,12,,289057,22,,,1,12,,289053,22,,,1,12,,289052,22,,,1,52,,289064,22,,,1,12,,289051,22,,,1,12,,289062,22,,,1,12,,289054,22,,,1,12,,289055,22,,,1,52,,289065,22,,,1
24091001,'910X-Weekday-1-26-09-1111100',1545,,246267,28,,,1,55,,246268,28,,,1,15,,246275,28,,,1,15,,246273,28,,,1,15,,246269,28,,,1,55,,246270,28,,,1,15,,246276,28,,,1,15,,246274,28,,,1,15,,246271,28,,,1,55,,246272,28,,,1
24091001,'910X-Weekday-2-26-09-1111100',1545,,246277,28,,,1,55,,246278,28,,,1,15,,246285,28,,,1,15,,246283,28,,,1,15,,246279,28,,,1,55,,246280,28,,,1,15,,246286,28,,,1,15,,246284,28,,,1,15,,246281,28,,,1,55,,246282,28,,,1
24091001,'910X-Weekday-3-26-09-1111100',1545,,289066,28,,,1,55,,289067,28,,,1,15,,289074,28,,,1,15,,289072,28,,,1,15,,289068,28,,,1,55,,289069,28,,,1,15,,289075,28,,,1,15,,289073,28,,,1,15,,289070,28,,,1,55,,289071,28,,,1
24091001,'910X-Weekday-4-26-09-1111100',1545,,246287,28,,,1,55,,246288,28,,,1,15,,246295,28,,,1,15,,246293,28,,,1,15,,246289,28,,,1,55,,246290,28,,,1,15,,246296,28,,,1,15,,246294,28,,,1,15,,246291,28,,,1,55,,246292,28,,,1
24091001,'910X-Weekday-5-26-09-1111100',1545,,289076,28,,,1,55,,289077,28,,,1,15,,289084,28,,,1,15,,289082,28,,,1,15,,289078,28,,,1,55,,289079,28,,,1,15,,289085,28,,,1,15,,289083,28,,,1,15,,289080,28,,,1,55,,289081,28,,,1
24091001,'910X-Weekday-6-26-09-1111100',1545,,289086,28,,,1,55,,289087,28,,,1,15,,289094,28,,,1,15,,289092,28,,,1,15,,289088,28,,,1,55,,289089,28,,,1,15,,289095,28,,,1,15,,289093,28,,,1,15,,289090,28,,,1,55,,289091,28,,,1
24091001,'910X-Weekday-7-26-09-1111100',1545,,289096,28,,,1,55,,289097,28,,,1,15,,289104,28,,,1,15,,289102,28,,,1,15,,289098,28,,,1,55,,289099,28,,,1,15,,289105,28,,,1,15,,289103,28,,,1,15,,289100,28,,,1,55,,289101,28,,,1
