10301,'103-Weekday-1-26-09-1110100',1527,,214722,8,,,1
10301,'103-Weekday-1-26-09-1111100',547,,214723,25,,,1,70,,214724,25,,,1,18,,214725,8,,,1,15,,214760,25,,,1,55,,214726,8,,,1,15,,214761,25,,,1,15,,214727,8,,,1,15,,214762,25,,,1,55,,214728,8,,,1,15,,214763,25,,,1,15,,214729,8,,,1,9,,214766,25,,,1,64,,214730,25,,,1,19,,214731,25,,,1,20,,214732,25,,,1,60,,214733,25,,,1,20,,214767,25,,,1,20,,214734,25,,,1,60,,214735,25,,,1,20,,214768,25,,,1,20,,214736,25,,,1,60,,214737,25,,,1,20,,214769,25,,,1,20,,214738,25,,,1,60,,214739,25,,,1,20,,214770,25,,,1,20,,214740,25,,,1,60,,214741,25,,,1,20,,214771,25,,,1,20,,214742,25,,,1,63,,214764,25,,,1,24,,214759,25,,,1,70,,214758,25,,,1,30,,214757,25,,,1,70,,214756,25,,,1,30,,214755,25,,,1,70,,214765,25,,,1,28,,214743,25,,,1,69,,214744,25,,,1,30,,214745,25,,,1,70,,214746,25,,,1,30,,214747,25,,,1,70,,214748,25,,,1,30,,214749,25,,,1,70,,214750,25,,,1,29,,214751,25,,,1,73,,214752,25,,,1,30,,214753,25,,,1,70,,214754,25,,,1
10301,'103-Weekday-2-26-09-1111100',547,,214773,25,,,1,70,,214774,25,,,1,18,,214775,8,,,1,15,,214810,25,,,1,55,,214776,8,,,1,15,,214811,25,,,1,15,,214777,8,,,1,15,,214812,25,,,1,55,,214778,8,,,1,15,,214813,25,,,1,15,,214779,8,,,1,9,,214816,25,,,1,64,,214780,25,,,1,19,,214781,25,,,1,20,,214782,25,,,1,60,,214783,25,,,1,20,,214817,25,,,1,20,,214784,25,,,1,60,,214785,25,,,1,20,,214818,25,,,1,20,,214786,25,,,1,60,,214787,25,,,1,20,,214819,25,,,1,20,,214788,25,,,1,60,,214789,25,,,1,20,,214820,25,,,1,20,,214790,25,,,1,60,,214791,25,,,1,20,,214821,25,,,1,20,,214792,25,,,1,63,,214814,25,,,1,24,,214809,25,,,1,70,,214808,25,,,1,30,,214807,25,,,1,70,,214806,25,,,1,30,,214805,25,,,1,70,,214815,25,,,1,28,,214793,25,,,1,69,,214794,25,,,1,30,,214795,25,,,1,70,,214796,25,,,1,30,,214797,25,,,1,70,,214798,25,,,1,30,,214799,25,,,1,70,,214800,25,,,1,29,,214801,25,,,1,73,,214802,25,,,1,30,,214803,25,,,1,70,,214804,25,,,1
10301,'103-Weekday-3-26-09-1110100',1527,,258305,8,,,1
10301,'103-Weekday-3-26-09-1111100',547,,258306,25,,,1,70,,258307,25,,,1,18,,258308,8,,,1,15,,258343,25,,,1,55,,258309,8,,,1,15,,258344,25,,,1,15,,258310,8,,,1,15,,258345,25,,,1,55,,258311,8,,,1,15,,258346,25,,,1,15,,258312,8,,,1,9,,258349,25,,,1,64,,258313,25,,,1,19,,258314,25,,,1,20,,258315,25,,,1,60,,258316,25,,,1,20,,258350,25,,,1,20,,258317,25,,,1,60,,258318,25,,,1,20,,258351,25,,,1,20,,258319,25,,,1,60,,258320,25,,,1,20,,258352,25,,,1,20,,258321,25,,,1,60,,258322,25,,,1,20,,258353,25,,,1,20,,258323,25,,,1,60,,258324,25,,,1,20,,258354,25,,,1,20,,258325,25,,,1,63,,258347,25,,,1,24,,258342,25,,,1,70,,258341,25,,,1,30,,258340,25,,,1,70,,258339,25,,,1,30,,258338,25,,,1,70,,258348,25,,,1,28,,258326,25,,,1,69,,258327,25,,,1,30,,258328,25,,,1,70,,258329,25,,,1,30,,258330,25,,,1,70,,258331,25,,,1,30,,258332,25,,,1,70,,258333,25,,,1,29,,258334,25,,,1,73,,258335,25,,,1,30,,258336,25,,,1,70,,258337,25,,,1
10301,'103-Weekday-4-26-09-1111100',547,,214822,25,,,1,70,,214823,25,,,1,18,,214824,8,,,1,15,,214859,25,,,1,55,,214825,8,,,1,15,,214860,25,,,1,15,,214826,8,,,1,15,,214861,25,,,1,55,,214827,8,,,1,15,,214862,25,,,1,15,,214828,8,,,1,9,,214865,25,,,1,64,,214829,25,,,1,19,,214830,25,,,1,20,,214831,25,,,1,60,,214832,25,,,1,20,,214866,25,,,1,20,,214833,25,,,1,60,,214834,25,,,1,20,,214867,25,,,1,20,,214835,25,,,1,60,,214836,25,,,1,20,,214868,25,,,1,20,,214837,25,,,1,60,,214838,25,,,1,20,,214869,25,,,1,20,,214839,25,,,1,60,,214840,25,,,1,20,,214870,25,,,1,20,,214841,25,,,1,63,,214863,25,,,1,24,,214858,25,,,1,70,,214857,25,,,1,30,,214856,25,,,1,70,,214855,25,,,1,30,,214854,25,,,1,70,,214864,25,,,1,28,,214842,25,,,1,69,,214843,25,,,1,30,,214844,25,,,1,70,,214845,25,,,1,30,,214846,25,,,1,70,,214847,25,,,1,30,,214848,25,,,1,70,,214849,25,,,1,29,,214850,25,,,1,73,,214851,25,,,1,30,,214852,25,,,1,70,,214853,25,,,1
10301,'103-Weekday-5-26-09-1111100',547,,258356,25,,,1,70,,258357,25,,,1,18,,258358,8,,,1,15,,258393,25,,,1,55,,258359,8,,,1,15,,258394,25,,,1,15,,258360,8,,,1,15,,258395,25,,,1,55,,258361,8,,,1,15,,258396,25,,,1,15,,258362,8,,,1,9,,258399,25,,,1,64,,258363,25,,,1,19,,258364,25,,,1,20,,258365,25,,,1,60,,258366,25,,,1,20,,258400,25,,,1,20,,258367,25,,,1,60,,258368,25,,,1,20,,258401,25,,,1,20,,258369,25,,,1,60,,258370,25,,,1,20,,258402,25,,,1,20,,258371,25,,,1,60,,258372,25,,,1,20,,258403,25,,,1,20,,258373,25,,,1,60,,258374,25,,,1,20,,258404,25,,,1,20,,258375,25,,,1,63,,258397,25,,,1,24,,258392,25,,,1,70,,258391,25,,,1,30,,258390,25,,,1,70,,258389,25,,,1,30,,258388,25,,,1,70,,258398,25,,,1,28,,258376,25,,,1,69,,258377,25,,,1,30,,258378,25,,,1,70,,258379,25,,,1,30,,258380,25,,,1,70,,258381,25,,,1,30,,258382,25,,,1,70,,258383,25,,,1,29,,258384,25,,,1,73,,258385,25,,,1,30,,258386,25,,,1,70,,258387,25,,,1
10301,'103-Weekday-6-26-09-1110100',1527,,258405,8,,,1
10301,'103-Weekday-6-26-09-1111100',547,,258406,25,,,1,70,,258407,25,,,1,18,,258408,8,,,1,15,,258443,25,,,1,55,,258409,8,,,1,15,,258444,25,,,1,15,,258410,8,,,1,15,,258445,25,,,1,55,,258411,8,,,1,15,,258446,25,,,1,15,,258412,8,,,1,9,,258449,25,,,1,64,,258413,25,,,1,19,,258414,25,,,1,20,,258415,25,,,1,60,,258416,25,,,1,20,,258450,25,,,1,20,,258417,25,,,1,60,,258418,25,,,1,20,,258451,25,,,1,20,,258419,25,,,1,60,,258420,25,,,1,20,,258452,25,,,1,20,,258421,25,,,1,60,,258422,25,,,1,20,,258453,25,,,1,20,,258423,25,,,1,60,,258424,25,,,1,20,,258454,25,,,1,20,,258425,25,,,1,63,,258447,25,,,1,24,,258442,25,,,1,70,,258441,25,,,1,30,,258440,25,,,1,70,,258439,25,,,1,30,,258438,25,,,1,70,,258448,25,,,1,28,,258426,25,,,1,69,,258427,25,,,1,30,,258428,25,,,1,70,,258429,25,,,1,30,,258430,25,,,1,70,,258431,25,,,1,30,,258432,25,,,1,70,,258433,25,,,1,29,,258434,25,,,1,73,,258435,25,,,1,30,,258436,25,,,1,70,,258437,25,,,1
10301,'103-Weekday-7-26-09-1111100',547,,258456,25,,,1,70,,258457,25,,,1,18,,258458,8,,,1,15,,258493,25,,,1,55,,258459,8,,,1,15,,258494,25,,,1,15,,258460,8,,,1,15,,258495,25,,,1,55,,258461,8,,,1,15,,258496,25,,,1,15,,258462,8,,,1,9,,258499,25,,,1,64,,258463,25,,,1,19,,258464,25,,,1,20,,258465,25,,,1,60,,258466,25,,,1,20,,258500,25,,,1,20,,258467,25,,,1,60,,258468,25,,,1,20,,258501,25,,,1,20,,258469,25,,,1,60,,258470,25,,,1,20,,258502,25,,,1,20,,258471,25,,,1,60,,258472,25,,,1,20,,258503,25,,,1,20,,258473,25,,,1,60,,258474,25,,,1,20,,258504,25,,,1,20,,258475,25,,,1,63,,258497,25,,,1,24,,258492,25,,,1,70,,258491,25,,,1,30,,258490,25,,,1,70,,258489,25,,,1,30,,258488,25,,,1,70,,258498,25,,,1,28,,258476,25,,,1,69,,258477,25,,,1,30,,258478,25,,,1,70,,258479,25,,,1,30,,258480,25,,,1,70,,258481,25,,,1,30,,258482,25,,,1,70,,258483,25,,,1,29,,258484,25,,,1,73,,258485,25,,,1,30,,258486,25,,,1,70,,258487,25,,,1
10301,'103-Saturday-1-26-09-0000010',620,,214871,25,,,1,30,,214872,25,,,1,70,,214873,25,,,1,30,,214874,25,,,1,70,,214875,25,,,1,30,,214876,25,,,1,70,,214877,25,,,1,30,,214878,25,,,1,70,,214879,25,,,1,30,,214880,25,,,1,70,,214881,25,,,1,30,,214882,25,,,1,70,,214883,25,,,1,30,,214884,25,,,1,70,,214885,25,,,1,30,,214886,25,,,1,70,,214887,25,,,1,30,,214888,25,,,1,70,,214889,25,,,1,30,,214890,25,,,1,70,,214891,25,,,1,30,,214892,25,,,1,71,,214893,25,,,1,30,,214894,25,,,1,70,,214895,25,,,1,30,,214896,25,,,1,70,,214897,25,,,1,30,,214898,25,,,1,70,,214899,25,,,1,30,,214900,25,,,1,70,,214901,25,,,1,30,,214902,25,,,1,70,,214903,25,,,1,30,,214904,25,,,1,70,,214905,25,,,1,30,,214906,25,,,1,70,,214907,25,,,1
10301,'103-Sunday-1-26-09-0000001',614,,214908,25,,,1,30,,214909,25,,,1,70,,214910,25,,,1,30,,214911,25,,,1,70,,214912,25,,,1,30,,214913,25,,,1,68,,214914,25,,,1,33,,214915,25,,,1,70,,214916,25,,,1,30,,214917,25,,,1,70,,214918,25,,,1,30,,214919,25,,,1,70,,214920,25,,,1,30,,214921,25,,,1,70,,214922,25,,,1,30,,214923,25,,,1,70,,214924,25,,,1,30,,214925,25,,,1,70,,214926,25,,,1,30,,214927,25,,,1,70,,214928,25,,,1,30,,214929,25,,,1,70,,214930,25,,,1,30,,214931,25,,,1,70,,214932,25,,,1,30,,214933,25,,,1,70,,214934,25,,,1,30,,214935,25,,,1,70,,214936,25,,,1,30,,214937,25,,,1,70,,214938,25,,,1,30,,214939,25,,,1,70,,214940,25,,,1,30,,214941,25,,,1,70,,214942,25,,,1,30,,214943,25,,,1,70,,214944,25,,,1
61300,'613-Weekday-1-26-09-1111100',740,,227411,22,,,1,90,,227412,22,,,1
61300,'613-Weekday-3-26-09-1111100',830,,227413,22,,,1
61300,'613-Weekday-4-26-09-1111100',740,,270272,22,,,1
61300,'613-Weekday-7-26-09-1111100',740,,270273,22,,,1,90,,270274,22,,,1
