50400,'504-Weekday-1-26-09-1111100',544,,221700,19,,,1,70,,221701,19,,,1,31,,221702,19,,,1,72,,221703,19,,,1,30,,221704,19,,,1,70,,221705,19,,,1,30,,221706,19,,,1,98,,221707,19,,,1,100,,221708,19,,,1,100,,221709,19,,,1,100,,221710,19,,,1,100,,221711,19,,,1,100,,221712,19,,,1,87,,221713,19,,,1,71,,221714,19,,,1,30,,221715,19,,,1,70,,221716,19,,,1,30,,221717,19,,,1,100,,221718,19,,,1,97,,221719,19,,,1,100,,221720,19,,,1,100,,221721,19,,,1
50400,'504-Weekday-2-26-09-1111100',544,,221722,19,,,1,70,,221723,19,,,1,31,,221724,19,,,1,72,,221725,19,,,1,30,,221726,19,,,1,70,,221727,19,,,1,30,,221728,19,,,1,98,,221729,19,,,1,100,,221730,19,,,1,100,,221731,19,,,1,100,,221732,19,,,1,100,,221733,19,,,1,100,,221734,19,,,1,87,,221735,19,,,1,71,,221736,19,,,1,30,,221737,19,,,1,70,,221738,19,,,1,30,,221739,19,,,1,100,,221740,19,,,1,97,,221741,19,,,1,100,,221742,19,,,1,100,,221743,19,,,1
50400,'504-Weekday-3-26-09-1111100',544,,265034,19,,,1,70,,265035,19,,,1,31,,265036,19,,,1,72,,265037,19,,,1,30,,265038,19,,,1,70,,265039,19,,,1,30,,265040,19,,,1,98,,265041,19,,,1,100,,265042,19,,,1,100,,265043,19,,,1,100,,265044,19,,,1,100,,265045,19,,,1,100,,265046,19,,,1,87,,265047,19,,,1,71,,265048,19,,,1,30,,265049,19,,,1,70,,265050,19,,,1,30,,265051,19,,,1,100,,265052,19,,,1,97,,265053,19,,,1,100,,265054,19,,,1,100,,265055,19,,,1
50400,'504-Weekday-4-26-09-1111100',544,,221744,19,,,1,70,,221745,19,,,1,31,,221746,19,,,1,72,,221747,19,,,1,30,,221748,19,,,1,70,,221749,19,,,1,30,,221750,19,,,1,98,,221751,19,,,1,100,,221752,19,,,1,100,,221753,19,,,1,100,,221754,19,,,1,100,,221755,19,,,1,100,,221756,19,,,1,87,,221757,19,,,1,71,,221758,19,,,1,30,,221759,19,,,1,70,,221760,19,,,1,30,,221761,19,,,1,100,,221762,19,,,1,97,,221763,19,,,1,100,,221764,19,,,1,100,,221765,19,,,1
50400,'504-Weekday-5-26-09-1111100',544,,265056,19,,,1,70,,265057,19,,,1,31,,265058,19,,,1,72,,265059,19,,,1,30,,265060,19,,,1,70,,265061,19,,,1,30,,265062,19,,,1,98,,265063,19,,,1,100,,265064,19,,,1,100,,265065,19,,,1,100,,265066,19,,,1,100,,265067,19,,,1,100,,265068,19,,,1,87,,265069,19,,,1,71,,265070,19,,,1,30,,265071,19,,,1,70,,265072,19,,,1,30,,265073,19,,,1,100,,265074,19,,,1,97,,265075,19,,,1,100,,265076,19,,,1,100,,265077,19,,,1
50400,'504-Weekday-6-26-09-1111100',544,,265078,19,,,1,70,,265079,19,,,1,31,,265080,19,,,1,72,,265081,19,,,1,30,,265082,19,,,1,70,,265083,19,,,1,30,,265084,19,,,1,98,,265085,19,,,1,100,,265086,19,,,1,100,,265087,19,,,1,100,,265088,19,,,1,100,,265089,19,,,1,100,,265090,19,,,1,87,,265091,19,,,1,71,,265092,19,,,1,30,,265093,19,,,1,70,,265094,19,,,1,30,,265095,19,,,1,100,,265096,19,,,1,97,,265097,19,,,1,100,,265098,19,,,1,100,,265099,19,,,1
50400,'504-Weekday-7-26-09-1111100',544,,265100,19,,,1,70,,265101,19,,,1,31,,265102,19,,,1,72,,265103,19,,,1,30,,265104,19,,,1,70,,265105,19,,,1,30,,265106,19,,,1,98,,265107,19,,,1,100,,265108,19,,,1,100,,265109,19,,,1,100,,265110,19,,,1,100,,265111,19,,,1,100,,265112,19,,,1,87,,265113,19,,,1,71,,265114,19,,,1,30,,265115,19,,,1,70,,265116,19,,,1,30,,265117,19,,,1,100,,265118,19,,,1,97,,265119,19,,,1,100,,265120,19,,,1,100,,265121,19,,,1
50400,'504-Saturday-1-26-09-0000010',756,,221766,19,,,1,100,,221767,19,,,1,100,,221768,19,,,1,100,,221769,19,,,1,100,,221770,19,,,1,100,,221771,19,,,1,100,,221772,19,,,1,100,,221773,19,,,1,100,,221774,19,,,1,100,,221775,19,,,1,100,,221776,19,,,1,100,,221777,19,,,1,100,,221778,19,,,1
50400,'504-Sunday-1-26-09-0000001',753,,221779,19,,,1,99,,221780,19,,,1,99,,221781,19,,,1,100,,221782,19,,,1,100,,221783,19,,,1,100,,221784,19,,,1,100,,221785,19,,,1,100,,221786,19,,,1,100,,221787,19,,,1,101,,221788,19,,,1,101,,221789,19,,,1,100,,221790,19,,,1
50401,'504-Weekday-1-26-09-1111100',534,,221791,4,,,1,70,,221792,4,,,1,31,,221793,4,,,1,70,,221794,4,,,1,30,,221795,4,,,1,70,,221796,4,,,1,30,,221797,4,,,1,69,,221798,4,,,1,100,,221799,4,,,1,100,,221800,4,,,1,100,,221801,4,,,1,100,,221802,4,,,1,100,,221803,4,,,1,45,,221804,4,,,1,71,,221805,4,,,1,32,,221806,4,,,1,70,,221807,4,,,1,30,,221808,4,,,1,100,,221809,4,,,1,99,,221810,4,,,1,100,,221811,4,,,1,100,,221812,4,,,1,100,,221813,4,,,1
50401,'504-Weekday-2-26-09-1111100',534,,221814,4,,,1,70,,221815,4,,,1,31,,221816,4,,,1,70,,221817,4,,,1,30,,221818,4,,,1,70,,221819,4,,,1,30,,221820,4,,,1,69,,221821,4,,,1,100,,221822,4,,,1,100,,221823,4,,,1,100,,221824,4,,,1,100,,221825,4,,,1,100,,221826,4,,,1,45,,221827,4,,,1,71,,221828,4,,,1,32,,221829,4,,,1,70,,221830,4,,,1,30,,221831,4,,,1,100,,221832,4,,,1,99,,221833,4,,,1,100,,221834,4,,,1,100,,221835,4,,,1,100,,221836,4,,,1
50401,'504-Weekday-3-26-09-1111100',534,,265122,4,,,1,70,,265123,4,,,1,31,,265124,4,,,1,70,,265125,4,,,1,30,,265126,4,,,1,70,,265127,4,,,1,30,,265128,4,,,1,69,,265129,4,,,1,100,,265130,4,,,1,100,,265131,4,,,1,100,,265132,4,,,1,100,,265133,4,,,1,100,,265134,4,,,1,45,,265135,4,,,1,71,,265136,4,,,1,32,,265137,4,,,1,70,,265138,4,,,1,30,,265139,4,,,1,100,,265140,4,,,1,99,,265141,4,,,1,100,,265142,4,,,1,100,,265143,4,,,1,100,,265144,4,,,1
50401,'504-Weekday-4-26-09-1111100',534,,221837,4,,,1,70,,221838,4,,,1,31,,221839,4,,,1,70,,221840,4,,,1,30,,221841,4,,,1,70,,221842,4,,,1,30,,221843,4,,,1,69,,221844,4,,,1,100,,221845,4,,,1,100,,221846,4,,,1,100,,221847,4,,,1,100,,221848,4,,,1,100,,221849,4,,,1,45,,221850,4,,,1,71,,221851,4,,,1,32,,221852,4,,,1,70,,221853,4,,,1,30,,221854,4,,,1,100,,221855,4,,,1,99,,221856,4,,,1,100,,221857,4,,,1,100,,221858,4,,,1,100,,221859,4,,,1
50401,'504-Weekday-5-26-09-1111100',534,,265145,4,,,1,70,,265146,4,,,1,31,,265147,4,,,1,70,,265148,4,,,1,30,,265149,4,,,1,70,,265150,4,,,1,30,,265151,4,,,1,69,,265152,4,,,1,100,,265153,4,,,1,100,,265154,4,,,1,100,,265155,4,,,1,100,,265156,4,,,1,100,,265157,4,,,1,45,,265158,4,,,1,71,,265159,4,,,1,32,,265160,4,,,1,70,,265161,4,,,1,30,,265162,4,,,1,100,,265163,4,,,1,99,,265164,4,,,1,100,,265165,4,,,1,100,,265166,4,,,1,100,,265167,4,,,1
50401,'504-Weekday-6-26-09-1111100',534,,265168,4,,,1,70,,265169,4,,,1,31,,265170,4,,,1,70,,265171,4,,,1,30,,265172,4,,,1,70,,265173,4,,,1,30,,265174,4,,,1,69,,265175,4,,,1,100,,265176,4,,,1,100,,265177,4,,,1,100,,265178,4,,,1,100,,265179,4,,,1,100,,265180,4,,,1,45,,265181,4,,,1,71,,265182,4,,,1,32,,265183,4,,,1,70,,265184,4,,,1,30,,265185,4,,,1,100,,265186,4,,,1,99,,265187,4,,,1,100,,265188,4,,,1,100,,265189,4,,,1,100,,265190,4,,,1
50401,'504-Weekday-7-26-09-1111100',534,,265191,4,,,1,70,,265192,4,,,1,31,,265193,4,,,1,70,,265194,4,,,1,30,,265195,4,,,1,70,,265196,4,,,1,30,,265197,4,,,1,69,,265198,4,,,1,100,,265199,4,,,1,100,,265200,4,,,1,100,,265201,4,,,1,100,,265202,4,,,1,100,,265203,4,,,1,45,,265204,4,,,1,71,,265205,4,,,1,32,,265206,4,,,1,70,,265207,4,,,1,30,,265208,4,,,1,100,,265209,4,,,1,99,,265210,4,,,1,100,,265211,4,,,1,100,,265212,4,,,1,100,,265213,4,,,1
50401,'504-Saturday-1-26-09-0000010',717,,221860,4,,,1,100,,221861,4,,,1,100,,221862,4,,,1,100,,221863,4,,,1,100,,221864,4,,,1,100,,221865,4,,,1,100,,221866,4,,,1,100,,221867,4,,,1,100,,221868,4,,,1,100,,221869,4,,,1,100,,221870,4,,,1,100,,221871,4,,,1,100,,221872,4,,,1
50401,'504-Sunday-1-26-09-0000001',813,,221873,4,,,1,100,,221874,4,,,1,100,,221875,4,,,1,100,,221876,4,,,1,100,,221877,4,,,1,100,,221878,4,,,1,100,,221879,4,,,1,100,,221880,4,,,1,100,,221881,4,,,1,100,,221882,4,,,1,100,,221883,4,,,1,100,,221884,4,,,1
