501,'005-Weekday-1-26-09-1111100',507,,206765,16,,,1,15,,206766,16,,,1,15,,206767,16,,,1,15,,206768,16,,,1,55,,206769,16,,,1,15,,206770,16,,,1,17,,206771,16,,,1,15,,206840,16,,,1,55,,206772,16,,,1,15,,206773,16,,,1,15,,206774,16,,,1,15,,206775,16,,,1,55,,206776,16,,,1,15,,206777,16,,,1,15,,206778,16,,,1,15,,206779,16,,,1,56,,206780,16,,,1,17,,206781,16,,,1,15,,206782,16,,,1,15,,206783,16,,,1,55,,206784,16,,,1,15,,206786,16,,,1,15,,206787,16,,,1,15,,206788,16,,,1,55,,206789,16,,,1,15,,206790,16,,,1,15,,206791,16,,,1,15,,206785,16,,,1,55,,206792,16,,,1,15,,206793,16,,,1,15,,206794,16,,,1,15,,206795,16,,,1,55,,206796,16,,,1,15,,206797,16,,,1,15,,206798,16,,,1,15,,206799,16,,,1,55,,206800,16,,,1,15,,206801,16,,,1,15,,206802,16,,,1,14,,206842,16,,,1,52,,206803,16,,,1,15,,206804,16,,,1,15,,206805,16,,,1,15,,206806,16,,,1,55,,206807,16,,,1,14,,206808,16,,,1,14,,206809,16,,,1,15,,206810,16,,,1,55,,206811,16,,,1,15,,206812,16,,,1,15,,206813,16,,,1,15,,206814,16,,,1,55,,206815,16,,,1,15,,206816,16,,,1,14,,206817,16,,,1,15,,206818,16,,,1,55,,206819,16,,,1,15,,206820,16,,,1,15,,206821,16,,,1,15,,206823,16,,,1,55,,206824,16,,,1,15,,206825,16,,,1,15,,206822,16,,,1,15,,206826,16,,,1,55,,206827,16,,,1,15,,206828,16,,,1,15,,206829,16,,,1,15,,206830,16,,,1,56,,206831,16,,,1,18,,206832,16,,,1,20,,206833,16,,,1,61,,206834,16,,,1,20,,206835,16,,,1,20,,206836,16,,,1,60,,206837,16,,,1,20,,206838,16,,,1,20,,206839,16,,,1,60,,206841,16,,,1
501,'005-Weekday-2-26-09-1111100',507,,206887,16,,,1,15,,206888,16,,,1,15,,206889,16,,,1,15,,206890,16,,,1,55,,206891,16,,,1,15,,206892,16,,,1,17,,206893,16,,,1,15,,206962,16,,,1,55,,206894,16,,,1,15,,206895,16,,,1,15,,206896,16,,,1,15,,206897,16,,,1,55,,206898,16,,,1,15,,206899,16,,,1,15,,206900,16,,,1,15,,206901,16,,,1,56,,206902,16,,,1,17,,206903,16,,,1,15,,206904,16,,,1,15,,206905,16,,,1,55,,206906,16,,,1,15,,206908,16,,,1,15,,206909,16,,,1,15,,206910,16,,,1,55,,206911,16,,,1,15,,206912,16,,,1,15,,206913,16,,,1,15,,206907,16,,,1,55,,206914,16,,,1,15,,206915,16,,,1,15,,206916,16,,,1,15,,206917,16,,,1,55,,206918,16,,,1,15,,206919,16,,,1,15,,206920,16,,,1,15,,206921,16,,,1,55,,206922,16,,,1,15,,206923,16,,,1,15,,206924,16,,,1,14,,206964,16,,,1,52,,206925,16,,,1,15,,206926,16,,,1,15,,206927,16,,,1,15,,206928,16,,,1,55,,206929,16,,,1,14,,206930,16,,,1,14,,206931,16,,,1,15,,206932,16,,,1,55,,206933,16,,,1,15,,206934,16,,,1,15,,206935,16,,,1,15,,206936,16,,,1,55,,206937,16,,,1,15,,206938,16,,,1,14,,206939,16,,,1,15,,206940,16,,,1,55,,206941,16,,,1,15,,206942,16,,,1,15,,206943,16,,,1,15,,206945,16,,,1,55,,206946,16,,,1,15,,206947,16,,,1,15,,206944,16,,,1,15,,206948,16,,,1,55,,206949,16,,,1,15,,206950,16,,,1,15,,206951,16,,,1,15,,206952,16,,,1,56,,206953,16,,,1,18,,206954,16,,,1,20,,206955,16,,,1,61,,206956,16,,,1,20,,206957,16,,,1,20,,206958,16,,,1,60,,206959,16,,,1,20,,206960,16,,,1,20,,206961,16,,,1,60,,206963,16,,,1
501,'005-Weekday-3-26-09-1111100',507,,250359,16,,,1,15,,250360,16,,,1,15,,250361,16,,,1,15,,250362,16,,,1,55,,250363,16,,,1,15,,250364,16,,,1,17,,250365,16,,,1,15,,250434,16,,,1,55,,250366,16,,,1,15,,250367,16,,,1,15,,250368,16,,,1,15,,250369,16,,,1,55,,250370,16,,,1,15,,250371,16,,,1,15,,250372,16,,,1,15,,250373,16,,,1,56,,250374,16,,,1,17,,250375,16,,,1,15,,250376,16,,,1,15,,250377,16,,,1,55,,250378,16,,,1,15,,250380,16,,,1,15,,250381,16,,,1,15,,250382,16,,,1,55,,250383,16,,,1,15,,250384,16,,,1,15,,250385,16,,,1,15,,250379,16,,,1,55,,250386,16,,,1,15,,250387,16,,,1,15,,250388,16,,,1,15,,250389,16,,,1,55,,250390,16,,,1,15,,250391,16,,,1,15,,250392,16,,,1,15,,250393,16,,,1,55,,250394,16,,,1,15,,250395,16,,,1,15,,250396,16,,,1,14,,250436,16,,,1,52,,250397,16,,,1,15,,250398,16,,,1,15,,250399,16,,,1,15,,250400,16,,,1,55,,250401,16,,,1,14,,250402,16,,,1,14,,250403,16,,,1,15,,250404,16,,,1,55,,250405,16,,,1,15,,250406,16,,,1,15,,250407,16,,,1,15,,250408,16,,,1,55,,250409,16,,,1,15,,250410,16,,,1,14,,250411,16,,,1,15,,250412,16,,,1,55,,250413,16,,,1,15,,250414,16,,,1,15,,250415,16,,,1,15,,250417,16,,,1,55,,250418,16,,,1,15,,250419,16,,,1,15,,250416,16,,,1,15,,250420,16,,,1,55,,250421,16,,,1,15,,250422,16,,,1,15,,250423,16,,,1,15,,250424,16,,,1,56,,250425,16,,,1,18,,250426,16,,,1,20,,250427,16,,,1,61,,250428,16,,,1,20,,250429,16,,,1,20,,250430,16,,,1,60,,250431,16,,,1,20,,250432,16,,,1,20,,250433,16,,,1,60,,250435,16,,,1
501,'005-Weekday-4-26-09-1111100',507,,207009,16,,,1,15,,207010,16,,,1,15,,207011,16,,,1,15,,207012,16,,,1,55,,207013,16,,,1,15,,207014,16,,,1,17,,207015,16,,,1,15,,207084,16,,,1,55,,207016,16,,,1,15,,207017,16,,,1,15,,207018,16,,,1,15,,207019,16,,,1,55,,207020,16,,,1,15,,207021,16,,,1,15,,207022,16,,,1,15,,207023,16,,,1,56,,207024,16,,,1,17,,207025,16,,,1,15,,207026,16,,,1,15,,207027,16,,,1,55,,207028,16,,,1,15,,207030,16,,,1,15,,207031,16,,,1,15,,207032,16,,,1,55,,207033,16,,,1,15,,207034,16,,,1,15,,207035,16,,,1,15,,207029,16,,,1,55,,207036,16,,,1,15,,207037,16,,,1,15,,207038,16,,,1,15,,207039,16,,,1,55,,207040,16,,,1,15,,207041,16,,,1,15,,207042,16,,,1,15,,207043,16,,,1,55,,207044,16,,,1,15,,207045,16,,,1,15,,207046,16,,,1,14,,207086,16,,,1,52,,207047,16,,,1,15,,207048,16,,,1,15,,207049,16,,,1,15,,207050,16,,,1,55,,207051,16,,,1,14,,207052,16,,,1,14,,207053,16,,,1,15,,207054,16,,,1,55,,207055,16,,,1,15,,207056,16,,,1,15,,207057,16,,,1,15,,207058,16,,,1,55,,207059,16,,,1,15,,207060,16,,,1,14,,207061,16,,,1,15,,207062,16,,,1,55,,207063,16,,,1,15,,207064,16,,,1,15,,207065,16,,,1,15,,207067,16,,,1,55,,207068,16,,,1,15,,207069,16,,,1,15,,207066,16,,,1,15,,207070,16,,,1,55,,207071,16,,,1,15,,207072,16,,,1,15,,207073,16,,,1,15,,207074,16,,,1,56,,207075,16,,,1,18,,207076,16,,,1,20,,207077,16,,,1,61,,207078,16,,,1,20,,207079,16,,,1,20,,207080,16,,,1,60,,207081,16,,,1,20,,207082,16,,,1,20,,207083,16,,,1,60,,207085,16,,,1
501,'005-Weekday-5-26-09-1111100',507,,250481,16,,,1,15,,250482,16,,,1,15,,250483,16,,,1,15,,250484,16,,,1,55,,250485,16,,,1,15,,250486,16,,,1,17,,250487,16,,,1,15,,250556,16,,,1,55,,250488,16,,,1,15,,250489,16,,,1,15,,250490,16,,,1,15,,250491,16,,,1,55,,250492,16,,,1,15,,250493,16,,,1,15,,250494,16,,,1,15,,250495,16,,,1,56,,250496,16,,,1,17,,250497,16,,,1,15,,250498,16,,,1,15,,250499,16,,,1,55,,250500,16,,,1,15,,250502,16,,,1,15,,250503,16,,,1,15,,250504,16,,,1,55,,250505,16,,,1,15,,250506,16,,,1,15,,250507,16,,,1,15,,250501,16,,,1,55,,250508,16,,,1,15,,250509,16,,,1,15,,250510,16,,,1,15,,250511,16,,,1,55,,250512,16,,,1,15,,250513,16,,,1,15,,250514,16,,,1,15,,250515,16,,,1,55,,250516,16,,,1,15,,250517,16,,,1,15,,250518,16,,,1,14,,250558,16,,,1,52,,250519,16,,,1,15,,250520,16,,,1,15,,250521,16,,,1,15,,250522,16,,,1,55,,250523,16,,,1,14,,250524,16,,,1,14,,250525,16,,,1,15,,250526,16,,,1,55,,250527,16,,,1,15,,250528,16,,,1,15,,250529,16,,,1,15,,250530,16,,,1,55,,250531,16,,,1,15,,250532,16,,,1,14,,250533,16,,,1,15,,250534,16,,,1,55,,250535,16,,,1,15,,250536,16,,,1,15,,250537,16,,,1,15,,250539,16,,,1,55,,250540,16,,,1,15,,250541,16,,,1,15,,250538,16,,,1,15,,250542,16,,,1,55,,250543,16,,,1,15,,250544,16,,,1,15,,250545,16,,,1,15,,250546,16,,,1,56,,250547,16,,,1,18,,250548,16,,,1,20,,250549,16,,,1,61,,250550,16,,,1,20,,250551,16,,,1,20,,250552,16,,,1,60,,250553,16,,,1,20,,250554,16,,,1,20,,250555,16,,,1,60,,250557,16,,,1
501,'005-Weekday-6-26-09-1111100',507,,250603,16,,,1,15,,250604,16,,,1,15,,250605,16,,,1,15,,250606,16,,,1,55,,250607,16,,,1,15,,250608,16,,,1,17,,250609,16,,,1,15,,250678,16,,,1,55,,250610,16,,,1,15,,250611,16,,,1,15,,250612,16,,,1,15,,250613,16,,,1,55,,250614,16,,,1,15,,250615,16,,,1,15,,250616,16,,,1,15,,250617,16,,,1,56,,250618,16,,,1,17,,250619,16,,,1,15,,250620,16,,,1,15,,250621,16,,,1,55,,250622,16,,,1,15,,250624,16,,,1,15,,250625,16,,,1,15,,250626,16,,,1,55,,250627,16,,,1,15,,250628,16,,,1,15,,250629,16,,,1,15,,250623,16,,,1,55,,250630,16,,,1,15,,250631,16,,,1,15,,250632,16,,,1,15,,250633,16,,,1,55,,250634,16,,,1,15,,250635,16,,,1,15,,250636,16,,,1,15,,250637,16,,,1,55,,250638,16,,,1,15,,250639,16,,,1,15,,250640,16,,,1,14,,250680,16,,,1,52,,250641,16,,,1,15,,250642,16,,,1,15,,250643,16,,,1,15,,250644,16,,,1,55,,250645,16,,,1,14,,250646,16,,,1,14,,250647,16,,,1,15,,250648,16,,,1,55,,250649,16,,,1,15,,250650,16,,,1,15,,250651,16,,,1,15,,250652,16,,,1,55,,250653,16,,,1,15,,250654,16,,,1,14,,250655,16,,,1,15,,250656,16,,,1,55,,250657,16,,,1,15,,250658,16,,,1,15,,250659,16,,,1,15,,250661,16,,,1,55,,250662,16,,,1,15,,250663,16,,,1,15,,250660,16,,,1,15,,250664,16,,,1,55,,250665,16,,,1,15,,250666,16,,,1,15,,250667,16,,,1,15,,250668,16,,,1,56,,250669,16,,,1,18,,250670,16,,,1,20,,250671,16,,,1,61,,250672,16,,,1,20,,250673,16,,,1,20,,250674,16,,,1,60,,250675,16,,,1,20,,250676,16,,,1,20,,250677,16,,,1,60,,250679,16,,,1
501,'005-Weekday-7-26-09-1111100',507,,250725,16,,,1,15,,250726,16,,,1,15,,250727,16,,,1,15,,250728,16,,,1,55,,250729,16,,,1,15,,250730,16,,,1,17,,250731,16,,,1,15,,250800,16,,,1,55,,250732,16,,,1,15,,250733,16,,,1,15,,250734,16,,,1,15,,250735,16,,,1,55,,250736,16,,,1,15,,250737,16,,,1,15,,250738,16,,,1,15,,250739,16,,,1,56,,250740,16,,,1,17,,250741,16,,,1,15,,250742,16,,,1,15,,250743,16,,,1,55,,250744,16,,,1,15,,250746,16,,,1,15,,250747,16,,,1,15,,250748,16,,,1,55,,250749,16,,,1,15,,250750,16,,,1,15,,250751,16,,,1,15,,250745,16,,,1,55,,250752,16,,,1,15,,250753,16,,,1,15,,250754,16,,,1,15,,250755,16,,,1,55,,250756,16,,,1,15,,250757,16,,,1,15,,250758,16,,,1,15,,250759,16,,,1,55,,250760,16,,,1,15,,250761,16,,,1,15,,250762,16,,,1,14,,250802,16,,,1,52,,250763,16,,,1,15,,250764,16,,,1,15,,250765,16,,,1,15,,250766,16,,,1,55,,250767,16,,,1,14,,250768,16,,,1,14,,250769,16,,,1,15,,250770,16,,,1,55,,250771,16,,,1,15,,250772,16,,,1,15,,250773,16,,,1,15,,250774,16,,,1,55,,250775,16,,,1,15,,250776,16,,,1,14,,250777,16,,,1,15,,250778,16,,,1,55,,250779,16,,,1,15,,250780,16,,,1,15,,250781,16,,,1,15,,250783,16,,,1,55,,250784,16,,,1,15,,250785,16,,,1,15,,250782,16,,,1,15,,250786,16,,,1,55,,250787,16,,,1,15,,250788,16,,,1,15,,250789,16,,,1,15,,250790,16,,,1,56,,250791,16,,,1,18,,250792,16,,,1,20,,250793,16,,,1,61,,250794,16,,,1,20,,250795,16,,,1,20,,250796,16,,,1,60,,250797,16,,,1,20,,250798,16,,,1,20,,250799,16,,,1,60,,250801,16,,,1
501,'005-Saturday-1-26-09-0000010',545,,207131,16,,,1,60,,207132,16,,,1,20,,207133,16,,,1,20,,207135,16,,,1,60,,207136,16,,,1,20,,207137,16,,,1,20,,207134,16,,,1,13,,207138,16,,,1,55,,207139,16,,,1,15,,207140,16,,,1,15,,207141,16,,,1,15,,207142,16,,,1,55,,207143,16,,,1,15,,207144,16,,,1,15,,207145,16,,,1,15,,207146,16,,,1,55,,207147,16,,,1,15,,207148,16,,,1,15,,207149,16,,,1,15,,207150,16,,,1,55,,207151,16,,,1,15,,207152,16,,,1,15,,207153,16,,,1,15,,207154,16,,,1,55,,207155,16,,,1,15,,207156,16,,,1,15,,207157,16,,,1,15,,207158,16,,,1,55,,207159,16,,,1,15,,207160,16,,,1,15,,207161,16,,,1,15,,207162,16,,,1,55,,207163,16,,,1,15,,207164,16,,,1,15,,207165,16,,,1,15,,207166,16,,,1,55,,207167,16,,,1,15,,207168,16,,,1,15,,207169,16,,,1,15,,207171,16,,,1,55,,207172,16,,,1,15,,207173,16,,,1,15,,207170,16,,,1,15,,207174,16,,,1,55,,207175,16,,,1,15,,207176,16,,,1,15,,207177,16,,,1,15,,207178,16,,,1,55,,207179,16,,,1,15,,207180,16,,,1,15,,207181,16,,,1,15,,207182,16,,,1,55,,207183,16,,,1,15,,207184,16,,,1,15,,207185,16,,,1,15,,207186,16,,,1,55,,207187,16,,,1,15,,207188,16,,,1,15,,207189,16,,,1,15,,207190,16,,,1,55,,207191,16,,,1,15,,207192,16,,,1,15,,207193,16,,,1,15,,207194,16,,,1,55,,207195,16,,,1,18,,207196,16,,,1,20,,207197,16,,,1,60,,207198,16,,,1,20,,207199,16,,,1,20,,207200,16,,,1,58,,207201,16,,,1,20,,207202,16,,,1,20,,207203,16,,,1
501,'005-Sunday-1-26-09-0000001',546,,207269,16,,,1,60,,207268,16,,,1,20,,207267,16,,,1,20,,207204,16,,,1,60,,207205,16,,,1,20,,207206,16,,,1,20,,207207,16,,,1,60,,207208,16,,,1,20,,207209,16,,,1,20,,207210,16,,,1,60,,207211,16,,,1,20,,207212,16,,,1,20,,207213,16,,,1,60,,207214,16,,,1,20,,207215,16,,,1,19,,207216,16,,,1,56,,207217,16,,,1,15,,207218,16,,,1,15,,207219,16,,,1,15,,207220,16,,,1,55,,207221,16,,,1,14,,207222,16,,,1,15,,207223,16,,,1,15,,207224,16,,,1,55,,207225,16,,,1,15,,207226,16,,,1,15,,207227,16,,,1,15,,207228,16,,,1,55,,207229,16,,,1,15,,207230,16,,,1,15,,207231,16,,,1,15,,207233,16,,,1,55,,207234,16,,,1,15,,207232,16,,,1,15,,207235,16,,,1,15,,207236,16,,,1,55,,207237,16,,,1,15,,207238,16,,,1,15,,207239,16,,,1,15,,207240,16,,,1,56,,207241,16,,,1,14,,207242,16,,,1,15,,207243,16,,,1,15,,207244,16,,,1,55,,207245,16,,,1,15,,207246,16,,,1,15,,207247,16,,,1,15,,207248,16,,,1,55,,207249,16,,,1,15,,207250,16,,,1,14,,207251,16,,,1,20,,207252,16,,,1,60,,207253,16,,,1,20,,207259,16,,,1,20,,207260,16,,,1,60,,207261,16,,,1,20,,207262,16,,,1,20,,207263,16,,,1,60,,207264,16,,,1,27,,207265,16,,,1,20,,207266,16,,,1,60,,207254,16,,,1,20,,207255,16,,,1,64,,207256,16,,,1,20,,207257,16,,,1,20,,207258,16,,,1
11101,'111-Weekday-1-26-09-1111100',931,,217243,17,,,1,100,,217244,17,,,1,100,,217245,17,,,1,100,,217246,17,,,1,100,,217247,17,,,1,100,,217248,17,,,1,100,,217249,17,,,1
11101,'111-Weekday-2-26-09-1111100',931,,217250,17,,,1,100,,217251,17,,,1,100,,217252,17,,,1,100,,217253,17,,,1,100,,217254,17,,,1,100,,217255,17,,,1,100,,217256,17,,,1
11101,'111-Weekday-3-26-09-1111100',931,,260774,17,,,1,100,,260775,17,,,1,100,,260776,17,,,1,100,,260777,17,,,1,100,,260778,17,,,1,100,,260779,17,,,1,100,,260780,17,,,1
11101,'111-Weekday-4-26-09-1111100',931,,217257,17,,,1,100,,217258,17,,,1,100,,217259,17,,,1,100,,217260,17,,,1,100,,217261,17,,,1,100,,217262,17,,,1,100,,217263,17,,,1
11101,'111-Weekday-5-26-09-1111100',931,,260781,17,,,1,100,,260782,17,,,1,100,,260783,17,,,1,100,,260784,17,,,1,100,,260785,17,,,1,100,,260786,17,,,1,100,,260787,17,,,1
11101,'111-Weekday-6-26-09-1111100',931,,260788,17,,,1,100,,260789,17,,,1,100,,260790,17,,,1,100,,260791,17,,,1,100,,260792,17,,,1,100,,260793,17,,,1,100,,260794,17,,,1
11101,'111-Weekday-7-26-09-1111100',931,,260795,17,,,1,100,,260796,17,,,1,100,,260797,17,,,1,100,,260798,17,,,1,100,,260799,17,,,1,100,,260800,17,,,1,100,,260801,17,,,1
11101,'111-Saturday-1-26-09-0000010',914,,217264,10,,,1,100,,217266,10,,,1,100,,217267,10,,,1,100,,217268,10,,,1,100,,217269,10,,,1,100,,217270,10,,,1,100,,217265,10,,,1
