51501,'515-Weekday-1-26-09-1101100',758,,223759,16,,,1
51501,'515-Weekday-1-26-09-1111100',540,,223760,16,,,1,70,,223761,16,,,1,32,,223762,16,,,1,59,,223763,16,,,1,15,,223764,16,,,1,15,,223807,16,,,1,15,,223765,16,,,1,55,,223766,16,,,1,15,,223767,16,,,1,15,,223808,16,,,1,15,,223768,16,,,1,55,,223788,16,,,1,19,,223769,16,,,1,20,,223770,16,,,1,60,,223787,16,,,1,20,,223771,16,,,1,20,,223772,16,,,1,60,,223786,16,,,1,20,,223773,16,,,1,20,,223774,16,,,1,60,,223785,16,,,1,20,,223775,16,,,1,20,,223776,16,,,1,60,,223784,16,,,1,20,,223777,16,,,1,20,,223778,16,,,1,60,,223783,16,,,1,20,,223779,16,,,1,20,,223780,16,,,1,60,,223781,16,,,1,21,,223782,16,,,1,19,,223793,16,,,1,15,,223809,16,,,1,55,,223794,16,,,1,15,,223795,16,,,1,15,,223796,16,,,1,15,,223810,16,,,1,55,,223797,16,,,1,15,,223798,16,,,1,15,,223799,16,,,1,70,,223791,16,,,1,29,,223792,16,,,1,65,,223800,16,,,1,30,,223801,16,,,1,70,,223802,16,,,1,30,,223803,16,,,1,70,,223804,16,,,1,30,,223805,16,,,1,69,,223806,16,,,1,100,,223790,16,,,1,100,,223789,16,,,1
51501,'515-Weekday-2-26-09-1101100',758,,223811,16,,,1
51501,'515-Weekday-2-26-09-1111100',540,,223812,16,,,1,70,,223813,16,,,1,32,,223814,16,,,1,59,,223815,16,,,1,15,,223816,16,,,1,15,,223859,16,,,1,15,,223817,16,,,1,55,,223818,16,,,1,15,,223819,16,,,1,15,,223860,16,,,1,15,,223820,16,,,1,55,,223840,16,,,1,19,,223821,16,,,1,20,,223822,16,,,1,60,,223839,16,,,1,20,,223823,16,,,1,20,,223824,16,,,1,60,,223838,16,,,1,20,,223825,16,,,1,20,,223826,16,,,1,60,,223837,16,,,1,20,,223827,16,,,1,20,,223828,16,,,1,60,,223836,16,,,1,20,,223829,16,,,1,20,,223830,16,,,1,60,,223835,16,,,1,20,,223831,16,,,1,20,,223832,16,,,1,60,,223833,16,,,1,21,,223834,16,,,1,19,,223845,16,,,1,15,,223861,16,,,1,55,,223846,16,,,1,15,,223847,16,,,1,15,,223848,16,,,1,15,,223862,16,,,1,55,,223849,16,,,1,15,,223850,16,,,1,15,,223851,16,,,1,70,,223843,16,,,1,29,,223844,16,,,1,65,,223852,16,,,1,30,,223853,16,,,1,70,,223854,16,,,1,30,,223855,16,,,1,70,,223856,16,,,1,30,,223857,16,,,1,69,,223858,16,,,1,100,,223842,16,,,1,100,,223841,16,,,1
51501,'515-Weekday-3-26-09-1111100',540,,266957,16,,,1,70,,266958,16,,,1,32,,266959,16,,,1,59,,266960,16,,,1,15,,266961,16,,,1,15,,267004,16,,,1,15,,266962,16,,,1,55,,266963,16,,,1,15,,266964,16,,,1,15,,267005,16,,,1,15,,266965,16,,,1,55,,266985,16,,,1,19,,266966,16,,,1,20,,266967,16,,,1,60,,266984,16,,,1,20,,266968,16,,,1,20,,266969,16,,,1,60,,266983,16,,,1,20,,266970,16,,,1,20,,266971,16,,,1,60,,266982,16,,,1,20,,266972,16,,,1,20,,266973,16,,,1,60,,266981,16,,,1,20,,266974,16,,,1,20,,266975,16,,,1,60,,266980,16,,,1,20,,266976,16,,,1,20,,266977,16,,,1,60,,266978,16,,,1,21,,266979,16,,,1,19,,266990,16,,,1,15,,267006,16,,,1,55,,266991,16,,,1,15,,266992,16,,,1,15,,266993,16,,,1,15,,267007,16,,,1,55,,266994,16,,,1,15,,266995,16,,,1,15,,266996,16,,,1,70,,266988,16,,,1,29,,266989,16,,,1,65,,266997,16,,,1,30,,266998,16,,,1,70,,266999,16,,,1,30,,267000,16,,,1,70,,267001,16,,,1,30,,267002,16,,,1,69,,267003,16,,,1,100,,266987,16,,,1,100,,266986,16,,,1
51501,'515-Weekday-4-26-09-1111100',540,,223863,16,,,1,70,,223864,16,,,1,32,,223865,16,,,1,59,,223866,16,,,1,15,,223867,16,,,1,15,,223910,16,,,1,15,,223868,16,,,1,55,,223869,16,,,1,15,,223870,16,,,1,15,,223911,16,,,1,15,,223871,16,,,1,55,,223891,16,,,1,19,,223872,16,,,1,20,,223873,16,,,1,60,,223890,16,,,1,20,,223874,16,,,1,20,,223875,16,,,1,60,,223889,16,,,1,20,,223876,16,,,1,20,,223877,16,,,1,60,,223888,16,,,1,20,,223878,16,,,1,20,,223879,16,,,1,60,,223887,16,,,1,20,,223880,16,,,1,20,,223881,16,,,1,60,,223886,16,,,1,20,,223882,16,,,1,20,,223883,16,,,1,60,,223884,16,,,1,21,,223885,16,,,1,19,,223896,16,,,1,15,,223912,16,,,1,55,,223897,16,,,1,15,,223898,16,,,1,15,,223899,16,,,1,15,,223913,16,,,1,55,,223900,16,,,1,15,,223901,16,,,1,15,,223902,16,,,1,70,,223894,16,,,1,29,,223895,16,,,1,65,,223903,16,,,1,30,,223904,16,,,1,70,,223905,16,,,1,30,,223906,16,,,1,70,,223907,16,,,1,30,,223908,16,,,1,69,,223909,16,,,1,100,,223893,16,,,1,100,,223892,16,,,1
51501,'515-Weekday-5-26-09-1111100',540,,267008,16,,,1,70,,267009,16,,,1,32,,267010,16,,,1,59,,267011,16,,,1,15,,267012,16,,,1,15,,267055,16,,,1,15,,267013,16,,,1,55,,267014,16,,,1,15,,267015,16,,,1,15,,267056,16,,,1,15,,267016,16,,,1,55,,267036,16,,,1,19,,267017,16,,,1,20,,267018,16,,,1,60,,267035,16,,,1,20,,267019,16,,,1,20,,267020,16,,,1,60,,267034,16,,,1,20,,267021,16,,,1,20,,267022,16,,,1,60,,267033,16,,,1,20,,267023,16,,,1,20,,267024,16,,,1,60,,267032,16,,,1,20,,267025,16,,,1,20,,267026,16,,,1,60,,267031,16,,,1,20,,267027,16,,,1,20,,267028,16,,,1,60,,267029,16,,,1,21,,267030,16,,,1,19,,267041,16,,,1,15,,267057,16,,,1,55,,267042,16,,,1,15,,267043,16,,,1,15,,267044,16,,,1,15,,267058,16,,,1,55,,267045,16,,,1,15,,267046,16,,,1,15,,267047,16,,,1,70,,267039,16,,,1,29,,267040,16,,,1,65,,267048,16,,,1,30,,267049,16,,,1,70,,267050,16,,,1,30,,267051,16,,,1,70,,267052,16,,,1,30,,267053,16,,,1,69,,267054,16,,,1,100,,267038,16,,,1,100,,267037,16,,,1
51501,'515-Weekday-6-26-09-1101100',758,,267059,16,,,1
51501,'515-Weekday-6-26-09-1111100',540,,267060,16,,,1,70,,267061,16,,,1,32,,267062,16,,,1,59,,267063,16,,,1,15,,267064,16,,,1,15,,267107,16,,,1,15,,267065,16,,,1,55,,267066,16,,,1,15,,267067,16,,,1,15,,267108,16,,,1,15,,267068,16,,,1,55,,267088,16,,,1,19,,267069,16,,,1,20,,267070,16,,,1,60,,267087,16,,,1,20,,267071,16,,,1,20,,267072,16,,,1,60,,267086,16,,,1,20,,267073,16,,,1,20,,267074,16,,,1,60,,267085,16,,,1,20,,267075,16,,,1,20,,267076,16,,,1,60,,267084,16,,,1,20,,267077,16,,,1,20,,267078,16,,,1,60,,267083,16,,,1,20,,267079,16,,,1,20,,267080,16,,,1,60,,267081,16,,,1,21,,267082,16,,,1,19,,267093,16,,,1,15,,267109,16,,,1,55,,267094,16,,,1,15,,267095,16,,,1,15,,267096,16,,,1,15,,267110,16,,,1,55,,267097,16,,,1,15,,267098,16,,,1,15,,267099,16,,,1,70,,267091,16,,,1,29,,267092,16,,,1,65,,267100,16,,,1,30,,267101,16,,,1,70,,267102,16,,,1,30,,267103,16,,,1,70,,267104,16,,,1,30,,267105,16,,,1,69,,267106,16,,,1,100,,267090,16,,,1,100,,267089,16,,,1
51501,'515-Weekday-7-26-09-1111100',540,,267111,16,,,1,70,,267112,16,,,1,32,,267113,16,,,1,59,,267114,16,,,1,15,,267115,16,,,1,15,,267158,16,,,1,15,,267116,16,,,1,55,,267117,16,,,1,15,,267118,16,,,1,15,,267159,16,,,1,15,,267119,16,,,1,55,,267139,16,,,1,19,,267120,16,,,1,20,,267121,16,,,1,60,,267138,16,,,1,20,,267122,16,,,1,20,,267123,16,,,1,60,,267137,16,,,1,20,,267124,16,,,1,20,,267125,16,,,1,60,,267136,16,,,1,20,,267126,16,,,1,20,,267127,16,,,1,60,,267135,16,,,1,20,,267128,16,,,1,20,,267129,16,,,1,60,,267134,16,,,1,20,,267130,16,,,1,20,,267131,16,,,1,60,,267132,16,,,1,21,,267133,16,,,1,19,,267144,16,,,1,15,,267160,16,,,1,55,,267145,16,,,1,15,,267146,16,,,1,15,,267147,16,,,1,15,,267161,16,,,1,55,,267148,16,,,1,15,,267149,16,,,1,15,,267150,16,,,1,70,,267142,16,,,1,29,,267143,16,,,1,65,,267151,16,,,1,30,,267152,16,,,1,70,,267153,16,,,1,30,,267154,16,,,1,70,,267155,16,,,1,30,,267156,16,,,1,69,,267157,16,,,1,100,,267141,16,,,1,100,,267140,16,,,1
51501,'515-Saturday-1-26-09-0000010',554,,223943,16,,,1,100,,223914,16,,,1,99,,223915,16,,,1,82,,223916,16,,,1,20,,223957,16,,,1,61,,223917,16,,,1,22,,223918,16,,,1,20,,223947,16,,,1,60,,223919,16,,,1,20,,223920,16,,,1,20,,223948,16,,,1,60,,223921,16,,,1,20,,223922,16,,,1,20,,223949,16,,,1,60,,223923,16,,,1,20,,223924,16,,,1,20,,223950,16,,,1,60,,223925,16,,,1,20,,223926,16,,,1,20,,223951,16,,,1,60,,223927,16,,,1,20,,223928,16,,,1,20,,223952,16,,,1,60,,223929,16,,,1,20,,223930,16,,,1,20,,223953,16,,,1,60,,223931,16,,,1,20,,223932,16,,,1,20,,223954,16,,,1,60,,223933,16,,,1,20,,223934,16,,,1,20,,223955,16,,,1,60,,223935,16,,,1,20,,223936,16,,,1,20,,223956,16,,,1,60,,223937,16,,,1,23,,223938,16,,,1,70,,223944,16,,,1,30,,223939,16,,,1,70,,223945,16,,,1,30,,223940,16,,,1,70,,223941,16,,,1,100,,223942,16,,,1,100,,223946,16,,,1
51501,'515-Sunday-1-26-09-0000001',554,,223958,16,,,1,100,,223959,16,,,1,100,,223960,16,,,1,100,,223961,16,,,1,100,,223962,16,,,1,65,,223988,16,,,1,20,,223963,16,,,1,20,,223964,16,,,1,60,,223989,16,,,1,20,,223965,16,,,1,20,,223966,16,,,1,60,,223990,16,,,1,20,,223967,16,,,1,20,,223968,16,,,1,60,,223991,16,,,1,20,,223969,16,,,1,20,,223970,16,,,1,60,,223992,16,,,1,20,,223971,16,,,1,20,,223972,16,,,1,60,,223993,16,,,1,20,,223974,16,,,1,20,,223975,16,,,1,60,,223994,16,,,1,20,,223976,16,,,1,62,,223973,16,,,1,20,,223995,16,,,1,20,,223977,16,,,1,60,,223978,16,,,1,20,,223996,16,,,1,20,,223979,16,,,1,60,,223997,16,,,1,20,,223980,16,,,1,20,,223981,16,,,1,70,,223986,16,,,1,30,,223982,16,,,1,70,,223987,16,,,1,100,,223983,16,,,1,100,,223984,16,,,1,100,,223985,16,,,1
63000,'630-Weekday-1-26-09-1111100',730,,227570,10,,,1
63000,'630-Weekday-3-26-09-1111100',730,,227571,10,,,1
63000,'630-Weekday-4-26-09-1111100',730,,270397,10,,,1
63000,'630-Weekday-7-26-09-1111100',730,,270398,10,,,1
63500,'635-Weekday-1-26-09-0000100',928,,227599,10,,,1
63500,'635-Weekday-1-26-09-1111000',801,,227600,10,,,1
63500,'635-Weekday-3-26-09-1111000',801,,227601,10,,,1
63500,'635-Weekday-7-26-09-1111000',801,,270432,10,,,1
