65001,'650-Weekday-1-26-09-1111100',1525,,227646,18,,,1
65001,'650-Weekday-3-26-09-1111100',1525,,227647,18,,,1
65001,'650-Weekday-7-26-09-1111100',1525,,270461,18,,,1
70601,'706-Weekday-1-26-09-1111100',556,,229925,13,,,1,68,,229890,13,,,1,31,,229891,13,,,1,70,,229892,13,,,1,30,,229893,13,,,1,70,,229926,13,,,1,28,,229894,13,,,1,68,,229895,13,,,1,29,,229896,13,,,1,70,,229897,13,,,1,30,,229898,13,,,1,70,,229899,13,,,1,30,,229900,13,,,1,70,,229901,13,,,1,30,,229902,13,,,1,70,,229903,13,,,1,30,,229904,13,,,1,70,,229905,13,,,1,30,,229906,13,,,1,72,,229907,13,,,1,20,,229908,13,,,1,60,,229909,13,,,1,20,,229910,13,,,1,20,,229911,13,,,1,60,,229912,13,,,1,20,,229913,13,,,1,20,,229914,13,,,1,60,,229915,13,,,1,20,,229916,13,,,1,27,,229917,13,,,1,70,,229918,13,,,1,30,,229919,13,,,1,70,,229920,13,,,1,30,,229921,13,,,1,70,,229922,13,,,1,30,,229923,13,,,1,70,,229924,13,,,1
70601,'706-Weekday-2-26-09-1111100',556,,229962,13,,,1,68,,229927,13,,,1,31,,229928,13,,,1,70,,229929,13,,,1,30,,229930,13,,,1,70,,229963,13,,,1,28,,229931,13,,,1,68,,229932,13,,,1,29,,229933,13,,,1,70,,229934,13,,,1,30,,229935,13,,,1,70,,229936,13,,,1,30,,229937,13,,,1,70,,229938,13,,,1,30,,229939,13,,,1,70,,229940,13,,,1,30,,229941,13,,,1,70,,229942,13,,,1,30,,229943,13,,,1,72,,229944,13,,,1,20,,229945,13,,,1,60,,229946,13,,,1,20,,229947,13,,,1,20,,229948,13,,,1,60,,229949,13,,,1,20,,229950,13,,,1,20,,229951,13,,,1,60,,229952,13,,,1,20,,229953,13,,,1,27,,229954,13,,,1,70,,229955,13,,,1,30,,229956,13,,,1,70,,229957,13,,,1,30,,229958,13,,,1,70,,229959,13,,,1,30,,229960,13,,,1,70,,229961,13,,,1
70601,'706-Weekday-3-26-09-1111100',556,,272619,13,,,1,68,,272584,13,,,1,31,,272585,13,,,1,70,,272586,13,,,1,30,,272587,13,,,1,70,,272620,13,,,1,28,,272588,13,,,1,68,,272589,13,,,1,29,,272590,13,,,1,70,,272591,13,,,1,30,,272592,13,,,1,70,,272593,13,,,1,30,,272594,13,,,1,70,,272595,13,,,1,30,,272596,13,,,1,70,,272597,13,,,1,30,,272598,13,,,1,70,,272599,13,,,1,30,,272600,13,,,1,72,,272601,13,,,1,20,,272602,13,,,1,60,,272603,13,,,1,20,,272604,13,,,1,20,,272605,13,,,1,60,,272606,13,,,1,20,,272607,13,,,1,20,,272608,13,,,1,60,,272609,13,,,1,20,,272610,13,,,1,27,,272611,13,,,1,70,,272612,13,,,1,30,,272613,13,,,1,70,,272614,13,,,1,30,,272615,13,,,1,70,,272616,13,,,1,30,,272617,13,,,1,70,,272618,13,,,1
70601,'706-Weekday-4-26-09-1111100',556,,229999,13,,,1,68,,229964,13,,,1,31,,229965,13,,,1,70,,229966,13,,,1,30,,229967,13,,,1,70,,230000,13,,,1,28,,229968,13,,,1,68,,229969,13,,,1,29,,229970,13,,,1,70,,229971,13,,,1,30,,229972,13,,,1,70,,229973,13,,,1,30,,229974,13,,,1,70,,229975,13,,,1,30,,229976,13,,,1,70,,229977,13,,,1,30,,229978,13,,,1,70,,229979,13,,,1,30,,229980,13,,,1,72,,229981,13,,,1,20,,229982,13,,,1,60,,229983,13,,,1,20,,229984,13,,,1,20,,229985,13,,,1,60,,229986,13,,,1,20,,229987,13,,,1,20,,229988,13,,,1,60,,229989,13,,,1,20,,229990,13,,,1,27,,229991,13,,,1,70,,229992,13,,,1,30,,229993,13,,,1,70,,229994,13,,,1,30,,229995,13,,,1,70,,229996,13,,,1,30,,229997,13,,,1,70,,229998,13,,,1
70601,'706-Weekday-5-26-09-1111100',556,,272656,13,,,1,68,,272621,13,,,1,31,,272622,13,,,1,70,,272623,13,,,1,30,,272624,13,,,1,70,,272657,13,,,1,28,,272625,13,,,1,68,,272626,13,,,1,29,,272627,13,,,1,70,,272628,13,,,1,30,,272629,13,,,1,70,,272630,13,,,1,30,,272631,13,,,1,70,,272632,13,,,1,30,,272633,13,,,1,70,,272634,13,,,1,30,,272635,13,,,1,70,,272636,13,,,1,30,,272637,13,,,1,72,,272638,13,,,1,20,,272639,13,,,1,60,,272640,13,,,1,20,,272641,13,,,1,20,,272642,13,,,1,60,,272643,13,,,1,20,,272644,13,,,1,20,,272645,13,,,1,60,,272646,13,,,1,20,,272647,13,,,1,27,,272648,13,,,1,70,,272649,13,,,1,30,,272650,13,,,1,70,,272651,13,,,1,30,,272652,13,,,1,70,,272653,13,,,1,30,,272654,13,,,1,70,,272655,13,,,1
70601,'706-Weekday-6-26-09-1111100',556,,272693,13,,,1,68,,272658,13,,,1,31,,272659,13,,,1,70,,272660,13,,,1,30,,272661,13,,,1,70,,272694,13,,,1,28,,272662,13,,,1,68,,272663,13,,,1,29,,272664,13,,,1,70,,272665,13,,,1,30,,272666,13,,,1,70,,272667,13,,,1,30,,272668,13,,,1,70,,272669,13,,,1,30,,272670,13,,,1,70,,272671,13,,,1,30,,272672,13,,,1,70,,272673,13,,,1,30,,272674,13,,,1,72,,272675,13,,,1,20,,272676,13,,,1,60,,272677,13,,,1,20,,272678,13,,,1,20,,272679,13,,,1,60,,272680,13,,,1,20,,272681,13,,,1,20,,272682,13,,,1,60,,272683,13,,,1,20,,272684,13,,,1,27,,272685,13,,,1,70,,272686,13,,,1,30,,272687,13,,,1,70,,272688,13,,,1,30,,272689,13,,,1,70,,272690,13,,,1,30,,272691,13,,,1,70,,272692,13,,,1
70601,'706-Weekday-7-26-09-1111100',556,,272730,13,,,1,68,,272695,13,,,1,31,,272696,13,,,1,70,,272697,13,,,1,30,,272698,13,,,1,70,,272731,13,,,1,28,,272699,13,,,1,68,,272700,13,,,1,29,,272701,13,,,1,70,,272702,13,,,1,30,,272703,13,,,1,70,,272704,13,,,1,30,,272705,13,,,1,70,,272706,13,,,1,30,,272707,13,,,1,70,,272708,13,,,1,30,,272709,13,,,1,70,,272710,13,,,1,30,,272711,13,,,1,72,,272712,13,,,1,20,,272713,13,,,1,60,,272714,13,,,1,20,,272715,13,,,1,20,,272716,13,,,1,60,,272717,13,,,1,20,,272718,13,,,1,20,,272719,13,,,1,60,,272720,13,,,1,20,,272721,13,,,1,27,,272722,13,,,1,70,,272723,13,,,1,30,,272724,13,,,1,70,,272725,13,,,1,30,,272726,13,,,1,70,,272727,13,,,1,30,,272728,13,,,1,70,,272729,13,,,1
70601,'706-Saturday-1-26-09-0000010',657,,230001,13,,,1,100,,230002,13,,,1,70,,230003,13,,,1,30,,230004,13,,,1,71,,230005,13,,,1,30,,230006,13,,,1,70,,230007,13,,,1,30,,230008,13,,,1,70,,230009,13,,,1,30,,230010,13,,,1,70,,230011,13,,,1,30,,230012,13,,,1,70,,230013,13,,,1,30,,230014,13,,,1,70,,230015,13,,,1,30,,230016,13,,,1,70,,230017,13,,,1,30,,230018,13,,,1,70,,230019,13,,,1,30,,230020,13,,,1,70,,230021,13,,,1,30,,230022,13,,,1,70,,230023,13,,,1,30,,230024,13,,,1,70,,230025,13,,,1,30,,230026,13,,,1,100,,230027,13,,,1,100,,230028,13,,,1
70601,'706-Sunday-1-26-09-0000001',701,,230029,13,,,1,100,,230030,13,,,1,100,,230031,13,,,1,101,,230032,13,,,1,30,,230033,13,,,1,70,,230034,13,,,1,30,,230036,13,,,1,70,,230037,13,,,1,30,,230038,13,,,1,70,,230035,13,,,1,30,,230039,13,,,1,70,,230040,13,,,1,30,,230041,13,,,1,70,,230042,13,,,1,30,,230043,13,,,1,70,,230044,13,,,1,30,,230045,13,,,1,70,,230046,13,,,1,29,,230048,13,,,1,70,,230049,13,,,1,30,,230050,13,,,1,70,,230047,13,,,1,100,,230051,13,,,1,100,,230052,13,,,1
72401,'724-Weekday-1-26-09-1111100',629,,235192,28,,,1,74,,235193,28,,,1,34,,235194,28,,,1,70,,235195,28,,,1,30,,235196,28,,,1,69,,235197,28,,,1,626,,235198,28,,,1,70,,235199,28,,,1,30,,235200,28,,,1,70,,235201,28,,,1,30,,235202,28,,,1,70,,235203,28,,,1,30,,235204,28,,,1
72401,'724-Weekday-2-26-09-1111100',629,,235205,28,,,1,74,,235206,28,,,1,34,,235207,28,,,1,70,,235208,28,,,1,30,,235209,28,,,1,69,,235210,28,,,1,626,,235211,28,,,1,70,,235212,28,,,1,30,,235213,28,,,1,70,,235214,28,,,1,30,,235215,28,,,1,70,,235216,28,,,1,30,,235217,28,,,1
72401,'724-Weekday-3-26-09-1111100',629,,277821,28,,,1,74,,277822,28,,,1,34,,277823,28,,,1,70,,277824,28,,,1,30,,277825,28,,,1,69,,277826,28,,,1,626,,277827,28,,,1,70,,277828,28,,,1,30,,277829,28,,,1,70,,277830,28,,,1,30,,277831,28,,,1,70,,277832,28,,,1,30,,277833,28,,,1
72401,'724-Weekday-4-26-09-1111100',629,,235218,28,,,1,74,,235219,28,,,1,34,,235220,28,,,1,70,,235221,28,,,1,30,,235222,28,,,1,69,,235223,28,,,1,626,,235224,28,,,1,70,,235225,28,,,1,30,,235226,28,,,1,70,,235227,28,,,1,30,,235228,28,,,1,70,,235229,28,,,1,30,,235230,28,,,1
72401,'724-Weekday-5-26-09-1111100',629,,277834,28,,,1,74,,277835,28,,,1,34,,277836,28,,,1,70,,277837,28,,,1,30,,277838,28,,,1,69,,277839,28,,,1,626,,277840,28,,,1,70,,277841,28,,,1,30,,277842,28,,,1,70,,277843,28,,,1,30,,277844,28,,,1,70,,277845,28,,,1,30,,277846,28,,,1
72401,'724-Weekday-6-26-09-1111100',629,,277847,28,,,1,74,,277848,28,,,1,34,,277849,28,,,1,70,,277850,28,,,1,30,,277851,28,,,1,69,,277852,28,,,1,626,,277853,28,,,1,70,,277854,28,,,1,30,,277855,28,,,1,70,,277856,28,,,1,30,,277857,28,,,1,70,,277858,28,,,1,30,,277859,28,,,1
72401,'724-Weekday-7-26-09-1111100',629,,277860,28,,,1,74,,277861,28,,,1,34,,277862,28,,,1,70,,277863,28,,,1,30,,277864,28,,,1,69,,277865,28,,,1,626,,277866,28,,,1,70,,277867,28,,,1,30,,277868,28,,,1,70,,277869,28,,,1,30,,277870,28,,,1,70,,277871,28,,,1,30,,277872,28,,,1
