10901,'109-Weekday-1-26-09-1111100',532,,217037,18,0,18 14,1,70,,217038,18,0,18 14,1,31,,217039,18,0,18 14,1,24,,217040,18,0,18 14,1,55,,217041,18,0,18 14,1,15,,217042,18,0,18 14,1,15,,217043,18,0,18 14,1,15,,217045,18,0,18 14,1,55,,217044,18,0,18 14,1,15,,217079,18,0,18 14,1,16,,217077,18,0,18 14,1,61,,217046,18,0,18 14,1,29,,217047,18,0,18 14,1,70,,217048,18,0,18 14,1,30,,217049,18,0,18 14,1,70,,217050,18,0,18 14,1,30,,217051,18,0,18 14,1,70,,217052,18,0,18 14,1,30,,217053,18,0,18 14,1,70,,217054,18,0,18 14,1,30,,217055,18,0,18 14,1,70,,217056,18,0,18 14,1,30,,217057,18,0,18 14,1,71,,217058,18,0,18 14,1,25,,217059,18,0,18 14,1,15,,217060,18,0,18 14,1,15,,217061,18,0,18 14,1,55,,217062,18,0,18 14,1,15,,217075,18,0,18 14,1,15,,217063,18,0,18 14,1,15,,217080,18,0,18 14,1,55,,217078,18,0,18 14,1,22,,217064,18,0,18 14,1,70,,217065,18,0,18 14,1,29,,217066,18,0,18 14,1,68,,217067,18,0,18 14,1,30,,217068,18,0,18 14,1,70,,217069,18,0,18 14,1,30,,217070,18,0,18 14,1,70,,217071,18,0,18 14,1,30,,217072,18,0,18 14,1,69,,217076,18,0,18 14,1,99,,217073,18,0,18 14,1,100,,217074,18,0,18 14,1
10901,'109-Weekday-2-26-09-1111100',532,,217081,18,0,18 14,1,70,,217082,18,0,18 14,1,31,,217083,18,0,18 14,1,24,,217084,18,0,18 14,1,55,,217085,18,0,18 14,1,15,,217086,18,0,18 14,1,15,,217087,18,0,18 14,1,15,,217089,18,0,18 14,1,55,,217088,18,0,18 14,1,15,,217123,18,0,18 14,1,16,,217121,18,0,18 14,1,61,,217090,18,0,18 14,1,29,,217091,18,0,18 14,1,70,,217092,18,0,18 14,1,30,,217093,18,0,18 14,1,70,,217094,18,0,18 14,1,30,,217095,18,0,18 14,1,70,,217096,18,0,18 14,1,30,,217097,18,0,18 14,1,70,,217098,18,0,18 14,1,30,,217099,18,0,18 14,1,70,,217100,18,0,18 14,1,30,,217101,18,0,18 14,1,71,,217102,18,0,18 14,1,25,,217103,18,0,18 14,1,15,,217104,18,0,18 14,1,15,,217105,18,0,18 14,1,55,,217106,18,0,18 14,1,15,,217119,18,0,18 14,1,15,,217107,18,0,18 14,1,15,,217124,18,0,18 14,1,55,,217122,18,0,18 14,1,22,,217108,18,0,18 14,1,70,,217109,18,0,18 14,1,29,,217110,18,0,18 14,1,68,,217111,18,0,18 14,1,30,,217112,18,0,18 14,1,70,,217113,18,0,18 14,1,30,,217114,18,0,18 14,1,70,,217115,18,0,18 14,1,30,,217116,18,0,18 14,1,69,,217120,18,0,18 14,1,99,,217117,18,0,18 14,1,100,,217118,18,0,18 14,1
10901,'109-Weekday-3-26-09-1111100',532,,260570,18,0,18 14,1,70,,260571,18,0,18 14,1,31,,260572,18,0,18 14,1,24,,260573,18,0,18 14,1,55,,260574,18,0,18 14,1,15,,260575,18,0,18 14,1,15,,260576,18,0,18 14,1,15,,260578,18,0,18 14,1,55,,260577,18,0,18 14,1,15,,260612,18,0,18 14,1,16,,260610,18,0,18 14,1,61,,260579,18,0,18 14,1,29,,260580,18,0,18 14,1,70,,260581,18,0,18 14,1,30,,260582,18,0,18 14,1,70,,260583,18,0,18 14,1,30,,260584,18,0,18 14,1,70,,260585,18,0,18 14,1,30,,260586,18,0,18 14,1,70,,260587,18,0,18 14,1,30,,260588,18,0,18 14,1,70,,260589,18,0,18 14,1,30,,260590,18,0,18 14,1,71,,260591,18,0,18 14,1,25,,260592,18,0,18 14,1,15,,260593,18,0,18 14,1,15,,260594,18,0,18 14,1,55,,260595,18,0,18 14,1,15,,260608,18,0,18 14,1,15,,260596,18,0,18 14,1,15,,260613,18,0,18 14,1,55,,260611,18,0,18 14,1,22,,260597,18,0,18 14,1,70,,260598,18,0,18 14,1,29,,260599,18,0,18 14,1,68,,260600,18,0,18 14,1,30,,260601,18,0,18 14,1,70,,260602,18,0,18 14,1,30,,260603,18,0,18 14,1,70,,260604,18,0,18 14,1,30,,260605,18,0,18 14,1,69,,260609,18,0,18 14,1,99,,260606,18,0,18 14,1,100,,260607,18,0,18 14,1
10901,'109-Weekday-4-26-09-1111100',532,,217125,18,0,18 14,1,70,,217126,18,0,18 14,1,31,,217127,18,0,18 14,1,24,,217128,18,0,18 14,1,55,,217129,18,0,18 14,1,15,,217130,18,0,18 14,1,15,,217131,18,0,18 14,1,15,,217133,18,0,18 14,1,55,,217132,18,0,18 14,1,15,,217167,18,0,18 14,1,16,,217165,18,0,18 14,1,61,,217134,18,0,18 14,1,29,,217135,18,0,18 14,1,70,,217136,18,0,18 14,1,30,,217137,18,0,18 14,1,70,,217138,18,0,18 14,1,30,,217139,18,0,18 14,1,70,,217140,18,0,18 14,1,30,,217141,18,0,18 14,1,70,,217142,18,0,18 14,1,30,,217143,18,0,18 14,1,70,,217144,18,0,18 14,1,30,,217145,18,0,18 14,1,71,,217146,18,0,18 14,1,25,,217147,18,0,18 14,1,15,,217148,18,0,18 14,1,15,,217149,18,0,18 14,1,55,,217150,18,0,18 14,1,15,,217163,18,0,18 14,1,15,,217151,18,0,18 14,1,15,,217168,18,0,18 14,1,55,,217166,18,0,18 14,1,22,,217152,18,0,18 14,1,70,,217153,18,0,18 14,1,29,,217154,18,0,18 14,1,68,,217155,18,0,18 14,1,30,,217156,18,0,18 14,1,70,,217157,18,0,18 14,1,30,,217158,18,0,18 14,1,70,,217159,18,0,18 14,1,30,,217160,18,0,18 14,1,69,,217164,18,0,18 14,1,99,,217161,18,0,18 14,1,100,,217162,18,0,18 14,1
10901,'109-Weekday-5-26-09-1111100',532,,260614,18,0,18 14,1,70,,260615,18,0,18 14,1,31,,260616,18,0,18 14,1,24,,260617,18,0,18 14,1,55,,260618,18,0,18 14,1,15,,260619,18,0,18 14,1,15,,260620,18,0,18 14,1,15,,260622,18,0,18 14,1,55,,260621,18,0,18 14,1,15,,260656,18,0,18 14,1,16,,260654,18,0,18 14,1,61,,260623,18,0,18 14,1,29,,260624,18,0,18 14,1,70,,260625,18,0,18 14,1,30,,260626,18,0,18 14,1,70,,260627,18,0,18 14,1,30,,260628,18,0,18 14,1,70,,260629,18,0,18 14,1,30,,260630,18,0,18 14,1,70,,260631,18,0,18 14,1,30,,260632,18,0,18 14,1,70,,260633,18,0,18 14,1,30,,260634,18,0,18 14,1,71,,260635,18,0,18 14,1,25,,260636,18,0,18 14,1,15,,260637,18,0,18 14,1,15,,260638,18,0,18 14,1,55,,260639,18,0,18 14,1,15,,260652,18,0,18 14,1,15,,260640,18,0,18 14,1,15,,260657,18,0,18 14,1,55,,260655,18,0,18 14,1,22,,260641,18,0,18 14,1,70,,260642,18,0,18 14,1,29,,260643,18,0,18 14,1,68,,260644,18,0,18 14,1,30,,260645,18,0,18 14,1,70,,260646,18,0,18 14,1,30,,260647,18,0,18 14,1,70,,260648,18,0,18 14,1,30,,260649,18,0,18 14,1,69,,260653,18,0,18 14,1,99,,260650,18,0,18 14,1,100,,260651,18,0,18 14,1
10901,'109-Weekday-6-26-09-1111100',532,,260658,18,0,18 14,1,70,,260659,18,0,18 14,1,31,,260660,18,0,18 14,1,24,,260661,18,0,18 14,1,55,,260662,18,0,18 14,1,15,,260663,18,0,18 14,1,15,,260664,18,0,18 14,1,15,,260666,18,0,18 14,1,55,,260665,18,0,18 14,1,15,,260700,18,0,18 14,1,16,,260698,18,0,18 14,1,61,,260667,18,0,18 14,1,29,,260668,18,0,18 14,1,70,,260669,18,0,18 14,1,30,,260670,18,0,18 14,1,70,,260671,18,0,18 14,1,30,,260672,18,0,18 14,1,70,,260673,18,0,18 14,1,30,,260674,18,0,18 14,1,70,,260675,18,0,18 14,1,30,,260676,18,0,18 14,1,70,,260677,18,0,18 14,1,30,,260678,18,0,18 14,1,71,,260679,18,0,18 14,1,25,,260680,18,0,18 14,1,15,,260681,18,0,18 14,1,15,,260682,18,0,18 14,1,55,,260683,18,0,18 14,1,15,,260696,18,0,18 14,1,15,,260684,18,0,18 14,1,15,,260701,18,0,18 14,1,55,,260699,18,0,18 14,1,22,,260685,18,0,18 14,1,70,,260686,18,0,18 14,1,29,,260687,18,0,18 14,1,68,,260688,18,0,18 14,1,30,,260689,18,0,18 14,1,70,,260690,18,0,18 14,1,30,,260691,18,0,18 14,1,70,,260692,18,0,18 14,1,30,,260693,18,0,18 14,1,69,,260697,18,0,18 14,1,99,,260694,18,0,18 14,1,100,,260695,18,0,18 14,1
10901,'109-Weekday-7-26-09-1111100',532,,260702,18,0,18 14,1,70,,260703,18,0,18 14,1,31,,260704,18,0,18 14,1,24,,260705,18,0,18 14,1,55,,260706,18,0,18 14,1,15,,260707,18,0,18 14,1,15,,260708,18,0,18 14,1,15,,260710,18,0,18 14,1,55,,260709,18,0,18 14,1,15,,260744,18,0,18 14,1,16,,260742,18,0,18 14,1,61,,260711,18,0,18 14,1,29,,260712,18,0,18 14,1,70,,260713,18,0,18 14,1,30,,260714,18,0,18 14,1,70,,260715,18,0,18 14,1,30,,260716,18,0,18 14,1,70,,260717,18,0,18 14,1,30,,260718,18,0,18 14,1,70,,260719,18,0,18 14,1,30,,260720,18,0,18 14,1,70,,260721,18,0,18 14,1,30,,260722,18,0,18 14,1,71,,260723,18,0,18 14,1,25,,260724,18,0,18 14,1,15,,260725,18,0,18 14,1,15,,260726,18,0,18 14,1,55,,260727,18,0,18 14,1,15,,260740,18,0,18 14,1,15,,260728,18,0,18 14,1,15,,260745,18,0,18 14,1,55,,260743,18,0,18 14,1,22,,260729,18,0,18 14,1,70,,260730,18,0,18 14,1,29,,260731,18,0,18 14,1,68,,260732,18,0,18 14,1,30,,260733,18,0,18 14,1,70,,260734,18,0,18 14,1,30,,260735,18,0,18 14,1,70,,260736,18,0,18 14,1,30,,260737,18,0,18 14,1,69,,260741,18,0,18 14,1,99,,260738,18,0,18 14,1,100,,260739,18,0,18 14,1
10901,'109-Saturday-1-26-09-0000010',824,,217169,18,0,18 14,1,30,,217170,18,0,18 14,1,70,,217171,18,0,18 14,1,30,,217172,18,0,18 14,1,70,,217173,18,0,18 14,1,30,,217174,18,0,18 14,1,70,,217175,18,0,18 14,1,30,,217176,18,0,18 14,1,70,,217177,18,0,18 14,1,30,,217178,18,0,18 14,1,70,,217179,18,0,18 14,1,30,,217180,18,0,18 14,1,70,,217181,18,0,18 14,1,30,,217182,18,0,18 14,1,70,,217183,18,0,18 14,1,30,,217184,18,0,18 14,1,70,,217185,18,0,18 14,1,30,,217186,18,0,18 14,1,70,,217187,18,0,18 14,1,30,,217188,18,0,18 14,1,70,,217189,18,0,18 14,1,30,,217190,18,0,18 14,1,70,,217191,18,0,18 14,1,30,,217192,18,0,18 14,1,70,,217193,18,0,18 14,1,30,,217194,18,0,18 14,1,70,,217195,18,0,18 14,1,30,,217196,18,0,18 14,1
10901,'109-Sunday-1-26-09-0000001',1034,,217197,18,0,18 14,1,70,,217198,18,0,18 14,1,30,,217199,18,0,18 14,1,70,,217200,18,0,18 14,1,30,,217201,18,0,18 14,1,70,,217202,18,0,18 14,1,30,,217203,18,0,18 14,1,70,,217204,18,0,18 14,1,30,,217205,18,0,18 14,1,70,,217206,18,0,18 14,1,30,,217207,18,0,18 14,1,70,,217208,18,0,18 14,1,30,,217209,18,0,18 14,1,70,,217210,18,0,18 14,1,30,,217211,18,0,18 14,1,70,,217212,18,0,18 14,1,30,,217213,18,0,18 14,1,70,,217214,18,0,18 14,1
61300,'613-Weekday-1-26-09-1111100',726,,227411,13,,,1,90,,227412,13,,,1
61300,'613-Weekday-3-26-09-1111100',816,,227413,13,,,1
61300,'613-Weekday-4-26-09-1111100',726,,270272,13,,,1
61300,'613-Weekday-7-26-09-1111100',726,,270273,13,,,1,90,,270274,13,,,1
61801,'618-Weekday-1-26-09-1111100',806,,227449,13,,,1
61801,'618-Weekday-4-26-09-1111100',806,,270299,13,,,1
61801,'618-Weekday-7-26-09-1111100',806,,270300,13,,,1
68301,'683-Weekday-1-26-09-1111100',734,,227878,7,,,1,5,,227879,7,,,1,5,,227880,7,,,1,5,,227881,7,,,1
68301,'683-Weekday-3-26-09-1111100',734,,227882,7,,,1,5,,227883,7,,,1,5,,227884,7,,,1,5,,227885,7,,,1
68301,'683-Weekday-4-26-09-1111100',734,,270640,7,,,1,5,,270641,7,,,1,5,,270642,7,,,1,5,,270643,7,,,1
68301,'683-Weekday-7-26-09-1111100',734,,270644,7,,,1,5,,270645,7,,,1,5,,270646,7,,,1,5,,270647,7,,,1
24015001,'150X-Weekday-1-26-09-1111100',611,,245121,13,,,1,20,,245115,13,,,1,20,,245116,13,,,1,60,,245117,13,,,1,15,,245118,13,,,1,15,,245119,13,,,1,15,,245120,13,,,1,55,,245113,13,,,1,15,,245112,13,,,1,15,,245114,13,,,1
24015001,'150X-Weekday-2-26-09-1111100',611,,245131,13,,,1,20,,245125,13,,,1,20,,245126,13,,,1,60,,245127,13,,,1,15,,245128,13,,,1,15,,245129,13,,,1,15,,245130,13,,,1,55,,245123,13,,,1,15,,245122,13,,,1,15,,245124,13,,,1
24015001,'150X-Weekday-3-26-09-1111100',611,,287639,13,,,1,20,,287633,13,,,1,20,,287634,13,,,1,60,,287635,13,,,1,15,,287636,13,,,1,15,,287637,13,,,1,15,,287638,13,,,1,55,,287631,13,,,1,15,,287630,13,,,1,15,,287632,13,,,1
24015001,'150X-Weekday-4-26-09-1111100',611,,245141,13,,,1,20,,245135,13,,,1,20,,245136,13,,,1,60,,245137,13,,,1,15,,245138,13,,,1,15,,245139,13,,,1,15,,245140,13,,,1,55,,245133,13,,,1,15,,245132,13,,,1,15,,245134,13,,,1
24015001,'150X-Weekday-5-26-09-1111100',611,,287649,13,,,1,20,,287643,13,,,1,20,,287644,13,,,1,60,,287645,13,,,1,15,,287646,13,,,1,15,,287647,13,,,1,15,,287648,13,,,1,55,,287641,13,,,1,15,,287640,13,,,1,15,,287642,13,,,1
24015001,'150X-Weekday-6-26-09-1111100',611,,287659,13,,,1,20,,287653,13,,,1,20,,287654,13,,,1,60,,287655,13,,,1,15,,287656,13,,,1,15,,287657,13,,,1,15,,287658,13,,,1,55,,287651,13,,,1,15,,287650,13,,,1,15,,287652,13,,,1
24015001,'150X-Weekday-7-26-09-1111100',611,,287669,13,,,1,20,,287663,13,,,1,20,,287664,13,,,1,60,,287665,13,,,1,15,,287666,13,,,1,15,,287667,13,,,1,15,,287668,13,,,1,55,,287661,13,,,1,15,,287660,13,,,1,15,,287662,13,,,1
