12100,'121-Weekday-1-26-09-1110100',1540,,220046,26,4,,1,80,,220047,26,4,,1
12100,'121-Weekday-1-26-09-1111100',1525,,220086,26,4,,1,20,,220087,26,4,,1,60,,220088,26,4,,1,20,,220089,26,4,,1,20,,220090,26,4,,1,60,,220091,26,4,,1,20,,220092,26,4,,1,20,,220093,26,4,,1,60,,220094,26,4,,1
12100,'121-Weekday-2-26-09-1110100',1540,,220109,26,4,,1,80,,220110,26,4,,1
12100,'121-Weekday-2-26-09-1111100',1525,,220149,26,4,,1,20,,220150,26,4,,1,60,,220151,26,4,,1,20,,220152,26,4,,1,20,,220153,26,4,,1,60,,220154,26,4,,1,20,,220155,26,4,,1,20,,220156,26,4,,1,60,,220157,26,4,,1
12100,'121-Weekday-3-26-09-1110100',1540,,263386,26,4,,1,80,,263387,26,4,,1
12100,'121-Weekday-3-26-09-1111100',1525,,263426,26,4,,1,20,,263427,26,4,,1,60,,263428,26,4,,1,20,,263429,26,4,,1,20,,263430,26,4,,1,60,,263431,26,4,,1,20,,263432,26,4,,1,20,,263433,26,4,,1,60,,263434,26,4,,1
12100,'121-Weekday-4-26-09-1111100',1525,,220210,26,4,,1,20,,220211,26,4,,1,60,,220212,26,4,,1,20,,220213,26,4,,1,20,,220214,26,4,,1,60,,220215,26,4,,1,20,,220216,26,4,,1,20,,220217,26,4,,1,60,,220218,26,4,,1
12100,'121-Weekday-5-26-09-1111100',1525,,263487,26,4,,1,20,,263488,26,4,,1,60,,263489,26,4,,1,20,,263490,26,4,,1,20,,263491,26,4,,1,60,,263492,26,4,,1,20,,263493,26,4,,1,20,,263494,26,4,,1,60,,263495,26,4,,1
12100,'121-Weekday-6-26-09-1110100',1540,,263510,26,4,,1,80,,263511,26,4,,1
12100,'121-Weekday-6-26-09-1111100',1525,,263550,26,4,,1,20,,263551,26,4,,1,60,,263552,26,4,,1,20,,263553,26,4,,1,20,,263554,26,4,,1,60,,263555,26,4,,1,20,,263556,26,4,,1,20,,263557,26,4,,1,60,,263558,26,4,,1
12100,'121-Weekday-7-26-09-1111100',1525,,263611,26,4,,1,20,,263612,26,4,,1,60,,263613,26,4,,1,20,,263614,26,4,,1,20,,263615,26,4,,1,60,,263616,26,4,,1,20,,263617,26,4,,1,20,,263618,26,4,,1,60,,263619,26,4,,1
12101,'121-Weekday-1-26-09-1111100',532,,220323,11,,,1,70,,220352,11,,,1,21,,220353,12,,,1,9,,220301,11,,,1,11,,220354,12,,,1,8,,220302,11,,,1,52,,220355,12,,,1,8,,220303,11,,,1,12,,220356,12,,,1,8,,220304,11,,,1,6,,220362,12,,,1,6,,220357,12,,,1,8,,220305,11,,,1,8,,220363,12,,,1,44,,220358,12,,,1,8,,220306,11,,,1,12,,220359,12,,,1,8,,220307,11,,,1,12,,220360,12,,,1,8,,220308,11,,,1,60,,220361,11,,,1,21,,220309,11,,,1,20,,220310,11,,,1,60,,220311,11,,,1,20,,220312,11,,,1,20,,220313,11,,,1,60,,220314,11,,,1,20,,220315,11,,,1,20,,220316,11,,,1,60,,220317,11,,,1,20,,220318,11,,,1,20,,220319,11,,,1,60,,220320,11,,,1,20,,220321,11,,,1,20,,220322,11,,,1,61,,220324,15,,,1,20,,220325,15,,,1,20,,220326,15,,,1,61,,220327,15,,,1,21,,220328,15,,,1,20,,220329,15,,,1,60,,220330,15,,,1,20,,220331,15,,,1,20,,220332,15,,,1,60,,220333,15,,,1,20,,220334,15,,,1,20,,220335,15,,,1,58,,220336,15,,,1,20,,220337,15,,,1,19,,220350,15,,,1,60,,220338,15,,,1,20,,220339,15,,,1,20,,220340,15,,,1,60,,220341,15,,,1,20,,220342,15,,,1,20,,220343,15,,,1,60,,220344,15,,,1,20,,220345,15,,,1,20,,220346,15,,,1,60,,220351,15,,,1,18,,220347,15,,,1,100,,220348,15,,,1,100,,220349,15,,,1
12101,'121-Weekday-2-26-09-1111100',532,,220386,11,,,1,70,,220415,11,,,1,21,,220416,12,,,1,9,,220364,11,,,1,11,,220417,12,,,1,8,,220365,11,,,1,52,,220418,12,,,1,8,,220366,11,,,1,12,,220419,12,,,1,8,,220367,11,,,1,6,,220425,12,,,1,6,,220420,12,,,1,8,,220368,11,,,1,8,,220426,12,,,1,44,,220421,12,,,1,8,,220369,11,,,1,12,,220422,12,,,1,8,,220370,11,,,1,12,,220423,12,,,1,8,,220371,11,,,1,60,,220424,11,,,1,21,,220372,11,,,1,20,,220373,11,,,1,60,,220374,11,,,1,20,,220375,11,,,1,20,,220376,11,,,1,60,,220377,11,,,1,20,,220378,11,,,1,20,,220379,11,,,1,60,,220380,11,,,1,20,,220381,11,,,1,20,,220382,11,,,1,60,,220383,11,,,1,20,,220384,11,,,1,20,,220385,11,,,1,61,,220387,15,,,1,20,,220388,15,,,1,20,,220389,15,,,1,61,,220390,15,,,1,21,,220391,15,,,1,20,,220392,15,,,1,60,,220393,15,,,1,20,,220394,15,,,1,20,,220395,15,,,1,60,,220396,15,,,1,20,,220397,15,,,1,20,,220398,15,,,1,58,,220399,15,,,1,20,,220400,15,,,1,19,,220413,15,,,1,60,,220401,15,,,1,20,,220402,15,,,1,20,,220403,15,,,1,60,,220404,15,,,1,20,,220405,15,,,1,20,,220406,15,,,1,60,,220407,15,,,1,20,,220408,15,,,1,20,,220409,15,,,1,60,,220414,15,,,1,18,,220410,15,,,1,100,,220411,15,,,1,100,,220412,15,,,1
12101,'121-Weekday-3-26-09-1111100',532,,263656,11,,,1,70,,263685,11,,,1,21,,263686,12,,,1,9,,263634,11,,,1,11,,263687,12,,,1,8,,263635,11,,,1,52,,263688,12,,,1,8,,263636,11,,,1,12,,263689,12,,,1,8,,263637,11,,,1,6,,263695,12,,,1,6,,263690,12,,,1,8,,263638,11,,,1,8,,263696,12,,,1,44,,263691,12,,,1,8,,263639,11,,,1,12,,263692,12,,,1,8,,263640,11,,,1,12,,263693,12,,,1,8,,263641,11,,,1,60,,263694,11,,,1,21,,263642,11,,,1,20,,263643,11,,,1,60,,263644,11,,,1,20,,263645,11,,,1,20,,263646,11,,,1,60,,263647,11,,,1,20,,263648,11,,,1,20,,263649,11,,,1,60,,263650,11,,,1,20,,263651,11,,,1,20,,263652,11,,,1,60,,263653,11,,,1,20,,263654,11,,,1,20,,263655,11,,,1,61,,263657,15,,,1,20,,263658,15,,,1,20,,263659,15,,,1,61,,263660,15,,,1,21,,263661,15,,,1,20,,263662,15,,,1,60,,263663,15,,,1,20,,263664,15,,,1,20,,263665,15,,,1,60,,263666,15,,,1,20,,263667,15,,,1,20,,263668,15,,,1,58,,263669,15,,,1,20,,263670,15,,,1,19,,263683,15,,,1,60,,263671,15,,,1,20,,263672,15,,,1,20,,263673,15,,,1,60,,263674,15,,,1,20,,263675,15,,,1,20,,263676,15,,,1,60,,263677,15,,,1,20,,263678,15,,,1,20,,263679,15,,,1,60,,263684,15,,,1,18,,263680,15,,,1,100,,263681,15,,,1,100,,263682,15,,,1
12101,'121-Weekday-4-26-09-1111100',532,,220449,11,,,1,70,,220478,11,,,1,21,,220479,12,,,1,9,,220427,11,,,1,11,,220480,12,,,1,8,,220428,11,,,1,52,,220481,12,,,1,8,,220429,11,,,1,12,,220482,12,,,1,8,,220430,11,,,1,12,,220483,12,,,1,8,,220431,11,,,1,52,,220484,12,,,1,8,,220432,11,,,1,12,,220485,12,,,1,8,,220433,11,,,1,12,,220486,12,,,1,8,,220434,11,,,1,60,,220487,11,,,1,21,,220435,11,,,1,20,,220436,11,,,1,60,,220437,11,,,1,20,,220438,11,,,1,20,,220439,11,,,1,60,,220440,11,,,1,20,,220441,11,,,1,20,,220442,11,,,1,60,,220443,11,,,1,20,,220444,11,,,1,20,,220445,11,,,1,60,,220446,11,,,1,20,,220447,11,,,1,20,,220448,11,,,1,61,,220450,15,,,1,20,,220451,15,,,1,20,,220452,15,,,1,61,,220453,15,,,1,21,,220454,15,,,1,20,,220455,15,,,1,60,,220456,15,,,1,20,,220457,15,,,1,20,,220458,15,,,1,60,,220459,15,,,1,20,,220460,15,,,1,20,,220461,15,,,1,58,,220462,15,,,1,20,,220463,15,,,1,19,,220476,15,,,1,60,,220464,15,,,1,20,,220465,15,,,1,20,,220466,15,,,1,60,,220467,15,,,1,20,,220468,15,,,1,20,,220469,15,,,1,60,,220470,15,,,1,20,,220471,15,,,1,20,,220472,15,,,1,60,,220477,15,,,1,18,,220473,15,,,1,100,,220474,15,,,1,100,,220475,15,,,1
12101,'121-Weekday-5-26-09-1111100',532,,263719,11,,,1,70,,263748,11,,,1,21,,263749,12,,,1,9,,263697,11,,,1,11,,263750,12,,,1,8,,263698,11,,,1,52,,263751,12,,,1,8,,263699,11,,,1,12,,263752,12,,,1,8,,263700,11,,,1,12,,263753,12,,,1,8,,263701,11,,,1,52,,263754,12,,,1,8,,263702,11,,,1,12,,263755,12,,,1,8,,263703,11,,,1,12,,263756,12,,,1,8,,263704,11,,,1,60,,263757,11,,,1,21,,263705,11,,,1,20,,263706,11,,,1,60,,263707,11,,,1,20,,263708,11,,,1,20,,263709,11,,,1,60,,263710,11,,,1,20,,263711,11,,,1,20,,263712,11,,,1,60,,263713,11,,,1,20,,263714,11,,,1,20,,263715,11,,,1,60,,263716,11,,,1,20,,263717,11,,,1,20,,263718,11,,,1,61,,263720,15,,,1,20,,263721,15,,,1,20,,263722,15,,,1,61,,263723,15,,,1,21,,263724,15,,,1,20,,263725,15,,,1,60,,263726,15,,,1,20,,263727,15,,,1,20,,263728,15,,,1,60,,263729,15,,,1,20,,263730,15,,,1,20,,263731,15,,,1,58,,263732,15,,,1,20,,263733,15,,,1,19,,263746,15,,,1,60,,263734,15,,,1,20,,263735,15,,,1,20,,263736,15,,,1,60,,263737,15,,,1,20,,263738,15,,,1,20,,263739,15,,,1,60,,263740,15,,,1,20,,263741,15,,,1,20,,263742,15,,,1,60,,263747,15,,,1,18,,263743,15,,,1,100,,263744,15,,,1,100,,263745,15,,,1
12101,'121-Weekday-6-26-09-1111100',532,,263780,11,,,1,70,,263809,11,,,1,21,,263810,12,,,1,9,,263758,11,,,1,11,,263811,12,,,1,8,,263759,11,,,1,52,,263812,12,,,1,8,,263760,11,,,1,12,,263813,12,,,1,8,,263761,11,,,1,6,,263819,12,,,1,6,,263814,12,,,1,8,,263762,11,,,1,8,,263820,12,,,1,44,,263815,12,,,1,8,,263763,11,,,1,12,,263816,12,,,1,8,,263764,11,,,1,12,,263817,12,,,1,8,,263765,11,,,1,60,,263818,11,,,1,21,,263766,11,,,1,20,,263767,11,,,1,60,,263768,11,,,1,20,,263769,11,,,1,20,,263770,11,,,1,60,,263771,11,,,1,20,,263772,11,,,1,20,,263773,11,,,1,60,,263774,11,,,1,20,,263775,11,,,1,20,,263776,11,,,1,60,,263777,11,,,1,20,,263778,11,,,1,20,,263779,11,,,1,61,,263781,15,,,1,20,,263782,15,,,1,20,,263783,15,,,1,61,,263784,15,,,1,21,,263785,15,,,1,20,,263786,15,,,1,60,,263787,15,,,1,20,,263788,15,,,1,20,,263789,15,,,1,60,,263790,15,,,1,20,,263791,15,,,1,20,,263792,15,,,1,58,,263793,15,,,1,20,,263794,15,,,1,19,,263807,15,,,1,60,,263795,15,,,1,20,,263796,15,,,1,20,,263797,15,,,1,60,,263798,15,,,1,20,,263799,15,,,1,20,,263800,15,,,1,60,,263801,15,,,1,20,,263802,15,,,1,20,,263803,15,,,1,60,,263808,15,,,1,18,,263804,15,,,1,100,,263805,15,,,1,100,,263806,15,,,1
12101,'121-Weekday-7-26-09-1111100',532,,263843,11,,,1,70,,263872,11,,,1,21,,263873,12,,,1,9,,263821,11,,,1,11,,263874,12,,,1,8,,263822,11,,,1,52,,263875,12,,,1,8,,263823,11,,,1,12,,263876,12,,,1,8,,263824,11,,,1,12,,263877,12,,,1,8,,263825,11,,,1,52,,263878,12,,,1,8,,263826,11,,,1,12,,263879,12,,,1,8,,263827,11,,,1,12,,263880,12,,,1,8,,263828,11,,,1,60,,263881,11,,,1,21,,263829,11,,,1,20,,263830,11,,,1,60,,263831,11,,,1,20,,263832,11,,,1,20,,263833,11,,,1,60,,263834,11,,,1,20,,263835,11,,,1,20,,263836,11,,,1,60,,263837,11,,,1,20,,263838,11,,,1,20,,263839,11,,,1,60,,263840,11,,,1,20,,263841,11,,,1,20,,263842,11,,,1,61,,263844,15,,,1,20,,263845,15,,,1,20,,263846,15,,,1,61,,263847,15,,,1,21,,263848,15,,,1,20,,263849,15,,,1,60,,263850,15,,,1,20,,263851,15,,,1,20,,263852,15,,,1,60,,263853,15,,,1,20,,263854,15,,,1,20,,263855,15,,,1,58,,263856,15,,,1,20,,263857,15,,,1,19,,263870,15,,,1,60,,263858,15,,,1,20,,263859,15,,,1,20,,263860,15,,,1,60,,263861,15,,,1,20,,263862,15,,,1,20,,263863,15,,,1,60,,263864,15,,,1,20,,263865,15,,,1,20,,263866,15,,,1,60,,263871,15,,,1,18,,263867,15,,,1,100,,263868,15,,,1,100,,263869,15,,,1
12101,'121-Saturday-1-26-09-0000010',632,,220504,11,,,1,100,,220507,11,,,1,100,,220493,11,,,1,20,,220506,11,,,1,61,,220505,11,,,1,21,,220491,11,,,1,20,,220494,11,,,1,60,,220500,11,,,1,20,,220503,11,,,1,20,,220496,11,,,1,60,,220502,11,,,1,20,,220488,11,,,1,20,,220495,11,,,1,60,,220501,11,,,1,20,,220498,11,,,1,20,,220492,11,,,1,60,,220490,11,,,1,20,,220497,11,,,1,20,,220489,11,,,1,60,,220499,11,,,1,20,,220508,15,,,1,20,,220509,15,,,1,60,,220510,15,,,1,20,,220511,15,,,1,20,,220512,15,,,1,60,,220513,15,,,1,20,,220514,15,,,1,20,,220515,15,,,1,60,,220516,15,,,1,20,,220517,15,,,1,20,,220518,15,,,1,60,,220519,15,,,1,20,,220520,15,,,1,20,,220521,15,,,1,60,,220522,15,,,1,22,,220523,15,,,1,100,,220524,15,,,1,100,,220525,15,,,1,100,,220526,15,,,1,98,,220527,15,,,1,100,,220528,15,,,1
12101,'121-Sunday-1-26-09-0000001',631,,220529,11,,,1,100,,220530,11,,,1,100,,220531,11,,,1,103,,220532,11,,,1,100,,220533,11,,,1,70,,220534,11,,,1,30,,220535,11,,,1,70,,220536,11,,,1,30,,220537,11,,,1,70,,220538,11,,,1,30,,220539,11,,,1,70,,220540,11,,,1,30,,220541,15,,,1,70,,220542,15,,,1,30,,220543,15,,,1,70,,220544,15,,,1,30,,220545,15,,,1,70,,220546,15,,,1,27,,220547,15,,,1,70,,220548,15,,,1,30,,220549,15,,,1,70,,220550,15,,,1,30,,220551,15,,,1,100,,220552,15,,,1,100,,220553,15,,,1,100,,220554,15,,,1,100,,220555,15,,,1
