90301,'903-Weekday-1-26-09-1111100',520,,237157,10,,,1,30,,237158,10,,,1,61,,237159,10,,,1,20,,237160,10,,,1,22,,237161,10,,,1,60,,237162,10,,,1,20,,237163,10,,,1,20,,237164,10,,,1,60,,237165,10,,,1,20,,237166,10,,,1,20,,237167,10,,,1,60,,237168,10,,,1,20,,237169,10,,,1,20,,237170,10,,,1,60,,237171,10,,,1,20,,237172,10,,,1,20,,237173,10,,,1,60,,237174,10,,,1,20,,237175,10,,,1,20,,237176,10,,,1,60,,237177,10,,,1,20,,237178,10,,,1,20,,237179,10,,,1,60,,237180,10,,,1,20,,237181,10,,,1,20,,237182,10,,,1,60,,237183,10,,,1,20,,237184,10,,,1,15,,237185,10,,,1,55,,237186,10,,,1,15,,237187,10,,,1,15,,237188,10,,,1,15,,237189,10,,,1,55,,237190,10,,,1,15,,237191,10,,,1,15,,237192,10,,,1,15,,237193,10,,,1,55,,237208,10,,,1,20,,237194,10,,,1,20,,237195,10,,,1,70,,237196,10,,,1,29,,237197,10,,,1,70,,237198,10,,,1,30,,237199,10,,,1,70,,237200,10,,,1,30,,237201,10,,,1,70,,237202,10,,,1,30,,237203,10,,,1,69,,237207,10,,,1,100,,237204,10,,,1,100,,237205,10,,,1,100,,237206,10,,,1
90301,'903-Weekday-2-26-09-1111100',520,,237209,10,,,1,30,,237210,10,,,1,61,,237211,10,,,1,20,,237212,10,,,1,22,,237213,10,,,1,60,,237214,10,,,1,20,,237215,10,,,1,20,,237216,10,,,1,60,,237217,10,,,1,20,,237218,10,,,1,20,,237219,10,,,1,60,,237220,10,,,1,20,,237221,10,,,1,20,,237222,10,,,1,60,,237223,10,,,1,20,,237224,10,,,1,20,,237225,10,,,1,60,,237226,10,,,1,20,,237227,10,,,1,20,,237228,10,,,1,60,,237229,10,,,1,20,,237230,10,,,1,20,,237231,10,,,1,60,,237232,10,,,1,20,,237233,10,,,1,20,,237234,10,,,1,60,,237235,10,,,1,20,,237236,10,,,1,15,,237237,10,,,1,55,,237238,10,,,1,15,,237239,10,,,1,15,,237240,10,,,1,15,,237241,10,,,1,55,,237242,10,,,1,15,,237243,10,,,1,15,,237244,10,,,1,15,,237245,10,,,1,55,,237260,10,,,1,20,,237246,10,,,1,20,,237247,10,,,1,70,,237248,10,,,1,29,,237249,10,,,1,70,,237250,10,,,1,30,,237251,10,,,1,70,,237252,10,,,1,30,,237253,10,,,1,70,,237254,10,,,1,30,,237255,10,,,1,69,,237259,10,,,1,100,,237256,10,,,1,100,,237257,10,,,1,100,,237258,10,,,1
90301,'903-Weekday-3-26-09-1111100',520,,279781,10,,,1,30,,279782,10,,,1,61,,279783,10,,,1,20,,279784,10,,,1,22,,279785,10,,,1,60,,279786,10,,,1,20,,279787,10,,,1,20,,279788,10,,,1,60,,279789,10,,,1,20,,279790,10,,,1,20,,279791,10,,,1,60,,279792,10,,,1,20,,279793,10,,,1,20,,279794,10,,,1,60,,279795,10,,,1,20,,279796,10,,,1,20,,279797,10,,,1,60,,279798,10,,,1,20,,279799,10,,,1,20,,279800,10,,,1,60,,279801,10,,,1,20,,279802,10,,,1,20,,279803,10,,,1,60,,279804,10,,,1,20,,279805,10,,,1,20,,279806,10,,,1,60,,279807,10,,,1,20,,279808,10,,,1,15,,279809,10,,,1,55,,279810,10,,,1,15,,279811,10,,,1,15,,279812,10,,,1,15,,279813,10,,,1,55,,279814,10,,,1,15,,279815,10,,,1,15,,279816,10,,,1,15,,279817,10,,,1,55,,279832,10,,,1,20,,279818,10,,,1,20,,279819,10,,,1,70,,279820,10,,,1,29,,279821,10,,,1,70,,279822,10,,,1,30,,279823,10,,,1,70,,279824,10,,,1,30,,279825,10,,,1,70,,279826,10,,,1,30,,279827,10,,,1,69,,279831,10,,,1,100,,279828,10,,,1,100,,279829,10,,,1,100,,279830,10,,,1
90301,'903-Weekday-4-26-09-1111100',520,,237261,10,,,1,30,,237262,10,,,1,61,,237263,10,,,1,20,,237264,10,,,1,22,,237265,10,,,1,60,,237266,10,,,1,20,,237267,10,,,1,20,,237268,10,,,1,60,,237269,10,,,1,20,,237270,10,,,1,20,,237271,10,,,1,60,,237272,10,,,1,20,,237273,10,,,1,20,,237274,10,,,1,60,,237275,10,,,1,20,,237276,10,,,1,20,,237277,10,,,1,60,,237278,10,,,1,20,,237279,10,,,1,20,,237280,10,,,1,60,,237281,10,,,1,20,,237282,10,,,1,20,,237283,10,,,1,60,,237284,10,,,1,20,,237285,10,,,1,20,,237286,10,,,1,60,,237287,10,,,1,20,,237288,10,,,1,15,,237289,10,,,1,55,,237290,10,,,1,15,,237291,10,,,1,15,,237292,10,,,1,15,,237293,10,,,1,55,,237294,10,,,1,15,,237295,10,,,1,15,,237296,10,,,1,15,,237297,10,,,1,55,,237312,10,,,1,20,,237298,10,,,1,20,,237299,10,,,1,70,,237300,10,,,1,29,,237301,10,,,1,70,,237302,10,,,1,30,,237303,10,,,1,70,,237304,10,,,1,30,,237305,10,,,1,70,,237306,10,,,1,30,,237307,10,,,1,69,,237311,10,,,1,100,,237308,10,,,1,100,,237309,10,,,1,100,,237310,10,,,1
90301,'903-Weekday-5-26-09-1111100',520,,279833,10,,,1,30,,279834,10,,,1,61,,279835,10,,,1,20,,279836,10,,,1,22,,279837,10,,,1,60,,279838,10,,,1,20,,279839,10,,,1,20,,279840,10,,,1,60,,279841,10,,,1,20,,279842,10,,,1,20,,279843,10,,,1,60,,279844,10,,,1,20,,279845,10,,,1,20,,279846,10,,,1,60,,279847,10,,,1,20,,279848,10,,,1,20,,279849,10,,,1,60,,279850,10,,,1,20,,279851,10,,,1,20,,279852,10,,,1,60,,279853,10,,,1,20,,279854,10,,,1,20,,279855,10,,,1,60,,279856,10,,,1,20,,279857,10,,,1,20,,279858,10,,,1,60,,279859,10,,,1,20,,279860,10,,,1,15,,279861,10,,,1,55,,279862,10,,,1,15,,279863,10,,,1,15,,279864,10,,,1,15,,279865,10,,,1,55,,279866,10,,,1,15,,279867,10,,,1,15,,279868,10,,,1,15,,279869,10,,,1,55,,279884,10,,,1,20,,279870,10,,,1,20,,279871,10,,,1,70,,279872,10,,,1,29,,279873,10,,,1,70,,279874,10,,,1,30,,279875,10,,,1,70,,279876,10,,,1,30,,279877,10,,,1,70,,279878,10,,,1,30,,279879,10,,,1,69,,279883,10,,,1,100,,279880,10,,,1,100,,279881,10,,,1,100,,279882,10,,,1
90301,'903-Weekday-6-26-09-1111100',520,,279885,10,,,1,30,,279886,10,,,1,61,,279887,10,,,1,20,,279888,10,,,1,22,,279889,10,,,1,60,,279890,10,,,1,20,,279891,10,,,1,20,,279892,10,,,1,60,,279893,10,,,1,20,,279894,10,,,1,20,,279895,10,,,1,60,,279896,10,,,1,20,,279897,10,,,1,20,,279898,10,,,1,60,,279899,10,,,1,20,,279900,10,,,1,20,,279901,10,,,1,60,,279902,10,,,1,20,,279903,10,,,1,20,,279904,10,,,1,60,,279905,10,,,1,20,,279906,10,,,1,20,,279907,10,,,1,60,,279908,10,,,1,20,,279909,10,,,1,20,,279910,10,,,1,60,,279911,10,,,1,20,,279912,10,,,1,15,,279913,10,,,1,55,,279914,10,,,1,15,,279915,10,,,1,15,,279916,10,,,1,15,,279917,10,,,1,55,,279918,10,,,1,15,,279919,10,,,1,15,,279920,10,,,1,15,,279921,10,,,1,55,,279936,10,,,1,20,,279922,10,,,1,20,,279923,10,,,1,70,,279924,10,,,1,29,,279925,10,,,1,70,,279926,10,,,1,30,,279927,10,,,1,70,,279928,10,,,1,30,,279929,10,,,1,70,,279930,10,,,1,30,,279931,10,,,1,69,,279935,10,,,1,100,,279932,10,,,1,100,,279933,10,,,1,100,,279934,10,,,1
90301,'903-Weekday-7-26-09-1111100',520,,279937,10,,,1,30,,279938,10,,,1,61,,279939,10,,,1,20,,279940,10,,,1,22,,279941,10,,,1,60,,279942,10,,,1,20,,279943,10,,,1,20,,279944,10,,,1,60,,279945,10,,,1,20,,279946,10,,,1,20,,279947,10,,,1,60,,279948,10,,,1,20,,279949,10,,,1,20,,279950,10,,,1,60,,279951,10,,,1,20,,279952,10,,,1,20,,279953,10,,,1,60,,279954,10,,,1,20,,279955,10,,,1,20,,279956,10,,,1,60,,279957,10,,,1,20,,279958,10,,,1,20,,279959,10,,,1,60,,279960,10,,,1,20,,279961,10,,,1,20,,279962,10,,,1,60,,279963,10,,,1,20,,279964,10,,,1,15,,279965,10,,,1,55,,279966,10,,,1,15,,279967,10,,,1,15,,279968,10,,,1,15,,279969,10,,,1,55,,279970,10,,,1,15,,279971,10,,,1,15,,279972,10,,,1,15,,279973,10,,,1,55,,279988,10,,,1,20,,279974,10,,,1,20,,279975,10,,,1,70,,279976,10,,,1,29,,279977,10,,,1,70,,279978,10,,,1,30,,279979,10,,,1,70,,279980,10,,,1,30,,279981,10,,,1,70,,279982,10,,,1,30,,279983,10,,,1,69,,279987,10,,,1,100,,279984,10,,,1,100,,279985,10,,,1,100,,279986,10,,,1
90301,'903-Saturday-1-26-09-0000010',619,,237313,10,,,1,100,,237314,10,,,1,40,,237315,10,,,1,60,,237316,10,,,1,20,,237317,10,,,1,20,,237318,10,,,1,62,,237319,10,,,1,20,,237320,10,,,1,60,,237321,10,,,1,20,,237322,10,,,1,20,,237323,10,,,1,60,,237324,10,,,1,20,,237325,10,,,1,20,,237326,10,,,1,60,,237327,10,,,1,20,,237328,10,,,1,20,,237329,10,,,1,60,,237330,10,,,1,20,,237331,10,,,1,20,,237332,10,,,1,60,,237333,10,,,1,20,,237334,10,,,1,20,,237335,10,,,1,60,,237336,10,,,1,20,,237337,10,,,1,20,,237338,10,,,1,60,,237339,10,,,1,20,,237340,10,,,1,20,,237341,10,,,1,60,,237342,10,,,1,19,,237343,10,,,1,20,,237344,10,,,1,60,,237345,10,,,1,20,,237346,10,,,1,20,,237347,10,,,1,60,,237348,10,,,1,20,,237349,10,,,1,30,,237350,10,,,1,70,,237351,10,,,1,30,,237352,10,,,1,70,,237353,10,,,1,30,,237354,10,,,1,70,,237355,10,,,1,90,,237356,10,,,1,100,,237357,10,,,1
90301,'903-Sunday-1-26-09-0000001',632,,237358,10,,,1,100,,237359,10,,,1,100,,237360,10,,,1,102,,237361,10,,,1,70,,237362,10,,,1,30,,237363,10,,,1,70,,237364,10,,,1,30,,237365,10,,,1,70,,237366,10,,,1,30,,237367,10,,,1,70,,237368,10,,,1,30,,237369,10,,,1,70,,237370,10,,,1,30,,237371,10,,,1,70,,237372,10,,,1,30,,237373,10,,,1,70,,237374,10,,,1,30,,237375,10,,,1,70,,237376,10,,,1,29,,237377,10,,,1,70,,237378,10,,,1,30,,237379,10,,,1,70,,237380,10,,,1,30,,237381,10,,,1,70,,237382,10,,,1,30,,237383,10,,,1,70,,237384,10,,,1,30,,237385,10,,,1,100,,237386,10,,,1,100,,237387,10,,,1
24014000,'140X-Weekday-1-26-09-1111100',1509,,245037,5,,,1,20,,245038,5,,,1,21,,245039,5,,,1,60,,245040,5,,,1,20,,245041,5,,,1,20,,245042,5,,,1,59,,245043,5,,,1,19,,245044,5,,,1
24014000,'140X-Weekday-2-26-09-1111100',1509,,245045,5,,,1,20,,245046,5,,,1,21,,245047,5,,,1,60,,245048,5,,,1,20,,245049,5,,,1,20,,245050,5,,,1,59,,245051,5,,,1,19,,245052,5,,,1
24014000,'140X-Weekday-3-26-09-1111100',1509,,287530,5,,,1,20,,287531,5,,,1,21,,287532,5,,,1,60,,287533,5,,,1,20,,287534,5,,,1,20,,287535,5,,,1,59,,287536,5,,,1,19,,287537,5,,,1
24014000,'140X-Weekday-4-26-09-1111100',1509,,245053,5,,,1,20,,245054,5,,,1,21,,245055,5,,,1,60,,245056,5,,,1,20,,245057,5,,,1,20,,245058,5,,,1,59,,245059,5,,,1,19,,245060,5,,,1
24014000,'140X-Weekday-5-26-09-1111100',1509,,287538,5,,,1,20,,287539,5,,,1,21,,287540,5,,,1,60,,287541,5,,,1,20,,287542,5,,,1,20,,287543,5,,,1,59,,287544,5,,,1,19,,287545,5,,,1
24014000,'140X-Weekday-6-26-09-1111100',1509,,287546,5,,,1,20,,287547,5,,,1,21,,287548,5,,,1,60,,287549,5,,,1,20,,287550,5,,,1,20,,287551,5,,,1,59,,287552,5,,,1,19,,287553,5,,,1
24014000,'140X-Weekday-7-26-09-1111100',1509,,287554,5,,,1,20,,287555,5,,,1,21,,287556,5,,,1,60,,287557,5,,,1,20,,287558,5,,,1,20,,287559,5,,,1,59,,287560,5,,,1,19,,287561,5,,,1
