11700,'117-Weekday-1-26-09-1111100',554,,218936,35,4,,1,70,,218937,35,4,,1,33,,218965,35,4,,1,60,,218966,35,4,,1,20,,218969,35,4,,1,20,,218967,35,4,,1,60,,218968,35,4,,1,20,,218970,35,4,,1,20,,218938,35,4,,1,69,,218939,35,4,,1,30,,218940,35,4,,1,70,,218941,35,4,,1,30,,218942,35,4,,1,70,,218943,35,4,,1,30,,218944,35,4,,1,70,,218945,35,4,,1,30,,218946,35,4,,1,70,,218947,35,4,,1,30,,218948,35,4,,1,70,,218949,35,4,,1,30,,218950,35,4,,1,72,,218951,35,4,,1,20,,218952,35,4,,1,60,,218971,35,4,,1,20,,218953,35,4,,1,20,,218954,35,4,,1,60,,218972,35,4,,1,20,,218955,35,4,,1,30,,218956,35,4,,1,70,,218957,35,4,,1,27,,218958,35,4,,1,70,,218959,35,4,,1,30,,218960,35,4,,1,70,,218961,35,4,,1,30,,218962,35,4,,1,70,,218963,35,4,,1,30,,218964,35,4,,1
11700,'117-Weekday-2-26-09-1111100',554,,218973,35,4,,1,70,,218974,35,4,,1,33,,219002,35,4,,1,60,,219003,35,4,,1,20,,219006,35,4,,1,20,,219004,35,4,,1,60,,219005,35,4,,1,20,,219007,35,4,,1,20,,218975,35,4,,1,69,,218976,35,4,,1,30,,218977,35,4,,1,70,,218978,35,4,,1,30,,218979,35,4,,1,70,,218980,35,4,,1,30,,218981,35,4,,1,70,,218982,35,4,,1,30,,218983,35,4,,1,70,,218984,35,4,,1,30,,218985,35,4,,1,70,,218986,35,4,,1,30,,218987,35,4,,1,72,,218988,35,4,,1,20,,218989,35,4,,1,60,,219008,35,4,,1,20,,218990,35,4,,1,20,,218991,35,4,,1,60,,219009,35,4,,1,20,,218992,35,4,,1,30,,218993,35,4,,1,70,,218994,35,4,,1,27,,218995,35,4,,1,70,,218996,35,4,,1,30,,218997,35,4,,1,70,,218998,35,4,,1,30,,218999,35,4,,1,70,,219000,35,4,,1,30,,219001,35,4,,1
11700,'117-Weekday-3-26-09-1111100',554,,262358,35,4,,1,70,,262359,35,4,,1,33,,262387,35,4,,1,60,,262388,35,4,,1,20,,262391,35,4,,1,20,,262389,35,4,,1,60,,262390,35,4,,1,20,,262392,35,4,,1,20,,262360,35,4,,1,69,,262361,35,4,,1,30,,262362,35,4,,1,70,,262363,35,4,,1,30,,262364,35,4,,1,70,,262365,35,4,,1,30,,262366,35,4,,1,70,,262367,35,4,,1,30,,262368,35,4,,1,70,,262369,35,4,,1,30,,262370,35,4,,1,70,,262371,35,4,,1,30,,262372,35,4,,1,72,,262373,35,4,,1,20,,262374,35,4,,1,60,,262393,35,4,,1,20,,262375,35,4,,1,20,,262376,35,4,,1,60,,262394,35,4,,1,20,,262377,35,4,,1,30,,262378,35,4,,1,70,,262379,35,4,,1,27,,262380,35,4,,1,70,,262381,35,4,,1,30,,262382,35,4,,1,70,,262383,35,4,,1,30,,262384,35,4,,1,70,,262385,35,4,,1,30,,262386,35,4,,1
11700,'117-Weekday-4-26-09-1111100',554,,219010,35,4,,1,70,,219011,35,4,,1,33,,219039,35,4,,1,60,,219040,35,4,,1,20,,219043,35,4,,1,20,,219041,35,4,,1,60,,219042,35,4,,1,20,,219044,35,4,,1,20,,219012,35,4,,1,69,,219013,35,4,,1,30,,219014,35,4,,1,70,,219015,35,4,,1,30,,219016,35,4,,1,70,,219017,35,4,,1,30,,219018,35,4,,1,70,,219019,35,4,,1,30,,219020,35,4,,1,70,,219021,35,4,,1,30,,219022,35,4,,1,70,,219023,35,4,,1,30,,219024,35,4,,1,72,,219025,35,4,,1,20,,219026,35,4,,1,60,,219045,35,4,,1,20,,219027,35,4,,1,20,,219028,35,4,,1,60,,219046,35,4,,1,20,,219029,35,4,,1,30,,219030,35,4,,1,70,,219031,35,4,,1,27,,219032,35,4,,1,70,,219033,35,4,,1,30,,219034,35,4,,1,70,,219035,35,4,,1,30,,219036,35,4,,1,70,,219037,35,4,,1,30,,219038,35,4,,1
11700,'117-Weekday-5-26-09-1111100',554,,262395,35,4,,1,70,,262396,35,4,,1,33,,262424,35,4,,1,60,,262425,35,4,,1,20,,262428,35,4,,1,20,,262426,35,4,,1,60,,262427,35,4,,1,20,,262429,35,4,,1,20,,262397,35,4,,1,69,,262398,35,4,,1,30,,262399,35,4,,1,70,,262400,35,4,,1,30,,262401,35,4,,1,70,,262402,35,4,,1,30,,262403,35,4,,1,70,,262404,35,4,,1,30,,262405,35,4,,1,70,,262406,35,4,,1,30,,262407,35,4,,1,70,,262408,35,4,,1,30,,262409,35,4,,1,72,,262410,35,4,,1,20,,262411,35,4,,1,60,,262430,35,4,,1,20,,262412,35,4,,1,20,,262413,35,4,,1,60,,262431,35,4,,1,20,,262414,35,4,,1,30,,262415,35,4,,1,70,,262416,35,4,,1,27,,262417,35,4,,1,70,,262418,35,4,,1,30,,262419,35,4,,1,70,,262420,35,4,,1,30,,262421,35,4,,1,70,,262422,35,4,,1,30,,262423,35,4,,1
11700,'117-Weekday-6-26-09-1111100',554,,262432,35,4,,1,70,,262433,35,4,,1,33,,262461,35,4,,1,60,,262462,35,4,,1,20,,262465,35,4,,1,20,,262463,35,4,,1,60,,262464,35,4,,1,20,,262466,35,4,,1,20,,262434,35,4,,1,69,,262435,35,4,,1,30,,262436,35,4,,1,70,,262437,35,4,,1,30,,262438,35,4,,1,70,,262439,35,4,,1,30,,262440,35,4,,1,70,,262441,35,4,,1,30,,262442,35,4,,1,70,,262443,35,4,,1,30,,262444,35,4,,1,70,,262445,35,4,,1,30,,262446,35,4,,1,72,,262447,35,4,,1,20,,262448,35,4,,1,60,,262467,35,4,,1,20,,262449,35,4,,1,20,,262450,35,4,,1,60,,262468,35,4,,1,20,,262451,35,4,,1,30,,262452,35,4,,1,70,,262453,35,4,,1,27,,262454,35,4,,1,70,,262455,35,4,,1,30,,262456,35,4,,1,70,,262457,35,4,,1,30,,262458,35,4,,1,70,,262459,35,4,,1,30,,262460,35,4,,1
11700,'117-Weekday-7-26-09-1111100',554,,262469,35,4,,1,70,,262470,35,4,,1,33,,262498,35,4,,1,60,,262499,35,4,,1,20,,262502,35,4,,1,20,,262500,35,4,,1,60,,262501,35,4,,1,20,,262503,35,4,,1,20,,262471,35,4,,1,69,,262472,35,4,,1,30,,262473,35,4,,1,70,,262474,35,4,,1,30,,262475,35,4,,1,70,,262476,35,4,,1,30,,262477,35,4,,1,70,,262478,35,4,,1,30,,262479,35,4,,1,70,,262480,35,4,,1,30,,262481,35,4,,1,70,,262482,35,4,,1,30,,262483,35,4,,1,72,,262484,35,4,,1,20,,262485,35,4,,1,60,,262504,35,4,,1,20,,262486,35,4,,1,20,,262487,35,4,,1,60,,262505,35,4,,1,20,,262488,35,4,,1,30,,262489,35,4,,1,70,,262490,35,4,,1,27,,262491,35,4,,1,70,,262492,35,4,,1,30,,262493,35,4,,1,70,,262494,35,4,,1,30,,262495,35,4,,1,70,,262496,35,4,,1,30,,262497,35,4,,1
11700,'117-Saturday-1-26-09-0000010',610,,219047,35,4,,1,100,,219052,35,4,,1,100,,219051,35,4,,1,45,,219048,35,4,,1,72,,219050,35,4,,1,30,,219049,35,4,,1,70,,219053,35,4,,1,30,,219054,35,4,,1,70,,219055,35,4,,1,30,,219056,35,4,,1,70,,219057,35,4,,1,30,,219058,35,4,,1,70,,219059,35,4,,1,30,,219060,35,4,,1,70,,219061,35,4,,1,30,,219062,35,4,,1,70,,219063,35,4,,1,30,,219064,35,4,,1,70,,219065,35,4,,1,30,,219066,35,4,,1,68,,219067,35,4,,1,30,,219068,35,4,,1,70,,219069,35,4,,1,30,,219070,35,4,,1,70,,219071,35,4,,1,30,,219072,35,4,,1,70,,219073,35,4,,1,30,,219074,35,4,,1,70,,219075,35,4,,1,30,,219076,35,4,,1,70,,219077,35,4,,1
11700,'117-Sunday-1-26-09-0000001',634,,219078,35,4,,1,100,,219079,35,4,,1,100,,219080,35,4,,1,102,,219081,35,4,,1,100,,219082,35,4,,1,70,,219083,35,4,,1,30,,219084,35,4,,1,70,,219085,35,4,,1,30,,219086,35,4,,1,70,,219087,35,4,,1,30,,219088,35,4,,1,70,,219089,35,4,,1,30,,219090,35,4,,1,70,,219091,35,4,,1,30,,219092,35,4,,1,70,,219093,35,4,,1,30,,219094,35,4,,1,69,,219095,35,4,,1,29,,219096,35,4,,1,70,,219097,35,4,,1,30,,219098,35,4,,1,70,,219099,35,4,,1,100,,219100,35,4,,1,100,,219101,35,4,,1
11701,'117-Weekday-1-26-09-1111100',531,,219132,1,,,1,70,,219137,1,,,1,30,,219136,1,,,1,20,,219126,1,,,1,60,,219102,1,,,1,20,,219103,1,,,1,20,,219104,1,,,1,60,,219133,1,,,1,20,,219138,1,,,1,70,,219105,1,,,1,30,,219106,1,,,1,70,,219107,1,,,1,30,,219108,1,,,1,70,,219109,1,,,1,30,,219110,1,,,1,70,,219111,1,,,1,30,,219112,1,,,1,70,,219113,1,,,1,30,,219114,1,,,1,70,,219115,1,,,1,30,,219127,1,,,1,70,,219130,1,,,1,20,,219116,1,,,1,20,,219117,1,,,1,60,,219134,1,,,1,20,,219118,1,,,1,20,,219135,1,,,1,60,,219128,1,,,1,30,,219129,1,,,1,70,,219119,1,,,1,30,,219120,1,,,1,70,,219121,1,,,1,30,,219122,1,,,1,70,,219123,1,,,1,30,,219124,1,,,1,70,,219125,1,,,1,30,,219131,1,,,1
11701,'117-Weekday-2-26-09-1111100',531,,219169,1,,,1,70,,219174,1,,,1,30,,219173,1,,,1,20,,219163,1,,,1,60,,219139,1,,,1,20,,219140,1,,,1,20,,219141,1,,,1,60,,219170,1,,,1,20,,219175,1,,,1,70,,219142,1,,,1,30,,219143,1,,,1,70,,219144,1,,,1,30,,219145,1,,,1,70,,219146,1,,,1,30,,219147,1,,,1,70,,219148,1,,,1,30,,219149,1,,,1,70,,219150,1,,,1,30,,219151,1,,,1,70,,219152,1,,,1,30,,219164,1,,,1,70,,219167,1,,,1,20,,219153,1,,,1,20,,219154,1,,,1,60,,219171,1,,,1,20,,219155,1,,,1,20,,219172,1,,,1,60,,219165,1,,,1,30,,219166,1,,,1,70,,219156,1,,,1,30,,219157,1,,,1,70,,219158,1,,,1,30,,219159,1,,,1,70,,219160,1,,,1,30,,219161,1,,,1,70,,219162,1,,,1,30,,219168,1,,,1
11701,'117-Weekday-3-26-09-1111100',531,,262536,1,,,1,70,,262541,1,,,1,30,,262540,1,,,1,20,,262530,1,,,1,60,,262506,1,,,1,20,,262507,1,,,1,20,,262508,1,,,1,60,,262537,1,,,1,20,,262542,1,,,1,70,,262509,1,,,1,30,,262510,1,,,1,70,,262511,1,,,1,30,,262512,1,,,1,70,,262513,1,,,1,30,,262514,1,,,1,70,,262515,1,,,1,30,,262516,1,,,1,70,,262517,1,,,1,30,,262518,1,,,1,70,,262519,1,,,1,30,,262531,1,,,1,70,,262534,1,,,1,20,,262520,1,,,1,20,,262521,1,,,1,60,,262538,1,,,1,20,,262522,1,,,1,20,,262539,1,,,1,60,,262532,1,,,1,30,,262533,1,,,1,70,,262523,1,,,1,30,,262524,1,,,1,70,,262525,1,,,1,30,,262526,1,,,1,70,,262527,1,,,1,30,,262528,1,,,1,70,,262529,1,,,1,30,,262535,1,,,1
11701,'117-Weekday-4-26-09-1111100',531,,219206,1,,,1,70,,219211,1,,,1,30,,219210,1,,,1,20,,219200,1,,,1,60,,219176,1,,,1,20,,219177,1,,,1,20,,219178,1,,,1,60,,219207,1,,,1,20,,219212,1,,,1,70,,219179,1,,,1,30,,219180,1,,,1,70,,219181,1,,,1,30,,219182,1,,,1,70,,219183,1,,,1,30,,219184,1,,,1,70,,219185,1,,,1,30,,219186,1,,,1,70,,219187,1,,,1,30,,219188,1,,,1,70,,219189,1,,,1,30,,219201,1,,,1,70,,219204,1,,,1,20,,219190,1,,,1,20,,219191,1,,,1,60,,219208,1,,,1,20,,219192,1,,,1,20,,219209,1,,,1,60,,219202,1,,,1,30,,219203,1,,,1,70,,219193,1,,,1,30,,219194,1,,,1,70,,219195,1,,,1,30,,219196,1,,,1,70,,219197,1,,,1,30,,219198,1,,,1,70,,219199,1,,,1,30,,219205,1,,,1
11701,'117-Weekday-5-26-09-1111100',531,,262573,1,,,1,70,,262578,1,,,1,30,,262577,1,,,1,20,,262567,1,,,1,60,,262543,1,,,1,20,,262544,1,,,1,20,,262545,1,,,1,60,,262574,1,,,1,20,,262579,1,,,1,70,,262546,1,,,1,30,,262547,1,,,1,70,,262548,1,,,1,30,,262549,1,,,1,70,,262550,1,,,1,30,,262551,1,,,1,70,,262552,1,,,1,30,,262553,1,,,1,70,,262554,1,,,1,30,,262555,1,,,1,70,,262556,1,,,1,30,,262568,1,,,1,70,,262571,1,,,1,20,,262557,1,,,1,20,,262558,1,,,1,60,,262575,1,,,1,20,,262559,1,,,1,20,,262576,1,,,1,60,,262569,1,,,1,30,,262570,1,,,1,70,,262560,1,,,1,30,,262561,1,,,1,70,,262562,1,,,1,30,,262563,1,,,1,70,,262564,1,,,1,30,,262565,1,,,1,70,,262566,1,,,1,30,,262572,1,,,1
11701,'117-Weekday-6-26-09-1111100',531,,262610,1,,,1,70,,262615,1,,,1,30,,262614,1,,,1,20,,262604,1,,,1,60,,262580,1,,,1,20,,262581,1,,,1,20,,262582,1,,,1,60,,262611,1,,,1,20,,262616,1,,,1,70,,262583,1,,,1,30,,262584,1,,,1,70,,262585,1,,,1,30,,262586,1,,,1,70,,262587,1,,,1,30,,262588,1,,,1,70,,262589,1,,,1,30,,262590,1,,,1,70,,262591,1,,,1,30,,262592,1,,,1,70,,262593,1,,,1,30,,262605,1,,,1,70,,262608,1,,,1,20,,262594,1,,,1,20,,262595,1,,,1,60,,262612,1,,,1,20,,262596,1,,,1,20,,262613,1,,,1,60,,262606,1,,,1,30,,262607,1,,,1,70,,262597,1,,,1,30,,262598,1,,,1,70,,262599,1,,,1,30,,262600,1,,,1,70,,262601,1,,,1,30,,262602,1,,,1,70,,262603,1,,,1,30,,262609,1,,,1
11701,'117-Weekday-7-26-09-1111100',531,,262647,1,,,1,70,,262652,1,,,1,30,,262651,1,,,1,20,,262641,1,,,1,60,,262617,1,,,1,20,,262618,1,,,1,20,,262619,1,,,1,60,,262648,1,,,1,20,,262653,1,,,1,70,,262620,1,,,1,30,,262621,1,,,1,70,,262622,1,,,1,30,,262623,1,,,1,70,,262624,1,,,1,30,,262625,1,,,1,70,,262626,1,,,1,30,,262627,1,,,1,70,,262628,1,,,1,30,,262629,1,,,1,70,,262630,1,,,1,30,,262642,1,,,1,70,,262645,1,,,1,20,,262631,1,,,1,20,,262632,1,,,1,60,,262649,1,,,1,20,,262633,1,,,1,20,,262650,1,,,1,60,,262643,1,,,1,30,,262644,1,,,1,70,,262634,1,,,1,30,,262635,1,,,1,70,,262636,1,,,1,30,,262637,1,,,1,70,,262638,1,,,1,30,,262639,1,,,1,70,,262640,1,,,1,30,,262646,1,,,1
11701,'117-Saturday-1-26-09-0000010',618,,219213,1,,,1,100,,219214,1,,,1,100,,219215,1,,,1,38,,219216,1,,,1,69,,219217,1,,,1,30,,219218,1,,,1,70,,219219,1,,,1,30,,219220,1,,,1,70,,219221,1,,,1,30,,219222,1,,,1,70,,219223,1,,,1,30,,219224,1,,,1,70,,219225,1,,,1,30,,219226,1,,,1,70,,219227,1,,,1,30,,219228,1,,,1,70,,219229,1,,,1,30,,219230,1,,,1,70,,219231,1,,,1,30,,219232,1,,,1,71,,219233,1,,,1,30,,219234,1,,,1,70,,219235,1,,,1,30,,219236,1,,,1,70,,219237,1,,,1,30,,219238,1,,,1,70,,219239,1,,,1,30,,219240,1,,,1,70,,219241,1,,,1,30,,219242,1,,,1
11701,'117-Sunday-1-26-09-0000001',632,,219243,1,,,1,100,,219244,1,,,1,100,,219245,1,,,1,100,,219246,1,,,1,70,,219247,1,,,1,30,,219248,1,,,1,70,,219249,1,,,1,30,,219250,1,,,1,70,,219251,1,,,1,30,,219252,1,,,1,70,,219253,1,,,1,30,,219254,1,,,1,70,,219255,1,,,1,30,,219256,1,,,1,70,,219257,1,,,1,30,,219258,1,,,1,70,,219259,1,,,1,30,,219260,1,,,1,70,,219261,1,,,1,28,,219262,1,,,1,70,,219263,1,,,1,30,,219264,1,,,1,70,,219265,1,,,1,100,,219266,1,,,1,100,,219267,1,,,1
