50601,'506-Weekday-1-26-09-1111100',542,,222159,31,,,1,69,,222120,31,,,1,31,,222121,31,,,1,73,,222122,31,,,1,16,,222123,31,,,1,15,,222160,31,,,1,55,,222124,31,,,1,15,,222125,31,,,1,15,,222126,31,,,1,15,,222162,31,,,1,55,,222163,31,,,1,15,,222127,31,,,1,29,,222128,31,,,1,70,,222129,31,,,1,30,,222130,31,,,1,70,,222131,31,,,1,30,,222132,31,,,1,70,,222133,31,,,1,30,,222134,31,,,1,70,,222135,31,,,1,30,,222136,31,,,1,70,,222137,31,,,1,30,,222138,31,,,1,72,,222139,31,,,1,35,,222140,31,,,1,70,,222141,31,,,1,15,,222142,31,,,1,15,,222161,31,,,1,55,,222143,31,,,1,15,,222144,31,,,1,15,,222145,31,,,1,15,,222164,31,,,1,55,,222165,31,,,1,15,,222146,31,,,1,27,,222147,31,,,1,65,,222148,31,,,1,29,,222149,31,,,1,70,,222150,31,,,1,30,,222151,31,,,1,70,,222152,31,,,1,30,,222153,31,,,1,69,,222154,31,,,1,28,,222155,31,,,1,69,,222156,31,,,1,100,,222157,31,,,1
50601,'506-Weekday-2-26-09-1111100',542,,222207,31,,,1,69,,222168,31,,,1,31,,222169,31,,,1,73,,222170,31,,,1,16,,222171,31,,,1,15,,222208,31,,,1,55,,222172,31,,,1,15,,222173,31,,,1,15,,222174,31,,,1,15,,222210,31,,,1,55,,222211,31,,,1,15,,222175,31,,,1,29,,222176,31,,,1,70,,222177,31,,,1,30,,222178,31,,,1,70,,222179,31,,,1,30,,222180,31,,,1,70,,222181,31,,,1,30,,222182,31,,,1,70,,222183,31,,,1,30,,222184,31,,,1,70,,222185,31,,,1,30,,222186,31,,,1,72,,222187,31,,,1,35,,222188,31,,,1,70,,222189,31,,,1,15,,222190,31,,,1,15,,222209,31,,,1,55,,222191,31,,,1,15,,222192,31,,,1,15,,222193,31,,,1,15,,222212,31,,,1,55,,222213,31,,,1,15,,222194,31,,,1,27,,222195,31,,,1,65,,222196,31,,,1,29,,222197,31,,,1,70,,222198,31,,,1,30,,222199,31,,,1,70,,222200,31,,,1,30,,222201,31,,,1,69,,222202,31,,,1,28,,222203,31,,,1,69,,222204,31,,,1,100,,222205,31,,,1
50601,'506-Weekday-3-26-09-1111100',542,,265483,31,,,1,69,,265444,31,,,1,31,,265445,31,,,1,73,,265446,31,,,1,16,,265447,31,,,1,15,,265484,31,,,1,55,,265448,31,,,1,15,,265449,31,,,1,15,,265450,31,,,1,15,,265486,31,,,1,55,,265487,31,,,1,15,,265451,31,,,1,29,,265452,31,,,1,70,,265453,31,,,1,30,,265454,31,,,1,70,,265455,31,,,1,30,,265456,31,,,1,70,,265457,31,,,1,30,,265458,31,,,1,70,,265459,31,,,1,30,,265460,31,,,1,70,,265461,31,,,1,30,,265462,31,,,1,72,,265463,31,,,1,35,,265464,31,,,1,70,,265465,31,,,1,15,,265466,31,,,1,15,,265485,31,,,1,55,,265467,31,,,1,15,,265468,31,,,1,15,,265469,31,,,1,15,,265488,31,,,1,55,,265489,31,,,1,15,,265470,31,,,1,27,,265471,31,,,1,65,,265472,31,,,1,29,,265473,31,,,1,70,,265474,31,,,1,30,,265475,31,,,1,70,,265476,31,,,1,30,,265477,31,,,1,69,,265478,31,,,1,28,,265479,31,,,1,69,,265480,31,,,1,100,,265481,31,,,1
50601,'506-Weekday-4-26-09-1111100',542,,222255,31,,,1,69,,222216,31,,,1,31,,222217,31,,,1,73,,222218,31,,,1,16,,222219,31,,,1,15,,222256,31,,,1,55,,222220,31,,,1,15,,222221,31,,,1,15,,222222,31,,,1,15,,222258,31,,,1,55,,222259,31,,,1,15,,222223,31,,,1,29,,222224,31,,,1,70,,222225,31,,,1,30,,222226,31,,,1,70,,222227,31,,,1,30,,222228,31,,,1,70,,222229,31,,,1,30,,222230,31,,,1,70,,222231,31,,,1,30,,222232,31,,,1,70,,222233,31,,,1,30,,222234,31,,,1,72,,222235,31,,,1,35,,222236,31,,,1,70,,222237,31,,,1,15,,222238,31,,,1,15,,222257,31,,,1,55,,222239,31,,,1,15,,222240,31,,,1,15,,222241,31,,,1,15,,222260,31,,,1,55,,222261,31,,,1,15,,222242,31,,,1,27,,222243,31,,,1,65,,222244,31,,,1,29,,222245,31,,,1,70,,222246,31,,,1,30,,222247,31,,,1,70,,222248,31,,,1,30,,222249,31,,,1,69,,222250,31,,,1,28,,222251,31,,,1,69,,222252,31,,,1,100,,222253,31,,,1
50601,'506-Weekday-5-26-09-1111100',542,,265529,31,,,1,69,,265490,31,,,1,31,,265491,31,,,1,73,,265492,31,,,1,16,,265493,31,,,1,15,,265530,31,,,1,55,,265494,31,,,1,15,,265495,31,,,1,15,,265496,31,,,1,15,,265532,31,,,1,55,,265533,31,,,1,15,,265497,31,,,1,29,,265498,31,,,1,70,,265499,31,,,1,30,,265500,31,,,1,70,,265501,31,,,1,30,,265502,31,,,1,70,,265503,31,,,1,30,,265504,31,,,1,70,,265505,31,,,1,30,,265506,31,,,1,70,,265507,31,,,1,30,,265508,31,,,1,72,,265509,31,,,1,35,,265510,31,,,1,70,,265511,31,,,1,15,,265512,31,,,1,15,,265531,31,,,1,55,,265513,31,,,1,15,,265514,31,,,1,15,,265515,31,,,1,15,,265534,31,,,1,55,,265535,31,,,1,15,,265516,31,,,1,27,,265517,31,,,1,65,,265518,31,,,1,29,,265519,31,,,1,70,,265520,31,,,1,30,,265521,31,,,1,70,,265522,31,,,1,30,,265523,31,,,1,69,,265524,31,,,1,28,,265525,31,,,1,69,,265526,31,,,1,100,,265527,31,,,1
50601,'506-Weekday-6-26-09-1111100',542,,265575,31,,,1,69,,265536,31,,,1,31,,265537,31,,,1,73,,265538,31,,,1,16,,265539,31,,,1,15,,265576,31,,,1,55,,265540,31,,,1,15,,265541,31,,,1,15,,265542,31,,,1,15,,265578,31,,,1,55,,265579,31,,,1,15,,265543,31,,,1,29,,265544,31,,,1,70,,265545,31,,,1,30,,265546,31,,,1,70,,265547,31,,,1,30,,265548,31,,,1,70,,265549,31,,,1,30,,265550,31,,,1,70,,265551,31,,,1,30,,265552,31,,,1,70,,265553,31,,,1,30,,265554,31,,,1,72,,265555,31,,,1,35,,265556,31,,,1,70,,265557,31,,,1,15,,265558,31,,,1,15,,265577,31,,,1,55,,265559,31,,,1,15,,265560,31,,,1,15,,265561,31,,,1,15,,265580,31,,,1,55,,265581,31,,,1,15,,265562,31,,,1,27,,265563,31,,,1,65,,265564,31,,,1,29,,265565,31,,,1,70,,265566,31,,,1,30,,265567,31,,,1,70,,265568,31,,,1,30,,265569,31,,,1,69,,265570,31,,,1,28,,265571,31,,,1,69,,265572,31,,,1,100,,265573,31,,,1
50601,'506-Weekday-7-26-09-1111100',542,,265623,31,,,1,69,,265584,31,,,1,31,,265585,31,,,1,73,,265586,31,,,1,16,,265587,31,,,1,15,,265624,31,,,1,55,,265588,31,,,1,15,,265589,31,,,1,15,,265590,31,,,1,15,,265626,31,,,1,55,,265627,31,,,1,15,,265591,31,,,1,29,,265592,31,,,1,70,,265593,31,,,1,30,,265594,31,,,1,70,,265595,31,,,1,30,,265596,31,,,1,70,,265597,31,,,1,30,,265598,31,,,1,70,,265599,31,,,1,30,,265600,31,,,1,70,,265601,31,,,1,30,,265602,31,,,1,72,,265603,31,,,1,35,,265604,31,,,1,70,,265605,31,,,1,15,,265606,31,,,1,15,,265625,31,,,1,55,,265607,31,,,1,15,,265608,31,,,1,15,,265609,31,,,1,15,,265628,31,,,1,55,,265629,31,,,1,15,,265610,31,,,1,27,,265611,31,,,1,65,,265612,31,,,1,29,,265613,31,,,1,70,,265614,31,,,1,30,,265615,31,,,1,70,,265616,31,,,1,30,,265617,31,,,1,69,,265618,31,,,1,28,,265619,31,,,1,69,,265620,31,,,1,100,,265621,31,,,1
50601,'506-Saturday-1-26-09-0000010',558,,222262,31,,,1,100,,222263,31,,,1,100,,222264,31,,,1,70,,222265,31,,,1,28,,222266,31,,,1,70,,222267,31,,,1,33,,222268,31,,,1,70,,222269,31,,,1,30,,222270,31,,,1,70,,222271,31,,,1,30,,222272,31,,,1,70,,222273,31,,,1,30,,222274,31,,,1,70,,222275,31,,,1,30,,222276,31,,,1,70,,222277,31,,,1,30,,222278,31,,,1,70,,222279,31,,,1,30,,222280,31,,,1,70,,222281,31,,,1,30,,222282,31,,,1,70,,222283,31,,,1,29,,222284,31,,,1,70,,222285,31,,,1,30,,222286,31,,,1,70,,222287,31,,,1,30,,222288,31,,,1,85,,222289,31,,,1,100,,222290,31,,,1,100,,222291,31,,,1,100,,222292,31,,,1
50601,'506-Sunday-1-26-09-0000001',601,,222294,31,,,1,58,,222295,31,,,1,100,,222296,31,,,1,100,,222297,31,,,1,100,,222298,31,,,1,70,,222299,31,,,1,30,,222300,31,,,1,70,,222301,31,,,1,30,,222302,31,,,1,70,,222303,31,,,1,30,,222304,31,,,1,70,,222305,31,,,1,30,,222306,31,,,1,70,,222307,31,,,1,30,,222308,31,,,1,70,,222309,31,,,1,30,,222310,31,,,1,70,,222311,31,,,1,30,,222312,31,,,1,70,,222313,31,,,1,71,,222314,31,,,1,30,,222315,31,,,1,70,,222316,31,,,1,45,,222317,31,,,1,100,,222318,31,,,1,100,,222319,31,,,1,100,,222320,31,,,1,100,,222321,31,,,1
63100,'631-Weekday-1-26-09-1111100',754,,227574,32,,,1
63100,'631-Weekday-3-26-09-1111100',754,,227575,32,,,1
63100,'631-Weekday-4-26-09-1111100',754,,270401,32,,,1
63100,'631-Weekday-7-26-09-1111100',754,,270402,32,,,1
63400,'634-Weekday-1-26-09-0000100',941,,227590,31,,,1
63400,'634-Weekday-1-26-09-1111000',814,,227591,31,,,1,2,,227592,31,,,1
63400,'634-Weekday-3-26-09-1111000',814,,227593,31,,,1,2,,227594,31,,,1
63400,'634-Weekday-7-26-09-1111000',814,,270428,31,,,1,2,,270429,31,,,1
