600,'006-Weekday-1-26-09-1111100',508,,207270,12,,,1,20,,207271,12,,,1,20,,207272,12,,,1,60,,207273,12,,,1,20,,207274,12,,,1,23,,207275,12,,,1,64,,207276,12,,,1,15,,207277,12,,,1,15,,207278,12,,,1,55,,207279,12,,,1,15,,207280,12,,,1,15,,207281,12,,,1,16,,207282,12,,,1,55,,207283,12,,,1,13,,207284,12,,,1,15,,207285,12,,,1,15,,207286,12,,,1,15,,207287,12,,,1,55,,207288,12,,,1,15,,207289,12,,,1,15,,207290,12,,,1,15,,207291,12,,,1,55,,207292,12,,,1,15,,207293,12,,,1,15,,207294,12,,,1,15,,207295,12,,,1,55,,207296,12,,,1,15,,207297,12,,,1,15,,207298,12,,,1,15,,207299,12,,,1,55,,207300,12,,,1,15,,207301,12,,,1,15,,207302,12,,,1,15,,207303,12,,,1,55,,207304,12,,,1,15,,207305,12,,,1,15,,207306,12,,,1,15,,207307,12,,,1,57,,207321,12,,,1,15,,207308,12,,,1,15,,207309,12,,,1,55,,207310,12,,,1,15,,207311,12,,,1,15,,207312,12,,,1,15,,207327,12,,,1,55,,207326,12,,,1,15,,207325,12,,,1,15,,207324,12,,,1,15,,207323,12,,,1,55,,207322,12,,,1,14,,207313,12,,,1,16,,207314,12,,,1,12,,207328,12,,,1,15,,207329,12,,,1,55,,207330,12,,,1,15,,207331,12,,,1,15,,207332,12,,,1,15,,207333,12,,,1,55,,207334,12,,,1,15,,207335,12,,,1,15,,207336,12,,,1,15,,207337,12,,,1,55,,207338,12,,,1,15,,207339,12,,,1,15,,207340,12,,,1,15,,207341,12,,,1,55,,207342,12,,,1,15,,207343,12,,,1,17,,207315,12,,,1,60,,207316,12,,,1,20,,207317,12,,,1,20,,207318,12,,,1,60,,207319,12,,,1,20,,207320,12,,,1
600,'006-Weekday-2-26-09-1111100',508,,207344,12,,,1,20,,207345,12,,,1,20,,207346,12,,,1,60,,207347,12,,,1,20,,207348,12,,,1,23,,207349,12,,,1,64,,207350,12,,,1,15,,207351,12,,,1,15,,207352,12,,,1,55,,207353,12,,,1,15,,207354,12,,,1,15,,207355,12,,,1,16,,207356,12,,,1,55,,207357,12,,,1,13,,207358,12,,,1,15,,207359,12,,,1,15,,207360,12,,,1,15,,207361,12,,,1,55,,207362,12,,,1,15,,207363,12,,,1,15,,207364,12,,,1,15,,207365,12,,,1,55,,207366,12,,,1,15,,207367,12,,,1,15,,207368,12,,,1,15,,207369,12,,,1,55,,207370,12,,,1,15,,207371,12,,,1,15,,207372,12,,,1,15,,207373,12,,,1,55,,207374,12,,,1,15,,207375,12,,,1,15,,207376,12,,,1,15,,207377,12,,,1,55,,207378,12,,,1,15,,207379,12,,,1,15,,207380,12,,,1,15,,207381,12,,,1,57,,207395,12,,,1,15,,207382,12,,,1,15,,207383,12,,,1,55,,207384,12,,,1,15,,207385,12,,,1,15,,207386,12,,,1,15,,207401,12,,,1,55,,207400,12,,,1,15,,207399,12,,,1,15,,207398,12,,,1,15,,207397,12,,,1,55,,207396,12,,,1,14,,207387,12,,,1,16,,207388,12,,,1,12,,207402,12,,,1,15,,207403,12,,,1,55,,207404,12,,,1,15,,207405,12,,,1,15,,207406,12,,,1,15,,207407,12,,,1,55,,207408,12,,,1,15,,207409,12,,,1,15,,207410,12,,,1,15,,207411,12,,,1,55,,207412,12,,,1,15,,207413,12,,,1,15,,207414,12,,,1,15,,207415,12,,,1,55,,207416,12,,,1,15,,207417,12,,,1,17,,207389,12,,,1,60,,207390,12,,,1,20,,207391,12,,,1,20,,207392,12,,,1,60,,207393,12,,,1,20,,207394,12,,,1
600,'006-Weekday-3-26-09-1111100',508,,250847,12,,,1,20,,250848,12,,,1,20,,250849,12,,,1,60,,250850,12,,,1,20,,250851,12,,,1,23,,250852,12,,,1,64,,250853,12,,,1,15,,250854,12,,,1,15,,250855,12,,,1,55,,250856,12,,,1,15,,250857,12,,,1,15,,250858,12,,,1,16,,250859,12,,,1,55,,250860,12,,,1,13,,250861,12,,,1,15,,250862,12,,,1,15,,250863,12,,,1,15,,250864,12,,,1,55,,250865,12,,,1,15,,250866,12,,,1,15,,250867,12,,,1,15,,250868,12,,,1,55,,250869,12,,,1,15,,250870,12,,,1,15,,250871,12,,,1,15,,250872,12,,,1,55,,250873,12,,,1,15,,250874,12,,,1,15,,250875,12,,,1,15,,250876,12,,,1,55,,250877,12,,,1,15,,250878,12,,,1,15,,250879,12,,,1,15,,250880,12,,,1,55,,250881,12,,,1,15,,250882,12,,,1,15,,250883,12,,,1,15,,250884,12,,,1,57,,250898,12,,,1,15,,250885,12,,,1,15,,250886,12,,,1,55,,250887,12,,,1,15,,250888,12,,,1,15,,250889,12,,,1,15,,250904,12,,,1,55,,250903,12,,,1,15,,250902,12,,,1,15,,250901,12,,,1,15,,250900,12,,,1,55,,250899,12,,,1,14,,250890,12,,,1,16,,250891,12,,,1,12,,250905,12,,,1,15,,250906,12,,,1,55,,250907,12,,,1,15,,250908,12,,,1,15,,250909,12,,,1,15,,250910,12,,,1,55,,250911,12,,,1,15,,250912,12,,,1,15,,250913,12,,,1,15,,250914,12,,,1,55,,250915,12,,,1,15,,250916,12,,,1,15,,250917,12,,,1,15,,250918,12,,,1,55,,250919,12,,,1,15,,250920,12,,,1,17,,250892,12,,,1,60,,250893,12,,,1,20,,250894,12,,,1,20,,250895,12,,,1,60,,250896,12,,,1,20,,250897,12,,,1
600,'006-Weekday-4-26-09-1111100',508,,207418,12,,,1,20,,207419,12,,,1,20,,207420,12,,,1,60,,207421,12,,,1,20,,207422,12,,,1,23,,207423,12,,,1,64,,207424,12,,,1,15,,207425,12,,,1,15,,207426,12,,,1,55,,207427,12,,,1,15,,207428,12,,,1,15,,207429,12,,,1,16,,207430,12,,,1,55,,207431,12,,,1,13,,207432,12,,,1,15,,207433,12,,,1,15,,207434,12,,,1,15,,207435,12,,,1,55,,207436,12,,,1,15,,207437,12,,,1,15,,207438,12,,,1,15,,207439,12,,,1,55,,207440,12,,,1,15,,207441,12,,,1,15,,207442,12,,,1,15,,207443,12,,,1,55,,207444,12,,,1,15,,207445,12,,,1,15,,207446,12,,,1,15,,207447,12,,,1,55,,207448,12,,,1,15,,207449,12,,,1,15,,207450,12,,,1,15,,207451,12,,,1,55,,207452,12,,,1,15,,207453,12,,,1,15,,207454,12,,,1,15,,207455,12,,,1,57,,207469,12,,,1,15,,207456,12,,,1,15,,207457,12,,,1,55,,207458,12,,,1,15,,207459,12,,,1,15,,207460,12,,,1,15,,207475,12,,,1,55,,207474,12,,,1,15,,207473,12,,,1,15,,207472,12,,,1,15,,207471,12,,,1,55,,207470,12,,,1,14,,207461,12,,,1,16,,207462,12,,,1,12,,207476,12,,,1,15,,207477,12,,,1,55,,207478,12,,,1,15,,207479,12,,,1,15,,207480,12,,,1,15,,207481,12,,,1,55,,207482,12,,,1,15,,207483,12,,,1,15,,207484,12,,,1,15,,207485,12,,,1,55,,207486,12,,,1,15,,207487,12,,,1,15,,207488,12,,,1,15,,207489,12,,,1,55,,207490,12,,,1,15,,207491,12,,,1,17,,207463,12,,,1,60,,207464,12,,,1,20,,207465,12,,,1,20,,207466,12,,,1,60,,207467,12,,,1,20,,207468,12,,,1
600,'006-Weekday-5-26-09-1111100',508,,250921,12,,,1,20,,250922,12,,,1,20,,250923,12,,,1,60,,250924,12,,,1,20,,250925,12,,,1,23,,250926,12,,,1,64,,250927,12,,,1,15,,250928,12,,,1,15,,250929,12,,,1,55,,250930,12,,,1,15,,250931,12,,,1,15,,250932,12,,,1,16,,250933,12,,,1,55,,250934,12,,,1,13,,250935,12,,,1,15,,250936,12,,,1,15,,250937,12,,,1,15,,250938,12,,,1,55,,250939,12,,,1,15,,250940,12,,,1,15,,250941,12,,,1,15,,250942,12,,,1,55,,250943,12,,,1,15,,250944,12,,,1,15,,250945,12,,,1,15,,250946,12,,,1,55,,250947,12,,,1,15,,250948,12,,,1,15,,250949,12,,,1,15,,250950,12,,,1,55,,250951,12,,,1,15,,250952,12,,,1,15,,250953,12,,,1,15,,250954,12,,,1,55,,250955,12,,,1,15,,250956,12,,,1,15,,250957,12,,,1,15,,250958,12,,,1,57,,250972,12,,,1,15,,250959,12,,,1,15,,250960,12,,,1,55,,250961,12,,,1,15,,250962,12,,,1,15,,250963,12,,,1,15,,250978,12,,,1,55,,250977,12,,,1,15,,250976,12,,,1,15,,250975,12,,,1,15,,250974,12,,,1,55,,250973,12,,,1,14,,250964,12,,,1,16,,250965,12,,,1,12,,250979,12,,,1,15,,250980,12,,,1,55,,250981,12,,,1,15,,250982,12,,,1,15,,250983,12,,,1,15,,250984,12,,,1,55,,250985,12,,,1,15,,250986,12,,,1,15,,250987,12,,,1,15,,250988,12,,,1,55,,250989,12,,,1,15,,250990,12,,,1,15,,250991,12,,,1,15,,250992,12,,,1,55,,250993,12,,,1,15,,250994,12,,,1,17,,250966,12,,,1,60,,250967,12,,,1,20,,250968,12,,,1,20,,250969,12,,,1,60,,250970,12,,,1,20,,250971,12,,,1
600,'006-Weekday-6-26-09-1111100',508,,250995,12,,,1,20,,250996,12,,,1,20,,250997,12,,,1,60,,250998,12,,,1,20,,250999,12,,,1,23,,251000,12,,,1,64,,251001,12,,,1,15,,251002,12,,,1,15,,251003,12,,,1,55,,251004,12,,,1,15,,251005,12,,,1,15,,251006,12,,,1,16,,251007,12,,,1,55,,251008,12,,,1,13,,251009,12,,,1,15,,251010,12,,,1,15,,251011,12,,,1,15,,251012,12,,,1,55,,251013,12,,,1,15,,251014,12,,,1,15,,251015,12,,,1,15,,251016,12,,,1,55,,251017,12,,,1,15,,251018,12,,,1,15,,251019,12,,,1,15,,251020,12,,,1,55,,251021,12,,,1,15,,251022,12,,,1,15,,251023,12,,,1,15,,251024,12,,,1,55,,251025,12,,,1,15,,251026,12,,,1,15,,251027,12,,,1,15,,251028,12,,,1,55,,251029,12,,,1,15,,251030,12,,,1,15,,251031,12,,,1,15,,251032,12,,,1,57,,251046,12,,,1,15,,251033,12,,,1,15,,251034,12,,,1,55,,251035,12,,,1,15,,251036,12,,,1,15,,251037,12,,,1,15,,251052,12,,,1,55,,251051,12,,,1,15,,251050,12,,,1,15,,251049,12,,,1,15,,251048,12,,,1,55,,251047,12,,,1,14,,251038,12,,,1,16,,251039,12,,,1,12,,251053,12,,,1,15,,251054,12,,,1,55,,251055,12,,,1,15,,251056,12,,,1,15,,251057,12,,,1,15,,251058,12,,,1,55,,251059,12,,,1,15,,251060,12,,,1,15,,251061,12,,,1,15,,251062,12,,,1,55,,251063,12,,,1,15,,251064,12,,,1,15,,251065,12,,,1,15,,251066,12,,,1,55,,251067,12,,,1,15,,251068,12,,,1,17,,251040,12,,,1,60,,251041,12,,,1,20,,251042,12,,,1,20,,251043,12,,,1,60,,251044,12,,,1,20,,251045,12,,,1
600,'006-Weekday-7-26-09-1111100',508,,251069,12,,,1,20,,251070,12,,,1,20,,251071,12,,,1,60,,251072,12,,,1,20,,251073,12,,,1,23,,251074,12,,,1,64,,251075,12,,,1,15,,251076,12,,,1,15,,251077,12,,,1,55,,251078,12,,,1,15,,251079,12,,,1,15,,251080,12,,,1,16,,251081,12,,,1,55,,251082,12,,,1,13,,251083,12,,,1,15,,251084,12,,,1,15,,251085,12,,,1,15,,251086,12,,,1,55,,251087,12,,,1,15,,251088,12,,,1,15,,251089,12,,,1,15,,251090,12,,,1,55,,251091,12,,,1,15,,251092,12,,,1,15,,251093,12,,,1,15,,251094,12,,,1,55,,251095,12,,,1,15,,251096,12,,,1,15,,251097,12,,,1,15,,251098,12,,,1,55,,251099,12,,,1,15,,251100,12,,,1,15,,251101,12,,,1,15,,251102,12,,,1,55,,251103,12,,,1,15,,251104,12,,,1,15,,251105,12,,,1,15,,251106,12,,,1,57,,251120,12,,,1,15,,251107,12,,,1,15,,251108,12,,,1,55,,251109,12,,,1,15,,251110,12,,,1,15,,251111,12,,,1,15,,251126,12,,,1,55,,251125,12,,,1,15,,251124,12,,,1,15,,251123,12,,,1,15,,251122,12,,,1,55,,251121,12,,,1,14,,251112,12,,,1,16,,251113,12,,,1,12,,251127,12,,,1,15,,251128,12,,,1,55,,251129,12,,,1,15,,251130,12,,,1,15,,251131,12,,,1,15,,251132,12,,,1,55,,251133,12,,,1,15,,251134,12,,,1,15,,251135,12,,,1,15,,251136,12,,,1,55,,251137,12,,,1,15,,251138,12,,,1,15,,251139,12,,,1,15,,251140,12,,,1,55,,251141,12,,,1,15,,251142,12,,,1,17,,251114,12,,,1,60,,251115,12,,,1,20,,251116,12,,,1,20,,251117,12,,,1,60,,251118,12,,,1,20,,251119,12,,,1
600,'006-Saturday-1-26-09-0000010',544,,207492,12,,,1,60,,207493,12,,,1,20,,207494,12,,,1,20,,207495,12,,,1,60,,207496,12,,,1,20,,207497,12,,,1,20,,207498,12,,,1,60,,207499,12,,,1,20,,207500,12,,,1,17,,207501,12,,,1,15,,207502,12,,,1,56,,207503,12,,,1,15,,207504,12,,,1,15,,207505,12,,,1,15,,207506,12,,,1,55,,207507,12,,,1,15,,207508,12,,,1,15,,207509,12,,,1,15,,207510,12,,,1,55,,207511,12,,,1,15,,207512,12,,,1,15,,207513,12,,,1,15,,207514,12,,,1,55,,207515,12,,,1,15,,207516,12,,,1,15,,207517,12,,,1,15,,207518,12,,,1,55,,207519,12,,,1,15,,207520,12,,,1,15,,207521,12,,,1,15,,207522,12,,,1,55,,207523,12,,,1,15,,207524,12,,,1,15,,207525,12,,,1,15,,207526,12,,,1,55,,207527,12,,,1,15,,207528,12,,,1,15,,207529,12,,,1,15,,207530,12,,,1,55,,207531,12,,,1,15,,207532,12,,,1,15,,207533,12,,,1,15,,207534,12,,,1,55,,207535,12,,,1,15,,207536,12,,,1,15,,207537,12,,,1,15,,207538,12,,,1,55,,207539,12,,,1,15,,207540,12,,,1,15,,207541,12,,,1,15,,207542,12,,,1,55,,207543,12,,,1,17,,207544,12,,,1,18,,207545,12,,,1,60,,207546,12,,,1,20,,207547,12,,,1,20,,207548,12,,,1,60,,207549,12,,,1,20,,207550,12,,,1,20,,207551,12,,,1,59,,207552,12,,,1,19,,207553,12,,,1,19,,207554,12,,,1,60,,207555,12,,,1,20,,207556,12,,,1,20,,207557,12,,,1,60,,207558,12,,,1,20,,207559,12,,,1,20,,207560,12,,,1,60,,207561,12,,,1
600,'006-Sunday-1-26-09-0000001',603,,207562,12,,,1,20,,207563,12,,,1,20,,207564,12,,,1,60,,207565,12,,,1,20,,207566,12,,,1,20,,207567,12,,,1,60,,207568,12,,,1,20,,207569,12,,,1,20,,207570,12,,,1,60,,207571,12,,,1,20,,207572,12,,,1,19,,207573,12,,,1,15,,207574,12,,,1,55,,207575,12,,,1,15,,207576,12,,,1,15,,207577,12,,,1,15,,207578,12,,,1,55,,207579,12,,,1,15,,207580,12,,,1,15,,207581,12,,,1,15,,207582,12,,,1,55,,207583,12,,,1,15,,207584,12,,,1,15,,207585,12,,,1,15,,207586,12,,,1,55,,207587,12,,,1,15,,207588,12,,,1,15,,207589,12,,,1,15,,207590,12,,,1,55,,207591,12,,,1,15,,207592,12,,,1,15,,207593,12,,,1,15,,207594,12,,,1,55,,207595,12,,,1,15,,207596,12,,,1,15,,207597,12,,,1,15,,207598,12,,,1,55,,207599,12,,,1,15,,207600,12,,,1,15,,207601,12,,,1,16,,207602,12,,,1,55,,207603,12,,,1,15,,207604,12,,,1,15,,207605,12,,,1,15,,207606,12,,,1,55,,207607,12,,,1,15,,207608,12,,,1,15,,207609,12,,,1,60,,207610,12,,,1,20,,207611,12,,,1,20,,207612,12,,,1,60,,207613,12,,,1,20,,207614,12,,,1,20,,207615,12,,,1,60,,207616,12,,,1,20,,207617,12,,,1,20,,207618,12,,,1,60,,207619,12,,,1,20,,207620,12,,,1,20,,207621,12,,,1,60,,207622,12,,,1,20,,207623,12,,,1,20,,207624,12,,,1,60,,207625,12,,,1
50700,'507-Weekday-1-26-09-1111100',515,,222323,12,,,1,30,,222324,12,,,1,70,,222325,12,,,1,32,,222326,12,,,1,70,,222327,12,,,1,30,,222328,12,,,1,66,,222363,12,,,1,26,,222362,12,,,1,66,,222329,12,,,1,30,,222330,12,,,1,70,,222331,12,,,1,30,,222332,12,,,1,70,,222333,12,,,1,30,,222334,12,,,1,70,,222335,12,,,1,30,,222336,12,,,1,70,,222337,12,,,1,30,,222338,12,,,1,70,,222339,12,,,1,30,,222340,12,,,1,72,,222341,12,,,1,26,,222365,12,,,1,4,,222342,12,,,1,15,,222343,12,,,1,55,,222344,12,,,1,15,,222345,12,,,1,15,,222346,12,,,1,15,,222347,12,,,1,55,,222348,12,,,1,15,,222349,12,,,1,15,,222350,12,,,1,15,,222351,12,,,1,55,,222352,12,,,1,28,,222353,12,,,1,71,,222354,12,,,1,30,,222355,12,,,1,70,,222356,12,,,1,30,,222357,12,,,1,70,,222358,12,,,1,30,,222359,12,,,1,70,,222364,12,,,1,50,,222360,12,,,1,100,,222361,12,,,1
50700,'507-Weekday-2-26-09-1111100',515,,222366,12,,,1,30,,222367,12,,,1,70,,222368,12,,,1,32,,222369,12,,,1,70,,222370,12,,,1,30,,222371,12,,,1,66,,222406,12,,,1,26,,222405,12,,,1,66,,222372,12,,,1,30,,222373,12,,,1,70,,222374,12,,,1,30,,222375,12,,,1,70,,222376,12,,,1,30,,222377,12,,,1,70,,222378,12,,,1,30,,222379,12,,,1,70,,222380,12,,,1,30,,222381,12,,,1,70,,222382,12,,,1,30,,222383,12,,,1,72,,222384,12,,,1,26,,222408,12,,,1,4,,222385,12,,,1,15,,222386,12,,,1,55,,222387,12,,,1,15,,222388,12,,,1,15,,222389,12,,,1,15,,222390,12,,,1,55,,222391,12,,,1,15,,222392,12,,,1,15,,222393,12,,,1,15,,222394,12,,,1,55,,222395,12,,,1,28,,222396,12,,,1,71,,222397,12,,,1,30,,222398,12,,,1,70,,222399,12,,,1,30,,222400,12,,,1,70,,222401,12,,,1,30,,222402,12,,,1,70,,222407,12,,,1,50,,222403,12,,,1,100,,222404,12,,,1
50700,'507-Weekday-3-26-09-1111100',515,,265630,12,,,1,30,,265631,12,,,1,70,,265632,12,,,1,32,,265633,12,,,1,70,,265634,12,,,1,30,,265635,12,,,1,66,,265670,12,,,1,26,,265669,12,,,1,66,,265636,12,,,1,30,,265637,12,,,1,70,,265638,12,,,1,30,,265639,12,,,1,70,,265640,12,,,1,30,,265641,12,,,1,70,,265642,12,,,1,30,,265643,12,,,1,70,,265644,12,,,1,30,,265645,12,,,1,70,,265646,12,,,1,30,,265647,12,,,1,72,,265648,12,,,1,26,,265672,12,,,1,4,,265649,12,,,1,15,,265650,12,,,1,55,,265651,12,,,1,15,,265652,12,,,1,15,,265653,12,,,1,15,,265654,12,,,1,55,,265655,12,,,1,15,,265656,12,,,1,15,,265657,12,,,1,15,,265658,12,,,1,55,,265659,12,,,1,28,,265660,12,,,1,71,,265661,12,,,1,30,,265662,12,,,1,70,,265663,12,,,1,30,,265664,12,,,1,70,,265665,12,,,1,30,,265666,12,,,1,70,,265671,12,,,1,50,,265667,12,,,1,100,,265668,12,,,1
50700,'507-Weekday-4-26-09-1111100',515,,222409,12,,,1,30,,222410,12,,,1,70,,222411,12,,,1,32,,222412,12,,,1,70,,222413,12,,,1,30,,222414,12,,,1,66,,222449,12,,,1,26,,222448,12,,,1,66,,222415,12,,,1,30,,222416,12,,,1,70,,222417,12,,,1,30,,222418,12,,,1,70,,222419,12,,,1,30,,222420,12,,,1,70,,222421,12,,,1,30,,222422,12,,,1,70,,222423,12,,,1,30,,222424,12,,,1,70,,222425,12,,,1,30,,222426,12,,,1,72,,222427,12,,,1,30,,222428,12,,,1,15,,222429,12,,,1,55,,222430,12,,,1,15,,222431,12,,,1,15,,222432,12,,,1,15,,222433,12,,,1,55,,222434,12,,,1,15,,222435,12,,,1,15,,222436,12,,,1,15,,222437,12,,,1,55,,222438,12,,,1,28,,222439,12,,,1,71,,222440,12,,,1,30,,222441,12,,,1,70,,222442,12,,,1,30,,222443,12,,,1,70,,222444,12,,,1,30,,222445,12,,,1,70,,222450,12,,,1,50,,222446,12,,,1,100,,222447,12,,,1
50700,'507-Weekday-5-26-09-1111100',515,,265673,12,,,1,30,,265674,12,,,1,70,,265675,12,,,1,32,,265676,12,,,1,70,,265677,12,,,1,30,,265678,12,,,1,66,,265713,12,,,1,26,,265712,12,,,1,66,,265679,12,,,1,30,,265680,12,,,1,70,,265681,12,,,1,30,,265682,12,,,1,70,,265683,12,,,1,30,,265684,12,,,1,70,,265685,12,,,1,30,,265686,12,,,1,70,,265687,12,,,1,30,,265688,12,,,1,70,,265689,12,,,1,30,,265690,12,,,1,72,,265691,12,,,1,30,,265692,12,,,1,15,,265693,12,,,1,55,,265694,12,,,1,15,,265695,12,,,1,15,,265696,12,,,1,15,,265697,12,,,1,55,,265698,12,,,1,15,,265699,12,,,1,15,,265700,12,,,1,15,,265701,12,,,1,55,,265702,12,,,1,28,,265703,12,,,1,71,,265704,12,,,1,30,,265705,12,,,1,70,,265706,12,,,1,30,,265707,12,,,1,70,,265708,12,,,1,30,,265709,12,,,1,70,,265714,12,,,1,50,,265710,12,,,1,100,,265711,12,,,1
50700,'507-Weekday-6-26-09-1111100',515,,265715,12,,,1,30,,265716,12,,,1,70,,265717,12,,,1,32,,265718,12,,,1,70,,265719,12,,,1,30,,265720,12,,,1,66,,265755,12,,,1,26,,265754,12,,,1,66,,265721,12,,,1,30,,265722,12,,,1,70,,265723,12,,,1,30,,265724,12,,,1,70,,265725,12,,,1,30,,265726,12,,,1,70,,265727,12,,,1,30,,265728,12,,,1,70,,265729,12,,,1,30,,265730,12,,,1,70,,265731,12,,,1,30,,265732,12,,,1,72,,265733,12,,,1,26,,265757,12,,,1,4,,265734,12,,,1,15,,265735,12,,,1,55,,265736,12,,,1,15,,265737,12,,,1,15,,265738,12,,,1,15,,265739,12,,,1,55,,265740,12,,,1,15,,265741,12,,,1,15,,265742,12,,,1,15,,265743,12,,,1,55,,265744,12,,,1,28,,265745,12,,,1,71,,265746,12,,,1,30,,265747,12,,,1,70,,265748,12,,,1,30,,265749,12,,,1,70,,265750,12,,,1,30,,265751,12,,,1,70,,265756,12,,,1,50,,265752,12,,,1,100,,265753,12,,,1
50700,'507-Weekday-7-26-09-1111100',515,,265758,12,,,1,30,,265759,12,,,1,70,,265760,12,,,1,32,,265761,12,,,1,70,,265762,12,,,1,30,,265763,12,,,1,66,,265798,12,,,1,26,,265797,12,,,1,66,,265764,12,,,1,30,,265765,12,,,1,70,,265766,12,,,1,30,,265767,12,,,1,70,,265768,12,,,1,30,,265769,12,,,1,70,,265770,12,,,1,30,,265771,12,,,1,70,,265772,12,,,1,30,,265773,12,,,1,70,,265774,12,,,1,30,,265775,12,,,1,72,,265776,12,,,1,30,,265777,12,,,1,15,,265778,12,,,1,55,,265779,12,,,1,15,,265780,12,,,1,15,,265781,12,,,1,15,,265782,12,,,1,55,,265783,12,,,1,15,,265784,12,,,1,15,,265785,12,,,1,15,,265786,12,,,1,55,,265787,12,,,1,28,,265788,12,,,1,71,,265789,12,,,1,30,,265790,12,,,1,70,,265791,12,,,1,30,,265792,12,,,1,70,,265793,12,,,1,30,,265794,12,,,1,70,,265799,12,,,1,50,,265795,12,,,1,100,,265796,12,,,1
50700,'507-Saturday-1-26-09-0000010',551,,222451,12,,,1,100,,222452,12,,,1,100,,222453,12,,,1,70,,222454,12,,,1,30,,222455,12,,,1,70,,222456,12,,,1,30,,222457,12,,,1,70,,222458,12,,,1,30,,222459,12,,,1,70,,222460,12,,,1,30,,222461,12,,,1,70,,222462,12,,,1,30,,222463,12,,,1,70,,222464,12,,,1,30,,222465,12,,,1,70,,222466,12,,,1,30,,222467,12,,,1,70,,222468,12,,,1,30,,222469,12,,,1,70,,222470,12,,,1,30,,222471,12,,,1,70,,222472,12,,,1,30,,222473,12,,,1,70,,222474,12,,,1,100,,222475,12,,,1,100,,222476,12,,,1,100,,222477,12,,,1,100,,222478,12,,,1,100,,222479,12,,,1
50700,'507-Sunday-1-26-09-0000001',620,,222480,12,,,1,100,,222481,12,,,1,100,,222482,12,,,1,101,,222483,12,,,1,100,,222484,12,,,1,30,,222485,12,,,1,70,,222486,12,,,1,30,,222487,12,,,1,70,,222488,12,,,1,30,,222489,12,,,1,70,,222490,12,,,1,30,,222491,12,,,1,70,,222492,12,,,1,30,,222493,12,,,1,70,,222494,12,,,1,30,,222495,12,,,1,70,,222496,12,,,1,30,,222497,12,,,1,70,,222498,12,,,1,30,,222499,12,,,1,70,,222500,12,,,1,91,,222501,12,,,1,100,,222502,12,,,1,100,,222503,12,,,1,100,,222504,12,,,1,100,,222505,12,,,1
