90400,'904-Weekday-1-26-09-1111100',540,,237389,16,,,1,70,,237390,16,,,1,33,,237391,16,,,1,60,,237392,16,,,1,20,,237424,16,,,1,20,,237393,16,,,1,63,,237428,16,,,1,1,,237394,16,,,1,4,,237429,16,,,1,7,,237430,16,,,1,9,,237423,16,,,1,20,,237427,16,,,1,65,,237395,16,,,1,30,,237396,16,,,1,70,,237397,16,,,1,30,,237398,16,,,1,70,,237399,16,,,1,30,,237400,16,,,1,70,,237401,16,,,1,30,,237402,16,,,1,70,,237403,16,,,1,30,,237404,16,,,1,70,,237405,16,,,1,30,,237406,16,,,1,60,,237407,16,,,1,22,,237422,16,,,1,20,,237408,16,,,1,60,,237409,16,,,1,20,,237425,16,,,1,20,,237410,16,,,1,60,,237411,16,,,1,20,,237426,16,,,1,30,,237412,16,,,1,70,,237413,16,,,1,27,,237414,16,,,1,70,,237415,16,,,1,30,,237416,16,,,1,70,,237417,16,,,1,30,,237418,16,,,1,70,,237419,16,,,1,30,,237421,16,,,1,99,,237420,16,,,1
90400,'904-Weekday-2-26-09-1111100',540,,237431,16,,,1,70,,237432,16,,,1,33,,237433,16,,,1,60,,237434,16,,,1,20,,237466,16,,,1,20,,237435,16,,,1,63,,237470,16,,,1,1,,237436,16,,,1,4,,237471,16,,,1,7,,237472,16,,,1,9,,237465,16,,,1,20,,237469,16,,,1,65,,237437,16,,,1,30,,237438,16,,,1,70,,237439,16,,,1,30,,237440,16,,,1,70,,237441,16,,,1,30,,237442,16,,,1,70,,237443,16,,,1,30,,237444,16,,,1,70,,237445,16,,,1,30,,237446,16,,,1,70,,237447,16,,,1,30,,237448,16,,,1,60,,237449,16,,,1,22,,237464,16,,,1,20,,237450,16,,,1,60,,237451,16,,,1,20,,237467,16,,,1,20,,237452,16,,,1,60,,237453,16,,,1,20,,237468,16,,,1,30,,237454,16,,,1,70,,237455,16,,,1,27,,237456,16,,,1,70,,237457,16,,,1,30,,237458,16,,,1,70,,237459,16,,,1,30,,237460,16,,,1,70,,237461,16,,,1,30,,237463,16,,,1,99,,237462,16,,,1
90400,'904-Weekday-3-26-09-1111100',540,,279989,16,,,1,70,,279990,16,,,1,33,,279991,16,,,1,60,,279992,16,,,1,20,,280024,16,,,1,20,,279993,16,,,1,63,,280028,16,,,1,1,,279994,16,,,1,4,,280029,16,,,1,7,,280030,16,,,1,9,,280023,16,,,1,20,,280027,16,,,1,65,,279995,16,,,1,30,,279996,16,,,1,70,,279997,16,,,1,30,,279998,16,,,1,70,,279999,16,,,1,30,,280000,16,,,1,70,,280001,16,,,1,30,,280002,16,,,1,70,,280003,16,,,1,30,,280004,16,,,1,70,,280005,16,,,1,30,,280006,16,,,1,60,,280007,16,,,1,22,,280022,16,,,1,20,,280008,16,,,1,60,,280009,16,,,1,20,,280025,16,,,1,20,,280010,16,,,1,60,,280011,16,,,1,20,,280026,16,,,1,30,,280012,16,,,1,70,,280013,16,,,1,27,,280014,16,,,1,70,,280015,16,,,1,30,,280016,16,,,1,70,,280017,16,,,1,30,,280018,16,,,1,70,,280019,16,,,1,30,,280021,16,,,1,99,,280020,16,,,1
90400,'904-Weekday-4-26-09-1111100',540,,237473,16,,,1,70,,237474,16,,,1,33,,237475,16,,,1,60,,237476,16,,,1,20,,237508,16,,,1,20,,237477,16,,,1,63,,237512,16,,,1,1,,237478,16,,,1,4,,237513,16,,,1,7,,237514,16,,,1,9,,237507,16,,,1,20,,237511,16,,,1,65,,237479,16,,,1,30,,237480,16,,,1,70,,237481,16,,,1,30,,237482,16,,,1,70,,237483,16,,,1,30,,237484,16,,,1,70,,237485,16,,,1,30,,237486,16,,,1,70,,237487,16,,,1,30,,237488,16,,,1,70,,237489,16,,,1,30,,237490,16,,,1,60,,237491,16,,,1,22,,237506,16,,,1,20,,237492,16,,,1,60,,237493,16,,,1,20,,237509,16,,,1,20,,237494,16,,,1,60,,237495,16,,,1,20,,237510,16,,,1,30,,237496,16,,,1,70,,237497,16,,,1,27,,237498,16,,,1,70,,237499,16,,,1,30,,237500,16,,,1,70,,237501,16,,,1,30,,237502,16,,,1,70,,237503,16,,,1,30,,237505,16,,,1,99,,237504,16,,,1
90400,'904-Weekday-5-26-09-1111100',540,,280031,16,,,1,70,,280032,16,,,1,33,,280033,16,,,1,60,,280034,16,,,1,20,,280066,16,,,1,20,,280035,16,,,1,63,,280070,16,,,1,1,,280036,16,,,1,4,,280071,16,,,1,7,,280072,16,,,1,9,,280065,16,,,1,20,,280069,16,,,1,65,,280037,16,,,1,30,,280038,16,,,1,70,,280039,16,,,1,30,,280040,16,,,1,70,,280041,16,,,1,30,,280042,16,,,1,70,,280043,16,,,1,30,,280044,16,,,1,70,,280045,16,,,1,30,,280046,16,,,1,70,,280047,16,,,1,30,,280048,16,,,1,60,,280049,16,,,1,22,,280064,16,,,1,20,,280050,16,,,1,60,,280051,16,,,1,20,,280067,16,,,1,20,,280052,16,,,1,60,,280053,16,,,1,20,,280068,16,,,1,30,,280054,16,,,1,70,,280055,16,,,1,27,,280056,16,,,1,70,,280057,16,,,1,30,,280058,16,,,1,70,,280059,16,,,1,30,,280060,16,,,1,70,,280061,16,,,1,30,,280063,16,,,1,99,,280062,16,,,1
90400,'904-Weekday-6-26-09-1111100',540,,280073,16,,,1,70,,280074,16,,,1,33,,280075,16,,,1,60,,280076,16,,,1,20,,280108,16,,,1,20,,280077,16,,,1,63,,280112,16,,,1,1,,280078,16,,,1,4,,280113,16,,,1,7,,280114,16,,,1,9,,280107,16,,,1,20,,280111,16,,,1,65,,280079,16,,,1,30,,280080,16,,,1,70,,280081,16,,,1,30,,280082,16,,,1,70,,280083,16,,,1,30,,280084,16,,,1,70,,280085,16,,,1,30,,280086,16,,,1,70,,280087,16,,,1,30,,280088,16,,,1,70,,280089,16,,,1,30,,280090,16,,,1,60,,280091,16,,,1,22,,280106,16,,,1,20,,280092,16,,,1,60,,280093,16,,,1,20,,280109,16,,,1,20,,280094,16,,,1,60,,280095,16,,,1,20,,280110,16,,,1,30,,280096,16,,,1,70,,280097,16,,,1,27,,280098,16,,,1,70,,280099,16,,,1,30,,280100,16,,,1,70,,280101,16,,,1,30,,280102,16,,,1,70,,280103,16,,,1,30,,280105,16,,,1,99,,280104,16,,,1
90400,'904-Weekday-7-26-09-1111100',540,,280115,16,,,1,70,,280116,16,,,1,33,,280117,16,,,1,60,,280118,16,,,1,20,,280150,16,,,1,20,,280119,16,,,1,63,,280154,16,,,1,1,,280120,16,,,1,4,,280155,16,,,1,7,,280156,16,,,1,9,,280149,16,,,1,20,,280153,16,,,1,65,,280121,16,,,1,30,,280122,16,,,1,70,,280123,16,,,1,30,,280124,16,,,1,70,,280125,16,,,1,30,,280126,16,,,1,70,,280127,16,,,1,30,,280128,16,,,1,70,,280129,16,,,1,30,,280130,16,,,1,70,,280131,16,,,1,30,,280132,16,,,1,60,,280133,16,,,1,22,,280148,16,,,1,20,,280134,16,,,1,60,,280135,16,,,1,20,,280151,16,,,1,20,,280136,16,,,1,60,,280137,16,,,1,20,,280152,16,,,1,30,,280138,16,,,1,70,,280139,16,,,1,27,,280140,16,,,1,70,,280141,16,,,1,30,,280142,16,,,1,70,,280143,16,,,1,30,,280144,16,,,1,70,,280145,16,,,1,30,,280147,16,,,1,99,,280146,16,,,1
90400,'904-Saturday-1-26-09-0000010',642,,237527,16,,,1,100,,237515,16,,,1,100,,237516,16,,,1,69,,237517,16,,,1,30,,237518,16,,,1,70,,237519,16,,,1,30,,237520,16,,,1,70,,237521,16,,,1,30,,237522,16,,,1,70,,237523,16,,,1,32,,237528,16,,,1,70,,237529,16,,,1,30,,237530,16,,,1,70,,237531,16,,,1,30,,237532,16,,,1,70,,237533,16,,,1,30,,237534,16,,,1,70,,237535,16,,,1,30,,237536,16,,,1,69,,237537,16,,,1,30,,237538,16,,,1,70,,237539,16,,,1,30,,237540,16,,,1,70,,237541,16,,,1,97,,237524,16,,,1,100,,237525,16,,,1,100,,237526,16,,,1
90400,'904-Sunday-1-26-09-0000001',708,,237542,16,,,1,100,,237543,16,,,1,102,,237544,16,,,1,101,,237562,16,,,1,30,,237545,16,,,1,70,,237546,16,,,1,30,,237547,16,,,1,70,,237548,16,,,1,30,,237550,16,,,1,70,,237551,16,,,1,30,,237552,16,,,1,70,,237549,16,,,1,30,,237553,16,,,1,70,,237554,16,,,1,30,,237555,16,,,1,70,,237556,16,,,1,30,,237557,16,,,1,69,,237558,16,,,1,30,,237559,16,,,1,70,,237560,16,,,1,30,,237561,16,,,1,70,,237563,16,,,1
92400,'924-Weekday-1-26-09-1111100',710,,242287,9,,,1,30,,242288,9,,,1,70,,242289,9,,,1,30,,242290,9,,,1,70,,242291,9,,,1,30,,242304,9,,,1,70,,242292,9,,,1,100,,242293,9,,,1,100,,242294,9,,,1,100,,242295,9,,,1,100,,242296,9,,,1,100,,242297,9,,,1,106,,242298,9,,,1,28,,242299,9,,,1,70,,242300,9,,,1,30,,242301,9,,,1,66,,242302,9,,,1,30,,242303,9,,,1
92400,'924-Weekday-2-26-09-1111100',710,,242305,9,,,1,30,,242306,9,,,1,70,,242307,9,,,1,30,,242308,9,,,1,70,,242309,9,,,1,30,,242322,9,,,1,70,,242310,9,,,1,100,,242311,9,,,1,100,,242312,9,,,1,100,,242313,9,,,1,100,,242314,9,,,1,100,,242315,9,,,1,106,,242316,9,,,1,28,,242317,9,,,1,70,,242318,9,,,1,30,,242319,9,,,1,66,,242320,9,,,1,30,,242321,9,,,1
92400,'924-Weekday-3-26-09-1111100',710,,284799,9,,,1,30,,284800,9,,,1,70,,284801,9,,,1,30,,284802,9,,,1,70,,284803,9,,,1,30,,284816,9,,,1,70,,284804,9,,,1,100,,284805,9,,,1,100,,284806,9,,,1,100,,284807,9,,,1,100,,284808,9,,,1,100,,284809,9,,,1,106,,284810,9,,,1,28,,284811,9,,,1,70,,284812,9,,,1,30,,284813,9,,,1,66,,284814,9,,,1,30,,284815,9,,,1
92400,'924-Weekday-4-26-09-1111100',710,,242323,9,,,1,30,,242324,9,,,1,70,,242325,9,,,1,30,,242326,9,,,1,70,,242327,9,,,1,30,,242340,9,,,1,70,,242328,9,,,1,100,,242329,9,,,1,100,,242330,9,,,1,100,,242331,9,,,1,100,,242332,9,,,1,100,,242333,9,,,1,106,,242334,9,,,1,28,,242335,9,,,1,70,,242336,9,,,1,30,,242337,9,,,1,66,,242338,9,,,1,30,,242339,9,,,1
92400,'924-Weekday-5-26-09-1111100',710,,284817,9,,,1,30,,284818,9,,,1,70,,284819,9,,,1,30,,284820,9,,,1,70,,284821,9,,,1,30,,284834,9,,,1,70,,284822,9,,,1,100,,284823,9,,,1,100,,284824,9,,,1,100,,284825,9,,,1,100,,284826,9,,,1,100,,284827,9,,,1,106,,284828,9,,,1,28,,284829,9,,,1,70,,284830,9,,,1,30,,284831,9,,,1,66,,284832,9,,,1,30,,284833,9,,,1
92400,'924-Weekday-6-26-09-1111100',710,,284835,9,,,1,30,,284836,9,,,1,70,,284837,9,,,1,30,,284838,9,,,1,70,,284839,9,,,1,30,,284852,9,,,1,70,,284840,9,,,1,100,,284841,9,,,1,100,,284842,9,,,1,100,,284843,9,,,1,100,,284844,9,,,1,100,,284845,9,,,1,106,,284846,9,,,1,28,,284847,9,,,1,70,,284848,9,,,1,30,,284849,9,,,1,66,,284850,9,,,1,30,,284851,9,,,1
92400,'924-Weekday-7-26-09-1111100',710,,284853,9,,,1,30,,284854,9,,,1,70,,284855,9,,,1,30,,284856,9,,,1,70,,284857,9,,,1,30,,284870,9,,,1,70,,284858,9,,,1,100,,284859,9,,,1,100,,284860,9,,,1,100,,284861,9,,,1,100,,284862,9,,,1,100,,284863,9,,,1,106,,284864,9,,,1,28,,284865,9,,,1,70,,284866,9,,,1,30,,284867,9,,,1,66,,284868,9,,,1,30,,284869,9,,,1
92400,'924-Saturday-1-26-09-0000010',840,,242341,9,,,1,100,,242342,9,,,1,100,,242343,9,,,1,100,,242344,9,,,1,100,,242345,9,,,1,100,,242346,9,,,1,100,,242347,9,,,1,100,,242348,9,,,1,100,,242349,9,,,1,100,,242350,9,,,1,100,,242351,9,,,1
92400,'924-Sunday-1-26-09-0000001',1040,,242352,9,,,1,100,,242353,9,,,1,100,,242354,9,,,1,100,,242355,9,,,1,100,,242356,9,,,1,100,,242357,9,,,1,100,,242358,9,,,1,100,,242359,9,,,1,100,,242360,9,,,1
