201,'002-Weekday-1-26-09-1111100',504,,204016,24,,,1,20,,204017,24,,,1,20,,204018,24,,,1,60,,204019,24,,,1,20,,204020,24,,,1,12,,204089,24,,,1,13,,204090,24,,,1,51,,204091,24,,,1,10,,204092,24,,,1,10,,204093,24,,,1,10,,204094,24,,,1,10,,204095,24,,,1,10,,204096,24,,,1,50,,204097,24,,,1,10,,204098,24,,,1,10,,204099,24,,,1,10,,204100,24,,,1,10,,204101,24,,,1,10,,204102,24,,,1,55,,204021,24,,,1,15,,204088,24,,,1,15,,204022,24,,,1,15,,204023,24,,,1,55,,204024,24,,,1,15,,204025,24,,,1,15,,204026,24,,,1,15,,204027,24,,,1,55,,204028,24,,,1,15,,204029,24,,,1,15,,204030,24,,,1,15,,204031,24,,,1,55,,204032,24,,,1,15,,204033,24,,,1,15,,204034,24,,,1,15,,204035,24,,,1,55,,204036,24,,,1,15,,204037,24,,,1,15,,204038,24,,,1,15,,204039,24,,,1,55,,204040,24,,,1,15,,204041,24,,,1,15,,204042,24,,,1,15,,204043,24,,,1,54,,204104,13,,,1,1,,204044,24,,,1,13,,204045,24,,,1,11,,204103,24,,,1,2,,204046,24,,,1,12,,204047,24,,,1,12,,204048,24,,,1,52,,204049,24,,,1,13,,204050,24,,,1,14,,204051,24,,,1,12,,204052,24,,,1,12,,204053,24,,,1,55,,204054,24,,,1,15,,204055,24,,,1,15,,204056,24,,,1,15,,204057,24,,,1,55,,204058,24,,,1,14,,204059,24,,,1,13,,204060,24,,,1,12,,204061,24,,,1,56,,204062,24,,,1,19,,204063,24,,,1,18,,204064,24,,,1,55,,204065,24,,,1,15,,204066,24,,,1,15,,204067,24,,,1,15,,204068,24,,,1,55,,204069,24,,,1,15,,204070,24,,,1,15,,204071,24,,,1,15,,204072,24,,,1,55,,204073,24,,,1,14,,204074,24,,,1,14,,204075,24,,,1,14,,204076,24,,,1,13,,204077,24,,,1,60,,204078,24,,,1,20,,204079,24,,,1,20,,204080,24,,,1,57,,204081,24,,,1,28,,204082,24,,,1,70,,204083,24,,,1,30,,204084,43,0,28 41 7 42,1,70,,204085,43,0,28 41 7 42,1,30,,204086,43,0,28 41 7 42,1,70,,204087,43,0,28 41 7 42,1
201,'002-Weekday-2-26-09-1111100',504,,204105,24,,,1,20,,204106,24,,,1,20,,204107,24,,,1,60,,204108,24,,,1,20,,204109,24,,,1,12,,204178,24,,,1,13,,204179,24,,,1,51,,204180,24,,,1,10,,204181,24,,,1,10,,204182,24,,,1,10,,204183,24,,,1,10,,204184,24,,,1,10,,204185,24,,,1,50,,204186,24,,,1,10,,204187,24,,,1,10,,204188,24,,,1,10,,204189,24,,,1,10,,204190,24,,,1,10,,204191,24,,,1,55,,204110,24,,,1,15,,204177,24,,,1,15,,204111,24,,,1,15,,204112,24,,,1,55,,204113,24,,,1,15,,204114,24,,,1,15,,204115,24,,,1,15,,204116,24,,,1,55,,204117,24,,,1,15,,204118,24,,,1,15,,204119,24,,,1,15,,204120,24,,,1,55,,204121,24,,,1,15,,204122,24,,,1,15,,204123,24,,,1,15,,204124,24,,,1,55,,204125,24,,,1,15,,204126,24,,,1,15,,204127,24,,,1,15,,204128,24,,,1,55,,204129,24,,,1,15,,204130,24,,,1,15,,204131,24,,,1,15,,204132,24,,,1,54,,204193,13,,,1,1,,204133,24,,,1,13,,204134,24,,,1,11,,204192,24,,,1,2,,204135,24,,,1,12,,204136,24,,,1,12,,204137,24,,,1,52,,204138,24,,,1,13,,204139,24,,,1,14,,204140,24,,,1,12,,204141,24,,,1,12,,204142,24,,,1,55,,204143,24,,,1,15,,204144,24,,,1,15,,204145,24,,,1,15,,204146,24,,,1,55,,204147,24,,,1,14,,204148,24,,,1,13,,204149,24,,,1,12,,204150,24,,,1,56,,204151,24,,,1,19,,204152,24,,,1,18,,204153,24,,,1,55,,204154,24,,,1,15,,204155,24,,,1,15,,204156,24,,,1,15,,204157,24,,,1,55,,204158,24,,,1,15,,204159,24,,,1,15,,204160,24,,,1,15,,204161,24,,,1,55,,204162,24,,,1,14,,204163,24,,,1,14,,204164,24,,,1,14,,204165,24,,,1,13,,204166,24,,,1,60,,204167,24,,,1,20,,204168,24,,,1,20,,204169,24,,,1,57,,204170,24,,,1,28,,204171,24,,,1,70,,204172,24,,,1,30,,204173,43,0,28 41 7 42,1,70,,204174,43,0,28 41 7 42,1,30,,204175,43,0,28 41 7 42,1,70,,204176,43,0,28 41 7 42,1
201,'002-Weekday-3-26-09-1111100',504,,248026,24,,,1,20,,248027,24,,,1,20,,248028,24,,,1,60,,248029,24,,,1,20,,248030,24,,,1,12,,248099,24,,,1,13,,248100,24,,,1,51,,248101,24,,,1,10,,248102,24,,,1,10,,248103,24,,,1,10,,248104,24,,,1,10,,248105,24,,,1,10,,248106,24,,,1,50,,248107,24,,,1,10,,248108,24,,,1,10,,248109,24,,,1,10,,248110,24,,,1,10,,248111,24,,,1,10,,248112,24,,,1,55,,248031,24,,,1,15,,248098,24,,,1,15,,248032,24,,,1,15,,248033,24,,,1,55,,248034,24,,,1,15,,248035,24,,,1,15,,248036,24,,,1,15,,248037,24,,,1,55,,248038,24,,,1,15,,248039,24,,,1,15,,248040,24,,,1,15,,248041,24,,,1,55,,248042,24,,,1,15,,248043,24,,,1,15,,248044,24,,,1,15,,248045,24,,,1,55,,248046,24,,,1,15,,248047,24,,,1,15,,248048,24,,,1,15,,248049,24,,,1,55,,248050,24,,,1,15,,248051,24,,,1,15,,248052,24,,,1,15,,248053,24,,,1,54,,248114,13,,,1,1,,248054,24,,,1,13,,248055,24,,,1,11,,248113,24,,,1,2,,248056,24,,,1,12,,248057,24,,,1,12,,248058,24,,,1,52,,248059,24,,,1,13,,248060,24,,,1,14,,248061,24,,,1,12,,248062,24,,,1,12,,248063,24,,,1,55,,248064,24,,,1,15,,248065,24,,,1,15,,248066,24,,,1,15,,248067,24,,,1,55,,248068,24,,,1,14,,248069,24,,,1,13,,248070,24,,,1,12,,248071,24,,,1,56,,248072,24,,,1,19,,248073,24,,,1,18,,248074,24,,,1,55,,248075,24,,,1,15,,248076,24,,,1,15,,248077,24,,,1,15,,248078,24,,,1,55,,248079,24,,,1,15,,248080,24,,,1,15,,248081,24,,,1,15,,248082,24,,,1,55,,248083,24,,,1,14,,248084,24,,,1,14,,248085,24,,,1,14,,248086,24,,,1,13,,248087,24,,,1,60,,248088,24,,,1,20,,248089,24,,,1,20,,248090,24,,,1,57,,248091,24,,,1,28,,248092,24,,,1,70,,248093,24,,,1,30,,248094,43,0,28 41 7 42,1,70,,248095,43,0,28 41 7 42,1,30,,248096,43,0,28 41 7 42,1,70,,248097,43,0,28 41 7 42,1
201,'002-Weekday-4-26-09-1111100',504,,204194,24,,,1,20,,204195,24,,,1,20,,204196,24,,,1,60,,204197,24,,,1,20,,204198,24,,,1,12,,204267,24,,,1,13,,204268,24,,,1,51,,204269,24,,,1,10,,204270,24,,,1,10,,204271,24,,,1,10,,204272,24,,,1,10,,204273,24,,,1,10,,204274,24,,,1,50,,204275,24,,,1,10,,204276,24,,,1,10,,204277,24,,,1,10,,204278,24,,,1,10,,204279,24,,,1,10,,204280,24,,,1,55,,204199,24,,,1,15,,204266,24,,,1,15,,204200,24,,,1,15,,204201,24,,,1,55,,204202,24,,,1,15,,204203,24,,,1,15,,204204,24,,,1,15,,204205,24,,,1,55,,204206,24,,,1,15,,204207,24,,,1,15,,204208,24,,,1,15,,204209,24,,,1,55,,204210,24,,,1,15,,204211,24,,,1,15,,204212,24,,,1,15,,204213,24,,,1,55,,204214,24,,,1,15,,204215,24,,,1,15,,204216,24,,,1,15,,204217,24,,,1,55,,204218,24,,,1,15,,204219,24,,,1,15,,204220,24,,,1,15,,204221,24,,,1,55,,204222,24,,,1,13,,204223,24,,,1,11,,204281,24,,,1,2,,204224,24,,,1,12,,204225,24,,,1,12,,204226,24,,,1,52,,204227,24,,,1,13,,204228,24,,,1,14,,204229,24,,,1,12,,204230,24,,,1,12,,204231,24,,,1,55,,204232,24,,,1,15,,204233,24,,,1,15,,204234,24,,,1,15,,204235,24,,,1,55,,204236,24,,,1,14,,204237,24,,,1,13,,204238,24,,,1,12,,204239,24,,,1,56,,204240,24,,,1,19,,204241,24,,,1,18,,204242,24,,,1,55,,204243,24,,,1,15,,204244,24,,,1,15,,204245,24,,,1,15,,204246,24,,,1,55,,204247,24,,,1,15,,204248,24,,,1,15,,204249,24,,,1,15,,204250,24,,,1,55,,204251,24,,,1,14,,204252,24,,,1,14,,204253,24,,,1,14,,204254,24,,,1,13,,204255,24,,,1,60,,204256,24,,,1,20,,204257,24,,,1,20,,204258,24,,,1,57,,204259,24,,,1,28,,204260,24,,,1,70,,204261,24,,,1,30,,204262,43,0,28 41 7 42,1,70,,204263,43,0,28 41 7 42,1,30,,204264,43,0,28 41 7 42,1,70,,204265,43,0,28 41 7 42,1
201,'002-Weekday-5-26-09-1111100',504,,248115,24,,,1,20,,248116,24,,,1,20,,248117,24,,,1,60,,248118,24,,,1,20,,248119,24,,,1,12,,248188,24,,,1,13,,248189,24,,,1,51,,248190,24,,,1,10,,248191,24,,,1,10,,248192,24,,,1,10,,248193,24,,,1,10,,248194,24,,,1,10,,248195,24,,,1,50,,248196,24,,,1,10,,248197,24,,,1,10,,248198,24,,,1,10,,248199,24,,,1,10,,248200,24,,,1,10,,248201,24,,,1,55,,248120,24,,,1,15,,248187,24,,,1,15,,248121,24,,,1,15,,248122,24,,,1,55,,248123,24,,,1,15,,248124,24,,,1,15,,248125,24,,,1,15,,248126,24,,,1,55,,248127,24,,,1,15,,248128,24,,,1,15,,248129,24,,,1,15,,248130,24,,,1,55,,248131,24,,,1,15,,248132,24,,,1,15,,248133,24,,,1,15,,248134,24,,,1,55,,248135,24,,,1,15,,248136,24,,,1,15,,248137,24,,,1,15,,248138,24,,,1,55,,248139,24,,,1,15,,248140,24,,,1,15,,248141,24,,,1,15,,248142,24,,,1,55,,248143,24,,,1,13,,248144,24,,,1,11,,248202,24,,,1,2,,248145,24,,,1,12,,248146,24,,,1,12,,248147,24,,,1,52,,248148,24,,,1,13,,248149,24,,,1,14,,248150,24,,,1,12,,248151,24,,,1,12,,248152,24,,,1,55,,248153,24,,,1,15,,248154,24,,,1,15,,248155,24,,,1,15,,248156,24,,,1,55,,248157,24,,,1,14,,248158,24,,,1,13,,248159,24,,,1,12,,248160,24,,,1,56,,248161,24,,,1,19,,248162,24,,,1,18,,248163,24,,,1,55,,248164,24,,,1,15,,248165,24,,,1,15,,248166,24,,,1,15,,248167,24,,,1,55,,248168,24,,,1,15,,248169,24,,,1,15,,248170,24,,,1,15,,248171,24,,,1,55,,248172,24,,,1,14,,248173,24,,,1,14,,248174,24,,,1,14,,248175,24,,,1,13,,248176,24,,,1,60,,248177,24,,,1,20,,248178,24,,,1,20,,248179,24,,,1,57,,248180,24,,,1,28,,248181,24,,,1,70,,248182,24,,,1,30,,248183,43,0,28 41 7 42,1,70,,248184,43,0,28 41 7 42,1,30,,248185,43,0,28 41 7 42,1,70,,248186,43,0,28 41 7 42,1
201,'002-Weekday-6-26-09-1111100',504,,248203,24,,,1,20,,248204,24,,,1,20,,248205,24,,,1,60,,248206,24,,,1,20,,248207,24,,,1,12,,248276,24,,,1,13,,248277,24,,,1,51,,248278,24,,,1,10,,248279,24,,,1,10,,248280,24,,,1,10,,248281,24,,,1,10,,248282,24,,,1,10,,248283,24,,,1,50,,248284,24,,,1,10,,248285,24,,,1,10,,248286,24,,,1,10,,248287,24,,,1,10,,248288,24,,,1,10,,248289,24,,,1,55,,248208,24,,,1,15,,248275,24,,,1,15,,248209,24,,,1,15,,248210,24,,,1,55,,248211,24,,,1,15,,248212,24,,,1,15,,248213,24,,,1,15,,248214,24,,,1,55,,248215,24,,,1,15,,248216,24,,,1,15,,248217,24,,,1,15,,248218,24,,,1,55,,248219,24,,,1,15,,248220,24,,,1,15,,248221,24,,,1,15,,248222,24,,,1,55,,248223,24,,,1,15,,248224,24,,,1,15,,248225,24,,,1,15,,248226,24,,,1,55,,248227,24,,,1,15,,248228,24,,,1,15,,248229,24,,,1,15,,248230,24,,,1,54,,248290,13,,,1,1,,248231,24,,,1,13,,248232,24,,,1,13,,248233,24,,,1,12,,248234,24,,,1,12,,248235,24,,,1,52,,248236,24,,,1,13,,248237,24,,,1,14,,248238,24,,,1,12,,248239,24,,,1,12,,248240,24,,,1,55,,248241,24,,,1,15,,248242,24,,,1,15,,248243,24,,,1,15,,248244,24,,,1,55,,248245,24,,,1,14,,248246,24,,,1,13,,248247,24,,,1,12,,248248,24,,,1,56,,248249,24,,,1,19,,248250,24,,,1,18,,248251,24,,,1,55,,248252,24,,,1,15,,248253,24,,,1,15,,248254,24,,,1,15,,248255,24,,,1,55,,248256,24,,,1,15,,248257,24,,,1,15,,248258,24,,,1,15,,248259,24,,,1,55,,248260,24,,,1,14,,248261,24,,,1,14,,248262,24,,,1,14,,248263,24,,,1,13,,248264,24,,,1,60,,248265,24,,,1,20,,248266,24,,,1,20,,248267,24,,,1,57,,248268,24,,,1,28,,248269,24,,,1,70,,248270,24,,,1,30,,248271,43,0,28 41 7 42,1,70,,248272,43,0,28 41 7 42,1,30,,248273,43,0,28 41 7 42,1,70,,248274,43,0,28 41 7 42,1
201,'002-Weekday-7-26-09-1111100',504,,248291,24,,,1,20,,248292,24,,,1,20,,248293,24,,,1,60,,248294,24,,,1,20,,248295,24,,,1,12,,248364,24,,,1,13,,248365,24,,,1,51,,248366,24,,,1,10,,248367,24,,,1,10,,248368,24,,,1,10,,248369,24,,,1,10,,248370,24,,,1,10,,248371,24,,,1,50,,248372,24,,,1,10,,248373,24,,,1,10,,248374,24,,,1,10,,248375,24,,,1,10,,248376,24,,,1,10,,248377,24,,,1,55,,248296,24,,,1,15,,248363,24,,,1,15,,248297,24,,,1,15,,248298,24,,,1,55,,248299,24,,,1,15,,248300,24,,,1,15,,248301,24,,,1,15,,248302,24,,,1,55,,248303,24,,,1,15,,248304,24,,,1,15,,248305,24,,,1,15,,248306,24,,,1,55,,248307,24,,,1,15,,248308,24,,,1,15,,248309,24,,,1,15,,248310,24,,,1,55,,248311,24,,,1,15,,248312,24,,,1,15,,248313,24,,,1,15,,248314,24,,,1,55,,248315,24,,,1,15,,248316,24,,,1,15,,248317,24,,,1,15,,248318,24,,,1,55,,248319,24,,,1,13,,248320,24,,,1,13,,248321,24,,,1,12,,248322,24,,,1,12,,248323,24,,,1,52,,248324,24,,,1,13,,248325,24,,,1,14,,248326,24,,,1,12,,248327,24,,,1,12,,248328,24,,,1,55,,248329,24,,,1,15,,248330,24,,,1,15,,248331,24,,,1,15,,248332,24,,,1,55,,248333,24,,,1,14,,248334,24,,,1,13,,248335,24,,,1,12,,248336,24,,,1,56,,248337,24,,,1,19,,248338,24,,,1,18,,248339,24,,,1,55,,248340,24,,,1,15,,248341,24,,,1,15,,248342,24,,,1,15,,248343,24,,,1,55,,248344,24,,,1,15,,248345,24,,,1,15,,248346,24,,,1,15,,248347,24,,,1,55,,248348,24,,,1,14,,248349,24,,,1,14,,248350,24,,,1,14,,248351,24,,,1,13,,248352,24,,,1,60,,248353,24,,,1,20,,248354,24,,,1,20,,248355,24,,,1,57,,248356,24,,,1,28,,248357,24,,,1,70,,248358,24,,,1,30,,248359,43,0,28 41 7 42,1,70,,248360,43,0,28 41 7 42,1,30,,248361,43,0,28 41 7 42,1,70,,248362,43,0,28 41 7 42,1
201,'002-Saturday-1-26-09-0000010',535,,204357,24,,,1,20,,204283,24,,,1,60,,204282,24,,,1,20,,204284,24,,,1,20,,204285,24,,,1,60,,204286,24,,,1,20,,204287,24,,,1,20,,204288,24,,,1,55,,204289,24,,,1,15,,204290,24,,,1,15,,204291,24,,,1,16,,204292,24,,,1,58,,204293,24,,,1,18,,204294,24,,,1,16,,204295,24,,,1,56,,204296,24,,,1,19,,204297,24,,,1,15,,204298,24,,,1,15,,204299,24,,,1,55,,204300,24,,,1,15,,204301,24,,,1,15,,204302,24,,,1,15,,204303,24,,,1,55,,204304,24,,,1,15,,204305,24,,,1,15,,204306,24,,,1,15,,204307,24,,,1,55,,204308,24,,,1,15,,204309,24,,,1,15,,204310,24,,,1,15,,204311,24,,,1,55,,204312,24,,,1,15,,204313,24,,,1,15,,204314,24,,,1,15,,204315,24,,,1,55,,204317,24,,,1,15,,204318,24,,,1,15,,204319,24,,,1,15,,204316,24,,,1,55,,204320,24,,,1,15,,204321,24,,,1,15,,204322,24,,,1,15,,204323,24,,,1,55,,204324,24,,,1,14,,204325,24,,,1,14,,204326,24,,,1,15,,204327,24,,,1,52,,204328,24,,,1,15,,204329,24,,,1,15,,204330,24,,,1,15,,204331,24,,,1,55,,204332,24,,,1,15,,204333,24,,,1,15,,204334,24,,,1,15,,204335,24,,,1,55,,204336,24,,,1,15,,204337,24,,,1,15,,204338,24,,,1,15,,204339,24,,,1,55,,204340,24,,,1,15,,204341,24,,,1,15,,204342,24,,,1,15,,204343,24,,,1,55,,204344,24,,,1,15,,204345,24,,,1,15,,204346,24,,,1,15,,204347,24,,,1,56,,204348,24,,,1,20,,204349,24,,,1,20,,204350,24,,,1,59,,204352,24,,,1,14,,204358,24,,,1,23,,204359,43,0,28 41 7 42,1,70,,204353,43,0,28 41 7 42,1,30,,204354,43,0,28 41 7 42,1,70,,204351,43,0,28 41 7 42,1,30,,204355,43,0,28 41 7 42,1,70,,204356,43,0,28 41 7 42,1
201,'002-Sunday-1-26-09-0000001',601,,204360,24,,,1,20,,204361,24,,,1,16,,204363,24,,,1,20,,204364,24,,,1,60,,204365,24,,,1,20,,204362,24,,,1,20,,204366,24,,,1,60,,204367,24,,,1,20,,204368,24,,,1,21,,204369,24,,,1,63,,204370,24,,,1,21,,204371,24,,,1,60,,204372,24,,,1,20,,204373,24,,,1,24,,204374,24,,,1,60,,204375,24,,,1,15,,204376,24,,,1,15,,204377,24,,,1,15,,204378,24,,,1,55,,204379,24,,,1,15,,204380,24,,,1,15,,204381,24,,,1,15,,204382,24,,,1,55,,204383,24,,,1,15,,204384,24,,,1,15,,204385,24,,,1,15,,204386,24,,,1,55,,204387,24,,,1,15,,204388,24,,,1,15,,204389,24,,,1,15,,204390,24,,,1,55,,204391,24,,,1,15,,204392,24,,,1,15,,204393,24,,,1,15,,204394,24,,,1,55,,204395,24,,,1,15,,204396,24,,,1,15,,204398,24,,,1,15,,204399,24,,,1,55,,204400,24,,,1,13,,204397,24,,,1,15,,204401,24,,,1,13,,204402,24,,,1,55,,204403,24,,,1,15,,204404,24,,,1,15,,204405,24,,,1,15,,204406,24,,,1,55,,204407,24,,,1,15,,204408,24,,,1,15,,204409,24,,,1,15,,204410,24,,,1,55,,204411,24,,,1,15,,204412,24,,,1,15,,204413,24,,,1,15,,204414,24,,,1,55,,204415,24,,,1,15,,204416,24,,,1,15,,204417,24,,,1,15,,204418,24,,,1,55,,204419,24,,,1,17,,204420,24,,,1,15,,204421,24,,,1,15,,204422,24,,,1,60,,204423,24,,,1,20,,204424,24,,,1,20,,204425,24,,,1,65,,204426,24,,,1,26,,204427,43,0,28 41 7 42,1,70,,204428,43,0,28 41 7 42,1,30,,204429,43,0,28 41 7 42,1,70,,204430,43,0,28 41 7 42,1,30,,204431,43,0,28 41 7 42,1,70,,204432,43,0,28 41 7 42,1
701,'007-Weekday-1-26-09-1111100',519,,208418,14,,,1,20,,208417,14,,,1,20,,208419,14,,,1,55,,208442,14,,,1,15,,208443,14,,,1,17,,208444,14,,,1,7,,208448,14,,,1,48,,208445,14,,,1,7,,208449,14,,,1,8,,208447,14,,,1,7,,208446,14,,,1,8,,208450,14,,,1,7,,208451,14,,,1,8,,208452,14,,,1,7,,208453,14,,,1,50,,208454,14,,,1,7,,208455,14,,,1,8,,208456,14,,,1,12,,208464,14,,,1,12,,208465,14,,,1,12,,208461,14,,,1,53,,208463,14,,,1,13,,208460,14,,,1,12,,208462,14,,,1,13,,208459,14,,,1,11,,208458,14,,,1,52,,208457,14,,,1,12,,208420,14,,,1,12,,208421,14,,,1,12,,208422,14,,,1,12,,208423,14,,,1,52,,208424,14,,,1,12,,208425,14,,,1,14,,208426,14,,,1,13,,208427,14,,,1,12,,208428,14,,,1,52,,208429,14,,,1,12,,208430,14,,,1,12,,208431,14,,,1,12,,208432,14,,,1,12,,208433,14,,,1,52,,208434,14,,,1,12,,208435,14,,,1,12,,208436,14,,,1,12,,208437,14,,,1,12,,208438,14,,,1,52,,208439,14,,,1,12,,208440,14,,,1,12,,208441,14,,,1,12,,208466,14,,,1,12,,208467,14,,,1,54,,208468,14,,,1,13,,208469,14,,,1,9,,208470,14,,,1,10,,208471,14,,,1,10,,208472,14,,,1,48,,208473,14,,,1,7,,208474,14,,,1,8,,208475,14,,,1,7,,208476,14,,,1,8,,208477,14,,,1,7,,208478,14,,,1,8,,208479,14,,,1,7,,208480,14,,,1,48,,208481,14,,,1,7,,208482,14,,,1,8,,208483,14,,,1,7,,208484,14,,,1,8,,208485,14,,,1,7,,208486,14,,,1,8,,208487,14,,,1,7,,208488,14,,,1,55,,208489,14,,,1,15,,208490,14,,,1,13,,208491,14,,,1,14,,208492,14,,,1,56,,208493,14,,,1,14,,208494,14,,,1,15,,208495,14,,,1,15,,208496,14,,,1,55,,208497,14,,,1,15,,208498,14,,,1,15,,208499,14,,,1,15,,208500,14,,,1,55,,208501,14,,,1,15,,208502,14,,,1,15,,208503,14,,,1,15,,208504,14,,,1,55,,208505,14,,,1,15,,208506,14,,,1,15,,208507,14,,,1,16,,208508,14,,,1,60,,208509,14,,,1,20,,208510,14,,,1,20,,208511,14,,,1,60,,208512,14,,,1,20,,208513,14,,,1
701,'007-Weekday-2-26-09-1111100',519,,208515,14,,,1,20,,208514,14,,,1,20,,208516,14,,,1,55,,208539,14,,,1,15,,208540,14,,,1,17,,208541,14,,,1,7,,208545,14,,,1,48,,208542,14,,,1,7,,208546,14,,,1,8,,208544,14,,,1,7,,208543,14,,,1,8,,208547,14,,,1,7,,208548,14,,,1,8,,208549,14,,,1,7,,208550,14,,,1,50,,208551,14,,,1,7,,208552,14,,,1,8,,208553,14,,,1,12,,208561,14,,,1,12,,208562,14,,,1,12,,208558,14,,,1,53,,208560,14,,,1,13,,208557,14,,,1,12,,208559,14,,,1,13,,208556,14,,,1,11,,208555,14,,,1,52,,208554,14,,,1,12,,208517,14,,,1,12,,208518,14,,,1,12,,208519,14,,,1,12,,208520,14,,,1,52,,208521,14,,,1,12,,208522,14,,,1,14,,208523,14,,,1,13,,208524,14,,,1,12,,208525,14,,,1,52,,208526,14,,,1,12,,208527,14,,,1,12,,208528,14,,,1,12,,208529,14,,,1,12,,208530,14,,,1,52,,208531,14,,,1,12,,208532,14,,,1,12,,208533,14,,,1,12,,208534,14,,,1,12,,208535,14,,,1,52,,208536,14,,,1,12,,208537,14,,,1,12,,208538,14,,,1,12,,208563,14,,,1,12,,208564,14,,,1,54,,208565,14,,,1,13,,208566,14,,,1,9,,208567,14,,,1,10,,208568,14,,,1,10,,208569,14,,,1,48,,208570,14,,,1,7,,208571,14,,,1,8,,208572,14,,,1,7,,208573,14,,,1,8,,208574,14,,,1,7,,208575,14,,,1,8,,208576,14,,,1,7,,208577,14,,,1,48,,208578,14,,,1,7,,208579,14,,,1,8,,208580,14,,,1,7,,208581,14,,,1,8,,208582,14,,,1,7,,208583,14,,,1,8,,208584,14,,,1,7,,208585,14,,,1,55,,208586,14,,,1,15,,208587,14,,,1,13,,208588,14,,,1,14,,208589,14,,,1,56,,208590,14,,,1,14,,208591,14,,,1,15,,208592,14,,,1,15,,208593,14,,,1,55,,208594,14,,,1,15,,208595,14,,,1,15,,208596,14,,,1,15,,208597,14,,,1,55,,208598,14,,,1,15,,208599,14,,,1,15,,208600,14,,,1,15,,208601,14,,,1,55,,208602,14,,,1,15,,208603,14,,,1,15,,208604,14,,,1,16,,208605,14,,,1,60,,208606,14,,,1,20,,208607,14,,,1,20,,208608,14,,,1,60,,208609,14,,,1,20,,208610,14,,,1
701,'007-Weekday-3-26-09-1111100',519,,251841,14,,,1,20,,251840,14,,,1,20,,251842,14,,,1,55,,251865,14,,,1,15,,251866,14,,,1,17,,251867,14,,,1,7,,251871,14,,,1,48,,251868,14,,,1,7,,251872,14,,,1,8,,251870,14,,,1,7,,251869,14,,,1,8,,251873,14,,,1,7,,251874,14,,,1,8,,251875,14,,,1,7,,251876,14,,,1,50,,251877,14,,,1,7,,251878,14,,,1,8,,251879,14,,,1,12,,251887,14,,,1,12,,251888,14,,,1,12,,251884,14,,,1,53,,251886,14,,,1,13,,251883,14,,,1,12,,251885,14,,,1,13,,251882,14,,,1,11,,251881,14,,,1,52,,251880,14,,,1,12,,251843,14,,,1,12,,251844,14,,,1,12,,251845,14,,,1,12,,251846,14,,,1,52,,251847,14,,,1,12,,251848,14,,,1,14,,251849,14,,,1,13,,251850,14,,,1,12,,251851,14,,,1,52,,251852,14,,,1,12,,251853,14,,,1,12,,251854,14,,,1,12,,251855,14,,,1,12,,251856,14,,,1,52,,251857,14,,,1,12,,251858,14,,,1,12,,251859,14,,,1,12,,251860,14,,,1,12,,251861,14,,,1,52,,251862,14,,,1,12,,251863,14,,,1,12,,251864,14,,,1,12,,251889,14,,,1,12,,251890,14,,,1,54,,251891,14,,,1,13,,251892,14,,,1,9,,251893,14,,,1,10,,251894,14,,,1,10,,251895,14,,,1,48,,251896,14,,,1,7,,251897,14,,,1,8,,251898,14,,,1,7,,251899,14,,,1,8,,251900,14,,,1,7,,251901,14,,,1,8,,251902,14,,,1,7,,251903,14,,,1,48,,251904,14,,,1,7,,251905,14,,,1,8,,251906,14,,,1,7,,251907,14,,,1,8,,251908,14,,,1,7,,251909,14,,,1,8,,251910,14,,,1,7,,251911,14,,,1,55,,251912,14,,,1,15,,251913,14,,,1,13,,251914,14,,,1,14,,251915,14,,,1,56,,251916,14,,,1,14,,251917,14,,,1,15,,251918,14,,,1,15,,251919,14,,,1,55,,251920,14,,,1,15,,251921,14,,,1,15,,251922,14,,,1,15,,251923,14,,,1,55,,251924,14,,,1,15,,251925,14,,,1,15,,251926,14,,,1,15,,251927,14,,,1,55,,251928,14,,,1,15,,251929,14,,,1,15,,251930,14,,,1,16,,251931,14,,,1,60,,251932,14,,,1,20,,251933,14,,,1,20,,251934,14,,,1,60,,251935,14,,,1,20,,251936,14,,,1
701,'007-Weekday-4-26-09-1111100',519,,208612,14,,,1,20,,208611,14,,,1,20,,208613,14,,,1,55,,208636,14,,,1,15,,208637,14,,,1,17,,208638,14,,,1,7,,208642,14,,,1,48,,208639,14,,,1,7,,208643,14,,,1,8,,208641,14,,,1,7,,208640,14,,,1,8,,208644,14,,,1,7,,208645,14,,,1,8,,208646,14,,,1,7,,208647,14,,,1,50,,208648,14,,,1,7,,208649,14,,,1,8,,208650,14,,,1,12,,208658,14,,,1,12,,208659,14,,,1,12,,208655,14,,,1,53,,208657,14,,,1,13,,208654,14,,,1,12,,208656,14,,,1,13,,208653,14,,,1,11,,208652,14,,,1,52,,208651,14,,,1,12,,208614,14,,,1,12,,208615,14,,,1,12,,208616,14,,,1,12,,208617,14,,,1,52,,208618,14,,,1,12,,208619,14,,,1,14,,208620,14,,,1,13,,208621,14,,,1,12,,208622,14,,,1,52,,208623,14,,,1,12,,208624,14,,,1,12,,208625,14,,,1,12,,208626,14,,,1,12,,208627,14,,,1,52,,208628,14,,,1,12,,208629,14,,,1,12,,208630,14,,,1,12,,208631,14,,,1,12,,208632,14,,,1,52,,208633,14,,,1,12,,208634,14,,,1,12,,208635,14,,,1,12,,208660,14,,,1,12,,208661,14,,,1,54,,208662,14,,,1,13,,208663,14,,,1,9,,208664,14,,,1,10,,208665,14,,,1,10,,208666,14,,,1,48,,208667,14,,,1,7,,208668,14,,,1,8,,208669,14,,,1,7,,208670,14,,,1,8,,208671,14,,,1,7,,208672,14,,,1,8,,208673,14,,,1,7,,208674,14,,,1,48,,208675,14,,,1,7,,208676,14,,,1,8,,208677,14,,,1,7,,208678,14,,,1,8,,208679,14,,,1,7,,208680,14,,,1,8,,208681,14,,,1,7,,208682,14,,,1,55,,208683,14,,,1,15,,208684,14,,,1,13,,208685,14,,,1,14,,208686,14,,,1,56,,208687,14,,,1,14,,208688,14,,,1,15,,208689,14,,,1,15,,208690,14,,,1,55,,208691,14,,,1,15,,208692,14,,,1,15,,208693,14,,,1,15,,208694,14,,,1,55,,208695,14,,,1,15,,208696,14,,,1,15,,208697,14,,,1,15,,208698,14,,,1,55,,208699,14,,,1,15,,208700,14,,,1,15,,208701,14,,,1,16,,208702,14,,,1,60,,208703,14,,,1,20,,208704,14,,,1,20,,208705,14,,,1,60,,208706,14,,,1,20,,208707,14,,,1
701,'007-Weekday-5-26-09-1111100',519,,251938,14,,,1,20,,251937,14,,,1,20,,251939,14,,,1,55,,251962,14,,,1,15,,251963,14,,,1,17,,251964,14,,,1,7,,251968,14,,,1,48,,251965,14,,,1,7,,251969,14,,,1,8,,251967,14,,,1,7,,251966,14,,,1,8,,251970,14,,,1,7,,251971,14,,,1,8,,251972,14,,,1,7,,251973,14,,,1,50,,251974,14,,,1,7,,251975,14,,,1,8,,251976,14,,,1,12,,251984,14,,,1,12,,251985,14,,,1,12,,251981,14,,,1,53,,251983,14,,,1,13,,251980,14,,,1,12,,251982,14,,,1,13,,251979,14,,,1,11,,251978,14,,,1,52,,251977,14,,,1,12,,251940,14,,,1,12,,251941,14,,,1,12,,251942,14,,,1,12,,251943,14,,,1,52,,251944,14,,,1,12,,251945,14,,,1,14,,251946,14,,,1,13,,251947,14,,,1,12,,251948,14,,,1,52,,251949,14,,,1,12,,251950,14,,,1,12,,251951,14,,,1,12,,251952,14,,,1,12,,251953,14,,,1,52,,251954,14,,,1,12,,251955,14,,,1,12,,251956,14,,,1,12,,251957,14,,,1,12,,251958,14,,,1,52,,251959,14,,,1,12,,251960,14,,,1,12,,251961,14,,,1,12,,251986,14,,,1,12,,251987,14,,,1,54,,251988,14,,,1,13,,251989,14,,,1,9,,251990,14,,,1,10,,251991,14,,,1,10,,251992,14,,,1,48,,251993,14,,,1,7,,251994,14,,,1,8,,251995,14,,,1,7,,251996,14,,,1,8,,251997,14,,,1,7,,251998,14,,,1,8,,251999,14,,,1,7,,252000,14,,,1,48,,252001,14,,,1,7,,252002,14,,,1,8,,252003,14,,,1,7,,252004,14,,,1,8,,252005,14,,,1,7,,252006,14,,,1,8,,252007,14,,,1,7,,252008,14,,,1,55,,252009,14,,,1,15,,252010,14,,,1,13,,252011,14,,,1,14,,252012,14,,,1,56,,252013,14,,,1,14,,252014,14,,,1,15,,252015,14,,,1,15,,252016,14,,,1,55,,252017,14,,,1,15,,252018,14,,,1,15,,252019,14,,,1,15,,252020,14,,,1,55,,252021,14,,,1,15,,252022,14,,,1,15,,252023,14,,,1,15,,252024,14,,,1,55,,252025,14,,,1,15,,252026,14,,,1,15,,252027,14,,,1,16,,252028,14,,,1,60,,252029,14,,,1,20,,252030,14,,,1,20,,252031,14,,,1,60,,252032,14,,,1,20,,252033,14,,,1
701,'007-Weekday-6-26-09-1111100',519,,252036,14,,,1,20,,252035,14,,,1,20,,252037,14,,,1,55,,252060,14,,,1,15,,252061,14,,,1,17,,252062,14,,,1,7,,252066,14,,,1,48,,252063,14,,,1,7,,252067,14,,,1,8,,252065,14,,,1,7,,252064,14,,,1,8,,252068,14,,,1,7,,252069,14,,,1,8,,252070,14,,,1,7,,252071,14,,,1,50,,252072,14,,,1,7,,252073,14,,,1,8,,252074,14,,,1,12,,252082,14,,,1,12,,252083,14,,,1,12,,252079,14,,,1,53,,252081,14,,,1,13,,252078,14,,,1,12,,252080,14,,,1,13,,252077,14,,,1,11,,252076,14,,,1,52,,252075,14,,,1,12,,252038,14,,,1,12,,252039,14,,,1,12,,252040,14,,,1,12,,252041,14,,,1,52,,252042,14,,,1,12,,252043,14,,,1,14,,252044,14,,,1,13,,252045,14,,,1,12,,252046,14,,,1,52,,252047,14,,,1,12,,252048,14,,,1,12,,252049,14,,,1,12,,252050,14,,,1,12,,252051,14,,,1,52,,252052,14,,,1,12,,252053,14,,,1,12,,252054,14,,,1,12,,252055,14,,,1,12,,252056,14,,,1,52,,252057,14,,,1,12,,252058,14,,,1,12,,252059,14,,,1,12,,252084,14,,,1,12,,252085,14,,,1,54,,252086,14,,,1,13,,252087,14,,,1,9,,252088,14,,,1,10,,252089,14,,,1,10,,252090,14,,,1,48,,252091,14,,,1,7,,252092,14,,,1,8,,252093,14,,,1,7,,252094,14,,,1,8,,252095,14,,,1,7,,252096,14,,,1,8,,252097,14,,,1,7,,252098,14,,,1,48,,252099,14,,,1,7,,252100,14,,,1,8,,252101,14,,,1,7,,252102,14,,,1,8,,252103,14,,,1,7,,252104,14,,,1,8,,252105,14,,,1,7,,252106,14,,,1,55,,252107,14,,,1,15,,252108,14,,,1,13,,252109,14,,,1,14,,252110,14,,,1,56,,252111,14,,,1,14,,252112,14,,,1,15,,252113,14,,,1,15,,252114,14,,,1,55,,252115,14,,,1,15,,252116,14,,,1,15,,252117,14,,,1,15,,252118,14,,,1,55,,252119,14,,,1,15,,252120,14,,,1,15,,252121,14,,,1,15,,252122,14,,,1,55,,252123,14,,,1,15,,252124,14,,,1,15,,252125,14,,,1,16,,252126,14,,,1,60,,252127,14,,,1,20,,252128,14,,,1,20,,252129,14,,,1,60,,252130,14,,,1,20,,252131,14,,,1
701,'007-Weekday-7-26-09-1111100',519,,252133,14,,,1,20,,252132,14,,,1,20,,252134,14,,,1,55,,252157,14,,,1,15,,252158,14,,,1,17,,252159,14,,,1,7,,252163,14,,,1,48,,252160,14,,,1,7,,252164,14,,,1,8,,252162,14,,,1,7,,252161,14,,,1,8,,252165,14,,,1,7,,252166,14,,,1,8,,252167,14,,,1,7,,252168,14,,,1,50,,252169,14,,,1,7,,252170,14,,,1,8,,252171,14,,,1,12,,252179,14,,,1,12,,252180,14,,,1,12,,252176,14,,,1,53,,252178,14,,,1,13,,252175,14,,,1,12,,252177,14,,,1,13,,252174,14,,,1,11,,252173,14,,,1,52,,252172,14,,,1,12,,252135,14,,,1,12,,252136,14,,,1,12,,252137,14,,,1,12,,252138,14,,,1,52,,252139,14,,,1,12,,252140,14,,,1,14,,252141,14,,,1,13,,252142,14,,,1,12,,252143,14,,,1,52,,252144,14,,,1,12,,252145,14,,,1,12,,252146,14,,,1,12,,252147,14,,,1,12,,252148,14,,,1,52,,252149,14,,,1,12,,252150,14,,,1,12,,252151,14,,,1,12,,252152,14,,,1,12,,252153,14,,,1,52,,252154,14,,,1,12,,252155,14,,,1,12,,252156,14,,,1,12,,252181,14,,,1,12,,252182,14,,,1,54,,252183,14,,,1,13,,252184,14,,,1,9,,252185,14,,,1,10,,252186,14,,,1,10,,252187,14,,,1,48,,252188,14,,,1,7,,252189,14,,,1,8,,252190,14,,,1,7,,252191,14,,,1,8,,252192,14,,,1,7,,252193,14,,,1,8,,252194,14,,,1,7,,252195,14,,,1,48,,252196,14,,,1,7,,252197,14,,,1,8,,252198,14,,,1,7,,252199,14,,,1,8,,252200,14,,,1,7,,252201,14,,,1,8,,252202,14,,,1,7,,252203,14,,,1,55,,252204,14,,,1,15,,252205,14,,,1,13,,252206,14,,,1,14,,252207,14,,,1,56,,252208,14,,,1,14,,252209,14,,,1,15,,252210,14,,,1,15,,252211,14,,,1,55,,252212,14,,,1,15,,252213,14,,,1,15,,252214,14,,,1,15,,252215,14,,,1,55,,252216,14,,,1,15,,252217,14,,,1,15,,252218,14,,,1,15,,252219,14,,,1,55,,252220,14,,,1,15,,252221,14,,,1,15,,252222,14,,,1,16,,252223,14,,,1,60,,252224,14,,,1,20,,252225,14,,,1,20,,252226,14,,,1,60,,252227,14,,,1,20,,252228,14,,,1
701,'007-Saturday-1-26-09-0000010',554,,208775,14,,,1,60,,208709,14,,,1,20,,208710,14,,,1,20,,208711,14,,,1,60,,208712,14,,,1,20,,208713,14,,,1,20,,208714,14,,,1,60,,208715,14,,,1,20,,208716,14,,,1,15,,208717,14,,,1,56,,208718,14,,,1,17,,208719,14,,,1,20,,208720,14,,,1,16,,208721,14,,,1,55,,208722,14,,,1,15,,208723,14,,,1,15,,208724,14,,,1,15,,208725,14,,,1,55,,208726,14,,,1,15,,208727,14,,,1,15,,208728,14,,,1,15,,208729,14,,,1,55,,208730,14,,,1,15,,208731,14,,,1,15,,208732,14,,,1,15,,208733,14,,,1,55,,208734,14,,,1,15,,208735,14,,,1,15,,208736,14,,,1,15,,208737,14,,,1,55,,208738,14,,,1,15,,208739,14,,,1,15,,208740,14,,,1,15,,208741,14,,,1,55,,208742,14,,,1,15,,208743,14,,,1,15,,208744,14,,,1,15,,208745,14,,,1,55,,208746,14,,,1,15,,208747,14,,,1,15,,208748,14,,,1,15,,208749,14,,,1,54,,208750,14,,,1,14,,208751,14,,,1,14,,208752,14,,,1,15,,208753,14,,,1,55,,208754,14,,,1,15,,208755,14,,,1,15,,208756,14,,,1,15,,208757,14,,,1,55,,208758,14,,,1,15,,208759,14,,,1,15,,208760,14,,,1,60,,208761,14,,,1,20,,208762,14,,,1,20,,208763,14,,,1,60,,208764,14,,,1,20,,208765,14,,,1,20,,208766,14,,,1,60,,208767,14,,,1,20,,208768,14,,,1,20,,208769,14,,,1,60,,208770,14,,,1,20,,208771,14,,,1,20,,208772,14,,,1,60,,208773,14,,,1,20,,208774,14,,,1,20,,208708,14,,,1
701,'007-Sunday-1-26-09-0000001',614,,208838,14,,,1,33,,208776,14,,,1,60,,208777,14,,,1,20,,208778,14,,,1,20,,208779,14,,,1,60,,208780,14,,,1,20,,208781,14,,,1,20,,208782,14,,,1,61,,208783,14,,,1,20,,208784,14,,,1,22,,208785,14,,,1,60,,208786,14,,,1,20,,208787,14,,,1,20,,208788,14,,,1,60,,208789,14,,,1,15,,208790,14,,,1,15,,208791,14,,,1,15,,208792,14,,,1,55,,208793,14,,,1,15,,208794,14,,,1,15,,208795,14,,,1,15,,208796,14,,,1,55,,208797,14,,,1,16,,208798,14,,,1,16,,208799,14,,,1,15,,208800,14,,,1,55,,208801,14,,,1,15,,208802,14,,,1,15,,208803,14,,,1,15,,208804,14,,,1,55,,208805,14,,,1,15,,208806,14,,,1,15,,208807,14,,,1,15,,208808,14,,,1,55,,208809,14,,,1,15,,208810,14,,,1,15,,208811,14,,,1,15,,208812,14,,,1,55,,208813,14,,,1,15,,208814,14,,,1,15,,208815,14,,,1,15,,208816,14,,,1,55,,208817,14,,,1,15,,208818,14,,,1,15,,208819,14,,,1,15,,208820,14,,,1,55,,208821,14,,,1,15,,208822,14,,,1,15,,208823,14,,,1,60,,208824,14,,,1,20,,208825,14,,,1,20,,208826,14,,,1,60,,208827,14,,,1,20,,208828,14,,,1,20,,208829,14,,,1,60,,208830,14,,,1,20,,208831,14,,,1,18,,208832,14,,,1,19,,208833,14,,,1,60,,208834,14,,,1,20,,208835,14,,,1,20,,208836,14,,,1,60,,208837,14,,,1
90101,'901-Weekday-1-26-09-1111100',537,,236210,17,,,1,20,,236211,17,,,1,60,,236212,17,,,1,16,,236213,17,,,1,17,,236214,17,,,1,55,,236215,17,,,1,15,,236216,17,,,1,15,,236217,17,,,1,15,,236218,17,,,1,55,,236219,17,,,1,15,,236220,17,,,1,15,,236221,17,,,1,15,,236222,17,,,1,56,,236223,17,,,1,16,,236279,17,,,1,14,,236224,17,,,1,14,,236225,17,,,1,54,,236226,17,,,1,14,,236227,17,,,1,15,,236228,17,,,1,15,,236229,17,,,1,55,,236230,17,,,1,15,,236231,17,,,1,15,,236232,17,,,1,15,,236233,17,,,1,55,,236234,17,,,1,15,,236235,17,,,1,15,,236236,17,,,1,15,,236237,17,,,1,55,,236238,17,,,1,15,,236239,17,,,1,15,,236240,17,,,1,15,,236241,17,,,1,55,,236242,17,,,1,15,,236243,17,,,1,15,,236244,17,,,1,15,,236245,17,,,1,10,,236281,17,,,1,51,,236282,17,,,1,11,,236246,17,,,1,10,,236247,17,,,1,10,,236248,17,,,1,10,,236249,17,,,1,50,,236250,17,,,1,10,,236251,17,,,1,10,,236252,17,,,1,10,,236253,17,,,1,10,,236254,17,,,1,10,,236255,17,,,1,50,,236256,17,,,1,10,,236257,17,,,1,10,,236258,17,,,1,10,,236259,17,,,1,10,,236260,17,,,1,10,,236261,17,,,1,50,,236262,17,,,1,15,,236280,17,,,1,15,,236285,17,,,1,12,,236284,17,,,1,15,,236283,17,,,1,54,,236278,17,,,1,20,,236263,17,,,1,20,,236264,17,,,1,60,,236265,17,,,1,20,,236266,17,,,1,20,,236267,17,,,1,60,,236268,17,,,1,20,,236269,17,,,1,20,,236270,17,,,1,61,,236271,17,,,1,18,,236272,17,,,1,29,,236273,17,,,1,70,,236274,17,,,1,30,,236275,17,,,1,70,,236276,17,,,1,30,,236277,17,,,1
90101,'901-Weekday-2-26-09-1111100',537,,236286,17,,,1,20,,236287,17,,,1,60,,236288,17,,,1,16,,236289,17,,,1,17,,236290,17,,,1,55,,236291,17,,,1,15,,236292,17,,,1,15,,236293,17,,,1,15,,236294,17,,,1,55,,236295,17,,,1,15,,236296,17,,,1,15,,236297,17,,,1,15,,236298,17,,,1,56,,236299,17,,,1,16,,236355,17,,,1,14,,236300,17,,,1,14,,236301,17,,,1,54,,236302,17,,,1,14,,236303,17,,,1,15,,236304,17,,,1,15,,236305,17,,,1,55,,236306,17,,,1,15,,236307,17,,,1,15,,236308,17,,,1,15,,236309,17,,,1,55,,236310,17,,,1,15,,236311,17,,,1,15,,236312,17,,,1,15,,236313,17,,,1,55,,236314,17,,,1,15,,236315,17,,,1,15,,236316,17,,,1,15,,236317,17,,,1,55,,236318,17,,,1,15,,236319,17,,,1,15,,236320,17,,,1,15,,236321,17,,,1,10,,236357,17,,,1,51,,236358,17,,,1,11,,236322,17,,,1,10,,236323,17,,,1,10,,236324,17,,,1,10,,236325,17,,,1,50,,236326,17,,,1,10,,236327,17,,,1,10,,236328,17,,,1,10,,236329,17,,,1,10,,236330,17,,,1,10,,236331,17,,,1,50,,236332,17,,,1,10,,236333,17,,,1,10,,236334,17,,,1,10,,236335,17,,,1,10,,236336,17,,,1,10,,236337,17,,,1,50,,236338,17,,,1,15,,236356,17,,,1,15,,236361,17,,,1,12,,236360,17,,,1,15,,236359,17,,,1,54,,236354,17,,,1,20,,236339,17,,,1,20,,236340,17,,,1,60,,236341,17,,,1,20,,236342,17,,,1,20,,236343,17,,,1,60,,236344,17,,,1,20,,236345,17,,,1,20,,236346,17,,,1,61,,236347,17,,,1,18,,236348,17,,,1,29,,236349,17,,,1,70,,236350,17,,,1,30,,236351,17,,,1,70,,236352,17,,,1,30,,236353,17,,,1
90101,'901-Weekday-3-26-09-1111100',537,,278877,17,,,1,20,,278878,17,,,1,60,,278879,17,,,1,16,,278880,17,,,1,17,,278881,17,,,1,55,,278882,17,,,1,15,,278883,17,,,1,15,,278884,17,,,1,15,,278885,17,,,1,55,,278886,17,,,1,15,,278887,17,,,1,15,,278888,17,,,1,15,,278889,17,,,1,56,,278890,17,,,1,16,,278946,17,,,1,14,,278891,17,,,1,14,,278892,17,,,1,54,,278893,17,,,1,14,,278894,17,,,1,15,,278895,17,,,1,15,,278896,17,,,1,55,,278897,17,,,1,15,,278898,17,,,1,15,,278899,17,,,1,15,,278900,17,,,1,55,,278901,17,,,1,15,,278902,17,,,1,15,,278903,17,,,1,15,,278904,17,,,1,55,,278905,17,,,1,15,,278906,17,,,1,15,,278907,17,,,1,15,,278908,17,,,1,55,,278909,17,,,1,15,,278910,17,,,1,15,,278911,17,,,1,15,,278912,17,,,1,10,,278948,17,,,1,51,,278949,17,,,1,11,,278913,17,,,1,10,,278914,17,,,1,10,,278915,17,,,1,10,,278916,17,,,1,50,,278917,17,,,1,10,,278918,17,,,1,10,,278919,17,,,1,10,,278920,17,,,1,10,,278921,17,,,1,10,,278922,17,,,1,50,,278923,17,,,1,10,,278924,17,,,1,10,,278925,17,,,1,10,,278926,17,,,1,10,,278927,17,,,1,10,,278928,17,,,1,50,,278929,17,,,1,15,,278947,17,,,1,15,,278952,17,,,1,12,,278951,17,,,1,15,,278950,17,,,1,54,,278945,17,,,1,20,,278930,17,,,1,20,,278931,17,,,1,60,,278932,17,,,1,20,,278933,17,,,1,20,,278934,17,,,1,60,,278935,17,,,1,20,,278936,17,,,1,20,,278937,17,,,1,61,,278938,17,,,1,18,,278939,17,,,1,29,,278940,17,,,1,70,,278941,17,,,1,30,,278942,17,,,1,70,,278943,17,,,1,30,,278944,17,,,1
90101,'901-Weekday-4-26-09-1111100',537,,236362,17,,,1,20,,236363,17,,,1,60,,236364,17,,,1,16,,236365,17,,,1,17,,236366,17,,,1,55,,236367,17,,,1,15,,236368,17,,,1,15,,236369,17,,,1,15,,236370,17,,,1,55,,236371,17,,,1,15,,236372,17,,,1,15,,236373,17,,,1,15,,236374,17,,,1,56,,236375,17,,,1,16,,236431,17,,,1,14,,236376,17,,,1,14,,236377,17,,,1,54,,236378,17,,,1,14,,236379,17,,,1,15,,236380,17,,,1,15,,236381,17,,,1,55,,236382,17,,,1,15,,236383,17,,,1,15,,236384,17,,,1,15,,236385,17,,,1,55,,236386,17,,,1,15,,236387,17,,,1,15,,236388,17,,,1,15,,236389,17,,,1,55,,236390,17,,,1,15,,236391,17,,,1,15,,236392,17,,,1,15,,236393,17,,,1,55,,236394,17,,,1,15,,236395,17,,,1,15,,236396,17,,,1,15,,236397,17,,,1,10,,236433,17,,,1,51,,236434,17,,,1,11,,236398,17,,,1,10,,236399,17,,,1,10,,236400,17,,,1,10,,236401,17,,,1,50,,236402,17,,,1,10,,236403,17,,,1,10,,236404,17,,,1,10,,236405,17,,,1,10,,236406,17,,,1,10,,236407,17,,,1,50,,236408,17,,,1,10,,236409,17,,,1,10,,236410,17,,,1,10,,236411,17,,,1,10,,236412,17,,,1,10,,236413,17,,,1,50,,236414,17,,,1,15,,236432,17,,,1,15,,236437,17,,,1,12,,236436,17,,,1,15,,236435,17,,,1,54,,236430,17,,,1,20,,236415,17,,,1,20,,236416,17,,,1,60,,236417,17,,,1,20,,236418,17,,,1,20,,236419,17,,,1,60,,236420,17,,,1,20,,236421,17,,,1,20,,236422,17,,,1,61,,236423,17,,,1,18,,236424,17,,,1,29,,236425,17,,,1,70,,236426,17,,,1,30,,236427,17,,,1,70,,236428,17,,,1,30,,236429,17,,,1
90101,'901-Weekday-5-26-09-1111100',537,,278953,17,,,1,20,,278954,17,,,1,60,,278955,17,,,1,16,,278956,17,,,1,17,,278957,17,,,1,55,,278958,17,,,1,15,,278959,17,,,1,15,,278960,17,,,1,15,,278961,17,,,1,55,,278962,17,,,1,15,,278963,17,,,1,15,,278964,17,,,1,15,,278965,17,,,1,56,,278966,17,,,1,16,,279022,17,,,1,14,,278967,17,,,1,14,,278968,17,,,1,54,,278969,17,,,1,14,,278970,17,,,1,15,,278971,17,,,1,15,,278972,17,,,1,55,,278973,17,,,1,15,,278974,17,,,1,15,,278975,17,,,1,15,,278976,17,,,1,55,,278977,17,,,1,15,,278978,17,,,1,15,,278979,17,,,1,15,,278980,17,,,1,55,,278981,17,,,1,15,,278982,17,,,1,15,,278983,17,,,1,15,,278984,17,,,1,55,,278985,17,,,1,15,,278986,17,,,1,15,,278987,17,,,1,15,,278988,17,,,1,10,,279024,17,,,1,51,,279025,17,,,1,11,,278989,17,,,1,10,,278990,17,,,1,10,,278991,17,,,1,10,,278992,17,,,1,50,,278993,17,,,1,10,,278994,17,,,1,10,,278995,17,,,1,10,,278996,17,,,1,10,,278997,17,,,1,10,,278998,17,,,1,50,,278999,17,,,1,10,,279000,17,,,1,10,,279001,17,,,1,10,,279002,17,,,1,10,,279003,17,,,1,10,,279004,17,,,1,50,,279005,17,,,1,15,,279023,17,,,1,15,,279028,17,,,1,12,,279027,17,,,1,15,,279026,17,,,1,54,,279021,17,,,1,20,,279006,17,,,1,20,,279007,17,,,1,60,,279008,17,,,1,20,,279009,17,,,1,20,,279010,17,,,1,60,,279011,17,,,1,20,,279012,17,,,1,20,,279013,17,,,1,61,,279014,17,,,1,18,,279015,17,,,1,29,,279016,17,,,1,70,,279017,17,,,1,30,,279018,17,,,1,70,,279019,17,,,1,30,,279020,17,,,1
90101,'901-Weekday-6-26-09-1111100',537,,279029,17,,,1,20,,279030,17,,,1,60,,279031,17,,,1,16,,279032,17,,,1,17,,279033,17,,,1,55,,279034,17,,,1,15,,279035,17,,,1,15,,279036,17,,,1,15,,279037,17,,,1,55,,279038,17,,,1,15,,279039,17,,,1,15,,279040,17,,,1,15,,279041,17,,,1,56,,279042,17,,,1,16,,279098,17,,,1,14,,279043,17,,,1,14,,279044,17,,,1,54,,279045,17,,,1,14,,279046,17,,,1,15,,279047,17,,,1,15,,279048,17,,,1,55,,279049,17,,,1,15,,279050,17,,,1,15,,279051,17,,,1,15,,279052,17,,,1,55,,279053,17,,,1,15,,279054,17,,,1,15,,279055,17,,,1,15,,279056,17,,,1,55,,279057,17,,,1,15,,279058,17,,,1,15,,279059,17,,,1,15,,279060,17,,,1,55,,279061,17,,,1,15,,279062,17,,,1,15,,279063,17,,,1,15,,279064,17,,,1,10,,279100,17,,,1,51,,279101,17,,,1,11,,279065,17,,,1,10,,279066,17,,,1,10,,279067,17,,,1,10,,279068,17,,,1,50,,279069,17,,,1,10,,279070,17,,,1,10,,279071,17,,,1,10,,279072,17,,,1,10,,279073,17,,,1,10,,279074,17,,,1,50,,279075,17,,,1,10,,279076,17,,,1,10,,279077,17,,,1,10,,279078,17,,,1,10,,279079,17,,,1,10,,279080,17,,,1,50,,279081,17,,,1,15,,279099,17,,,1,15,,279104,17,,,1,12,,279103,17,,,1,15,,279102,17,,,1,54,,279097,17,,,1,20,,279082,17,,,1,20,,279083,17,,,1,60,,279084,17,,,1,20,,279085,17,,,1,20,,279086,17,,,1,60,,279087,17,,,1,20,,279088,17,,,1,20,,279089,17,,,1,61,,279090,17,,,1,18,,279091,17,,,1,29,,279092,17,,,1,70,,279093,17,,,1,30,,279094,17,,,1,70,,279095,17,,,1,30,,279096,17,,,1
90101,'901-Weekday-7-26-09-1111100',537,,279105,17,,,1,20,,279106,17,,,1,60,,279107,17,,,1,16,,279108,17,,,1,17,,279109,17,,,1,55,,279110,17,,,1,15,,279111,17,,,1,15,,279112,17,,,1,15,,279113,17,,,1,55,,279114,17,,,1,15,,279115,17,,,1,15,,279116,17,,,1,15,,279117,17,,,1,56,,279118,17,,,1,16,,279174,17,,,1,14,,279119,17,,,1,14,,279120,17,,,1,54,,279121,17,,,1,14,,279122,17,,,1,15,,279123,17,,,1,15,,279124,17,,,1,55,,279125,17,,,1,15,,279126,17,,,1,15,,279127,17,,,1,15,,279128,17,,,1,55,,279129,17,,,1,15,,279130,17,,,1,15,,279131,17,,,1,15,,279132,17,,,1,55,,279133,17,,,1,15,,279134,17,,,1,15,,279135,17,,,1,15,,279136,17,,,1,55,,279137,17,,,1,15,,279138,17,,,1,15,,279139,17,,,1,15,,279140,17,,,1,10,,279176,17,,,1,51,,279177,17,,,1,11,,279141,17,,,1,10,,279142,17,,,1,10,,279143,17,,,1,10,,279144,17,,,1,50,,279145,17,,,1,10,,279146,17,,,1,10,,279147,17,,,1,10,,279148,17,,,1,10,,279149,17,,,1,10,,279150,17,,,1,50,,279151,17,,,1,10,,279152,17,,,1,10,,279153,17,,,1,10,,279154,17,,,1,10,,279155,17,,,1,10,,279156,17,,,1,50,,279157,17,,,1,15,,279175,17,,,1,15,,279180,17,,,1,12,,279179,17,,,1,15,,279178,17,,,1,54,,279173,17,,,1,20,,279158,17,,,1,20,,279159,17,,,1,60,,279160,17,,,1,20,,279161,17,,,1,20,,279162,17,,,1,60,,279163,17,,,1,20,,279164,17,,,1,20,,279165,17,,,1,61,,279166,17,,,1,18,,279167,17,,,1,29,,279168,17,,,1,70,,279169,17,,,1,30,,279170,17,,,1,70,,279171,17,,,1,30,,279172,17,,,1
90101,'901-Saturday-1-26-09-0000010',604,,236438,17,,,1,30,,236439,17,,,1,70,,236440,17,,,1,30,,236441,17,,,1,70,,236442,17,,,1,30,,236443,17,,,1,24,,236444,17,,,1,63,,236445,17,,,1,20,,236446,17,,,1,60,,236447,17,,,1,21,,236448,17,,,1,22,,236449,17,,,1,60,,236450,17,,,1,20,,236451,17,,,1,20,,236452,17,,,1,60,,236453,17,,,1,20,,236454,17,,,1,20,,236455,17,,,1,60,,236456,17,,,1,20,,236457,17,,,1,20,,236458,17,,,1,60,,236459,17,,,1,20,,236460,17,,,1,20,,236461,17,,,1,60,,236462,17,,,1,20,,236463,17,,,1,20,,236464,17,,,1,60,,236465,17,,,1,20,,236466,17,,,1,20,,236467,17,,,1,60,,236468,17,,,1,20,,236469,17,,,1,19,,236470,17,,,1,60,,236471,17,,,1,20,,236472,17,,,1,20,,236473,17,,,1,60,,236474,17,,,1,20,,236475,17,,,1,26,,236476,17,,,1,70,,236477,17,,,1,30,,236478,17,,,1,70,,236479,17,,,1,30,,236480,17,,,1,70,,236481,17,,,1,30,,236482,17,,,1,70,,236483,17,,,1,30,,236484,17,,,1,70,,236485,17,,,1,30,,236486,17,,,1
90101,'901-Sunday-1-26-09-0000001',621,,236487,17,,,1,100,,236488,17,,,1,100,,236489,17,,,1,103,,236490,17,,,1,32,,236491,17,,,1,70,,236492,17,,,1,30,,236493,17,,,1,70,,236494,17,,,1,30,,236495,17,,,1,70,,236496,17,,,1,30,,236497,17,,,1,70,,236498,17,,,1,30,,236499,17,,,1,70,,236500,17,,,1,30,,236501,17,,,1,70,,236502,17,,,1,30,,236503,17,,,1,70,,236504,17,,,1,30,,236505,17,,,1,70,,236506,17,,,1,30,,236507,17,,,1,70,,236508,17,,,1,30,,236509,17,,,1,70,,236510,17,,,1,30,,236511,17,,,1,70,,236512,17,,,1,30,,236513,17,,,1,70,,236514,17,,,1,100,,236515,17,,,1,100,,236516,17,,,1,100,,236517,17,,,1
