91201,'912-Weekday-1-26-09-1111100',535,,238851,11,,,1,70,,238819,11,,,1,32,,238818,11,,,1,70,,238820,11,,,1,30,,238821,11,,,1,70,,238822,11,,,1,30,,238823,11,,,1,70,,238824,11,,,1,30,,238825,11,,,1,70,,238826,11,,,1,30,,238827,11,,,1,70,,238828,11,,,1,30,,238829,11,,,1,70,,238830,11,,,1,30,,238831,11,,,1,70,,238832,11,,,1,30,,238833,11,,,1,70,,238834,11,,,1,30,,238835,11,,,1,70,,238836,11,,,1,30,,238837,11,,,1,72,,238838,11,,,1,30,,238839,11,,,1,68,,238840,11,,,1,30,,238841,11,,,1,70,,238842,11,,,1,29,,238843,11,,,1,70,,238844,11,,,1,30,,238845,11,,,1,70,,238846,11,,,1,30,,238847,11,,,1,70,,238848,11,,,1,30,,238849,11,,,1,70,,238850,11,,,1
91201,'912-Weekday-2-26-09-1111100',535,,238885,11,,,1,70,,238853,11,,,1,32,,238852,11,,,1,70,,238854,11,,,1,30,,238855,11,,,1,70,,238856,11,,,1,30,,238857,11,,,1,70,,238858,11,,,1,30,,238859,11,,,1,70,,238860,11,,,1,30,,238861,11,,,1,70,,238862,11,,,1,30,,238863,11,,,1,70,,238864,11,,,1,30,,238865,11,,,1,70,,238866,11,,,1,30,,238867,11,,,1,70,,238868,11,,,1,30,,238869,11,,,1,70,,238870,11,,,1,30,,238871,11,,,1,72,,238872,11,,,1,30,,238873,11,,,1,68,,238874,11,,,1,30,,238875,11,,,1,70,,238876,11,,,1,29,,238877,11,,,1,70,,238878,11,,,1,30,,238879,11,,,1,70,,238880,11,,,1,30,,238881,11,,,1,70,,238882,11,,,1,30,,238883,11,,,1,70,,238884,11,,,1
91201,'912-Weekday-3-26-09-1111100',535,,281479,11,,,1,70,,281447,11,,,1,32,,281446,11,,,1,70,,281448,11,,,1,30,,281449,11,,,1,70,,281450,11,,,1,30,,281451,11,,,1,70,,281452,11,,,1,30,,281453,11,,,1,70,,281454,11,,,1,30,,281455,11,,,1,70,,281456,11,,,1,30,,281457,11,,,1,70,,281458,11,,,1,30,,281459,11,,,1,70,,281460,11,,,1,30,,281461,11,,,1,70,,281462,11,,,1,30,,281463,11,,,1,70,,281464,11,,,1,30,,281465,11,,,1,72,,281466,11,,,1,30,,281467,11,,,1,68,,281468,11,,,1,30,,281469,11,,,1,70,,281470,11,,,1,29,,281471,11,,,1,70,,281472,11,,,1,30,,281473,11,,,1,70,,281474,11,,,1,30,,281475,11,,,1,70,,281476,11,,,1,30,,281477,11,,,1,70,,281478,11,,,1
91201,'912-Weekday-4-26-09-1111100',535,,238919,11,,,1,70,,238887,11,,,1,32,,238886,11,,,1,70,,238888,11,,,1,30,,238889,11,,,1,70,,238890,11,,,1,30,,238891,11,,,1,70,,238892,11,,,1,30,,238893,11,,,1,70,,238894,11,,,1,30,,238895,11,,,1,70,,238896,11,,,1,30,,238897,11,,,1,70,,238898,11,,,1,30,,238899,11,,,1,70,,238900,11,,,1,30,,238901,11,,,1,70,,238902,11,,,1,30,,238903,11,,,1,70,,238904,11,,,1,30,,238905,11,,,1,72,,238906,11,,,1,30,,238907,11,,,1,68,,238908,11,,,1,30,,238909,11,,,1,70,,238910,11,,,1,29,,238911,11,,,1,70,,238912,11,,,1,30,,238913,11,,,1,70,,238914,11,,,1,30,,238915,11,,,1,70,,238916,11,,,1,30,,238917,11,,,1,70,,238918,11,,,1
91201,'912-Weekday-5-26-09-1111100',535,,281513,11,,,1,70,,281481,11,,,1,32,,281480,11,,,1,70,,281482,11,,,1,30,,281483,11,,,1,70,,281484,11,,,1,30,,281485,11,,,1,70,,281486,11,,,1,30,,281487,11,,,1,70,,281488,11,,,1,30,,281489,11,,,1,70,,281490,11,,,1,30,,281491,11,,,1,70,,281492,11,,,1,30,,281493,11,,,1,70,,281494,11,,,1,30,,281495,11,,,1,70,,281496,11,,,1,30,,281497,11,,,1,70,,281498,11,,,1,30,,281499,11,,,1,72,,281500,11,,,1,30,,281501,11,,,1,68,,281502,11,,,1,30,,281503,11,,,1,70,,281504,11,,,1,29,,281505,11,,,1,70,,281506,11,,,1,30,,281507,11,,,1,70,,281508,11,,,1,30,,281509,11,,,1,70,,281510,11,,,1,30,,281511,11,,,1,70,,281512,11,,,1
91201,'912-Weekday-6-26-09-1111100',535,,281547,11,,,1,70,,281515,11,,,1,32,,281514,11,,,1,70,,281516,11,,,1,30,,281517,11,,,1,70,,281518,11,,,1,30,,281519,11,,,1,70,,281520,11,,,1,30,,281521,11,,,1,70,,281522,11,,,1,30,,281523,11,,,1,70,,281524,11,,,1,30,,281525,11,,,1,70,,281526,11,,,1,30,,281527,11,,,1,70,,281528,11,,,1,30,,281529,11,,,1,70,,281530,11,,,1,30,,281531,11,,,1,70,,281532,11,,,1,30,,281533,11,,,1,72,,281534,11,,,1,30,,281535,11,,,1,68,,281536,11,,,1,30,,281537,11,,,1,70,,281538,11,,,1,29,,281539,11,,,1,70,,281540,11,,,1,30,,281541,11,,,1,70,,281542,11,,,1,30,,281543,11,,,1,70,,281544,11,,,1,30,,281545,11,,,1,70,,281546,11,,,1
91201,'912-Weekday-7-26-09-1111100',535,,281581,11,,,1,70,,281549,11,,,1,32,,281548,11,,,1,70,,281550,11,,,1,30,,281551,11,,,1,70,,281552,11,,,1,30,,281553,11,,,1,70,,281554,11,,,1,30,,281555,11,,,1,70,,281556,11,,,1,30,,281557,11,,,1,70,,281558,11,,,1,30,,281559,11,,,1,70,,281560,11,,,1,30,,281561,11,,,1,70,,281562,11,,,1,30,,281563,11,,,1,70,,281564,11,,,1,30,,281565,11,,,1,70,,281566,11,,,1,30,,281567,11,,,1,72,,281568,11,,,1,30,,281569,11,,,1,68,,281570,11,,,1,30,,281571,11,,,1,70,,281572,11,,,1,29,,281573,11,,,1,70,,281574,11,,,1,30,,281575,11,,,1,70,,281576,11,,,1,30,,281577,11,,,1,70,,281578,11,,,1,30,,281579,11,,,1,70,,281580,11,,,1
91201,'912-Saturday-1-26-09-0000010',810,,238921,11,,,1,30,,238920,11,,,1,71,,238922,11,,,1,27,,238923,11,,,1,70,,238924,11,,,1,30,,238925,11,,,1,70,,238926,11,,,1,30,,238927,11,,,1,70,,238928,11,,,1,30,,238929,11,,,1,70,,238930,11,,,1,30,,238931,11,,,1,70,,238932,11,,,1,30,,238933,11,,,1,70,,238934,11,,,1,30,,238935,11,,,1,70,,238936,11,,,1,30,,238937,11,,,1,71,,238938,11,,,1,31,,238939,11,,,1,70,,238940,11,,,1,30,,238941,11,,,1,70,,238942,11,,,1
91201,'912-Sunday-1-26-09-0000001',1007,,238944,11,,,1,30,,238943,11,,,1,70,,238945,11,,,1,30,,238946,11,,,1,70,,238947,11,,,1,30,,238948,11,,,1,70,,238949,11,,,1,30,,238950,11,,,1,70,,238951,11,,,1,30,,238952,11,,,1,70,,238953,11,,,1,30,,238954,11,,,1,70,,238955,11,,,1,30,,238956,11,,,1,69,,238957,11,,,1,30,,238958,11,,,1,70,,238959,11,,,1,30,,238960,11,,,1,70,,238961,11,,,1
92101,'921-Weekday-1-26-09-1111100',523,,241381,11,,,1,30,,241382,11,,,1,70,,241383,11,,,1,25,,241384,11,,,1,60,,241385,11,,,1,20,,241386,11,,,1,20,,241387,11,,,1,60,,241388,11,,,1,20,,241389,11,,,1,25,,241390,11,,,1,70,,241391,11,,,1,30,,241392,11,,,1,70,,241393,11,,,1,30,,241394,11,,,1,70,,241395,11,,,1,30,,241396,11,,,1,70,,241397,11,,,1,30,,241398,11,,,1,70,,241399,11,,,1,30,,241400,11,,,1,70,,241401,11,,,1,30,,241402,11,,,1,65,,241418,11,,,1,20,,241404,11,,,1,20,,241405,11,,,1,60,,241406,11,,,1,20,,241407,11,,,1,20,,241408,11,,,1,60,,241409,11,,,1,20,,241410,11,,,1,20,,241411,11,,,1,65,,241412,11,,,1,30,,241413,11,,,1,70,,241414,11,,,1,30,,241415,11,,,1,70,,241416,11,,,1,30,,241417,11,,,1,70,,241403,11,,,1,30,,241419,11,,,1,100,,241420,11,,,1
92101,'921-Weekday-2-26-09-1111100',523,,241421,11,,,1,30,,241422,11,,,1,70,,241423,11,,,1,25,,241424,11,,,1,60,,241425,11,,,1,20,,241426,11,,,1,20,,241427,11,,,1,60,,241428,11,,,1,20,,241429,11,,,1,25,,241430,11,,,1,70,,241431,11,,,1,30,,241432,11,,,1,70,,241433,11,,,1,30,,241434,11,,,1,70,,241435,11,,,1,30,,241436,11,,,1,70,,241437,11,,,1,30,,241438,11,,,1,70,,241439,11,,,1,30,,241440,11,,,1,70,,241441,11,,,1,30,,241442,11,,,1,65,,241458,11,,,1,20,,241444,11,,,1,20,,241445,11,,,1,60,,241446,11,,,1,20,,241447,11,,,1,20,,241448,11,,,1,60,,241449,11,,,1,20,,241450,11,,,1,20,,241451,11,,,1,65,,241452,11,,,1,30,,241453,11,,,1,70,,241454,11,,,1,30,,241455,11,,,1,70,,241456,11,,,1,30,,241457,11,,,1,70,,241443,11,,,1,30,,241459,11,,,1,100,,241460,11,,,1
92101,'921-Weekday-3-26-09-1111100',523,,283927,11,,,1,30,,283928,11,,,1,70,,283929,11,,,1,25,,283930,11,,,1,60,,283931,11,,,1,20,,283932,11,,,1,20,,283933,11,,,1,60,,283934,11,,,1,20,,283935,11,,,1,25,,283936,11,,,1,70,,283937,11,,,1,30,,283938,11,,,1,70,,283939,11,,,1,30,,283940,11,,,1,70,,283941,11,,,1,30,,283942,11,,,1,70,,283943,11,,,1,30,,283944,11,,,1,70,,283945,11,,,1,30,,283946,11,,,1,70,,283947,11,,,1,30,,283948,11,,,1,65,,283964,11,,,1,20,,283950,11,,,1,20,,283951,11,,,1,60,,283952,11,,,1,20,,283953,11,,,1,20,,283954,11,,,1,60,,283955,11,,,1,20,,283956,11,,,1,20,,283957,11,,,1,65,,283958,11,,,1,30,,283959,11,,,1,70,,283960,11,,,1,30,,283961,11,,,1,70,,283962,11,,,1,30,,283963,11,,,1,70,,283949,11,,,1,30,,283965,11,,,1,100,,283966,11,,,1
92101,'921-Weekday-4-26-09-1111100',523,,241461,11,,,1,30,,241462,11,,,1,70,,241463,11,,,1,25,,241464,11,,,1,60,,241465,11,,,1,20,,241466,11,,,1,20,,241467,11,,,1,60,,241468,11,,,1,20,,241469,11,,,1,25,,241470,11,,,1,70,,241471,11,,,1,30,,241472,11,,,1,70,,241473,11,,,1,30,,241474,11,,,1,70,,241475,11,,,1,30,,241476,11,,,1,70,,241477,11,,,1,30,,241478,11,,,1,70,,241479,11,,,1,30,,241480,11,,,1,70,,241481,11,,,1,30,,241482,11,,,1,65,,241498,11,,,1,20,,241484,11,,,1,20,,241485,11,,,1,60,,241486,11,,,1,20,,241487,11,,,1,20,,241488,11,,,1,60,,241489,11,,,1,20,,241490,11,,,1,20,,241491,11,,,1,65,,241492,11,,,1,30,,241493,11,,,1,70,,241494,11,,,1,30,,241495,11,,,1,70,,241496,11,,,1,30,,241497,11,,,1,70,,241483,11,,,1,30,,241499,11,,,1,100,,241500,11,,,1
92101,'921-Weekday-5-26-09-1111100',523,,283967,11,,,1,30,,283968,11,,,1,70,,283969,11,,,1,25,,283970,11,,,1,60,,283971,11,,,1,20,,283972,11,,,1,20,,283973,11,,,1,60,,283974,11,,,1,20,,283975,11,,,1,25,,283976,11,,,1,70,,283977,11,,,1,30,,283978,11,,,1,70,,283979,11,,,1,30,,283980,11,,,1,70,,283981,11,,,1,30,,283982,11,,,1,70,,283983,11,,,1,30,,283984,11,,,1,70,,283985,11,,,1,30,,283986,11,,,1,70,,283987,11,,,1,30,,283988,11,,,1,65,,284004,11,,,1,20,,283990,11,,,1,20,,283991,11,,,1,60,,283992,11,,,1,20,,283993,11,,,1,20,,283994,11,,,1,60,,283995,11,,,1,20,,283996,11,,,1,20,,283997,11,,,1,65,,283998,11,,,1,30,,283999,11,,,1,70,,284000,11,,,1,30,,284001,11,,,1,70,,284002,11,,,1,30,,284003,11,,,1,70,,283989,11,,,1,30,,284005,11,,,1,100,,284006,11,,,1
92101,'921-Weekday-6-26-09-1111100',523,,284007,11,,,1,30,,284008,11,,,1,70,,284009,11,,,1,25,,284010,11,,,1,60,,284011,11,,,1,20,,284012,11,,,1,20,,284013,11,,,1,60,,284014,11,,,1,20,,284015,11,,,1,25,,284016,11,,,1,70,,284017,11,,,1,30,,284018,11,,,1,70,,284019,11,,,1,30,,284020,11,,,1,70,,284021,11,,,1,30,,284022,11,,,1,70,,284023,11,,,1,30,,284024,11,,,1,70,,284025,11,,,1,30,,284026,11,,,1,70,,284027,11,,,1,30,,284028,11,,,1,65,,284044,11,,,1,20,,284030,11,,,1,20,,284031,11,,,1,60,,284032,11,,,1,20,,284033,11,,,1,20,,284034,11,,,1,60,,284035,11,,,1,20,,284036,11,,,1,20,,284037,11,,,1,65,,284038,11,,,1,30,,284039,11,,,1,70,,284040,11,,,1,30,,284041,11,,,1,70,,284042,11,,,1,30,,284043,11,,,1,70,,284029,11,,,1,30,,284045,11,,,1,100,,284046,11,,,1
92101,'921-Weekday-7-26-09-1111100',523,,284047,11,,,1,30,,284048,11,,,1,70,,284049,11,,,1,25,,284050,11,,,1,60,,284051,11,,,1,20,,284052,11,,,1,20,,284053,11,,,1,60,,284054,11,,,1,20,,284055,11,,,1,25,,284056,11,,,1,70,,284057,11,,,1,30,,284058,11,,,1,70,,284059,11,,,1,30,,284060,11,,,1,70,,284061,11,,,1,30,,284062,11,,,1,70,,284063,11,,,1,30,,284064,11,,,1,70,,284065,11,,,1,30,,284066,11,,,1,70,,284067,11,,,1,30,,284068,11,,,1,65,,284084,11,,,1,20,,284070,11,,,1,20,,284071,11,,,1,60,,284072,11,,,1,20,,284073,11,,,1,20,,284074,11,,,1,60,,284075,11,,,1,20,,284076,11,,,1,20,,284077,11,,,1,65,,284078,11,,,1,30,,284079,11,,,1,70,,284080,11,,,1,30,,284081,11,,,1,70,,284082,11,,,1,30,,284083,11,,,1,70,,284069,11,,,1,30,,284085,11,,,1,100,,284086,11,,,1
92101,'921-Saturday-1-26-09-0000010',655,,241522,11,,,1,100,,241524,11,,,1,100,,241525,11,,,1,69,,241518,11,,,1,30,,241520,11,,,1,70,,241513,11,,,1,30,,241502,11,,,1,70,,241516,11,,,1,30,,241527,11,,,1,70,,241515,11,,,1,30,,241503,11,,,1,70,,241514,11,,,1,30,,241505,11,,,1,70,,241512,11,,,1,30,,241526,11,,,1,70,,241511,11,,,1,30,,241506,11,,,1,70,,241510,11,,,1,30,,241501,11,,,1,71,,241508,11,,,1,30,,241507,11,,,1,70,,241509,11,,,1,30,,241523,11,,,1,100,,241519,11,,,1,100,,241521,11,,,1,100,,241517,11,,,1,100,,241504,11,,,1
92101,'921-Sunday-1-26-09-0000001',853,,241532,11,,,1,100,,241540,11,,,1,100,,241529,11,,,1,70,,241533,11,,,1,30,,241547,11,,,1,70,,241545,11,,,1,30,,241544,11,,,1,70,,241536,11,,,1,30,,241539,11,,,1,70,,241542,11,,,1,30,,241538,11,,,1,70,,241535,11,,,1,30,,241528,11,,,1,70,,241534,11,,,1,30,,241541,11,,,1,70,,241546,11,,,1,30,,241550,11,,,1,70,,241531,11,,,1,30,,241549,11,,,1,100,,241543,11,,,1,100,,241537,11,,,1,100,,241548,11,,,1,100,,241530,11,,,1
