5300,'053-Weekday-1-26-09-1111100',522,,211769,28,,,1,30,,211770,28,,,1,70,,211771,28,,,1,34,,211772,28,,,1,58,,211773,28,,,1,15,,211774,28,,,1,15,,211775,28,,,1,15,,211724,28,,,1,55,,211725,28,,,1,15,,211768,28,,,1,15,,211726,28,,,1,15,,211727,28,,,1,59,,211766,28,,,1,19,,211728,28,,,1,20,,211756,28,,,1,60,,211760,28,,,1,20,,211764,28,,,1,20,,211759,28,,,1,60,,211767,28,,,1,20,,211729,28,,,1,20,,211730,28,,,1,60,,211731,28,,,1,20,,211732,28,,,1,20,,211733,28,,,1,60,,211734,28,,,1,20,,211735,28,,,1,20,,211736,28,,,1,60,,211737,28,,,1,20,,211738,28,,,1,21,,211739,28,,,1,57,,211757,28,,,1,17,,211740,28,,,1,15,,211741,28,,,1,55,,211742,28,,,1,15,,211754,28,,,1,15,,211743,28,,,1,15,,211744,28,,,1,55,,211755,28,,,1,15,,211745,28,,,1,15,,211765,28,,,1,15,,211761,28,,,1,56,,211762,28,,,1,30,,211763,28,,,1,23,,211758,28,,,1,70,,211746,28,,,1,30,,211747,28,,,1,70,,211748,28,,,1,30,,211749,28,,,1,70,,211750,28,,,1,30,,211751,28,,,1,70,,211752,28,,,1,100,,211753,28,,,1,100,,211723,28,,,1
5300,'053-Weekday-2-26-09-1111100',522,,211822,28,,,1,30,,211823,28,,,1,70,,211824,28,,,1,34,,211825,28,,,1,58,,211826,28,,,1,15,,211827,28,,,1,15,,211828,28,,,1,15,,211777,28,,,1,55,,211778,28,,,1,15,,211821,28,,,1,15,,211779,28,,,1,15,,211780,28,,,1,59,,211819,28,,,1,19,,211781,28,,,1,20,,211809,28,,,1,60,,211813,28,,,1,20,,211817,28,,,1,20,,211812,28,,,1,60,,211820,28,,,1,20,,211782,28,,,1,20,,211783,28,,,1,60,,211784,28,,,1,20,,211785,28,,,1,20,,211786,28,,,1,60,,211787,28,,,1,20,,211788,28,,,1,20,,211789,28,,,1,60,,211790,28,,,1,20,,211791,28,,,1,21,,211792,28,,,1,57,,211810,28,,,1,17,,211793,28,,,1,15,,211794,28,,,1,55,,211795,28,,,1,15,,211807,28,,,1,15,,211796,28,,,1,15,,211797,28,,,1,55,,211808,28,,,1,15,,211798,28,,,1,15,,211818,28,,,1,15,,211814,28,,,1,56,,211815,28,,,1,30,,211816,28,,,1,23,,211811,28,,,1,70,,211799,28,,,1,30,,211800,28,,,1,70,,211801,28,,,1,30,,211802,28,,,1,70,,211803,28,,,1,30,,211804,28,,,1,70,,211805,28,,,1,100,,211806,28,,,1,100,,211776,28,,,1
5300,'053-Weekday-3-26-09-1111100',522,,255018,28,,,1,30,,255019,28,,,1,70,,255020,28,,,1,34,,255021,28,,,1,58,,255022,28,,,1,15,,255023,28,,,1,15,,255024,28,,,1,15,,254973,28,,,1,55,,254974,28,,,1,15,,255017,28,,,1,15,,254975,28,,,1,15,,254976,28,,,1,59,,255015,28,,,1,19,,254977,28,,,1,20,,255005,28,,,1,60,,255009,28,,,1,20,,255013,28,,,1,20,,255008,28,,,1,60,,255016,28,,,1,20,,254978,28,,,1,20,,254979,28,,,1,60,,254980,28,,,1,20,,254981,28,,,1,20,,254982,28,,,1,60,,254983,28,,,1,20,,254984,28,,,1,20,,254985,28,,,1,60,,254986,28,,,1,20,,254987,28,,,1,21,,254988,28,,,1,57,,255006,28,,,1,17,,254989,28,,,1,15,,254990,28,,,1,55,,254991,28,,,1,15,,255003,28,,,1,15,,254992,28,,,1,15,,254993,28,,,1,55,,255004,28,,,1,15,,254994,28,,,1,15,,255014,28,,,1,15,,255010,28,,,1,56,,255011,28,,,1,30,,255012,28,,,1,23,,255007,28,,,1,70,,254995,28,,,1,30,,254996,28,,,1,70,,254997,28,,,1,30,,254998,28,,,1,70,,254999,28,,,1,30,,255000,28,,,1,70,,255001,28,,,1,100,,255002,28,,,1,100,,254972,28,,,1
5300,'053-Weekday-4-26-09-1111100',522,,211875,28,,,1,30,,211876,28,,,1,70,,211877,28,,,1,34,,211878,28,,,1,58,,211879,28,,,1,15,,211880,28,,,1,15,,211881,28,,,1,15,,211830,28,,,1,55,,211831,28,,,1,15,,211874,28,,,1,15,,211832,28,,,1,15,,211833,28,,,1,59,,211872,28,,,1,19,,211834,28,,,1,20,,211862,28,,,1,60,,211866,28,,,1,20,,211870,28,,,1,20,,211865,28,,,1,60,,211873,28,,,1,20,,211835,28,,,1,20,,211836,28,,,1,60,,211837,28,,,1,20,,211838,28,,,1,20,,211839,28,,,1,60,,211840,28,,,1,20,,211841,28,,,1,20,,211842,28,,,1,60,,211843,28,,,1,20,,211844,28,,,1,21,,211845,28,,,1,57,,211863,28,,,1,17,,211846,28,,,1,15,,211847,28,,,1,55,,211848,28,,,1,15,,211860,28,,,1,15,,211849,28,,,1,15,,211850,28,,,1,55,,211861,28,,,1,15,,211851,28,,,1,15,,211871,28,,,1,15,,211867,28,,,1,56,,211868,28,,,1,30,,211869,28,,,1,23,,211864,28,,,1,70,,211852,28,,,1,30,,211853,28,,,1,70,,211854,28,,,1,30,,211855,28,,,1,70,,211856,28,,,1,30,,211857,28,,,1,70,,211858,28,,,1,100,,211859,28,,,1,100,,211829,28,,,1
5300,'053-Weekday-5-26-09-1111100',522,,255071,28,,,1,30,,255072,28,,,1,70,,255073,28,,,1,34,,255074,28,,,1,58,,255075,28,,,1,15,,255076,28,,,1,15,,255077,28,,,1,15,,255026,28,,,1,55,,255027,28,,,1,15,,255070,28,,,1,15,,255028,28,,,1,15,,255029,28,,,1,59,,255068,28,,,1,19,,255030,28,,,1,20,,255058,28,,,1,60,,255062,28,,,1,20,,255066,28,,,1,20,,255061,28,,,1,60,,255069,28,,,1,20,,255031,28,,,1,20,,255032,28,,,1,60,,255033,28,,,1,20,,255034,28,,,1,20,,255035,28,,,1,60,,255036,28,,,1,20,,255037,28,,,1,20,,255038,28,,,1,60,,255039,28,,,1,20,,255040,28,,,1,21,,255041,28,,,1,57,,255059,28,,,1,17,,255042,28,,,1,15,,255043,28,,,1,55,,255044,28,,,1,15,,255056,28,,,1,15,,255045,28,,,1,15,,255046,28,,,1,55,,255057,28,,,1,15,,255047,28,,,1,15,,255067,28,,,1,15,,255063,28,,,1,56,,255064,28,,,1,30,,255065,28,,,1,23,,255060,28,,,1,70,,255048,28,,,1,30,,255049,28,,,1,70,,255050,28,,,1,30,,255051,28,,,1,70,,255052,28,,,1,30,,255053,28,,,1,70,,255054,28,,,1,100,,255055,28,,,1,100,,255025,28,,,1
5300,'053-Weekday-6-26-09-1111100',522,,255124,28,,,1,30,,255125,28,,,1,70,,255126,28,,,1,34,,255127,28,,,1,58,,255128,28,,,1,15,,255129,28,,,1,15,,255130,28,,,1,15,,255079,28,,,1,55,,255080,28,,,1,15,,255123,28,,,1,15,,255081,28,,,1,15,,255082,28,,,1,59,,255121,28,,,1,19,,255083,28,,,1,20,,255111,28,,,1,60,,255115,28,,,1,20,,255119,28,,,1,20,,255114,28,,,1,60,,255122,28,,,1,20,,255084,28,,,1,20,,255085,28,,,1,60,,255086,28,,,1,20,,255087,28,,,1,20,,255088,28,,,1,60,,255089,28,,,1,20,,255090,28,,,1,20,,255091,28,,,1,60,,255092,28,,,1,20,,255093,28,,,1,21,,255094,28,,,1,57,,255112,28,,,1,17,,255095,28,,,1,15,,255096,28,,,1,55,,255097,28,,,1,15,,255109,28,,,1,15,,255098,28,,,1,15,,255099,28,,,1,55,,255110,28,,,1,15,,255100,28,,,1,15,,255120,28,,,1,15,,255116,28,,,1,56,,255117,28,,,1,30,,255118,28,,,1,23,,255113,28,,,1,70,,255101,28,,,1,30,,255102,28,,,1,70,,255103,28,,,1,30,,255104,28,,,1,70,,255105,28,,,1,30,,255106,28,,,1,70,,255107,28,,,1,100,,255108,28,,,1,100,,255078,28,,,1
5300,'053-Weekday-7-26-09-1111100',522,,255177,28,,,1,30,,255178,28,,,1,70,,255179,28,,,1,34,,255180,28,,,1,58,,255181,28,,,1,15,,255182,28,,,1,15,,255183,28,,,1,15,,255132,28,,,1,55,,255133,28,,,1,15,,255176,28,,,1,15,,255134,28,,,1,15,,255135,28,,,1,59,,255174,28,,,1,19,,255136,28,,,1,20,,255164,28,,,1,60,,255168,28,,,1,20,,255172,28,,,1,20,,255167,28,,,1,60,,255175,28,,,1,20,,255137,28,,,1,20,,255138,28,,,1,60,,255139,28,,,1,20,,255140,28,,,1,20,,255141,28,,,1,60,,255142,28,,,1,20,,255143,28,,,1,20,,255144,28,,,1,60,,255145,28,,,1,20,,255146,28,,,1,21,,255147,28,,,1,57,,255165,28,,,1,17,,255148,28,,,1,15,,255149,28,,,1,55,,255150,28,,,1,15,,255162,28,,,1,15,,255151,28,,,1,15,,255152,28,,,1,55,,255163,28,,,1,15,,255153,28,,,1,15,,255173,28,,,1,15,,255169,28,,,1,56,,255170,28,,,1,30,,255171,28,,,1,23,,255166,28,,,1,70,,255154,28,,,1,30,,255155,28,,,1,70,,255156,28,,,1,30,,255157,28,,,1,70,,255158,28,,,1,30,,255159,28,,,1,70,,255160,28,,,1,100,,255161,28,,,1,100,,255131,28,,,1
5300,'053-Saturday-1-26-09-0000010',622,,211882,28,,,1,100,,211883,28,,,1,100,,211884,28,,,1,25,,211912,28,,,1,67,,211885,28,,,1,30,,211886,28,,,1,70,,211887,28,,,1,30,,211888,28,,,1,70,,211889,28,,,1,30,,211890,28,,,1,70,,211891,28,,,1,30,,211892,28,,,1,70,,211893,28,,,1,30,,211894,28,,,1,70,,211895,28,,,1,30,,211896,28,,,1,70,,211897,28,,,1,30,,211898,28,,,1,70,,211899,28,,,1,30,,211900,28,,,1,70,,211901,28,,,1,30,,211902,28,,,1,70,,211903,28,,,1,30,,211904,28,,,1,70,,211905,28,,,1,30,,211906,28,,,1,79,,211907,28,,,1,100,,211908,28,,,1,100,,211909,28,,,1,100,,211910,28,,,1,100,,211911,28,,,1
5300,'053-Sunday-1-26-09-0000001',725,,211913,28,,,1,100,,211914,28,,,1,99,,211915,28,,,1,100,,211916,28,,,1,30,,211917,28,,,1,70,,211918,28,,,1,30,,211919,28,,,1,70,,211920,28,,,1,30,,211921,28,,,1,70,,211922,28,,,1,30,,211923,28,,,1,70,,211924,28,,,1,30,,211925,28,,,1,70,,211926,28,,,1,30,,211927,28,,,1,70,,211928,28,,,1,30,,211929,28,,,1,70,,211930,28,,,1,30,,211931,28,,,1,70,,211932,28,,,1,30,,211933,28,,,1,70,,211938,28,,,1,100,,211934,28,,,1,100,,211935,28,,,1,100,,211936,28,,,1,100,,211937,28,,,1
63300,'633-Weekday-1-26-09-0001000',1218,,227579,9,,,1,2,,227580,9,,,1,2,,227581,9,,,1
63300,'633-Weekday-1-26-09-1110100',1518,,227585,9,,,1,2,,227582,9,,,1,2,,227583,9,,,1,3,,227584,9,,,1
63300,'633-Weekday-4-26-09-1110100',1518,,270415,9,,,1,2,,270412,9,,,1,2,,270413,9,,,1,3,,270414,9,,,1
63300,'633-Weekday-7-26-09-1110100',1518,,270419,9,,,1,2,,270416,9,,,1,2,,270417,9,,,1,3,,270418,9,,,1
63500,'635-Weekday-1-26-09-0000100',1001,,227599,47,,,1
63500,'635-Weekday-1-26-09-1111000',837,,227600,47,,,1
63500,'635-Weekday-3-26-09-1111000',837,,227601,47,,,1
63500,'635-Weekday-7-26-09-1111000',837,,270432,47,,,1
1000101,'001-Weekday-1-26-09-1111100',530,,242839,5,,,1,80,,242840,5,,,1,40,,242841,5,,,1,70,,242875,5,,,1,20,,242842,5,,,1,60,,242843,5,,,1,20,,242844,5,,,1,20,,242845,5,,,1,64,,242876,5,,,1,27,,242846,5,,,1,70,,242847,5,,,1,30,,242848,5,,,1,70,,242849,5,,,1,30,,242850,5,,,1,70,,242851,5,,,1,30,,242852,5,,,1,70,,242853,5,,,1,30,,242854,5,,,1,70,,242855,5,,,1,30,,242856,5,,,1,69,,242878,5,,,1,25,,242857,5,,,1,20,,242858,5,,,1,60,,242859,5,,,1,20,,242860,5,,,1,20,,242861,5,,,1,65,,242877,5,,,1,30,,242862,5,,,1,70,,242863,5,,,1,30,,242864,5,,,1,70,,242865,5,,,1,30,,242866,5,,,1,70,,242867,5,,,1,30,,242868,5,,,1,70,,242869,5,,,1,30,,242870,5,,,1,71,,242871,5,,,1,35,,242872,5,,,1,80,,242873,5,,,1,80,,242874,5,,,1
1000101,'001-Weekday-2-26-09-1111100',530,,242879,5,,,1,80,,242880,5,,,1,40,,242881,5,,,1,70,,242915,5,,,1,20,,242882,5,,,1,60,,242883,5,,,1,20,,242884,5,,,1,20,,242885,5,,,1,64,,242916,5,,,1,27,,242886,5,,,1,70,,242887,5,,,1,30,,242888,5,,,1,70,,242889,5,,,1,30,,242890,5,,,1,70,,242891,5,,,1,30,,242892,5,,,1,70,,242893,5,,,1,30,,242894,5,,,1,70,,242895,5,,,1,30,,242896,5,,,1,69,,242918,5,,,1,25,,242897,5,,,1,20,,242898,5,,,1,60,,242899,5,,,1,20,,242900,5,,,1,20,,242901,5,,,1,65,,242917,5,,,1,30,,242902,5,,,1,70,,242903,5,,,1,30,,242904,5,,,1,70,,242905,5,,,1,30,,242906,5,,,1,70,,242907,5,,,1,30,,242908,5,,,1,70,,242909,5,,,1,30,,242910,5,,,1,71,,242911,5,,,1,35,,242912,5,,,1,80,,242913,5,,,1,80,,242914,5,,,1
1000101,'001-Weekday-3-26-09-1111100',530,,285334,5,,,1,80,,285335,5,,,1,40,,285336,5,,,1,70,,285370,5,,,1,20,,285337,5,,,1,60,,285338,5,,,1,20,,285339,5,,,1,20,,285340,5,,,1,64,,285371,5,,,1,27,,285341,5,,,1,70,,285342,5,,,1,30,,285343,5,,,1,70,,285344,5,,,1,30,,285345,5,,,1,70,,285346,5,,,1,30,,285347,5,,,1,70,,285348,5,,,1,30,,285349,5,,,1,70,,285350,5,,,1,30,,285351,5,,,1,69,,285373,5,,,1,25,,285352,5,,,1,20,,285353,5,,,1,60,,285354,5,,,1,20,,285355,5,,,1,20,,285356,5,,,1,65,,285372,5,,,1,30,,285357,5,,,1,70,,285358,5,,,1,30,,285359,5,,,1,70,,285360,5,,,1,30,,285361,5,,,1,70,,285362,5,,,1,30,,285363,5,,,1,70,,285364,5,,,1,30,,285365,5,,,1,71,,285366,5,,,1,35,,285367,5,,,1,80,,285368,5,,,1,80,,285369,5,,,1
1000101,'001-Weekday-4-26-09-1111100',530,,242919,5,,,1,80,,242920,5,,,1,40,,242921,5,,,1,70,,242955,5,,,1,20,,242922,5,,,1,60,,242923,5,,,1,20,,242924,5,,,1,20,,242925,5,,,1,64,,242956,5,,,1,27,,242926,5,,,1,70,,242927,5,,,1,30,,242928,5,,,1,70,,242929,5,,,1,30,,242930,5,,,1,70,,242931,5,,,1,30,,242932,5,,,1,70,,242933,5,,,1,30,,242934,5,,,1,70,,242935,5,,,1,30,,242936,5,,,1,69,,242958,5,,,1,25,,242937,5,,,1,20,,242938,5,,,1,60,,242939,5,,,1,20,,242940,5,,,1,20,,242941,5,,,1,65,,242957,5,,,1,30,,242942,5,,,1,70,,242943,5,,,1,30,,242944,5,,,1,70,,242945,5,,,1,30,,242946,5,,,1,70,,242947,5,,,1,30,,242948,5,,,1,70,,242949,5,,,1,30,,242950,5,,,1,71,,242951,5,,,1,35,,242952,5,,,1,80,,242953,5,,,1,80,,242954,5,,,1
1000101,'001-Weekday-5-26-09-1111100',530,,285374,5,,,1,80,,285375,5,,,1,40,,285376,5,,,1,70,,285410,5,,,1,20,,285377,5,,,1,60,,285378,5,,,1,20,,285379,5,,,1,20,,285380,5,,,1,64,,285411,5,,,1,27,,285381,5,,,1,70,,285382,5,,,1,30,,285383,5,,,1,70,,285384,5,,,1,30,,285385,5,,,1,70,,285386,5,,,1,30,,285387,5,,,1,70,,285388,5,,,1,30,,285389,5,,,1,70,,285390,5,,,1,30,,285391,5,,,1,69,,285413,5,,,1,25,,285392,5,,,1,20,,285393,5,,,1,60,,285394,5,,,1,20,,285395,5,,,1,20,,285396,5,,,1,65,,285412,5,,,1,30,,285397,5,,,1,70,,285398,5,,,1,30,,285399,5,,,1,70,,285400,5,,,1,30,,285401,5,,,1,70,,285402,5,,,1,30,,285403,5,,,1,70,,285404,5,,,1,30,,285405,5,,,1,71,,285406,5,,,1,35,,285407,5,,,1,80,,285408,5,,,1,80,,285409,5,,,1
1000101,'001-Weekday-6-26-09-1111100',530,,285414,5,,,1,80,,285415,5,,,1,40,,285416,5,,,1,70,,285450,5,,,1,20,,285417,5,,,1,60,,285418,5,,,1,20,,285419,5,,,1,20,,285420,5,,,1,64,,285451,5,,,1,27,,285421,5,,,1,70,,285422,5,,,1,30,,285423,5,,,1,70,,285424,5,,,1,30,,285425,5,,,1,70,,285426,5,,,1,30,,285427,5,,,1,70,,285428,5,,,1,30,,285429,5,,,1,70,,285430,5,,,1,30,,285431,5,,,1,69,,285453,5,,,1,25,,285432,5,,,1,20,,285433,5,,,1,60,,285434,5,,,1,20,,285435,5,,,1,20,,285436,5,,,1,65,,285452,5,,,1,30,,285437,5,,,1,70,,285438,5,,,1,30,,285439,5,,,1,70,,285440,5,,,1,30,,285441,5,,,1,70,,285442,5,,,1,30,,285443,5,,,1,70,,285444,5,,,1,30,,285445,5,,,1,71,,285446,5,,,1,35,,285447,5,,,1,80,,285448,5,,,1,80,,285449,5,,,1
1000101,'001-Weekday-7-26-09-1111100',530,,285454,5,,,1,80,,285455,5,,,1,40,,285456,5,,,1,70,,285490,5,,,1,20,,285457,5,,,1,60,,285458,5,,,1,20,,285459,5,,,1,20,,285460,5,,,1,64,,285491,5,,,1,27,,285461,5,,,1,70,,285462,5,,,1,30,,285463,5,,,1,70,,285464,5,,,1,30,,285465,5,,,1,70,,285466,5,,,1,30,,285467,5,,,1,70,,285468,5,,,1,30,,285469,5,,,1,70,,285470,5,,,1,30,,285471,5,,,1,69,,285493,5,,,1,25,,285472,5,,,1,20,,285473,5,,,1,60,,285474,5,,,1,20,,285475,5,,,1,20,,285476,5,,,1,65,,285492,5,,,1,30,,285477,5,,,1,70,,285478,5,,,1,30,,285479,5,,,1,70,,285480,5,,,1,30,,285481,5,,,1,70,,285482,5,,,1,30,,285483,5,,,1,70,,285484,5,,,1,30,,285485,5,,,1,71,,285486,5,,,1,35,,285487,5,,,1,80,,285488,5,,,1,80,,285489,5,,,1
1000101,'001-Saturday-1-26-09-0000010',536,,242959,5,,,1,80,,242960,5,,,1,40,,242961,5,,,1,80,,242962,5,,,1,70,,242963,5,,,1,30,,242964,5,,,1,70,,242965,5,,,1,30,,242966,5,,,1,70,,242967,5,,,1,30,,242968,5,,,1,70,,242969,5,,,1,30,,242970,5,,,1,70,,242971,5,,,1,30,,242972,5,,,1,70,,242973,5,,,1,30,,242974,5,,,1,70,,242975,5,,,1,30,,242976,5,,,1,70,,242977,5,,,1,30,,242978,5,,,1,70,,242979,5,,,1,30,,242980,5,,,1,70,,242981,5,,,1,30,,242982,5,,,1,70,,242983,5,,,1,30,,242984,5,,,1,70,,242985,5,,,1,30,,242986,5,,,1,70,,242987,5,,,1,30,,242988,5,,,1,70,,242989,5,,,1,30,,242990,5,,,1,70,,242991,5,,,1,30,,242992,5,,,1,80,,242993,5,,,1,40,,242994,5,,,1
1000101,'001-Sunday-1-26-09-0000001',555,,242995,5,,,1,80,,242996,5,,,1,80,,242997,5,,,1,40,,242998,5,,,1,80,,242999,5,,,1,77,,243000,5,,,1,40,,243001,5,,,1,70,,243002,5,,,1,30,,243003,5,,,1,70,,243004,5,,,1,30,,243005,5,,,1,70,,243006,5,,,1,30,,243007,5,,,1,70,,243008,5,,,1,30,,243009,5,,,1,70,,243010,5,,,1,30,,243011,5,,,1,70,,243012,5,,,1,30,,243013,5,,,1,70,,243014,5,,,1,31,,243015,5,,,1,72,,243016,5,,,1,30,,243017,5,,,1,70,,243018,5,,,1,33,,243019,5,,,1,80,,243020,5,,,1,80,,243021,5,,,1,40,,243022,5,,,1,80,,243023,5,,,1,80,,243024,5,,,1,41,,243025,5,,,1,82,,243026,5,,,1
