90700,'907-Weekday-1-26-09-1111100',535,,237900,10,,,1,70,,237901,10,,,1,32,,237902,10,,,1,15,,237903,10,,,1,55,,237904,10,,,1,15,,237905,10,,,1,15,,237906,10,,,1,15,,237907,10,,,1,55,,237908,10,,,1,15,,237909,10,,,1,15,,237910,10,,,1,69,,237911,10,,,1,30,,237912,10,,,1,70,,237913,10,,,1,30,,237914,10,,,1,70,,237915,10,,,1,30,,237916,10,,,1,70,,237917,10,,,1,30,,237918,10,,,1,70,,237919,10,,,1,30,,237920,10,,,1,70,,237921,10,,,1,30,,237922,10,,,1,71,,237923,10,,,1,30,,237924,10,,,1,15,,237925,10,,,1,55,,237926,10,,,1,15,,237927,10,,,1,15,,237928,10,,,1,15,,237929,10,,,1,55,,237930,10,,,1,15,,237931,10,,,1,15,,237932,10,,,1,70,,237933,10,,,1,28,,237934,10,,,1,70,,237935,10,,,1,30,,237936,10,,,1,70,,237937,10,,,1,30,,237938,10,,,1,70,,237939,10,,,1,30,,237940,10,,,1,70,,237941,10,,,1,100,,237942,10,,,1,100,,237943,10,,,1
90700,'907-Weekday-2-26-09-1111100',535,,237944,10,,,1,70,,237945,10,,,1,32,,237946,10,,,1,15,,237947,10,,,1,55,,237948,10,,,1,15,,237949,10,,,1,15,,237950,10,,,1,15,,237951,10,,,1,55,,237952,10,,,1,15,,237953,10,,,1,15,,237954,10,,,1,69,,237955,10,,,1,30,,237956,10,,,1,70,,237957,10,,,1,30,,237958,10,,,1,70,,237959,10,,,1,30,,237960,10,,,1,70,,237961,10,,,1,30,,237962,10,,,1,70,,237963,10,,,1,30,,237964,10,,,1,70,,237965,10,,,1,30,,237966,10,,,1,71,,237967,10,,,1,30,,237968,10,,,1,15,,237969,10,,,1,55,,237970,10,,,1,15,,237971,10,,,1,15,,237972,10,,,1,15,,237973,10,,,1,55,,237974,10,,,1,15,,237975,10,,,1,15,,237976,10,,,1,70,,237977,10,,,1,28,,237978,10,,,1,70,,237979,10,,,1,30,,237980,10,,,1,70,,237981,10,,,1,30,,237982,10,,,1,70,,237983,10,,,1,30,,237984,10,,,1,70,,237985,10,,,1,100,,237986,10,,,1,100,,237987,10,,,1
90700,'907-Weekday-3-26-09-1111100',535,,280538,10,,,1,70,,280539,10,,,1,32,,280540,10,,,1,15,,280541,10,,,1,55,,280542,10,,,1,15,,280543,10,,,1,15,,280544,10,,,1,15,,280545,10,,,1,55,,280546,10,,,1,15,,280547,10,,,1,15,,280548,10,,,1,69,,280549,10,,,1,30,,280550,10,,,1,70,,280551,10,,,1,30,,280552,10,,,1,70,,280553,10,,,1,30,,280554,10,,,1,70,,280555,10,,,1,30,,280556,10,,,1,70,,280557,10,,,1,30,,280558,10,,,1,70,,280559,10,,,1,30,,280560,10,,,1,71,,280561,10,,,1,30,,280562,10,,,1,15,,280563,10,,,1,55,,280564,10,,,1,15,,280565,10,,,1,15,,280566,10,,,1,15,,280567,10,,,1,55,,280568,10,,,1,15,,280569,10,,,1,15,,280570,10,,,1,70,,280571,10,,,1,28,,280572,10,,,1,70,,280573,10,,,1,30,,280574,10,,,1,70,,280575,10,,,1,30,,280576,10,,,1,70,,280577,10,,,1,30,,280578,10,,,1,70,,280579,10,,,1,100,,280580,10,,,1,100,,280581,10,,,1
90700,'907-Weekday-4-26-09-1111100',535,,237988,10,,,1,70,,237989,10,,,1,32,,237990,10,,,1,15,,237991,10,,,1,55,,237992,10,,,1,15,,237993,10,,,1,15,,237994,10,,,1,15,,237995,10,,,1,55,,237996,10,,,1,15,,237997,10,,,1,15,,237998,10,,,1,69,,237999,10,,,1,30,,238000,10,,,1,70,,238001,10,,,1,30,,238002,10,,,1,70,,238003,10,,,1,30,,238004,10,,,1,70,,238005,10,,,1,30,,238006,10,,,1,70,,238007,10,,,1,30,,238008,10,,,1,70,,238009,10,,,1,30,,238010,10,,,1,71,,238011,10,,,1,30,,238012,10,,,1,15,,238013,10,,,1,55,,238014,10,,,1,15,,238015,10,,,1,15,,238016,10,,,1,15,,238017,10,,,1,55,,238018,10,,,1,15,,238019,10,,,1,15,,238020,10,,,1,70,,238021,10,,,1,28,,238022,10,,,1,70,,238023,10,,,1,30,,238024,10,,,1,70,,238025,10,,,1,30,,238026,10,,,1,70,,238027,10,,,1,30,,238028,10,,,1,70,,238029,10,,,1,100,,238030,10,,,1,100,,238031,10,,,1
90700,'907-Weekday-5-26-09-1111100',535,,280582,10,,,1,70,,280583,10,,,1,32,,280584,10,,,1,15,,280585,10,,,1,55,,280586,10,,,1,15,,280587,10,,,1,15,,280588,10,,,1,15,,280589,10,,,1,55,,280590,10,,,1,15,,280591,10,,,1,15,,280592,10,,,1,69,,280593,10,,,1,30,,280594,10,,,1,70,,280595,10,,,1,30,,280596,10,,,1,70,,280597,10,,,1,30,,280598,10,,,1,70,,280599,10,,,1,30,,280600,10,,,1,70,,280601,10,,,1,30,,280602,10,,,1,70,,280603,10,,,1,30,,280604,10,,,1,71,,280605,10,,,1,30,,280606,10,,,1,15,,280607,10,,,1,55,,280608,10,,,1,15,,280609,10,,,1,15,,280610,10,,,1,15,,280611,10,,,1,55,,280612,10,,,1,15,,280613,10,,,1,15,,280614,10,,,1,70,,280615,10,,,1,28,,280616,10,,,1,70,,280617,10,,,1,30,,280618,10,,,1,70,,280619,10,,,1,30,,280620,10,,,1,70,,280621,10,,,1,30,,280622,10,,,1,70,,280623,10,,,1,100,,280624,10,,,1,100,,280625,10,,,1
90700,'907-Weekday-6-26-09-1111100',535,,280626,10,,,1,70,,280627,10,,,1,32,,280628,10,,,1,15,,280629,10,,,1,55,,280630,10,,,1,15,,280631,10,,,1,15,,280632,10,,,1,15,,280633,10,,,1,55,,280634,10,,,1,15,,280635,10,,,1,15,,280636,10,,,1,69,,280637,10,,,1,30,,280638,10,,,1,70,,280639,10,,,1,30,,280640,10,,,1,70,,280641,10,,,1,30,,280642,10,,,1,70,,280643,10,,,1,30,,280644,10,,,1,70,,280645,10,,,1,30,,280646,10,,,1,70,,280647,10,,,1,30,,280648,10,,,1,71,,280649,10,,,1,30,,280650,10,,,1,15,,280651,10,,,1,55,,280652,10,,,1,15,,280653,10,,,1,15,,280654,10,,,1,15,,280655,10,,,1,55,,280656,10,,,1,15,,280657,10,,,1,15,,280658,10,,,1,70,,280659,10,,,1,28,,280660,10,,,1,70,,280661,10,,,1,30,,280662,10,,,1,70,,280663,10,,,1,30,,280664,10,,,1,70,,280665,10,,,1,30,,280666,10,,,1,70,,280667,10,,,1,100,,280668,10,,,1,100,,280669,10,,,1
90700,'907-Weekday-7-26-09-1111100',535,,280670,10,,,1,70,,280671,10,,,1,32,,280672,10,,,1,15,,280673,10,,,1,55,,280674,10,,,1,15,,280675,10,,,1,15,,280676,10,,,1,15,,280677,10,,,1,55,,280678,10,,,1,15,,280679,10,,,1,15,,280680,10,,,1,69,,280681,10,,,1,30,,280682,10,,,1,70,,280683,10,,,1,30,,280684,10,,,1,70,,280685,10,,,1,30,,280686,10,,,1,70,,280687,10,,,1,30,,280688,10,,,1,70,,280689,10,,,1,30,,280690,10,,,1,70,,280691,10,,,1,30,,280692,10,,,1,71,,280693,10,,,1,30,,280694,10,,,1,15,,280695,10,,,1,55,,280696,10,,,1,15,,280697,10,,,1,15,,280698,10,,,1,15,,280699,10,,,1,55,,280700,10,,,1,15,,280701,10,,,1,15,,280702,10,,,1,70,,280703,10,,,1,28,,280704,10,,,1,70,,280705,10,,,1,30,,280706,10,,,1,70,,280707,10,,,1,30,,280708,10,,,1,70,,280709,10,,,1,30,,280710,10,,,1,70,,280711,10,,,1,100,,280712,10,,,1,100,,280713,10,,,1
90700,'907-Saturday-1-26-09-0000010',707,,238032,10,,,1,100,,238033,10,,,1,30,,238038,10,,,1,72,,238039,10,,,1,30,,238040,10,,,1,70,,238041,10,,,1,30,,238042,10,,,1,70,,238043,10,,,1,30,,238044,10,,,1,72,,238045,10,,,1,30,,238046,10,,,1,70,,238047,10,,,1,30,,238048,10,,,1,70,,238049,10,,,1,30,,238050,10,,,1,70,,238051,10,,,1,30,,238052,10,,,1,70,,238053,10,,,1,30,,238054,10,,,1,70,,238055,10,,,1,30,,238056,10,,,1,70,,238057,10,,,1,30,,238058,10,,,1,68,,238034,10,,,1,100,,238035,10,,,1,100,,238036,10,,,1,100,,238037,10,,,1
90700,'907-Sunday-1-26-09-0000001',1012,,238059,10,,,1,30,,238060,10,,,1,70,,238061,10,,,1,30,,238062,10,,,1,70,,238063,10,,,1,30,,238064,10,,,1,70,,238065,10,,,1,30,,238066,10,,,1,70,,238067,10,,,1,30,,238068,10,,,1,70,,238069,10,,,1,30,,238070,10,,,1,70,,238071,10,,,1,30,,238072,10,,,1,70,,238073,10,,,1,30,,238074,10,,,1,70,,238075,10,,,1,30,,238076,10,,,1,70,,238077,10,,,1
92500,'925-Weekday-1-26-09-1111100',820,,242442,20,,,1,101,,242440,20,,,1,100,,242437,20,,,1,100,,242441,20,,,1,100,,242435,20,,,1,100,,242439,20,,,1,100,,242436,20,,,1,100,,242438,20,,,1
92500,'925-Weekday-2-26-09-1111100',820,,242450,20,,,1,101,,242448,20,,,1,100,,242445,20,,,1,100,,242449,20,,,1,100,,242443,20,,,1,100,,242447,20,,,1,100,,242444,20,,,1,100,,242446,20,,,1
92500,'925-Weekday-3-26-09-1111100',820,,284950,20,,,1,101,,284948,20,,,1,100,,284945,20,,,1,100,,284949,20,,,1,100,,284943,20,,,1,100,,284947,20,,,1,100,,284944,20,,,1,100,,284946,20,,,1
92500,'925-Weekday-4-26-09-1111100',820,,242458,20,,,1,101,,242456,20,,,1,100,,242453,20,,,1,100,,242457,20,,,1,100,,242451,20,,,1,100,,242455,20,,,1,100,,242452,20,,,1,100,,242454,20,,,1
92500,'925-Weekday-5-26-09-1111100',820,,284958,20,,,1,101,,284956,20,,,1,100,,284953,20,,,1,100,,284957,20,,,1,100,,284951,20,,,1,100,,284955,20,,,1,100,,284952,20,,,1,100,,284954,20,,,1
92500,'925-Weekday-6-26-09-1111100',820,,284966,20,,,1,101,,284964,20,,,1,100,,284961,20,,,1,100,,284965,20,,,1,100,,284959,20,,,1,100,,284963,20,,,1,100,,284960,20,,,1,100,,284962,20,,,1
92500,'925-Weekday-7-26-09-1111100',820,,284974,20,,,1,101,,284972,20,,,1,100,,284969,20,,,1,100,,284973,20,,,1,100,,284967,20,,,1,100,,284971,20,,,1,100,,284968,20,,,1,100,,284970,20,,,1
