71600,'716-Weekday-1-26-09-1111100',527,,232353,1,,,1,30,,232354,1,,,1,69,,232355,1,,,1,20,,232356,1,,,1,60,,232357,1,,,1,20,,232358,1,,,1,20,,232386,1,,,1,60,,232359,1,,,1,24,,232389,1,,,1,25,,232390,1,,,1,65,,232360,1,,,1,30,,232361,1,,,1,70,,232362,1,,,1,30,,232363,1,,,1,70,,232364,1,,,1,30,,232365,1,,,1,70,,232366,1,,,1,30,,232367,1,,,1,70,,232368,1,,,1,30,,232369,1,,,1,70,,232370,1,,,1,30,,232371,1,,,1,70,,232372,1,,,1,30,,232373,1,,,1,70,,232374,1,,,1,30,,232387,1,,,1,68,,232388,1,,,1,28,,232375,1,,,1,70,,232376,1,,,1,30,,232377,1,,,1,70,,232378,1,,,1,30,,232379,1,,,1,70,,232380,1,,,1,30,,232381,1,,,1,70,,232382,1,,,1,101,,232383,1,,,1,100,,232384,1,,,1,100,,232385,1,,,1
71600,'716-Weekday-2-26-09-1111100',527,,232391,1,,,1,30,,232392,1,,,1,69,,232393,1,,,1,20,,232394,1,,,1,60,,232395,1,,,1,20,,232396,1,,,1,20,,232424,1,,,1,60,,232397,1,,,1,24,,232427,1,,,1,25,,232428,1,,,1,65,,232398,1,,,1,30,,232399,1,,,1,70,,232400,1,,,1,30,,232401,1,,,1,70,,232402,1,,,1,30,,232403,1,,,1,70,,232404,1,,,1,30,,232405,1,,,1,70,,232406,1,,,1,30,,232407,1,,,1,70,,232408,1,,,1,30,,232409,1,,,1,70,,232410,1,,,1,30,,232411,1,,,1,70,,232412,1,,,1,30,,232425,1,,,1,68,,232426,1,,,1,28,,232413,1,,,1,70,,232414,1,,,1,30,,232415,1,,,1,70,,232416,1,,,1,30,,232417,1,,,1,70,,232418,1,,,1,30,,232419,1,,,1,70,,232420,1,,,1,101,,232421,1,,,1,100,,232422,1,,,1,100,,232423,1,,,1
71600,'716-Weekday-3-26-09-1111100',527,,275060,1,,,1,30,,275061,1,,,1,69,,275062,1,,,1,20,,275063,1,,,1,60,,275064,1,,,1,20,,275065,1,,,1,20,,275093,1,,,1,60,,275066,1,,,1,24,,275096,1,,,1,25,,275097,1,,,1,65,,275067,1,,,1,30,,275068,1,,,1,70,,275069,1,,,1,30,,275070,1,,,1,70,,275071,1,,,1,30,,275072,1,,,1,70,,275073,1,,,1,30,,275074,1,,,1,70,,275075,1,,,1,30,,275076,1,,,1,70,,275077,1,,,1,30,,275078,1,,,1,70,,275079,1,,,1,30,,275080,1,,,1,70,,275081,1,,,1,30,,275094,1,,,1,68,,275095,1,,,1,28,,275082,1,,,1,70,,275083,1,,,1,30,,275084,1,,,1,70,,275085,1,,,1,30,,275086,1,,,1,70,,275087,1,,,1,30,,275088,1,,,1,70,,275089,1,,,1,101,,275090,1,,,1,100,,275091,1,,,1,100,,275092,1,,,1
71600,'716-Weekday-4-26-09-1111100',527,,232429,1,,,1,30,,232430,1,,,1,69,,232431,1,,,1,20,,232432,1,,,1,60,,232433,1,,,1,20,,232434,1,,,1,20,,232462,1,,,1,60,,232435,1,,,1,24,,232465,1,,,1,25,,232466,1,,,1,65,,232436,1,,,1,30,,232437,1,,,1,70,,232438,1,,,1,30,,232439,1,,,1,70,,232440,1,,,1,30,,232441,1,,,1,70,,232442,1,,,1,30,,232443,1,,,1,70,,232444,1,,,1,30,,232445,1,,,1,70,,232446,1,,,1,30,,232447,1,,,1,70,,232448,1,,,1,30,,232449,1,,,1,70,,232450,1,,,1,30,,232463,1,,,1,68,,232464,1,,,1,28,,232451,1,,,1,70,,232452,1,,,1,30,,232453,1,,,1,70,,232454,1,,,1,30,,232455,1,,,1,70,,232456,1,,,1,30,,232457,1,,,1,70,,232458,1,,,1,101,,232459,1,,,1,100,,232460,1,,,1,100,,232461,1,,,1
71600,'716-Weekday-5-26-09-1111100',527,,275098,1,,,1,30,,275099,1,,,1,69,,275100,1,,,1,20,,275101,1,,,1,60,,275102,1,,,1,20,,275103,1,,,1,20,,275131,1,,,1,60,,275104,1,,,1,24,,275134,1,,,1,25,,275135,1,,,1,65,,275105,1,,,1,30,,275106,1,,,1,70,,275107,1,,,1,30,,275108,1,,,1,70,,275109,1,,,1,30,,275110,1,,,1,70,,275111,1,,,1,30,,275112,1,,,1,70,,275113,1,,,1,30,,275114,1,,,1,70,,275115,1,,,1,30,,275116,1,,,1,70,,275117,1,,,1,30,,275118,1,,,1,70,,275119,1,,,1,30,,275132,1,,,1,68,,275133,1,,,1,28,,275120,1,,,1,70,,275121,1,,,1,30,,275122,1,,,1,70,,275123,1,,,1,30,,275124,1,,,1,70,,275125,1,,,1,30,,275126,1,,,1,70,,275127,1,,,1,101,,275128,1,,,1,100,,275129,1,,,1,100,,275130,1,,,1
71600,'716-Weekday-6-26-09-1111100',527,,275136,1,,,1,30,,275137,1,,,1,69,,275138,1,,,1,20,,275139,1,,,1,60,,275140,1,,,1,20,,275141,1,,,1,20,,275169,1,,,1,60,,275142,1,,,1,24,,275172,1,,,1,25,,275173,1,,,1,65,,275143,1,,,1,30,,275144,1,,,1,70,,275145,1,,,1,30,,275146,1,,,1,70,,275147,1,,,1,30,,275148,1,,,1,70,,275149,1,,,1,30,,275150,1,,,1,70,,275151,1,,,1,30,,275152,1,,,1,70,,275153,1,,,1,30,,275154,1,,,1,70,,275155,1,,,1,30,,275156,1,,,1,70,,275157,1,,,1,30,,275170,1,,,1,68,,275171,1,,,1,28,,275158,1,,,1,70,,275159,1,,,1,30,,275160,1,,,1,70,,275161,1,,,1,30,,275162,1,,,1,70,,275163,1,,,1,30,,275164,1,,,1,70,,275165,1,,,1,101,,275166,1,,,1,100,,275167,1,,,1,100,,275168,1,,,1
71600,'716-Weekday-7-26-09-1111100',527,,275174,1,,,1,30,,275175,1,,,1,69,,275176,1,,,1,20,,275177,1,,,1,60,,275178,1,,,1,20,,275179,1,,,1,20,,275207,1,,,1,60,,275180,1,,,1,24,,275210,1,,,1,25,,275211,1,,,1,65,,275181,1,,,1,30,,275182,1,,,1,70,,275183,1,,,1,30,,275184,1,,,1,70,,275185,1,,,1,30,,275186,1,,,1,70,,275187,1,,,1,30,,275188,1,,,1,70,,275189,1,,,1,30,,275190,1,,,1,70,,275191,1,,,1,30,,275192,1,,,1,70,,275193,1,,,1,30,,275194,1,,,1,70,,275195,1,,,1,30,,275208,1,,,1,68,,275209,1,,,1,28,,275196,1,,,1,70,,275197,1,,,1,30,,275198,1,,,1,70,,275199,1,,,1,30,,275200,1,,,1,70,,275201,1,,,1,30,,275202,1,,,1,70,,275203,1,,,1,101,,275204,1,,,1,100,,275205,1,,,1,100,,275206,1,,,1
71600,'716-Saturday-1-26-09-0000010',619,,232467,1,,,1,100,,232468,1,,,1,100,,232469,1,,,1,29,,232470,1,,,1,69,,232471,1,,,1,30,,232472,1,,,1,70,,232473,1,,,1,30,,232474,1,,,1,70,,232475,1,,,1,30,,232476,1,,,1,70,,232477,1,,,1,30,,232478,1,,,1,70,,232479,1,,,1,30,,232480,1,,,1,70,,232481,1,,,1,30,,232482,1,,,1,70,,232483,1,,,1,30,,232484,1,,,1,70,,232485,1,,,1,31,,232486,1,,,1,70,,232487,1,,,1,30,,232488,1,,,1,70,,232489,1,,,1,30,,232490,1,,,1,70,,232491,1,,,1,100,,232492,1,,,1,100,,232493,1,,,1,100,,232494,1,,,1,100,,232495,1,,,1,100,,232496,1,,,1
71600,'716-Sunday-1-26-09-0000001',614,,232497,1,,,1,100,,232498,1,,,1,100,,232499,1,,,1,98,,232500,1,,,1,100,,232501,1,,,1,30,,232502,1,,,1,70,,232503,1,,,1,30,,232504,1,,,1,70,,232505,1,,,1,30,,232506,1,,,1,70,,232507,1,,,1,30,,232508,1,,,1,70,,232509,1,,,1,30,,232510,1,,,1,70,,232511,1,,,1,30,,232512,1,,,1,70,,232513,1,,,1,33,,232514,1,,,1,71,,232515,1,,,1,30,,232516,1,,,1,70,,232517,1,,,1,30,,232518,1,,,1,70,,232519,1,,,1,100,,232520,1,,,1,100,,232521,1,,,1,100,,232522,1,,,1,100,,232523,1,,,1
71601,'716-Weekday-1-26-09-1111100',555,,232524,30,4,,1,70,,232525,30,4,,1,77,,232526,30,4,,1,30,,232527,30,4,,1,70,,232528,30,4,,1,30,,232556,30,4,,1,70,,232557,30,4,,1,26,,232529,30,4,,1,28,,232530,30,4,,1,70,,232531,30,4,,1,30,,232532,30,4,,1,70,,232533,30,4,,1,30,,232534,30,4,,1,70,,232535,30,4,,1,30,,232536,30,4,,1,70,,232537,30,4,,1,30,,232538,30,4,,1,70,,232539,30,4,,1,30,,232540,30,4,,1,72,,232541,30,4,,1,19,,232542,30,4,,1,60,,232544,30,4,,1,20,,232543,30,4,,1,20,,232558,30,4,,1,60,,232559,30,4,,1,20,,232560,30,4,,1,20,,232561,30,4,,1,60,,232562,30,4,,1,22,,232555,30,4,,1,20,,232545,30,4,,1,66,,232546,30,4,,1,30,,232547,30,4,,1,70,,232548,30,4,,1,30,,232549,30,4,,1,70,,232550,30,4,,1,30,,232551,30,4,,1,69,,232552,30,4,,1,97,,232553,30,4,,1,100,,232554,30,4,,1
71601,'716-Weekday-2-26-09-1111100',555,,232563,30,4,,1,70,,232564,30,4,,1,77,,232565,30,4,,1,30,,232566,30,4,,1,70,,232567,30,4,,1,30,,232595,30,4,,1,70,,232596,30,4,,1,26,,232568,30,4,,1,28,,232569,30,4,,1,70,,232570,30,4,,1,30,,232571,30,4,,1,70,,232572,30,4,,1,30,,232573,30,4,,1,70,,232574,30,4,,1,30,,232575,30,4,,1,70,,232576,30,4,,1,30,,232577,30,4,,1,70,,232578,30,4,,1,30,,232579,30,4,,1,72,,232580,30,4,,1,19,,232581,30,4,,1,60,,232583,30,4,,1,20,,232582,30,4,,1,20,,232597,30,4,,1,60,,232598,30,4,,1,20,,232599,30,4,,1,20,,232600,30,4,,1,60,,232601,30,4,,1,22,,232594,30,4,,1,20,,232584,30,4,,1,66,,232585,30,4,,1,30,,232586,30,4,,1,70,,232587,30,4,,1,30,,232588,30,4,,1,70,,232589,30,4,,1,30,,232590,30,4,,1,69,,232591,30,4,,1,97,,232592,30,4,,1,100,,232593,30,4,,1
71601,'716-Weekday-3-26-09-1111100',555,,275212,30,4,,1,70,,275213,30,4,,1,77,,275214,30,4,,1,30,,275215,30,4,,1,70,,275216,30,4,,1,30,,275244,30,4,,1,70,,275245,30,4,,1,26,,275217,30,4,,1,28,,275218,30,4,,1,70,,275219,30,4,,1,30,,275220,30,4,,1,70,,275221,30,4,,1,30,,275222,30,4,,1,70,,275223,30,4,,1,30,,275224,30,4,,1,70,,275225,30,4,,1,30,,275226,30,4,,1,70,,275227,30,4,,1,30,,275228,30,4,,1,72,,275229,30,4,,1,19,,275230,30,4,,1,60,,275232,30,4,,1,20,,275231,30,4,,1,20,,275246,30,4,,1,60,,275247,30,4,,1,20,,275248,30,4,,1,20,,275249,30,4,,1,60,,275250,30,4,,1,22,,275243,30,4,,1,20,,275233,30,4,,1,66,,275234,30,4,,1,30,,275235,30,4,,1,70,,275236,30,4,,1,30,,275237,30,4,,1,70,,275238,30,4,,1,30,,275239,30,4,,1,69,,275240,30,4,,1,97,,275241,30,4,,1,100,,275242,30,4,,1
71601,'716-Weekday-4-26-09-1111100',555,,232602,30,4,,1,70,,232603,30,4,,1,77,,232604,30,4,,1,30,,232605,30,4,,1,70,,232606,30,4,,1,30,,232634,30,4,,1,70,,232635,30,4,,1,26,,232607,30,4,,1,28,,232608,30,4,,1,70,,232609,30,4,,1,30,,232610,30,4,,1,70,,232611,30,4,,1,30,,232612,30,4,,1,70,,232613,30,4,,1,30,,232614,30,4,,1,70,,232615,30,4,,1,30,,232616,30,4,,1,70,,232617,30,4,,1,30,,232618,30,4,,1,72,,232619,30,4,,1,19,,232620,30,4,,1,60,,232622,30,4,,1,20,,232621,30,4,,1,20,,232636,30,4,,1,60,,232637,30,4,,1,20,,232638,30,4,,1,20,,232639,30,4,,1,60,,232640,30,4,,1,22,,232633,30,4,,1,20,,232623,30,4,,1,66,,232624,30,4,,1,30,,232625,30,4,,1,70,,232626,30,4,,1,30,,232627,30,4,,1,70,,232628,30,4,,1,30,,232629,30,4,,1,69,,232630,30,4,,1,97,,232631,30,4,,1,100,,232632,30,4,,1
71601,'716-Weekday-5-26-09-1111100',555,,275251,30,4,,1,70,,275252,30,4,,1,77,,275253,30,4,,1,30,,275254,30,4,,1,70,,275255,30,4,,1,30,,275283,30,4,,1,70,,275284,30,4,,1,26,,275256,30,4,,1,28,,275257,30,4,,1,70,,275258,30,4,,1,30,,275259,30,4,,1,70,,275260,30,4,,1,30,,275261,30,4,,1,70,,275262,30,4,,1,30,,275263,30,4,,1,70,,275264,30,4,,1,30,,275265,30,4,,1,70,,275266,30,4,,1,30,,275267,30,4,,1,72,,275268,30,4,,1,19,,275269,30,4,,1,60,,275271,30,4,,1,20,,275270,30,4,,1,20,,275285,30,4,,1,60,,275286,30,4,,1,20,,275287,30,4,,1,20,,275288,30,4,,1,60,,275289,30,4,,1,22,,275282,30,4,,1,20,,275272,30,4,,1,66,,275273,30,4,,1,30,,275274,30,4,,1,70,,275275,30,4,,1,30,,275276,30,4,,1,70,,275277,30,4,,1,30,,275278,30,4,,1,69,,275279,30,4,,1,97,,275280,30,4,,1,100,,275281,30,4,,1
71601,'716-Weekday-6-26-09-1111100',555,,275290,30,4,,1,70,,275291,30,4,,1,77,,275292,30,4,,1,30,,275293,30,4,,1,70,,275294,30,4,,1,30,,275322,30,4,,1,70,,275323,30,4,,1,26,,275295,30,4,,1,28,,275296,30,4,,1,70,,275297,30,4,,1,30,,275298,30,4,,1,70,,275299,30,4,,1,30,,275300,30,4,,1,70,,275301,30,4,,1,30,,275302,30,4,,1,70,,275303,30,4,,1,30,,275304,30,4,,1,70,,275305,30,4,,1,30,,275306,30,4,,1,72,,275307,30,4,,1,19,,275308,30,4,,1,60,,275310,30,4,,1,20,,275309,30,4,,1,20,,275324,30,4,,1,60,,275325,30,4,,1,20,,275326,30,4,,1,20,,275327,30,4,,1,60,,275328,30,4,,1,22,,275321,30,4,,1,20,,275311,30,4,,1,66,,275312,30,4,,1,30,,275313,30,4,,1,70,,275314,30,4,,1,30,,275315,30,4,,1,70,,275316,30,4,,1,30,,275317,30,4,,1,69,,275318,30,4,,1,97,,275319,30,4,,1,100,,275320,30,4,,1
71601,'716-Weekday-7-26-09-1111100',555,,275329,30,4,,1,70,,275330,30,4,,1,77,,275331,30,4,,1,30,,275332,30,4,,1,70,,275333,30,4,,1,30,,275361,30,4,,1,70,,275362,30,4,,1,26,,275334,30,4,,1,28,,275335,30,4,,1,70,,275336,30,4,,1,30,,275337,30,4,,1,70,,275338,30,4,,1,30,,275339,30,4,,1,70,,275340,30,4,,1,30,,275341,30,4,,1,70,,275342,30,4,,1,30,,275343,30,4,,1,70,,275344,30,4,,1,30,,275345,30,4,,1,72,,275346,30,4,,1,19,,275347,30,4,,1,60,,275349,30,4,,1,20,,275348,30,4,,1,20,,275363,30,4,,1,60,,275364,30,4,,1,20,,275365,30,4,,1,20,,275366,30,4,,1,60,,275367,30,4,,1,22,,275360,30,4,,1,20,,275350,30,4,,1,66,,275351,30,4,,1,30,,275352,30,4,,1,70,,275353,30,4,,1,30,,275354,30,4,,1,70,,275355,30,4,,1,30,,275356,30,4,,1,69,,275357,30,4,,1,97,,275358,30,4,,1,100,,275359,30,4,,1
71601,'716-Saturday-1-26-09-0000010',610,,232641,30,4,,1,100,,232642,30,4,,1,100,,232643,30,4,,1,30,,232644,30,4,,1,71,,232645,30,4,,1,35,,232646,30,4,,1,70,,232647,30,4,,1,30,,232648,30,4,,1,70,,232649,30,4,,1,30,,232650,30,4,,1,70,,232651,30,4,,1,30,,232652,30,4,,1,70,,232653,30,4,,1,30,,232654,30,4,,1,70,,232655,30,4,,1,30,,232656,30,4,,1,70,,232657,30,4,,1,30,,232658,30,4,,1,70,,232659,30,4,,1,30,,232660,30,4,,1,69,,232661,30,4,,1,29,,232662,30,4,,1,70,,232663,30,4,,1,30,,232664,30,4,,1,70,,232665,30,4,,1,100,,232666,30,4,,1,100,,232667,30,4,,1,100,,232668,30,4,,1,100,,232669,30,4,,1,100,,232670,30,4,,1
71601,'716-Sunday-1-26-09-0000001',706,,232671,30,4,,1,100,,232672,30,4,,1,101,,232673,30,4,,1,104,,232674,30,4,,1,30,,232675,30,4,,1,70,,232676,30,4,,1,30,,232677,30,4,,1,70,,232678,30,4,,1,30,,232679,30,4,,1,70,,232680,30,4,,1,30,,232681,30,4,,1,70,,232682,30,4,,1,30,,232683,30,4,,1,70,,232684,30,4,,1,30,,232685,30,4,,1,70,,232686,30,4,,1,30,,232687,30,4,,1,69,,232688,30,4,,1,31,,232689,30,4,,1,70,,232690,30,4,,1,30,,232691,30,4,,1,70,,232692,30,4,,1,100,,232693,30,4,,1,100,,232694,30,4,,1,100,,232695,30,4,,1,100,,232696,30,4,,1,100,,232697,30,4,,1
