801,'008-Weekday-1-26-09-1111100',532,,209243,57,,,1,20,,209244,57,,,1,60,,209245,57,,,1,22,,209246,57,,,1,66,,209247,57,,,1,25,,209248,57,,,1,12,,209318,57,,,1,12,,209317,57,,,1,52,,209249,57,,,1,12,,209319,57,,,1,12,,209250,57,,,1,12,,209251,57,,,1,12,,209315,57,,,1,52,,209252,57,,,1,12,,209320,57,,,1,12,,209253,57,,,1,12,,209254,57,,,1,12,,209255,57,,,1,52,,209256,57,,,1,15,,209257,57,,,1,15,,209258,57,,,1,15,,209259,57,,,1,56,,209260,57,,,1,15,,209261,57,,,1,15,,209262,57,,,1,15,,209263,57,,,1,55,,209264,57,,,1,15,,209265,57,,,1,15,,209266,57,,,1,17,,209267,57,,,1,56,,209268,57,,,1,15,,209269,57,,,1,15,,209270,57,,,1,15,,209271,57,,,1,55,,209272,57,,,1,15,,209273,57,,,1,15,,209274,57,,,1,15,,209275,57,,,1,54,,209276,57,,,1,15,,209277,57,,,1,14,,209278,57,,,1,15,,209279,57,,,1,54,,209280,57,,,1,12,,209281,57,,,1,11,,209282,57,,,1,12,,209283,57,,,1,12,,209284,57,,,1,51,,209285,57,,,1,12,,209286,57,,,1,12,,209287,57,,,1,12,,209288,57,,,1,12,,209289,57,,,1,52,,209290,57,,,1,15,,209291,57,,,1,15,,209292,57,,,1,12,,209293,57,,,1,11,,209294,57,,,1,51,,209295,57,,,1,12,,209296,57,,,1,14,,209297,57,,,1,15,,209298,57,,,1,55,,209299,57,,,1,15,,209300,57,,,1,15,,209301,57,,,1,15,,209302,57,,,1,55,,209303,57,,,1,15,,209304,57,,,1,15,,209305,57,,,1,15,,209306,57,,,1,55,,209307,57,,,1,13,,209308,57,,,1,12,,209309,57,,,1,18,,209316,57,,,1,60,,209310,57,,,1,20,,209311,57,,,1,20,,209312,57,,,1,59,,209313,57,,,1,18,,209314,57,,,1,15,,209237,57,,,1,70,,209238,57,,,1,30,,209239,57,,,1,70,,209240,57,,,1,30,,209241,57,,,1,70,,209242,57,,,1
801,'008-Weekday-2-26-09-1111100',532,,209327,57,,,1,20,,209328,57,,,1,60,,209329,57,,,1,22,,209330,57,,,1,66,,209331,57,,,1,25,,209332,57,,,1,12,,209402,57,,,1,12,,209401,57,,,1,52,,209333,57,,,1,12,,209403,57,,,1,12,,209334,57,,,1,12,,209335,57,,,1,12,,209399,57,,,1,52,,209336,57,,,1,12,,209404,57,,,1,12,,209337,57,,,1,12,,209338,57,,,1,12,,209339,57,,,1,52,,209340,57,,,1,15,,209341,57,,,1,15,,209342,57,,,1,15,,209343,57,,,1,56,,209344,57,,,1,15,,209345,57,,,1,15,,209346,57,,,1,15,,209347,57,,,1,55,,209348,57,,,1,15,,209349,57,,,1,15,,209350,57,,,1,17,,209351,57,,,1,56,,209352,57,,,1,15,,209353,57,,,1,15,,209354,57,,,1,15,,209355,57,,,1,55,,209356,57,,,1,15,,209357,57,,,1,15,,209358,57,,,1,15,,209359,57,,,1,54,,209360,57,,,1,15,,209361,57,,,1,14,,209362,57,,,1,15,,209363,57,,,1,54,,209364,57,,,1,12,,209365,57,,,1,11,,209366,57,,,1,12,,209367,57,,,1,12,,209368,57,,,1,51,,209369,57,,,1,12,,209370,57,,,1,12,,209371,57,,,1,12,,209372,57,,,1,12,,209373,57,,,1,52,,209374,57,,,1,15,,209375,57,,,1,15,,209376,57,,,1,12,,209377,57,,,1,11,,209378,57,,,1,51,,209379,57,,,1,12,,209380,57,,,1,14,,209381,57,,,1,15,,209382,57,,,1,55,,209383,57,,,1,15,,209384,57,,,1,15,,209385,57,,,1,15,,209386,57,,,1,55,,209387,57,,,1,15,,209388,57,,,1,15,,209389,57,,,1,15,,209390,57,,,1,55,,209391,57,,,1,13,,209392,57,,,1,12,,209393,57,,,1,18,,209400,57,,,1,60,,209394,57,,,1,20,,209395,57,,,1,20,,209396,57,,,1,59,,209397,57,,,1,18,,209398,57,,,1,15,,209321,57,,,1,70,,209322,57,,,1,30,,209323,57,,,1,70,,209324,57,,,1,30,,209325,57,,,1,70,,209326,57,,,1
801,'008-Weekday-3-26-09-1111100',532,,252571,57,,,1,20,,252572,57,,,1,60,,252573,57,,,1,22,,252574,57,,,1,66,,252575,57,,,1,25,,252576,57,,,1,12,,252646,57,,,1,12,,252645,57,,,1,52,,252577,57,,,1,12,,252647,57,,,1,12,,252578,57,,,1,12,,252579,57,,,1,12,,252643,57,,,1,52,,252580,57,,,1,12,,252648,57,,,1,12,,252581,57,,,1,12,,252582,57,,,1,12,,252583,57,,,1,52,,252584,57,,,1,15,,252585,57,,,1,15,,252586,57,,,1,15,,252587,57,,,1,56,,252588,57,,,1,15,,252589,57,,,1,15,,252590,57,,,1,15,,252591,57,,,1,55,,252592,57,,,1,15,,252593,57,,,1,15,,252594,57,,,1,17,,252595,57,,,1,56,,252596,57,,,1,15,,252597,57,,,1,15,,252598,57,,,1,15,,252599,57,,,1,55,,252600,57,,,1,15,,252601,57,,,1,15,,252602,57,,,1,15,,252603,57,,,1,54,,252604,57,,,1,15,,252605,57,,,1,14,,252606,57,,,1,15,,252607,57,,,1,54,,252608,57,,,1,12,,252609,57,,,1,11,,252610,57,,,1,12,,252611,57,,,1,12,,252612,57,,,1,51,,252613,57,,,1,12,,252614,57,,,1,12,,252615,57,,,1,12,,252616,57,,,1,12,,252617,57,,,1,52,,252618,57,,,1,15,,252619,57,,,1,15,,252620,57,,,1,12,,252621,57,,,1,11,,252622,57,,,1,51,,252623,57,,,1,12,,252624,57,,,1,14,,252625,57,,,1,15,,252626,57,,,1,55,,252627,57,,,1,15,,252628,57,,,1,15,,252629,57,,,1,15,,252630,57,,,1,55,,252631,57,,,1,15,,252632,57,,,1,15,,252633,57,,,1,15,,252634,57,,,1,55,,252635,57,,,1,13,,252636,57,,,1,12,,252637,57,,,1,18,,252644,57,,,1,60,,252638,57,,,1,20,,252639,57,,,1,20,,252640,57,,,1,59,,252641,57,,,1,18,,252642,57,,,1,15,,252565,57,,,1,70,,252566,57,,,1,30,,252567,57,,,1,70,,252568,57,,,1,30,,252569,57,,,1,70,,252570,57,,,1
801,'008-Weekday-4-26-09-1111100',532,,209411,57,,,1,20,,209412,57,,,1,60,,209413,57,,,1,22,,209414,57,,,1,66,,209415,57,,,1,25,,209416,57,,,1,12,,209486,57,,,1,12,,209485,57,,,1,52,,209417,57,,,1,12,,209487,57,,,1,12,,209418,57,,,1,12,,209419,57,,,1,12,,209483,57,,,1,52,,209420,57,,,1,12,,209488,57,,,1,12,,209421,57,,,1,12,,209422,57,,,1,12,,209423,57,,,1,52,,209424,57,,,1,15,,209425,57,,,1,15,,209426,57,,,1,15,,209427,57,,,1,56,,209428,57,,,1,15,,209429,57,,,1,15,,209430,57,,,1,15,,209431,57,,,1,55,,209432,57,,,1,15,,209433,57,,,1,15,,209434,57,,,1,17,,209435,57,,,1,56,,209436,57,,,1,15,,209437,57,,,1,15,,209438,57,,,1,15,,209439,57,,,1,55,,209440,57,,,1,15,,209441,57,,,1,15,,209442,57,,,1,15,,209443,57,,,1,54,,209444,57,,,1,15,,209445,57,,,1,14,,209446,57,,,1,15,,209447,57,,,1,54,,209448,57,,,1,12,,209449,57,,,1,11,,209450,57,,,1,12,,209451,57,,,1,12,,209452,57,,,1,51,,209453,57,,,1,12,,209454,57,,,1,12,,209455,57,,,1,12,,209456,57,,,1,12,,209457,57,,,1,52,,209458,57,,,1,15,,209459,57,,,1,15,,209460,57,,,1,12,,209461,57,,,1,11,,209462,57,,,1,51,,209463,57,,,1,12,,209464,57,,,1,14,,209465,57,,,1,15,,209466,57,,,1,55,,209467,57,,,1,15,,209468,57,,,1,15,,209469,57,,,1,15,,209470,57,,,1,55,,209471,57,,,1,15,,209472,57,,,1,15,,209473,57,,,1,15,,209474,57,,,1,55,,209475,57,,,1,13,,209476,57,,,1,12,,209477,57,,,1,18,,209484,57,,,1,60,,209478,57,,,1,20,,209479,57,,,1,20,,209480,57,,,1,59,,209481,57,,,1,18,,209482,57,,,1,15,,209405,57,,,1,70,,209406,57,,,1,30,,209407,57,,,1,70,,209408,57,,,1,30,,209409,57,,,1,70,,209410,57,,,1
801,'008-Weekday-5-26-09-1111100',532,,252655,57,,,1,20,,252656,57,,,1,60,,252657,57,,,1,22,,252658,57,,,1,66,,252659,57,,,1,25,,252660,57,,,1,12,,252730,57,,,1,12,,252729,57,,,1,52,,252661,57,,,1,12,,252731,57,,,1,12,,252662,57,,,1,12,,252663,57,,,1,12,,252727,57,,,1,52,,252664,57,,,1,12,,252732,57,,,1,12,,252665,57,,,1,12,,252666,57,,,1,12,,252667,57,,,1,52,,252668,57,,,1,15,,252669,57,,,1,15,,252670,57,,,1,15,,252671,57,,,1,56,,252672,57,,,1,15,,252673,57,,,1,15,,252674,57,,,1,15,,252675,57,,,1,55,,252676,57,,,1,15,,252677,57,,,1,15,,252678,57,,,1,17,,252679,57,,,1,56,,252680,57,,,1,15,,252681,57,,,1,15,,252682,57,,,1,15,,252683,57,,,1,55,,252684,57,,,1,15,,252685,57,,,1,15,,252686,57,,,1,15,,252687,57,,,1,54,,252688,57,,,1,15,,252689,57,,,1,14,,252690,57,,,1,15,,252691,57,,,1,54,,252692,57,,,1,12,,252693,57,,,1,11,,252694,57,,,1,12,,252695,57,,,1,12,,252696,57,,,1,51,,252697,57,,,1,12,,252698,57,,,1,12,,252699,57,,,1,12,,252700,57,,,1,12,,252701,57,,,1,52,,252702,57,,,1,15,,252703,57,,,1,15,,252704,57,,,1,12,,252705,57,,,1,11,,252706,57,,,1,51,,252707,57,,,1,12,,252708,57,,,1,14,,252709,57,,,1,15,,252710,57,,,1,55,,252711,57,,,1,15,,252712,57,,,1,15,,252713,57,,,1,15,,252714,57,,,1,55,,252715,57,,,1,15,,252716,57,,,1,15,,252717,57,,,1,15,,252718,57,,,1,55,,252719,57,,,1,13,,252720,57,,,1,12,,252721,57,,,1,18,,252728,57,,,1,60,,252722,57,,,1,20,,252723,57,,,1,20,,252724,57,,,1,59,,252725,57,,,1,18,,252726,57,,,1,15,,252649,57,,,1,70,,252650,57,,,1,30,,252651,57,,,1,70,,252652,57,,,1,30,,252653,57,,,1,70,,252654,57,,,1
801,'008-Weekday-6-26-09-1111100',532,,252739,57,,,1,20,,252740,57,,,1,60,,252741,57,,,1,22,,252742,57,,,1,66,,252743,57,,,1,25,,252744,57,,,1,12,,252814,57,,,1,12,,252813,57,,,1,52,,252745,57,,,1,12,,252815,57,,,1,12,,252746,57,,,1,12,,252747,57,,,1,12,,252811,57,,,1,52,,252748,57,,,1,12,,252816,57,,,1,12,,252749,57,,,1,12,,252750,57,,,1,12,,252751,57,,,1,52,,252752,57,,,1,15,,252753,57,,,1,15,,252754,57,,,1,15,,252755,57,,,1,56,,252756,57,,,1,15,,252757,57,,,1,15,,252758,57,,,1,15,,252759,57,,,1,55,,252760,57,,,1,15,,252761,57,,,1,15,,252762,57,,,1,17,,252763,57,,,1,56,,252764,57,,,1,15,,252765,57,,,1,15,,252766,57,,,1,15,,252767,57,,,1,55,,252768,57,,,1,15,,252769,57,,,1,15,,252770,57,,,1,15,,252771,57,,,1,54,,252772,57,,,1,15,,252773,57,,,1,14,,252774,57,,,1,15,,252775,57,,,1,54,,252776,57,,,1,12,,252777,57,,,1,11,,252778,57,,,1,12,,252779,57,,,1,12,,252780,57,,,1,51,,252781,57,,,1,12,,252782,57,,,1,12,,252783,57,,,1,12,,252784,57,,,1,12,,252785,57,,,1,52,,252786,57,,,1,15,,252787,57,,,1,15,,252788,57,,,1,12,,252789,57,,,1,11,,252790,57,,,1,51,,252791,57,,,1,12,,252792,57,,,1,14,,252793,57,,,1,15,,252794,57,,,1,55,,252795,57,,,1,15,,252796,57,,,1,15,,252797,57,,,1,15,,252798,57,,,1,55,,252799,57,,,1,15,,252800,57,,,1,15,,252801,57,,,1,15,,252802,57,,,1,55,,252803,57,,,1,13,,252804,57,,,1,12,,252805,57,,,1,18,,252812,57,,,1,60,,252806,57,,,1,20,,252807,57,,,1,20,,252808,57,,,1,59,,252809,57,,,1,18,,252810,57,,,1,15,,252733,57,,,1,70,,252734,57,,,1,30,,252735,57,,,1,70,,252736,57,,,1,30,,252737,57,,,1,70,,252738,57,,,1
801,'008-Weekday-7-26-09-1111100',532,,252823,57,,,1,20,,252824,57,,,1,60,,252825,57,,,1,22,,252826,57,,,1,66,,252827,57,,,1,25,,252828,57,,,1,12,,252898,57,,,1,12,,252897,57,,,1,52,,252829,57,,,1,12,,252899,57,,,1,12,,252830,57,,,1,12,,252831,57,,,1,12,,252895,57,,,1,52,,252832,57,,,1,12,,252900,57,,,1,12,,252833,57,,,1,12,,252834,57,,,1,12,,252835,57,,,1,52,,252836,57,,,1,15,,252837,57,,,1,15,,252838,57,,,1,15,,252839,57,,,1,56,,252840,57,,,1,15,,252841,57,,,1,15,,252842,57,,,1,15,,252843,57,,,1,55,,252844,57,,,1,15,,252845,57,,,1,15,,252846,57,,,1,17,,252847,57,,,1,56,,252848,57,,,1,15,,252849,57,,,1,15,,252850,57,,,1,15,,252851,57,,,1,55,,252852,57,,,1,15,,252853,57,,,1,15,,252854,57,,,1,15,,252855,57,,,1,54,,252856,57,,,1,15,,252857,57,,,1,14,,252858,57,,,1,15,,252859,57,,,1,54,,252860,57,,,1,12,,252861,57,,,1,11,,252862,57,,,1,12,,252863,57,,,1,12,,252864,57,,,1,51,,252865,57,,,1,12,,252866,57,,,1,12,,252867,57,,,1,12,,252868,57,,,1,12,,252869,57,,,1,52,,252870,57,,,1,15,,252871,57,,,1,15,,252872,57,,,1,12,,252873,57,,,1,11,,252874,57,,,1,51,,252875,57,,,1,12,,252876,57,,,1,14,,252877,57,,,1,15,,252878,57,,,1,55,,252879,57,,,1,15,,252880,57,,,1,15,,252881,57,,,1,15,,252882,57,,,1,55,,252883,57,,,1,15,,252884,57,,,1,15,,252885,57,,,1,15,,252886,57,,,1,55,,252887,57,,,1,13,,252888,57,,,1,12,,252889,57,,,1,18,,252896,57,,,1,60,,252890,57,,,1,20,,252891,57,,,1,20,,252892,57,,,1,59,,252893,57,,,1,18,,252894,57,,,1,15,,252817,57,,,1,70,,252818,57,,,1,30,,252819,57,,,1,70,,252820,57,,,1,30,,252821,57,,,1,70,,252822,57,,,1
801,'008-Saturday-1-26-09-0000010',605,,209489,57,,,1,20,,209490,57,,,1,20,,209491,57,,,1,60,,209492,57,,,1,20,,209493,57,,,1,20,,209494,57,,,1,60,,209495,57,,,1,20,,209496,57,,,1,20,,209497,57,,,1,62,,209498,57,,,1,19,,209499,57,,,1,18,,209500,57,,,1,56,,209501,57,,,1,15,,209502,57,,,1,15,,209503,57,,,1,15,,209504,57,,,1,55,,209505,57,,,1,15,,209506,57,,,1,15,,209507,57,,,1,15,,209508,57,,,1,55,,209509,57,,,1,16,,209510,57,,,1,15,,209511,57,,,1,15,,209512,57,,,1,55,,209513,57,,,1,15,,209514,57,,,1,15,,209515,57,,,1,15,,209516,57,,,1,55,,209517,57,,,1,15,,209518,57,,,1,15,,209519,57,,,1,15,,209520,57,,,1,55,,209521,57,,,1,15,,209522,57,,,1,15,,209523,57,,,1,15,,209524,57,,,1,55,,209525,57,,,1,15,,209526,57,,,1,15,,209527,57,,,1,15,,209528,57,,,1,55,,209529,57,,,1,15,,209530,57,,,1,15,,209531,57,,,1,13,,209532,57,,,1,57,,209533,57,,,1,16,,209534,57,,,1,16,,209535,57,,,1,16,,209536,57,,,1,54,,209537,57,,,1,15,,209538,57,,,1,14,,209539,57,,,1,15,,209541,57,,,1,55,,209542,57,,,1,15,,209543,57,,,1,15,,209540,57,,,1,15,,209544,57,,,1,55,,209545,57,,,1,15,,209546,57,,,1,15,,209547,57,,,1,15,,209549,57,,,1,55,,209550,57,,,1,15,,209551,57,,,1,15,,209548,57,,,1,21,,209552,57,,,1,61,,209553,57,,,1,21,,209554,57,,,1,20,,209555,57,,,1,60,,209556,57,,,1,26,,209557,57,,,1,70,,209558,57,,,1,30,,209559,57,,,1,70,,209560,57,,,1,30,,209561,57,,,1,70,,209562,57,,,1
801,'008-Sunday-1-26-09-0000001',615,,209563,57,,,1,20,,209564,57,,,1,20,,209565,57,,,1,60,,209566,57,,,1,20,,209567,57,,,1,20,,209568,57,,,1,60,,209569,57,,,1,20,,209570,57,,,1,20,,209571,57,,,1,60,,209572,57,,,1,20,,209573,57,,,1,16,,209574,57,,,1,55,,209575,57,,,1,15,,209576,57,,,1,15,,209625,57,,,1,15,,209577,57,,,1,55,,209578,57,,,1,15,,209579,57,,,1,15,,209580,57,,,1,15,,209581,57,,,1,55,,209582,57,,,1,15,,209583,57,,,1,15,,209584,57,,,1,15,,209585,57,,,1,55,,209586,57,,,1,15,,209587,57,,,1,15,,209588,57,,,1,15,,209589,57,,,1,55,,209590,57,,,1,15,,209591,57,,,1,15,,209592,57,,,1,15,,209593,57,,,1,55,,209594,57,,,1,15,,209595,57,,,1,15,,209596,57,,,1,15,,209597,57,,,1,55,,209598,57,,,1,15,,209599,57,,,1,15,,209600,57,,,1,15,,209601,57,,,1,56,,209602,57,,,1,13,,209603,57,,,1,14,,209604,57,,,1,15,,209605,57,,,1,56,,209606,57,,,1,15,,209607,57,,,1,15,,209608,57,,,1,15,,209609,57,,,1,54,,209610,57,,,1,15,,209611,57,,,1,14,,209612,57,,,1,15,,209613,57,,,1,56,,209634,57,,,1,20,,209633,57,,,1,20,,209632,57,,,1,60,,209631,57,,,1,20,,209627,57,,,1,20,,209630,57,,,1,60,,209629,57,,,1,20,,209628,57,,,1,21,,209614,57,,,1,60,,209615,57,,,1,20,,209616,57,,,1,20,,209624,57,,,1,60,,209617,57,,,1,17,,209618,57,,,1,20,,209626,57,,,1,70,,209619,57,,,1,30,,209620,57,,,1,70,,209621,57,,,1,30,,209622,57,,,1,70,,209623,57,,,1
52301,'523-Weekday-1-26-09-1111100',531,,226320,12,,,1,15,,226321,12,,,1,55,,226322,12,,,1,15,,226323,12,,,1,16,,226324,12,,,1,13,,226325,12,,,1,14,,226326,12,,,1,53,,226327,12,,,1,12,,226328,12,,,1,12,,226329,12,,,1,12,,226330,12,,,1,52,,226331,12,,,1,12,,226332,12,,,1,12,,226333,12,,,1,14,,226334,12,,,1,15,,226335,12,,,1,55,,226336,12,,,1,16,,226337,12,,,1,18,,226338,12,,,1,60,,226339,12,,,1,20,,226340,12,,,1,20,,226341,12,,,1,60,,226342,12,,,1,20,,226343,12,,,1,20,,226344,12,,,1,60,,226345,12,,,1,20,,226346,12,,,1,20,,226347,12,,,1,60,,226348,12,,,1,20,,226349,12,,,1,20,,226350,12,,,1,60,,226351,12,,,1,20,,226352,12,,,1,20,,226353,12,,,1,62,,226354,12,,,1,17,,226355,12,,,1,15,,226356,12,,,1,15,,226357,12,,,1,55,,226358,12,,,1,15,,226359,12,,,1,15,,226360,12,,,1,15,,226361,12,,,1,55,,226362,12,,,1,15,,226363,12,,,1,15,,226364,12,,,1,15,,226365,12,,,1,55,,226366,12,,,1,15,,226367,12,,,1,25,,226368,12,,,1,70,,226369,12,,,1,29,,226370,12,,,1,70,,226371,12,,,1,30,,226372,12,,,1,70,,226373,12,,,1,30,,226374,12,,,1,68,,226375,12,,,1,96,,226376,12,,,1,100,,226377,12,,,1
52301,'523-Weekday-2-26-09-1111100',531,,226378,12,,,1,15,,226379,12,,,1,55,,226380,12,,,1,15,,226381,12,,,1,16,,226382,12,,,1,13,,226383,12,,,1,14,,226384,12,,,1,53,,226385,12,,,1,12,,226386,12,,,1,12,,226387,12,,,1,12,,226388,12,,,1,52,,226389,12,,,1,12,,226390,12,,,1,12,,226391,12,,,1,14,,226392,12,,,1,15,,226393,12,,,1,55,,226394,12,,,1,16,,226395,12,,,1,18,,226396,12,,,1,60,,226397,12,,,1,20,,226398,12,,,1,20,,226399,12,,,1,60,,226400,12,,,1,20,,226401,12,,,1,20,,226402,12,,,1,60,,226403,12,,,1,20,,226404,12,,,1,20,,226405,12,,,1,60,,226406,12,,,1,20,,226407,12,,,1,20,,226408,12,,,1,60,,226409,12,,,1,20,,226410,12,,,1,20,,226411,12,,,1,62,,226412,12,,,1,17,,226413,12,,,1,15,,226414,12,,,1,15,,226415,12,,,1,55,,226416,12,,,1,15,,226417,12,,,1,15,,226418,12,,,1,15,,226419,12,,,1,55,,226420,12,,,1,15,,226421,12,,,1,15,,226422,12,,,1,15,,226423,12,,,1,55,,226424,12,,,1,15,,226425,12,,,1,25,,226426,12,,,1,70,,226427,12,,,1,29,,226428,12,,,1,70,,226429,12,,,1,30,,226430,12,,,1,70,,226431,12,,,1,30,,226432,12,,,1,68,,226433,12,,,1,96,,226434,12,,,1,100,,226435,12,,,1
52301,'523-Weekday-3-26-09-1111100',531,,269325,12,,,1,15,,269326,12,,,1,55,,269327,12,,,1,15,,269328,12,,,1,16,,269329,12,,,1,13,,269330,12,,,1,14,,269331,12,,,1,53,,269332,12,,,1,12,,269333,12,,,1,12,,269334,12,,,1,12,,269335,12,,,1,52,,269336,12,,,1,12,,269337,12,,,1,12,,269338,12,,,1,14,,269339,12,,,1,15,,269340,12,,,1,55,,269341,12,,,1,16,,269342,12,,,1,18,,269343,12,,,1,60,,269344,12,,,1,20,,269345,12,,,1,20,,269346,12,,,1,60,,269347,12,,,1,20,,269348,12,,,1,20,,269349,12,,,1,60,,269350,12,,,1,20,,269351,12,,,1,20,,269352,12,,,1,60,,269353,12,,,1,20,,269354,12,,,1,20,,269355,12,,,1,60,,269356,12,,,1,20,,269357,12,,,1,20,,269358,12,,,1,62,,269359,12,,,1,17,,269360,12,,,1,15,,269361,12,,,1,15,,269362,12,,,1,55,,269363,12,,,1,15,,269364,12,,,1,15,,269365,12,,,1,15,,269366,12,,,1,55,,269367,12,,,1,15,,269368,12,,,1,15,,269369,12,,,1,15,,269370,12,,,1,55,,269371,12,,,1,15,,269372,12,,,1,25,,269373,12,,,1,70,,269374,12,,,1,29,,269375,12,,,1,70,,269376,12,,,1,30,,269377,12,,,1,70,,269378,12,,,1,30,,269379,12,,,1,68,,269380,12,,,1,96,,269381,12,,,1,100,,269382,12,,,1
52301,'523-Weekday-4-26-09-1111100',531,,226436,12,,,1,15,,226437,12,,,1,55,,226438,12,,,1,15,,226439,12,,,1,16,,226440,12,,,1,13,,226441,12,,,1,14,,226442,12,,,1,53,,226443,12,,,1,12,,226444,12,,,1,12,,226445,12,,,1,12,,226446,12,,,1,52,,226447,12,,,1,12,,226448,12,,,1,12,,226449,12,,,1,14,,226450,12,,,1,15,,226451,12,,,1,55,,226452,12,,,1,16,,226453,12,,,1,18,,226454,12,,,1,60,,226455,12,,,1,20,,226456,12,,,1,20,,226457,12,,,1,60,,226458,12,,,1,20,,226459,12,,,1,20,,226460,12,,,1,60,,226461,12,,,1,20,,226462,12,,,1,20,,226463,12,,,1,60,,226464,12,,,1,20,,226465,12,,,1,20,,226466,12,,,1,60,,226467,12,,,1,20,,226468,12,,,1,20,,226469,12,,,1,62,,226470,12,,,1,17,,226471,12,,,1,15,,226472,12,,,1,15,,226473,12,,,1,55,,226474,12,,,1,15,,226475,12,,,1,15,,226476,12,,,1,15,,226477,12,,,1,55,,226478,12,,,1,15,,226479,12,,,1,15,,226480,12,,,1,15,,226481,12,,,1,55,,226482,12,,,1,15,,226483,12,,,1,25,,226484,12,,,1,70,,226485,12,,,1,29,,226486,12,,,1,70,,226487,12,,,1,30,,226488,12,,,1,70,,226489,12,,,1,30,,226490,12,,,1,68,,226491,12,,,1,96,,226492,12,,,1,100,,226493,12,,,1
52301,'523-Weekday-5-26-09-1111100',531,,269383,12,,,1,15,,269384,12,,,1,55,,269385,12,,,1,15,,269386,12,,,1,16,,269387,12,,,1,13,,269388,12,,,1,14,,269389,12,,,1,53,,269390,12,,,1,12,,269391,12,,,1,12,,269392,12,,,1,12,,269393,12,,,1,52,,269394,12,,,1,12,,269395,12,,,1,12,,269396,12,,,1,14,,269397,12,,,1,15,,269398,12,,,1,55,,269399,12,,,1,16,,269400,12,,,1,18,,269401,12,,,1,60,,269402,12,,,1,20,,269403,12,,,1,20,,269404,12,,,1,60,,269405,12,,,1,20,,269406,12,,,1,20,,269407,12,,,1,60,,269408,12,,,1,20,,269409,12,,,1,20,,269410,12,,,1,60,,269411,12,,,1,20,,269412,12,,,1,20,,269413,12,,,1,60,,269414,12,,,1,20,,269415,12,,,1,20,,269416,12,,,1,62,,269417,12,,,1,17,,269418,12,,,1,15,,269419,12,,,1,15,,269420,12,,,1,55,,269421,12,,,1,15,,269422,12,,,1,15,,269423,12,,,1,15,,269424,12,,,1,55,,269425,12,,,1,15,,269426,12,,,1,15,,269427,12,,,1,15,,269428,12,,,1,55,,269429,12,,,1,15,,269430,12,,,1,25,,269431,12,,,1,70,,269432,12,,,1,29,,269433,12,,,1,70,,269434,12,,,1,30,,269435,12,,,1,70,,269436,12,,,1,30,,269437,12,,,1,68,,269438,12,,,1,96,,269439,12,,,1,100,,269440,12,,,1
52301,'523-Weekday-6-26-09-1111100',531,,269441,12,,,1,15,,269442,12,,,1,55,,269443,12,,,1,15,,269444,12,,,1,16,,269445,12,,,1,13,,269446,12,,,1,14,,269447,12,,,1,53,,269448,12,,,1,12,,269449,12,,,1,12,,269450,12,,,1,12,,269451,12,,,1,52,,269452,12,,,1,12,,269453,12,,,1,12,,269454,12,,,1,14,,269455,12,,,1,15,,269456,12,,,1,55,,269457,12,,,1,16,,269458,12,,,1,18,,269459,12,,,1,60,,269460,12,,,1,20,,269461,12,,,1,20,,269462,12,,,1,60,,269463,12,,,1,20,,269464,12,,,1,20,,269465,12,,,1,60,,269466,12,,,1,20,,269467,12,,,1,20,,269468,12,,,1,60,,269469,12,,,1,20,,269470,12,,,1,20,,269471,12,,,1,60,,269472,12,,,1,20,,269473,12,,,1,20,,269474,12,,,1,62,,269475,12,,,1,17,,269476,12,,,1,15,,269477,12,,,1,15,,269478,12,,,1,55,,269479,12,,,1,15,,269480,12,,,1,15,,269481,12,,,1,15,,269482,12,,,1,55,,269483,12,,,1,15,,269484,12,,,1,15,,269485,12,,,1,15,,269486,12,,,1,55,,269487,12,,,1,15,,269488,12,,,1,25,,269489,12,,,1,70,,269490,12,,,1,29,,269491,12,,,1,70,,269492,12,,,1,30,,269493,12,,,1,70,,269494,12,,,1,30,,269495,12,,,1,68,,269496,12,,,1,96,,269497,12,,,1,100,,269498,12,,,1
52301,'523-Weekday-7-26-09-1111100',531,,269499,12,,,1,15,,269500,12,,,1,55,,269501,12,,,1,15,,269502,12,,,1,16,,269503,12,,,1,13,,269504,12,,,1,14,,269505,12,,,1,53,,269506,12,,,1,12,,269507,12,,,1,12,,269508,12,,,1,12,,269509,12,,,1,52,,269510,12,,,1,12,,269511,12,,,1,12,,269512,12,,,1,14,,269513,12,,,1,15,,269514,12,,,1,55,,269515,12,,,1,16,,269516,12,,,1,18,,269517,12,,,1,60,,269518,12,,,1,20,,269519,12,,,1,20,,269520,12,,,1,60,,269521,12,,,1,20,,269522,12,,,1,20,,269523,12,,,1,60,,269524,12,,,1,20,,269525,12,,,1,20,,269526,12,,,1,60,,269527,12,,,1,20,,269528,12,,,1,20,,269529,12,,,1,60,,269530,12,,,1,20,,269531,12,,,1,20,,269532,12,,,1,62,,269533,12,,,1,17,,269534,12,,,1,15,,269535,12,,,1,15,,269536,12,,,1,55,,269537,12,,,1,15,,269538,12,,,1,15,,269539,12,,,1,15,,269540,12,,,1,55,,269541,12,,,1,15,,269542,12,,,1,15,,269543,12,,,1,15,,269544,12,,,1,55,,269545,12,,,1,15,,269546,12,,,1,25,,269547,12,,,1,70,,269548,12,,,1,29,,269549,12,,,1,70,,269550,12,,,1,30,,269551,12,,,1,70,,269552,12,,,1,30,,269553,12,,,1,68,,269554,12,,,1,96,,269555,12,,,1,100,,269556,12,,,1
52301,'523-Saturday-1-26-09-0000010',630,,226494,12,,,1,100,,226495,12,,,1,100,,226496,12,,,1,20,,226497,12,,,1,61,,226526,12,,,1,22,,226498,12,,,1,23,,226499,12,,,1,60,,226527,12,,,1,20,,226500,12,,,1,20,,226501,12,,,1,60,,226528,12,,,1,20,,226502,12,,,1,20,,226503,12,,,1,60,,226529,12,,,1,20,,226504,12,,,1,20,,226505,12,,,1,60,,226530,12,,,1,20,,226507,12,,,1,20,,226508,12,,,1,60,,226531,12,,,1,20,,226509,12,,,1,20,,226506,12,,,1,60,,226532,12,,,1,20,,226510,12,,,1,20,,226511,12,,,1,60,,226533,12,,,1,20,,226512,12,,,1,20,,226513,12,,,1,60,,226534,12,,,1,19,,226514,12,,,1,18,,226515,12,,,1,60,,226535,12,,,1,20,,226516,12,,,1,20,,226517,12,,,1,60,,226536,12,,,1,20,,226518,12,,,1,20,,226519,12,,,1,60,,226537,12,,,1,20,,226520,12,,,1,20,,226521,12,,,1,60,,226538,12,,,1,20,,226522,12,,,1,20,,226539,12,,,1,60,,226523,12,,,1,101,,226524,12,,,1,100,,226525,12,,,1
52301,'523-Sunday-1-26-09-0000001',630,,226540,12,,,1,100,,226541,12,,,1,100,,226542,12,,,1,105,,226543,12,,,1,100,,226544,12,,,1,20,,226545,12,,,1,60,,226546,12,,,1,20,,226547,12,,,1,20,,226549,12,,,1,60,,226550,12,,,1,20,,226551,12,,,1,20,,226548,12,,,1,60,,226552,12,,,1,20,,226553,12,,,1,20,,226554,12,,,1,60,,226555,12,,,1,20,,226556,12,,,1,20,,226558,12,,,1,60,,226559,12,,,1,20,,226560,12,,,1,20,,226557,12,,,1,60,,226561,12,,,1,20,,226562,12,,,1,20,,226569,12,,,1,59,,226563,12,,,1,19,,226570,12,,,1,19,,226564,12,,,1,60,,226573,12,,,1,20,,226574,12,,,1,20,,226575,12,,,1,60,,226576,12,,,1,30,,226572,12,,,1,70,,226571,12,,,1,30,,226568,12,,,1,70,,226566,12,,,1,100,,226567,12,,,1,100,,226565,12,,,1,100,,226577,12,,,1
