61300,'613-Weekday-1-26-09-1111100',723,,227411,9,,,1,90,,227412,9,,,1
61300,'613-Weekday-3-26-09-1111100',813,,227413,9,,,1
61300,'613-Weekday-4-26-09-1111100',723,,270272,9,,,1
61300,'613-Weekday-7-26-09-1111100',723,,270273,9,,,1,90,,270274,9,,,1
61801,'618-Weekday-1-26-09-1111100',803,,227449,9,,,1
61801,'618-Weekday-4-26-09-1111100',803,,270299,9,,,1
61801,'618-Weekday-7-26-09-1111100',803,,270300,9,,,1
24015001,'150X-Weekday-1-26-09-1111100',606,,245121,9,,,1,20,,245115,9,,,1,20,,245116,9,,,1,60,,245117,9,,,1,15,,245118,9,,,1,15,,245119,9,,,1,15,,245120,9,,,1,55,,245113,9,,,1,15,,245112,9,,,1,15,,245114,9,,,1
24015001,'150X-Weekday-2-26-09-1111100',606,,245131,9,,,1,20,,245125,9,,,1,20,,245126,9,,,1,60,,245127,9,,,1,15,,245128,9,,,1,15,,245129,9,,,1,15,,245130,9,,,1,55,,245123,9,,,1,15,,245122,9,,,1,15,,245124,9,,,1
24015001,'150X-Weekday-3-26-09-1111100',606,,287639,9,,,1,20,,287633,9,,,1,20,,287634,9,,,1,60,,287635,9,,,1,15,,287636,9,,,1,15,,287637,9,,,1,15,,287638,9,,,1,55,,287631,9,,,1,15,,287630,9,,,1,15,,287632,9,,,1
24015001,'150X-Weekday-4-26-09-1111100',606,,245141,9,,,1,20,,245135,9,,,1,20,,245136,9,,,1,60,,245137,9,,,1,15,,245138,9,,,1,15,,245139,9,,,1,15,,245140,9,,,1,55,,245133,9,,,1,15,,245132,9,,,1,15,,245134,9,,,1
24015001,'150X-Weekday-5-26-09-1111100',606,,287649,9,,,1,20,,287643,9,,,1,20,,287644,9,,,1,60,,287645,9,,,1,15,,287646,9,,,1,15,,287647,9,,,1,15,,287648,9,,,1,55,,287641,9,,,1,15,,287640,9,,,1,15,,287642,9,,,1
24015001,'150X-Weekday-6-26-09-1111100',606,,287659,9,,,1,20,,287653,9,,,1,20,,287654,9,,,1,60,,287655,9,,,1,15,,287656,9,,,1,15,,287657,9,,,1,15,,287658,9,,,1,55,,287651,9,,,1,15,,287650,9,,,1,15,,287652,9,,,1
24015001,'150X-Weekday-7-26-09-1111100',606,,287669,9,,,1,20,,287663,9,,,1,20,,287664,9,,,1,60,,287665,9,,,1,15,,287666,9,,,1,15,,287667,9,,,1,15,,287668,9,,,1,55,,287661,9,,,1,15,,287660,9,,,1,15,,287662,9,,,1
