91701,'917-Weekday-1-26-09-0001000',1514,,240521,29,,,1
91701,'917-Weekday-1-26-09-1111100',515,,240522,29,,,1,30,,240523,29,,,1,70,,240556,29,,,1,31,,240558,29,,,1,70,,240557,29,,,1,30,,240524,29,,,1,70,,240552,29,,,1,30,,240525,29,,,1,70,,240560,29,,,1,30,,240526,29,,,1,70,,240527,29,,,1,30,,240528,29,,,1,70,,240529,29,,,1,30,,240530,29,,,1,70,,240531,29,,,1,30,,240532,29,,,1,70,,240533,29,,,1,30,,240534,29,,,1,70,,240535,29,,,1,30,,240536,29,,,1,76,,240537,29,,,1,15,,240564,29,,,1,15,,240555,29,,,1,55,,240538,29,,,1,15,,240563,29,,,1,15,,240539,29,,,1,15,,240553,29,,,1,55,,240540,29,,,1,15,,240562,29,,,1,15,,240541,29,,,1,15,,240554,29,,,1,55,,240561,29,,,1,15,,240549,29,,,1,26,,240542,29,,,1,69,,240543,29,,,1,30,,240544,29,,,1,70,,240545,29,,,1,30,,240546,29,,,1,70,,240547,29,,,1,30,,240548,29,,,1,68,,240559,29,,,1,100,,240550,29,,,1,100,,240551,29,,,1
91701,'917-Weekday-2-26-09-1111100',515,,240565,29,,,1,30,,240566,29,,,1,70,,240599,29,,,1,31,,240601,29,,,1,70,,240600,29,,,1,30,,240567,29,,,1,70,,240595,29,,,1,30,,240568,29,,,1,70,,240603,29,,,1,30,,240569,29,,,1,70,,240570,29,,,1,30,,240571,29,,,1,70,,240572,29,,,1,30,,240573,29,,,1,70,,240574,29,,,1,30,,240575,29,,,1,70,,240576,29,,,1,30,,240577,29,,,1,70,,240578,29,,,1,30,,240579,29,,,1,76,,240580,29,,,1,15,,240607,29,,,1,15,,240598,29,,,1,55,,240581,29,,,1,15,,240606,29,,,1,15,,240582,29,,,1,15,,240596,29,,,1,55,,240583,29,,,1,15,,240605,29,,,1,15,,240584,29,,,1,15,,240597,29,,,1,55,,240604,29,,,1,15,,240592,29,,,1,26,,240585,29,,,1,69,,240586,29,,,1,30,,240587,29,,,1,70,,240588,29,,,1,30,,240589,29,,,1,70,,240590,29,,,1,30,,240591,29,,,1,68,,240602,29,,,1,100,,240593,29,,,1,100,,240594,29,,,1
91701,'917-Weekday-3-26-09-1111100',515,,283059,29,,,1,30,,283060,29,,,1,70,,283093,29,,,1,31,,283095,29,,,1,70,,283094,29,,,1,30,,283061,29,,,1,70,,283089,29,,,1,30,,283062,29,,,1,70,,283097,29,,,1,30,,283063,29,,,1,70,,283064,29,,,1,30,,283065,29,,,1,70,,283066,29,,,1,30,,283067,29,,,1,70,,283068,29,,,1,30,,283069,29,,,1,70,,283070,29,,,1,30,,283071,29,,,1,70,,283072,29,,,1,30,,283073,29,,,1,76,,283074,29,,,1,15,,283101,29,,,1,15,,283092,29,,,1,55,,283075,29,,,1,15,,283100,29,,,1,15,,283076,29,,,1,15,,283090,29,,,1,55,,283077,29,,,1,15,,283099,29,,,1,15,,283078,29,,,1,15,,283091,29,,,1,55,,283098,29,,,1,15,,283086,29,,,1,26,,283079,29,,,1,69,,283080,29,,,1,30,,283081,29,,,1,70,,283082,29,,,1,30,,283083,29,,,1,70,,283084,29,,,1,30,,283085,29,,,1,68,,283096,29,,,1,100,,283087,29,,,1,100,,283088,29,,,1
91701,'917-Weekday-4-26-09-1111100',515,,240608,29,,,1,30,,240609,29,,,1,70,,240642,29,,,1,31,,240644,29,,,1,70,,240643,29,,,1,30,,240610,29,,,1,70,,240638,29,,,1,30,,240611,29,,,1,70,,240646,29,,,1,30,,240612,29,,,1,70,,240613,29,,,1,30,,240614,29,,,1,70,,240615,29,,,1,30,,240616,29,,,1,70,,240617,29,,,1,30,,240618,29,,,1,70,,240619,29,,,1,30,,240620,29,,,1,70,,240621,29,,,1,30,,240622,29,,,1,76,,240623,29,,,1,15,,240650,29,,,1,15,,240641,29,,,1,55,,240624,29,,,1,15,,240649,29,,,1,15,,240625,29,,,1,15,,240639,29,,,1,55,,240626,29,,,1,15,,240648,29,,,1,15,,240627,29,,,1,15,,240640,29,,,1,55,,240647,29,,,1,15,,240635,29,,,1,26,,240628,29,,,1,69,,240629,29,,,1,30,,240630,29,,,1,70,,240631,29,,,1,30,,240632,29,,,1,70,,240633,29,,,1,30,,240634,29,,,1,68,,240645,29,,,1,100,,240636,29,,,1,100,,240637,29,,,1
91701,'917-Weekday-5-26-09-1111100',515,,283102,29,,,1,30,,283103,29,,,1,70,,283136,29,,,1,31,,283138,29,,,1,70,,283137,29,,,1,30,,283104,29,,,1,70,,283132,29,,,1,30,,283105,29,,,1,70,,283140,29,,,1,30,,283106,29,,,1,70,,283107,29,,,1,30,,283108,29,,,1,70,,283109,29,,,1,30,,283110,29,,,1,70,,283111,29,,,1,30,,283112,29,,,1,70,,283113,29,,,1,30,,283114,29,,,1,70,,283115,29,,,1,30,,283116,29,,,1,76,,283117,29,,,1,15,,283144,29,,,1,15,,283135,29,,,1,55,,283118,29,,,1,15,,283143,29,,,1,15,,283119,29,,,1,15,,283133,29,,,1,55,,283120,29,,,1,15,,283142,29,,,1,15,,283121,29,,,1,15,,283134,29,,,1,55,,283141,29,,,1,15,,283129,29,,,1,26,,283122,29,,,1,69,,283123,29,,,1,30,,283124,29,,,1,70,,283125,29,,,1,30,,283126,29,,,1,70,,283127,29,,,1,30,,283128,29,,,1,68,,283139,29,,,1,100,,283130,29,,,1,100,,283131,29,,,1
91701,'917-Weekday-6-26-09-1111100',515,,283145,29,,,1,30,,283146,29,,,1,70,,283179,29,,,1,31,,283181,29,,,1,70,,283180,29,,,1,30,,283147,29,,,1,70,,283175,29,,,1,30,,283148,29,,,1,70,,283183,29,,,1,30,,283149,29,,,1,70,,283150,29,,,1,30,,283151,29,,,1,70,,283152,29,,,1,30,,283153,29,,,1,70,,283154,29,,,1,30,,283155,29,,,1,70,,283156,29,,,1,30,,283157,29,,,1,70,,283158,29,,,1,30,,283159,29,,,1,76,,283160,29,,,1,15,,283187,29,,,1,15,,283178,29,,,1,55,,283161,29,,,1,15,,283186,29,,,1,15,,283162,29,,,1,15,,283176,29,,,1,55,,283163,29,,,1,15,,283185,29,,,1,15,,283164,29,,,1,15,,283177,29,,,1,55,,283184,29,,,1,15,,283172,29,,,1,26,,283165,29,,,1,69,,283166,29,,,1,30,,283167,29,,,1,70,,283168,29,,,1,30,,283169,29,,,1,70,,283170,29,,,1,30,,283171,29,,,1,68,,283182,29,,,1,100,,283173,29,,,1,100,,283174,29,,,1
91701,'917-Weekday-7-26-09-1111100',515,,283188,29,,,1,30,,283189,29,,,1,70,,283222,29,,,1,31,,283224,29,,,1,70,,283223,29,,,1,30,,283190,29,,,1,70,,283218,29,,,1,30,,283191,29,,,1,70,,283226,29,,,1,30,,283192,29,,,1,70,,283193,29,,,1,30,,283194,29,,,1,70,,283195,29,,,1,30,,283196,29,,,1,70,,283197,29,,,1,30,,283198,29,,,1,70,,283199,29,,,1,30,,283200,29,,,1,70,,283201,29,,,1,30,,283202,29,,,1,76,,283203,29,,,1,15,,283230,29,,,1,15,,283221,29,,,1,55,,283204,29,,,1,15,,283229,29,,,1,15,,283205,29,,,1,15,,283219,29,,,1,55,,283206,29,,,1,15,,283228,29,,,1,15,,283207,29,,,1,15,,283220,29,,,1,55,,283227,29,,,1,15,,283215,29,,,1,26,,283208,29,,,1,69,,283209,29,,,1,30,,283210,29,,,1,70,,283211,29,,,1,30,,283212,29,,,1,70,,283213,29,,,1,30,,283214,29,,,1,68,,283225,29,,,1,100,,283216,29,,,1,100,,283217,29,,,1
91701,'917-Saturday-1-26-09-0000010',639,,240651,29,,,1,100,,240652,29,,,1,70,,240663,29,,,1,30,,240664,29,,,1,72,,240653,29,,,1,31,,240654,29,,,1,70,,240655,29,,,1,30,,240656,29,,,1,70,,240657,29,,,1,30,,240658,29,,,1,70,,240659,29,,,1,32,,240665,29,,,1,70,,240666,29,,,1,30,,240667,29,,,1,70,,240668,29,,,1,30,,240669,29,,,1,70,,240670,29,,,1,30,,240671,29,,,1,70,,240672,29,,,1,30,,240673,29,,,1,70,,240674,29,,,1,30,,240675,29,,,1,70,,240676,29,,,1,30,,240677,29,,,1,70,,240678,29,,,1,100,,240660,29,,,1,100,,240661,29,,,1,100,,240662,29,,,1
91701,'917-Sunday-1-26-09-0000001',636,,240679,29,,,1,100,,240680,29,,,1,100,,240681,29,,,1,103,,240682,29,,,1,103,,240683,29,,,1,70,,240684,29,,,1,30,,240685,29,,,1,70,,240686,29,,,1,30,,240687,29,,,1,70,,240688,29,,,1,30,,240689,29,,,1,70,,240690,29,,,1,30,,240691,29,,,1,70,,240692,29,,,1,30,,240693,29,,,1,70,,240694,29,,,1,30,,240695,29,,,1,69,,240696,29,,,1,31,,240702,29,,,1,70,,240701,29,,,1,30,,240697,29,,,1,70,,240698,29,,,1,30,,240699,29,,,1,100,,240700,29,,,1
24093000,'930X-Weekday-1-26-09-1111100',610,,246407,19,,,1,30,,246408,19,,,1,12,,246415,19,,,1,52,,246409,19,,,1,12,,246411,19,,,1,12,,246416,19,,,1,12,,246410,19,,,1,12,,246417,19,,,1,52,,246406,19,,,1,12,,246412,19,,,1,12,,246418,19,,,1,12,,246405,19,,,1,12,,246419,19,,,1,52,,246413,19,,,1,12,,246414,19,,,1
24093000,'930X-Weekday-2-26-09-1111100',610,,246422,19,,,1,30,,246423,19,,,1,12,,246430,19,,,1,52,,246424,19,,,1,12,,246426,19,,,1,12,,246431,19,,,1,12,,246425,19,,,1,12,,246432,19,,,1,52,,246421,19,,,1,12,,246427,19,,,1,12,,246433,19,,,1,12,,246420,19,,,1,12,,246434,19,,,1,52,,246428,19,,,1,12,,246429,19,,,1
24093000,'930X-Weekday-3-26-09-1111100',610,,289252,19,,,1,30,,289253,19,,,1,12,,289260,19,,,1,52,,289254,19,,,1,12,,289256,19,,,1,12,,289261,19,,,1,12,,289255,19,,,1,12,,289262,19,,,1,52,,289251,19,,,1,12,,289257,19,,,1,12,,289263,19,,,1,12,,289250,19,,,1,12,,289264,19,,,1,52,,289258,19,,,1,12,,289259,19,,,1
24093000,'930X-Weekday-4-26-09-1111100',610,,246437,19,,,1,30,,246438,19,,,1,12,,246445,19,,,1,52,,246439,19,,,1,12,,246441,19,,,1,12,,246446,19,,,1,12,,246440,19,,,1,12,,246447,19,,,1,52,,246436,19,,,1,12,,246442,19,,,1,12,,246448,19,,,1,12,,246435,19,,,1,12,,246449,19,,,1,52,,246443,19,,,1,12,,246444,19,,,1
24093000,'930X-Weekday-5-26-09-1111100',610,,289267,19,,,1,30,,289268,19,,,1,12,,289275,19,,,1,52,,289269,19,,,1,12,,289271,19,,,1,12,,289276,19,,,1,12,,289270,19,,,1,12,,289277,19,,,1,52,,289266,19,,,1,12,,289272,19,,,1,12,,289278,19,,,1,12,,289265,19,,,1,12,,289279,19,,,1,52,,289273,19,,,1,12,,289274,19,,,1
24093000,'930X-Weekday-6-26-09-1111100',610,,289282,19,,,1,30,,289283,19,,,1,12,,289290,19,,,1,52,,289284,19,,,1,12,,289286,19,,,1,12,,289291,19,,,1,12,,289285,19,,,1,12,,289292,19,,,1,52,,289281,19,,,1,12,,289287,19,,,1,12,,289293,19,,,1,12,,289280,19,,,1,12,,289294,19,,,1,52,,289288,19,,,1,12,,289289,19,,,1
24093000,'930X-Weekday-7-26-09-1111100',610,,289297,19,,,1,30,,289298,19,,,1,12,,289305,19,,,1,52,,289299,19,,,1,12,,289301,19,,,1,12,,289306,19,,,1,12,,289300,19,,,1,12,,289307,19,,,1,52,,289296,19,,,1,12,,289302,19,,,1,12,,289308,19,,,1,12,,289295,19,,,1,12,,289309,19,,,1,52,,289303,19,,,1,12,,289304,19,,,1
