500,'005-Weekday-1-26-09-1111100',521,,206266,29,,,1,15,,206267,29,,,1,15,,206268,29,,,1,55,,206269,29,,,1,15,,206270,29,,,1,17,,206271,29,,,1,17,,206272,29,,,1,56,,206273,29,,,1,15,,206274,29,,,1,15,,206275,29,,,1,15,,206276,29,,,1,55,,206277,29,,,1,15,,206278,29,,,1,15,,206279,29,,,1,15,,206280,29,,,1,57,,206281,29,,,1,15,,206282,29,,,1,14,,206283,29,,,1,15,,206284,29,,,1,55,,206285,29,,,1,15,,206286,29,,,1,15,,206287,29,,,1,15,,206288,29,,,1,55,,206289,29,,,1,15,,206290,29,,,1,15,,206291,29,,,1,15,,206292,29,,,1,55,,206293,29,,,1,15,,206294,29,,,1,15,,206295,29,,,1,15,,206296,29,,,1,55,,206297,29,,,1,15,,206298,29,,,1,15,,206299,29,,,1,15,,206300,29,,,1,55,,206301,29,,,1,15,,206302,29,,,1,15,,206304,29,,,1,16,,206305,29,,,1,56,,206306,29,,,1,16,,206303,29,,,1,16,,206307,29,,,1,55,,206308,29,,,1,15,,206309,29,,,1,15,,206310,29,,,1,15,,206311,29,,,1,56,,206312,29,,,1,15,,206313,29,,,1,15,,206314,29,,,1,16,,206315,29,,,1,56,,206316,29,,,1,15,,206317,29,,,1,14,,206318,29,,,1,13,,206319,29,,,1,12,,206320,29,,,1,54,,206321,29,,,1,15,,206322,29,,,1,15,,206323,29,,,1,15,,206324,29,,,1,55,,206325,29,,,1,15,,206326,29,,,1,15,,206327,29,,,1,15,,206328,29,,,1,55,,206329,29,,,1,15,,206330,29,,,1,15,,206331,29,,,1,15,,206332,29,,,1,55,,206333,29,,,1,19,,206334,29,,,1,22,,206335,29,,,1,61,,206336,29,,,1,20,,206337,29,,,1,20,,206338,29,,,1,60,,206339,29,,,1,20,,206340,29,,,1,20,,206341,29,,,1,60,,206342,29,,,1
500,'005-Weekday-2-26-09-1111100',521,,206387,29,,,1,15,,206388,29,,,1,15,,206389,29,,,1,55,,206390,29,,,1,15,,206391,29,,,1,17,,206392,29,,,1,17,,206393,29,,,1,56,,206394,29,,,1,15,,206395,29,,,1,15,,206396,29,,,1,15,,206397,29,,,1,55,,206398,29,,,1,15,,206399,29,,,1,15,,206400,29,,,1,15,,206401,29,,,1,57,,206402,29,,,1,15,,206403,29,,,1,14,,206404,29,,,1,15,,206405,29,,,1,55,,206406,29,,,1,15,,206407,29,,,1,15,,206408,29,,,1,15,,206409,29,,,1,55,,206410,29,,,1,15,,206411,29,,,1,15,,206412,29,,,1,15,,206413,29,,,1,55,,206414,29,,,1,15,,206415,29,,,1,15,,206416,29,,,1,15,,206417,29,,,1,55,,206418,29,,,1,15,,206419,29,,,1,15,,206420,29,,,1,15,,206421,29,,,1,55,,206422,29,,,1,15,,206423,29,,,1,15,,206425,29,,,1,16,,206426,29,,,1,56,,206427,29,,,1,16,,206424,29,,,1,16,,206428,29,,,1,55,,206429,29,,,1,15,,206430,29,,,1,15,,206431,29,,,1,15,,206432,29,,,1,56,,206433,29,,,1,15,,206434,29,,,1,15,,206435,29,,,1,16,,206436,29,,,1,56,,206437,29,,,1,15,,206438,29,,,1,14,,206439,29,,,1,13,,206440,29,,,1,12,,206441,29,,,1,54,,206442,29,,,1,15,,206443,29,,,1,15,,206444,29,,,1,15,,206445,29,,,1,55,,206446,29,,,1,15,,206447,29,,,1,15,,206448,29,,,1,15,,206449,29,,,1,55,,206450,29,,,1,15,,206451,29,,,1,15,,206452,29,,,1,15,,206453,29,,,1,55,,206454,29,,,1,19,,206455,29,,,1,22,,206456,29,,,1,61,,206457,29,,,1,20,,206458,29,,,1,20,,206459,29,,,1,60,,206460,29,,,1,20,,206461,29,,,1,20,,206462,29,,,1,60,,206463,29,,,1
500,'005-Weekday-3-26-09-1111100',521,,249875,29,,,1,15,,249876,29,,,1,15,,249877,29,,,1,55,,249878,29,,,1,15,,249879,29,,,1,17,,249880,29,,,1,17,,249881,29,,,1,56,,249882,29,,,1,15,,249883,29,,,1,15,,249884,29,,,1,15,,249885,29,,,1,55,,249886,29,,,1,15,,249887,29,,,1,15,,249888,29,,,1,15,,249889,29,,,1,57,,249890,29,,,1,15,,249891,29,,,1,14,,249892,29,,,1,15,,249893,29,,,1,55,,249894,29,,,1,15,,249895,29,,,1,15,,249896,29,,,1,15,,249897,29,,,1,55,,249898,29,,,1,15,,249899,29,,,1,15,,249900,29,,,1,15,,249901,29,,,1,55,,249902,29,,,1,15,,249903,29,,,1,15,,249904,29,,,1,15,,249905,29,,,1,55,,249906,29,,,1,15,,249907,29,,,1,15,,249908,29,,,1,15,,249909,29,,,1,55,,249910,29,,,1,15,,249911,29,,,1,15,,249913,29,,,1,16,,249914,29,,,1,56,,249915,29,,,1,16,,249912,29,,,1,16,,249916,29,,,1,55,,249917,29,,,1,15,,249918,29,,,1,15,,249919,29,,,1,15,,249920,29,,,1,56,,249921,29,,,1,15,,249922,29,,,1,15,,249923,29,,,1,16,,249924,29,,,1,56,,249925,29,,,1,15,,249926,29,,,1,14,,249927,29,,,1,13,,249928,29,,,1,12,,249929,29,,,1,54,,249930,29,,,1,15,,249931,29,,,1,15,,249932,29,,,1,15,,249933,29,,,1,55,,249934,29,,,1,15,,249935,29,,,1,15,,249936,29,,,1,15,,249937,29,,,1,55,,249938,29,,,1,15,,249939,29,,,1,15,,249940,29,,,1,15,,249941,29,,,1,55,,249942,29,,,1,19,,249943,29,,,1,22,,249944,29,,,1,61,,249945,29,,,1,20,,249946,29,,,1,20,,249947,29,,,1,60,,249948,29,,,1,20,,249949,29,,,1,20,,249950,29,,,1,60,,249951,29,,,1
500,'005-Weekday-4-26-09-1111100',521,,206508,29,,,1,15,,206509,29,,,1,15,,206510,29,,,1,55,,206511,29,,,1,15,,206512,29,,,1,17,,206513,29,,,1,17,,206514,29,,,1,56,,206515,29,,,1,15,,206516,29,,,1,15,,206517,29,,,1,15,,206518,29,,,1,55,,206519,29,,,1,15,,206520,29,,,1,15,,206521,29,,,1,15,,206522,29,,,1,57,,206523,29,,,1,15,,206524,29,,,1,14,,206525,29,,,1,15,,206526,29,,,1,55,,206527,29,,,1,15,,206528,29,,,1,15,,206529,29,,,1,15,,206530,29,,,1,55,,206531,29,,,1,15,,206532,29,,,1,15,,206533,29,,,1,15,,206534,29,,,1,55,,206535,29,,,1,15,,206536,29,,,1,15,,206537,29,,,1,15,,206538,29,,,1,55,,206539,29,,,1,15,,206540,29,,,1,15,,206541,29,,,1,15,,206542,29,,,1,55,,206543,29,,,1,15,,206544,29,,,1,15,,206546,29,,,1,16,,206547,29,,,1,56,,206548,29,,,1,16,,206545,29,,,1,16,,206549,29,,,1,55,,206550,29,,,1,15,,206551,29,,,1,15,,206552,29,,,1,15,,206553,29,,,1,56,,206554,29,,,1,15,,206555,29,,,1,15,,206556,29,,,1,16,,206557,29,,,1,56,,206558,29,,,1,15,,206559,29,,,1,14,,206560,29,,,1,13,,206561,29,,,1,12,,206562,29,,,1,54,,206563,29,,,1,15,,206564,29,,,1,15,,206565,29,,,1,15,,206566,29,,,1,55,,206567,29,,,1,15,,206568,29,,,1,15,,206569,29,,,1,15,,206570,29,,,1,55,,206571,29,,,1,15,,206572,29,,,1,15,,206573,29,,,1,15,,206574,29,,,1,55,,206575,29,,,1,19,,206576,29,,,1,22,,206577,29,,,1,61,,206578,29,,,1,20,,206579,29,,,1,20,,206580,29,,,1,60,,206581,29,,,1,20,,206582,29,,,1,20,,206583,29,,,1,60,,206584,29,,,1
500,'005-Weekday-5-26-09-1111100',521,,249996,29,,,1,15,,249997,29,,,1,15,,249998,29,,,1,55,,249999,29,,,1,15,,250000,29,,,1,17,,250001,29,,,1,17,,250002,29,,,1,56,,250003,29,,,1,15,,250004,29,,,1,15,,250005,29,,,1,15,,250006,29,,,1,55,,250007,29,,,1,15,,250008,29,,,1,15,,250009,29,,,1,15,,250010,29,,,1,57,,250011,29,,,1,15,,250012,29,,,1,14,,250013,29,,,1,15,,250014,29,,,1,55,,250015,29,,,1,15,,250016,29,,,1,15,,250017,29,,,1,15,,250018,29,,,1,55,,250019,29,,,1,15,,250020,29,,,1,15,,250021,29,,,1,15,,250022,29,,,1,55,,250023,29,,,1,15,,250024,29,,,1,15,,250025,29,,,1,15,,250026,29,,,1,55,,250027,29,,,1,15,,250028,29,,,1,15,,250029,29,,,1,15,,250030,29,,,1,55,,250031,29,,,1,15,,250032,29,,,1,15,,250034,29,,,1,16,,250035,29,,,1,56,,250036,29,,,1,16,,250033,29,,,1,16,,250037,29,,,1,55,,250038,29,,,1,15,,250039,29,,,1,15,,250040,29,,,1,15,,250041,29,,,1,56,,250042,29,,,1,15,,250043,29,,,1,15,,250044,29,,,1,16,,250045,29,,,1,56,,250046,29,,,1,15,,250047,29,,,1,14,,250048,29,,,1,13,,250049,29,,,1,12,,250050,29,,,1,54,,250051,29,,,1,15,,250052,29,,,1,15,,250053,29,,,1,15,,250054,29,,,1,55,,250055,29,,,1,15,,250056,29,,,1,15,,250057,29,,,1,15,,250058,29,,,1,55,,250059,29,,,1,15,,250060,29,,,1,15,,250061,29,,,1,15,,250062,29,,,1,55,,250063,29,,,1,19,,250064,29,,,1,22,,250065,29,,,1,61,,250066,29,,,1,20,,250067,29,,,1,20,,250068,29,,,1,60,,250069,29,,,1,20,,250070,29,,,1,20,,250071,29,,,1,60,,250072,29,,,1
500,'005-Weekday-6-26-09-1111100',521,,250117,29,,,1,15,,250118,29,,,1,15,,250119,29,,,1,55,,250120,29,,,1,15,,250121,29,,,1,17,,250122,29,,,1,17,,250123,29,,,1,56,,250124,29,,,1,15,,250125,29,,,1,15,,250126,29,,,1,15,,250127,29,,,1,55,,250128,29,,,1,15,,250129,29,,,1,15,,250130,29,,,1,15,,250131,29,,,1,57,,250132,29,,,1,15,,250133,29,,,1,14,,250134,29,,,1,15,,250135,29,,,1,55,,250136,29,,,1,15,,250137,29,,,1,15,,250138,29,,,1,15,,250139,29,,,1,55,,250140,29,,,1,15,,250141,29,,,1,15,,250142,29,,,1,15,,250143,29,,,1,55,,250144,29,,,1,15,,250145,29,,,1,15,,250146,29,,,1,15,,250147,29,,,1,55,,250148,29,,,1,15,,250149,29,,,1,15,,250150,29,,,1,15,,250151,29,,,1,55,,250152,29,,,1,15,,250153,29,,,1,15,,250155,29,,,1,16,,250156,29,,,1,56,,250157,29,,,1,16,,250154,29,,,1,16,,250158,29,,,1,55,,250159,29,,,1,15,,250160,29,,,1,15,,250161,29,,,1,15,,250162,29,,,1,56,,250163,29,,,1,15,,250164,29,,,1,15,,250165,29,,,1,16,,250166,29,,,1,56,,250167,29,,,1,15,,250168,29,,,1,14,,250169,29,,,1,13,,250170,29,,,1,12,,250171,29,,,1,54,,250172,29,,,1,15,,250173,29,,,1,15,,250174,29,,,1,15,,250175,29,,,1,55,,250176,29,,,1,15,,250177,29,,,1,15,,250178,29,,,1,15,,250179,29,,,1,55,,250180,29,,,1,15,,250181,29,,,1,15,,250182,29,,,1,15,,250183,29,,,1,55,,250184,29,,,1,19,,250185,29,,,1,22,,250186,29,,,1,61,,250187,29,,,1,20,,250188,29,,,1,20,,250189,29,,,1,60,,250190,29,,,1,20,,250191,29,,,1,20,,250192,29,,,1,60,,250193,29,,,1
500,'005-Weekday-7-26-09-1111100',521,,250238,29,,,1,15,,250239,29,,,1,15,,250240,29,,,1,55,,250241,29,,,1,15,,250242,29,,,1,17,,250243,29,,,1,17,,250244,29,,,1,56,,250245,29,,,1,15,,250246,29,,,1,15,,250247,29,,,1,15,,250248,29,,,1,55,,250249,29,,,1,15,,250250,29,,,1,15,,250251,29,,,1,15,,250252,29,,,1,57,,250253,29,,,1,15,,250254,29,,,1,14,,250255,29,,,1,15,,250256,29,,,1,55,,250257,29,,,1,15,,250258,29,,,1,15,,250259,29,,,1,15,,250260,29,,,1,55,,250261,29,,,1,15,,250262,29,,,1,15,,250263,29,,,1,15,,250264,29,,,1,55,,250265,29,,,1,15,,250266,29,,,1,15,,250267,29,,,1,15,,250268,29,,,1,55,,250269,29,,,1,15,,250270,29,,,1,15,,250271,29,,,1,15,,250272,29,,,1,55,,250273,29,,,1,15,,250274,29,,,1,15,,250276,29,,,1,16,,250277,29,,,1,56,,250278,29,,,1,16,,250275,29,,,1,16,,250279,29,,,1,55,,250280,29,,,1,15,,250281,29,,,1,15,,250282,29,,,1,15,,250283,29,,,1,56,,250284,29,,,1,15,,250285,29,,,1,15,,250286,29,,,1,16,,250287,29,,,1,56,,250288,29,,,1,15,,250289,29,,,1,14,,250290,29,,,1,13,,250291,29,,,1,12,,250292,29,,,1,54,,250293,29,,,1,15,,250294,29,,,1,15,,250295,29,,,1,15,,250296,29,,,1,55,,250297,29,,,1,15,,250298,29,,,1,15,,250299,29,,,1,15,,250300,29,,,1,55,,250301,29,,,1,15,,250302,29,,,1,15,,250303,29,,,1,15,,250304,29,,,1,55,,250305,29,,,1,19,,250306,29,,,1,22,,250307,29,,,1,61,,250308,29,,,1,20,,250309,29,,,1,20,,250310,29,,,1,60,,250311,29,,,1,20,,250312,29,,,1,20,,250313,29,,,1,60,,250314,29,,,1
500,'005-Saturday-1-26-09-0000010',549,,206629,29,,,1,60,,206630,29,,,1,20,,206631,29,,,1,20,,206632,29,,,1,60,,206633,29,,,1,20,,206634,29,,,1,20,,206635,29,,,1,60,,206636,29,,,1,17,,206637,29,,,1,16,,206638,29,,,1,15,,206639,29,,,1,58,,206640,29,,,1,17,,206641,29,,,1,15,,206642,29,,,1,55,,206643,29,,,1,15,,206644,29,,,1,15,,206645,29,,,1,15,,206646,29,,,1,55,,206647,29,,,1,15,,206648,29,,,1,15,,206649,29,,,1,15,,206650,29,,,1,55,,206651,29,,,1,15,,206652,29,,,1,15,,206653,29,,,1,15,,206654,29,,,1,55,,206655,29,,,1,15,,206656,29,,,1,15,,206657,29,,,1,15,,206658,29,,,1,55,,206659,29,,,1,15,,206660,29,,,1,15,,206661,29,,,1,15,,206662,29,,,1,55,,206663,29,,,1,15,,206664,29,,,1,15,,206665,29,,,1,15,,206666,29,,,1,55,,206668,29,,,1,15,,206669,29,,,1,15,,206670,29,,,1,15,,206667,29,,,1,55,,206671,29,,,1,15,,206672,29,,,1,15,,206673,29,,,1,15,,206674,29,,,1,55,,206675,29,,,1,15,,206676,29,,,1,14,,206677,29,,,1,15,,206678,29,,,1,55,,206679,29,,,1,15,,206680,29,,,1,15,,206681,29,,,1,15,,206682,29,,,1,55,,206683,29,,,1,15,,206684,29,,,1,15,,206685,29,,,1,15,,206686,29,,,1,55,,206687,29,,,1,15,,206688,29,,,1,15,,206689,29,,,1,15,,206690,29,,,1,55,,206691,29,,,1,15,,206692,29,,,1,18,,206693,29,,,1,20,,206694,29,,,1,60,,206695,29,,,1,20,,206696,29,,,1,19,,206697,29,,,1,60,,206698,29,,,1,20,,206699,29,,,1,20,,206700,29,,,1
500,'005-Sunday-1-26-09-0000001',550,,206764,29,,,1,60,,206763,29,,,1,20,,206762,29,,,1,20,,206701,29,,,1,60,,206702,29,,,1,20,,206703,29,,,1,20,,206704,29,,,1,60,,206705,29,,,1,20,,206706,29,,,1,20,,206707,29,,,1,60,,206708,29,,,1,21,,206709,29,,,1,20,,206710,29,,,1,60,,206711,29,,,1,22,,206712,29,,,1,15,,206713,29,,,1,55,,206714,29,,,1,15,,206715,29,,,1,15,,206716,29,,,1,15,,206717,29,,,1,55,,206718,29,,,1,15,,206719,29,,,1,15,,206720,29,,,1,15,,206721,29,,,1,55,,206722,29,,,1,15,,206723,29,,,1,15,,206724,29,,,1,15,,206725,29,,,1,55,,206726,29,,,1,15,,206727,29,,,1,15,,206728,29,,,1,15,,206729,29,,,1,55,,206730,29,,,1,15,,206731,29,,,1,15,,206732,29,,,1,15,,206733,29,,,1,55,,206734,29,,,1,15,,206735,29,,,1,15,,206736,29,,,1,15,,206737,29,,,1,54,,206738,29,,,1,15,,206739,29,,,1,14,,206740,29,,,1,15,,206741,29,,,1,55,,206742,29,,,1,15,,206743,29,,,1,15,,206744,29,,,1,15,,206745,29,,,1,13,,206746,29,,,1,60,,206747,29,,,1,20,,206756,29,,,1,20,,206757,29,,,1,60,,206758,29,,,1,20,,206754,29,,,1,20,,206755,29,,,1,60,,206761,29,,,1,20,,206760,29,,,1,19,,206759,29,,,1,59,,206748,29,,,1,19,,206749,29,,,1,19,,206751,29,,,1,57,,206752,29,,,1,20,,206753,29,,,1,20,,206750,29,,,1
1000101,'001-Weekday-1-26-09-1111100',542,,242839,21,,,1,80,,242840,21,,,1,83,,242841,21,,,1,30,,242875,21,,,1,20,,242842,21,,,1,60,,242843,21,,,1,20,,242844,21,,,1,20,,242845,21,,,1,64,,242876,21,,,1,27,,242846,21,,,1,70,,242847,21,,,1,30,,242848,21,,,1,70,,242849,21,,,1,30,,242850,21,,,1,70,,242851,21,,,1,30,,242852,21,,,1,70,,242853,21,,,1,30,,242854,21,,,1,70,,242855,21,,,1,30,,242856,21,,,1,69,,242878,21,,,1,25,,242857,21,,,1,60,,242858,21,,,1,20,,242859,21,,,1,20,,242860,21,,,1,60,,242861,21,,,1,25,,242877,21,,,1,30,,242862,21,,,1,70,,242863,21,,,1,27,,242864,21,,,1,70,,242865,21,,,1,30,,242866,21,,,1,70,,242867,21,,,1,30,,242868,21,,,1,70,,242869,21,,,1,30,,242870,21,,,1,70,,242871,21,,,1,35,,242872,21,,,1,80,,242873,21,,,1,80,,242874,21,,,1
1000101,'001-Weekday-2-26-09-1111100',542,,242879,21,,,1,80,,242880,21,,,1,83,,242881,21,,,1,30,,242915,21,,,1,20,,242882,21,,,1,60,,242883,21,,,1,20,,242884,21,,,1,20,,242885,21,,,1,64,,242916,21,,,1,27,,242886,21,,,1,70,,242887,21,,,1,30,,242888,21,,,1,70,,242889,21,,,1,30,,242890,21,,,1,70,,242891,21,,,1,30,,242892,21,,,1,70,,242893,21,,,1,30,,242894,21,,,1,70,,242895,21,,,1,30,,242896,21,,,1,69,,242918,21,,,1,25,,242897,21,,,1,60,,242898,21,,,1,20,,242899,21,,,1,20,,242900,21,,,1,60,,242901,21,,,1,25,,242917,21,,,1,30,,242902,21,,,1,70,,242903,21,,,1,27,,242904,21,,,1,70,,242905,21,,,1,30,,242906,21,,,1,70,,242907,21,,,1,30,,242908,21,,,1,70,,242909,21,,,1,30,,242910,21,,,1,70,,242911,21,,,1,35,,242912,21,,,1,80,,242913,21,,,1,80,,242914,21,,,1
1000101,'001-Weekday-3-26-09-1111100',542,,285334,21,,,1,80,,285335,21,,,1,83,,285336,21,,,1,30,,285370,21,,,1,20,,285337,21,,,1,60,,285338,21,,,1,20,,285339,21,,,1,20,,285340,21,,,1,64,,285371,21,,,1,27,,285341,21,,,1,70,,285342,21,,,1,30,,285343,21,,,1,70,,285344,21,,,1,30,,285345,21,,,1,70,,285346,21,,,1,30,,285347,21,,,1,70,,285348,21,,,1,30,,285349,21,,,1,70,,285350,21,,,1,30,,285351,21,,,1,69,,285373,21,,,1,25,,285352,21,,,1,60,,285353,21,,,1,20,,285354,21,,,1,20,,285355,21,,,1,60,,285356,21,,,1,25,,285372,21,,,1,30,,285357,21,,,1,70,,285358,21,,,1,27,,285359,21,,,1,70,,285360,21,,,1,30,,285361,21,,,1,70,,285362,21,,,1,30,,285363,21,,,1,70,,285364,21,,,1,30,,285365,21,,,1,70,,285366,21,,,1,35,,285367,21,,,1,80,,285368,21,,,1,80,,285369,21,,,1
1000101,'001-Weekday-4-26-09-1111100',542,,242919,21,,,1,80,,242920,21,,,1,83,,242921,21,,,1,30,,242955,21,,,1,20,,242922,21,,,1,60,,242923,21,,,1,20,,242924,21,,,1,20,,242925,21,,,1,64,,242956,21,,,1,27,,242926,21,,,1,70,,242927,21,,,1,30,,242928,21,,,1,70,,242929,21,,,1,30,,242930,21,,,1,70,,242931,21,,,1,30,,242932,21,,,1,70,,242933,21,,,1,30,,242934,21,,,1,70,,242935,21,,,1,30,,242936,21,,,1,69,,242958,21,,,1,25,,242937,21,,,1,60,,242938,21,,,1,20,,242939,21,,,1,20,,242940,21,,,1,60,,242941,21,,,1,25,,242957,21,,,1,30,,242942,21,,,1,70,,242943,21,,,1,27,,242944,21,,,1,70,,242945,21,,,1,30,,242946,21,,,1,70,,242947,21,,,1,30,,242948,21,,,1,70,,242949,21,,,1,30,,242950,21,,,1,70,,242951,21,,,1,35,,242952,21,,,1,80,,242953,21,,,1,80,,242954,21,,,1
1000101,'001-Weekday-5-26-09-1111100',542,,285374,21,,,1,80,,285375,21,,,1,83,,285376,21,,,1,30,,285410,21,,,1,20,,285377,21,,,1,60,,285378,21,,,1,20,,285379,21,,,1,20,,285380,21,,,1,64,,285411,21,,,1,27,,285381,21,,,1,70,,285382,21,,,1,30,,285383,21,,,1,70,,285384,21,,,1,30,,285385,21,,,1,70,,285386,21,,,1,30,,285387,21,,,1,70,,285388,21,,,1,30,,285389,21,,,1,70,,285390,21,,,1,30,,285391,21,,,1,69,,285413,21,,,1,25,,285392,21,,,1,60,,285393,21,,,1,20,,285394,21,,,1,20,,285395,21,,,1,60,,285396,21,,,1,25,,285412,21,,,1,30,,285397,21,,,1,70,,285398,21,,,1,27,,285399,21,,,1,70,,285400,21,,,1,30,,285401,21,,,1,70,,285402,21,,,1,30,,285403,21,,,1,70,,285404,21,,,1,30,,285405,21,,,1,70,,285406,21,,,1,35,,285407,21,,,1,80,,285408,21,,,1,80,,285409,21,,,1
1000101,'001-Weekday-6-26-09-1111100',542,,285414,21,,,1,80,,285415,21,,,1,83,,285416,21,,,1,30,,285450,21,,,1,20,,285417,21,,,1,60,,285418,21,,,1,20,,285419,21,,,1,20,,285420,21,,,1,64,,285451,21,,,1,27,,285421,21,,,1,70,,285422,21,,,1,30,,285423,21,,,1,70,,285424,21,,,1,30,,285425,21,,,1,70,,285426,21,,,1,30,,285427,21,,,1,70,,285428,21,,,1,30,,285429,21,,,1,70,,285430,21,,,1,30,,285431,21,,,1,69,,285453,21,,,1,25,,285432,21,,,1,60,,285433,21,,,1,20,,285434,21,,,1,20,,285435,21,,,1,60,,285436,21,,,1,25,,285452,21,,,1,30,,285437,21,,,1,70,,285438,21,,,1,27,,285439,21,,,1,70,,285440,21,,,1,30,,285441,21,,,1,70,,285442,21,,,1,30,,285443,21,,,1,70,,285444,21,,,1,30,,285445,21,,,1,70,,285446,21,,,1,35,,285447,21,,,1,80,,285448,21,,,1,80,,285449,21,,,1
1000101,'001-Weekday-7-26-09-1111100',542,,285454,21,,,1,80,,285455,21,,,1,83,,285456,21,,,1,30,,285490,21,,,1,20,,285457,21,,,1,60,,285458,21,,,1,20,,285459,21,,,1,20,,285460,21,,,1,64,,285491,21,,,1,27,,285461,21,,,1,70,,285462,21,,,1,30,,285463,21,,,1,70,,285464,21,,,1,30,,285465,21,,,1,70,,285466,21,,,1,30,,285467,21,,,1,70,,285468,21,,,1,30,,285469,21,,,1,70,,285470,21,,,1,30,,285471,21,,,1,69,,285493,21,,,1,25,,285472,21,,,1,60,,285473,21,,,1,20,,285474,21,,,1,20,,285475,21,,,1,60,,285476,21,,,1,25,,285492,21,,,1,30,,285477,21,,,1,70,,285478,21,,,1,27,,285479,21,,,1,70,,285480,21,,,1,30,,285481,21,,,1,70,,285482,21,,,1,30,,285483,21,,,1,70,,285484,21,,,1,30,,285485,21,,,1,70,,285486,21,,,1,35,,285487,21,,,1,80,,285488,21,,,1,80,,285489,21,,,1
1000101,'001-Saturday-1-26-09-0000010',547,,242959,21,,,1,80,,242960,21,,,1,80,,242961,21,,,1,40,,242962,21,,,1,70,,242963,21,,,1,30,,242964,21,,,1,73,,242965,21,,,1,30,,242966,21,,,1,70,,242967,21,,,1,30,,242968,21,,,1,70,,242969,21,,,1,30,,242970,21,,,1,70,,242971,21,,,1,30,,242972,21,,,1,70,,242973,21,,,1,30,,242974,21,,,1,70,,242975,21,,,1,30,,242976,21,,,1,70,,242977,21,,,1,30,,242978,21,,,1,70,,242979,21,,,1,30,,242980,21,,,1,67,,242981,21,,,1,30,,242982,21,,,1,70,,242983,21,,,1,30,,242984,21,,,1,70,,242985,21,,,1,30,,242986,21,,,1,70,,242987,21,,,1,30,,242988,21,,,1,70,,242989,21,,,1,30,,242990,21,,,1,70,,242991,21,,,1,30,,242992,21,,,1,80,,242993,21,,,1,80,,242994,21,,,1
1000101,'001-Sunday-1-26-09-0000001',606,,242995,21,,,1,40,,242996,21,,,1,80,,242997,21,,,1,80,,242998,21,,,1,40,,242999,21,,,1,80,,243000,21,,,1,80,,243001,21,,,1,30,,243002,21,,,1,70,,243003,21,,,1,30,,243004,21,,,1,70,,243005,21,,,1,30,,243006,21,,,1,70,,243007,21,,,1,30,,243008,21,,,1,70,,243009,21,,,1,30,,243010,21,,,1,70,,243011,21,,,1,30,,243012,21,,,1,70,,243013,21,,,1,30,,243014,21,,,1,69,,243015,21,,,1,31,,243016,21,,,1,70,,243017,21,,,1,30,,243018,21,,,1,73,,243019,21,,,1,40,,243020,21,,,1,80,,243021,21,,,1,80,,243022,21,,,1,40,,243023,21,,,1,80,,243024,21,,,1,81,,243025,21,,,1,42,,243026,21,,,1
2000101,'001-Weekday-1-26-09-1111100',522,,243643,18,,,1,80,,243644,18,,,1,43,,243645,18,,,1,80,,243646,18,,,1,20,,243647,18,,,1,60,,243648,18,,,1,20,,243649,18,,,1,20,,243650,18,,,1,62,,243682,18,,,1,22,,243651,18,,,1,30,,243652,18,,,1,70,,243653,18,,,1,30,,243654,18,,,1,70,,243655,18,,,1,30,,243656,18,,,1,70,,243657,18,,,1,30,,243658,18,,,1,70,,243659,18,,,1,30,,243660,18,,,1,70,,243661,18,,,1,30,,243662,18,,,1,67,,243663,18,,,1,23,,243683,7,,,1,2,,243664,18,,,1,60,,243665,18,,,1,20,,243666,18,,,1,20,,243667,18,,,1,63,,243681,18,,,1,27,,243668,18,,,1,70,,243669,18,,,1,28,,243670,18,,,1,68,,243671,18,,,1,30,,243672,18,,,1,70,,243673,18,,,1,30,,243674,18,,,1,70,,243675,18,,,1,30,,243676,18,,,1,69,,243677,18,,,1,31,,243678,18,,,1,80,,243679,18,,,1,40,,243680,18,,,1
2000101,'001-Weekday-2-26-09-1111100',522,,243684,18,,,1,80,,243685,18,,,1,43,,243686,18,,,1,80,,243687,18,,,1,20,,243688,18,,,1,60,,243689,18,,,1,20,,243690,18,,,1,20,,243691,18,,,1,62,,243723,18,,,1,22,,243692,18,,,1,30,,243693,18,,,1,70,,243694,18,,,1,30,,243695,18,,,1,70,,243696,18,,,1,30,,243697,18,,,1,70,,243698,18,,,1,30,,243699,18,,,1,70,,243700,18,,,1,30,,243701,18,,,1,70,,243702,18,,,1,30,,243703,18,,,1,67,,243704,18,,,1,23,,243724,7,,,1,2,,243705,18,,,1,60,,243706,18,,,1,20,,243707,18,,,1,20,,243708,18,,,1,63,,243722,18,,,1,27,,243709,18,,,1,70,,243710,18,,,1,28,,243711,18,,,1,68,,243712,18,,,1,30,,243713,18,,,1,70,,243714,18,,,1,30,,243715,18,,,1,70,,243716,18,,,1,30,,243717,18,,,1,69,,243718,18,,,1,31,,243719,18,,,1,80,,243720,18,,,1,40,,243721,18,,,1
2000101,'001-Weekday-3-26-09-1111100',522,,286058,18,,,1,80,,286059,18,,,1,43,,286060,18,,,1,80,,286061,18,,,1,20,,286062,18,,,1,60,,286063,18,,,1,20,,286064,18,,,1,20,,286065,18,,,1,62,,286097,18,,,1,22,,286066,18,,,1,30,,286067,18,,,1,70,,286068,18,,,1,30,,286069,18,,,1,70,,286070,18,,,1,30,,286071,18,,,1,70,,286072,18,,,1,30,,286073,18,,,1,70,,286074,18,,,1,30,,286075,18,,,1,70,,286076,18,,,1,30,,286077,18,,,1,67,,286078,18,,,1,25,,286079,18,,,1,60,,286080,18,,,1,20,,286081,18,,,1,20,,286082,18,,,1,63,,286096,18,,,1,27,,286083,18,,,1,70,,286084,18,,,1,28,,286085,18,,,1,68,,286086,18,,,1,30,,286087,18,,,1,70,,286088,18,,,1,30,,286089,18,,,1,70,,286090,18,,,1,30,,286091,18,,,1,69,,286092,18,,,1,31,,286093,18,,,1,80,,286094,18,,,1,40,,286095,18,,,1
2000101,'001-Weekday-4-26-09-1111100',522,,243725,18,,,1,80,,243726,18,,,1,43,,243727,18,,,1,80,,243728,18,,,1,20,,243729,18,,,1,60,,243730,18,,,1,20,,243731,18,,,1,20,,243732,18,,,1,62,,243764,18,,,1,22,,243733,18,,,1,30,,243734,18,,,1,70,,243735,18,,,1,30,,243736,18,,,1,70,,243737,18,,,1,30,,243738,18,,,1,70,,243739,18,,,1,30,,243740,18,,,1,70,,243741,18,,,1,30,,243742,18,,,1,70,,243743,18,,,1,30,,243744,18,,,1,67,,243745,18,,,1,25,,243746,18,,,1,60,,243747,18,,,1,20,,243748,18,,,1,20,,243749,18,,,1,63,,243763,18,,,1,27,,243750,18,,,1,70,,243751,18,,,1,28,,243752,18,,,1,68,,243753,18,,,1,30,,243754,18,,,1,70,,243755,18,,,1,30,,243756,18,,,1,70,,243757,18,,,1,30,,243758,18,,,1,69,,243759,18,,,1,31,,243760,18,,,1,80,,243761,18,,,1,40,,243762,18,,,1
2000101,'001-Weekday-5-26-09-1111100',522,,286098,18,,,1,80,,286099,18,,,1,43,,286100,18,,,1,80,,286101,18,,,1,20,,286102,18,,,1,60,,286103,18,,,1,20,,286104,18,,,1,20,,286105,18,,,1,62,,286137,18,,,1,22,,286106,18,,,1,30,,286107,18,,,1,70,,286108,18,,,1,30,,286109,18,,,1,70,,286110,18,,,1,30,,286111,18,,,1,70,,286112,18,,,1,30,,286113,18,,,1,70,,286114,18,,,1,30,,286115,18,,,1,70,,286116,18,,,1,30,,286117,18,,,1,67,,286118,18,,,1,25,,286119,18,,,1,60,,286120,18,,,1,20,,286121,18,,,1,20,,286122,18,,,1,63,,286136,18,,,1,27,,286123,18,,,1,70,,286124,18,,,1,28,,286125,18,,,1,68,,286126,18,,,1,30,,286127,18,,,1,70,,286128,18,,,1,30,,286129,18,,,1,70,,286130,18,,,1,30,,286131,18,,,1,69,,286132,18,,,1,31,,286133,18,,,1,80,,286134,18,,,1,40,,286135,18,,,1
2000101,'001-Weekday-6-26-09-1111100',522,,286138,18,,,1,80,,286139,18,,,1,43,,286140,18,,,1,80,,286141,18,,,1,20,,286142,18,,,1,60,,286143,18,,,1,20,,286144,18,,,1,20,,286145,18,,,1,62,,286177,18,,,1,22,,286146,18,,,1,30,,286147,18,,,1,70,,286148,18,,,1,30,,286149,18,,,1,70,,286150,18,,,1,30,,286151,18,,,1,70,,286152,18,,,1,30,,286153,18,,,1,70,,286154,18,,,1,30,,286155,18,,,1,70,,286156,18,,,1,30,,286157,18,,,1,67,,286158,18,,,1,23,,286178,7,,,1,2,,286159,18,,,1,60,,286160,18,,,1,20,,286161,18,,,1,20,,286162,18,,,1,63,,286176,18,,,1,27,,286163,18,,,1,70,,286164,18,,,1,28,,286165,18,,,1,68,,286166,18,,,1,30,,286167,18,,,1,70,,286168,18,,,1,30,,286169,18,,,1,70,,286170,18,,,1,30,,286171,18,,,1,69,,286172,18,,,1,31,,286173,18,,,1,80,,286174,18,,,1,40,,286175,18,,,1
2000101,'001-Weekday-7-26-09-1111100',522,,286179,18,,,1,80,,286180,18,,,1,43,,286181,18,,,1,80,,286182,18,,,1,20,,286183,18,,,1,60,,286184,18,,,1,20,,286185,18,,,1,20,,286186,18,,,1,62,,286218,18,,,1,22,,286187,18,,,1,30,,286188,18,,,1,70,,286189,18,,,1,30,,286190,18,,,1,70,,286191,18,,,1,30,,286192,18,,,1,70,,286193,18,,,1,30,,286194,18,,,1,70,,286195,18,,,1,30,,286196,18,,,1,70,,286197,18,,,1,30,,286198,18,,,1,67,,286199,18,,,1,25,,286200,18,,,1,60,,286201,18,,,1,20,,286202,18,,,1,20,,286203,18,,,1,63,,286217,18,,,1,27,,286204,18,,,1,70,,286205,18,,,1,28,,286206,18,,,1,68,,286207,18,,,1,30,,286208,18,,,1,70,,286209,18,,,1,30,,286210,18,,,1,70,,286211,18,,,1,30,,286212,18,,,1,69,,286213,18,,,1,31,,286214,18,,,1,80,,286215,18,,,1,40,,286216,18,,,1
2000101,'001-Saturday-1-26-09-0000010',607,,243765,18,,,1,40,,243766,18,,,1,80,,243767,18,,,1,75,,243768,18,,,1,30,,243769,18,,,1,70,,243770,18,,,1,30,,243771,18,,,1,70,,243772,18,,,1,30,,243773,18,,,1,70,,243774,18,,,1,30,,243775,18,,,1,70,,243776,18,,,1,30,,243777,18,,,1,70,,243778,18,,,1,30,,243779,18,,,1,70,,243780,18,,,1,30,,243781,18,,,1,70,,243782,18,,,1,30,,243783,18,,,1,70,,243784,18,,,1,30,,243785,18,,,1,70,,243786,18,,,1,30,,243787,18,,,1,70,,243788,18,,,1,30,,243789,18,,,1,70,,243790,18,,,1,30,,243791,18,,,1,70,,243792,18,,,1,30,,243793,18,,,1,70,,243794,18,,,1,30,,243795,18,,,1,70,,243796,18,,,1,30,,243797,18,,,1,75,,243798,18,,,1,40,,243799,18,,,1
2000101,'001-Sunday-1-26-09-0000001',546,,243800,18,,,1,80,,243801,18,,,1,80,,243802,18,,,1,40,,243803,18,,,1,80,,243804,18,,,1,80,,243805,18,,,1,40,,243806,18,,,1,75,,243807,18,,,1,30,,243808,18,,,1,70,,243809,18,,,1,30,,243810,18,,,1,70,,243811,18,,,1,30,,243812,18,,,1,70,,243813,18,,,1,30,,243814,18,,,1,70,,243815,18,,,1,30,,243816,18,,,1,70,,243817,18,,,1,30,,243818,18,,,1,70,,243819,18,,,1,30,,243820,18,,,1,70,,243821,18,,,1,30,,243822,18,,,1,70,,243823,18,,,1,28,,243824,18,,,1,80,,243825,18,,,1,80,,243826,18,,,1,40,,243827,18,,,1,80,,243828,18,,,1,80,,243829,18,,,1,40,,243830,18,,,1,80,,243831,18,,,1
