72101,'721-Weekday-1-26-09-1111100',605,,234199,8,,,1,20,,234200,8,,,1,23,,234201,8,,,1,55,,234258,8,,,1,15,,234202,8,,,1,15,,234203,8,,,1,15,,234259,8,,,1,55,,234204,8,,,1,15,,234205,8,,,1,11,,234265,8,0,21 22,1,4,,234260,8,,,1,15,,234264,8,,,1,56,,234257,8,,,1,18,,234206,8,,,1,20,,234207,8,,,1,60,,234208,8,,,1,20,,234209,8,,,1,20,,234210,8,,,1,60,,234211,8,,,1,20,,234212,8,,,1,20,,234213,8,,,1,60,,234214,8,,,1,20,,234215,8,,,1,20,,234216,8,,,1,60,,234217,8,,,1,20,,234218,8,,,1,20,,234219,8,,,1,60,,234220,8,,,1,20,,234221,8,,,1,20,,234222,8,,,1,62,,234223,8,,,1,11,,234224,8,,,1,10,,234225,8,,,1,10,,234261,8,,,1,10,,234226,8,,,1,10,,234227,8,,,1,50,,234228,8,,,1,10,,234229,8,,,1,10,,234230,8,,,1,10,,234262,8,,,1,10,,234231,8,,,1,10,,234232,8,,,1,50,,234233,8,,,1,10,,234234,8,,,1,10,,234235,8,,,1,10,,234263,8,,,1,10,,234236,8,,,1,10,,234237,8,,,1,50,,234238,8,,,1,21,,234239,8,,,1,18,,234240,8,,,1,60,,234241,8,,,1,20,,234242,8,,,1,20,,234243,8,,,1,60,,234244,8,,,1,20,,234245,8,,,1,20,,234246,8,,,1,60,,234247,8,,,1,20,,234248,8,,,1,20,,234249,8,,,1,70,,234250,8,,,1,30,,234251,8,,,1,70,,234252,8,,,1,30,,234253,8,,,1,70,,234254,8,,,1,30,,234255,8,,,1,70,,234256,8,,,1
72101,'721-Weekday-2-26-09-1111100',605,,234266,8,,,1,20,,234267,8,,,1,23,,234268,8,,,1,55,,234325,8,,,1,15,,234269,8,,,1,15,,234270,8,,,1,15,,234326,8,,,1,55,,234271,8,,,1,15,,234272,8,,,1,11,,234332,8,0,21 22,1,4,,234327,8,,,1,15,,234331,8,,,1,56,,234324,8,,,1,18,,234273,8,,,1,20,,234274,8,,,1,60,,234275,8,,,1,20,,234276,8,,,1,20,,234277,8,,,1,60,,234278,8,,,1,20,,234279,8,,,1,20,,234280,8,,,1,60,,234281,8,,,1,20,,234282,8,,,1,20,,234283,8,,,1,60,,234284,8,,,1,20,,234285,8,,,1,20,,234286,8,,,1,60,,234287,8,,,1,20,,234288,8,,,1,20,,234289,8,,,1,62,,234290,8,,,1,11,,234291,8,,,1,10,,234292,8,,,1,10,,234328,8,,,1,10,,234293,8,,,1,10,,234294,8,,,1,50,,234295,8,,,1,10,,234296,8,,,1,10,,234297,8,,,1,10,,234329,8,,,1,10,,234298,8,,,1,10,,234299,8,,,1,50,,234300,8,,,1,10,,234301,8,,,1,10,,234302,8,,,1,10,,234330,8,,,1,10,,234303,8,,,1,10,,234304,8,,,1,50,,234305,8,,,1,21,,234306,8,,,1,18,,234307,8,,,1,60,,234308,8,,,1,20,,234309,8,,,1,20,,234310,8,,,1,60,,234311,8,,,1,20,,234312,8,,,1,20,,234313,8,,,1,60,,234314,8,,,1,20,,234315,8,,,1,20,,234316,8,,,1,70,,234317,8,,,1,30,,234318,8,,,1,70,,234319,8,,,1,30,,234320,8,,,1,70,,234321,8,,,1,30,,234322,8,,,1,70,,234323,8,,,1
72101,'721-Weekday-3-26-09-1111100',605,,276828,8,,,1,20,,276829,8,,,1,23,,276830,8,,,1,55,,276887,8,,,1,15,,276831,8,,,1,15,,276832,8,,,1,15,,276888,8,,,1,55,,276833,8,,,1,15,,276834,8,,,1,15,,276889,8,,,1,15,,276893,8,,,1,56,,276886,8,,,1,18,,276835,8,,,1,20,,276836,8,,,1,60,,276837,8,,,1,20,,276838,8,,,1,20,,276839,8,,,1,60,,276840,8,,,1,20,,276841,8,,,1,20,,276842,8,,,1,60,,276843,8,,,1,20,,276844,8,,,1,20,,276845,8,,,1,60,,276846,8,,,1,20,,276847,8,,,1,20,,276848,8,,,1,60,,276849,8,,,1,20,,276850,8,,,1,20,,276851,8,,,1,62,,276852,8,,,1,11,,276853,8,,,1,10,,276854,8,,,1,10,,276890,8,,,1,10,,276855,8,,,1,10,,276856,8,,,1,50,,276857,8,,,1,10,,276858,8,,,1,10,,276859,8,,,1,10,,276891,8,,,1,10,,276860,8,,,1,10,,276861,8,,,1,50,,276862,8,,,1,10,,276863,8,,,1,10,,276864,8,,,1,10,,276892,8,,,1,10,,276865,8,,,1,10,,276866,8,,,1,50,,276867,8,,,1,21,,276868,8,,,1,18,,276869,8,,,1,60,,276870,8,,,1,20,,276871,8,,,1,20,,276872,8,,,1,60,,276873,8,,,1,20,,276874,8,,,1,20,,276875,8,,,1,60,,276876,8,,,1,20,,276877,8,,,1,20,,276878,8,,,1,70,,276879,8,,,1,30,,276880,8,,,1,70,,276881,8,,,1,30,,276882,8,,,1,70,,276883,8,,,1,30,,276884,8,,,1,70,,276885,8,,,1
72101,'721-Weekday-4-26-09-1111100',605,,234333,8,,,1,20,,234334,8,,,1,23,,234335,8,,,1,55,,234392,8,,,1,15,,234336,8,,,1,15,,234337,8,,,1,15,,234393,8,,,1,55,,234338,8,,,1,15,,234339,8,,,1,15,,234394,8,,,1,15,,234398,8,,,1,56,,234391,8,,,1,18,,234340,8,,,1,20,,234341,8,,,1,60,,234342,8,,,1,20,,234343,8,,,1,20,,234344,8,,,1,60,,234345,8,,,1,20,,234346,8,,,1,20,,234347,8,,,1,60,,234348,8,,,1,20,,234349,8,,,1,20,,234350,8,,,1,60,,234351,8,,,1,20,,234352,8,,,1,20,,234353,8,,,1,60,,234354,8,,,1,20,,234355,8,,,1,20,,234356,8,,,1,62,,234357,8,,,1,11,,234358,8,,,1,10,,234359,8,,,1,10,,234395,8,,,1,10,,234360,8,,,1,10,,234361,8,,,1,50,,234362,8,,,1,10,,234363,8,,,1,10,,234364,8,,,1,10,,234396,8,,,1,10,,234365,8,,,1,10,,234366,8,,,1,50,,234367,8,,,1,10,,234368,8,,,1,10,,234369,8,,,1,10,,234397,8,,,1,10,,234370,8,,,1,10,,234371,8,,,1,50,,234372,8,,,1,21,,234373,8,,,1,18,,234374,8,,,1,60,,234375,8,,,1,20,,234376,8,,,1,20,,234377,8,,,1,60,,234378,8,,,1,20,,234379,8,,,1,20,,234380,8,,,1,60,,234381,8,,,1,20,,234382,8,,,1,20,,234383,8,,,1,70,,234384,8,,,1,30,,234385,8,,,1,70,,234386,8,,,1,30,,234387,8,,,1,70,,234388,8,,,1,30,,234389,8,,,1,70,,234390,8,,,1
72101,'721-Weekday-5-26-09-1111100',605,,276894,8,,,1,20,,276895,8,,,1,23,,276896,8,,,1,55,,276953,8,,,1,15,,276897,8,,,1,15,,276898,8,,,1,15,,276954,8,,,1,55,,276899,8,,,1,15,,276900,8,,,1,15,,276955,8,,,1,15,,276959,8,,,1,56,,276952,8,,,1,18,,276901,8,,,1,20,,276902,8,,,1,60,,276903,8,,,1,20,,276904,8,,,1,20,,276905,8,,,1,60,,276906,8,,,1,20,,276907,8,,,1,20,,276908,8,,,1,60,,276909,8,,,1,20,,276910,8,,,1,20,,276911,8,,,1,60,,276912,8,,,1,20,,276913,8,,,1,20,,276914,8,,,1,60,,276915,8,,,1,20,,276916,8,,,1,20,,276917,8,,,1,62,,276918,8,,,1,11,,276919,8,,,1,10,,276920,8,,,1,10,,276956,8,,,1,10,,276921,8,,,1,10,,276922,8,,,1,50,,276923,8,,,1,10,,276924,8,,,1,10,,276925,8,,,1,10,,276957,8,,,1,10,,276926,8,,,1,10,,276927,8,,,1,50,,276928,8,,,1,10,,276929,8,,,1,10,,276930,8,,,1,10,,276958,8,,,1,10,,276931,8,,,1,10,,276932,8,,,1,50,,276933,8,,,1,21,,276934,8,,,1,18,,276935,8,,,1,60,,276936,8,,,1,20,,276937,8,,,1,20,,276938,8,,,1,60,,276939,8,,,1,20,,276940,8,,,1,20,,276941,8,,,1,60,,276942,8,,,1,20,,276943,8,,,1,20,,276944,8,,,1,70,,276945,8,,,1,30,,276946,8,,,1,70,,276947,8,,,1,30,,276948,8,,,1,70,,276949,8,,,1,30,,276950,8,,,1,70,,276951,8,,,1
72101,'721-Weekday-6-26-09-1111100',605,,276960,8,,,1,20,,276961,8,,,1,23,,276962,8,,,1,55,,277019,8,,,1,15,,276963,8,,,1,15,,276964,8,,,1,15,,277020,8,,,1,55,,276965,8,,,1,15,,276966,8,,,1,11,,277026,8,0,21 22,1,4,,277021,8,,,1,15,,277025,8,,,1,56,,277018,8,,,1,18,,276967,8,,,1,20,,276968,8,,,1,60,,276969,8,,,1,20,,276970,8,,,1,20,,276971,8,,,1,60,,276972,8,,,1,20,,276973,8,,,1,20,,276974,8,,,1,60,,276975,8,,,1,20,,276976,8,,,1,20,,276977,8,,,1,60,,276978,8,,,1,20,,276979,8,,,1,20,,276980,8,,,1,60,,276981,8,,,1,20,,276982,8,,,1,20,,276983,8,,,1,62,,276984,8,,,1,11,,276985,8,,,1,10,,276986,8,,,1,10,,277022,8,,,1,10,,276987,8,,,1,10,,276988,8,,,1,50,,276989,8,,,1,10,,276990,8,,,1,10,,276991,8,,,1,10,,277023,8,,,1,10,,276992,8,,,1,10,,276993,8,,,1,50,,276994,8,,,1,10,,276995,8,,,1,10,,276996,8,,,1,10,,277024,8,,,1,10,,276997,8,,,1,10,,276998,8,,,1,50,,276999,8,,,1,21,,277000,8,,,1,18,,277001,8,,,1,60,,277002,8,,,1,20,,277003,8,,,1,20,,277004,8,,,1,60,,277005,8,,,1,20,,277006,8,,,1,20,,277007,8,,,1,60,,277008,8,,,1,20,,277009,8,,,1,20,,277010,8,,,1,70,,277011,8,,,1,30,,277012,8,,,1,70,,277013,8,,,1,30,,277014,8,,,1,70,,277015,8,,,1,30,,277016,8,,,1,70,,277017,8,,,1
72101,'721-Weekday-7-26-09-1111100',605,,277027,8,,,1,20,,277028,8,,,1,23,,277029,8,,,1,55,,277086,8,,,1,15,,277030,8,,,1,15,,277031,8,,,1,15,,277087,8,,,1,55,,277032,8,,,1,15,,277033,8,,,1,15,,277088,8,,,1,15,,277092,8,,,1,56,,277085,8,,,1,18,,277034,8,,,1,20,,277035,8,,,1,60,,277036,8,,,1,20,,277037,8,,,1,20,,277038,8,,,1,60,,277039,8,,,1,20,,277040,8,,,1,20,,277041,8,,,1,60,,277042,8,,,1,20,,277043,8,,,1,20,,277044,8,,,1,60,,277045,8,,,1,20,,277046,8,,,1,20,,277047,8,,,1,60,,277048,8,,,1,20,,277049,8,,,1,20,,277050,8,,,1,62,,277051,8,,,1,11,,277052,8,,,1,10,,277053,8,,,1,10,,277089,8,,,1,10,,277054,8,,,1,10,,277055,8,,,1,50,,277056,8,,,1,10,,277057,8,,,1,10,,277058,8,,,1,10,,277090,8,,,1,10,,277059,8,,,1,10,,277060,8,,,1,50,,277061,8,,,1,10,,277062,8,,,1,10,,277063,8,,,1,10,,277091,8,,,1,10,,277064,8,,,1,10,,277065,8,,,1,50,,277066,8,,,1,21,,277067,8,,,1,18,,277068,8,,,1,60,,277069,8,,,1,20,,277070,8,,,1,20,,277071,8,,,1,60,,277072,8,,,1,20,,277073,8,,,1,20,,277074,8,,,1,60,,277075,8,,,1,20,,277076,8,,,1,20,,277077,8,,,1,70,,277078,8,,,1,30,,277079,8,,,1,70,,277080,8,,,1,30,,277081,8,,,1,70,,277082,8,,,1,30,,277083,8,,,1,70,,277084,8,,,1
72101,'721-Saturday-1-26-09-0000010',602,,234405,8,,,1,30,,234402,8,,,1,70,,234409,8,,,1,30,,234412,8,,,1,70,,234415,8,,,1,25,,234399,8,,,1,20,,234400,8,,,1,61,,234419,8,,,1,20,,234420,8,,,1,20,,234421,8,,,1,60,,234422,8,,,1,20,,234423,8,,,1,20,,234424,8,,,1,60,,234425,8,,,1,20,,234426,8,,,1,20,,234427,8,,,1,60,,234428,8,,,1,20,,234429,8,,,1,20,,234430,8,,,1,60,,234431,8,,,1,20,,234432,8,,,1,20,,234433,8,,,1,60,,234434,8,,,1,20,,234435,8,,,1,20,,234436,8,,,1,60,,234437,8,,,1,20,,234438,8,,,1,20,,234439,8,,,1,60,,234440,8,,,1,20,,234441,8,,,1,20,,234442,8,,,1,60,,234443,8,,,1,20,,234444,8,,,1,20,,234445,8,,,1,60,,234446,8,,,1,20,,234417,8,,,1,20,,234418,8,,,1,70,,234404,8,,,1,30,,234414,8,,,1,70,,234416,8,,,1,30,,234408,8,,,1,70,,234401,8,,,1,30,,234407,8,,,1,70,,234413,8,,,1,30,,234406,8,,,1,70,,234411,8,,,1,30,,234403,8,,,1,70,,234410,8,,,1
72101,'721-Sunday-1-26-09-0000001',623,,234466,8,,,1,30,,234465,8,,,1,70,,234461,8,,,1,30,,234460,8,,,1,70,,234462,8,,,1,28,,234459,8,,,1,70,,234464,8,,,1,30,,234463,8,,,1,70,,234452,8,,,1,30,,234469,8,,,1,70,,234447,8,,,1,30,,234479,8,,,1,70,,234451,8,,,1,27,,234450,8,,,1,70,,234480,8,,,1,30,,234448,8,,,1,70,,234449,8,,,1,30,,234472,8,,,1,70,,234476,8,,,1,30,,234474,8,,,1,70,,234471,8,,,1,30,,234468,8,,,1,71,,234478,8,,,1,30,,234477,8,,,1,70,,234475,8,,,1,30,,234473,8,,,1,70,,234467,8,,,1,30,,234470,8,,,1,70,,234453,8,,,1,30,,234456,8,,,1,70,,234455,8,,,1,85,,234454,8,,,1,100,,234458,8,,,1,100,,234457,8,,,1
24070001,'700X-Weekday-1-26-09-1111100',551,,245664,3,,,1,55,,245665,3,,,1,15,,245666,3,,,1,16,,245725,3,,,1,17,,245667,3,,,1,55,,245668,3,,,1,15,,245669,3,,,1,15,,245670,3,,,1,15,,245671,3,,,1,55,,245672,3,,,1,15,,245673,3,,,1,15,,245674,3,,,1,15,,245675,3,,,1,54,,245676,3,,,1,15,,245726,3,,,1,12,,245677,3,,,1,15,,245678,3,,,1,55,,245679,3,,,1,15,,245680,3,,,1,15,,245681,3,,,1,15,,245682,3,,,1,55,,245683,3,,,1,15,,245684,3,,,1,15,,245685,3,,,1,15,,245686,3,,,1,55,,245687,3,,,1,15,,245688,3,,,1,15,,245689,3,,,1,15,,245690,3,,,1,55,,245691,3,,,1,15,,245692,3,,,1,15,,245693,3,,,1,15,,245694,3,,,1,55,,245695,3,,,1,15,,245696,3,,,1,12,,245727,3,,,1,12,,245728,3,,,1,13,,245697,3,,,1,57,,245698,3,,,1,15,,245699,3,,,1,17,,245700,3,,,1,55,,245701,3,,,1,15,,245702,3,,,1,15,,245703,3,,,1,15,,245704,3,,,1,54,,245705,3,,,1,14,,245706,3,,,1,15,,245707,3,,,1,15,,245724,3,,,1,57,,245708,3,,,1,21,,245709,3,,,1,14,,245710,3,,,1,15,,245711,3,,,1,55,,245712,3,,,1,15,,245713,3,,,1,15,,245714,3,,,1,15,,245715,3,,,1,55,,245716,3,,,1,15,,245717,3,,,1,15,,245718,3,,,1,15,,245719,3,,,1,55,,245720,3,,,1,15,,245721,3,,,1,15,,245722,3,,,1,15,,245723,3,,,1
24070001,'700X-Weekday-2-26-09-1111100',551,,245729,3,,,1,55,,245730,3,,,1,15,,245731,3,,,1,16,,245790,3,,,1,17,,245732,3,,,1,55,,245733,3,,,1,15,,245734,3,,,1,15,,245735,3,,,1,15,,245736,3,,,1,55,,245737,3,,,1,15,,245738,3,,,1,15,,245739,3,,,1,15,,245740,3,,,1,54,,245741,3,,,1,15,,245791,3,,,1,12,,245742,3,,,1,15,,245743,3,,,1,55,,245744,3,,,1,15,,245745,3,,,1,15,,245746,3,,,1,15,,245747,3,,,1,55,,245748,3,,,1,15,,245749,3,,,1,15,,245750,3,,,1,15,,245751,3,,,1,55,,245752,3,,,1,15,,245753,3,,,1,15,,245754,3,,,1,15,,245755,3,,,1,55,,245756,3,,,1,15,,245757,3,,,1,15,,245758,3,,,1,15,,245759,3,,,1,55,,245760,3,,,1,15,,245761,3,,,1,12,,245792,3,,,1,12,,245793,3,,,1,13,,245762,3,,,1,57,,245763,3,,,1,15,,245764,3,,,1,17,,245765,3,,,1,55,,245766,3,,,1,15,,245767,3,,,1,15,,245768,3,,,1,15,,245769,3,,,1,54,,245770,3,,,1,14,,245771,3,,,1,15,,245772,3,,,1,15,,245789,3,,,1,57,,245773,3,,,1,21,,245774,3,,,1,14,,245775,3,,,1,15,,245776,3,,,1,55,,245777,3,,,1,15,,245778,3,,,1,15,,245779,3,,,1,15,,245780,3,,,1,55,,245781,3,,,1,15,,245782,3,,,1,15,,245783,3,,,1,15,,245784,3,,,1,55,,245785,3,,,1,15,,245786,3,,,1,15,,245787,3,,,1,15,,245788,3,,,1
24070001,'700X-Weekday-3-26-09-1111100',551,,288366,3,,,1,55,,288367,3,,,1,15,,288368,3,,,1,16,,288427,3,,,1,17,,288369,3,,,1,55,,288370,3,,,1,15,,288371,3,,,1,15,,288372,3,,,1,15,,288373,3,,,1,55,,288374,3,,,1,15,,288375,3,,,1,15,,288376,3,,,1,15,,288377,3,,,1,54,,288378,3,,,1,15,,288428,3,,,1,12,,288379,3,,,1,15,,288380,3,,,1,55,,288381,3,,,1,15,,288382,3,,,1,15,,288383,3,,,1,15,,288384,3,,,1,55,,288385,3,,,1,15,,288386,3,,,1,15,,288387,3,,,1,15,,288388,3,,,1,55,,288389,3,,,1,15,,288390,3,,,1,15,,288391,3,,,1,15,,288392,3,,,1,55,,288393,3,,,1,15,,288394,3,,,1,15,,288395,3,,,1,15,,288396,3,,,1,55,,288397,3,,,1,15,,288398,3,,,1,12,,288429,3,,,1,12,,288430,3,,,1,13,,288399,3,,,1,57,,288400,3,,,1,15,,288401,3,,,1,17,,288402,3,,,1,55,,288403,3,,,1,15,,288404,3,,,1,15,,288405,3,,,1,15,,288406,3,,,1,54,,288407,3,,,1,14,,288408,3,,,1,15,,288409,3,,,1,15,,288426,3,,,1,57,,288410,3,,,1,21,,288411,3,,,1,14,,288412,3,,,1,15,,288413,3,,,1,55,,288414,3,,,1,15,,288415,3,,,1,15,,288416,3,,,1,15,,288417,3,,,1,55,,288418,3,,,1,15,,288419,3,,,1,15,,288420,3,,,1,15,,288421,3,,,1,55,,288422,3,,,1,15,,288423,3,,,1,15,,288424,3,,,1,15,,288425,3,,,1
24070001,'700X-Weekday-4-26-09-1111100',551,,245794,3,,,1,55,,245795,3,,,1,15,,245796,3,,,1,16,,245855,3,,,1,17,,245797,3,,,1,55,,245798,3,,,1,15,,245799,3,,,1,15,,245800,3,,,1,15,,245801,3,,,1,55,,245802,3,,,1,15,,245803,3,,,1,15,,245804,3,,,1,15,,245805,3,,,1,54,,245806,3,,,1,15,,245856,3,,,1,12,,245807,3,,,1,15,,245808,3,,,1,55,,245809,3,,,1,15,,245810,3,,,1,15,,245811,3,,,1,15,,245812,3,,,1,55,,245813,3,,,1,15,,245814,3,,,1,15,,245815,3,,,1,15,,245816,3,,,1,55,,245817,3,,,1,15,,245818,3,,,1,15,,245819,3,,,1,15,,245820,3,,,1,55,,245821,3,,,1,15,,245822,3,,,1,15,,245823,3,,,1,15,,245824,3,,,1,55,,245825,3,,,1,15,,245826,3,,,1,12,,245857,3,,,1,12,,245858,3,,,1,13,,245827,3,,,1,57,,245828,3,,,1,15,,245829,3,,,1,17,,245830,3,,,1,55,,245831,3,,,1,15,,245832,3,,,1,15,,245833,3,,,1,15,,245834,3,,,1,54,,245835,3,,,1,14,,245836,3,,,1,15,,245837,3,,,1,15,,245854,3,,,1,57,,245838,3,,,1,21,,245839,3,,,1,14,,245840,3,,,1,15,,245841,3,,,1,55,,245842,3,,,1,15,,245843,3,,,1,15,,245844,3,,,1,15,,245845,3,,,1,55,,245846,3,,,1,15,,245847,3,,,1,15,,245848,3,,,1,15,,245849,3,,,1,55,,245850,3,,,1,15,,245851,3,,,1,15,,245852,3,,,1,15,,245853,3,,,1
24070001,'700X-Weekday-5-26-09-1111100',551,,288431,3,,,1,55,,288432,3,,,1,15,,288433,3,,,1,16,,288492,3,,,1,17,,288434,3,,,1,55,,288435,3,,,1,15,,288436,3,,,1,15,,288437,3,,,1,15,,288438,3,,,1,55,,288439,3,,,1,15,,288440,3,,,1,15,,288441,3,,,1,15,,288442,3,,,1,54,,288443,3,,,1,15,,288493,3,,,1,12,,288444,3,,,1,15,,288445,3,,,1,55,,288446,3,,,1,15,,288447,3,,,1,15,,288448,3,,,1,15,,288449,3,,,1,55,,288450,3,,,1,15,,288451,3,,,1,15,,288452,3,,,1,15,,288453,3,,,1,55,,288454,3,,,1,15,,288455,3,,,1,15,,288456,3,,,1,15,,288457,3,,,1,55,,288458,3,,,1,15,,288459,3,,,1,15,,288460,3,,,1,15,,288461,3,,,1,55,,288462,3,,,1,15,,288463,3,,,1,12,,288494,3,,,1,12,,288495,3,,,1,13,,288464,3,,,1,57,,288465,3,,,1,15,,288466,3,,,1,17,,288467,3,,,1,55,,288468,3,,,1,15,,288469,3,,,1,15,,288470,3,,,1,15,,288471,3,,,1,54,,288472,3,,,1,14,,288473,3,,,1,15,,288474,3,,,1,15,,288491,3,,,1,57,,288475,3,,,1,21,,288476,3,,,1,14,,288477,3,,,1,15,,288478,3,,,1,55,,288479,3,,,1,15,,288480,3,,,1,15,,288481,3,,,1,15,,288482,3,,,1,55,,288483,3,,,1,15,,288484,3,,,1,15,,288485,3,,,1,15,,288486,3,,,1,55,,288487,3,,,1,15,,288488,3,,,1,15,,288489,3,,,1,15,,288490,3,,,1
24070001,'700X-Weekday-6-26-09-1111100',551,,288496,3,,,1,55,,288497,3,,,1,15,,288498,3,,,1,16,,288557,3,,,1,17,,288499,3,,,1,55,,288500,3,,,1,15,,288501,3,,,1,15,,288502,3,,,1,15,,288503,3,,,1,55,,288504,3,,,1,15,,288505,3,,,1,15,,288506,3,,,1,15,,288507,3,,,1,54,,288508,3,,,1,15,,288558,3,,,1,12,,288509,3,,,1,15,,288510,3,,,1,55,,288511,3,,,1,15,,288512,3,,,1,15,,288513,3,,,1,15,,288514,3,,,1,55,,288515,3,,,1,15,,288516,3,,,1,15,,288517,3,,,1,15,,288518,3,,,1,55,,288519,3,,,1,15,,288520,3,,,1,15,,288521,3,,,1,15,,288522,3,,,1,55,,288523,3,,,1,15,,288524,3,,,1,15,,288525,3,,,1,15,,288526,3,,,1,55,,288527,3,,,1,15,,288528,3,,,1,12,,288559,3,,,1,12,,288560,3,,,1,13,,288529,3,,,1,57,,288530,3,,,1,15,,288531,3,,,1,17,,288532,3,,,1,55,,288533,3,,,1,15,,288534,3,,,1,15,,288535,3,,,1,15,,288536,3,,,1,54,,288537,3,,,1,14,,288538,3,,,1,15,,288539,3,,,1,15,,288556,3,,,1,57,,288540,3,,,1,21,,288541,3,,,1,14,,288542,3,,,1,15,,288543,3,,,1,55,,288544,3,,,1,15,,288545,3,,,1,15,,288546,3,,,1,15,,288547,3,,,1,55,,288548,3,,,1,15,,288549,3,,,1,15,,288550,3,,,1,15,,288551,3,,,1,55,,288552,3,,,1,15,,288553,3,,,1,15,,288554,3,,,1,15,,288555,3,,,1
24070001,'700X-Weekday-7-26-09-1111100',551,,288561,3,,,1,55,,288562,3,,,1,15,,288563,3,,,1,16,,288622,3,,,1,17,,288564,3,,,1,55,,288565,3,,,1,15,,288566,3,,,1,15,,288567,3,,,1,15,,288568,3,,,1,55,,288569,3,,,1,15,,288570,3,,,1,15,,288571,3,,,1,15,,288572,3,,,1,54,,288573,3,,,1,15,,288623,3,,,1,12,,288574,3,,,1,15,,288575,3,,,1,55,,288576,3,,,1,15,,288577,3,,,1,15,,288578,3,,,1,15,,288579,3,,,1,55,,288580,3,,,1,15,,288581,3,,,1,15,,288582,3,,,1,15,,288583,3,,,1,55,,288584,3,,,1,15,,288585,3,,,1,15,,288586,3,,,1,15,,288587,3,,,1,55,,288588,3,,,1,15,,288589,3,,,1,15,,288590,3,,,1,15,,288591,3,,,1,55,,288592,3,,,1,15,,288593,3,,,1,12,,288624,3,,,1,12,,288625,3,,,1,13,,288594,3,,,1,57,,288595,3,,,1,15,,288596,3,,,1,17,,288597,3,,,1,55,,288598,3,,,1,15,,288599,3,,,1,15,,288600,3,,,1,15,,288601,3,,,1,54,,288602,3,,,1,14,,288603,3,,,1,15,,288604,3,,,1,15,,288621,3,,,1,57,,288605,3,,,1,21,,288606,3,,,1,14,,288607,3,,,1,15,,288608,3,,,1,55,,288609,3,,,1,15,,288610,3,,,1,15,,288611,3,,,1,15,,288612,3,,,1,55,,288613,3,,,1,15,,288614,3,,,1,15,,288615,3,,,1,15,,288616,3,,,1,55,,288617,3,,,1,15,,288618,3,,,1,15,,288619,3,,,1,15,,288620,3,,,1
