91700,'917-Weekday-1-26-09-1111100',508,,240339,14,,,1,30,,240340,14,,,1,70,,240376,14,,,1,15,,240374,14,,,1,16,,240380,14,,,1,15,,240341,14,,,1,55,,240342,14,,,1,15,,240367,14,,,1,15,,240378,14,,,1,15,,240343,14,,,1,55,,240344,14,,,1,15,,240368,14,,,1,15,,240381,14,,,1,15,,240377,14,,,1,57,,240379,14,,,1,30,,240345,14,,,1,70,,240346,14,,,1,30,,240347,14,,,1,70,,240348,14,,,1,30,,240349,14,,,1,70,,240350,14,,,1,30,,240351,14,,,1,70,,240352,14,,,1,30,,240353,14,,,1,70,,240364,14,,,1,30,,240369,14,,,1,71,,240370,14,,,1,29,,240371,14,,,1,70,,240354,14,,,1,30,,240372,14,,,1,70,,240373,14,,,1,30,,240366,14,,,1,70,,240355,14,,,1,28,,240356,14,,,1,72,,240357,14,,,1,29,,240358,14,,,1,70,,240359,14,,,1,30,,240360,14,,,1,70,,240361,14,,,1,30,,240362,14,,,1,69,,240375,14,,,1,100,,240365,14,,,1,100,,240363,14,,,1
91700,'917-Weekday-2-26-09-1111100',508,,240382,14,,,1,30,,240383,14,,,1,70,,240419,14,,,1,15,,240417,14,,,1,16,,240423,14,,,1,15,,240384,14,,,1,55,,240385,14,,,1,15,,240410,14,,,1,15,,240421,14,,,1,15,,240386,14,,,1,55,,240387,14,,,1,15,,240411,14,,,1,15,,240424,14,,,1,15,,240420,14,,,1,57,,240422,14,,,1,30,,240388,14,,,1,70,,240389,14,,,1,30,,240390,14,,,1,70,,240391,14,,,1,30,,240392,14,,,1,70,,240393,14,,,1,30,,240394,14,,,1,70,,240395,14,,,1,30,,240396,14,,,1,70,,240407,14,,,1,30,,240412,14,,,1,71,,240413,14,,,1,29,,240414,14,,,1,70,,240397,14,,,1,30,,240415,14,,,1,70,,240416,14,,,1,30,,240409,14,,,1,70,,240398,14,,,1,28,,240399,14,,,1,72,,240400,14,,,1,29,,240401,14,,,1,70,,240402,14,,,1,30,,240403,14,,,1,70,,240404,14,,,1,30,,240405,14,,,1,69,,240418,14,,,1,100,,240408,14,,,1,100,,240406,14,,,1
91700,'917-Weekday-3-26-09-1111100',508,,282887,14,,,1,30,,282888,14,,,1,70,,282924,14,,,1,15,,282922,14,,,1,16,,282928,14,,,1,15,,282889,14,,,1,55,,282890,14,,,1,15,,282915,14,,,1,15,,282926,14,,,1,15,,282891,14,,,1,55,,282892,14,,,1,15,,282916,14,,,1,15,,282929,14,,,1,15,,282925,14,,,1,57,,282927,14,,,1,30,,282893,14,,,1,70,,282894,14,,,1,30,,282895,14,,,1,70,,282896,14,,,1,30,,282897,14,,,1,70,,282898,14,,,1,30,,282899,14,,,1,70,,282900,14,,,1,30,,282901,14,,,1,70,,282912,14,,,1,30,,282917,14,,,1,71,,282918,14,,,1,29,,282919,14,,,1,70,,282902,14,,,1,30,,282920,14,,,1,70,,282921,14,,,1,30,,282914,14,,,1,70,,282903,14,,,1,28,,282904,14,,,1,72,,282905,14,,,1,29,,282906,14,,,1,70,,282907,14,,,1,30,,282908,14,,,1,70,,282909,14,,,1,30,,282910,14,,,1,69,,282923,14,,,1,100,,282913,14,,,1,100,,282911,14,,,1
91700,'917-Weekday-4-26-09-1111100',508,,240425,14,,,1,30,,240426,14,,,1,70,,240462,14,,,1,15,,240460,14,,,1,16,,240466,14,,,1,15,,240427,14,,,1,55,,240428,14,,,1,15,,240453,14,,,1,15,,240464,14,,,1,15,,240429,14,,,1,55,,240430,14,,,1,15,,240454,14,,,1,15,,240467,14,,,1,15,,240463,14,,,1,57,,240465,14,,,1,30,,240431,14,,,1,70,,240432,14,,,1,30,,240433,14,,,1,70,,240434,14,,,1,30,,240435,14,,,1,70,,240436,14,,,1,30,,240437,14,,,1,70,,240438,14,,,1,30,,240439,14,,,1,70,,240450,14,,,1,30,,240455,14,,,1,71,,240456,14,,,1,29,,240457,14,,,1,70,,240440,14,,,1,30,,240458,14,,,1,70,,240459,14,,,1,30,,240452,14,,,1,70,,240441,14,,,1,28,,240442,14,,,1,72,,240443,14,,,1,29,,240444,14,,,1,70,,240445,14,,,1,30,,240446,14,,,1,70,,240447,14,,,1,30,,240448,14,,,1,69,,240461,14,,,1,100,,240451,14,,,1,100,,240449,14,,,1
91700,'917-Weekday-5-26-09-1111100',508,,282930,14,,,1,30,,282931,14,,,1,70,,282967,14,,,1,15,,282965,14,,,1,16,,282971,14,,,1,15,,282932,14,,,1,55,,282933,14,,,1,15,,282958,14,,,1,15,,282969,14,,,1,15,,282934,14,,,1,55,,282935,14,,,1,15,,282959,14,,,1,15,,282972,14,,,1,15,,282968,14,,,1,57,,282970,14,,,1,30,,282936,14,,,1,70,,282937,14,,,1,30,,282938,14,,,1,70,,282939,14,,,1,30,,282940,14,,,1,70,,282941,14,,,1,30,,282942,14,,,1,70,,282943,14,,,1,30,,282944,14,,,1,70,,282955,14,,,1,30,,282960,14,,,1,71,,282961,14,,,1,29,,282962,14,,,1,70,,282945,14,,,1,30,,282963,14,,,1,70,,282964,14,,,1,30,,282957,14,,,1,70,,282946,14,,,1,28,,282947,14,,,1,72,,282948,14,,,1,29,,282949,14,,,1,70,,282950,14,,,1,30,,282951,14,,,1,70,,282952,14,,,1,30,,282953,14,,,1,69,,282966,14,,,1,100,,282956,14,,,1,100,,282954,14,,,1
91700,'917-Weekday-6-26-09-1111100',508,,282973,14,,,1,30,,282974,14,,,1,70,,283010,14,,,1,15,,283008,14,,,1,16,,283014,14,,,1,15,,282975,14,,,1,55,,282976,14,,,1,15,,283001,14,,,1,15,,283012,14,,,1,15,,282977,14,,,1,55,,282978,14,,,1,15,,283002,14,,,1,15,,283015,14,,,1,15,,283011,14,,,1,57,,283013,14,,,1,30,,282979,14,,,1,70,,282980,14,,,1,30,,282981,14,,,1,70,,282982,14,,,1,30,,282983,14,,,1,70,,282984,14,,,1,30,,282985,14,,,1,70,,282986,14,,,1,30,,282987,14,,,1,70,,282998,14,,,1,30,,283003,14,,,1,71,,283004,14,,,1,29,,283005,14,,,1,70,,282988,14,,,1,30,,283006,14,,,1,70,,283007,14,,,1,30,,283000,14,,,1,70,,282989,14,,,1,28,,282990,14,,,1,72,,282991,14,,,1,29,,282992,14,,,1,70,,282993,14,,,1,30,,282994,14,,,1,70,,282995,14,,,1,30,,282996,14,,,1,69,,283009,14,,,1,100,,282999,14,,,1,100,,282997,14,,,1
91700,'917-Weekday-7-26-09-1111100',508,,283016,14,,,1,30,,283017,14,,,1,70,,283053,14,,,1,15,,283051,14,,,1,16,,283057,14,,,1,15,,283018,14,,,1,55,,283019,14,,,1,15,,283044,14,,,1,15,,283055,14,,,1,15,,283020,14,,,1,55,,283021,14,,,1,15,,283045,14,,,1,15,,283058,14,,,1,15,,283054,14,,,1,57,,283056,14,,,1,30,,283022,14,,,1,70,,283023,14,,,1,30,,283024,14,,,1,70,,283025,14,,,1,30,,283026,14,,,1,70,,283027,14,,,1,30,,283028,14,,,1,70,,283029,14,,,1,30,,283030,14,,,1,70,,283041,14,,,1,30,,283046,14,,,1,71,,283047,14,,,1,29,,283048,14,,,1,70,,283031,14,,,1,30,,283049,14,,,1,70,,283050,14,,,1,30,,283043,14,,,1,70,,283032,14,,,1,28,,283033,14,,,1,72,,283034,14,,,1,29,,283035,14,,,1,70,,283036,14,,,1,30,,283037,14,,,1,70,,283038,14,,,1,30,,283039,14,,,1,69,,283052,14,,,1,100,,283042,14,,,1,100,,283040,14,,,1
91700,'917-Saturday-1-26-09-0000010',555,,240468,14,,,1,100,,240469,14,,,1,100,,240493,14,,,1,70,,240494,14,,,1,27,,240495,14,,,1,69,,240471,14,,,1,30,,240472,14,,,1,70,,240473,14,,,1,30,,240474,14,,,1,70,,240475,14,,,1,30,,240476,14,,,1,70,,240477,14,,,1,30,,240478,14,,,1,70,,240479,14,,,1,30,,240480,14,,,1,70,,240481,14,,,1,30,,240482,14,,,1,70,,240483,14,,,1,30,,240484,14,,,1,70,,240485,14,,,1,31,,240489,14,,,1,71,,240490,14,,,1,30,,240491,14,,,1,70,,240470,14,,,1,30,,240486,14,,,1,70,,240492,14,,,1,100,,240488,14,,,1,100,,240487,14,,,1
91700,'917-Sunday-1-26-09-0000001',555,,240496,14,,,1,100,,240497,14,,,1,100,,240498,14,,,1,97,,240499,14,,,1,101,,240500,14,,,1,70,,240501,14,,,1,30,,240502,14,,,1,70,,240503,14,,,1,30,,240504,14,,,1,70,,240505,14,,,1,30,,240506,14,,,1,70,,240507,14,,,1,30,,240508,14,,,1,70,,240509,14,,,1,30,,240510,14,,,1,70,,240511,14,,,1,30,,240512,14,,,1,70,,240513,14,,,1,32,,240514,14,,,1,70,,240515,14,,,1,30,,240516,14,,,1,70,,240517,14,,,1,30,,240518,14,,,1,100,,240519,14,,,1,100,,240520,14,,,1
24093001,'930X-Weekday-1-26-09-1111100',1540,,246450,8,,,1,15,,246451,8,,,1,55,,246458,8,,,1,15,,246452,8,,,1,15,,246453,8,,,1,15,,246454,8,,,1,55,,246459,8,,,1,15,,246455,8,,,1,15,,246456,8,,,1,15,,246457,8,,,1,55,,246460,8,,,1
24093001,'930X-Weekday-2-26-09-1111100',1540,,246461,8,,,1,15,,246462,8,,,1,55,,246469,8,,,1,15,,246463,8,,,1,15,,246464,8,,,1,15,,246465,8,,,1,55,,246470,8,,,1,15,,246466,8,,,1,15,,246467,8,,,1,15,,246468,8,,,1,55,,246471,8,,,1
24093001,'930X-Weekday-3-26-09-1111100',1540,,289310,8,,,1,15,,289311,8,,,1,55,,289318,8,,,1,15,,289312,8,,,1,15,,289313,8,,,1,15,,289314,8,,,1,55,,289319,8,,,1,15,,289315,8,,,1,15,,289316,8,,,1,15,,289317,8,,,1,55,,289320,8,,,1
24093001,'930X-Weekday-4-26-09-1111100',1540,,246472,8,,,1,15,,246473,8,,,1,55,,246480,8,,,1,15,,246474,8,,,1,15,,246475,8,,,1,15,,246476,8,,,1,55,,246481,8,,,1,15,,246477,8,,,1,15,,246478,8,,,1,15,,246479,8,,,1,55,,246482,8,,,1
24093001,'930X-Weekday-5-26-09-1111100',1540,,289321,8,,,1,15,,289322,8,,,1,55,,289329,8,,,1,15,,289323,8,,,1,15,,289324,8,,,1,15,,289325,8,,,1,55,,289330,8,,,1,15,,289326,8,,,1,15,,289327,8,,,1,15,,289328,8,,,1,55,,289331,8,,,1
24093001,'930X-Weekday-6-26-09-1111100',1540,,289332,8,,,1,15,,289333,8,,,1,55,,289340,8,,,1,15,,289334,8,,,1,15,,289335,8,,,1,15,,289336,8,,,1,55,,289341,8,,,1,15,,289337,8,,,1,15,,289338,8,,,1,15,,289339,8,,,1,55,,289342,8,,,1
24093001,'930X-Weekday-7-26-09-1111100',1540,,289343,8,,,1,15,,289344,8,,,1,55,,289351,8,,,1,15,,289345,8,,,1,15,,289346,8,,,1,15,,289347,8,,,1,55,,289352,8,,,1,15,,289348,8,,,1,15,,289349,8,,,1,15,,289350,8,,,1,55,,289353,8,,,1
