5500,'055-Weekday-1-26-09-1111100',534,,212661,8,,,1,70,,212662,8,,,1,34,,212663,8,,,1,15,,212664,8,,,1,55,,212665,8,,,1,16,,212666,8,,,1,15,,212667,8,,,1,15,,212668,8,,,1,55,,212669,8,,,1,15,,212670,8,,,1,14,,212671,8,,,1,63,,212672,8,,,1,20,,212673,8,,,1,20,,212674,8,,,1,60,,212675,8,,,1,20,,212679,8,,,1,20,,212680,8,,,1,60,,212686,8,,,1,20,,212687,8,,,1,20,,212691,8,,,1,60,,212692,8,,,1,20,,212695,8,,,1,20,,212696,8,,,1,60,,212697,8,,,1,20,,212699,8,,,1,20,,212701,8,,,1,60,,212702,8,,,1,18,,212706,8,,,1,15,,212711,8,,,1,15,,212677,8,,,1,57,,212684,8,,,1,15,,212685,8,,,1,15,,212688,8,,,1,15,,212694,8,,,1,55,,212703,8,,,1,15,,212705,8,,,1,15,,212708,8,,,1,15,,212710,8,,,1,55,,212713,8,,,1,15,,212678,8,,,1,15,,212682,8,,,1,15,,212683,8,,,1,65,,212690,8,,,1,31,,212704,8,,,1,70,,212709,8,,,1,30,,212676,8,,,1,70,,212689,8,,,1,30,,212698,8,,,1,70,,212707,8,,,1,33,,212681,8,,,1,70,,212700,8,,,1,100,,212693,8,,,1,100,,212712,8,,,1
5500,'055-Weekday-2-26-09-1111100',534,,212714,8,,,1,70,,212715,8,,,1,34,,212716,8,,,1,15,,212717,8,,,1,55,,212718,8,,,1,16,,212719,8,,,1,15,,212720,8,,,1,15,,212721,8,,,1,55,,212722,8,,,1,15,,212723,8,,,1,14,,212724,8,,,1,63,,212725,8,,,1,20,,212726,8,,,1,20,,212727,8,,,1,60,,212728,8,,,1,20,,212732,8,,,1,20,,212733,8,,,1,60,,212739,8,,,1,20,,212740,8,,,1,20,,212744,8,,,1,60,,212745,8,,,1,20,,212748,8,,,1,20,,212749,8,,,1,60,,212750,8,,,1,20,,212752,8,,,1,20,,212754,8,,,1,60,,212755,8,,,1,18,,212759,8,,,1,15,,212764,8,,,1,15,,212730,8,,,1,57,,212737,8,,,1,15,,212738,8,,,1,15,,212741,8,,,1,15,,212747,8,,,1,55,,212756,8,,,1,15,,212758,8,,,1,15,,212761,8,,,1,15,,212763,8,,,1,55,,212766,8,,,1,15,,212731,8,,,1,15,,212735,8,,,1,15,,212736,8,,,1,65,,212743,8,,,1,31,,212757,8,,,1,70,,212762,8,,,1,30,,212729,8,,,1,70,,212742,8,,,1,30,,212751,8,,,1,70,,212760,8,,,1,33,,212734,8,,,1,70,,212753,8,,,1,100,,212746,8,,,1,100,,212765,8,,,1
5500,'055-Weekday-3-26-09-1111100',534,,255824,8,,,1,70,,255825,8,,,1,34,,255826,8,,,1,15,,255827,8,,,1,55,,255828,8,,,1,16,,255829,8,,,1,15,,255830,8,,,1,15,,255831,8,,,1,55,,255832,8,,,1,15,,255833,8,,,1,14,,255834,8,,,1,63,,255835,8,,,1,20,,255836,8,,,1,20,,255837,8,,,1,60,,255838,8,,,1,20,,255842,8,,,1,20,,255843,8,,,1,60,,255849,8,,,1,20,,255850,8,,,1,20,,255854,8,,,1,60,,255855,8,,,1,20,,255858,8,,,1,20,,255859,8,,,1,60,,255860,8,,,1,20,,255862,8,,,1,20,,255864,8,,,1,60,,255865,8,,,1,18,,255869,8,,,1,15,,255874,8,,,1,15,,255840,8,,,1,57,,255847,8,,,1,15,,255848,8,,,1,15,,255851,8,,,1,15,,255857,8,,,1,55,,255866,8,,,1,15,,255868,8,,,1,15,,255871,8,,,1,15,,255873,8,,,1,55,,255876,8,,,1,15,,255841,8,,,1,15,,255845,8,,,1,15,,255846,8,,,1,65,,255853,8,,,1,31,,255867,8,,,1,70,,255872,8,,,1,30,,255839,8,,,1,70,,255852,8,,,1,30,,255861,8,,,1,70,,255870,8,,,1,33,,255844,8,,,1,70,,255863,8,,,1,100,,255856,8,,,1,100,,255875,8,,,1
5500,'055-Weekday-4-26-09-1111100',534,,212767,8,,,1,70,,212768,8,,,1,34,,212769,8,,,1,15,,212770,8,,,1,55,,212771,8,,,1,16,,212772,8,,,1,15,,212773,8,,,1,15,,212774,8,,,1,55,,212775,8,,,1,15,,212776,8,,,1,14,,212777,8,,,1,63,,212778,8,,,1,20,,212779,8,,,1,20,,212780,8,,,1,60,,212781,8,,,1,20,,212785,8,,,1,20,,212786,8,,,1,60,,212792,8,,,1,20,,212793,8,,,1,20,,212797,8,,,1,60,,212798,8,,,1,20,,212801,8,,,1,20,,212802,8,,,1,60,,212803,8,,,1,20,,212805,8,,,1,20,,212807,8,,,1,60,,212808,8,,,1,18,,212812,8,,,1,15,,212817,8,,,1,15,,212783,8,,,1,57,,212790,8,,,1,15,,212791,8,,,1,15,,212794,8,,,1,15,,212800,8,,,1,55,,212809,8,,,1,15,,212811,8,,,1,15,,212814,8,,,1,15,,212816,8,,,1,55,,212819,8,,,1,15,,212784,8,,,1,15,,212788,8,,,1,15,,212789,8,,,1,65,,212796,8,,,1,31,,212810,8,,,1,70,,212815,8,,,1,30,,212782,8,,,1,70,,212795,8,,,1,30,,212804,8,,,1,70,,212813,8,,,1,33,,212787,8,,,1,70,,212806,8,,,1,100,,212799,8,,,1,100,,212818,8,,,1
5500,'055-Weekday-5-26-09-1111100',534,,255877,8,,,1,70,,255878,8,,,1,34,,255879,8,,,1,15,,255880,8,,,1,55,,255881,8,,,1,16,,255882,8,,,1,15,,255883,8,,,1,15,,255884,8,,,1,55,,255885,8,,,1,15,,255886,8,,,1,14,,255887,8,,,1,63,,255888,8,,,1,20,,255889,8,,,1,20,,255890,8,,,1,60,,255891,8,,,1,20,,255895,8,,,1,20,,255896,8,,,1,60,,255902,8,,,1,20,,255903,8,,,1,20,,255907,8,,,1,60,,255908,8,,,1,20,,255911,8,,,1,20,,255912,8,,,1,60,,255913,8,,,1,20,,255915,8,,,1,20,,255917,8,,,1,60,,255918,8,,,1,18,,255922,8,,,1,15,,255927,8,,,1,15,,255893,8,,,1,57,,255900,8,,,1,15,,255901,8,,,1,15,,255904,8,,,1,15,,255910,8,,,1,55,,255919,8,,,1,15,,255921,8,,,1,15,,255924,8,,,1,15,,255926,8,,,1,55,,255929,8,,,1,15,,255894,8,,,1,15,,255898,8,,,1,15,,255899,8,,,1,65,,255906,8,,,1,31,,255920,8,,,1,70,,255925,8,,,1,30,,255892,8,,,1,70,,255905,8,,,1,30,,255914,8,,,1,70,,255923,8,,,1,33,,255897,8,,,1,70,,255916,8,,,1,100,,255909,8,,,1,100,,255928,8,,,1
5500,'055-Weekday-6-26-09-1111100',534,,255930,8,,,1,70,,255931,8,,,1,34,,255932,8,,,1,15,,255933,8,,,1,55,,255934,8,,,1,16,,255935,8,,,1,15,,255936,8,,,1,15,,255937,8,,,1,55,,255938,8,,,1,15,,255939,8,,,1,14,,255940,8,,,1,63,,255941,8,,,1,20,,255942,8,,,1,20,,255943,8,,,1,60,,255944,8,,,1,20,,255948,8,,,1,20,,255949,8,,,1,60,,255955,8,,,1,20,,255956,8,,,1,20,,255960,8,,,1,60,,255961,8,,,1,20,,255964,8,,,1,20,,255965,8,,,1,60,,255966,8,,,1,20,,255968,8,,,1,20,,255970,8,,,1,60,,255971,8,,,1,18,,255975,8,,,1,15,,255980,8,,,1,15,,255946,8,,,1,57,,255953,8,,,1,15,,255954,8,,,1,15,,255957,8,,,1,15,,255963,8,,,1,55,,255972,8,,,1,15,,255974,8,,,1,15,,255977,8,,,1,15,,255979,8,,,1,55,,255982,8,,,1,15,,255947,8,,,1,15,,255951,8,,,1,15,,255952,8,,,1,65,,255959,8,,,1,31,,255973,8,,,1,70,,255978,8,,,1,30,,255945,8,,,1,70,,255958,8,,,1,30,,255967,8,,,1,70,,255976,8,,,1,33,,255950,8,,,1,70,,255969,8,,,1,100,,255962,8,,,1,100,,255981,8,,,1
5500,'055-Weekday-7-26-09-1111100',534,,255983,8,,,1,70,,255984,8,,,1,34,,255985,8,,,1,15,,255986,8,,,1,55,,255987,8,,,1,16,,255988,8,,,1,15,,255989,8,,,1,15,,255990,8,,,1,55,,255991,8,,,1,15,,255992,8,,,1,14,,255993,8,,,1,63,,255994,8,,,1,20,,255995,8,,,1,20,,255996,8,,,1,60,,255997,8,,,1,20,,256001,8,,,1,20,,256002,8,,,1,60,,256008,8,,,1,20,,256009,8,,,1,20,,256013,8,,,1,60,,256014,8,,,1,20,,256017,8,,,1,20,,256018,8,,,1,60,,256019,8,,,1,20,,256021,8,,,1,20,,256023,8,,,1,60,,256024,8,,,1,18,,256028,8,,,1,15,,256033,8,,,1,15,,255999,8,,,1,57,,256006,8,,,1,15,,256007,8,,,1,15,,256010,8,,,1,15,,256016,8,,,1,55,,256025,8,,,1,15,,256027,8,,,1,15,,256030,8,,,1,15,,256032,8,,,1,55,,256035,8,,,1,15,,256000,8,,,1,15,,256004,8,,,1,15,,256005,8,,,1,65,,256012,8,,,1,31,,256026,8,,,1,70,,256031,8,,,1,30,,255998,8,,,1,70,,256011,8,,,1,30,,256020,8,,,1,70,,256029,8,,,1,33,,256003,8,,,1,70,,256022,8,,,1,100,,256015,8,,,1,100,,256034,8,,,1
5500,'055-Saturday-1-26-09-0000010',606,,212820,8,,,1,100,,212821,8,,,1,100,,212822,8,,,1,30,,212823,8,,,1,70,,212824,8,,,1,30,,212825,8,,,1,70,,212826,8,,,1,24,,212827,8,,,1,20,,212828,8,,,1,60,,212829,8,,,1,20,,212830,8,,,1,20,,212831,8,,,1,60,,212832,8,,,1,20,,212833,8,,,1,20,,212834,8,,,1,60,,212835,8,,,1,20,,212836,8,,,1,20,,212837,8,,,1,60,,212838,8,,,1,20,,212839,8,,,1,20,,212840,8,,,1,60,,212841,8,,,1,20,,212842,8,,,1,20,,212843,8,,,1,60,,212844,8,,,1,20,,212845,8,,,1,20,,212846,8,,,1,60,,212847,8,,,1,18,,212848,8,,,1,20,,212849,8,,,1,60,,212850,8,,,1,20,,212851,8,,,1,20,,212852,8,,,1,60,,212853,8,,,1,25,,212854,8,,,1,25,,212855,8,,,1,70,,212856,8,,,1,30,,212857,8,,,1,70,,212858,8,,,1,30,,212859,8,,,1,100,,212860,8,,,1,100,,212861,8,,,1
5500,'055-Sunday-1-26-09-0000001',605,,212862,8,,,1,100,,212863,8,,,1,100,,212864,8,,,1,30,,212865,8,,,1,70,,212900,8,,,1,33,,212866,8,,,1,70,,212867,8,,,1,22,,212868,8,,,1,20,,212869,8,,,1,60,,212870,8,,,1,20,,212871,8,,,1,20,,212872,8,,,1,60,,212873,8,,,1,20,,212874,8,,,1,20,,212875,8,,,1,60,,212876,8,,,1,20,,212877,8,,,1,20,,212878,8,,,1,60,,212879,8,,,1,20,,212880,8,,,1,20,,212881,8,,,1,60,,212882,8,,,1,20,,212883,8,,,1,20,,212884,8,,,1,60,,212885,8,,,1,20,,212886,8,,,1,20,,212887,8,,,1,60,,212888,8,,,1,19,,212889,8,,,1,19,,212890,8,,,1,60,,212891,8,,,1,20,,212892,8,,,1,20,,212893,8,,,1,60,,212894,8,,,1,42,,212895,8,,,1,100,,212896,8,,,1,100,,212897,8,,,1,100,,212898,8,,,1,100,,212899,8,,,1
5600,'056-Weekday-1-26-09-1111100',511,,213143,8,,,1,30,,213144,8,,,1,65,,213145,8,,,1,21,,213146,8,,,1,16,,213147,8,,,1,15,,213148,8,,,1,55,,213149,8,,,1,15,,213150,8,,,1,15,,213141,8,,,1,15,,213151,8,,,1,55,,213152,8,,,1,15,,213153,8,,,1,15,,213154,8,,,1,16,,213155,8,,,1,55,,213156,8,,,1,15,,213157,8,,,1,15,,213158,8,,,1,15,,213159,8,,,1,55,,213160,8,,,1,15,,213161,8,,,1,15,,213162,8,,,1,15,,213163,8,,,1,55,,213164,8,,,1,15,,213165,8,,,1,15,,213166,8,,,1,15,,213167,8,,,1,55,,213168,8,,,1,15,,213169,8,,,1,15,,213170,8,,,1,15,,213171,8,,,1,55,,213172,8,,,1,15,,213173,8,,,1,15,,213174,8,,,1,15,,213175,8,,,1,55,,213176,8,,,1,15,,213177,8,,,1,14,,213178,8,,,1,12,,213179,8,,,1,53,,213180,8,,,1,12,,213181,8,,,1,12,,213182,8,,,1,12,,213183,8,,,1,12,,213184,8,,,1,52,,213185,8,,,1,12,,213186,8,,,1,12,,213187,8,,,1,12,,213188,8,,,1,12,,213189,8,,,1,52,,213190,8,,,1,12,,213191,8,,,1,12,,213192,8,,,1,12,,213193,8,,,1,12,,213194,8,,,1,56,,213195,8,,,1,19,,213196,8,,,1,19,,213197,8,,,1,60,,213198,8,,,1,20,,213199,8,,,1,20,,213200,8,,,1,60,,213201,8,,,1,20,,213202,8,,,1,20,,213203,8,,,1,60,,213204,8,,,1,20,,213213,8,,,1,20,,213214,8,,,1,60,,213205,8,,,1,35,,213206,8,,,1,100,,213207,8,,,1,100,,213208,8,,,1
5600,'056-Weekday-2-26-09-1111100',511,,213217,8,,,1,30,,213218,8,,,1,65,,213219,8,,,1,21,,213220,8,,,1,16,,213221,8,,,1,15,,213222,8,,,1,55,,213223,8,,,1,15,,213224,8,,,1,15,,213215,8,,,1,15,,213225,8,,,1,55,,213226,8,,,1,15,,213227,8,,,1,15,,213228,8,,,1,16,,213229,8,,,1,55,,213230,8,,,1,15,,213231,8,,,1,15,,213232,8,,,1,15,,213233,8,,,1,55,,213234,8,,,1,15,,213235,8,,,1,15,,213236,8,,,1,15,,213237,8,,,1,55,,213238,8,,,1,15,,213239,8,,,1,15,,213240,8,,,1,15,,213241,8,,,1,55,,213242,8,,,1,15,,213243,8,,,1,15,,213244,8,,,1,15,,213245,8,,,1,55,,213246,8,,,1,15,,213247,8,,,1,15,,213248,8,,,1,15,,213249,8,,,1,55,,213250,8,,,1,15,,213251,8,,,1,14,,213252,8,,,1,12,,213253,8,,,1,53,,213254,8,,,1,12,,213255,8,,,1,12,,213256,8,,,1,12,,213257,8,,,1,12,,213258,8,,,1,52,,213259,8,,,1,12,,213260,8,,,1,12,,213261,8,,,1,12,,213262,8,,,1,12,,213263,8,,,1,52,,213264,8,,,1,12,,213265,8,,,1,12,,213266,8,,,1,12,,213267,8,,,1,12,,213268,8,,,1,56,,213269,8,,,1,19,,213270,8,,,1,19,,213271,8,,,1,60,,213272,8,,,1,20,,213273,8,,,1,20,,213274,8,,,1,60,,213275,8,,,1,20,,213276,8,,,1,20,,213277,8,,,1,60,,213278,8,,,1,20,,213287,8,,,1,20,,213288,8,,,1,60,,213279,8,,,1,35,,213280,8,,,1,100,,213281,8,,,1,100,,213282,8,,,1
5600,'056-Weekday-3-26-09-1111100',511,,256250,8,,,1,30,,256251,8,,,1,65,,256252,8,,,1,21,,256253,8,,,1,16,,256254,8,,,1,15,,256255,8,,,1,55,,256256,8,,,1,15,,256257,8,,,1,15,,256248,8,,,1,15,,256258,8,,,1,55,,256259,8,,,1,15,,256260,8,,,1,15,,256261,8,,,1,16,,256262,8,,,1,55,,256263,8,,,1,15,,256264,8,,,1,15,,256265,8,,,1,15,,256266,8,,,1,55,,256267,8,,,1,15,,256268,8,,,1,15,,256269,8,,,1,15,,256270,8,,,1,55,,256271,8,,,1,15,,256272,8,,,1,15,,256273,8,,,1,15,,256274,8,,,1,55,,256275,8,,,1,15,,256276,8,,,1,15,,256277,8,,,1,15,,256278,8,,,1,55,,256279,8,,,1,15,,256280,8,,,1,15,,256281,8,,,1,15,,256282,8,,,1,55,,256283,8,,,1,15,,256284,8,,,1,14,,256285,8,,,1,12,,256286,8,,,1,53,,256287,8,,,1,12,,256288,8,,,1,12,,256289,8,,,1,12,,256290,8,,,1,12,,256291,8,,,1,52,,256292,8,,,1,12,,256293,8,,,1,12,,256294,8,,,1,12,,256295,8,,,1,12,,256296,8,,,1,52,,256297,8,,,1,12,,256298,8,,,1,12,,256299,8,,,1,12,,256300,8,,,1,12,,256301,8,,,1,56,,256302,8,,,1,19,,256303,8,,,1,19,,256304,8,,,1,60,,256305,8,,,1,20,,256306,8,,,1,20,,256307,8,,,1,60,,256308,8,,,1,20,,256309,8,,,1,20,,256310,8,,,1,60,,256311,8,,,1,20,,256317,8,,,1,20,,256318,8,,,1,60,,256312,8,,,1,35,,256313,8,,,1,100,,256314,8,,,1,100,,256315,8,,,1
5600,'056-Weekday-4-26-09-1111100',511,,213291,8,,,1,30,,213292,8,,,1,65,,213293,8,,,1,21,,213294,8,,,1,16,,213295,8,,,1,15,,213296,8,,,1,55,,213297,8,,,1,15,,213298,8,,,1,15,,213289,8,,,1,15,,213299,8,,,1,55,,213300,8,,,1,15,,213301,8,,,1,15,,213302,8,,,1,16,,213303,8,,,1,55,,213304,8,,,1,15,,213305,8,,,1,15,,213306,8,,,1,15,,213307,8,,,1,55,,213308,8,,,1,15,,213309,8,,,1,15,,213310,8,,,1,15,,213311,8,,,1,55,,213312,8,,,1,15,,213313,8,,,1,15,,213314,8,,,1,15,,213315,8,,,1,55,,213316,8,,,1,15,,213317,8,,,1,15,,213318,8,,,1,15,,213319,8,,,1,55,,213320,8,,,1,15,,213321,8,,,1,15,,213322,8,,,1,15,,213323,8,,,1,55,,213324,8,,,1,15,,213325,8,,,1,14,,213326,8,,,1,12,,213327,8,,,1,53,,213328,8,,,1,12,,213329,8,,,1,12,,213330,8,,,1,12,,213331,8,,,1,12,,213332,8,,,1,52,,213333,8,,,1,12,,213334,8,,,1,12,,213335,8,,,1,12,,213336,8,,,1,12,,213337,8,,,1,52,,213338,8,,,1,12,,213339,8,,,1,12,,213340,8,,,1,12,,213341,8,,,1,12,,213342,8,,,1,56,,213343,8,,,1,19,,213344,8,,,1,19,,213345,8,,,1,60,,213346,8,,,1,20,,213347,8,,,1,20,,213348,8,,,1,60,,213349,8,,,1,20,,213350,8,,,1,20,,213351,8,,,1,60,,213352,8,,,1,20,,213357,8,,,1,20,,213358,8,,,1,60,,213353,8,,,1,35,,213354,8,,,1,100,,213355,8,,,1,100,,213356,8,,,1
5600,'056-Weekday-5-26-09-1111100',511,,256321,8,,,1,30,,256322,8,,,1,65,,256323,8,,,1,21,,256324,8,,,1,16,,256325,8,,,1,15,,256326,8,,,1,55,,256327,8,,,1,15,,256328,8,,,1,15,,256319,8,,,1,15,,256329,8,,,1,55,,256330,8,,,1,15,,256331,8,,,1,15,,256332,8,,,1,16,,256333,8,,,1,55,,256334,8,,,1,15,,256335,8,,,1,15,,256336,8,,,1,15,,256337,8,,,1,55,,256338,8,,,1,15,,256339,8,,,1,15,,256340,8,,,1,15,,256341,8,,,1,55,,256342,8,,,1,15,,256343,8,,,1,15,,256344,8,,,1,15,,256345,8,,,1,55,,256346,8,,,1,15,,256347,8,,,1,15,,256348,8,,,1,15,,256349,8,,,1,55,,256350,8,,,1,15,,256351,8,,,1,15,,256352,8,,,1,15,,256353,8,,,1,55,,256354,8,,,1,15,,256355,8,,,1,14,,256356,8,,,1,12,,256357,8,,,1,53,,256358,8,,,1,12,,256359,8,,,1,12,,256360,8,,,1,12,,256361,8,,,1,12,,256362,8,,,1,52,,256363,8,,,1,12,,256364,8,,,1,12,,256365,8,,,1,12,,256366,8,,,1,12,,256367,8,,,1,52,,256368,8,,,1,12,,256369,8,,,1,12,,256370,8,,,1,12,,256371,8,,,1,12,,256372,8,,,1,56,,256373,8,,,1,19,,256374,8,,,1,19,,256375,8,,,1,60,,256376,8,,,1,20,,256377,8,,,1,20,,256378,8,,,1,60,,256379,8,,,1,20,,256380,8,,,1,20,,256381,8,,,1,60,,256382,8,,,1,20,,256387,8,,,1,20,,256388,8,,,1,60,,256383,8,,,1,35,,256384,8,,,1,100,,256385,8,,,1,100,,256386,8,,,1
5600,'056-Weekday-6-26-09-1111100',511,,256391,8,,,1,30,,256392,8,,,1,65,,256393,8,,,1,21,,256394,8,,,1,16,,256395,8,,,1,15,,256396,8,,,1,55,,256397,8,,,1,15,,256398,8,,,1,15,,256389,8,,,1,15,,256399,8,,,1,55,,256400,8,,,1,15,,256401,8,,,1,15,,256402,8,,,1,16,,256403,8,,,1,55,,256404,8,,,1,15,,256405,8,,,1,15,,256406,8,,,1,15,,256407,8,,,1,55,,256408,8,,,1,15,,256409,8,,,1,15,,256410,8,,,1,15,,256411,8,,,1,55,,256412,8,,,1,15,,256413,8,,,1,15,,256414,8,,,1,15,,256415,8,,,1,55,,256416,8,,,1,15,,256417,8,,,1,15,,256418,8,,,1,15,,256419,8,,,1,55,,256420,8,,,1,15,,256421,8,,,1,15,,256422,8,,,1,15,,256423,8,,,1,55,,256424,8,,,1,15,,256425,8,,,1,14,,256426,8,,,1,12,,256427,8,,,1,53,,256428,8,,,1,12,,256429,8,,,1,12,,256430,8,,,1,12,,256431,8,,,1,12,,256432,8,,,1,52,,256433,8,,,1,12,,256434,8,,,1,12,,256435,8,,,1,12,,256436,8,,,1,12,,256437,8,,,1,52,,256438,8,,,1,12,,256439,8,,,1,12,,256440,8,,,1,12,,256441,8,,,1,12,,256442,8,,,1,56,,256443,8,,,1,19,,256444,8,,,1,19,,256445,8,,,1,60,,256446,8,,,1,20,,256447,8,,,1,20,,256448,8,,,1,60,,256449,8,,,1,20,,256450,8,,,1,20,,256451,8,,,1,60,,256452,8,,,1,20,,256461,8,,,1,20,,256462,8,,,1,60,,256453,8,,,1,35,,256454,8,,,1,100,,256455,8,,,1,100,,256456,8,,,1
5600,'056-Weekday-7-26-09-1111100',511,,256465,8,,,1,30,,256466,8,,,1,65,,256467,8,,,1,21,,256468,8,,,1,16,,256469,8,,,1,15,,256470,8,,,1,55,,256471,8,,,1,15,,256472,8,,,1,15,,256463,8,,,1,15,,256473,8,,,1,55,,256474,8,,,1,15,,256475,8,,,1,15,,256476,8,,,1,16,,256477,8,,,1,55,,256478,8,,,1,15,,256479,8,,,1,15,,256480,8,,,1,15,,256481,8,,,1,55,,256482,8,,,1,15,,256483,8,,,1,15,,256484,8,,,1,15,,256485,8,,,1,55,,256486,8,,,1,15,,256487,8,,,1,15,,256488,8,,,1,15,,256489,8,,,1,55,,256490,8,,,1,15,,256491,8,,,1,15,,256492,8,,,1,15,,256493,8,,,1,55,,256494,8,,,1,15,,256495,8,,,1,15,,256496,8,,,1,15,,256497,8,,,1,55,,256498,8,,,1,15,,256499,8,,,1,14,,256500,8,,,1,12,,256501,8,,,1,53,,256502,8,,,1,12,,256503,8,,,1,12,,256504,8,,,1,12,,256505,8,,,1,12,,256506,8,,,1,52,,256507,8,,,1,12,,256508,8,,,1,12,,256509,8,,,1,12,,256510,8,,,1,12,,256511,8,,,1,52,,256512,8,,,1,12,,256513,8,,,1,12,,256514,8,,,1,12,,256515,8,,,1,12,,256516,8,,,1,56,,256517,8,,,1,19,,256518,8,,,1,19,,256519,8,,,1,60,,256520,8,,,1,20,,256521,8,,,1,20,,256522,8,,,1,60,,256523,8,,,1,20,,256524,8,,,1,20,,256525,8,,,1,60,,256526,8,,,1,20,,256531,8,,,1,20,,256532,8,,,1,60,,256527,8,,,1,35,,256528,8,,,1,100,,256529,8,,,1,100,,256530,8,,,1
5600,'056-Saturday-1-26-09-0000010',527,,213403,8,,,1,30,,213359,8,,,1,70,,213404,8,,,1,30,,213360,8,,,1,70,,213405,8,,,1,30,,213361,8,,,1,55,,213406,8,,,1,15,,213362,8,,,1,15,,213363,8,,,1,15,,213407,8,,,1,56,,213364,8,,,1,15,,213365,8,,,1,14,,213408,8,,,1,14,,213366,8,,,1,54,,213367,8,,,1,14,,213368,8,,,1,15,,213409,8,,,1,15,,213369,8,,,1,55,,213370,8,,,1,15,,213371,8,,,1,15,,213410,8,,,1,15,,213372,8,,,1,55,,213373,8,,,1,15,,213374,8,,,1,15,,213411,8,,,1,15,,213375,8,,,1,55,,213376,8,,,1,15,,213377,8,,,1,15,,213412,8,,,1,15,,213378,8,,,1,55,,213379,8,,,1,15,,213381,8,,,1,15,,213413,8,,,1,15,,213382,8,,,1,55,,213383,8,,,1,15,,213380,8,,,1,15,,213414,8,,,1,15,,213392,8,,,1,55,,213393,8,,,1,15,,213394,8,,,1,15,,213415,8,,,1,15,,213395,8,,,1,54,,213396,8,,,1,16,,213397,8,,,1,15,,213416,8,,,1,15,,213398,8,,,1,55,,213399,8,,,1,15,,213400,8,,,1,15,,213417,8,,,1,15,,213401,8,,,1,55,,213402,8,,,1,20,,213389,8,,,1,20,,213418,8,,,1,60,,213384,8,,,1,20,,213390,8,,,1,20,,213419,8,,,1,60,,213385,8,,,1,20,,213391,8,,,1,20,,213420,8,,,1,60,,213386,8,,,1,30,,213421,8,,,1,70,,213388,8,,,1,30,,213422,8,,,1,70,,213387,8,,,1
5600,'056-Sunday-1-26-09-0000001',511,,213456,8,,,1,30,,213457,8,,,1,70,,213423,8,,,1,30,,213458,8,,,1,70,,213424,8,,,1,30,,213459,8,,,1,67,,213425,8,,,1,26,,213454,8,,,1,15,,213460,8,,,1,55,,213426,8,,,1,15,,213455,8,,,1,15,,213461,8,,,1,15,,213427,8,,,1,55,,213450,8,,,1,15,,213462,8,,,1,15,,213428,8,,,1,15,,213429,8,,,1,55,,213463,8,,,1,15,,213430,8,,,1,15,,213431,8,,,1,15,,213464,8,,,1,55,,213432,8,,,1,15,,213433,8,,,1,15,,213465,8,,,1,15,,213434,8,,,1,55,,213435,8,,,1,15,,213466,8,,,1,15,,213436,8,,,1,15,,213437,8,,,1,55,,213467,8,,,1,15,,213438,8,,,1,15,,213439,8,,,1,15,,213468,8,,,1,55,,213440,8,,,1,15,,213441,8,,,1,15,,213469,8,,,1,15,,213442,8,,,1,55,,213443,8,,,1,15,,213470,8,,,1,15,,213476,8,,,1,15,,213477,8,,,1,55,,213478,8,,,1,15,,213479,8,,,1,14,,213480,8,,,1,14,,213481,8,,,1,53,,213482,8,,,1,14,,213483,8,,,1,15,,213484,8,,,1,13,,213485,8,,,1,15,,213486,8,,,1,58,,213444,8,,,1,21,,213451,8,,,1,19,,213471,8,,,1,60,,213445,8,,,1,20,,213452,8,,,1,20,,213472,8,,,1,60,,213447,8,,,1,20,,213453,8,,,1,19,,213473,8,,,1,59,,213448,8,,,1,27,,213474,8,,,1,70,,213446,8,,,1,30,,213475,8,,,1,70,,213449,8,,,1
90400,'904-Weekday-1-26-09-1111100',535,,237389,9,,,1,70,,237390,9,,,1,32,,237391,9,,,1,20,,237392,9,,,1,60,,237424,9,,,1,20,,237393,9,,,1,21,,237428,9,,,1,1,,237394,9,,,1,44,,237429,9,,,1,7,,237430,9,,,1,9,,237423,9,,,1,20,,237427,9,,,1,67,,237395,9,,,1,30,,237396,9,,,1,70,,237397,9,,,1,30,,237398,9,,,1,70,,237399,9,,,1,30,,237400,9,,,1,70,,237401,9,,,1,30,,237402,9,,,1,70,,237403,9,,,1,30,,237404,9,,,1,70,,237405,9,,,1,30,,237406,9,,,1,20,,237407,9,,,1,62,,237422,9,,,1,20,,237408,9,,,1,20,,237409,9,,,1,60,,237425,9,,,1,20,,237410,9,,,1,20,,237411,9,,,1,60,,237426,9,,,1,30,,237412,9,,,1,70,,237413,9,,,1,28,,237414,9,,,1,70,,237415,9,,,1,30,,237416,9,,,1,70,,237417,9,,,1,30,,237418,9,,,1,70,,237419,9,,,1,30,,237421,9,,,1,99,,237420,9,,,1
90400,'904-Weekday-2-26-09-1111100',535,,237431,9,,,1,70,,237432,9,,,1,32,,237433,9,,,1,20,,237434,9,,,1,60,,237466,9,,,1,20,,237435,9,,,1,21,,237470,9,,,1,1,,237436,9,,,1,44,,237471,9,,,1,7,,237472,9,,,1,9,,237465,9,,,1,20,,237469,9,,,1,67,,237437,9,,,1,30,,237438,9,,,1,70,,237439,9,,,1,30,,237440,9,,,1,70,,237441,9,,,1,30,,237442,9,,,1,70,,237443,9,,,1,30,,237444,9,,,1,70,,237445,9,,,1,30,,237446,9,,,1,70,,237447,9,,,1,30,,237448,9,,,1,20,,237449,9,,,1,62,,237464,9,,,1,20,,237450,9,,,1,20,,237451,9,,,1,60,,237467,9,,,1,20,,237452,9,,,1,20,,237453,9,,,1,60,,237468,9,,,1,30,,237454,9,,,1,70,,237455,9,,,1,28,,237456,9,,,1,70,,237457,9,,,1,30,,237458,9,,,1,70,,237459,9,,,1,30,,237460,9,,,1,70,,237461,9,,,1,30,,237463,9,,,1,99,,237462,9,,,1
90400,'904-Weekday-3-26-09-1111100',535,,279989,9,,,1,70,,279990,9,,,1,32,,279991,9,,,1,20,,279992,9,,,1,60,,280024,9,,,1,20,,279993,9,,,1,21,,280028,9,,,1,1,,279994,9,,,1,44,,280029,9,,,1,7,,280030,9,,,1,9,,280023,9,,,1,20,,280027,9,,,1,67,,279995,9,,,1,30,,279996,9,,,1,70,,279997,9,,,1,30,,279998,9,,,1,70,,279999,9,,,1,30,,280000,9,,,1,70,,280001,9,,,1,30,,280002,9,,,1,70,,280003,9,,,1,30,,280004,9,,,1,70,,280005,9,,,1,30,,280006,9,,,1,20,,280007,9,,,1,62,,280022,9,,,1,20,,280008,9,,,1,20,,280009,9,,,1,60,,280025,9,,,1,20,,280010,9,,,1,20,,280011,9,,,1,60,,280026,9,,,1,30,,280012,9,,,1,70,,280013,9,,,1,28,,280014,9,,,1,70,,280015,9,,,1,30,,280016,9,,,1,70,,280017,9,,,1,30,,280018,9,,,1,70,,280019,9,,,1,30,,280021,9,,,1,99,,280020,9,,,1
90400,'904-Weekday-4-26-09-1111100',535,,237473,9,,,1,70,,237474,9,,,1,32,,237475,9,,,1,20,,237476,9,,,1,60,,237508,9,,,1,20,,237477,9,,,1,21,,237512,9,,,1,1,,237478,9,,,1,44,,237513,9,,,1,7,,237514,9,,,1,9,,237507,9,,,1,20,,237511,9,,,1,67,,237479,9,,,1,30,,237480,9,,,1,70,,237481,9,,,1,30,,237482,9,,,1,70,,237483,9,,,1,30,,237484,9,,,1,70,,237485,9,,,1,30,,237486,9,,,1,70,,237487,9,,,1,30,,237488,9,,,1,70,,237489,9,,,1,30,,237490,9,,,1,20,,237491,9,,,1,62,,237506,9,,,1,20,,237492,9,,,1,20,,237493,9,,,1,60,,237509,9,,,1,20,,237494,9,,,1,20,,237495,9,,,1,60,,237510,9,,,1,30,,237496,9,,,1,70,,237497,9,,,1,28,,237498,9,,,1,70,,237499,9,,,1,30,,237500,9,,,1,70,,237501,9,,,1,30,,237502,9,,,1,70,,237503,9,,,1,30,,237505,9,,,1,99,,237504,9,,,1
90400,'904-Weekday-5-26-09-1111100',535,,280031,9,,,1,70,,280032,9,,,1,32,,280033,9,,,1,20,,280034,9,,,1,60,,280066,9,,,1,20,,280035,9,,,1,21,,280070,9,,,1,1,,280036,9,,,1,44,,280071,9,,,1,7,,280072,9,,,1,9,,280065,9,,,1,20,,280069,9,,,1,67,,280037,9,,,1,30,,280038,9,,,1,70,,280039,9,,,1,30,,280040,9,,,1,70,,280041,9,,,1,30,,280042,9,,,1,70,,280043,9,,,1,30,,280044,9,,,1,70,,280045,9,,,1,30,,280046,9,,,1,70,,280047,9,,,1,30,,280048,9,,,1,20,,280049,9,,,1,62,,280064,9,,,1,20,,280050,9,,,1,20,,280051,9,,,1,60,,280067,9,,,1,20,,280052,9,,,1,20,,280053,9,,,1,60,,280068,9,,,1,30,,280054,9,,,1,70,,280055,9,,,1,28,,280056,9,,,1,70,,280057,9,,,1,30,,280058,9,,,1,70,,280059,9,,,1,30,,280060,9,,,1,70,,280061,9,,,1,30,,280063,9,,,1,99,,280062,9,,,1
90400,'904-Weekday-6-26-09-1111100',535,,280073,9,,,1,70,,280074,9,,,1,32,,280075,9,,,1,20,,280076,9,,,1,60,,280108,9,,,1,20,,280077,9,,,1,21,,280112,9,,,1,1,,280078,9,,,1,44,,280113,9,,,1,7,,280114,9,,,1,9,,280107,9,,,1,20,,280111,9,,,1,67,,280079,9,,,1,30,,280080,9,,,1,70,,280081,9,,,1,30,,280082,9,,,1,70,,280083,9,,,1,30,,280084,9,,,1,70,,280085,9,,,1,30,,280086,9,,,1,70,,280087,9,,,1,30,,280088,9,,,1,70,,280089,9,,,1,30,,280090,9,,,1,20,,280091,9,,,1,62,,280106,9,,,1,20,,280092,9,,,1,20,,280093,9,,,1,60,,280109,9,,,1,20,,280094,9,,,1,20,,280095,9,,,1,60,,280110,9,,,1,30,,280096,9,,,1,70,,280097,9,,,1,28,,280098,9,,,1,70,,280099,9,,,1,30,,280100,9,,,1,70,,280101,9,,,1,30,,280102,9,,,1,70,,280103,9,,,1,30,,280105,9,,,1,99,,280104,9,,,1
90400,'904-Weekday-7-26-09-1111100',535,,280115,9,,,1,70,,280116,9,,,1,32,,280117,9,,,1,20,,280118,9,,,1,60,,280150,9,,,1,20,,280119,9,,,1,21,,280154,9,,,1,1,,280120,9,,,1,44,,280155,9,,,1,7,,280156,9,,,1,9,,280149,9,,,1,20,,280153,9,,,1,67,,280121,9,,,1,30,,280122,9,,,1,70,,280123,9,,,1,30,,280124,9,,,1,70,,280125,9,,,1,30,,280126,9,,,1,70,,280127,9,,,1,30,,280128,9,,,1,70,,280129,9,,,1,30,,280130,9,,,1,70,,280131,9,,,1,30,,280132,9,,,1,20,,280133,9,,,1,62,,280148,9,,,1,20,,280134,9,,,1,20,,280135,9,,,1,60,,280151,9,,,1,20,,280136,9,,,1,20,,280137,9,,,1,60,,280152,9,,,1,30,,280138,9,,,1,70,,280139,9,,,1,28,,280140,9,,,1,70,,280141,9,,,1,30,,280142,9,,,1,70,,280143,9,,,1,30,,280144,9,,,1,70,,280145,9,,,1,30,,280147,9,,,1,99,,280146,9,,,1
90400,'904-Saturday-1-26-09-0000010',637,,237527,9,,,1,100,,237515,9,,,1,100,,237516,9,,,1,68,,237517,9,,,1,30,,237518,9,,,1,70,,237519,9,,,1,30,,237520,9,,,1,70,,237521,9,,,1,30,,237522,9,,,1,70,,237523,9,,,1,32,,237528,9,,,1,70,,237529,9,,,1,30,,237530,9,,,1,70,,237531,9,,,1,30,,237532,9,,,1,70,,237533,9,,,1,30,,237534,9,,,1,70,,237535,9,,,1,30,,237536,9,,,1,70,,237537,9,,,1,30,,237538,9,,,1,70,,237539,9,,,1,30,,237540,9,,,1,70,,237541,9,,,1,97,,237524,9,,,1,100,,237525,9,,,1,100,,237526,9,,,1
90400,'904-Sunday-1-26-09-0000001',704,,237542,9,,,1,100,,237543,9,,,1,101,,237544,9,,,1,100,,237562,9,,,1,30,,237545,9,,,1,70,,237546,9,,,1,30,,237547,9,,,1,70,,237548,9,,,1,30,,237550,9,,,1,70,,237551,9,,,1,30,,237552,9,,,1,70,,237549,9,,,1,30,,237553,9,,,1,70,,237554,9,,,1,30,,237555,9,,,1,70,,237556,9,,,1,30,,237557,9,,,1,70,,237558,9,,,1,30,,237559,9,,,1,70,,237560,9,,,1,30,,237561,9,,,1,70,,237563,9,,,1
