901,'009-Weekday-1-26-09-1111100',456,,210160,10,0,38,1,55,,210161,10,0,38,1,15,,210162,10,0,38,1,15,,210163,10,0,38,1,15,,210164,10,0,38,1,55,,210159,10,0,38,1,15,,210165,10,0,38,1,16,,210166,10,0,38,1,16,,210167,10,0,38,1,55,,210168,10,0,38,1,7,,210263,10,0,31,1,8,,210169,10,0,38,1,7,,210264,10,0,31,1,8,,210170,10,0,38,1,7,,210265,10,0,31,1,8,,210171,10,0,38,1,47,,210266,10,0,31,1,5,,210282,10,0,31,1,3,,210172,10,0,38,1,7,,210267,10,0,31,1,8,,210173,10,0,38,1,7,,210262,10,0,31,1,8,,210174,10,0,38,1,7,,210268,10,0,31,1,8,,210175,10,0,38,1,47,,210269,10,0,31,1,7,,210176,10,0,38,1,8,,210270,10,0,31,1,7,,210177,10,0,38,1,8,,210271,10,0,31,1,7,,210178,10,0,38,1,8,,210272,10,0,31,1,7,,210179,10,0,38,1,48,,210273,10,0,31,1,7,,210180,10,0,38,1,8,,210274,10,0,31,1,7,,210181,10,0,38,1,8,,210275,10,0,31,1,7,,210182,10,0,38,1,8,,210276,10,0,31,1,7,,210183,10,0,38,1,48,,210277,10,0,31,1,7,,210184,10,0,38,1,8,,210278,10,0,31,1,7,,210185,10,0,38,1,8,,210279,10,0,31,1,7,,210186,10,0,38,1,8,,210280,10,0,31,1,7,,210187,10,0,38,1,48,,210281,10,0,31,1,7,,210188,10,0,38,1,8,,210189,10,0,31,1,8,,210190,10,0,38,1,7,,210191,10,0,31,1,8,,210192,10,0,38,1,7,,210193,10,0,31,1,8,,210194,10,0,38,1,47,,210195,10,0,31,1,8,,210196,10,0,38,1,7,,210197,10,0,31,1,8,,210198,10,0,38,1,7,,210199,10,0,31,1,8,,210200,10,0,38,1,7,,210201,10,0,31,1,8,,210202,10,0,38,1,47,,210203,10,0,31,1,8,,210204,10,0,38,1,7,,210205,10,0,31,1,8,,210206,10,0,38,1,7,,210207,10,0,31,1,8,,210208,10,0,38,1,7,,210209,10,0,31,1,8,,210210,10,0,38,1,48,,210211,10,0,31,1,8,,210212,10,0,38,1,7,,210213,10,0,31,1,8,,210214,10,0,38,1,7,,210215,10,0,31,1,8,,210216,10,0,38,1,7,,210217,10,0,31,1,8,,210218,10,0,38,1,47,,210219,10,0,31,1,8,,210220,10,0,38,1,7,,210221,10,0,31,1,8,,210222,10,0,38,1,7,,210223,10,0,31,1,8,,210224,10,0,38,1,7,,210225,10,0,31,1,8,,210226,10,0,38,1,47,,210227,10,0,31,1,8,,210228,10,0,38,1,7,,210260,10,0,31,1,8,,210229,10,0,38,1,7,,210261,10,0,31,1,8,,210230,10,0,38,1,15,,210231,10,0,38,1,55,,210232,10,0,38,1,15,,210233,10,0,38,1,12,,210234,10,0,38,1,15,,210235,10,0,38,1,55,,210236,10,0,38,1,15,,210237,10,0,38,1,15,,210238,10,0,38,1,15,,210239,10,0,38,1,55,,210240,10,0,38,1,15,,210241,10,0,38,1,15,,210242,10,0,38,1,15,,210243,10,0,38,1,55,,210244,10,0,38,1,15,,210245,10,0,38,1,15,,210246,10,0,38,1,15,,210247,10,0,38,1,59,,210248,10,0,38,1,20,,210249,10,0,38,1,20,,210250,10,0,38,1,60,,210251,10,0,38,1,20,,210252,10,0,38,1,20,,210253,10,0,38,1,65,,210254,10,0,38,1,27,,210255,10,0,28 39 40,1,69,,210256,10,0,28 39 40,1,31,,210257,10,0,28 39 40,1,69,,210258,10,0,28 39 40,1,31,,210259,10,0,28 39 40,1
901,'009-Weekday-2-26-09-1111100',456,,210284,10,0,38,1,55,,210285,10,0,38,1,15,,210286,10,0,38,1,15,,210287,10,0,38,1,15,,210288,10,0,38,1,55,,210283,10,0,38,1,15,,210289,10,0,38,1,16,,210290,10,0,38,1,16,,210291,10,0,38,1,55,,210292,10,0,38,1,7,,210387,10,0,31,1,8,,210293,10,0,38,1,7,,210388,10,0,31,1,8,,210294,10,0,38,1,7,,210389,10,0,31,1,8,,210295,10,0,38,1,47,,210390,10,0,31,1,5,,210406,10,0,31,1,3,,210296,10,0,38,1,7,,210391,10,0,31,1,8,,210297,10,0,38,1,7,,210386,10,0,31,1,8,,210298,10,0,38,1,7,,210392,10,0,31,1,8,,210299,10,0,38,1,47,,210393,10,0,31,1,7,,210300,10,0,38,1,8,,210394,10,0,31,1,7,,210301,10,0,38,1,8,,210395,10,0,31,1,7,,210302,10,0,38,1,8,,210396,10,0,31,1,7,,210303,10,0,38,1,48,,210397,10,0,31,1,7,,210304,10,0,38,1,8,,210398,10,0,31,1,7,,210305,10,0,38,1,8,,210399,10,0,31,1,7,,210306,10,0,38,1,8,,210400,10,0,31,1,7,,210307,10,0,38,1,48,,210401,10,0,31,1,7,,210308,10,0,38,1,8,,210402,10,0,31,1,7,,210309,10,0,38,1,8,,210403,10,0,31,1,7,,210310,10,0,38,1,8,,210404,10,0,31,1,7,,210311,10,0,38,1,48,,210405,10,0,31,1,7,,210312,10,0,38,1,8,,210313,10,0,31,1,8,,210314,10,0,38,1,7,,210315,10,0,31,1,8,,210316,10,0,38,1,7,,210317,10,0,31,1,8,,210318,10,0,38,1,47,,210319,10,0,31,1,8,,210320,10,0,38,1,7,,210321,10,0,31,1,8,,210322,10,0,38,1,7,,210323,10,0,31,1,8,,210324,10,0,38,1,7,,210325,10,0,31,1,8,,210326,10,0,38,1,47,,210327,10,0,31,1,8,,210328,10,0,38,1,7,,210329,10,0,31,1,8,,210330,10,0,38,1,7,,210331,10,0,31,1,8,,210332,10,0,38,1,7,,210333,10,0,31,1,8,,210334,10,0,38,1,48,,210335,10,0,31,1,8,,210336,10,0,38,1,7,,210337,10,0,31,1,8,,210338,10,0,38,1,7,,210339,10,0,31,1,8,,210340,10,0,38,1,7,,210341,10,0,31,1,8,,210342,10,0,38,1,47,,210343,10,0,31,1,8,,210344,10,0,38,1,7,,210345,10,0,31,1,8,,210346,10,0,38,1,7,,210347,10,0,31,1,8,,210348,10,0,38,1,7,,210349,10,0,31,1,8,,210350,10,0,38,1,47,,210351,10,0,31,1,8,,210352,10,0,38,1,7,,210384,10,0,31,1,8,,210353,10,0,38,1,7,,210385,10,0,31,1,8,,210354,10,0,38,1,15,,210355,10,0,38,1,55,,210356,10,0,38,1,15,,210357,10,0,38,1,12,,210358,10,0,38,1,15,,210359,10,0,38,1,55,,210360,10,0,38,1,15,,210361,10,0,38,1,15,,210362,10,0,38,1,15,,210363,10,0,38,1,55,,210364,10,0,38,1,15,,210365,10,0,38,1,15,,210366,10,0,38,1,15,,210367,10,0,38,1,55,,210368,10,0,38,1,15,,210369,10,0,38,1,15,,210370,10,0,38,1,15,,210371,10,0,38,1,59,,210372,10,0,38,1,20,,210373,10,0,38,1,20,,210374,10,0,38,1,60,,210375,10,0,38,1,20,,210376,10,0,38,1,20,,210377,10,0,38,1,65,,210378,10,0,38,1,27,,210379,10,0,28 39 40,1,69,,210380,10,0,28 39 40,1,31,,210381,10,0,28 39 40,1,69,,210382,10,0,28 39 40,1,31,,210383,10,0,28 39 40,1
901,'009-Weekday-3-26-09-1111100',456,,253395,10,0,38,1,55,,253396,10,0,38,1,15,,253397,10,0,38,1,15,,253398,10,0,38,1,15,,253399,10,0,38,1,55,,253394,10,0,38,1,15,,253400,10,0,38,1,16,,253401,10,0,38,1,16,,253402,10,0,38,1,55,,253403,10,0,38,1,7,,253498,10,0,31,1,8,,253404,10,0,38,1,7,,253499,10,0,31,1,8,,253405,10,0,38,1,7,,253500,10,0,31,1,8,,253406,10,0,38,1,47,,253501,10,0,31,1,8,,253407,10,0,38,1,7,,253502,10,0,31,1,8,,253408,10,0,38,1,7,,253497,10,0,31,1,8,,253409,10,0,38,1,7,,253503,10,0,31,1,8,,253410,10,0,38,1,47,,253504,10,0,31,1,7,,253411,10,0,38,1,8,,253505,10,0,31,1,7,,253412,10,0,38,1,8,,253506,10,0,31,1,7,,253413,10,0,38,1,8,,253507,10,0,31,1,7,,253414,10,0,38,1,48,,253508,10,0,31,1,7,,253415,10,0,38,1,8,,253509,10,0,31,1,7,,253416,10,0,38,1,8,,253510,10,0,31,1,7,,253417,10,0,38,1,8,,253511,10,0,31,1,7,,253418,10,0,38,1,48,,253512,10,0,31,1,7,,253419,10,0,38,1,8,,253513,10,0,31,1,7,,253420,10,0,38,1,8,,253514,10,0,31,1,7,,253421,10,0,38,1,8,,253515,10,0,31,1,7,,253422,10,0,38,1,48,,253516,10,0,31,1,7,,253423,10,0,38,1,8,,253424,10,0,31,1,8,,253425,10,0,38,1,7,,253426,10,0,31,1,8,,253427,10,0,38,1,7,,253428,10,0,31,1,8,,253429,10,0,38,1,47,,253430,10,0,31,1,8,,253431,10,0,38,1,7,,253432,10,0,31,1,8,,253433,10,0,38,1,7,,253434,10,0,31,1,8,,253435,10,0,38,1,7,,253436,10,0,31,1,8,,253437,10,0,38,1,47,,253438,10,0,31,1,8,,253439,10,0,38,1,7,,253440,10,0,31,1,8,,253441,10,0,38,1,7,,253442,10,0,31,1,8,,253443,10,0,38,1,7,,253444,10,0,31,1,8,,253445,10,0,38,1,48,,253446,10,0,31,1,8,,253447,10,0,38,1,7,,253448,10,0,31,1,8,,253449,10,0,38,1,7,,253450,10,0,31,1,8,,253451,10,0,38,1,7,,253452,10,0,31,1,8,,253453,10,0,38,1,47,,253454,10,0,31,1,8,,253455,10,0,38,1,7,,253456,10,0,31,1,8,,253457,10,0,38,1,7,,253458,10,0,31,1,8,,253459,10,0,38,1,7,,253460,10,0,31,1,8,,253461,10,0,38,1,47,,253462,10,0,31,1,8,,253463,10,0,38,1,7,,253495,10,0,31,1,8,,253464,10,0,38,1,7,,253496,10,0,31,1,8,,253465,10,0,38,1,15,,253466,10,0,38,1,55,,253467,10,0,38,1,15,,253468,10,0,38,1,12,,253469,10,0,38,1,15,,253470,10,0,38,1,55,,253471,10,0,38,1,15,,253472,10,0,38,1,15,,253473,10,0,38,1,15,,253474,10,0,38,1,55,,253475,10,0,38,1,15,,253476,10,0,38,1,15,,253477,10,0,38,1,15,,253478,10,0,38,1,55,,253479,10,0,38,1,15,,253480,10,0,38,1,15,,253481,10,0,38,1,15,,253482,10,0,38,1,59,,253483,10,0,38,1,20,,253484,10,0,38,1,20,,253485,10,0,38,1,60,,253486,10,0,38,1,20,,253487,10,0,38,1,20,,253488,10,0,38,1,65,,253489,10,0,38,1,27,,253490,10,0,28 39 40,1,69,,253491,10,0,28 39 40,1,31,,253492,10,0,28 39 40,1,69,,253493,10,0,28 39 40,1,31,,253494,10,0,28 39 40,1
901,'009-Weekday-4-26-09-1111100',456,,210408,10,0,38,1,55,,210409,10,0,38,1,15,,210410,10,0,38,1,15,,210411,10,0,38,1,15,,210412,10,0,38,1,55,,210407,10,0,38,1,15,,210413,10,0,38,1,16,,210414,10,0,38,1,16,,210415,10,0,38,1,55,,210416,10,0,38,1,7,,210511,10,0,31,1,8,,210417,10,0,38,1,7,,210512,10,0,31,1,8,,210418,10,0,38,1,7,,210513,10,0,31,1,8,,210419,10,0,38,1,47,,210514,10,0,31,1,8,,210420,10,0,38,1,7,,210515,10,0,31,1,8,,210421,10,0,38,1,7,,210510,10,0,31,1,8,,210422,10,0,38,1,7,,210516,10,0,31,1,8,,210423,10,0,38,1,47,,210517,10,0,31,1,7,,210424,10,0,38,1,8,,210518,10,0,31,1,7,,210425,10,0,38,1,8,,210519,10,0,31,1,7,,210426,10,0,38,1,8,,210520,10,0,31,1,7,,210427,10,0,38,1,48,,210521,10,0,31,1,7,,210428,10,0,38,1,8,,210522,10,0,31,1,7,,210429,10,0,38,1,8,,210523,10,0,31,1,7,,210430,10,0,38,1,8,,210524,10,0,31,1,7,,210431,10,0,38,1,48,,210525,10,0,31,1,7,,210432,10,0,38,1,8,,210526,10,0,31,1,7,,210433,10,0,38,1,8,,210527,10,0,31,1,7,,210434,10,0,38,1,8,,210528,10,0,31,1,7,,210435,10,0,38,1,48,,210529,10,0,31,1,7,,210436,10,0,38,1,8,,210437,10,0,31,1,8,,210438,10,0,38,1,7,,210439,10,0,31,1,8,,210440,10,0,38,1,7,,210441,10,0,31,1,8,,210442,10,0,38,1,47,,210443,10,0,31,1,8,,210444,10,0,38,1,7,,210445,10,0,31,1,8,,210446,10,0,38,1,7,,210447,10,0,31,1,8,,210448,10,0,38,1,7,,210449,10,0,31,1,8,,210450,10,0,38,1,47,,210451,10,0,31,1,8,,210452,10,0,38,1,7,,210453,10,0,31,1,8,,210454,10,0,38,1,7,,210455,10,0,31,1,8,,210456,10,0,38,1,7,,210457,10,0,31,1,8,,210458,10,0,38,1,48,,210459,10,0,31,1,8,,210460,10,0,38,1,7,,210461,10,0,31,1,8,,210462,10,0,38,1,7,,210463,10,0,31,1,8,,210464,10,0,38,1,7,,210465,10,0,31,1,8,,210466,10,0,38,1,47,,210467,10,0,31,1,8,,210468,10,0,38,1,7,,210469,10,0,31,1,8,,210470,10,0,38,1,7,,210471,10,0,31,1,8,,210472,10,0,38,1,7,,210473,10,0,31,1,8,,210474,10,0,38,1,47,,210475,10,0,31,1,8,,210476,10,0,38,1,7,,210508,10,0,31,1,8,,210477,10,0,38,1,7,,210509,10,0,31,1,8,,210478,10,0,38,1,15,,210479,10,0,38,1,55,,210480,10,0,38,1,15,,210481,10,0,38,1,12,,210482,10,0,38,1,15,,210483,10,0,38,1,55,,210484,10,0,38,1,15,,210485,10,0,38,1,15,,210486,10,0,38,1,15,,210487,10,0,38,1,55,,210488,10,0,38,1,15,,210489,10,0,38,1,15,,210490,10,0,38,1,15,,210491,10,0,38,1,55,,210492,10,0,38,1,15,,210493,10,0,38,1,15,,210494,10,0,38,1,15,,210495,10,0,38,1,59,,210496,10,0,38,1,20,,210497,10,0,38,1,20,,210498,10,0,38,1,60,,210499,10,0,38,1,20,,210500,10,0,38,1,20,,210501,10,0,38,1,65,,210502,10,0,38,1,27,,210503,10,0,28 39 40,1,69,,210504,10,0,28 39 40,1,31,,210505,10,0,28 39 40,1,69,,210506,10,0,28 39 40,1,31,,210507,10,0,28 39 40,1
901,'009-Weekday-5-26-09-1111100',456,,253518,10,0,38,1,55,,253519,10,0,38,1,15,,253520,10,0,38,1,15,,253521,10,0,38,1,15,,253522,10,0,38,1,55,,253517,10,0,38,1,15,,253523,10,0,38,1,16,,253524,10,0,38,1,16,,253525,10,0,38,1,55,,253526,10,0,38,1,7,,253621,10,0,31,1,8,,253527,10,0,38,1,7,,253622,10,0,31,1,8,,253528,10,0,38,1,7,,253623,10,0,31,1,8,,253529,10,0,38,1,47,,253624,10,0,31,1,8,,253530,10,0,38,1,7,,253625,10,0,31,1,8,,253531,10,0,38,1,7,,253620,10,0,31,1,8,,253532,10,0,38,1,7,,253626,10,0,31,1,8,,253533,10,0,38,1,47,,253627,10,0,31,1,7,,253534,10,0,38,1,8,,253628,10,0,31,1,7,,253535,10,0,38,1,8,,253629,10,0,31,1,7,,253536,10,0,38,1,8,,253630,10,0,31,1,7,,253537,10,0,38,1,48,,253631,10,0,31,1,7,,253538,10,0,38,1,8,,253632,10,0,31,1,7,,253539,10,0,38,1,8,,253633,10,0,31,1,7,,253540,10,0,38,1,8,,253634,10,0,31,1,7,,253541,10,0,38,1,48,,253635,10,0,31,1,7,,253542,10,0,38,1,8,,253636,10,0,31,1,7,,253543,10,0,38,1,8,,253637,10,0,31,1,7,,253544,10,0,38,1,8,,253638,10,0,31,1,7,,253545,10,0,38,1,48,,253639,10,0,31,1,7,,253546,10,0,38,1,8,,253547,10,0,31,1,8,,253548,10,0,38,1,7,,253549,10,0,31,1,8,,253550,10,0,38,1,7,,253551,10,0,31,1,8,,253552,10,0,38,1,47,,253553,10,0,31,1,8,,253554,10,0,38,1,7,,253555,10,0,31,1,8,,253556,10,0,38,1,7,,253557,10,0,31,1,8,,253558,10,0,38,1,7,,253559,10,0,31,1,8,,253560,10,0,38,1,47,,253561,10,0,31,1,8,,253562,10,0,38,1,7,,253563,10,0,31,1,8,,253564,10,0,38,1,7,,253565,10,0,31,1,8,,253566,10,0,38,1,7,,253567,10,0,31,1,8,,253568,10,0,38,1,48,,253569,10,0,31,1,8,,253570,10,0,38,1,7,,253571,10,0,31,1,8,,253572,10,0,38,1,7,,253573,10,0,31,1,8,,253574,10,0,38,1,7,,253575,10,0,31,1,8,,253576,10,0,38,1,47,,253577,10,0,31,1,8,,253578,10,0,38,1,7,,253579,10,0,31,1,8,,253580,10,0,38,1,7,,253581,10,0,31,1,8,,253582,10,0,38,1,7,,253583,10,0,31,1,8,,253584,10,0,38,1,47,,253585,10,0,31,1,8,,253586,10,0,38,1,7,,253618,10,0,31,1,8,,253587,10,0,38,1,7,,253619,10,0,31,1,8,,253588,10,0,38,1,15,,253589,10,0,38,1,55,,253590,10,0,38,1,15,,253591,10,0,38,1,12,,253592,10,0,38,1,15,,253593,10,0,38,1,55,,253594,10,0,38,1,15,,253595,10,0,38,1,15,,253596,10,0,38,1,15,,253597,10,0,38,1,55,,253598,10,0,38,1,15,,253599,10,0,38,1,15,,253600,10,0,38,1,15,,253601,10,0,38,1,55,,253602,10,0,38,1,15,,253603,10,0,38,1,15,,253604,10,0,38,1,15,,253605,10,0,38,1,59,,253606,10,0,38,1,20,,253607,10,0,38,1,20,,253608,10,0,38,1,60,,253609,10,0,38,1,20,,253610,10,0,38,1,20,,253611,10,0,38,1,65,,253612,10,0,38,1,27,,253613,10,0,28 39 40,1,69,,253614,10,0,28 39 40,1,31,,253615,10,0,28 39 40,1,69,,253616,10,0,28 39 40,1,31,,253617,10,0,28 39 40,1
901,'009-Weekday-6-26-09-1111100',456,,253641,10,0,38,1,55,,253642,10,0,38,1,15,,253643,10,0,38,1,15,,253644,10,0,38,1,15,,253645,10,0,38,1,55,,253640,10,0,38,1,15,,253646,10,0,38,1,16,,253647,10,0,38,1,16,,253648,10,0,38,1,55,,253649,10,0,38,1,7,,253744,10,0,31,1,8,,253650,10,0,38,1,7,,253745,10,0,31,1,8,,253651,10,0,38,1,7,,253746,10,0,31,1,8,,253652,10,0,38,1,47,,253747,10,0,31,1,5,,253763,10,0,31,1,3,,253653,10,0,38,1,7,,253748,10,0,31,1,8,,253654,10,0,38,1,7,,253743,10,0,31,1,8,,253655,10,0,38,1,7,,253749,10,0,31,1,8,,253656,10,0,38,1,47,,253750,10,0,31,1,7,,253657,10,0,38,1,8,,253751,10,0,31,1,7,,253658,10,0,38,1,8,,253752,10,0,31,1,7,,253659,10,0,38,1,8,,253753,10,0,31,1,7,,253660,10,0,38,1,48,,253754,10,0,31,1,7,,253661,10,0,38,1,8,,253755,10,0,31,1,7,,253662,10,0,38,1,8,,253756,10,0,31,1,7,,253663,10,0,38,1,8,,253757,10,0,31,1,7,,253664,10,0,38,1,48,,253758,10,0,31,1,7,,253665,10,0,38,1,8,,253759,10,0,31,1,7,,253666,10,0,38,1,8,,253760,10,0,31,1,7,,253667,10,0,38,1,8,,253761,10,0,31,1,7,,253668,10,0,38,1,48,,253762,10,0,31,1,7,,253669,10,0,38,1,8,,253670,10,0,31,1,8,,253671,10,0,38,1,7,,253672,10,0,31,1,8,,253673,10,0,38,1,7,,253674,10,0,31,1,8,,253675,10,0,38,1,47,,253676,10,0,31,1,8,,253677,10,0,38,1,7,,253678,10,0,31,1,8,,253679,10,0,38,1,7,,253680,10,0,31,1,8,,253681,10,0,38,1,7,,253682,10,0,31,1,8,,253683,10,0,38,1,47,,253684,10,0,31,1,8,,253685,10,0,38,1,7,,253686,10,0,31,1,8,,253687,10,0,38,1,7,,253688,10,0,31,1,8,,253689,10,0,38,1,7,,253690,10,0,31,1,8,,253691,10,0,38,1,48,,253692,10,0,31,1,8,,253693,10,0,38,1,7,,253694,10,0,31,1,8,,253695,10,0,38,1,7,,253696,10,0,31,1,8,,253697,10,0,38,1,7,,253698,10,0,31,1,8,,253699,10,0,38,1,47,,253700,10,0,31,1,8,,253701,10,0,38,1,7,,253702,10,0,31,1,8,,253703,10,0,38,1,7,,253704,10,0,31,1,8,,253705,10,0,38,1,7,,253706,10,0,31,1,8,,253707,10,0,38,1,47,,253708,10,0,31,1,8,,253709,10,0,38,1,7,,253741,10,0,31,1,8,,253710,10,0,38,1,7,,253742,10,0,31,1,8,,253711,10,0,38,1,15,,253712,10,0,38,1,55,,253713,10,0,38,1,15,,253714,10,0,38,1,12,,253715,10,0,38,1,15,,253716,10,0,38,1,55,,253717,10,0,38,1,15,,253718,10,0,38,1,15,,253719,10,0,38,1,15,,253720,10,0,38,1,55,,253721,10,0,38,1,15,,253722,10,0,38,1,15,,253723,10,0,38,1,15,,253724,10,0,38,1,55,,253725,10,0,38,1,15,,253726,10,0,38,1,15,,253727,10,0,38,1,15,,253728,10,0,38,1,59,,253729,10,0,38,1,20,,253730,10,0,38,1,20,,253731,10,0,38,1,60,,253732,10,0,38,1,20,,253733,10,0,38,1,20,,253734,10,0,38,1,65,,253735,10,0,38,1,27,,253736,10,0,28 39 40,1,69,,253737,10,0,28 39 40,1,31,,253738,10,0,28 39 40,1,69,,253739,10,0,28 39 40,1,31,,253740,10,0,28 39 40,1
901,'009-Weekday-7-26-09-1111100',456,,253765,10,0,38,1,55,,253766,10,0,38,1,15,,253767,10,0,38,1,15,,253768,10,0,38,1,15,,253769,10,0,38,1,55,,253764,10,0,38,1,15,,253770,10,0,38,1,16,,253771,10,0,38,1,16,,253772,10,0,38,1,55,,253773,10,0,38,1,7,,253868,10,0,31,1,8,,253774,10,0,38,1,7,,253869,10,0,31,1,8,,253775,10,0,38,1,7,,253870,10,0,31,1,8,,253776,10,0,38,1,47,,253871,10,0,31,1,8,,253777,10,0,38,1,7,,253872,10,0,31,1,8,,253778,10,0,38,1,7,,253867,10,0,31,1,8,,253779,10,0,38,1,7,,253873,10,0,31,1,8,,253780,10,0,38,1,47,,253874,10,0,31,1,7,,253781,10,0,38,1,8,,253875,10,0,31,1,7,,253782,10,0,38,1,8,,253876,10,0,31,1,7,,253783,10,0,38,1,8,,253877,10,0,31,1,7,,253784,10,0,38,1,48,,253878,10,0,31,1,7,,253785,10,0,38,1,8,,253879,10,0,31,1,7,,253786,10,0,38,1,8,,253880,10,0,31,1,7,,253787,10,0,38,1,8,,253881,10,0,31,1,7,,253788,10,0,38,1,48,,253882,10,0,31,1,7,,253789,10,0,38,1,8,,253883,10,0,31,1,7,,253790,10,0,38,1,8,,253884,10,0,31,1,7,,253791,10,0,38,1,8,,253885,10,0,31,1,7,,253792,10,0,38,1,48,,253886,10,0,31,1,7,,253793,10,0,38,1,8,,253794,10,0,31,1,8,,253795,10,0,38,1,7,,253796,10,0,31,1,8,,253797,10,0,38,1,7,,253798,10,0,31,1,8,,253799,10,0,38,1,47,,253800,10,0,31,1,8,,253801,10,0,38,1,7,,253802,10,0,31,1,8,,253803,10,0,38,1,7,,253804,10,0,31,1,8,,253805,10,0,38,1,7,,253806,10,0,31,1,8,,253807,10,0,38,1,47,,253808,10,0,31,1,8,,253809,10,0,38,1,7,,253810,10,0,31,1,8,,253811,10,0,38,1,7,,253812,10,0,31,1,8,,253813,10,0,38,1,7,,253814,10,0,31,1,8,,253815,10,0,38,1,48,,253816,10,0,31,1,8,,253817,10,0,38,1,7,,253818,10,0,31,1,8,,253819,10,0,38,1,7,,253820,10,0,31,1,8,,253821,10,0,38,1,7,,253822,10,0,31,1,8,,253823,10,0,38,1,47,,253824,10,0,31,1,8,,253825,10,0,38,1,7,,253826,10,0,31,1,8,,253827,10,0,38,1,7,,253828,10,0,31,1,8,,253829,10,0,38,1,7,,253830,10,0,31,1,8,,253831,10,0,38,1,47,,253832,10,0,31,1,8,,253833,10,0,38,1,7,,253865,10,0,31,1,8,,253834,10,0,38,1,7,,253866,10,0,31,1,8,,253835,10,0,38,1,15,,253836,10,0,38,1,55,,253837,10,0,38,1,15,,253838,10,0,38,1,12,,253839,10,0,38,1,15,,253840,10,0,38,1,55,,253841,10,0,38,1,15,,253842,10,0,38,1,15,,253843,10,0,38,1,15,,253844,10,0,38,1,55,,253845,10,0,38,1,15,,253846,10,0,38,1,15,,253847,10,0,38,1,15,,253848,10,0,38,1,55,,253849,10,0,38,1,15,,253850,10,0,38,1,15,,253851,10,0,38,1,15,,253852,10,0,38,1,59,,253853,10,0,38,1,20,,253854,10,0,38,1,20,,253855,10,0,38,1,60,,253856,10,0,38,1,20,,253857,10,0,38,1,20,,253858,10,0,38,1,65,,253859,10,0,38,1,27,,253860,10,0,28 39 40,1,69,,253861,10,0,28 39 40,1,31,,253862,10,0,28 39 40,1,69,,253863,10,0,28 39 40,1,31,,253864,10,0,28 39 40,1
901,'009-Saturday-1-26-09-0000010',519,,210606,10,0,38,1,20,,210530,10,0,38,1,20,,210531,10,0,38,1,60,,210532,10,0,38,1,20,,210533,10,0,38,1,20,,210534,10,0,38,1,60,,210535,10,0,38,1,20,,210536,10,0,38,1,20,,210537,10,0,38,1,55,,210605,10,0,38,1,15,,210604,10,0,38,1,15,,210603,10,0,38,1,56,,210602,10,0,38,1,17,,210538,10,0,38,1,15,,210539,10,0,38,1,15,,210540,10,0,38,1,55,,210541,10,0,38,1,15,,210542,10,0,38,1,15,,210543,10,0,38,1,15,,210544,10,0,38,1,55,,210545,10,0,38,1,15,,210546,10,0,38,1,15,,210547,10,0,38,1,15,,210548,10,0,38,1,55,,210549,10,0,38,1,15,,210550,10,0,38,1,15,,210551,10,0,38,1,15,,210552,10,0,38,1,55,,210553,10,0,38,1,15,,210554,10,0,38,1,15,,210555,10,0,38,1,15,,210556,10,0,38,1,55,,210557,10,0,38,1,15,,210558,10,0,38,1,15,,210559,10,0,38,1,15,,210560,10,0,38,1,55,,210561,10,0,38,1,15,,210562,10,0,38,1,15,,210563,10,0,38,1,15,,210564,10,0,38,1,55,,210565,10,0,38,1,15,,210566,10,0,38,1,15,,210567,10,0,38,1,15,,210568,10,0,38,1,54,,210569,10,0,38,1,15,,210570,10,0,38,1,15,,210571,10,0,38,1,15,,210572,10,0,38,1,55,,210573,10,0,38,1,15,,210574,10,0,38,1,15,,210575,10,0,38,1,15,,210576,10,0,38,1,55,,210577,10,0,38,1,15,,210578,10,0,38,1,15,,210579,10,0,38,1,15,,210580,10,0,38,1,55,,210581,10,0,38,1,15,,210582,10,0,38,1,15,,210583,10,0,38,1,15,,210585,10,0,38,1,55,,210586,10,0,38,1,15,,210587,10,0,38,1,15,,210584,10,0,38,1,15,,210588,10,0,38,1,55,,210589,10,0,38,1,15,,210590,10,0,38,1,20,,210591,10,0,38,1,20,,210592,10,0,38,1,60,,210593,10,0,38,1,20,,210594,10,0,38,1,20,,210595,10,0,38,1,61,,210596,10,0,38,1,30,,210597,10,0,28 39 40,1,70,,210598,10,0,28 39 40,1,30,,210599,10,0,28 39 40,1,70,,210600,10,0,28 39 40,1,30,,210601,10,0,28 39 40,1
901,'009-Sunday-1-26-09-0000001',526,,210673,10,0,38,1,20,,210607,10,0,38,1,60,,210608,10,0,38,1,20,,210609,10,0,38,1,20,,210610,10,0,38,1,60,,210611,10,0,38,1,20,,210612,10,0,38,1,20,,210681,10,0,38,1,60,,210682,10,0,38,1,20,,210680,10,0,38,1,15,,210679,10,0,38,1,15,,210678,10,0,38,1,56,,210677,10,0,38,1,15,,210676,10,0,38,1,15,,210675,10,0,38,1,15,,210674,10,0,38,1,54,,210613,10,0,38,1,15,,210614,10,0,38,1,15,,210615,10,0,38,1,15,,210616,10,0,38,1,55,,210617,10,0,38,1,15,,210618,10,0,38,1,15,,210619,10,0,38,1,15,,210620,10,0,38,1,55,,210621,10,0,38,1,15,,210622,10,0,38,1,15,,210623,10,0,38,1,15,,210624,10,0,38,1,55,,210625,10,0,38,1,15,,210626,10,0,38,1,15,,210627,10,0,38,1,15,,210628,10,0,38,1,55,,210629,10,0,38,1,15,,210630,10,0,38,1,15,,210631,10,0,38,1,15,,210632,10,0,38,1,55,,210633,10,0,38,1,15,,210634,10,0,38,1,15,,210635,10,0,38,1,15,,210636,10,0,38,1,55,,210637,10,0,38,1,15,,210638,10,0,38,1,15,,210639,10,0,38,1,15,,210640,10,0,38,1,54,,210641,10,0,38,1,16,,210642,10,0,38,1,15,,210643,10,0,38,1,15,,210644,10,0,38,1,55,,210646,10,0,38,1,15,,210647,10,0,38,1,15,,210648,10,0,38,1,15,,210645,10,0,38,1,55,,210649,10,0,38,1,15,,210650,10,0,38,1,15,,210651,10,0,38,1,15,,210652,10,0,38,1,55,,210653,10,0,38,1,15,,210654,10,0,38,1,15,,210655,10,0,38,1,15,,210656,10,0,38,1,55,,210657,10,0,38,1,15,,210658,10,0,38,1,15,,210659,10,0,38,1,15,,210660,10,0,38,1,55,,210661,10,0,38,1,20,,210662,10,0,38,1,20,,210663,10,0,38,1,60,,210664,10,0,38,1,20,,210665,10,0,38,1,20,,210666,10,0,38,1,66,,210667,10,0,38,1,30,,210668,10,0,28 39 40,1,70,,210669,10,0,28 39 40,1,30,,210670,10,0,28 39 40,1,70,,210671,10,0,28 39 40,1,30,,210672,10,0,28 39 40,1
10301,'103-Weekday-1-26-09-1110100',1548,,214722,36,,,1
10301,'103-Weekday-1-26-09-1111100',605,,214723,53,,,1,32,,214724,53,,,1,18,,214725,36,,,1,55,,214760,53,,,1,15,,214726,36,,,1,15,,214761,53,,,1,15,,214727,36,,,1,55,,214762,53,,,1,15,,214728,36,,,1,15,,214763,53,,,1,15,,214729,36,,,1,49,,214766,53,,,1,23,,214730,53,,,1,19,,214731,53,,,1,60,,214732,53,,,1,20,,214733,53,,,1,20,,214767,53,,,1,60,,214734,53,,,1,20,,214735,53,,,1,20,,214768,53,,,1,60,,214736,53,,,1,20,,214737,53,,,1,20,,214769,53,,,1,60,,214738,53,,,1,20,,214739,53,,,1,20,,214770,53,,,1,60,,214740,53,,,1,20,,214741,53,,,1,20,,214771,53,,,1,61,,214742,53,,,1,24,,214764,53,,,1,24,,214759,53,,,1,70,,214758,53,,,1,30,,214757,53,,,1,70,,214756,53,,,1,30,,214755,53,,,1,70,,214765,53,,,1,25,,214743,53,,,1,69,,214744,53,,,1,30,,214745,53,,,1,70,,214746,53,,,1,30,,214747,53,,,1,70,,214748,53,,,1,30,,214749,53,,,1,68,,214750,53,,,1,29,,214751,53,,,1,73,,214752,53,,,1,30,,214753,53,,,1,70,,214754,53,,,1
10301,'103-Weekday-2-26-09-1111100',605,,214773,53,,,1,32,,214774,53,,,1,18,,214775,36,,,1,55,,214810,53,,,1,15,,214776,36,,,1,15,,214811,53,,,1,15,,214777,36,,,1,55,,214812,53,,,1,15,,214778,36,,,1,15,,214813,53,,,1,15,,214779,36,,,1,49,,214816,53,,,1,23,,214780,53,,,1,19,,214781,53,,,1,60,,214782,53,,,1,20,,214783,53,,,1,20,,214817,53,,,1,60,,214784,53,,,1,20,,214785,53,,,1,20,,214818,53,,,1,60,,214786,53,,,1,20,,214787,53,,,1,20,,214819,53,,,1,60,,214788,53,,,1,20,,214789,53,,,1,20,,214820,53,,,1,60,,214790,53,,,1,20,,214791,53,,,1,20,,214821,53,,,1,61,,214792,53,,,1,24,,214814,53,,,1,24,,214809,53,,,1,70,,214808,53,,,1,30,,214807,53,,,1,70,,214806,53,,,1,30,,214805,53,,,1,70,,214815,53,,,1,25,,214793,53,,,1,69,,214794,53,,,1,30,,214795,53,,,1,70,,214796,53,,,1,30,,214797,53,,,1,70,,214798,53,,,1,30,,214799,53,,,1,68,,214800,53,,,1,29,,214801,53,,,1,73,,214802,53,,,1,30,,214803,53,,,1,70,,214804,53,,,1
10301,'103-Weekday-3-26-09-1110100',1548,,258305,36,,,1
10301,'103-Weekday-3-26-09-1111100',605,,258306,53,,,1,32,,258307,53,,,1,18,,258308,36,,,1,55,,258343,53,,,1,15,,258309,36,,,1,15,,258344,53,,,1,15,,258310,36,,,1,55,,258345,53,,,1,15,,258311,36,,,1,15,,258346,53,,,1,15,,258312,36,,,1,49,,258349,53,,,1,23,,258313,53,,,1,19,,258314,53,,,1,60,,258315,53,,,1,20,,258316,53,,,1,20,,258350,53,,,1,60,,258317,53,,,1,20,,258318,53,,,1,20,,258351,53,,,1,60,,258319,53,,,1,20,,258320,53,,,1,20,,258352,53,,,1,60,,258321,53,,,1,20,,258322,53,,,1,20,,258353,53,,,1,60,,258323,53,,,1,20,,258324,53,,,1,20,,258354,53,,,1,61,,258325,53,,,1,24,,258347,53,,,1,24,,258342,53,,,1,70,,258341,53,,,1,30,,258340,53,,,1,70,,258339,53,,,1,30,,258338,53,,,1,70,,258348,53,,,1,25,,258326,53,,,1,69,,258327,53,,,1,30,,258328,53,,,1,70,,258329,53,,,1,30,,258330,53,,,1,70,,258331,53,,,1,30,,258332,53,,,1,68,,258333,53,,,1,29,,258334,53,,,1,73,,258335,53,,,1,30,,258336,53,,,1,70,,258337,53,,,1
10301,'103-Weekday-4-26-09-1111100',605,,214822,53,,,1,32,,214823,53,,,1,18,,214824,36,,,1,55,,214859,53,,,1,15,,214825,36,,,1,15,,214860,53,,,1,15,,214826,36,,,1,55,,214861,53,,,1,15,,214827,36,,,1,15,,214862,53,,,1,15,,214828,36,,,1,49,,214865,53,,,1,23,,214829,53,,,1,19,,214830,53,,,1,60,,214831,53,,,1,20,,214832,53,,,1,20,,214866,53,,,1,60,,214833,53,,,1,20,,214834,53,,,1,20,,214867,53,,,1,60,,214835,53,,,1,20,,214836,53,,,1,20,,214868,53,,,1,60,,214837,53,,,1,20,,214838,53,,,1,20,,214869,53,,,1,60,,214839,53,,,1,20,,214840,53,,,1,20,,214870,53,,,1,61,,214841,53,,,1,24,,214863,53,,,1,24,,214858,53,,,1,70,,214857,53,,,1,30,,214856,53,,,1,70,,214855,53,,,1,30,,214854,53,,,1,70,,214864,53,,,1,25,,214842,53,,,1,69,,214843,53,,,1,30,,214844,53,,,1,70,,214845,53,,,1,30,,214846,53,,,1,70,,214847,53,,,1,30,,214848,53,,,1,68,,214849,53,,,1,29,,214850,53,,,1,73,,214851,53,,,1,30,,214852,53,,,1,70,,214853,53,,,1
10301,'103-Weekday-5-26-09-1111100',605,,258356,53,,,1,32,,258357,53,,,1,18,,258358,36,,,1,55,,258393,53,,,1,15,,258359,36,,,1,15,,258394,53,,,1,15,,258360,36,,,1,55,,258395,53,,,1,15,,258361,36,,,1,15,,258396,53,,,1,15,,258362,36,,,1,49,,258399,53,,,1,23,,258363,53,,,1,19,,258364,53,,,1,60,,258365,53,,,1,20,,258366,53,,,1,20,,258400,53,,,1,60,,258367,53,,,1,20,,258368,53,,,1,20,,258401,53,,,1,60,,258369,53,,,1,20,,258370,53,,,1,20,,258402,53,,,1,60,,258371,53,,,1,20,,258372,53,,,1,20,,258403,53,,,1,60,,258373,53,,,1,20,,258374,53,,,1,20,,258404,53,,,1,61,,258375,53,,,1,24,,258397,53,,,1,24,,258392,53,,,1,70,,258391,53,,,1,30,,258390,53,,,1,70,,258389,53,,,1,30,,258388,53,,,1,70,,258398,53,,,1,25,,258376,53,,,1,69,,258377,53,,,1,30,,258378,53,,,1,70,,258379,53,,,1,30,,258380,53,,,1,70,,258381,53,,,1,30,,258382,53,,,1,68,,258383,53,,,1,29,,258384,53,,,1,73,,258385,53,,,1,30,,258386,53,,,1,70,,258387,53,,,1
10301,'103-Weekday-6-26-09-1110100',1548,,258405,36,,,1
10301,'103-Weekday-6-26-09-1111100',605,,258406,53,,,1,32,,258407,53,,,1,18,,258408,36,,,1,55,,258443,53,,,1,15,,258409,36,,,1,15,,258444,53,,,1,15,,258410,36,,,1,55,,258445,53,,,1,15,,258411,36,,,1,15,,258446,53,,,1,15,,258412,36,,,1,49,,258449,53,,,1,23,,258413,53,,,1,19,,258414,53,,,1,60,,258415,53,,,1,20,,258416,53,,,1,20,,258450,53,,,1,60,,258417,53,,,1,20,,258418,53,,,1,20,,258451,53,,,1,60,,258419,53,,,1,20,,258420,53,,,1,20,,258452,53,,,1,60,,258421,53,,,1,20,,258422,53,,,1,20,,258453,53,,,1,60,,258423,53,,,1,20,,258424,53,,,1,20,,258454,53,,,1,61,,258425,53,,,1,24,,258447,53,,,1,24,,258442,53,,,1,70,,258441,53,,,1,30,,258440,53,,,1,70,,258439,53,,,1,30,,258438,53,,,1,70,,258448,53,,,1,25,,258426,53,,,1,69,,258427,53,,,1,30,,258428,53,,,1,70,,258429,53,,,1,30,,258430,53,,,1,70,,258431,53,,,1,30,,258432,53,,,1,68,,258433,53,,,1,29,,258434,53,,,1,73,,258435,53,,,1,30,,258436,53,,,1,70,,258437,53,,,1
10301,'103-Weekday-7-26-09-1111100',605,,258456,53,,,1,32,,258457,53,,,1,18,,258458,36,,,1,55,,258493,53,,,1,15,,258459,36,,,1,15,,258494,53,,,1,15,,258460,36,,,1,55,,258495,53,,,1,15,,258461,36,,,1,15,,258496,53,,,1,15,,258462,36,,,1,49,,258499,53,,,1,23,,258463,53,,,1,19,,258464,53,,,1,60,,258465,53,,,1,20,,258466,53,,,1,20,,258500,53,,,1,60,,258467,53,,,1,20,,258468,53,,,1,20,,258501,53,,,1,60,,258469,53,,,1,20,,258470,53,,,1,20,,258502,53,,,1,60,,258471,53,,,1,20,,258472,53,,,1,20,,258503,53,,,1,60,,258473,53,,,1,20,,258474,53,,,1,20,,258504,53,,,1,61,,258475,53,,,1,24,,258497,53,,,1,24,,258492,53,,,1,70,,258491,53,,,1,30,,258490,53,,,1,70,,258489,53,,,1,30,,258488,53,,,1,70,,258498,53,,,1,25,,258476,53,,,1,69,,258477,53,,,1,30,,258478,53,,,1,70,,258479,53,,,1,30,,258480,53,,,1,70,,258481,53,,,1,30,,258482,53,,,1,68,,258483,53,,,1,29,,258484,53,,,1,73,,258485,53,,,1,30,,258486,53,,,1,70,,258487,53,,,1
10301,'103-Saturday-1-26-09-0000010',637,,214871,53,,,1,70,,214872,53,,,1,30,,214873,53,,,1,70,,214874,53,,,1,30,,214875,53,,,1,71,,214876,53,,,1,31,,214877,53,,,1,70,,214878,53,,,1,30,,214879,53,,,1,70,,214880,53,,,1,30,,214881,53,,,1,70,,214882,53,,,1,30,,214883,53,,,1,70,,214884,53,,,1,30,,214885,53,,,1,70,,214886,53,,,1,30,,214887,53,,,1,70,,214888,53,,,1,30,,214889,53,,,1,70,,214890,53,,,1,30,,214891,53,,,1,69,,214892,53,,,1,31,,214893,53,,,1,70,,214894,53,,,1,30,,214895,53,,,1,70,,214896,53,,,1,30,,214897,53,,,1,70,,214898,53,,,1,30,,214899,53,,,1,70,,214900,53,,,1,30,,214901,53,,,1,70,,214902,53,,,1,30,,214903,53,,,1,70,,214904,53,,,1,30,,214905,53,,,1,70,,214906,53,,,1,30,,214907,53,,,1
10301,'103-Sunday-1-26-09-0000001',630,,214908,53,,,1,70,,214909,53,,,1,30,,214910,53,,,1,70,,214911,53,,,1,30,,214912,53,,,1,71,,214913,53,,,1,30,,214914,53,,,1,73,,214915,53,,,1,30,,214916,53,,,1,70,,214917,53,,,1,30,,214918,53,,,1,70,,214919,53,,,1,30,,214920,53,,,1,70,,214921,53,,,1,30,,214922,53,,,1,70,,214923,53,,,1,30,,214924,53,,,1,70,,214925,53,,,1,30,,214926,53,,,1,70,,214927,53,,,1,30,,214928,53,,,1,69,,214929,53,,,1,29,,214930,53,,,1,70,,214931,53,,,1,30,,214932,53,,,1,70,,214933,53,,,1,30,,214934,53,,,1,70,,214935,53,,,1,30,,214936,53,,,1,70,,214937,53,,,1,30,,214938,53,,,1,70,,214939,53,,,1,30,,214940,53,,,1,70,,214941,53,,,1,30,,214942,53,,,1,70,,214943,53,,,1,30,,214944,53,,,1
