91900,'919-Weekday-1-26-09-0001000',1520,,240703,7,,,1
91900,'919-Weekday-1-26-09-1111100',541,,240704,7,,,1,70,,240705,7,,,1,32,,240706,7,,,1,7,,240753,7,,,1,8,,240707,7,,,1,47,,240754,7,,,1,8,,240708,7,,,1,7,,240755,7,,,1,8,,240709,7,,,1,7,,240756,7,,,1,8,,240710,7,,,1,7,,240757,7,,,1,8,,240711,7,,,1,47,,240758,7,,,1,8,,240712,7,,,1,7,,240759,7,,,1,8,,240713,7,,,1,7,,240760,7,,,1,8,,240714,7,,,1,59,,240715,7,,,1,20,,240716,7,,,1,20,,240717,7,,,1,60,,240718,7,,,1,20,,240719,7,,,1,20,,240720,7,,,1,60,,240721,7,,,1,20,,240722,7,,,1,20,,240723,7,,,1,60,,240724,7,,,1,20,,240725,7,,,1,20,,240726,7,,,1,60,,240727,7,,,1,20,,240728,7,,,1,20,,240729,7,,,1,60,,240730,7,,,1,20,,240731,7,,,1,20,,240732,7,,,1,61,,240733,7,,,1,21,,240734,7,,,1,20,,240735,7,,,1,7,,240761,7,,,1,8,,240736,7,,,1,47,,240762,7,,,1,8,,240737,7,,,1,7,,240763,7,,,1,8,,240738,7,,,1,7,,240764,7,,,1,8,,240739,7,,,1,7,,240765,7,,,1,8,,240740,7,,,1,47,,240766,7,,,1,8,,240741,7,,,1,7,,240767,7,,,1,8,,240742,7,,,1,7,,240768,7,,,1,8,,240743,7,,,1,7,,240769,7,,,1,8,,240744,7,,,1,47,,240770,7,,,1,8,,240745,7,,,1,28,,240746,7,,,1,70,,240747,7,,,1,30,,240748,7,,,1,70,,240749,7,,,1,30,,240750,7,,,1,70,,240751,7,,,1,30,,240752,7,,,1
91900,'919-Weekday-2-26-09-1111100',541,,240771,7,,,1,70,,240772,7,,,1,32,,240773,7,,,1,7,,240820,7,,,1,8,,240774,7,,,1,47,,240821,7,,,1,8,,240775,7,,,1,7,,240822,7,,,1,8,,240776,7,,,1,7,,240823,7,,,1,8,,240777,7,,,1,7,,240824,7,,,1,8,,240778,7,,,1,47,,240825,7,,,1,8,,240779,7,,,1,7,,240826,7,,,1,8,,240780,7,,,1,7,,240827,7,,,1,8,,240781,7,,,1,59,,240782,7,,,1,20,,240783,7,,,1,20,,240784,7,,,1,60,,240785,7,,,1,20,,240786,7,,,1,20,,240787,7,,,1,60,,240788,7,,,1,20,,240789,7,,,1,20,,240790,7,,,1,60,,240791,7,,,1,20,,240792,7,,,1,20,,240793,7,,,1,60,,240794,7,,,1,20,,240795,7,,,1,20,,240796,7,,,1,60,,240797,7,,,1,20,,240798,7,,,1,20,,240799,7,,,1,61,,240800,7,,,1,21,,240801,7,,,1,20,,240802,7,,,1,7,,240828,7,,,1,8,,240803,7,,,1,47,,240829,7,,,1,8,,240804,7,,,1,7,,240830,7,,,1,8,,240805,7,,,1,7,,240831,7,,,1,8,,240806,7,,,1,7,,240832,7,,,1,8,,240807,7,,,1,47,,240833,7,,,1,8,,240808,7,,,1,7,,240834,7,,,1,8,,240809,7,,,1,7,,240835,7,,,1,8,,240810,7,,,1,7,,240836,7,,,1,8,,240811,7,,,1,47,,240837,7,,,1,8,,240812,7,,,1,28,,240813,7,,,1,70,,240814,7,,,1,30,,240815,7,,,1,70,,240816,7,,,1,30,,240817,7,,,1,70,,240818,7,,,1,30,,240819,7,,,1
91900,'919-Weekday-3-26-09-1111100',541,,283231,7,,,1,70,,283232,7,,,1,32,,283233,7,,,1,7,,283280,7,,,1,8,,283234,7,,,1,47,,283281,7,,,1,8,,283235,7,,,1,7,,283282,7,,,1,8,,283236,7,,,1,7,,283283,7,,,1,8,,283237,7,,,1,7,,283284,7,,,1,8,,283238,7,,,1,47,,283285,7,,,1,8,,283239,7,,,1,7,,283286,7,,,1,8,,283240,7,,,1,7,,283287,7,,,1,8,,283241,7,,,1,59,,283242,7,,,1,20,,283243,7,,,1,20,,283244,7,,,1,60,,283245,7,,,1,20,,283246,7,,,1,20,,283247,7,,,1,60,,283248,7,,,1,20,,283249,7,,,1,20,,283250,7,,,1,60,,283251,7,,,1,20,,283252,7,,,1,20,,283253,7,,,1,60,,283254,7,,,1,20,,283255,7,,,1,20,,283256,7,,,1,60,,283257,7,,,1,20,,283258,7,,,1,20,,283259,7,,,1,61,,283260,7,,,1,21,,283261,7,,,1,20,,283262,7,,,1,7,,283288,7,,,1,8,,283263,7,,,1,47,,283289,7,,,1,8,,283264,7,,,1,7,,283290,7,,,1,8,,283265,7,,,1,7,,283291,7,,,1,8,,283266,7,,,1,7,,283292,7,,,1,8,,283267,7,,,1,47,,283293,7,,,1,8,,283268,7,,,1,7,,283294,7,,,1,8,,283269,7,,,1,7,,283295,7,,,1,8,,283270,7,,,1,7,,283296,7,,,1,8,,283271,7,,,1,47,,283297,7,,,1,8,,283272,7,,,1,28,,283273,7,,,1,70,,283274,7,,,1,30,,283275,7,,,1,70,,283276,7,,,1,30,,283277,7,,,1,70,,283278,7,,,1,30,,283279,7,,,1
91900,'919-Weekday-4-26-09-1111100',541,,240838,7,,,1,70,,240839,7,,,1,32,,240840,7,,,1,7,,240887,7,,,1,8,,240841,7,,,1,47,,240888,7,,,1,8,,240842,7,,,1,7,,240889,7,,,1,8,,240843,7,,,1,7,,240890,7,,,1,8,,240844,7,,,1,7,,240891,7,,,1,8,,240845,7,,,1,47,,240892,7,,,1,8,,240846,7,,,1,7,,240893,7,,,1,8,,240847,7,,,1,7,,240894,7,,,1,8,,240848,7,,,1,59,,240849,7,,,1,20,,240850,7,,,1,20,,240851,7,,,1,60,,240852,7,,,1,20,,240853,7,,,1,20,,240854,7,,,1,60,,240855,7,,,1,20,,240856,7,,,1,20,,240857,7,,,1,60,,240858,7,,,1,20,,240859,7,,,1,20,,240860,7,,,1,60,,240861,7,,,1,20,,240862,7,,,1,20,,240863,7,,,1,60,,240864,7,,,1,20,,240865,7,,,1,20,,240866,7,,,1,61,,240867,7,,,1,21,,240868,7,,,1,20,,240869,7,,,1,7,,240895,7,,,1,8,,240870,7,,,1,47,,240896,7,,,1,8,,240871,7,,,1,7,,240897,7,,,1,8,,240872,7,,,1,7,,240898,7,,,1,8,,240873,7,,,1,7,,240899,7,,,1,8,,240874,7,,,1,47,,240900,7,,,1,8,,240875,7,,,1,7,,240901,7,,,1,8,,240876,7,,,1,7,,240902,7,,,1,8,,240877,7,,,1,7,,240903,7,,,1,8,,240878,7,,,1,47,,240904,7,,,1,8,,240879,7,,,1,28,,240880,7,,,1,70,,240881,7,,,1,30,,240882,7,,,1,70,,240883,7,,,1,30,,240884,7,,,1,70,,240885,7,,,1,30,,240886,7,,,1
91900,'919-Weekday-5-26-09-1111100',541,,283298,7,,,1,70,,283299,7,,,1,32,,283300,7,,,1,7,,283347,7,,,1,8,,283301,7,,,1,47,,283348,7,,,1,8,,283302,7,,,1,7,,283349,7,,,1,8,,283303,7,,,1,7,,283350,7,,,1,8,,283304,7,,,1,7,,283351,7,,,1,8,,283305,7,,,1,47,,283352,7,,,1,8,,283306,7,,,1,7,,283353,7,,,1,8,,283307,7,,,1,7,,283354,7,,,1,8,,283308,7,,,1,59,,283309,7,,,1,20,,283310,7,,,1,20,,283311,7,,,1,60,,283312,7,,,1,20,,283313,7,,,1,20,,283314,7,,,1,60,,283315,7,,,1,20,,283316,7,,,1,20,,283317,7,,,1,60,,283318,7,,,1,20,,283319,7,,,1,20,,283320,7,,,1,60,,283321,7,,,1,20,,283322,7,,,1,20,,283323,7,,,1,60,,283324,7,,,1,20,,283325,7,,,1,20,,283326,7,,,1,61,,283327,7,,,1,21,,283328,7,,,1,20,,283329,7,,,1,7,,283355,7,,,1,8,,283330,7,,,1,47,,283356,7,,,1,8,,283331,7,,,1,7,,283357,7,,,1,8,,283332,7,,,1,7,,283358,7,,,1,8,,283333,7,,,1,7,,283359,7,,,1,8,,283334,7,,,1,47,,283360,7,,,1,8,,283335,7,,,1,7,,283361,7,,,1,8,,283336,7,,,1,7,,283362,7,,,1,8,,283337,7,,,1,7,,283363,7,,,1,8,,283338,7,,,1,47,,283364,7,,,1,8,,283339,7,,,1,28,,283340,7,,,1,70,,283341,7,,,1,30,,283342,7,,,1,70,,283343,7,,,1,30,,283344,7,,,1,70,,283345,7,,,1,30,,283346,7,,,1
91900,'919-Weekday-6-26-09-1111100',541,,283365,7,,,1,70,,283366,7,,,1,32,,283367,7,,,1,7,,283414,7,,,1,8,,283368,7,,,1,47,,283415,7,,,1,8,,283369,7,,,1,7,,283416,7,,,1,8,,283370,7,,,1,7,,283417,7,,,1,8,,283371,7,,,1,7,,283418,7,,,1,8,,283372,7,,,1,47,,283419,7,,,1,8,,283373,7,,,1,7,,283420,7,,,1,8,,283374,7,,,1,7,,283421,7,,,1,8,,283375,7,,,1,59,,283376,7,,,1,20,,283377,7,,,1,20,,283378,7,,,1,60,,283379,7,,,1,20,,283380,7,,,1,20,,283381,7,,,1,60,,283382,7,,,1,20,,283383,7,,,1,20,,283384,7,,,1,60,,283385,7,,,1,20,,283386,7,,,1,20,,283387,7,,,1,60,,283388,7,,,1,20,,283389,7,,,1,20,,283390,7,,,1,60,,283391,7,,,1,20,,283392,7,,,1,20,,283393,7,,,1,61,,283394,7,,,1,21,,283395,7,,,1,20,,283396,7,,,1,7,,283422,7,,,1,8,,283397,7,,,1,47,,283423,7,,,1,8,,283398,7,,,1,7,,283424,7,,,1,8,,283399,7,,,1,7,,283425,7,,,1,8,,283400,7,,,1,7,,283426,7,,,1,8,,283401,7,,,1,47,,283427,7,,,1,8,,283402,7,,,1,7,,283428,7,,,1,8,,283403,7,,,1,7,,283429,7,,,1,8,,283404,7,,,1,7,,283430,7,,,1,8,,283405,7,,,1,47,,283431,7,,,1,8,,283406,7,,,1,28,,283407,7,,,1,70,,283408,7,,,1,30,,283409,7,,,1,70,,283410,7,,,1,30,,283411,7,,,1,70,,283412,7,,,1,30,,283413,7,,,1
91900,'919-Weekday-7-26-09-1111100',541,,283432,7,,,1,70,,283433,7,,,1,32,,283434,7,,,1,7,,283481,7,,,1,8,,283435,7,,,1,47,,283482,7,,,1,8,,283436,7,,,1,7,,283483,7,,,1,8,,283437,7,,,1,7,,283484,7,,,1,8,,283438,7,,,1,7,,283485,7,,,1,8,,283439,7,,,1,47,,283486,7,,,1,8,,283440,7,,,1,7,,283487,7,,,1,8,,283441,7,,,1,7,,283488,7,,,1,8,,283442,7,,,1,59,,283443,7,,,1,20,,283444,7,,,1,20,,283445,7,,,1,60,,283446,7,,,1,20,,283447,7,,,1,20,,283448,7,,,1,60,,283449,7,,,1,20,,283450,7,,,1,20,,283451,7,,,1,60,,283452,7,,,1,20,,283453,7,,,1,20,,283454,7,,,1,60,,283455,7,,,1,20,,283456,7,,,1,20,,283457,7,,,1,60,,283458,7,,,1,20,,283459,7,,,1,20,,283460,7,,,1,61,,283461,7,,,1,21,,283462,7,,,1,20,,283463,7,,,1,7,,283489,7,,,1,8,,283464,7,,,1,47,,283490,7,,,1,8,,283465,7,,,1,7,,283491,7,,,1,8,,283466,7,,,1,7,,283492,7,,,1,8,,283467,7,,,1,7,,283493,7,,,1,8,,283468,7,,,1,47,,283494,7,,,1,8,,283469,7,,,1,7,,283495,7,,,1,8,,283470,7,,,1,7,,283496,7,,,1,8,,283471,7,,,1,7,,283497,7,,,1,8,,283472,7,,,1,47,,283498,7,,,1,8,,283473,7,,,1,28,,283474,7,,,1,70,,283475,7,,,1,30,,283476,7,,,1,70,,283477,7,,,1,30,,283478,7,,,1,70,,283479,7,,,1,30,,283480,7,,,1
91900,'919-Saturday-1-26-09-0000010',611,,240905,7,,,1,100,,240906,7,,,1,100,,240907,7,,,1,30,,240908,7,,,1,71,,240909,7,,,1,30,,240910,7,,,1,70,,240911,7,,,1,30,,240912,7,,,1,70,,240913,7,,,1,30,,240914,7,,,1,70,,240915,7,,,1,30,,240916,7,,,1,70,,240917,7,,,1,30,,240918,7,,,1,70,,240919,7,,,1,30,,240920,7,,,1,70,,240921,7,,,1,30,,240922,7,,,1,70,,240923,7,,,1,30,,240924,7,,,1,70,,240925,7,,,1,30,,240926,7,,,1,70,,240927,7,,,1,30,,240928,7,,,1,70,,240929,7,,,1,100,,240930,7,,,1,100,,240931,7,,,1,100,,240932,7,,,1
91900,'919-Sunday-1-26-09-0000001',816,,240933,7,,,1,101,,240934,7,,,1,100,,240935,7,,,1,30,,240936,7,,,1,70,,240937,7,,,1,30,,240938,7,,,1,70,,240939,7,,,1,30,,240940,7,,,1,70,,240941,7,,,1,30,,240942,7,,,1,70,,240943,7,,,1,30,,240944,7,,,1,70,,240945,7,,,1,30,,240946,7,,,1,70,,240947,7,,,1,30,,240948,7,,,1,70,,240949,7,,,1,30,,240950,7,,,1,70,,240951,7,,,1,30,,240952,7,,,1,70,,240953,7,,,1,100,,240954,7,,,1,100,,240955,7,,,1,100,,240956,7,,,1
