10701,'107-Weekday-1-26-09-1111100',549,,216055,31,,,1,70,,216056,31,,,1,33,,216057,31,,,1,50,,216076,31,,,1,10,,216106,31,,,1,10,,216058,31,,,1,10,,216077,31,,,1,10,,216107,31,,,1,10,,216059,31,,,1,50,,216078,31,,,1,5,,216113,31,,,1,5,,216108,31,,,1,10,,216060,31,,,1,5,,216114,31,,,1,5,,216061,31,,,1,10,,216109,31,,,1,10,,216062,31,,,1,52,,216110,31,,,1,12,,216105,31,,,1,13,,216063,31,,,1,20,,216064,31,,,1,60,,216079,31,,,1,20,,216080,31,,,1,20,,216081,31,,,1,60,,216082,31,,,1,20,,216083,31,,,1,20,,216084,31,,,1,60,,216085,31,,,1,20,,216086,31,,,1,20,,216087,31,,,1,60,,216088,31,,,1,20,,216089,31,,,1,20,,216090,31,,,1,60,,216091,31,,,1,20,,216092,31,,,1,20,,216093,31,,,1,62,,216102,31,,,1,16,,216075,31,,,1,15,,216094,31,,,1,15,,216095,31,,,1,55,,216096,31,,,1,15,,216065,31,,,1,15,,216066,31,,,1,15,,216067,31,,,1,55,,216068,31,,,1,15,,216069,31,,,1,15,,216070,31,,,1,60,,216103,31,,,1,21,,216104,31,,,1,19,,216071,31,,,1,69,,216098,31,,,1,30,,216099,31,,,1,70,,216100,31,,,1,30,,216101,31,,,1,70,,216072,31,,,1,30,,216074,31,,,1,70,,216073,31,,,1,30,,216097,31,,,1,100,,216111,31,,,1,100,,216112,31,,,1
10701,'107-Weekday-2-26-09-1111100',549,,216115,31,,,1,70,,216116,31,,,1,33,,216117,31,,,1,50,,216136,31,,,1,10,,216166,31,,,1,10,,216118,31,,,1,10,,216137,31,,,1,10,,216167,31,,,1,10,,216119,31,,,1,50,,216138,31,,,1,5,,216173,31,,,1,5,,216168,31,,,1,10,,216120,31,,,1,5,,216174,31,,,1,5,,216121,31,,,1,10,,216169,31,,,1,10,,216122,31,,,1,52,,216170,31,,,1,12,,216165,31,,,1,13,,216123,31,,,1,20,,216124,31,,,1,60,,216139,31,,,1,20,,216140,31,,,1,20,,216141,31,,,1,60,,216142,31,,,1,20,,216143,31,,,1,20,,216144,31,,,1,60,,216145,31,,,1,20,,216146,31,,,1,20,,216147,31,,,1,60,,216148,31,,,1,20,,216149,31,,,1,20,,216150,31,,,1,60,,216151,31,,,1,20,,216152,31,,,1,20,,216153,31,,,1,62,,216162,31,,,1,16,,216135,31,,,1,15,,216154,31,,,1,15,,216155,31,,,1,55,,216156,31,,,1,15,,216125,31,,,1,15,,216126,31,,,1,15,,216127,31,,,1,55,,216128,31,,,1,15,,216129,31,,,1,15,,216130,31,,,1,60,,216163,31,,,1,21,,216164,31,,,1,19,,216131,31,,,1,69,,216158,31,,,1,30,,216159,31,,,1,70,,216160,31,,,1,30,,216161,31,,,1,70,,216132,31,,,1,30,,216134,31,,,1,70,,216133,31,,,1,30,,216157,31,,,1,100,,216171,31,,,1,100,,216172,31,,,1
10701,'107-Weekday-3-26-09-1111100',549,,259607,31,,,1,70,,259608,31,,,1,33,,259609,31,,,1,50,,259628,31,,,1,10,,259658,31,,,1,10,,259610,31,,,1,10,,259629,31,,,1,10,,259659,31,,,1,10,,259611,31,,,1,50,,259630,31,,,1,5,,259665,31,,,1,5,,259660,31,,,1,10,,259612,31,,,1,5,,259666,31,,,1,5,,259613,31,,,1,10,,259661,31,,,1,10,,259614,31,,,1,52,,259662,31,,,1,12,,259657,31,,,1,13,,259615,31,,,1,20,,259616,31,,,1,60,,259631,31,,,1,20,,259632,31,,,1,20,,259633,31,,,1,60,,259634,31,,,1,20,,259635,31,,,1,20,,259636,31,,,1,60,,259637,31,,,1,20,,259638,31,,,1,20,,259639,31,,,1,60,,259640,31,,,1,20,,259641,31,,,1,20,,259642,31,,,1,60,,259643,31,,,1,20,,259644,31,,,1,20,,259645,31,,,1,62,,259654,31,,,1,16,,259627,31,,,1,15,,259646,31,,,1,15,,259647,31,,,1,55,,259648,31,,,1,15,,259617,31,,,1,15,,259618,31,,,1,15,,259619,31,,,1,55,,259620,31,,,1,15,,259621,31,,,1,15,,259622,31,,,1,60,,259655,31,,,1,21,,259656,31,,,1,19,,259623,31,,,1,69,,259650,31,,,1,30,,259651,31,,,1,70,,259652,31,,,1,30,,259653,31,,,1,70,,259624,31,,,1,30,,259626,31,,,1,70,,259625,31,,,1,30,,259649,31,,,1,100,,259663,31,,,1,100,,259664,31,,,1
10701,'107-Weekday-4-26-09-1111100',549,,216175,31,,,1,70,,216176,31,,,1,33,,216177,31,,,1,50,,216196,31,,,1,10,,216226,31,,,1,10,,216178,31,,,1,10,,216197,31,,,1,10,,216227,31,,,1,10,,216179,31,,,1,50,,216198,31,,,1,10,,216228,31,,,1,10,,216180,31,,,1,10,,216181,31,,,1,10,,216229,31,,,1,10,,216182,31,,,1,52,,216230,31,,,1,12,,216225,31,,,1,13,,216183,31,,,1,20,,216184,31,,,1,60,,216199,31,,,1,20,,216200,31,,,1,20,,216201,31,,,1,60,,216202,31,,,1,20,,216203,31,,,1,20,,216204,31,,,1,60,,216205,31,,,1,20,,216206,31,,,1,20,,216207,31,,,1,60,,216208,31,,,1,20,,216209,31,,,1,20,,216210,31,,,1,60,,216211,31,,,1,20,,216212,31,,,1,20,,216213,31,,,1,62,,216222,31,,,1,16,,216195,31,,,1,15,,216214,31,,,1,15,,216215,31,,,1,55,,216216,31,,,1,15,,216185,31,,,1,15,,216186,31,,,1,15,,216187,31,,,1,55,,216188,31,,,1,15,,216189,31,,,1,15,,216190,31,,,1,60,,216223,31,,,1,21,,216224,31,,,1,19,,216191,31,,,1,69,,216218,31,,,1,30,,216219,31,,,1,70,,216220,31,,,1,30,,216221,31,,,1,70,,216192,31,,,1,30,,216194,31,,,1,70,,216193,31,,,1,30,,216217,31,,,1,100,,216231,31,,,1,100,,216232,31,,,1
10701,'107-Weekday-5-26-09-1111100',549,,259667,31,,,1,70,,259668,31,,,1,33,,259669,31,,,1,50,,259688,31,,,1,10,,259718,31,,,1,10,,259670,31,,,1,10,,259689,31,,,1,10,,259719,31,,,1,10,,259671,31,,,1,50,,259690,31,,,1,10,,259720,31,,,1,10,,259672,31,,,1,10,,259673,31,,,1,10,,259721,31,,,1,10,,259674,31,,,1,52,,259722,31,,,1,12,,259717,31,,,1,13,,259675,31,,,1,20,,259676,31,,,1,60,,259691,31,,,1,20,,259692,31,,,1,20,,259693,31,,,1,60,,259694,31,,,1,20,,259695,31,,,1,20,,259696,31,,,1,60,,259697,31,,,1,20,,259698,31,,,1,20,,259699,31,,,1,60,,259700,31,,,1,20,,259701,31,,,1,20,,259702,31,,,1,60,,259703,31,,,1,20,,259704,31,,,1,20,,259705,31,,,1,62,,259714,31,,,1,16,,259687,31,,,1,15,,259706,31,,,1,15,,259707,31,,,1,55,,259708,31,,,1,15,,259677,31,,,1,15,,259678,31,,,1,15,,259679,31,,,1,55,,259680,31,,,1,15,,259681,31,,,1,15,,259682,31,,,1,60,,259715,31,,,1,21,,259716,31,,,1,19,,259683,31,,,1,69,,259710,31,,,1,30,,259711,31,,,1,70,,259712,31,,,1,30,,259713,31,,,1,70,,259684,31,,,1,30,,259686,31,,,1,70,,259685,31,,,1,30,,259709,31,,,1,100,,259723,31,,,1,100,,259724,31,,,1
10701,'107-Weekday-6-26-09-1111100',549,,259725,31,,,1,70,,259726,31,,,1,33,,259727,31,,,1,50,,259746,31,,,1,10,,259776,31,,,1,10,,259728,31,,,1,10,,259747,31,,,1,10,,259777,31,,,1,10,,259729,31,,,1,50,,259748,31,,,1,5,,259783,31,,,1,5,,259778,31,,,1,10,,259730,31,,,1,5,,259784,31,,,1,5,,259731,31,,,1,10,,259779,31,,,1,10,,259732,31,,,1,52,,259780,31,,,1,12,,259775,31,,,1,13,,259733,31,,,1,20,,259734,31,,,1,60,,259749,31,,,1,20,,259750,31,,,1,20,,259751,31,,,1,60,,259752,31,,,1,20,,259753,31,,,1,20,,259754,31,,,1,60,,259755,31,,,1,20,,259756,31,,,1,20,,259757,31,,,1,60,,259758,31,,,1,20,,259759,31,,,1,20,,259760,31,,,1,60,,259761,31,,,1,20,,259762,31,,,1,20,,259763,31,,,1,62,,259772,31,,,1,16,,259745,31,,,1,15,,259764,31,,,1,15,,259765,31,,,1,55,,259766,31,,,1,15,,259735,31,,,1,15,,259736,31,,,1,15,,259737,31,,,1,55,,259738,31,,,1,15,,259739,31,,,1,15,,259740,31,,,1,60,,259773,31,,,1,21,,259774,31,,,1,19,,259741,31,,,1,69,,259768,31,,,1,30,,259769,31,,,1,70,,259770,31,,,1,30,,259771,31,,,1,70,,259742,31,,,1,30,,259744,31,,,1,70,,259743,31,,,1,30,,259767,31,,,1,100,,259781,31,,,1,100,,259782,31,,,1
10701,'107-Weekday-7-26-09-1111100',549,,259785,31,,,1,70,,259786,31,,,1,33,,259787,31,,,1,50,,259806,31,,,1,10,,259836,31,,,1,10,,259788,31,,,1,10,,259807,31,,,1,10,,259837,31,,,1,10,,259789,31,,,1,50,,259808,31,,,1,10,,259838,31,,,1,10,,259790,31,,,1,10,,259791,31,,,1,10,,259839,31,,,1,10,,259792,31,,,1,52,,259840,31,,,1,12,,259835,31,,,1,13,,259793,31,,,1,20,,259794,31,,,1,60,,259809,31,,,1,20,,259810,31,,,1,20,,259811,31,,,1,60,,259812,31,,,1,20,,259813,31,,,1,20,,259814,31,,,1,60,,259815,31,,,1,20,,259816,31,,,1,20,,259817,31,,,1,60,,259818,31,,,1,20,,259819,31,,,1,20,,259820,31,,,1,60,,259821,31,,,1,20,,259822,31,,,1,20,,259823,31,,,1,62,,259832,31,,,1,16,,259805,31,,,1,15,,259824,31,,,1,15,,259825,31,,,1,55,,259826,31,,,1,15,,259795,31,,,1,15,,259796,31,,,1,15,,259797,31,,,1,55,,259798,31,,,1,15,,259799,31,,,1,15,,259800,31,,,1,60,,259833,31,,,1,21,,259834,31,,,1,19,,259801,31,,,1,69,,259828,31,,,1,30,,259829,31,,,1,70,,259830,31,,,1,30,,259831,31,,,1,70,,259802,31,,,1,30,,259804,31,,,1,70,,259803,31,,,1,30,,259827,31,,,1,100,,259841,31,,,1,100,,259842,31,,,1
10701,'107-Saturday-1-26-09-0000010',612,,216256,31,,,1,100,,216257,31,,,1,100,,216258,31,,,1,30,,216259,31,,,1,70,,216233,31,,,1,31,,216236,31,,,1,70,,216237,31,,,1,30,,216238,31,,,1,70,,216239,31,,,1,30,,216240,31,,,1,70,,216241,31,,,1,30,,216242,31,,,1,70,,216243,31,,,1,30,,216244,31,,,1,70,,216245,31,,,1,30,,216246,31,,,1,70,,216247,31,,,1,30,,216248,31,,,1,70,,216249,31,,,1,30,,216250,31,,,1,71,,216234,31,,,1,28,,216235,31,,,1,70,,216251,31,,,1,30,,216260,31,,,1,70,,216261,31,,,1,30,,216262,31,,,1,70,,216263,31,,,1,100,,216252,31,,,1,100,,216253,31,,,1,100,,216254,31,,,1,100,,216255,31,,,1
10701,'107-Sunday-1-26-09-0000001',558,,216291,31,,,1,100,,216284,31,,,1,100,,216285,31,,,1,100,,216265,31,,,1,143,,216264,31,,,1,100,,216266,31,,,1,30,,216267,31,,,1,70,,216268,31,,,1,30,,216269,31,,,1,70,,216270,31,,,1,30,,216271,31,,,1,70,,216272,31,,,1,30,,216273,31,,,1,70,,216274,31,,,1,30,,216275,31,,,1,70,,216276,31,,,1,30,,216277,31,,,1,70,,216278,31,,,1,29,,216279,31,,,1,70,,216280,31,,,1,30,,216281,31,,,1,70,,216282,31,,,1,30,,216283,31,,,1,70,,216286,31,,,1,100,,216287,31,,,1,100,,216288,31,,,1,100,,216289,31,,,1,100,,216290,31,,,1
62601,'626-Weekday-1-26-09-1111100',722,,227558,18,,,1,5,,227559,18,,,1,5,,227560,18,,,1,5,,227561,18,,,1
62601,'626-Weekday-4-26-09-1111100',722,,270385,18,,,1,5,,270386,18,,,1,5,,270387,18,,,1,5,,270388,18,,,1
62601,'626-Weekday-7-26-09-1111100',722,,270389,18,,,1,5,,270390,18,,,1,5,,270391,18,,,1,5,,270392,18,,,1
62801,'628-Weekday-1-26-09-1111100',815,,227568,18,,,1
62801,'628-Weekday-3-26-09-1111100',815,,227569,18,,,1
62801,'628-Weekday-7-26-09-1111100',815,,270396,18,,,1
