10801,'108-Weekday-1-26-09-0001000',1435,,216574,33,,,1
10801,'108-Weekday-1-26-09-1110100',1531,,216575,33,,,1
10801,'108-Weekday-1-26-09-1111100',600,,216635,33,,,1,20,,216636,33,,,1,20,,216637,33,,,1,62,,216638,33,,,1,22,,216625,33,,,1,10,,216626,33,,,1,10,,216627,33,,,1,10,,216628,33,,,1,50,,216629,33,,,1,10,,216630,33,,,1,10,,216631,33,,,1,10,,216632,33,,,1,10,,216633,33,,,1,10,,216634,33,,,1,56,,216624,33,,,1,18,,216605,33,,,1,17,,216606,33,,,1,60,,216607,33,,,1,20,,216608,33,,,1,20,,216609,33,,,1,60,,216610,33,,,1,20,,216611,33,,,1,20,,216612,33,,,1,60,,216613,33,,,1,20,,216614,33,,,1,20,,216615,33,,,1,60,,216616,33,,,1,20,,216617,33,,,1,20,,216618,33,,,1,60,,216619,33,,,1,20,,216620,33,,,1,20,,216621,33,,,1,61,,216622,33,,,1,22,,216623,33,,,1,10,,216642,33,,,1,11,,216589,33,,,1,10,,216643,33,,,1,50,,216590,33,,,1,10,,216591,33,,,1,10,,216592,33,,,1,10,,216593,33,,,1,10,,216594,33,,,1,10,,216595,33,,,1,50,,216596,33,,,1,10,,216597,33,,,1,10,,216598,33,,,1,10,,216599,33,,,1,10,,216600,33,,,1,10,,216601,33,,,1,50,,216602,33,,,1,10,,216603,33,,,1,15,,216604,33,,,1,15,,216588,33,,,1,58,,216576,33,,,1,20,,216641,33,,,1,21,,216579,33,,,1,60,,216580,33,,,1,20,,216581,33,,,1,20,,216582,33,,,1,60,,216583,33,,,1,19,,216584,33,,,1,20,,216585,33,,,1,59,,216586,33,,,1,19,,216587,33,,,1,19,,216639,33,,,1,70,,216640,33,,,1,30,,216577,33,,,1,70,,216578,33,,,1
10801,'108-Weekday-2-26-09-1110100',1531,,216644,33,,,1
10801,'108-Weekday-2-26-09-1111100',600,,216704,33,,,1,20,,216705,33,,,1,20,,216706,33,,,1,62,,216707,33,,,1,22,,216694,33,,,1,10,,216695,33,,,1,10,,216696,33,,,1,10,,216697,33,,,1,50,,216698,33,,,1,10,,216699,33,,,1,10,,216700,33,,,1,10,,216701,33,,,1,10,,216702,33,,,1,10,,216703,33,,,1,56,,216693,33,,,1,18,,216674,33,,,1,17,,216675,33,,,1,60,,216676,33,,,1,20,,216677,33,,,1,20,,216678,33,,,1,60,,216679,33,,,1,20,,216680,33,,,1,20,,216681,33,,,1,60,,216682,33,,,1,20,,216683,33,,,1,20,,216684,33,,,1,60,,216685,33,,,1,20,,216686,33,,,1,20,,216687,33,,,1,60,,216688,33,,,1,20,,216689,33,,,1,20,,216690,33,,,1,61,,216691,33,,,1,22,,216692,33,,,1,10,,216711,33,,,1,11,,216658,33,,,1,10,,216712,33,,,1,50,,216659,33,,,1,10,,216660,33,,,1,10,,216661,33,,,1,10,,216662,33,,,1,10,,216663,33,,,1,10,,216664,33,,,1,50,,216665,33,,,1,10,,216666,33,,,1,10,,216667,33,,,1,10,,216668,33,,,1,10,,216669,33,,,1,10,,216670,33,,,1,50,,216671,33,,,1,10,,216672,33,,,1,15,,216673,33,,,1,15,,216657,33,,,1,58,,216645,33,,,1,20,,216710,33,,,1,21,,216648,33,,,1,60,,216649,33,,,1,20,,216650,33,,,1,20,,216651,33,,,1,60,,216652,33,,,1,19,,216653,33,,,1,20,,216654,33,,,1,59,,216655,33,,,1,19,,216656,33,,,1,19,,216708,33,,,1,70,,216709,33,,,1,30,,216646,33,,,1,70,,216647,33,,,1
10801,'108-Weekday-3-26-09-1111100',600,,260176,33,,,1,20,,260177,33,,,1,20,,260178,33,,,1,62,,260179,33,,,1,22,,260166,33,,,1,10,,260167,33,,,1,10,,260168,33,,,1,10,,260169,33,,,1,50,,260170,33,,,1,10,,260171,33,,,1,10,,260172,33,,,1,10,,260173,33,,,1,10,,260174,33,,,1,10,,260175,33,,,1,56,,260165,33,,,1,18,,260146,33,,,1,17,,260147,33,,,1,60,,260148,33,,,1,20,,260149,33,,,1,20,,260150,33,,,1,60,,260151,33,,,1,20,,260152,33,,,1,20,,260153,33,,,1,60,,260154,33,,,1,20,,260155,33,,,1,20,,260156,33,,,1,60,,260157,33,,,1,20,,260158,33,,,1,20,,260159,33,,,1,60,,260160,33,,,1,20,,260161,33,,,1,20,,260162,33,,,1,61,,260163,33,,,1,22,,260164,33,,,1,10,,260183,33,,,1,11,,260130,33,,,1,10,,260184,33,,,1,50,,260131,33,,,1,10,,260132,33,,,1,10,,260133,33,,,1,10,,260134,33,,,1,10,,260135,33,,,1,10,,260136,33,,,1,50,,260137,33,,,1,10,,260138,33,,,1,10,,260139,33,,,1,10,,260140,33,,,1,10,,260141,33,,,1,10,,260142,33,,,1,50,,260143,33,,,1,10,,260144,33,,,1,15,,260145,33,,,1,15,,260129,33,,,1,58,,260117,33,,,1,20,,260182,33,,,1,21,,260120,33,,,1,60,,260121,33,,,1,20,,260122,33,,,1,20,,260123,33,,,1,60,,260124,33,,,1,19,,260125,33,,,1,20,,260126,33,,,1,59,,260127,33,,,1,19,,260128,33,,,1,19,,260180,33,,,1,70,,260181,33,,,1,30,,260118,33,,,1,70,,260119,33,,,1
10801,'108-Weekday-4-26-09-1111100',600,,216772,33,,,1,20,,216773,33,,,1,20,,216774,33,,,1,62,,216775,33,,,1,22,,216762,33,,,1,10,,216763,33,,,1,10,,216764,33,,,1,10,,216765,33,,,1,50,,216766,33,,,1,10,,216767,33,,,1,10,,216768,33,,,1,10,,216769,33,,,1,10,,216770,33,,,1,10,,216771,33,,,1,56,,216761,33,,,1,18,,216742,33,,,1,17,,216743,33,,,1,60,,216744,33,,,1,20,,216745,33,,,1,20,,216746,33,,,1,60,,216747,33,,,1,20,,216748,33,,,1,20,,216749,33,,,1,60,,216750,33,,,1,20,,216751,33,,,1,20,,216752,33,,,1,60,,216753,33,,,1,20,,216754,33,,,1,20,,216755,33,,,1,60,,216756,33,,,1,20,,216757,33,,,1,20,,216758,33,,,1,61,,216759,33,,,1,22,,216760,33,,,1,10,,216779,33,,,1,11,,216726,33,,,1,10,,216780,33,,,1,50,,216727,33,,,1,10,,216728,33,,,1,10,,216729,33,,,1,10,,216730,33,,,1,10,,216731,33,,,1,10,,216732,33,,,1,50,,216733,33,,,1,10,,216734,33,,,1,10,,216735,33,,,1,10,,216736,33,,,1,10,,216737,33,,,1,10,,216738,33,,,1,50,,216739,33,,,1,10,,216740,33,,,1,15,,216741,33,,,1,15,,216725,33,,,1,58,,216713,33,,,1,20,,216778,33,,,1,21,,216716,33,,,1,60,,216717,33,,,1,20,,216718,33,,,1,20,,216719,33,,,1,60,,216720,33,,,1,19,,216721,33,,,1,20,,216722,33,,,1,59,,216723,33,,,1,19,,216724,33,,,1,19,,216776,33,,,1,70,,216777,33,,,1,30,,216714,33,,,1,70,,216715,33,,,1
10801,'108-Weekday-5-26-09-1111100',600,,260244,33,,,1,20,,260245,33,,,1,20,,260246,33,,,1,62,,260247,33,,,1,22,,260234,33,,,1,10,,260235,33,,,1,10,,260236,33,,,1,10,,260237,33,,,1,50,,260238,33,,,1,10,,260239,33,,,1,10,,260240,33,,,1,10,,260241,33,,,1,10,,260242,33,,,1,10,,260243,33,,,1,56,,260233,33,,,1,18,,260214,33,,,1,17,,260215,33,,,1,60,,260216,33,,,1,20,,260217,33,,,1,20,,260218,33,,,1,60,,260219,33,,,1,20,,260220,33,,,1,20,,260221,33,,,1,60,,260222,33,,,1,20,,260223,33,,,1,20,,260224,33,,,1,60,,260225,33,,,1,20,,260226,33,,,1,20,,260227,33,,,1,60,,260228,33,,,1,20,,260229,33,,,1,20,,260230,33,,,1,61,,260231,33,,,1,22,,260232,33,,,1,10,,260251,33,,,1,11,,260198,33,,,1,10,,260252,33,,,1,50,,260199,33,,,1,10,,260200,33,,,1,10,,260201,33,,,1,10,,260202,33,,,1,10,,260203,33,,,1,10,,260204,33,,,1,50,,260205,33,,,1,10,,260206,33,,,1,10,,260207,33,,,1,10,,260208,33,,,1,10,,260209,33,,,1,10,,260210,33,,,1,50,,260211,33,,,1,10,,260212,33,,,1,15,,260213,33,,,1,15,,260197,33,,,1,58,,260185,33,,,1,20,,260250,33,,,1,21,,260188,33,,,1,60,,260189,33,,,1,20,,260190,33,,,1,20,,260191,33,,,1,60,,260192,33,,,1,19,,260193,33,,,1,20,,260194,33,,,1,59,,260195,33,,,1,19,,260196,33,,,1,19,,260248,33,,,1,70,,260249,33,,,1,30,,260186,33,,,1,70,,260187,33,,,1
10801,'108-Weekday-6-26-09-1110100',1531,,260253,33,,,1
10801,'108-Weekday-6-26-09-1111100',600,,260313,33,,,1,20,,260314,33,,,1,20,,260315,33,,,1,62,,260316,33,,,1,22,,260303,33,,,1,10,,260304,33,,,1,10,,260305,33,,,1,10,,260306,33,,,1,50,,260307,33,,,1,10,,260308,33,,,1,10,,260309,33,,,1,10,,260310,33,,,1,10,,260311,33,,,1,10,,260312,33,,,1,56,,260302,33,,,1,18,,260283,33,,,1,17,,260284,33,,,1,60,,260285,33,,,1,20,,260286,33,,,1,20,,260287,33,,,1,60,,260288,33,,,1,20,,260289,33,,,1,20,,260290,33,,,1,60,,260291,33,,,1,20,,260292,33,,,1,20,,260293,33,,,1,60,,260294,33,,,1,20,,260295,33,,,1,20,,260296,33,,,1,60,,260297,33,,,1,20,,260298,33,,,1,20,,260299,33,,,1,61,,260300,33,,,1,22,,260301,33,,,1,10,,260320,33,,,1,11,,260267,33,,,1,10,,260321,33,,,1,50,,260268,33,,,1,10,,260269,33,,,1,10,,260270,33,,,1,10,,260271,33,,,1,10,,260272,33,,,1,10,,260273,33,,,1,50,,260274,33,,,1,10,,260275,33,,,1,10,,260276,33,,,1,10,,260277,33,,,1,10,,260278,33,,,1,10,,260279,33,,,1,50,,260280,33,,,1,10,,260281,33,,,1,15,,260282,33,,,1,15,,260266,33,,,1,58,,260254,33,,,1,20,,260319,33,,,1,21,,260257,33,,,1,60,,260258,33,,,1,20,,260259,33,,,1,20,,260260,33,,,1,60,,260261,33,,,1,19,,260262,33,,,1,20,,260263,33,,,1,59,,260264,33,,,1,19,,260265,33,,,1,19,,260317,33,,,1,70,,260318,33,,,1,30,,260255,33,,,1,70,,260256,33,,,1
10801,'108-Weekday-7-26-09-1111100',600,,260381,33,,,1,20,,260382,33,,,1,20,,260383,33,,,1,62,,260384,33,,,1,22,,260371,33,,,1,10,,260372,33,,,1,10,,260373,33,,,1,10,,260374,33,,,1,50,,260375,33,,,1,10,,260376,33,,,1,10,,260377,33,,,1,10,,260378,33,,,1,10,,260379,33,,,1,10,,260380,33,,,1,56,,260370,33,,,1,18,,260351,33,,,1,17,,260352,33,,,1,60,,260353,33,,,1,20,,260354,33,,,1,20,,260355,33,,,1,60,,260356,33,,,1,20,,260357,33,,,1,20,,260358,33,,,1,60,,260359,33,,,1,20,,260360,33,,,1,20,,260361,33,,,1,60,,260362,33,,,1,20,,260363,33,,,1,20,,260364,33,,,1,60,,260365,33,,,1,20,,260366,33,,,1,20,,260367,33,,,1,61,,260368,33,,,1,22,,260369,33,,,1,10,,260388,33,,,1,11,,260335,33,,,1,10,,260389,33,,,1,50,,260336,33,,,1,10,,260337,33,,,1,10,,260338,33,,,1,10,,260339,33,,,1,10,,260340,33,,,1,10,,260341,33,,,1,50,,260342,33,,,1,10,,260343,33,,,1,10,,260344,33,,,1,10,,260345,33,,,1,10,,260346,33,,,1,10,,260347,33,,,1,50,,260348,33,,,1,10,,260349,33,,,1,15,,260350,33,,,1,15,,260334,33,,,1,58,,260322,33,,,1,20,,260387,33,,,1,21,,260325,33,,,1,60,,260326,33,,,1,20,,260327,33,,,1,20,,260328,33,,,1,60,,260329,33,,,1,19,,260330,33,,,1,20,,260331,33,,,1,59,,260332,33,,,1,19,,260333,33,,,1,19,,260385,33,,,1,70,,260386,33,,,1,30,,260323,33,,,1,70,,260324,33,,,1
10801,'108-Saturday-1-26-09-0000010',553,,216781,33,,,1,70,,216782,33,,,1,30,,216783,33,,,1,70,,216784,33,,,1,30,,216785,33,,,1,70,,216786,33,,,1,30,,216787,33,,,1,70,,216788,33,,,1,30,,216789,33,,,1,70,,216790,33,,,1,30,,216791,33,,,1,70,,216792,33,,,1,30,,216793,33,,,1,70,,216794,33,,,1,30,,216795,33,,,1,70,,216796,33,,,1,30,,216797,33,,,1,70,,216798,33,,,1,30,,216799,33,,,1,70,,216800,33,,,1,30,,216801,33,,,1,70,,216802,33,,,1,30,,216803,33,,,1,70,,216804,33,,,1,30,,216805,33,,,1,70,,216806,33,,,1,30,,216807,33,,,1,70,,216817,33,,,1,30,,216808,33,,,1,70,,216809,33,,,1,30,,216810,33,,,1,70,,216811,33,,,1,30,,216812,33,,,1,70,,216813,33,,,1,30,,216814,33,,,1,70,,216815,33,,,1,30,,216816,33,,,1
10801,'108-Sunday-1-26-09-0000001',609,,216818,33,,,1,30,,216819,33,,,1,67,,216820,33,,,1,30,,216821,33,,,1,70,,216822,33,,,1,29,,216823,33,,,1,72,,216824,33,,,1,30,,216825,33,,,1,70,,216826,33,,,1,30,,216827,33,,,1,70,,216828,33,,,1,30,,216829,33,,,1,70,,216830,33,,,1,30,,216831,33,,,1,70,,216832,33,,,1,30,,216833,33,,,1,70,,216834,33,,,1,30,,216835,33,,,1,70,,216836,33,,,1,30,,216837,33,,,1,70,,216838,33,,,1,30,,216839,33,,,1,68,,216840,33,,,1,30,,216841,33,,,1,70,,216842,33,,,1,30,,216843,33,,,1,70,,216844,33,,,1,30,,216845,33,,,1,70,,216846,33,,,1,30,,216847,33,,,1,70,,216848,33,,,1,30,,216849,33,,,1,70,,216850,33,,,1,30,,216851,33,,,1,70,,216852,33,,,1,30,,216853,33,,,1,73,,216854,33,,,1
62701,'627-Weekday-1-26-09-1111100',847,,227564,31,,,1
62701,'627-Weekday-3-26-09-1111100',847,,227565,31,,,1
62701,'627-Weekday-7-26-09-1111100',847,,270394,31,,,1
