70100,'701-Weekday-1-26-09-1111100',551,,227908,19,4,,1,61,,227909,41,4,,1,33,,227910,41,4,,1,77,,227911,41,4,,1,15,,227912,41,4,,1,15,,227913,41,4,,1,55,,227914,41,4,,1,15,,227915,41,4,,1,15,,227916,41,4,,1,15,,227917,41,4,,1,56,,227918,41,4,,1,17,,227919,41,4,,1,15,,227920,19,4,,1,15,,227921,41,4,,1,55,,227922,19,4,,1,15,,227923,41,4,,1,15,,227924,19,4,,1,15,,227925,41,4,,1,55,,227926,19,4,,1,15,,227927,41,4,,1,15,,227928,19,4,,1,15,,227929,41,4,,1,55,,227930,19,4,,1,15,,227931,41,4,,1,15,,227932,19,4,,1,15,,227933,41,4,,1,55,,227934,19,4,,1,15,,227935,41,4,,1,15,,227936,19,4,,1,15,,227937,41,4,,1,55,,227938,19,4,,1,15,,227939,41,4,,1,15,,227940,19,4,,1,15,,227941,41,4,,1,53,,227942,41,4,,1,14,,227943,41,4,,1,19,,227944,41,4,,1,15,,227945,41,4,,1,56,,227946,41,4,,1,15,,227947,41,4,,1,15,,227948,41,4,,1,14,,227949,41,4,,1,56,,227950,41,4,,1,15,,227951,41,4,,1,15,,227952,41,4,,1,70,,227953,41,4,,1,26,,227954,41,4,,1,65,,227955,41,4,,1,29,,227956,41,4,,1,70,,227957,41,4,,1,30,,227958,41,4,,1,70,,227959,41,4,,1,30,,227960,41,4,,1,70,,227961,41,4,,1,26,,227962,41,4,,1,99,,227963,41,4,,1
70100,'701-Weekday-3-26-09-1111100',551,,227964,19,4,,1,61,,227965,41,4,,1,33,,227966,41,4,,1,77,,227967,41,4,,1,15,,227968,41,4,,1,15,,227969,41,4,,1,55,,227970,41,4,,1,15,,227971,41,4,,1,15,,227972,41,4,,1,15,,227973,41,4,,1,56,,227974,41,4,,1,17,,227975,41,4,,1,15,,227976,19,4,,1,15,,227977,41,4,,1,55,,227978,19,4,,1,15,,227979,41,4,,1,15,,227980,19,4,,1,15,,227981,41,4,,1,55,,227982,19,4,,1,15,,227983,41,4,,1,15,,227984,19,4,,1,15,,227985,41,4,,1,55,,227986,19,4,,1,15,,227987,41,4,,1,15,,227988,19,4,,1,15,,227989,41,4,,1,55,,227990,19,4,,1,15,,227991,41,4,,1,15,,227992,19,4,,1,15,,227993,41,4,,1,55,,227994,19,4,,1,15,,227995,41,4,,1,15,,227996,19,4,,1,15,,227997,41,4,,1,53,,227998,41,4,,1,14,,227999,41,4,,1,19,,228000,41,4,,1,15,,228001,41,4,,1,56,,228002,41,4,,1,15,,228003,41,4,,1,15,,228004,41,4,,1,14,,228005,41,4,,1,56,,228006,41,4,,1,15,,228007,41,4,,1,15,,228008,41,4,,1,70,,228009,41,4,,1,26,,228010,41,4,,1,65,,228011,41,4,,1,29,,228012,41,4,,1,70,,228013,41,4,,1,30,,228014,41,4,,1,70,,228015,41,4,,1,30,,228016,41,4,,1,70,,228017,41,4,,1,26,,228018,41,4,,1,99,,228019,41,4,,1
70100,'701-Weekday-4-26-09-1111100',551,,270665,19,4,,1,61,,270666,41,4,,1,33,,270667,41,4,,1,77,,270668,41,4,,1,15,,270669,41,4,,1,15,,270670,41,4,,1,55,,270671,41,4,,1,15,,270672,41,4,,1,15,,270673,41,4,,1,15,,270674,41,4,,1,56,,270675,41,4,,1,17,,270676,41,4,,1,15,,270677,19,4,,1,15,,270678,41,4,,1,55,,270679,19,4,,1,15,,270680,41,4,,1,15,,270681,19,4,,1,15,,270682,41,4,,1,55,,270683,19,4,,1,15,,270684,41,4,,1,15,,270685,19,4,,1,15,,270686,41,4,,1,55,,270687,19,4,,1,15,,270688,41,4,,1,15,,270689,19,4,,1,15,,270690,41,4,,1,55,,270691,19,4,,1,15,,270692,41,4,,1,15,,270693,19,4,,1,15,,270694,41,4,,1,55,,270695,19,4,,1,15,,270696,41,4,,1,15,,270697,19,4,,1,15,,270698,41,4,,1,53,,270699,41,4,,1,14,,270700,41,4,,1,19,,270701,41,4,,1,15,,270702,41,4,,1,56,,270703,41,4,,1,15,,270704,41,4,,1,15,,270705,41,4,,1,14,,270706,41,4,,1,56,,270707,41,4,,1,15,,270708,41,4,,1,15,,270709,41,4,,1,70,,270710,41,4,,1,26,,270711,41,4,,1,65,,270712,41,4,,1,29,,270713,41,4,,1,70,,270714,41,4,,1,30,,270715,41,4,,1,70,,270716,41,4,,1,30,,270717,41,4,,1,70,,270718,41,4,,1,26,,270719,41,4,,1,99,,270720,41,4,,1
70100,'701-Weekday-5-26-09-1111100',551,,228020,19,4,,1,61,,228021,41,4,,1,33,,228022,41,4,,1,77,,228023,41,4,,1,15,,228024,41,4,,1,15,,228025,41,4,,1,55,,228026,41,4,,1,15,,228027,41,4,,1,15,,228028,41,4,,1,15,,228029,41,4,,1,56,,228030,41,4,,1,17,,228031,41,4,,1,15,,228032,19,4,,1,15,,228033,41,4,,1,55,,228034,19,4,,1,15,,228035,41,4,,1,15,,228036,19,4,,1,15,,228037,41,4,,1,55,,228038,19,4,,1,15,,228039,41,4,,1,15,,228040,19,4,,1,15,,228041,41,4,,1,55,,228042,19,4,,1,15,,228043,41,4,,1,15,,228044,19,4,,1,15,,228045,41,4,,1,55,,228046,19,4,,1,15,,228047,41,4,,1,15,,228048,19,4,,1,15,,228049,41,4,,1,55,,228050,19,4,,1,15,,228051,41,4,,1,15,,228052,19,4,,1,15,,228053,41,4,,1,53,,228054,41,4,,1,14,,228055,41,4,,1,19,,228056,41,4,,1,15,,228057,41,4,,1,56,,228058,41,4,,1,15,,228059,41,4,,1,15,,228060,41,4,,1,14,,228061,41,4,,1,56,,228062,41,4,,1,15,,228063,41,4,,1,15,,228064,41,4,,1,70,,228065,41,4,,1,26,,228066,41,4,,1,65,,228067,41,4,,1,29,,228068,41,4,,1,70,,228069,41,4,,1,30,,228070,41,4,,1,70,,228071,41,4,,1,30,,228072,41,4,,1,70,,228073,41,4,,1,26,,228074,41,4,,1,99,,228075,41,4,,1
70100,'701-Weekday-6-26-09-1111100',551,,270721,19,4,,1,61,,270722,41,4,,1,33,,270723,41,4,,1,77,,270724,41,4,,1,15,,270725,41,4,,1,15,,270726,41,4,,1,55,,270727,41,4,,1,15,,270728,41,4,,1,15,,270729,41,4,,1,15,,270730,41,4,,1,56,,270731,41,4,,1,17,,270732,41,4,,1,15,,270733,19,4,,1,15,,270734,41,4,,1,55,,270735,19,4,,1,15,,270736,41,4,,1,15,,270737,19,4,,1,15,,270738,41,4,,1,55,,270739,19,4,,1,15,,270740,41,4,,1,15,,270741,19,4,,1,15,,270742,41,4,,1,55,,270743,19,4,,1,15,,270744,41,4,,1,15,,270745,19,4,,1,15,,270746,41,4,,1,55,,270747,19,4,,1,15,,270748,41,4,,1,15,,270749,19,4,,1,15,,270750,41,4,,1,55,,270751,19,4,,1,15,,270752,41,4,,1,15,,270753,19,4,,1,15,,270754,41,4,,1,53,,270755,41,4,,1,14,,270756,41,4,,1,19,,270757,41,4,,1,15,,270758,41,4,,1,56,,270759,41,4,,1,15,,270760,41,4,,1,15,,270761,41,4,,1,14,,270762,41,4,,1,56,,270763,41,4,,1,15,,270764,41,4,,1,15,,270765,41,4,,1,70,,270766,41,4,,1,26,,270767,41,4,,1,65,,270768,41,4,,1,29,,270769,41,4,,1,70,,270770,41,4,,1,30,,270771,41,4,,1,70,,270772,41,4,,1,30,,270773,41,4,,1,70,,270774,41,4,,1,26,,270775,41,4,,1,99,,270776,41,4,,1
70100,'701-Weekday-7-26-09-1111100',551,,270777,19,4,,1,61,,270778,41,4,,1,33,,270779,41,4,,1,77,,270780,41,4,,1,15,,270781,41,4,,1,15,,270782,41,4,,1,55,,270783,41,4,,1,15,,270784,41,4,,1,15,,270785,41,4,,1,15,,270786,41,4,,1,56,,270787,41,4,,1,17,,270788,41,4,,1,15,,270789,19,4,,1,15,,270790,41,4,,1,55,,270791,19,4,,1,15,,270792,41,4,,1,15,,270793,19,4,,1,15,,270794,41,4,,1,55,,270795,19,4,,1,15,,270796,41,4,,1,15,,270797,19,4,,1,15,,270798,41,4,,1,55,,270799,19,4,,1,15,,270800,41,4,,1,15,,270801,19,4,,1,15,,270802,41,4,,1,55,,270803,19,4,,1,15,,270804,41,4,,1,15,,270805,19,4,,1,15,,270806,41,4,,1,55,,270807,19,4,,1,15,,270808,41,4,,1,15,,270809,19,4,,1,15,,270810,41,4,,1,53,,270811,41,4,,1,14,,270812,41,4,,1,19,,270813,41,4,,1,15,,270814,41,4,,1,56,,270815,41,4,,1,15,,270816,41,4,,1,15,,270817,41,4,,1,14,,270818,41,4,,1,56,,270819,41,4,,1,15,,270820,41,4,,1,15,,270821,41,4,,1,70,,270822,41,4,,1,26,,270823,41,4,,1,65,,270824,41,4,,1,29,,270825,41,4,,1,70,,270826,41,4,,1,30,,270827,41,4,,1,70,,270828,41,4,,1,30,,270829,41,4,,1,70,,270830,41,4,,1,26,,270831,41,4,,1,99,,270832,41,4,,1
70100,'701-Weekday-8-26-09-1111100',551,,270833,19,4,,1,61,,270834,41,4,,1,33,,270835,41,4,,1,77,,270836,41,4,,1,15,,270837,41,4,,1,15,,270838,41,4,,1,55,,270839,41,4,,1,15,,270840,41,4,,1,15,,270841,41,4,,1,15,,270842,41,4,,1,56,,270843,41,4,,1,17,,270844,41,4,,1,15,,270845,19,4,,1,15,,270846,41,4,,1,55,,270847,19,4,,1,15,,270848,41,4,,1,15,,270849,19,4,,1,15,,270850,41,4,,1,55,,270851,19,4,,1,15,,270852,41,4,,1,15,,270853,19,4,,1,15,,270854,41,4,,1,55,,270855,19,4,,1,15,,270856,41,4,,1,15,,270857,19,4,,1,15,,270858,41,4,,1,55,,270859,19,4,,1,15,,270860,41,4,,1,15,,270861,19,4,,1,15,,270862,41,4,,1,55,,270863,19,4,,1,15,,270864,41,4,,1,15,,270865,19,4,,1,15,,270866,41,4,,1,53,,270867,41,4,,1,14,,270868,41,4,,1,19,,270869,41,4,,1,15,,270870,41,4,,1,56,,270871,41,4,,1,15,,270872,41,4,,1,15,,270873,41,4,,1,14,,270874,41,4,,1,56,,270875,41,4,,1,15,,270876,41,4,,1,15,,270877,41,4,,1,70,,270878,41,4,,1,26,,270879,41,4,,1,65,,270880,41,4,,1,29,,270881,41,4,,1,70,,270882,41,4,,1,30,,270883,41,4,,1,70,,270884,41,4,,1,30,,270885,41,4,,1,70,,270886,41,4,,1,26,,270887,41,4,,1,99,,270888,41,4,,1
70100,'701-Saturday-1-26-09-0000010',701,,228076,19,4,,1,99,,228077,41,4,,1,30,,228104,19,4,,1,27,,228078,41,4,,1,70,,228079,41,4,,1,30,,228080,41,4,,1,70,,228081,41,4,,1,30,,228082,41,4,,1,70,,228083,41,4,,1,30,,228084,41,4,,1,70,,228085,41,4,,1,30,,228086,41,4,,1,70,,228087,41,4,,1,30,,228088,41,4,,1,70,,228089,41,4,,1,30,,228090,41,4,,1,70,,228091,41,4,,1,30,,228092,41,4,,1,70,,228093,41,4,,1,30,,228094,41,4,,1,70,,228095,41,4,,1,30,,228096,41,4,,1,70,,228097,41,4,,1,30,,228098,41,4,,1,70,,228099,41,4,,1,73,,228100,41,4,,1,100,,228101,41,4,,1,100,,228102,41,4,,1,100,,228103,41,4,,1,100,,228105,41,4,,1
70100,'701-Sunday-1-26-09-0000001',617,,228106,19,4,,1,100,,228107,19,4,,1,100,,228133,19,4,,1,29,,228108,41,4,,1,74,,228134,19,4,,1,30,,228109,41,4,,1,70,,228135,19,4,,1,30,,228110,41,4,,1,70,,228111,41,4,,1,30,,228112,41,4,,1,70,,228113,41,4,,1,30,,228114,41,4,,1,70,,228115,41,4,,1,30,,228116,41,4,,1,70,,228117,41,4,,1,30,,228118,41,4,,1,70,,228119,41,4,,1,30,,228120,41,4,,1,70,,228121,41,4,,1,30,,228122,41,4,,1,64,,228123,41,4,,1,34,,228124,41,4,,1,70,,228125,41,4,,1,30,,228126,41,4,,1,70,,228127,41,4,,1,30,,228128,41,4,,1,100,,228129,41,4,,1,100,,228130,41,4,,1,100,,228131,41,4,,1,100,,228132,19,4,,1
70101,'701-Weekday-1-26-09-1111100',605,,228136,1,,,1,30,,228137,1,,,1,15,,228138,1,,,1,55,,228139,1,,,1,15,,228140,1,,,1,15,,228141,1,,,1,15,,228142,1,,,1,55,,228143,1,,,1,15,,228144,1,0,32 33,1,15,,228145,1,,,1,15,,228146,1,0,32 33,1,55,,228147,1,,,1,15,,228148,1,0,32 33,1,15,,228149,1,,,1,15,,228150,1,0,32 33,1,55,,228151,1,,,1,15,,228152,1,0,32 33,1,15,,228153,1,,,1,15,,228154,1,0,32 33,1,55,,228155,1,,,1,15,,228156,1,0,32 33,1,15,,228157,1,,,1,15,,228158,1,0,32 33,1,55,,228159,1,,,1,15,,228160,1,0,32 33,1,15,,228161,1,,,1,15,,228162,1,0,32 33,1,55,,228163,1,,,1,15,,228164,1,0,32 33,1,15,,228165,1,,,1,15,,228166,1,0,32 33,1,55,,228167,1,,,1,15,,228168,1,,,1,15,,228169,1,,,1,15,,228170,1,,,1,55,,228171,1,,,1,15,,228172,1,,,1,15,,228173,1,,,1,15,,228174,1,,,1,55,,228175,1,,,1,15,,228176,1,,,1,15,,228177,1,,,1,15,,228178,1,,,1,55,,228179,1,,,1,15,,228180,1,,,1,30,,228181,1,,,1,70,,228182,1,,,1,30,,228183,1,,,1,70,,228184,1,,,1,30,,228185,1,,,1,70,,228186,1,,,1,30,,228187,1,,,1,70,,228188,1,,,1,30,,228189,1,,,1,82,,228190,1,,,1,100,,228191,1,,,1
70101,'701-Weekday-3-26-09-1111100',605,,228193,1,,,1,30,,228194,1,,,1,15,,228195,1,,,1,55,,228196,1,,,1,15,,228197,1,,,1,15,,228198,1,,,1,15,,228199,1,,,1,55,,228200,1,,,1,15,,228201,1,0,32 33,1,15,,228202,1,,,1,15,,228203,1,0,32 33,1,55,,228204,1,,,1,15,,228205,1,0,32 33,1,15,,228206,1,,,1,15,,228207,1,0,32 33,1,55,,228208,1,,,1,15,,228209,1,0,32 33,1,15,,228210,1,,,1,15,,228211,1,0,32 33,1,55,,228212,1,,,1,15,,228213,1,0,32 33,1,15,,228214,1,,,1,15,,228215,1,0,32 33,1,55,,228216,1,,,1,15,,228217,1,0,32 33,1,15,,228218,1,,,1,15,,228219,1,0,32 33,1,55,,228220,1,,,1,15,,228221,1,0,32 33,1,15,,228222,1,,,1,15,,228223,1,0,32 33,1,55,,228224,1,,,1,15,,228225,1,,,1,15,,228226,1,,,1,15,,228227,1,,,1,55,,228228,1,,,1,15,,228229,1,,,1,15,,228230,1,,,1,15,,228231,1,,,1,55,,228232,1,,,1,15,,228233,1,,,1,15,,228234,1,,,1,15,,228235,1,,,1,55,,228236,1,,,1,15,,228237,1,,,1,30,,228238,1,,,1,70,,228239,1,,,1,30,,228240,1,,,1,70,,228241,1,,,1,30,,228242,1,,,1,70,,228243,1,,,1,30,,228244,1,,,1,70,,228245,1,,,1,30,,228246,1,,,1,82,,228247,1,,,1,100,,228248,1,,,1
70101,'701-Weekday-4-26-09-1111100',605,,270889,1,,,1,30,,270890,1,,,1,15,,270891,1,,,1,55,,270892,1,,,1,15,,270893,1,,,1,15,,270894,1,,,1,15,,270895,1,,,1,55,,270896,1,,,1,15,,270897,1,0,32 33,1,15,,270898,1,,,1,15,,270899,1,0,32 33,1,55,,270900,1,,,1,15,,270901,1,0,32 33,1,15,,270902,1,,,1,15,,270903,1,0,32 33,1,55,,270904,1,,,1,15,,270905,1,0,32 33,1,15,,270906,1,,,1,15,,270907,1,0,32 33,1,55,,270908,1,,,1,15,,270909,1,0,32 33,1,15,,270910,1,,,1,15,,270911,1,0,32 33,1,55,,270912,1,,,1,15,,270913,1,0,32 33,1,15,,270914,1,,,1,15,,270915,1,0,32 33,1,55,,270916,1,,,1,15,,270917,1,0,32 33,1,15,,270918,1,,,1,15,,270919,1,0,32 33,1,55,,270920,1,,,1,15,,270921,1,,,1,15,,270922,1,,,1,15,,270923,1,,,1,55,,270924,1,,,1,15,,270925,1,,,1,15,,270926,1,,,1,15,,270927,1,,,1,55,,270928,1,,,1,15,,270929,1,,,1,15,,270930,1,,,1,15,,270931,1,,,1,55,,270932,1,,,1,15,,270933,1,,,1,30,,270934,1,,,1,70,,270935,1,,,1,30,,270936,1,,,1,70,,270937,1,,,1,30,,270938,1,,,1,70,,270939,1,,,1,30,,270940,1,,,1,70,,270941,1,,,1,30,,270942,1,,,1,82,,270943,1,,,1,100,,270944,1,,,1
70101,'701-Weekday-5-26-09-1111100',605,,228250,1,,,1,30,,228251,1,,,1,15,,228252,1,,,1,55,,228253,1,,,1,15,,228254,1,,,1,15,,228255,1,,,1,15,,228256,1,,,1,55,,228257,1,,,1,15,,228258,1,0,32 33,1,15,,228259,1,,,1,15,,228260,1,0,32 33,1,55,,228261,1,,,1,15,,228262,1,0,32 33,1,15,,228263,1,,,1,15,,228264,1,0,32 33,1,55,,228265,1,,,1,15,,228266,1,0,32 33,1,15,,228267,1,,,1,15,,228268,1,0,32 33,1,55,,228269,1,,,1,15,,228270,1,0,32 33,1,15,,228271,1,,,1,15,,228272,1,0,32 33,1,55,,228273,1,,,1,15,,228274,1,0,32 33,1,15,,228275,1,,,1,15,,228276,1,0,32 33,1,55,,228277,1,,,1,15,,228278,1,0,32 33,1,15,,228279,1,,,1,15,,228280,1,0,32 33,1,55,,228281,1,,,1,15,,228282,1,,,1,15,,228283,1,,,1,15,,228284,1,,,1,55,,228285,1,,,1,15,,228286,1,,,1,15,,228287,1,,,1,15,,228288,1,,,1,55,,228289,1,,,1,15,,228290,1,,,1,15,,228291,1,,,1,15,,228292,1,,,1,55,,228293,1,,,1,15,,228294,1,,,1,30,,228295,1,,,1,70,,228296,1,,,1,30,,228297,1,,,1,70,,228298,1,,,1,30,,228299,1,,,1,70,,228300,1,,,1,30,,228301,1,,,1,70,,228302,1,,,1,30,,228303,1,,,1,82,,228304,1,,,1,100,,228305,1,,,1
70101,'701-Weekday-6-26-09-1111100',605,,270945,1,,,1,30,,270946,1,,,1,15,,270947,1,,,1,55,,270948,1,,,1,15,,270949,1,,,1,15,,270950,1,,,1,15,,270951,1,,,1,55,,270952,1,,,1,15,,270953,1,0,32 33,1,15,,270954,1,,,1,15,,270955,1,0,32 33,1,55,,270956,1,,,1,15,,270957,1,0,32 33,1,15,,270958,1,,,1,15,,270959,1,0,32 33,1,55,,270960,1,,,1,15,,270961,1,0,32 33,1,15,,270962,1,,,1,15,,270963,1,0,32 33,1,55,,270964,1,,,1,15,,270965,1,0,32 33,1,15,,270966,1,,,1,15,,270967,1,0,32 33,1,55,,270968,1,,,1,15,,270969,1,0,32 33,1,15,,270970,1,,,1,15,,270971,1,0,32 33,1,55,,270972,1,,,1,15,,270973,1,0,32 33,1,15,,270974,1,,,1,15,,270975,1,0,32 33,1,55,,270976,1,,,1,15,,270977,1,,,1,15,,270978,1,,,1,15,,270979,1,,,1,55,,270980,1,,,1,15,,270981,1,,,1,15,,270982,1,,,1,15,,270983,1,,,1,55,,270984,1,,,1,15,,270985,1,,,1,15,,270986,1,,,1,15,,270987,1,,,1,55,,270988,1,,,1,15,,270989,1,,,1,30,,270990,1,,,1,70,,270991,1,,,1,30,,270992,1,,,1,70,,270993,1,,,1,30,,270994,1,,,1,70,,270995,1,,,1,30,,270996,1,,,1,70,,270997,1,,,1,30,,270998,1,,,1,82,,270999,1,,,1,100,,271000,1,,,1
70101,'701-Weekday-7-26-09-1111100',605,,271001,1,,,1,30,,271002,1,,,1,15,,271003,1,,,1,55,,271004,1,,,1,15,,271005,1,,,1,15,,271006,1,,,1,15,,271007,1,,,1,55,,271008,1,,,1,15,,271009,1,0,32 33,1,15,,271010,1,,,1,15,,271011,1,0,32 33,1,55,,271012,1,,,1,15,,271013,1,0,32 33,1,15,,271014,1,,,1,15,,271015,1,0,32 33,1,55,,271016,1,,,1,15,,271017,1,0,32 33,1,15,,271018,1,,,1,15,,271019,1,0,32 33,1,55,,271020,1,,,1,15,,271021,1,0,32 33,1,15,,271022,1,,,1,15,,271023,1,0,32 33,1,55,,271024,1,,,1,15,,271025,1,0,32 33,1,15,,271026,1,,,1,15,,271027,1,0,32 33,1,55,,271028,1,,,1,15,,271029,1,0,32 33,1,15,,271030,1,,,1,15,,271031,1,0,32 33,1,55,,271032,1,,,1,15,,271033,1,,,1,15,,271034,1,,,1,15,,271035,1,,,1,55,,271036,1,,,1,15,,271037,1,,,1,15,,271038,1,,,1,15,,271039,1,,,1,55,,271040,1,,,1,15,,271041,1,,,1,15,,271042,1,,,1,15,,271043,1,,,1,55,,271044,1,,,1,15,,271045,1,,,1,30,,271046,1,,,1,70,,271047,1,,,1,30,,271048,1,,,1,70,,271049,1,,,1,30,,271050,1,,,1,70,,271051,1,,,1,30,,271052,1,,,1,70,,271053,1,,,1,30,,271054,1,,,1,82,,271055,1,,,1,100,,271056,1,,,1
70101,'701-Weekday-8-26-09-1111100',605,,271058,1,,,1,30,,271059,1,,,1,15,,271060,1,,,1,55,,271061,1,,,1,15,,271062,1,,,1,15,,271063,1,,,1,15,,271064,1,,,1,55,,271065,1,,,1,15,,271066,1,0,32 33,1,15,,271067,1,,,1,15,,271068,1,0,32 33,1,55,,271069,1,,,1,15,,271070,1,0,32 33,1,15,,271071,1,,,1,15,,271072,1,0,32 33,1,55,,271073,1,,,1,15,,271074,1,0,32 33,1,15,,271075,1,,,1,15,,271076,1,0,32 33,1,55,,271077,1,,,1,15,,271078,1,0,32 33,1,15,,271079,1,,,1,15,,271080,1,0,32 33,1,55,,271081,1,,,1,15,,271082,1,0,32 33,1,15,,271083,1,,,1,15,,271084,1,0,32 33,1,55,,271085,1,,,1,15,,271086,1,0,32 33,1,15,,271087,1,,,1,15,,271088,1,0,32 33,1,55,,271089,1,,,1,15,,271090,1,,,1,15,,271091,1,,,1,15,,271092,1,,,1,55,,271093,1,,,1,15,,271094,1,,,1,15,,271095,1,,,1,15,,271096,1,,,1,55,,271097,1,,,1,15,,271098,1,,,1,15,,271099,1,,,1,15,,271100,1,,,1,55,,271101,1,,,1,15,,271102,1,,,1,30,,271103,1,,,1,70,,271104,1,,,1,30,,271105,1,,,1,70,,271106,1,,,1,30,,271107,1,,,1,70,,271108,1,,,1,30,,271109,1,,,1,70,,271110,1,,,1,30,,271111,1,,,1,82,,271112,1,,,1,100,,271113,1,,,1
70101,'701-Saturday-1-26-09-0000010',658,,228306,1,,,1,69,,228333,1,0,32 33,1,30,,228307,1,,,1,70,,228308,1,,,1,30,,228309,1,,,1,71,,228310,1,,,1,30,,228311,1,,,1,70,,228312,1,,,1,30,,228313,1,,,1,70,,228314,1,,,1,30,,228315,1,,,1,70,,228316,1,,,1,30,,228317,1,,,1,70,,228318,1,,,1,30,,228319,1,,,1,70,,228321,1,,,1,30,,228322,1,,,1,70,,228323,1,,,1,30,,228320,1,,,1,70,,228324,1,,,1,30,,228325,1,,,1,70,,228326,1,,,1,30,,228327,1,,,1,70,,228328,1,,,1,30,,228329,1,,,1,100,,228330,1,,,1,100,,228331,1,,,1,100,,228332,1,,,1,100,,228334,1,,,1
70101,'701-Sunday-1-26-09-0000001',724,,228360,1,0,32 33,1,30,,228335,1,,,1,70,,228361,1,0,32 33,1,30,,228336,1,,,1,71,,228362,1,0,32 33,1,30,,228337,1,,,1,70,,228338,1,,,1,30,,228339,1,,,1,70,,228340,1,,,1,30,,228341,1,,,1,70,,228342,1,,,1,30,,228343,1,,,1,70,,228344,1,,,1,30,,228345,1,,,1,70,,228346,1,,,1,30,,228347,1,,,1,70,,228349,1,,,1,30,,228350,1,,,1,70,,228351,1,,,1,30,,228348,1,,,1,69,,228352,1,,,1,30,,228353,1,,,1,70,,228354,1,,,1,30,,228355,1,,,1,70,,228363,1,,,1,30,,228356,1,,,1,100,,228357,1,,,1,100,,228358,1,,,1,100,,228359,1,0,32 33,1
