51800,'518-Weekday-1-26-09-1111100',541,,224859,32,,,1,70,,224860,32,,,1,33,,224894,32,,,1,57,,224861,32,,,1,12,,224862,32,,,1,12,,224896,32,,,1,12,,224863,32,,,1,3,,224907,32,,,1,15,,224864,32,,,1,52,,224865,32,,,1,12,,224866,32,,,1,12,,224897,32,,,1,12,,224867,32,,,1,12,,224868,32,,,1,52,,224905,32,,,1,12,,224908,32,,,1,27,,224900,32,,,1,70,,224869,32,,,1,30,,224870,32,,,1,70,,224871,32,,,1,30,,224872,32,,,1,70,,224873,32,,,1,30,,224874,32,,,1,70,,224875,32,,,1,30,,224876,32,,,1,70,,224877,32,,,1,30,,224878,32,,,1,73,,224901,32,,,1,22,,224879,32,,,1,12,,224880,32,,,1,52,,224881,32,,,1,12,,224898,32,,,1,12,,224882,32,,,1,12,,224883,32,,,1,12,,224884,32,,,1,52,,224885,32,,,1,12,,224899,32,,,1,12,,224886,32,,,1,12,,224887,32,,,1,12,,224909,32,,,1,52,,224910,32,,,1,12,,224911,32,,,1,12,,224906,32,,,1,23,,224888,32,,,1,65,,224889,32,,,1,30,,224890,32,,,1,70,,224891,32,,,1,30,,224902,32,,,1,70,,224903,32,,,1,30,,224904,32,,,1,67,,224895,32,,,1,43,,224893,32,,,1,100,,224892,32,,,1
51800,'518-Weekday-2-26-09-1111100',541,,224912,32,,,1,70,,224913,32,,,1,33,,224947,32,,,1,57,,224914,32,,,1,12,,224915,32,,,1,12,,224949,32,,,1,12,,224916,32,,,1,3,,224960,32,,,1,15,,224917,32,,,1,52,,224918,32,,,1,12,,224919,32,,,1,12,,224950,32,,,1,12,,224920,32,,,1,12,,224921,32,,,1,52,,224958,32,,,1,12,,224961,32,,,1,27,,224953,32,,,1,70,,224922,32,,,1,30,,224923,32,,,1,70,,224924,32,,,1,30,,224925,32,,,1,70,,224926,32,,,1,30,,224927,32,,,1,70,,224928,32,,,1,30,,224929,32,,,1,70,,224930,32,,,1,30,,224931,32,,,1,73,,224954,32,,,1,22,,224932,32,,,1,12,,224933,32,,,1,52,,224934,32,,,1,12,,224951,32,,,1,12,,224935,32,,,1,12,,224936,32,,,1,12,,224937,32,,,1,52,,224938,32,,,1,12,,224952,32,,,1,12,,224939,32,,,1,12,,224940,32,,,1,12,,224962,32,,,1,52,,224963,32,,,1,12,,224964,32,,,1,12,,224959,32,,,1,23,,224941,32,,,1,65,,224942,32,,,1,30,,224943,32,,,1,70,,224944,32,,,1,30,,224955,32,,,1,70,,224956,32,,,1,30,,224957,32,,,1,67,,224948,32,,,1,43,,224946,32,,,1,100,,224945,32,,,1
51800,'518-Weekday-3-26-09-1111100',541,,267923,32,,,1,70,,267924,32,,,1,33,,267958,32,,,1,57,,267925,32,,,1,12,,267926,32,,,1,12,,267960,32,,,1,12,,267927,32,,,1,3,,267971,32,,,1,15,,267928,32,,,1,52,,267929,32,,,1,12,,267930,32,,,1,12,,267961,32,,,1,12,,267931,32,,,1,12,,267932,32,,,1,52,,267969,32,,,1,12,,267972,32,,,1,27,,267964,32,,,1,70,,267933,32,,,1,30,,267934,32,,,1,70,,267935,32,,,1,30,,267936,32,,,1,70,,267937,32,,,1,30,,267938,32,,,1,70,,267939,32,,,1,30,,267940,32,,,1,70,,267941,32,,,1,30,,267942,32,,,1,73,,267965,32,,,1,22,,267943,32,,,1,12,,267944,32,,,1,52,,267945,32,,,1,12,,267962,32,,,1,12,,267946,32,,,1,12,,267947,32,,,1,12,,267948,32,,,1,52,,267949,32,,,1,12,,267963,32,,,1,12,,267950,32,,,1,12,,267951,32,,,1,12,,267973,32,,,1,52,,267974,32,,,1,12,,267975,32,,,1,12,,267970,32,,,1,23,,267952,32,,,1,65,,267953,32,,,1,30,,267954,32,,,1,70,,267955,32,,,1,30,,267966,32,,,1,70,,267967,32,,,1,30,,267968,32,,,1,67,,267959,32,,,1,43,,267957,32,,,1,100,,267956,32,,,1
51800,'518-Weekday-4-26-09-1111100',541,,224965,32,,,1,70,,224966,32,,,1,33,,225000,32,,,1,57,,224967,32,,,1,12,,224968,32,,,1,12,,225002,32,,,1,12,,224969,32,,,1,18,,224970,32,,,1,52,,224971,32,,,1,12,,224972,32,,,1,12,,225003,32,,,1,12,,224973,32,,,1,12,,224974,32,,,1,52,,225011,32,,,1,12,,225013,32,,,1,27,,225006,32,,,1,70,,224975,32,,,1,30,,224976,32,,,1,70,,224977,32,,,1,30,,224978,32,,,1,70,,224979,32,,,1,30,,224980,32,,,1,70,,224981,32,,,1,30,,224982,32,,,1,70,,224983,32,,,1,30,,224984,32,,,1,73,,225007,32,,,1,22,,224985,32,,,1,12,,224986,32,,,1,52,,224987,32,,,1,12,,225004,32,,,1,12,,224988,32,,,1,12,,224989,32,,,1,12,,224990,32,,,1,52,,224991,32,,,1,12,,225005,32,,,1,12,,224992,32,,,1,12,,224993,32,,,1,12,,225014,32,,,1,52,,225015,32,,,1,12,,225016,32,,,1,12,,225012,32,,,1,23,,224994,32,,,1,65,,224995,32,,,1,30,,224996,32,,,1,70,,224997,32,,,1,30,,225008,32,,,1,70,,225009,32,,,1,30,,225010,32,,,1,67,,225001,32,,,1,43,,224999,32,,,1,100,,224998,32,,,1
51800,'518-Weekday-5-26-09-1111100',541,,267976,32,,,1,70,,267977,32,,,1,33,,268011,32,,,1,57,,267978,32,,,1,12,,267979,32,,,1,12,,268013,32,,,1,12,,267980,32,,,1,18,,267981,32,,,1,52,,267982,32,,,1,12,,267983,32,,,1,12,,268014,32,,,1,12,,267984,32,,,1,12,,267985,32,,,1,52,,268022,32,,,1,12,,268024,32,,,1,27,,268017,32,,,1,70,,267986,32,,,1,30,,267987,32,,,1,70,,267988,32,,,1,30,,267989,32,,,1,70,,267990,32,,,1,30,,267991,32,,,1,70,,267992,32,,,1,30,,267993,32,,,1,70,,267994,32,,,1,30,,267995,32,,,1,73,,268018,32,,,1,22,,267996,32,,,1,12,,267997,32,,,1,52,,267998,32,,,1,12,,268015,32,,,1,12,,267999,32,,,1,12,,268000,32,,,1,12,,268001,32,,,1,52,,268002,32,,,1,12,,268016,32,,,1,12,,268003,32,,,1,12,,268004,32,,,1,12,,268025,32,,,1,52,,268026,32,,,1,12,,268027,32,,,1,12,,268023,32,,,1,23,,268005,32,,,1,65,,268006,32,,,1,30,,268007,32,,,1,70,,268008,32,,,1,30,,268019,32,,,1,70,,268020,32,,,1,30,,268021,32,,,1,67,,268012,32,,,1,43,,268010,32,,,1,100,,268009,32,,,1
51800,'518-Weekday-6-26-09-1111100',541,,268028,32,,,1,70,,268029,32,,,1,33,,268063,32,,,1,57,,268030,32,,,1,12,,268031,32,,,1,12,,268065,32,,,1,12,,268032,32,,,1,3,,268076,32,,,1,15,,268033,32,,,1,52,,268034,32,,,1,12,,268035,32,,,1,12,,268066,32,,,1,12,,268036,32,,,1,12,,268037,32,,,1,52,,268074,32,,,1,12,,268077,32,,,1,27,,268069,32,,,1,70,,268038,32,,,1,30,,268039,32,,,1,70,,268040,32,,,1,30,,268041,32,,,1,70,,268042,32,,,1,30,,268043,32,,,1,70,,268044,32,,,1,30,,268045,32,,,1,70,,268046,32,,,1,30,,268047,32,,,1,73,,268070,32,,,1,22,,268048,32,,,1,12,,268049,32,,,1,52,,268050,32,,,1,12,,268067,32,,,1,12,,268051,32,,,1,12,,268052,32,,,1,12,,268053,32,,,1,52,,268054,32,,,1,12,,268068,32,,,1,12,,268055,32,,,1,12,,268056,32,,,1,12,,268078,32,,,1,52,,268079,32,,,1,12,,268080,32,,,1,12,,268075,32,,,1,23,,268057,32,,,1,65,,268058,32,,,1,30,,268059,32,,,1,70,,268060,32,,,1,30,,268071,32,,,1,70,,268072,32,,,1,30,,268073,32,,,1,67,,268064,32,,,1,43,,268062,32,,,1,100,,268061,32,,,1
51800,'518-Weekday-7-26-09-1111100',541,,268081,32,,,1,70,,268082,32,,,1,33,,268116,32,,,1,57,,268083,32,,,1,12,,268084,32,,,1,12,,268118,32,,,1,12,,268085,32,,,1,18,,268086,32,,,1,52,,268087,32,,,1,12,,268088,32,,,1,12,,268119,32,,,1,12,,268089,32,,,1,12,,268090,32,,,1,52,,268127,32,,,1,12,,268129,32,,,1,27,,268122,32,,,1,70,,268091,32,,,1,30,,268092,32,,,1,70,,268093,32,,,1,30,,268094,32,,,1,70,,268095,32,,,1,30,,268096,32,,,1,70,,268097,32,,,1,30,,268098,32,,,1,70,,268099,32,,,1,30,,268100,32,,,1,73,,268123,32,,,1,22,,268101,32,,,1,12,,268102,32,,,1,52,,268103,32,,,1,12,,268120,32,,,1,12,,268104,32,,,1,12,,268105,32,,,1,12,,268106,32,,,1,52,,268107,32,,,1,12,,268121,32,,,1,12,,268108,32,,,1,12,,268109,32,,,1,12,,268130,32,,,1,52,,268131,32,,,1,12,,268132,32,,,1,12,,268128,32,,,1,23,,268110,32,,,1,65,,268111,32,,,1,30,,268112,32,,,1,70,,268113,32,,,1,30,,268124,32,,,1,70,,268125,32,,,1,30,,268126,32,,,1,67,,268117,32,,,1,43,,268115,32,,,1,100,,268114,32,,,1
51800,'518-Saturday-1-26-09-0000010',639,,225018,32,,,1,100,,225019,32,,,1,100,,225020,32,,,1,71,,225021,32,,,1,33,,225022,32,,,1,72,,225023,32,,,1,30,,225024,32,,,1,70,,225025,32,,,1,30,,225026,32,,,1,70,,225027,32,,,1,30,,225028,32,,,1,70,,225029,32,,,1,30,,225030,32,,,1,70,,225031,32,,,1,30,,225032,32,,,1,70,,225033,32,,,1,30,,225034,32,,,1,70,,225035,32,,,1,30,,225036,32,,,1,69,,225037,32,,,1,29,,225038,32,,,1,69,,225039,32,,,1,30,,225040,32,,,1,70,,225041,32,,,1,30,,225017,32,,,1,70,,225047,32,,,1,30,,225042,32,,,1,70,,225048,32,,,1,30,,225043,32,,,1,70,,225049,32,,,1,30,,225044,32,,,1,100,,225045,32,,,1,100,,225046,32,,,1
51800,'518-Sunday-1-26-09-0000001',639,,225071,32,,,1,100,,225072,32,,,1,100,,225073,32,,,1,104,,225074,32,,,1,85,,225050,32,,,1,30,,225051,32,,,1,70,,225052,32,,,1,30,,225053,32,,,1,70,,225054,32,,,1,30,,225055,32,,,1,70,,225056,32,,,1,30,,225057,32,,,1,70,,225058,32,,,1,30,,225059,32,,,1,70,,225060,32,,,1,30,,225061,32,,,1,70,,225062,32,,,1,29,,225063,32,,,1,68,,225064,32,,,1,30,,225065,32,,,1,70,,225066,32,,,1,30,,225067,32,,,1,85,,225068,32,,,1,100,,225069,32,,,1,100,,225070,32,,,1,100,,225075,32,,,1,100,,225076,32,,,1
66500,'665-Weekday-1-26-09-0001000',1507,,227766,40,,,1,3,,227767,40,,,1
66500,'665-Weekday-1-26-09-1110100',1546,,227768,40,,,1,3,,227769,40,,,1
66500,'665-Weekday-3-26-09-1110100',1546,,227770,40,,,1,3,,227771,40,,,1
66500,'665-Weekday-7-26-09-1110100',1546,,270566,40,,,1,3,,270567,40,,,1
