10301,'103-Weekday-1-26-09-1111100',533,,214723,2,,,1,70,,214724,2,,,1,30,,214760,2,,,1,70,,214761,2,,,1,30,,214762,2,,,1,24,,214772,2,0,15 16,1,46,,214763,2,,,1,24,,214766,2,,,1,24,,214730,2,,,1,60,,214731,2,,,1,20,,214732,2,,,1,20,,214733,2,,,1,60,,214767,2,,,1,20,,214734,2,,,1,20,,214735,2,,,1,60,,214768,2,,,1,20,,214736,2,,,1,20,,214737,2,,,1,60,,214769,2,,,1,20,,214738,2,,,1,20,,214739,2,,,1,60,,214770,2,,,1,20,,214740,2,,,1,20,,214741,2,,,1,60,,214771,2,,,1,20,,214742,2,,,1,22,,214764,2,,,1,63,,214759,2,,,1,30,,214758,2,,,1,70,,214757,2,,,1,30,,214756,2,,,1,70,,214755,2,,,1,30,,214765,2,,,1,70,,214743,2,,,1,30,,214744,2,,,1,70,,214745,2,,,1,30,,214746,2,,,1,70,,214747,2,,,1,30,,214748,2,,,1,70,,214749,2,,,1,30,,214750,2,,,1,70,,214751,2,,,1,33,,214752,2,,,1,70,,214753,2,,,1,30,,214754,2,,,1
10301,'103-Weekday-2-26-09-1111100',533,,214773,2,,,1,70,,214774,2,,,1,30,,214810,2,,,1,70,,214811,2,,,1,30,,214812,2,,,1,70,,214813,2,,,1,24,,214816,2,,,1,24,,214780,2,,,1,60,,214781,2,,,1,20,,214782,2,,,1,20,,214783,2,,,1,60,,214817,2,,,1,20,,214784,2,,,1,20,,214785,2,,,1,60,,214818,2,,,1,20,,214786,2,,,1,20,,214787,2,,,1,60,,214819,2,,,1,20,,214788,2,,,1,20,,214789,2,,,1,60,,214820,2,,,1,20,,214790,2,,,1,20,,214791,2,,,1,60,,214821,2,,,1,20,,214792,2,,,1,22,,214814,2,,,1,63,,214809,2,,,1,30,,214808,2,,,1,70,,214807,2,,,1,30,,214806,2,,,1,70,,214805,2,,,1,30,,214815,2,,,1,70,,214793,2,,,1,30,,214794,2,,,1,70,,214795,2,,,1,30,,214796,2,,,1,70,,214797,2,,,1,30,,214798,2,,,1,70,,214799,2,,,1,30,,214800,2,,,1,70,,214801,2,,,1,33,,214802,2,,,1,70,,214803,2,,,1,30,,214804,2,,,1
10301,'103-Weekday-3-26-09-1111100',533,,258306,2,,,1,70,,258307,2,,,1,30,,258343,2,,,1,70,,258344,2,,,1,30,,258345,2,,,1,24,,258355,2,0,15 16,1,46,,258346,2,,,1,24,,258349,2,,,1,24,,258313,2,,,1,60,,258314,2,,,1,20,,258315,2,,,1,20,,258316,2,,,1,60,,258350,2,,,1,20,,258317,2,,,1,20,,258318,2,,,1,60,,258351,2,,,1,20,,258319,2,,,1,20,,258320,2,,,1,60,,258352,2,,,1,20,,258321,2,,,1,20,,258322,2,,,1,60,,258353,2,,,1,20,,258323,2,,,1,20,,258324,2,,,1,60,,258354,2,,,1,20,,258325,2,,,1,22,,258347,2,,,1,63,,258342,2,,,1,30,,258341,2,,,1,70,,258340,2,,,1,30,,258339,2,,,1,70,,258338,2,,,1,30,,258348,2,,,1,70,,258326,2,,,1,30,,258327,2,,,1,70,,258328,2,,,1,30,,258329,2,,,1,70,,258330,2,,,1,30,,258331,2,,,1,70,,258332,2,,,1,30,,258333,2,,,1,70,,258334,2,,,1,33,,258335,2,,,1,70,,258336,2,,,1,30,,258337,2,,,1
10301,'103-Weekday-4-26-09-1111100',533,,214822,2,,,1,70,,214823,2,,,1,30,,214859,2,,,1,70,,214860,2,,,1,30,,214861,2,,,1,70,,214862,2,,,1,24,,214865,2,,,1,24,,214829,2,,,1,60,,214830,2,,,1,20,,214831,2,,,1,20,,214832,2,,,1,60,,214866,2,,,1,20,,214833,2,,,1,20,,214834,2,,,1,60,,214867,2,,,1,20,,214835,2,,,1,20,,214836,2,,,1,60,,214868,2,,,1,20,,214837,2,,,1,20,,214838,2,,,1,60,,214869,2,,,1,20,,214839,2,,,1,20,,214840,2,,,1,60,,214870,2,,,1,20,,214841,2,,,1,22,,214863,2,,,1,63,,214858,2,,,1,30,,214857,2,,,1,70,,214856,2,,,1,30,,214855,2,,,1,70,,214854,2,,,1,30,,214864,2,,,1,70,,214842,2,,,1,30,,214843,2,,,1,70,,214844,2,,,1,30,,214845,2,,,1,70,,214846,2,,,1,30,,214847,2,,,1,70,,214848,2,,,1,30,,214849,2,,,1,70,,214850,2,,,1,33,,214851,2,,,1,70,,214852,2,,,1,30,,214853,2,,,1
10301,'103-Weekday-5-26-09-1111100',533,,258356,2,,,1,70,,258357,2,,,1,30,,258393,2,,,1,70,,258394,2,,,1,30,,258395,2,,,1,70,,258396,2,,,1,24,,258399,2,,,1,24,,258363,2,,,1,60,,258364,2,,,1,20,,258365,2,,,1,20,,258366,2,,,1,60,,258400,2,,,1,20,,258367,2,,,1,20,,258368,2,,,1,60,,258401,2,,,1,20,,258369,2,,,1,20,,258370,2,,,1,60,,258402,2,,,1,20,,258371,2,,,1,20,,258372,2,,,1,60,,258403,2,,,1,20,,258373,2,,,1,20,,258374,2,,,1,60,,258404,2,,,1,20,,258375,2,,,1,22,,258397,2,,,1,63,,258392,2,,,1,30,,258391,2,,,1,70,,258390,2,,,1,30,,258389,2,,,1,70,,258388,2,,,1,30,,258398,2,,,1,70,,258376,2,,,1,30,,258377,2,,,1,70,,258378,2,,,1,30,,258379,2,,,1,70,,258380,2,,,1,30,,258381,2,,,1,70,,258382,2,,,1,30,,258383,2,,,1,70,,258384,2,,,1,33,,258385,2,,,1,70,,258386,2,,,1,30,,258387,2,,,1
10301,'103-Weekday-6-26-09-1111100',533,,258406,2,,,1,70,,258407,2,,,1,30,,258443,2,,,1,70,,258444,2,,,1,30,,258445,2,,,1,24,,258455,2,0,15 16,1,46,,258446,2,,,1,24,,258449,2,,,1,24,,258413,2,,,1,60,,258414,2,,,1,20,,258415,2,,,1,20,,258416,2,,,1,60,,258450,2,,,1,20,,258417,2,,,1,20,,258418,2,,,1,60,,258451,2,,,1,20,,258419,2,,,1,20,,258420,2,,,1,60,,258452,2,,,1,20,,258421,2,,,1,20,,258422,2,,,1,60,,258453,2,,,1,20,,258423,2,,,1,20,,258424,2,,,1,60,,258454,2,,,1,20,,258425,2,,,1,22,,258447,2,,,1,63,,258442,2,,,1,30,,258441,2,,,1,70,,258440,2,,,1,30,,258439,2,,,1,70,,258438,2,,,1,30,,258448,2,,,1,70,,258426,2,,,1,30,,258427,2,,,1,70,,258428,2,,,1,30,,258429,2,,,1,70,,258430,2,,,1,30,,258431,2,,,1,70,,258432,2,,,1,30,,258433,2,,,1,70,,258434,2,,,1,33,,258435,2,,,1,70,,258436,2,,,1,30,,258437,2,,,1
10301,'103-Weekday-7-26-09-1111100',533,,258456,2,,,1,70,,258457,2,,,1,30,,258493,2,,,1,70,,258494,2,,,1,30,,258495,2,,,1,70,,258496,2,,,1,24,,258499,2,,,1,24,,258463,2,,,1,60,,258464,2,,,1,20,,258465,2,,,1,20,,258466,2,,,1,60,,258500,2,,,1,20,,258467,2,,,1,20,,258468,2,,,1,60,,258501,2,,,1,20,,258469,2,,,1,20,,258470,2,,,1,60,,258502,2,,,1,20,,258471,2,,,1,20,,258472,2,,,1,60,,258503,2,,,1,20,,258473,2,,,1,20,,258474,2,,,1,60,,258504,2,,,1,20,,258475,2,,,1,22,,258497,2,,,1,63,,258492,2,,,1,30,,258491,2,,,1,70,,258490,2,,,1,30,,258489,2,,,1,70,,258488,2,,,1,30,,258498,2,,,1,70,,258476,2,,,1,30,,258477,2,,,1,70,,258478,2,,,1,30,,258479,2,,,1,70,,258480,2,,,1,30,,258481,2,,,1,70,,258482,2,,,1,30,,258483,2,,,1,70,,258484,2,,,1,33,,258485,2,,,1,70,,258486,2,,,1,30,,258487,2,,,1
10301,'103-Saturday-1-26-09-0000010',606,,214871,2,,,1,30,,214872,2,,,1,70,,214873,2,,,1,30,,214874,2,,,1,70,,214875,2,,,1,30,,214876,2,,,1,68,,214877,2,,,1,30,,214878,2,,,1,70,,214879,2,,,1,30,,214880,2,,,1,70,,214881,2,,,1,30,,214882,2,,,1,70,,214883,2,,,1,30,,214884,2,,,1,70,,214885,2,,,1,30,,214886,2,,,1,70,,214887,2,,,1,30,,214888,2,,,1,70,,214889,2,,,1,30,,214890,2,,,1,70,,214891,2,,,1,30,,214892,2,,,1,72,,214893,2,,,1,30,,214894,2,,,1,70,,214895,2,,,1,30,,214896,2,,,1,70,,214897,2,,,1,30,,214898,2,,,1,70,,214899,2,,,1,30,,214900,2,,,1,70,,214901,2,,,1,30,,214902,2,,,1,70,,214903,2,,,1,30,,214904,2,,,1,70,,214905,2,,,1,30,,214906,2,,,1,70,,214907,2,,,1
10301,'103-Sunday-1-26-09-0000001',601,,214908,2,,,1,30,,214909,2,,,1,70,,214910,2,,,1,30,,214911,2,,,1,70,,214912,2,,,1,30,,214913,2,,,1,26,,214914,2,,,1,72,,214915,2,,,1,30,,214916,2,,,1,70,,214917,2,,,1,30,,214918,2,,,1,70,,214919,2,,,1,30,,214920,2,,,1,70,,214921,2,,,1,30,,214922,2,,,1,70,,214923,2,,,1,30,,214924,2,,,1,70,,214925,2,,,1,30,,214926,2,,,1,70,,214927,2,,,1,30,,214928,2,,,1,70,,214929,2,,,1,71,,214930,2,,,1,30,,214931,2,,,1,70,,214932,2,,,1,30,,214933,2,,,1,70,,214934,2,,,1,30,,214935,2,,,1,70,,214936,2,,,1,30,,214937,2,,,1,70,,214938,2,,,1,30,,214939,2,,,1,70,,214940,2,,,1,30,,214941,2,,,1,70,,214942,2,,,1,30,,214943,2,,,1,70,,214944,2,,,1
12401,'124-Weekday-1-26-09-1111100',524,,220879,2,,,1,30,,220917,2,,,1,71,,220874,2,,,1,15,,220902,2,,,1,15,,220903,2,,,1,55,,220904,2,,,1,15,,220905,2,,,1,15,,220906,2,,,1,15,,220907,2,,,1,55,,220908,2,,,1,15,,220909,2,,,1,30,,220875,2,,,1,70,,220876,2,,,1,30,,220877,2,,,1,70,,220878,2,,,1,30,,220895,2,,,1,70,,220901,2,,,1,30,,220900,2,,,1,70,,220899,2,,,1,30,,220898,2,,,1,70,,220889,2,,,1,30,,220897,2,,,1,70,,220896,2,,,1,30,,220916,2,,,1,55,,220913,2,,,1,15,,220912,2,,,1,15,,220880,2,,,1,15,,220881,2,,,1,55,,220882,2,,,1,15,,220883,2,,,1,15,,220884,2,,,1,15,,220885,2,,,1,55,,220886,2,,,1,15,,220887,2,,,1,15,,220873,2,,,1,72,,220910,2,,,1,33,,220911,2,,,1,70,,220888,2,,,1,30,,220894,2,,,1,70,,220893,2,,,1,30,,220892,2,,,1,70,,220891,2,,,1,30,,220890,2,,,1
12401,'124-Weekday-2-26-09-1111100',524,,220924,2,,,1,30,,220962,2,,,1,71,,220919,2,,,1,15,,220947,2,,,1,15,,220948,2,,,1,55,,220949,2,,,1,15,,220950,2,,,1,15,,220951,2,,,1,15,,220952,2,,,1,55,,220953,2,,,1,15,,220954,2,,,1,30,,220920,2,,,1,70,,220921,2,,,1,30,,220922,2,,,1,70,,220923,2,,,1,30,,220940,2,,,1,70,,220946,2,,,1,30,,220945,2,,,1,70,,220944,2,,,1,30,,220943,2,,,1,70,,220934,2,,,1,30,,220942,2,,,1,70,,220941,2,,,1,30,,220961,2,,,1,55,,220958,2,,,1,15,,220957,2,,,1,15,,220925,2,,,1,15,,220926,2,,,1,55,,220927,2,,,1,15,,220928,2,,,1,15,,220929,2,,,1,15,,220930,2,,,1,55,,220931,2,,,1,15,,220932,2,,,1,15,,220918,2,,,1,72,,220955,2,,,1,33,,220956,2,,,1,70,,220933,2,,,1,30,,220939,2,,,1,70,,220938,2,,,1,30,,220937,2,,,1,70,,220936,2,,,1,30,,220935,2,,,1
12401,'124-Weekday-3-26-09-1111100',524,,264197,2,,,1,30,,264233,2,,,1,71,,264192,2,,,1,15,,264220,2,,,1,15,,264221,2,,,1,55,,264222,2,,,1,15,,264223,2,,,1,15,,264224,2,,,1,15,,264225,2,,,1,55,,264226,2,,,1,15,,264227,2,,,1,30,,264193,2,,,1,70,,264194,2,,,1,30,,264195,2,,,1,70,,264196,2,,,1,30,,264213,2,,,1,70,,264219,2,,,1,30,,264218,2,,,1,70,,264217,2,,,1,30,,264216,2,,,1,70,,264207,2,,,1,30,,264215,2,,,1,70,,264214,2,,,1,30,,264232,2,,,1,55,,264231,2,,,1,15,,264230,2,,,1,15,,264198,2,,,1,15,,264199,2,,,1,55,,264200,2,,,1,15,,264201,2,,,1,15,,264202,2,,,1,15,,264203,2,,,1,55,,264204,2,,,1,15,,264205,2,,,1,15,,264191,2,,,1,72,,264228,2,,,1,33,,264229,2,,,1,70,,264206,2,,,1,30,,264212,2,,,1,70,,264211,2,,,1,30,,264210,2,,,1,70,,264209,2,,,1,30,,264208,2,,,1
12401,'124-Weekday-4-26-09-1111100',524,,220969,2,,,1,30,,221005,2,,,1,71,,220964,2,,,1,15,,220992,2,,,1,15,,220993,2,,,1,55,,220994,2,,,1,15,,220995,2,,,1,15,,220996,2,,,1,15,,220997,2,,,1,55,,220998,2,,,1,15,,220999,2,,,1,30,,220965,2,,,1,70,,220966,2,,,1,30,,220967,2,,,1,70,,220968,2,,,1,30,,220985,2,,,1,70,,220991,2,,,1,30,,220990,2,,,1,70,,220989,2,,,1,30,,220988,2,,,1,70,,220979,2,,,1,30,,220987,2,,,1,70,,220986,2,,,1,30,,221004,2,,,1,55,,221003,2,,,1,15,,221002,2,,,1,15,,220970,2,,,1,15,,220971,2,,,1,55,,220972,2,,,1,15,,220973,2,,,1,15,,220974,2,,,1,15,,220975,2,,,1,55,,220976,2,,,1,15,,220977,2,,,1,15,,220963,2,,,1,72,,221000,2,,,1,33,,221001,2,,,1,70,,220978,2,,,1,30,,220984,2,,,1,70,,220983,2,,,1,30,,220982,2,,,1,70,,220981,2,,,1,30,,220980,2,,,1
12401,'124-Weekday-5-26-09-1111100',524,,264240,2,,,1,30,,264276,2,,,1,71,,264235,2,,,1,15,,264263,2,,,1,15,,264264,2,,,1,55,,264265,2,,,1,15,,264266,2,,,1,15,,264267,2,,,1,15,,264268,2,,,1,55,,264269,2,,,1,15,,264270,2,,,1,30,,264236,2,,,1,70,,264237,2,,,1,30,,264238,2,,,1,70,,264239,2,,,1,30,,264256,2,,,1,70,,264262,2,,,1,30,,264261,2,,,1,70,,264260,2,,,1,30,,264259,2,,,1,70,,264250,2,,,1,30,,264258,2,,,1,70,,264257,2,,,1,30,,264275,2,,,1,55,,264274,2,,,1,15,,264273,2,,,1,15,,264241,2,,,1,15,,264242,2,,,1,55,,264243,2,,,1,15,,264244,2,,,1,15,,264245,2,,,1,15,,264246,2,,,1,55,,264247,2,,,1,15,,264248,2,,,1,15,,264234,2,,,1,72,,264271,2,,,1,33,,264272,2,,,1,70,,264249,2,,,1,30,,264255,2,,,1,70,,264254,2,,,1,30,,264253,2,,,1,70,,264252,2,,,1,30,,264251,2,,,1
12401,'124-Weekday-6-26-09-1111100',524,,264283,2,,,1,30,,264321,2,,,1,71,,264278,2,,,1,15,,264306,2,,,1,15,,264307,2,,,1,55,,264308,2,,,1,15,,264309,2,,,1,15,,264310,2,,,1,15,,264311,2,,,1,55,,264312,2,,,1,15,,264313,2,,,1,30,,264279,2,,,1,70,,264280,2,,,1,30,,264281,2,,,1,70,,264282,2,,,1,30,,264299,2,,,1,70,,264305,2,,,1,30,,264304,2,,,1,70,,264303,2,,,1,30,,264302,2,,,1,70,,264293,2,,,1,30,,264301,2,,,1,70,,264300,2,,,1,30,,264320,2,,,1,55,,264317,2,,,1,15,,264316,2,,,1,15,,264284,2,,,1,15,,264285,2,,,1,55,,264286,2,,,1,15,,264287,2,,,1,15,,264288,2,,,1,15,,264289,2,,,1,55,,264290,2,,,1,15,,264291,2,,,1,15,,264277,2,,,1,72,,264314,2,,,1,33,,264315,2,,,1,70,,264292,2,,,1,30,,264298,2,,,1,70,,264297,2,,,1,30,,264296,2,,,1,70,,264295,2,,,1,30,,264294,2,,,1
12401,'124-Weekday-7-26-09-1111100',524,,264328,2,,,1,30,,264364,2,,,1,71,,264323,2,,,1,15,,264351,2,,,1,15,,264352,2,,,1,55,,264353,2,,,1,15,,264354,2,,,1,15,,264355,2,,,1,15,,264356,2,,,1,55,,264357,2,,,1,15,,264358,2,,,1,30,,264324,2,,,1,70,,264325,2,,,1,30,,264326,2,,,1,70,,264327,2,,,1,30,,264344,2,,,1,70,,264350,2,,,1,30,,264349,2,,,1,70,,264348,2,,,1,30,,264347,2,,,1,70,,264338,2,,,1,30,,264346,2,,,1,70,,264345,2,,,1,30,,264363,2,,,1,55,,264362,2,,,1,15,,264361,2,,,1,15,,264329,2,,,1,15,,264330,2,,,1,55,,264331,2,,,1,15,,264332,2,,,1,15,,264333,2,,,1,15,,264334,2,,,1,55,,264335,2,,,1,15,,264336,2,,,1,15,,264322,2,,,1,72,,264359,2,,,1,33,,264360,2,,,1,70,,264337,2,,,1,30,,264343,2,,,1,70,,264342,2,,,1,30,,264341,2,,,1,70,,264340,2,,,1,30,,264339,2,,,1
12401,'124-Saturday-1-26-09-0000010',801,,221006,2,,,1,30,,221007,2,,,1,70,,221008,2,,,1,30,,221009,2,,,1,70,,221010,2,,,1,30,,221011,2,,,1,70,,221012,2,,,1,30,,221013,2,,,1,70,,221014,2,,,1,30,,221015,2,,,1,70,,221016,2,,,1,30,,221017,2,,,1,70,,221018,2,,,1,30,,221019,2,,,1,70,,221020,2,,,1,30,,221021,2,,,1,70,,221022,2,,,1,30,,221023,2,,,1,70,,221024,2,,,1,31,,221025,2,,,1,70,,221026,2,,,1,29,,221027,2,,,1,70,,221028,2,,,1
12401,'124-Sunday-1-26-09-0000001',950,,221029,2,,,1,70,,221030,2,,,1,30,,221031,2,,,1,69,,221032,2,,,1,30,,221033,2,,,1,70,,221034,2,,,1,30,,221035,2,,,1,70,,221036,2,,,1,30,,221037,2,,,1,70,,221038,2,,,1,30,,221039,2,,,1,70,,221040,2,,,1,30,,221041,2,,,1,70,,221042,2,,,1,30,,221043,2,,,1,71,,221044,2,,,1,30,,221045,2,,,1,70,,221046,2,,,1,31,,221047,2,,,1
24013000,'130X-Weekday-1-26-09-1111100',1521,,244977,20,,,1,21,,244978,20,,,1,62,,244979,20,,,1,20,,244980,20,,,1,20,,244981,20,,,1,60,,244982,20,,,1,20,,244983,20,,,1,20,,244984,20,,,1,60,,244985,20,,,1
24013000,'130X-Weekday-2-26-09-1111100',1521,,244986,20,,,1,21,,244987,20,,,1,62,,244988,20,,,1,20,,244989,20,,,1,20,,244990,20,,,1,60,,244991,20,,,1,20,,244992,20,,,1,20,,244993,20,,,1,60,,244994,20,,,1
24013000,'130X-Weekday-3-26-09-1111100',1521,,287450,20,,,1,21,,287451,20,,,1,62,,287452,20,,,1,20,,287453,20,,,1,20,,287454,20,,,1,60,,287455,20,,,1,20,,287456,20,,,1,20,,287457,20,,,1,60,,287458,20,,,1
24013000,'130X-Weekday-4-26-09-1111100',1521,,244995,20,,,1,21,,244996,20,,,1,62,,244997,20,,,1,20,,244998,20,,,1,20,,244999,20,,,1,60,,245000,20,,,1,20,,245001,20,,,1,20,,245002,20,,,1,60,,245003,20,,,1
24013000,'130X-Weekday-5-26-09-1111100',1521,,287459,20,,,1,21,,287460,20,,,1,62,,287461,20,,,1,20,,287462,20,,,1,20,,287463,20,,,1,60,,287464,20,,,1,20,,287465,20,,,1,20,,287466,20,,,1,60,,287467,20,,,1
24013000,'130X-Weekday-6-26-09-1111100',1521,,287468,20,,,1,21,,287469,20,,,1,62,,287470,20,,,1,20,,287471,20,,,1,20,,287472,20,,,1,60,,287473,20,,,1,20,,287474,20,,,1,20,,287475,20,,,1,60,,287476,20,,,1
24013000,'130X-Weekday-7-26-09-1111100',1521,,287477,20,,,1,21,,287478,20,,,1,62,,287479,20,,,1,20,,287480,20,,,1,20,,287481,20,,,1,60,,287482,20,,,1,20,,287483,20,,,1,20,,287484,20,,,1,60,,287485,20,,,1
