12800,'128-Weekday-1-26-09-1111100',904,,221143,14,,,1,100,,221144,14,,,1,100,,221145,14,,,1,100,,221146,14,,,1,100,,221147,14,,,1,100,,221148,14,,,1,100,,221149,14,,,1,100,,221150,14,,,1
12800,'128-Weekday-2-26-09-1111100',904,,221151,14,,,1,100,,221152,14,,,1,100,,221153,14,,,1,100,,221154,14,,,1,100,,221155,14,,,1,100,,221156,14,,,1,100,,221157,14,,,1,100,,221158,14,,,1
12800,'128-Weekday-3-26-09-1111100',904,,264441,14,,,1,100,,264442,14,,,1,100,,264443,14,,,1,100,,264444,14,,,1,100,,264445,14,,,1,100,,264446,14,,,1,100,,264447,14,,,1,100,,264448,14,,,1
12800,'128-Weekday-4-26-09-1111100',904,,221159,14,,,1,100,,221160,14,,,1,100,,221161,14,,,1,100,,221162,14,,,1,100,,221163,14,,,1,100,,221164,14,,,1,100,,221165,14,,,1,100,,221166,14,,,1
12800,'128-Weekday-5-26-09-1111100',904,,264449,14,,,1,100,,264450,14,,,1,100,,264451,14,,,1,100,,264452,14,,,1,100,,264453,14,,,1,100,,264454,14,,,1,100,,264455,14,,,1,100,,264456,14,,,1
12800,'128-Weekday-6-26-09-1111100',904,,264457,14,,,1,100,,264458,14,,,1,100,,264459,14,,,1,100,,264460,14,,,1,100,,264461,14,,,1,100,,264462,14,,,1,100,,264463,14,,,1,100,,264464,14,,,1
12800,'128-Weekday-7-26-09-1111100',904,,264465,14,,,1,100,,264466,14,,,1,100,,264467,14,,,1,100,,264468,14,,,1,100,,264469,14,,,1,100,,264470,14,,,1,100,,264471,14,,,1,100,,264472,14,,,1
12800,'128-Saturday-1-26-09-0000010',903,,221167,14,,,1,100,,221168,14,,,1,100,,221169,14,,,1,100,,221170,14,,,1,100,,221171,14,,,1,100,,221172,14,,,1,100,,221173,14,,,1,100,,221174,14,,,1
12801,'128-Weekday-1-26-09-1111100',915,,221175,2,,,1,100,,221176,2,,,1,100,,221177,2,,,1,100,,221178,2,,,1,100,,221179,2,,,1,100,,221180,2,,,1,100,,221181,2,,,1,100,,221182,2,,,1
12801,'128-Weekday-2-26-09-1111100',915,,221183,2,,,1,100,,221184,2,,,1,100,,221185,2,,,1,100,,221186,2,,,1,100,,221187,2,,,1,100,,221188,2,,,1,100,,221189,2,,,1,100,,221190,2,,,1
12801,'128-Weekday-3-26-09-1111100',915,,264473,2,,,1,100,,264474,2,,,1,100,,264475,2,,,1,100,,264476,2,,,1,100,,264477,2,,,1,100,,264478,2,,,1,100,,264479,2,,,1,100,,264480,2,,,1
12801,'128-Weekday-4-26-09-1111100',915,,221191,2,,,1,100,,221192,2,,,1,100,,221193,2,,,1,100,,221194,2,,,1,100,,221195,2,,,1,100,,221196,2,,,1,100,,221197,2,,,1,100,,221198,2,,,1
12801,'128-Weekday-5-26-09-1111100',915,,264481,2,,,1,100,,264482,2,,,1,100,,264483,2,,,1,100,,264484,2,,,1,100,,264485,2,,,1,100,,264486,2,,,1,100,,264487,2,,,1,100,,264488,2,,,1
12801,'128-Weekday-6-26-09-1111100',915,,264489,2,,,1,100,,264490,2,,,1,100,,264491,2,,,1,100,,264492,2,,,1,100,,264493,2,,,1,100,,264494,2,,,1,100,,264495,2,,,1,100,,264496,2,,,1
12801,'128-Weekday-7-26-09-1111100',915,,264497,2,,,1,100,,264498,2,,,1,100,,264499,2,,,1,100,,264500,2,,,1,100,,264501,2,,,1,100,,264502,2,,,1,100,,264503,2,,,1,100,,264504,2,,,1
12801,'128-Saturday-1-26-09-0000010',914,,221199,2,,,1,100,,221200,2,,,1,100,,221201,2,,,1,100,,221202,2,,,1,100,,221203,2,,,1,100,,221204,2,,,1,100,,221205,2,,,1,100,,221206,2,,,1
