12400,'124-Weekday-1-26-09-1111100',556,,220732,34,,,1,70,,220737,34,,,1,33,,220742,34,,,1,55,,220706,34,,,1,15,,220707,34,,,1,15,,220708,34,,,1,15,,220709,34,,,1,55,,220738,34,,,1,15,,220710,34,,,1,15,,220711,34,,,1,15,,220745,34,,,1,70,,220729,34,,,1,30,,220730,34,,,1,70,,220712,34,,,1,30,,220713,34,,,1,70,,220714,34,,,1,30,,220715,34,,,1,70,,220716,34,,,1,30,,220717,34,,,1,70,,220718,34,,,1,30,,220731,34,,,1,70,,220733,34,,,1,30,,220739,34,,,1,68,,220743,34,,,1,15,,220719,34,,,1,14,,220744,34,,,1,1,,220736,34,,,1,55,,220720,34,,,1,15,,220721,34,,,1,15,,220722,34,,,1,15,,220723,34,,,1,55,,220724,34,,,1,15,,220725,34,,,1,15,,220741,34,,,1,15,,220740,34,,,1,69,,220728,34,,,1,27,,220734,34,,,1,70,,220735,34,,,1,30,,220703,34,,,1,70,,220704,34,,,1,30,,220705,34,,,1,70,,220726,34,,,1,30,,220727,34,,,1
12400,'124-Weekday-2-26-09-1111100',556,,220775,34,,,1,70,,220780,34,,,1,33,,220785,34,,,1,55,,220749,34,,,1,15,,220750,34,,,1,15,,220751,34,,,1,15,,220752,34,,,1,55,,220781,34,,,1,15,,220753,34,,,1,15,,220754,34,,,1,15,,220788,34,,,1,70,,220772,34,,,1,30,,220773,34,,,1,70,,220755,34,,,1,30,,220756,34,,,1,70,,220757,34,,,1,30,,220758,34,,,1,70,,220759,34,,,1,30,,220760,34,,,1,70,,220761,34,,,1,30,,220774,34,,,1,70,,220776,34,,,1,30,,220782,34,,,1,68,,220786,34,,,1,15,,220762,34,,,1,14,,220787,34,,,1,1,,220779,34,,,1,55,,220763,34,,,1,15,,220764,34,,,1,15,,220765,34,,,1,15,,220766,34,,,1,55,,220767,34,,,1,15,,220768,34,,,1,15,,220784,34,,,1,15,,220783,34,,,1,69,,220771,34,,,1,27,,220777,34,,,1,70,,220778,34,,,1,30,,220746,34,,,1,70,,220747,34,,,1,30,,220748,34,,,1,70,,220769,34,,,1,30,,220770,34,,,1
12400,'124-Weekday-3-26-09-1111100',556,,264051,34,,,1,70,,264056,34,,,1,33,,264061,34,,,1,55,,264025,34,,,1,15,,264026,34,,,1,15,,264027,34,,,1,15,,264028,34,,,1,55,,264057,34,,,1,15,,264029,34,,,1,15,,264030,34,,,1,15,,264063,34,,,1,70,,264048,34,,,1,30,,264049,34,,,1,70,,264031,34,,,1,30,,264032,34,,,1,70,,264033,34,,,1,30,,264034,34,,,1,70,,264035,34,,,1,30,,264036,34,,,1,70,,264037,34,,,1,30,,264050,34,,,1,70,,264052,34,,,1,30,,264058,34,,,1,68,,264062,34,,,1,15,,264038,34,,,1,15,,264055,34,,,1,55,,264039,34,,,1,15,,264040,34,,,1,15,,264041,34,,,1,15,,264042,34,,,1,55,,264043,34,,,1,15,,264044,34,,,1,15,,264060,34,,,1,15,,264059,34,,,1,69,,264047,34,,,1,27,,264053,34,,,1,70,,264054,34,,,1,30,,264022,34,,,1,70,,264023,34,,,1,30,,264024,34,,,1,70,,264045,34,,,1,30,,264046,34,,,1
12400,'124-Weekday-4-26-09-1111100',556,,220818,34,,,1,70,,220823,34,,,1,33,,220828,34,,,1,55,,220792,34,,,1,15,,220793,34,,,1,15,,220794,34,,,1,15,,220795,34,,,1,55,,220824,34,,,1,15,,220796,34,,,1,15,,220797,34,,,1,15,,220830,34,,,1,70,,220815,34,,,1,30,,220816,34,,,1,70,,220798,34,,,1,30,,220799,34,,,1,70,,220800,34,,,1,30,,220801,34,,,1,70,,220802,34,,,1,30,,220803,34,,,1,70,,220804,34,,,1,30,,220817,34,,,1,70,,220819,34,,,1,30,,220825,34,,,1,68,,220829,34,,,1,15,,220805,34,,,1,15,,220822,34,,,1,55,,220806,34,,,1,15,,220807,34,,,1,15,,220808,34,,,1,15,,220809,34,,,1,55,,220810,34,,,1,15,,220811,34,,,1,15,,220827,34,,,1,15,,220826,34,,,1,69,,220814,34,,,1,27,,220820,34,,,1,70,,220821,34,,,1,30,,220789,34,,,1,70,,220790,34,,,1,30,,220791,34,,,1,70,,220812,34,,,1,30,,220813,34,,,1
12400,'124-Weekday-5-26-09-1111100',556,,264093,34,,,1,70,,264098,34,,,1,33,,264103,34,,,1,55,,264067,34,,,1,15,,264068,34,,,1,15,,264069,34,,,1,15,,264070,34,,,1,55,,264099,34,,,1,15,,264071,34,,,1,15,,264072,34,,,1,15,,264105,34,,,1,70,,264090,34,,,1,30,,264091,34,,,1,70,,264073,34,,,1,30,,264074,34,,,1,70,,264075,34,,,1,30,,264076,34,,,1,70,,264077,34,,,1,30,,264078,34,,,1,70,,264079,34,,,1,30,,264092,34,,,1,70,,264094,34,,,1,30,,264100,34,,,1,68,,264104,34,,,1,15,,264080,34,,,1,15,,264097,34,,,1,55,,264081,34,,,1,15,,264082,34,,,1,15,,264083,34,,,1,15,,264084,34,,,1,55,,264085,34,,,1,15,,264086,34,,,1,15,,264102,34,,,1,15,,264101,34,,,1,69,,264089,34,,,1,27,,264095,34,,,1,70,,264096,34,,,1,30,,264064,34,,,1,70,,264065,34,,,1,30,,264066,34,,,1,70,,264087,34,,,1,30,,264088,34,,,1
12400,'124-Weekday-6-26-09-1111100',556,,264135,34,,,1,70,,264140,34,,,1,33,,264145,34,,,1,55,,264109,34,,,1,15,,264110,34,,,1,15,,264111,34,,,1,15,,264112,34,,,1,55,,264141,34,,,1,15,,264113,34,,,1,15,,264114,34,,,1,15,,264148,34,,,1,70,,264132,34,,,1,30,,264133,34,,,1,70,,264115,34,,,1,30,,264116,34,,,1,70,,264117,34,,,1,30,,264118,34,,,1,70,,264119,34,,,1,30,,264120,34,,,1,70,,264121,34,,,1,30,,264134,34,,,1,70,,264136,34,,,1,30,,264142,34,,,1,68,,264146,34,,,1,15,,264122,34,,,1,14,,264147,34,,,1,1,,264139,34,,,1,55,,264123,34,,,1,15,,264124,34,,,1,15,,264125,34,,,1,15,,264126,34,,,1,55,,264127,34,,,1,15,,264128,34,,,1,15,,264144,34,,,1,15,,264143,34,,,1,69,,264131,34,,,1,27,,264137,34,,,1,70,,264138,34,,,1,30,,264106,34,,,1,70,,264107,34,,,1,30,,264108,34,,,1,70,,264129,34,,,1,30,,264130,34,,,1
12400,'124-Weekday-7-26-09-1111100',556,,264178,34,,,1,70,,264183,34,,,1,33,,264188,34,,,1,55,,264152,34,,,1,15,,264153,34,,,1,15,,264154,34,,,1,15,,264155,34,,,1,55,,264184,34,,,1,15,,264156,34,,,1,15,,264157,34,,,1,15,,264190,34,,,1,70,,264175,34,,,1,30,,264176,34,,,1,70,,264158,34,,,1,30,,264159,34,,,1,70,,264160,34,,,1,30,,264161,34,,,1,70,,264162,34,,,1,30,,264163,34,,,1,70,,264164,34,,,1,30,,264177,34,,,1,70,,264179,34,,,1,30,,264185,34,,,1,68,,264189,34,,,1,15,,264165,34,,,1,15,,264182,34,,,1,55,,264166,34,,,1,15,,264167,34,,,1,15,,264168,34,,,1,15,,264169,34,,,1,55,,264170,34,,,1,15,,264171,34,,,1,15,,264187,34,,,1,15,,264186,34,,,1,69,,264174,34,,,1,27,,264180,34,,,1,70,,264181,34,,,1,30,,264149,34,,,1,70,,264150,34,,,1,30,,264151,34,,,1,70,,264172,34,,,1,30,,264173,34,,,1
12400,'124-Saturday-1-26-09-0000010',806,,220831,34,,,1,30,,220832,34,,,1,72,,220833,34,,,1,30,,220834,34,,,1,70,,220835,34,,,1,30,,220836,34,,,1,70,,220837,34,,,1,30,,220838,34,,,1,70,,220839,34,,,1,30,,220840,34,,,1,70,,220841,34,,,1,30,,220842,34,,,1,70,,220843,34,,,1,30,,220844,34,,,1,70,,220845,34,,,1,30,,220846,34,,,1,70,,220847,34,,,1,30,,220848,34,,,1,69,,220849,34,,,1,30,,220850,34,,,1,70,,220851,34,,,1,30,,220852,34,,,1,70,,220853,34,,,1
12400,'124-Sunday-1-26-09-0000001',1026,,220854,34,,,1,27,,220855,34,,,1,70,,220856,34,,,1,30,,220857,34,,,1,70,,220858,34,,,1,30,,220859,34,,,1,70,,220860,34,,,1,30,,220861,34,,,1,70,,220862,34,,,1,30,,220863,34,,,1,70,,220864,34,,,1,30,,220865,34,,,1,70,,220866,34,,,1,31,,220867,34,,,1,70,,220868,34,,,1,30,,220869,34,,,1,70,,220870,34,,,1,33,,220871,34,,,1,70,,220872,34,,,1
62500,'625-Weekday-1-26-09-1110100',1530,,227551,34,,,1
62500,'625-Weekday-4-26-09-1110100',1530,,270375,34,,,1
62500,'625-Weekday-7-26-09-1110100',1530,,270376,34,,,1
24014000,'140X-Weekday-1-26-09-1111100',1534,,245037,33,,,1,21,,245038,33,,,1,62,,245039,33,,,1,21,,245040,33,,,1,20,,245041,33,,,1,59,,245042,33,,,1,16,,245043,33,,,1,16,,245044,33,,,1
24014000,'140X-Weekday-2-26-09-1111100',1534,,245045,33,,,1,21,,245046,33,,,1,62,,245047,33,,,1,21,,245048,33,,,1,20,,245049,33,,,1,59,,245050,33,,,1,16,,245051,33,,,1,16,,245052,33,,,1
24014000,'140X-Weekday-3-26-09-1111100',1534,,287530,33,,,1,21,,287531,33,,,1,62,,287532,33,,,1,21,,287533,33,,,1,20,,287534,33,,,1,59,,287535,33,,,1,16,,287536,33,,,1,16,,287537,33,,,1
24014000,'140X-Weekday-4-26-09-1111100',1534,,245053,33,,,1,21,,245054,33,,,1,62,,245055,33,,,1,21,,245056,33,,,1,20,,245057,33,,,1,59,,245058,33,,,1,16,,245059,33,,,1,16,,245060,33,,,1
24014000,'140X-Weekday-5-26-09-1111100',1534,,287538,33,,,1,21,,287539,33,,,1,62,,287540,33,,,1,21,,287541,33,,,1,20,,287542,33,,,1,59,,287543,33,,,1,16,,287544,33,,,1,16,,287545,33,,,1
24014000,'140X-Weekday-6-26-09-1111100',1534,,287546,33,,,1,21,,287547,33,,,1,62,,287548,33,,,1,21,,287549,33,,,1,20,,287550,33,,,1,59,,287551,33,,,1,16,,287552,33,,,1,16,,287553,33,,,1
24014000,'140X-Weekday-7-26-09-1111100',1534,,287554,33,,,1,21,,287555,33,,,1,62,,287556,33,,,1,21,,287557,33,,,1,20,,287558,33,,,1,59,,287559,33,,,1,16,,287560,33,,,1,16,,287561,33,,,1
