51100,'511-Weekday-1-26-09-1111100',2522,,223003,18,0,28 31,1,30,,223004,18,0,28 31,1,70,,223005,18,0,28 31,1,30,,223006,18,0,28 31,1
51100,'511-Weekday-2-26-09-1111100',2522,,223007,18,0,28 31,1,30,,223008,18,0,28 31,1,70,,223009,18,0,28 31,1,30,,223010,18,0,28 31,1
51100,'511-Weekday-3-26-09-1111100',2522,,266272,18,0,28 31,1,30,,266273,18,0,28 31,1,70,,266274,18,0,28 31,1,30,,266275,18,0,28 31,1
51100,'511-Weekday-4-26-09-1111100',2522,,223011,18,0,28 31,1,30,,223012,18,0,28 31,1,70,,223013,18,0,28 31,1,30,,223014,18,0,28 31,1
51100,'511-Weekday-5-26-09-1111100',2522,,266276,18,0,28 31,1,30,,266277,18,0,28 31,1,70,,266278,18,0,28 31,1,30,,266279,18,0,28 31,1
51100,'511-Weekday-6-26-09-1111100',2522,,266280,18,0,28 31,1,30,,266281,18,0,28 31,1,70,,266282,18,0,28 31,1,30,,266283,18,0,28 31,1
51100,'511-Weekday-7-26-09-1111100',2522,,266284,18,0,28 31,1,30,,266285,18,0,28 31,1,70,,266286,18,0,28 31,1,30,,266287,18,0,28 31,1
51100,'511-Saturday-1-26-09-0000010',2521,,223015,18,0,28 31,1,30,,223016,18,0,28 31,1,70,,223017,18,0,28 31,1,30,,223018,18,0,28 31,1
51100,'511-Sunday-1-26-09-0000001',2520,,223019,18,0,28 31,1,30,,223020,18,0,28 31,1,70,,223021,18,0,28 31,1,30,,223022,18,0,28 31,1
63600,'636-Weekday-1-26-09-0000100',952,,227604,7,,,1
63600,'636-Weekday-1-26-09-1111000',828,,227605,7,,,1
63600,'636-Weekday-3-26-09-1111000',828,,227606,7,,,1
63600,'636-Weekday-7-26-09-1111000',828,,270434,7,,,1
24050001,'500X-Weekday-1-26-09-1111100',551,,245303,4,,,1,63,,245301,4,,,1,23,,245348,4,,,1,8,,245347,4,,,1,7,,245302,4,,,1,48,,245304,4,,,1,7,,245312,4,,,1,8,,245305,4,,,1,7,,245313,4,,,1,8,,245306,4,,,1,7,,245314,4,,,1,8,,245307,4,,,1,7,,245315,4,,,1,48,,245308,4,,,1,7,,245316,4,,,1,8,,245309,4,,,1,7,,245317,4,,,1,8,,245310,4,,,1,7,,245318,4,,,1,8,,245311,4,,,1,7,,245346,4,,,1,59,,245319,4,,,1,19,,245320,4,,,1,20,,245321,4,,,1,60,,245322,4,,,1,20,,245323,4,,,1,20,,245324,4,,,1,60,,245325,4,,,1,20,,245326,4,,,1,20,,245327,4,,,1,60,,245328,4,,,1,20,,245349,4,,,1,20,,245350,4,,,1,60,,245351,4,,,1,20,,245352,4,,,1,20,,245353,4,,,1,60,,245329,4,,,1,20,,245330,4,,,1,20,,245331,4,,,1,60,,245332,4,,,1,19,,245333,4,,,1,20,,245334,4,,,1,60,,245335,4,,,1,20,,245336,4,,,1,20,,245337,4,,,1,60,,245354,4,,,1,20,,245355,4,,,1,20,,245356,4,,,1,60,,245338,4,,,1,30,,245339,4,,,1,71,,245340,4,,,1,30,,245341,4,,,1,70,,245342,4,,,1,30,,245343,4,,,1,70,,245344,4,,,1,30,,245345,4,,,1
24050001,'500X-Weekday-2-26-09-1111100',551,,245359,4,,,1,63,,245357,4,,,1,23,,245404,4,,,1,8,,245403,4,,,1,7,,245358,4,,,1,48,,245360,4,,,1,7,,245368,4,,,1,8,,245361,4,,,1,7,,245369,4,,,1,8,,245362,4,,,1,7,,245370,4,,,1,8,,245363,4,,,1,7,,245371,4,,,1,48,,245364,4,,,1,7,,245372,4,,,1,8,,245365,4,,,1,7,,245373,4,,,1,8,,245366,4,,,1,7,,245374,4,,,1,8,,245367,4,,,1,7,,245402,4,,,1,59,,245375,4,,,1,19,,245376,4,,,1,20,,245377,4,,,1,60,,245378,4,,,1,20,,245379,4,,,1,20,,245380,4,,,1,60,,245381,4,,,1,20,,245382,4,,,1,20,,245383,4,,,1,60,,245384,4,,,1,20,,245405,4,,,1,20,,245406,4,,,1,60,,245407,4,,,1,20,,245408,4,,,1,20,,245409,4,,,1,60,,245385,4,,,1,20,,245386,4,,,1,20,,245387,4,,,1,60,,245388,4,,,1,19,,245389,4,,,1,20,,245390,4,,,1,60,,245391,4,,,1,20,,245392,4,,,1,20,,245393,4,,,1,60,,245410,4,,,1,20,,245411,4,,,1,20,,245412,4,,,1,60,,245394,4,,,1,30,,245395,4,,,1,71,,245396,4,,,1,30,,245397,4,,,1,70,,245398,4,,,1,30,,245399,4,,,1,70,,245400,4,,,1,30,,245401,4,,,1
24050001,'500X-Weekday-3-26-09-1111100',551,,287884,4,,,1,63,,287882,4,,,1,23,,287929,4,,,1,8,,287928,4,,,1,7,,287883,4,,,1,48,,287885,4,,,1,7,,287893,4,,,1,8,,287886,4,,,1,7,,287894,4,,,1,8,,287887,4,,,1,7,,287895,4,,,1,8,,287888,4,,,1,7,,287896,4,,,1,48,,287889,4,,,1,7,,287897,4,,,1,8,,287890,4,,,1,7,,287898,4,,,1,8,,287891,4,,,1,7,,287899,4,,,1,8,,287892,4,,,1,7,,287927,4,,,1,59,,287900,4,,,1,19,,287901,4,,,1,20,,287902,4,,,1,60,,287903,4,,,1,20,,287904,4,,,1,20,,287905,4,,,1,60,,287906,4,,,1,20,,287907,4,,,1,20,,287908,4,,,1,60,,287909,4,,,1,20,,287930,4,,,1,20,,287931,4,,,1,60,,287932,4,,,1,20,,287933,4,,,1,20,,287934,4,,,1,60,,287910,4,,,1,20,,287911,4,,,1,20,,287912,4,,,1,60,,287913,4,,,1,19,,287914,4,,,1,20,,287915,4,,,1,60,,287916,4,,,1,20,,287917,4,,,1,20,,287918,4,,,1,60,,287935,4,,,1,20,,287936,4,,,1,20,,287937,4,,,1,60,,287919,4,,,1,30,,287920,4,,,1,71,,287921,4,,,1,30,,287922,4,,,1,70,,287923,4,,,1,30,,287924,4,,,1,70,,287925,4,,,1,30,,287926,4,,,1
24050001,'500X-Weekday-4-26-09-1111100',551,,245415,4,,,1,63,,245413,4,,,1,23,,245460,4,,,1,8,,245459,4,,,1,7,,245414,4,,,1,48,,245416,4,,,1,7,,245424,4,,,1,8,,245417,4,,,1,7,,245425,4,,,1,8,,245418,4,,,1,7,,245426,4,,,1,8,,245419,4,,,1,7,,245427,4,,,1,48,,245420,4,,,1,7,,245428,4,,,1,8,,245421,4,,,1,7,,245429,4,,,1,8,,245422,4,,,1,7,,245430,4,,,1,8,,245423,4,,,1,7,,245458,4,,,1,59,,245431,4,,,1,19,,245432,4,,,1,20,,245433,4,,,1,60,,245434,4,,,1,20,,245435,4,,,1,20,,245436,4,,,1,60,,245437,4,,,1,20,,245438,4,,,1,20,,245439,4,,,1,60,,245440,4,,,1,20,,245461,4,,,1,20,,245462,4,,,1,60,,245463,4,,,1,20,,245464,4,,,1,20,,245465,4,,,1,60,,245441,4,,,1,20,,245442,4,,,1,20,,245443,4,,,1,60,,245444,4,,,1,19,,245445,4,,,1,20,,245446,4,,,1,60,,245447,4,,,1,20,,245448,4,,,1,20,,245449,4,,,1,60,,245466,4,,,1,20,,245467,4,,,1,20,,245468,4,,,1,60,,245450,4,,,1,30,,245451,4,,,1,71,,245452,4,,,1,30,,245453,4,,,1,70,,245454,4,,,1,30,,245455,4,,,1,70,,245456,4,,,1,30,,245457,4,,,1
24050001,'500X-Weekday-5-26-09-1111100',551,,287940,4,,,1,63,,287938,4,,,1,23,,287985,4,,,1,8,,287984,4,,,1,7,,287939,4,,,1,48,,287941,4,,,1,7,,287949,4,,,1,8,,287942,4,,,1,7,,287950,4,,,1,8,,287943,4,,,1,7,,287951,4,,,1,8,,287944,4,,,1,7,,287952,4,,,1,48,,287945,4,,,1,7,,287953,4,,,1,8,,287946,4,,,1,7,,287954,4,,,1,8,,287947,4,,,1,7,,287955,4,,,1,8,,287948,4,,,1,7,,287983,4,,,1,59,,287956,4,,,1,19,,287957,4,,,1,20,,287958,4,,,1,60,,287959,4,,,1,20,,287960,4,,,1,20,,287961,4,,,1,60,,287962,4,,,1,20,,287963,4,,,1,20,,287964,4,,,1,60,,287965,4,,,1,20,,287986,4,,,1,20,,287987,4,,,1,60,,287988,4,,,1,20,,287989,4,,,1,20,,287990,4,,,1,60,,287966,4,,,1,20,,287967,4,,,1,20,,287968,4,,,1,60,,287969,4,,,1,19,,287970,4,,,1,20,,287971,4,,,1,60,,287972,4,,,1,20,,287973,4,,,1,20,,287974,4,,,1,60,,287991,4,,,1,20,,287992,4,,,1,20,,287993,4,,,1,60,,287975,4,,,1,30,,287976,4,,,1,71,,287977,4,,,1,30,,287978,4,,,1,70,,287979,4,,,1,30,,287980,4,,,1,70,,287981,4,,,1,30,,287982,4,,,1
24050001,'500X-Weekday-6-26-09-1111100',551,,287996,4,,,1,63,,287994,4,,,1,23,,288041,4,,,1,8,,288040,4,,,1,7,,287995,4,,,1,48,,287997,4,,,1,7,,288005,4,,,1,8,,287998,4,,,1,7,,288006,4,,,1,8,,287999,4,,,1,7,,288007,4,,,1,8,,288000,4,,,1,7,,288008,4,,,1,48,,288001,4,,,1,7,,288009,4,,,1,8,,288002,4,,,1,7,,288010,4,,,1,8,,288003,4,,,1,7,,288011,4,,,1,8,,288004,4,,,1,7,,288039,4,,,1,59,,288012,4,,,1,19,,288013,4,,,1,20,,288014,4,,,1,60,,288015,4,,,1,20,,288016,4,,,1,20,,288017,4,,,1,60,,288018,4,,,1,20,,288019,4,,,1,20,,288020,4,,,1,60,,288021,4,,,1,20,,288042,4,,,1,20,,288043,4,,,1,60,,288044,4,,,1,20,,288045,4,,,1,20,,288046,4,,,1,60,,288022,4,,,1,20,,288023,4,,,1,20,,288024,4,,,1,60,,288025,4,,,1,19,,288026,4,,,1,20,,288027,4,,,1,60,,288028,4,,,1,20,,288029,4,,,1,20,,288030,4,,,1,60,,288047,4,,,1,20,,288048,4,,,1,20,,288049,4,,,1,60,,288031,4,,,1,30,,288032,4,,,1,71,,288033,4,,,1,30,,288034,4,,,1,70,,288035,4,,,1,30,,288036,4,,,1,70,,288037,4,,,1,30,,288038,4,,,1
24050001,'500X-Weekday-7-26-09-1111100',551,,288052,4,,,1,63,,288050,4,,,1,23,,288097,4,,,1,8,,288096,4,,,1,7,,288051,4,,,1,48,,288053,4,,,1,7,,288061,4,,,1,8,,288054,4,,,1,7,,288062,4,,,1,8,,288055,4,,,1,7,,288063,4,,,1,8,,288056,4,,,1,7,,288064,4,,,1,48,,288057,4,,,1,7,,288065,4,,,1,8,,288058,4,,,1,7,,288066,4,,,1,8,,288059,4,,,1,7,,288067,4,,,1,8,,288060,4,,,1,7,,288095,4,,,1,59,,288068,4,,,1,19,,288069,4,,,1,20,,288070,4,,,1,60,,288071,4,,,1,20,,288072,4,,,1,20,,288073,4,,,1,60,,288074,4,,,1,20,,288075,4,,,1,20,,288076,4,,,1,60,,288077,4,,,1,20,,288098,4,,,1,20,,288099,4,,,1,60,,288100,4,,,1,20,,288101,4,,,1,20,,288102,4,,,1,60,,288078,4,,,1,20,,288079,4,,,1,20,,288080,4,,,1,60,,288081,4,,,1,19,,288082,4,,,1,20,,288083,4,,,1,60,,288084,4,,,1,20,,288085,4,,,1,20,,288086,4,,,1,60,,288103,4,,,1,20,,288104,4,,,1,20,,288105,4,,,1,60,,288087,4,,,1,30,,288088,4,,,1,71,,288089,4,,,1,30,,288090,4,,,1,70,,288091,4,,,1,30,,288092,4,,,1,70,,288093,4,,,1,30,,288094,4,,,1
