67100,'671-Weekday-1-26-09-1111100',815,,227808,2,,,1,5,,227809,2,,,1,13,,227806,2,,,1,5,,227807,2,,,1
67100,'671-Weekday-3-26-09-1111100',815,,227812,2,,,1,5,,227813,2,,,1,13,,227810,2,,,1,5,,227811,2,,,1
67100,'671-Weekday-7-26-09-1111100',815,,270590,2,,,1,5,,270591,2,,,1,13,,270588,2,,,1,5,,270589,2,,,1
91400,'914-Weekday-1-26-09-1111100',547,,239168,25,,,1,70,,239169,25,,,1,34,,239203,25,,,1,60,,239170,25,,,1,20,,239208,25,,,1,20,,239171,25,,,1,60,,239172,25,,,1,20,,239173,25,,,1,19,,239209,25,,,1,70,,239174,25,,,1,30,,239175,25,,,1,70,,239176,25,,,1,30,,239177,25,,,1,70,,239178,25,,,1,30,,239179,25,,,1,70,,239180,25,,,1,30,,239181,25,,,1,70,,239182,25,,,1,30,,239183,25,,,1,70,,239184,25,,,1,30,,239185,25,,,1,74,,239186,25,,,1,30,,239204,25,,,1,55,,239187,25,,,1,15,,239207,25,,,1,15,,239188,25,,,1,15,,239189,25,,,1,55,,239190,25,,,1,15,,239191,25,,,1,15,,239205,25,,,1,15,,239206,25,,,1,70,,239192,25,,,1,26,,239193,25,,,1,70,,239194,25,,,1,30,,239195,25,,,1,70,,239196,25,,,1,30,,239197,25,,,1,70,,239198,25,,,1,30,,239199,25,,,1,67,,239202,25,,,1,100,,239200,25,,,1,100,,239201,25,,,1
91400,'914-Weekday-2-26-09-1111100',547,,239210,25,,,1,70,,239211,25,,,1,34,,239245,25,,,1,60,,239212,25,,,1,20,,239250,25,,,1,20,,239213,25,,,1,60,,239214,25,,,1,20,,239215,25,,,1,19,,239251,25,,,1,70,,239216,25,,,1,30,,239217,25,,,1,70,,239218,25,,,1,30,,239219,25,,,1,70,,239220,25,,,1,30,,239221,25,,,1,70,,239222,25,,,1,30,,239223,25,,,1,70,,239224,25,,,1,30,,239225,25,,,1,70,,239226,25,,,1,30,,239227,25,,,1,74,,239228,25,,,1,30,,239246,25,,,1,55,,239229,25,,,1,15,,239249,25,,,1,15,,239230,25,,,1,15,,239231,25,,,1,55,,239232,25,,,1,15,,239233,25,,,1,15,,239247,25,,,1,15,,239248,25,,,1,70,,239234,25,,,1,26,,239235,25,,,1,70,,239236,25,,,1,30,,239237,25,,,1,70,,239238,25,,,1,30,,239239,25,,,1,70,,239240,25,,,1,30,,239241,25,,,1,67,,239244,25,,,1,100,,239242,25,,,1,100,,239243,25,,,1
91400,'914-Weekday-3-26-09-1111100',547,,281782,25,,,1,70,,281783,25,,,1,34,,281817,25,,,1,60,,281784,25,,,1,20,,281822,25,,,1,20,,281785,25,,,1,60,,281786,25,,,1,20,,281787,25,,,1,19,,281823,25,,,1,70,,281788,25,,,1,30,,281789,25,,,1,70,,281790,25,,,1,30,,281791,25,,,1,70,,281792,25,,,1,30,,281793,25,,,1,70,,281794,25,,,1,30,,281795,25,,,1,70,,281796,25,,,1,30,,281797,25,,,1,70,,281798,25,,,1,30,,281799,25,,,1,74,,281800,25,,,1,30,,281818,25,,,1,55,,281801,25,,,1,15,,281821,25,,,1,15,,281802,25,,,1,15,,281803,25,,,1,55,,281804,25,,,1,15,,281805,25,,,1,15,,281819,25,,,1,15,,281820,25,,,1,70,,281806,25,,,1,26,,281807,25,,,1,70,,281808,25,,,1,30,,281809,25,,,1,70,,281810,25,,,1,30,,281811,25,,,1,70,,281812,25,,,1,30,,281813,25,,,1,67,,281816,25,,,1,100,,281814,25,,,1,100,,281815,25,,,1
91400,'914-Weekday-4-26-09-1111100',547,,239252,25,,,1,70,,239253,25,,,1,34,,239287,25,,,1,60,,239254,25,,,1,20,,239292,25,,,1,20,,239255,25,,,1,60,,239256,25,,,1,20,,239257,25,,,1,19,,239293,25,,,1,70,,239258,25,,,1,30,,239259,25,,,1,70,,239260,25,,,1,30,,239261,25,,,1,70,,239262,25,,,1,30,,239263,25,,,1,70,,239264,25,,,1,30,,239265,25,,,1,70,,239266,25,,,1,30,,239267,25,,,1,70,,239268,25,,,1,30,,239269,25,,,1,74,,239270,25,,,1,30,,239288,25,,,1,55,,239271,25,,,1,15,,239291,25,,,1,15,,239272,25,,,1,15,,239273,25,,,1,55,,239274,25,,,1,15,,239275,25,,,1,15,,239289,25,,,1,15,,239290,25,,,1,70,,239276,25,,,1,26,,239277,25,,,1,70,,239278,25,,,1,30,,239279,25,,,1,70,,239280,25,,,1,30,,239281,25,,,1,70,,239282,25,,,1,30,,239283,25,,,1,67,,239286,25,,,1,100,,239284,25,,,1,100,,239285,25,,,1
91400,'914-Weekday-5-26-09-1111100',547,,281824,25,,,1,70,,281825,25,,,1,34,,281859,25,,,1,60,,281826,25,,,1,20,,281864,25,,,1,20,,281827,25,,,1,60,,281828,25,,,1,20,,281829,25,,,1,19,,281865,25,,,1,70,,281830,25,,,1,30,,281831,25,,,1,70,,281832,25,,,1,30,,281833,25,,,1,70,,281834,25,,,1,30,,281835,25,,,1,70,,281836,25,,,1,30,,281837,25,,,1,70,,281838,25,,,1,30,,281839,25,,,1,70,,281840,25,,,1,30,,281841,25,,,1,74,,281842,25,,,1,30,,281860,25,,,1,55,,281843,25,,,1,15,,281863,25,,,1,15,,281844,25,,,1,15,,281845,25,,,1,55,,281846,25,,,1,15,,281847,25,,,1,15,,281861,25,,,1,15,,281862,25,,,1,70,,281848,25,,,1,26,,281849,25,,,1,70,,281850,25,,,1,30,,281851,25,,,1,70,,281852,25,,,1,30,,281853,25,,,1,70,,281854,25,,,1,30,,281855,25,,,1,67,,281858,25,,,1,100,,281856,25,,,1,100,,281857,25,,,1
91400,'914-Weekday-6-26-09-1111100',547,,281866,25,,,1,70,,281867,25,,,1,34,,281901,25,,,1,60,,281868,25,,,1,20,,281906,25,,,1,20,,281869,25,,,1,60,,281870,25,,,1,20,,281871,25,,,1,19,,281907,25,,,1,70,,281872,25,,,1,30,,281873,25,,,1,70,,281874,25,,,1,30,,281875,25,,,1,70,,281876,25,,,1,30,,281877,25,,,1,70,,281878,25,,,1,30,,281879,25,,,1,70,,281880,25,,,1,30,,281881,25,,,1,70,,281882,25,,,1,30,,281883,25,,,1,74,,281884,25,,,1,30,,281902,25,,,1,55,,281885,25,,,1,15,,281905,25,,,1,15,,281886,25,,,1,15,,281887,25,,,1,55,,281888,25,,,1,15,,281889,25,,,1,15,,281903,25,,,1,15,,281904,25,,,1,70,,281890,25,,,1,26,,281891,25,,,1,70,,281892,25,,,1,30,,281893,25,,,1,70,,281894,25,,,1,30,,281895,25,,,1,70,,281896,25,,,1,30,,281897,25,,,1,67,,281900,25,,,1,100,,281898,25,,,1,100,,281899,25,,,1
91400,'914-Weekday-7-26-09-1111100',547,,281908,25,,,1,70,,281909,25,,,1,34,,281943,25,,,1,60,,281910,25,,,1,20,,281948,25,,,1,20,,281911,25,,,1,60,,281912,25,,,1,20,,281913,25,,,1,19,,281949,25,,,1,70,,281914,25,,,1,30,,281915,25,,,1,70,,281916,25,,,1,30,,281917,25,,,1,70,,281918,25,,,1,30,,281919,25,,,1,70,,281920,25,,,1,30,,281921,25,,,1,70,,281922,25,,,1,30,,281923,25,,,1,70,,281924,25,,,1,30,,281925,25,,,1,74,,281926,25,,,1,30,,281944,25,,,1,55,,281927,25,,,1,15,,281947,25,,,1,15,,281928,25,,,1,15,,281929,25,,,1,55,,281930,25,,,1,15,,281931,25,,,1,15,,281945,25,,,1,15,,281946,25,,,1,70,,281932,25,,,1,26,,281933,25,,,1,70,,281934,25,,,1,30,,281935,25,,,1,70,,281936,25,,,1,30,,281937,25,,,1,70,,281938,25,,,1,30,,281939,25,,,1,67,,281942,25,,,1,100,,281940,25,,,1,100,,281941,25,,,1
91400,'914-Saturday-1-26-09-0000010',717,,239294,25,,,1,100,,239295,25,,,1,30,,239296,25,,,1,73,,239297,25,,,1,30,,239298,25,,,1,70,,239299,25,,,1,30,,239300,25,,,1,70,,239301,25,,,1,30,,239302,25,,,1,70,,239303,25,,,1,30,,239304,25,,,1,70,,239305,25,,,1,30,,239306,25,,,1,70,,239307,25,,,1,30,,239308,25,,,1,70,,239309,25,,,1,30,,239310,25,,,1,70,,239311,25,,,1,30,,239312,25,,,1,69,,239313,25,,,1,30,,239314,25,,,1,70,,239315,25,,,1,30,,239316,25,,,1,100,,239317,25,,,1,100,,239318,25,,,1,100,,239319,25,,,1,100,,239320,25,,,1
91400,'914-Sunday-1-26-09-0000001',717,,239321,25,,,1,100,,239322,25,,,1,99,,239323,25,,,1,103,,239324,25,,,1,100,,239325,25,,,1,30,,239326,25,,,1,70,,239327,25,,,1,30,,239328,25,,,1,70,,239329,25,,,1,30,,239330,25,,,1,70,,239331,25,,,1,30,,239332,25,,,1,70,,239333,25,,,1,30,,239334,25,,,1,70,,239335,25,,,1,30,,239336,25,,,1,70,,239337,25,,,1,28,,239338,25,,,1,70,,239339,25,,,1,30,,239340,25,,,1,100,,239341,25,,,1,100,,239342,25,,,1
