3100,'031-Weekday-1-26-09-1111100',602,,210703,3,,,1,31,,210704,3,,,1,70,,210705,3,,,1,15,,210706,3,,,1,16,,210719,3,,,1,15,,210707,3,,,1,55,,210695,3,,,1,14,,210694,3,,,1,15,,210720,3,,,1,15,,210696,3,,,1,55,,210697,3,,,1,15,,210708,3,,,1,15,,210721,3,,,1,20,,210698,3,,,1,60,,210699,3,,,1,20,,210722,3,,,1,20,,210693,3,,,1,60,,210700,3,,,1,20,,210723,3,,,1,20,,210701,3,,,1,60,,210691,3,,,1,20,,210718,3,,,1,20,,210702,3,,,1,60,,210683,3,,,1,20,,210717,3,,,1,20,,210690,3,,,1,70,,210684,3,,,1,30,,210685,3,,,1,70,,210686,3,,,1,30,,210689,3,,,1,70,,210692,3,,,1,30,,210687,3,,,1,70,,210688,3,,,1,34,,210710,3,,,1,70,,210711,3,,,1,30,,210712,3,,,1,70,,210713,3,,,1,30,,210714,3,,,1,70,,210715,3,,,1,30,,210716,3,,,1,70,,210709,3,,,1
3100,'031-Weekday-2-26-09-1111100',602,,210744,3,,,1,31,,210745,3,,,1,70,,210746,3,,,1,15,,210747,3,,,1,16,,210760,3,,,1,15,,210748,3,,,1,55,,210736,3,,,1,14,,210735,3,,,1,15,,210761,3,,,1,15,,210737,3,,,1,55,,210738,3,,,1,15,,210749,3,,,1,15,,210762,3,,,1,20,,210739,3,,,1,60,,210740,3,,,1,20,,210763,3,,,1,20,,210734,3,,,1,60,,210741,3,,,1,20,,210764,3,,,1,20,,210742,3,,,1,60,,210732,3,,,1,20,,210759,3,,,1,20,,210743,3,,,1,60,,210724,3,,,1,20,,210758,3,,,1,20,,210731,3,,,1,70,,210725,3,,,1,30,,210726,3,,,1,70,,210727,3,,,1,30,,210730,3,,,1,70,,210733,3,,,1,30,,210728,3,,,1,70,,210729,3,,,1,34,,210751,3,,,1,70,,210752,3,,,1,30,,210753,3,,,1,70,,210754,3,,,1,30,,210755,3,,,1,70,,210756,3,,,1,30,,210757,3,,,1,70,,210750,3,,,1
3100,'031-Weekday-3-26-09-1111100',602,,253907,3,,,1,31,,253908,3,,,1,70,,253909,3,,,1,15,,253910,3,,,1,16,,253923,3,,,1,15,,253911,3,,,1,55,,253899,3,,,1,14,,253898,3,,,1,15,,253924,3,,,1,15,,253900,3,,,1,55,,253901,3,,,1,15,,253912,3,,,1,15,,253925,3,,,1,20,,253902,3,,,1,60,,253903,3,,,1,20,,253926,3,,,1,20,,253897,3,,,1,60,,253904,3,,,1,20,,253927,3,,,1,20,,253905,3,,,1,60,,253895,3,,,1,20,,253922,3,,,1,20,,253906,3,,,1,60,,253887,3,,,1,20,,253921,3,,,1,20,,253894,3,,,1,70,,253888,3,,,1,30,,253889,3,,,1,70,,253890,3,,,1,30,,253893,3,,,1,70,,253896,3,,,1,30,,253891,3,,,1,70,,253892,3,,,1,34,,253914,3,,,1,70,,253915,3,,,1,30,,253916,3,,,1,70,,253917,3,,,1,30,,253918,3,,,1,70,,253919,3,,,1,30,,253920,3,,,1,70,,253913,3,,,1
3100,'031-Weekday-4-26-09-1111100',602,,210785,3,,,1,31,,210786,3,,,1,70,,210787,3,,,1,15,,210788,3,,,1,16,,210801,3,,,1,15,,210789,3,,,1,55,,210777,3,,,1,14,,210776,3,,,1,15,,210802,3,,,1,15,,210778,3,,,1,55,,210779,3,,,1,15,,210790,3,,,1,15,,210803,3,,,1,20,,210780,3,,,1,60,,210781,3,,,1,20,,210804,3,,,1,20,,210775,3,,,1,60,,210782,3,,,1,20,,210805,3,,,1,20,,210783,3,,,1,60,,210773,3,,,1,20,,210800,3,,,1,20,,210784,3,,,1,60,,210765,3,,,1,20,,210799,3,,,1,20,,210772,3,,,1,70,,210766,3,,,1,30,,210767,3,,,1,70,,210768,3,,,1,30,,210771,3,,,1,70,,210774,3,,,1,30,,210769,3,,,1,70,,210770,3,,,1,34,,210792,3,,,1,70,,210793,3,,,1,30,,210794,3,,,1,70,,210795,3,,,1,30,,210796,3,,,1,70,,210797,3,,,1,30,,210798,3,,,1,70,,210791,3,,,1
3100,'031-Weekday-5-26-09-1111100',602,,253948,3,,,1,31,,253949,3,,,1,70,,253950,3,,,1,15,,253951,3,,,1,16,,253964,3,,,1,15,,253952,3,,,1,55,,253940,3,,,1,14,,253939,3,,,1,15,,253965,3,,,1,15,,253941,3,,,1,55,,253942,3,,,1,15,,253953,3,,,1,15,,253966,3,,,1,20,,253943,3,,,1,60,,253944,3,,,1,20,,253967,3,,,1,20,,253938,3,,,1,60,,253945,3,,,1,20,,253968,3,,,1,20,,253946,3,,,1,60,,253936,3,,,1,20,,253963,3,,,1,20,,253947,3,,,1,60,,253928,3,,,1,20,,253962,3,,,1,20,,253935,3,,,1,70,,253929,3,,,1,30,,253930,3,,,1,70,,253931,3,,,1,30,,253934,3,,,1,70,,253937,3,,,1,30,,253932,3,,,1,70,,253933,3,,,1,34,,253955,3,,,1,70,,253956,3,,,1,30,,253957,3,,,1,70,,253958,3,,,1,30,,253959,3,,,1,70,,253960,3,,,1,30,,253961,3,,,1,70,,253954,3,,,1
3100,'031-Weekday-6-26-09-1111100',602,,253989,3,,,1,31,,253990,3,,,1,70,,253991,3,,,1,15,,253992,3,,,1,16,,254005,3,,,1,15,,253993,3,,,1,55,,253981,3,,,1,14,,253980,3,,,1,15,,254006,3,,,1,15,,253982,3,,,1,55,,253983,3,,,1,15,,253994,3,,,1,15,,254007,3,,,1,20,,253984,3,,,1,60,,253985,3,,,1,20,,254008,3,,,1,20,,253979,3,,,1,60,,253986,3,,,1,20,,254009,3,,,1,20,,253987,3,,,1,60,,253977,3,,,1,20,,254004,3,,,1,20,,253988,3,,,1,60,,253969,3,,,1,20,,254003,3,,,1,20,,253976,3,,,1,70,,253970,3,,,1,30,,253971,3,,,1,70,,253972,3,,,1,30,,253975,3,,,1,70,,253978,3,,,1,30,,253973,3,,,1,70,,253974,3,,,1,34,,253996,3,,,1,70,,253997,3,,,1,30,,253998,3,,,1,70,,253999,3,,,1,30,,254000,3,,,1,70,,254001,3,,,1,30,,254002,3,,,1,70,,253995,3,,,1
3100,'031-Weekday-7-26-09-1111100',602,,254030,3,,,1,31,,254031,3,,,1,70,,254032,3,,,1,15,,254033,3,,,1,16,,254046,3,,,1,15,,254034,3,,,1,55,,254022,3,,,1,14,,254021,3,,,1,15,,254047,3,,,1,15,,254023,3,,,1,55,,254024,3,,,1,15,,254035,3,,,1,15,,254048,3,,,1,20,,254025,3,,,1,60,,254026,3,,,1,20,,254049,3,,,1,20,,254020,3,,,1,60,,254027,3,,,1,20,,254050,3,,,1,20,,254028,3,,,1,60,,254018,3,,,1,20,,254045,3,,,1,20,,254029,3,,,1,60,,254010,3,,,1,20,,254044,3,,,1,20,,254017,3,,,1,70,,254011,3,,,1,30,,254012,3,,,1,70,,254013,3,,,1,30,,254016,3,,,1,70,,254019,3,,,1,30,,254014,3,,,1,70,,254015,3,,,1,34,,254037,3,,,1,70,,254038,3,,,1,30,,254039,3,,,1,70,,254040,3,,,1,30,,254041,3,,,1,70,,254042,3,,,1,30,,254043,3,,,1,70,,254036,3,,,1
65700,'657-Weekday-1-26-09-1111100',808,,227686,2,,,1,2,,227687,2,,,1
65700,'657-Weekday-3-26-09-1111100',808,,227688,2,,,1,2,,227689,2,,,1
65700,'657-Weekday-7-26-09-1111100',808,,270481,2,,,1,2,,270482,2,,,1
