10901,'109-Weekday-1-26-09-1111100',530,,217037,16,0,18 14,1,70,,217038,16,0,18 14,1,31,,217039,16,0,18 14,1,24,,217040,16,0,18 14,1,55,,217041,16,0,18 14,1,15,,217042,16,0,18 14,1,15,,217043,16,0,18 14,1,15,,217045,16,0,18 14,1,55,,217044,16,0,18 14,1,15,,217079,16,0,18 14,1,16,,217077,16,0,18 14,1,61,,217046,16,0,18 14,1,29,,217047,16,0,18 14,1,70,,217048,16,0,18 14,1,30,,217049,16,0,18 14,1,70,,217050,16,0,18 14,1,30,,217051,16,0,18 14,1,70,,217052,16,0,18 14,1,30,,217053,16,0,18 14,1,70,,217054,16,0,18 14,1,30,,217055,16,0,18 14,1,70,,217056,16,0,18 14,1,30,,217057,16,0,18 14,1,70,,217058,16,0,18 14,1,25,,217059,16,0,18 14,1,15,,217060,16,0,18 14,1,15,,217061,16,0,18 14,1,55,,217062,16,0,18 14,1,15,,217075,16,0,18 14,1,15,,217063,16,0,18 14,1,15,,217080,16,0,18 14,1,55,,217078,16,0,18 14,1,22,,217064,16,0,18 14,1,70,,217065,16,0,18 14,1,30,,217066,16,0,18 14,1,68,,217067,16,0,18 14,1,30,,217068,16,0,18 14,1,70,,217069,16,0,18 14,1,30,,217070,16,0,18 14,1,70,,217071,16,0,18 14,1,30,,217072,16,0,18 14,1,70,,217076,16,0,18 14,1,99,,217073,16,0,18 14,1,100,,217074,16,0,18 14,1
10901,'109-Weekday-2-26-09-1111100',530,,217081,16,0,18 14,1,70,,217082,16,0,18 14,1,31,,217083,16,0,18 14,1,24,,217084,16,0,18 14,1,55,,217085,16,0,18 14,1,15,,217086,16,0,18 14,1,15,,217087,16,0,18 14,1,15,,217089,16,0,18 14,1,55,,217088,16,0,18 14,1,15,,217123,16,0,18 14,1,16,,217121,16,0,18 14,1,61,,217090,16,0,18 14,1,29,,217091,16,0,18 14,1,70,,217092,16,0,18 14,1,30,,217093,16,0,18 14,1,70,,217094,16,0,18 14,1,30,,217095,16,0,18 14,1,70,,217096,16,0,18 14,1,30,,217097,16,0,18 14,1,70,,217098,16,0,18 14,1,30,,217099,16,0,18 14,1,70,,217100,16,0,18 14,1,30,,217101,16,0,18 14,1,70,,217102,16,0,18 14,1,25,,217103,16,0,18 14,1,15,,217104,16,0,18 14,1,15,,217105,16,0,18 14,1,55,,217106,16,0,18 14,1,15,,217119,16,0,18 14,1,15,,217107,16,0,18 14,1,15,,217124,16,0,18 14,1,55,,217122,16,0,18 14,1,22,,217108,16,0,18 14,1,70,,217109,16,0,18 14,1,30,,217110,16,0,18 14,1,68,,217111,16,0,18 14,1,30,,217112,16,0,18 14,1,70,,217113,16,0,18 14,1,30,,217114,16,0,18 14,1,70,,217115,16,0,18 14,1,30,,217116,16,0,18 14,1,70,,217120,16,0,18 14,1,99,,217117,16,0,18 14,1,100,,217118,16,0,18 14,1
10901,'109-Weekday-3-26-09-1111100',530,,260570,16,0,18 14,1,70,,260571,16,0,18 14,1,31,,260572,16,0,18 14,1,24,,260573,16,0,18 14,1,55,,260574,16,0,18 14,1,15,,260575,16,0,18 14,1,15,,260576,16,0,18 14,1,15,,260578,16,0,18 14,1,55,,260577,16,0,18 14,1,15,,260612,16,0,18 14,1,16,,260610,16,0,18 14,1,61,,260579,16,0,18 14,1,29,,260580,16,0,18 14,1,70,,260581,16,0,18 14,1,30,,260582,16,0,18 14,1,70,,260583,16,0,18 14,1,30,,260584,16,0,18 14,1,70,,260585,16,0,18 14,1,30,,260586,16,0,18 14,1,70,,260587,16,0,18 14,1,30,,260588,16,0,18 14,1,70,,260589,16,0,18 14,1,30,,260590,16,0,18 14,1,70,,260591,16,0,18 14,1,25,,260592,16,0,18 14,1,15,,260593,16,0,18 14,1,15,,260594,16,0,18 14,1,55,,260595,16,0,18 14,1,15,,260608,16,0,18 14,1,15,,260596,16,0,18 14,1,15,,260613,16,0,18 14,1,55,,260611,16,0,18 14,1,22,,260597,16,0,18 14,1,70,,260598,16,0,18 14,1,30,,260599,16,0,18 14,1,68,,260600,16,0,18 14,1,30,,260601,16,0,18 14,1,70,,260602,16,0,18 14,1,30,,260603,16,0,18 14,1,70,,260604,16,0,18 14,1,30,,260605,16,0,18 14,1,70,,260609,16,0,18 14,1,99,,260606,16,0,18 14,1,100,,260607,16,0,18 14,1
10901,'109-Weekday-4-26-09-1111100',530,,217125,16,0,18 14,1,70,,217126,16,0,18 14,1,31,,217127,16,0,18 14,1,24,,217128,16,0,18 14,1,55,,217129,16,0,18 14,1,15,,217130,16,0,18 14,1,15,,217131,16,0,18 14,1,15,,217133,16,0,18 14,1,55,,217132,16,0,18 14,1,15,,217167,16,0,18 14,1,16,,217165,16,0,18 14,1,61,,217134,16,0,18 14,1,29,,217135,16,0,18 14,1,70,,217136,16,0,18 14,1,30,,217137,16,0,18 14,1,70,,217138,16,0,18 14,1,30,,217139,16,0,18 14,1,70,,217140,16,0,18 14,1,30,,217141,16,0,18 14,1,70,,217142,16,0,18 14,1,30,,217143,16,0,18 14,1,70,,217144,16,0,18 14,1,30,,217145,16,0,18 14,1,70,,217146,16,0,18 14,1,25,,217147,16,0,18 14,1,15,,217148,16,0,18 14,1,15,,217149,16,0,18 14,1,55,,217150,16,0,18 14,1,15,,217163,16,0,18 14,1,15,,217151,16,0,18 14,1,15,,217168,16,0,18 14,1,55,,217166,16,0,18 14,1,22,,217152,16,0,18 14,1,70,,217153,16,0,18 14,1,30,,217154,16,0,18 14,1,68,,217155,16,0,18 14,1,30,,217156,16,0,18 14,1,70,,217157,16,0,18 14,1,30,,217158,16,0,18 14,1,70,,217159,16,0,18 14,1,30,,217160,16,0,18 14,1,70,,217164,16,0,18 14,1,99,,217161,16,0,18 14,1,100,,217162,16,0,18 14,1
10901,'109-Weekday-5-26-09-1111100',530,,260614,16,0,18 14,1,70,,260615,16,0,18 14,1,31,,260616,16,0,18 14,1,24,,260617,16,0,18 14,1,55,,260618,16,0,18 14,1,15,,260619,16,0,18 14,1,15,,260620,16,0,18 14,1,15,,260622,16,0,18 14,1,55,,260621,16,0,18 14,1,15,,260656,16,0,18 14,1,16,,260654,16,0,18 14,1,61,,260623,16,0,18 14,1,29,,260624,16,0,18 14,1,70,,260625,16,0,18 14,1,30,,260626,16,0,18 14,1,70,,260627,16,0,18 14,1,30,,260628,16,0,18 14,1,70,,260629,16,0,18 14,1,30,,260630,16,0,18 14,1,70,,260631,16,0,18 14,1,30,,260632,16,0,18 14,1,70,,260633,16,0,18 14,1,30,,260634,16,0,18 14,1,70,,260635,16,0,18 14,1,25,,260636,16,0,18 14,1,15,,260637,16,0,18 14,1,15,,260638,16,0,18 14,1,55,,260639,16,0,18 14,1,15,,260652,16,0,18 14,1,15,,260640,16,0,18 14,1,15,,260657,16,0,18 14,1,55,,260655,16,0,18 14,1,22,,260641,16,0,18 14,1,70,,260642,16,0,18 14,1,30,,260643,16,0,18 14,1,68,,260644,16,0,18 14,1,30,,260645,16,0,18 14,1,70,,260646,16,0,18 14,1,30,,260647,16,0,18 14,1,70,,260648,16,0,18 14,1,30,,260649,16,0,18 14,1,70,,260653,16,0,18 14,1,99,,260650,16,0,18 14,1,100,,260651,16,0,18 14,1
10901,'109-Weekday-6-26-09-1111100',530,,260658,16,0,18 14,1,70,,260659,16,0,18 14,1,31,,260660,16,0,18 14,1,24,,260661,16,0,18 14,1,55,,260662,16,0,18 14,1,15,,260663,16,0,18 14,1,15,,260664,16,0,18 14,1,15,,260666,16,0,18 14,1,55,,260665,16,0,18 14,1,15,,260700,16,0,18 14,1,16,,260698,16,0,18 14,1,61,,260667,16,0,18 14,1,29,,260668,16,0,18 14,1,70,,260669,16,0,18 14,1,30,,260670,16,0,18 14,1,70,,260671,16,0,18 14,1,30,,260672,16,0,18 14,1,70,,260673,16,0,18 14,1,30,,260674,16,0,18 14,1,70,,260675,16,0,18 14,1,30,,260676,16,0,18 14,1,70,,260677,16,0,18 14,1,30,,260678,16,0,18 14,1,70,,260679,16,0,18 14,1,25,,260680,16,0,18 14,1,15,,260681,16,0,18 14,1,15,,260682,16,0,18 14,1,55,,260683,16,0,18 14,1,15,,260696,16,0,18 14,1,15,,260684,16,0,18 14,1,15,,260701,16,0,18 14,1,55,,260699,16,0,18 14,1,22,,260685,16,0,18 14,1,70,,260686,16,0,18 14,1,30,,260687,16,0,18 14,1,68,,260688,16,0,18 14,1,30,,260689,16,0,18 14,1,70,,260690,16,0,18 14,1,30,,260691,16,0,18 14,1,70,,260692,16,0,18 14,1,30,,260693,16,0,18 14,1,70,,260697,16,0,18 14,1,99,,260694,16,0,18 14,1,100,,260695,16,0,18 14,1
10901,'109-Weekday-7-26-09-1111100',530,,260702,16,0,18 14,1,70,,260703,16,0,18 14,1,31,,260704,16,0,18 14,1,24,,260705,16,0,18 14,1,55,,260706,16,0,18 14,1,15,,260707,16,0,18 14,1,15,,260708,16,0,18 14,1,15,,260710,16,0,18 14,1,55,,260709,16,0,18 14,1,15,,260744,16,0,18 14,1,16,,260742,16,0,18 14,1,61,,260711,16,0,18 14,1,29,,260712,16,0,18 14,1,70,,260713,16,0,18 14,1,30,,260714,16,0,18 14,1,70,,260715,16,0,18 14,1,30,,260716,16,0,18 14,1,70,,260717,16,0,18 14,1,30,,260718,16,0,18 14,1,70,,260719,16,0,18 14,1,30,,260720,16,0,18 14,1,70,,260721,16,0,18 14,1,30,,260722,16,0,18 14,1,70,,260723,16,0,18 14,1,25,,260724,16,0,18 14,1,15,,260725,16,0,18 14,1,15,,260726,16,0,18 14,1,55,,260727,16,0,18 14,1,15,,260740,16,0,18 14,1,15,,260728,16,0,18 14,1,15,,260745,16,0,18 14,1,55,,260743,16,0,18 14,1,22,,260729,16,0,18 14,1,70,,260730,16,0,18 14,1,30,,260731,16,0,18 14,1,68,,260732,16,0,18 14,1,30,,260733,16,0,18 14,1,70,,260734,16,0,18 14,1,30,,260735,16,0,18 14,1,70,,260736,16,0,18 14,1,30,,260737,16,0,18 14,1,70,,260741,16,0,18 14,1,99,,260738,16,0,18 14,1,100,,260739,16,0,18 14,1
10901,'109-Saturday-1-26-09-0000010',823,,217169,16,0,18 14,1,30,,217170,16,0,18 14,1,70,,217171,16,0,18 14,1,30,,217172,16,0,18 14,1,70,,217173,16,0,18 14,1,30,,217174,16,0,18 14,1,70,,217175,16,0,18 14,1,30,,217176,16,0,18 14,1,70,,217177,16,0,18 14,1,30,,217178,16,0,18 14,1,70,,217179,16,0,18 14,1,30,,217180,16,0,18 14,1,70,,217181,16,0,18 14,1,30,,217182,16,0,18 14,1,70,,217183,16,0,18 14,1,30,,217184,16,0,18 14,1,70,,217185,16,0,18 14,1,30,,217186,16,0,18 14,1,70,,217187,16,0,18 14,1,30,,217188,16,0,18 14,1,70,,217189,16,0,18 14,1,30,,217190,16,0,18 14,1,70,,217191,16,0,18 14,1,30,,217192,16,0,18 14,1,70,,217193,16,0,18 14,1,30,,217194,16,0,18 14,1,70,,217195,16,0,18 14,1,30,,217196,16,0,18 14,1
10901,'109-Sunday-1-26-09-0000001',1033,,217197,16,0,18 14,1,70,,217198,16,0,18 14,1,30,,217199,16,0,18 14,1,70,,217200,16,0,18 14,1,30,,217201,16,0,18 14,1,70,,217202,16,0,18 14,1,30,,217203,16,0,18 14,1,70,,217204,16,0,18 14,1,30,,217205,16,0,18 14,1,70,,217206,16,0,18 14,1,30,,217207,16,0,18 14,1,70,,217208,16,0,18 14,1,30,,217209,16,0,18 14,1,70,,217210,16,0,18 14,1,30,,217211,16,0,18 14,1,70,,217212,16,0,18 14,1,30,,217213,16,0,18 14,1,70,,217214,16,0,18 14,1
68301,'683-Weekday-1-26-09-1111100',732,,227878,5,,,1,5,,227879,5,,,1,5,,227880,5,,,1,5,,227881,5,,,1
68301,'683-Weekday-3-26-09-1111100',732,,227882,5,,,1,5,,227883,5,,,1,5,,227884,5,,,1,5,,227885,5,,,1
68301,'683-Weekday-4-26-09-1111100',732,,270640,5,,,1,5,,270641,5,,,1,5,,270642,5,,,1,5,,270643,5,,,1
68301,'683-Weekday-7-26-09-1111100',732,,270644,5,,,1,5,,270645,5,,,1,5,,270646,5,,,1,5,,270647,5,,,1
