3101,'031-Weekday-1-26-09-1111100',607,,210832,9,,,1,31,,210814,9,,,1,72,,210815,9,,,1,24,,210835,10,,,1,70,,210816,9,,,1,30,,210817,9,,,1,69,,210818,9,,,1,30,,210848,9,,,1,20,,210834,9,,,1,60,,210833,9,,,1,20,,210819,9,,,1,20,,210836,9,,,1,60,,210820,9,,,1,20,,210821,9,,,1,20,,210837,9,,,1,60,,210822,9,,,1,20,,210823,9,,,1,20,,210838,9,,,1,60,,210824,9,,,1,20,,210825,9,,,1,20,,210839,9,,,1,60,,210826,9,,,1,22,,210840,9,,,1,15,,210841,10,,,1,56,,210842,9,,,1,21,,210827,10,,,1,15,,210843,9,,,1,15,,210828,10,,,1,55,,210844,9,,,1,15,,210829,10,,,1,15,,210845,9,,,1,15,,210830,10,,,1,55,,210846,9,,,1,15,,210831,10,,,1,15,,210847,9,,,1,71,,210811,9,,,1,26,,210812,9,,,1,66,,210808,9,,,1,30,,210809,9,,,1,70,,210810,9,,,1,30,,210807,9,,,1,70,,210806,9,,,1,30,,210813,9,,,1
3101,'031-Weekday-2-26-09-1111100',607,,210875,9,,,1,31,,210857,9,,,1,72,,210858,9,,,1,24,,210878,10,,,1,70,,210859,9,,,1,30,,210860,9,,,1,69,,210861,9,,,1,30,,210891,9,,,1,20,,210877,9,,,1,60,,210876,9,,,1,20,,210862,9,,,1,20,,210879,9,,,1,60,,210863,9,,,1,20,,210864,9,,,1,20,,210880,9,,,1,60,,210865,9,,,1,20,,210866,9,,,1,20,,210881,9,,,1,60,,210867,9,,,1,20,,210868,9,,,1,20,,210882,9,,,1,60,,210869,9,,,1,22,,210883,9,,,1,15,,210884,10,,,1,56,,210885,9,,,1,21,,210870,10,,,1,15,,210886,9,,,1,15,,210871,10,,,1,55,,210887,9,,,1,15,,210872,10,,,1,15,,210888,9,,,1,15,,210873,10,,,1,55,,210889,9,,,1,15,,210874,10,,,1,15,,210890,9,,,1,71,,210854,9,,,1,26,,210855,9,,,1,66,,210851,9,,,1,30,,210852,9,,,1,70,,210853,9,,,1,30,,210850,9,,,1,70,,210849,9,,,1,30,,210856,9,,,1
3101,'031-Weekday-3-26-09-1111100',607,,254077,9,,,1,31,,254059,9,,,1,72,,254060,9,,,1,24,,254080,10,,,1,70,,254061,9,,,1,30,,254062,9,,,1,69,,254063,9,,,1,30,,254093,9,,,1,20,,254079,9,,,1,60,,254078,9,,,1,20,,254064,9,,,1,20,,254081,9,,,1,60,,254065,9,,,1,20,,254066,9,,,1,20,,254082,9,,,1,60,,254067,9,,,1,20,,254068,9,,,1,20,,254083,9,,,1,60,,254069,9,,,1,20,,254070,9,,,1,20,,254084,9,,,1,60,,254071,9,,,1,22,,254085,9,,,1,15,,254086,10,,,1,56,,254087,9,,,1,21,,254072,10,,,1,15,,254088,9,,,1,15,,254073,10,,,1,55,,254089,9,,,1,15,,254074,10,,,1,15,,254090,9,,,1,15,,254075,10,,,1,55,,254091,9,,,1,15,,254076,10,,,1,15,,254092,9,,,1,71,,254056,9,,,1,26,,254057,9,,,1,66,,254053,9,,,1,30,,254054,9,,,1,70,,254055,9,,,1,30,,254052,9,,,1,70,,254051,9,,,1,30,,254058,9,,,1
3101,'031-Weekday-4-26-09-1111100',607,,210918,9,,,1,31,,210900,9,,,1,72,,210901,9,,,1,24,,210921,10,,,1,70,,210902,9,,,1,30,,210903,9,,,1,69,,210904,9,,,1,30,,210934,9,,,1,20,,210920,9,,,1,60,,210919,9,,,1,20,,210905,9,,,1,20,,210922,9,,,1,60,,210906,9,,,1,20,,210907,9,,,1,20,,210923,9,,,1,60,,210908,9,,,1,20,,210909,9,,,1,20,,210924,9,,,1,60,,210910,9,,,1,20,,210911,9,,,1,20,,210925,9,,,1,60,,210912,9,,,1,22,,210926,9,,,1,15,,210927,10,,,1,56,,210928,9,,,1,21,,210913,10,,,1,15,,210929,9,,,1,15,,210914,10,,,1,55,,210930,9,,,1,15,,210915,10,,,1,15,,210931,9,,,1,15,,210916,10,,,1,55,,210932,9,,,1,15,,210917,10,,,1,15,,210933,9,,,1,71,,210897,9,,,1,26,,210898,9,,,1,66,,210894,9,,,1,30,,210895,9,,,1,70,,210896,9,,,1,30,,210893,9,,,1,70,,210892,9,,,1,30,,210899,9,,,1
3101,'031-Weekday-5-26-09-1111100',607,,254120,9,,,1,31,,254102,9,,,1,72,,254103,9,,,1,24,,254123,10,,,1,70,,254104,9,,,1,30,,254105,9,,,1,69,,254106,9,,,1,30,,254136,9,,,1,20,,254122,9,,,1,60,,254121,9,,,1,20,,254107,9,,,1,20,,254124,9,,,1,60,,254108,9,,,1,20,,254109,9,,,1,20,,254125,9,,,1,60,,254110,9,,,1,20,,254111,9,,,1,20,,254126,9,,,1,60,,254112,9,,,1,20,,254113,9,,,1,20,,254127,9,,,1,60,,254114,9,,,1,22,,254128,9,,,1,15,,254129,10,,,1,56,,254130,9,,,1,21,,254115,10,,,1,15,,254131,9,,,1,15,,254116,10,,,1,55,,254132,9,,,1,15,,254117,10,,,1,15,,254133,9,,,1,15,,254118,10,,,1,55,,254134,9,,,1,15,,254119,10,,,1,15,,254135,9,,,1,71,,254099,9,,,1,26,,254100,9,,,1,66,,254096,9,,,1,30,,254097,9,,,1,70,,254098,9,,,1,30,,254095,9,,,1,70,,254094,9,,,1,30,,254101,9,,,1
3101,'031-Weekday-6-26-09-1111100',607,,254163,9,,,1,31,,254145,9,,,1,72,,254146,9,,,1,24,,254166,10,,,1,70,,254147,9,,,1,30,,254148,9,,,1,69,,254149,9,,,1,30,,254179,9,,,1,20,,254165,9,,,1,60,,254164,9,,,1,20,,254150,9,,,1,20,,254167,9,,,1,60,,254151,9,,,1,20,,254152,9,,,1,20,,254168,9,,,1,60,,254153,9,,,1,20,,254154,9,,,1,20,,254169,9,,,1,60,,254155,9,,,1,20,,254156,9,,,1,20,,254170,9,,,1,60,,254157,9,,,1,22,,254171,9,,,1,15,,254172,10,,,1,56,,254173,9,,,1,21,,254158,10,,,1,15,,254174,9,,,1,15,,254159,10,,,1,55,,254175,9,,,1,15,,254160,10,,,1,15,,254176,9,,,1,15,,254161,10,,,1,55,,254177,9,,,1,15,,254162,10,,,1,15,,254178,9,,,1,71,,254142,9,,,1,26,,254143,9,,,1,66,,254139,9,,,1,30,,254140,9,,,1,70,,254141,9,,,1,30,,254138,9,,,1,70,,254137,9,,,1,30,,254144,9,,,1
3101,'031-Weekday-7-26-09-1111100',607,,254206,9,,,1,31,,254188,9,,,1,72,,254189,9,,,1,24,,254209,10,,,1,70,,254190,9,,,1,30,,254191,9,,,1,69,,254192,9,,,1,30,,254222,9,,,1,20,,254208,9,,,1,60,,254207,9,,,1,20,,254193,9,,,1,20,,254210,9,,,1,60,,254194,9,,,1,20,,254195,9,,,1,20,,254211,9,,,1,60,,254196,9,,,1,20,,254197,9,,,1,20,,254212,9,,,1,60,,254198,9,,,1,20,,254199,9,,,1,20,,254213,9,,,1,60,,254200,9,,,1,22,,254214,9,,,1,15,,254215,10,,,1,56,,254216,9,,,1,21,,254201,10,,,1,15,,254217,9,,,1,15,,254202,10,,,1,55,,254218,9,,,1,15,,254203,10,,,1,15,,254219,9,,,1,15,,254204,10,,,1,55,,254220,9,,,1,15,,254205,10,,,1,15,,254221,9,,,1,71,,254185,9,,,1,26,,254186,9,,,1,66,,254182,9,,,1,30,,254183,9,,,1,70,,254184,9,,,1,30,,254181,9,,,1,70,,254180,9,,,1,30,,254187,9,,,1
5500,'055-Weekday-1-26-09-1111100',543,,212661,10,,,1,70,,212662,10,,,1,36,,212663,10,,,1,55,,212664,10,,,1,15,,212665,10,,,1,16,,212666,10,,,1,15,,212667,10,,,1,55,,212668,10,,,1,15,,212669,10,,,1,15,,212670,10,,,1,14,,212671,10,,,1,63,,212672,10,,,1,20,,212673,10,,,1,20,,212674,10,,,1,60,,212675,10,,,1,20,,212679,10,,,1,20,,212680,10,,,1,60,,212686,10,,,1,20,,212687,10,,,1,20,,212691,10,,,1,60,,212692,10,,,1,20,,212695,10,,,1,20,,212696,10,,,1,60,,212697,10,,,1,20,,212699,10,,,1,20,,212701,10,,,1,60,,212702,10,,,1,18,,212706,10,,,1,15,,212711,10,,,1,55,,212677,10,,,1,18,,212684,10,,,1,15,,212685,10,,,1,15,,212688,10,,,1,56,,212694,10,,,1,15,,212703,10,,,1,15,,212705,10,,,1,15,,212708,10,,,1,55,,212710,10,,,1,15,,212713,10,,,1,15,,212678,10,,,1,14,,212682,10,,,1,55,,212683,10,,,1,25,,212690,10,,,1,30,,212704,10,,,1,70,,212709,10,,,1,30,,212676,10,,,1,70,,212689,10,,,1,30,,212698,10,,,1,70,,212707,10,,,1,73,,212681,10,,,1,30,,212700,10,,,1,100,,212693,10,,,1,100,,212712,10,,,1
5500,'055-Weekday-2-26-09-1111100',543,,212714,10,,,1,70,,212715,10,,,1,36,,212716,10,,,1,55,,212717,10,,,1,15,,212718,10,,,1,16,,212719,10,,,1,15,,212720,10,,,1,55,,212721,10,,,1,15,,212722,10,,,1,15,,212723,10,,,1,14,,212724,10,,,1,63,,212725,10,,,1,20,,212726,10,,,1,20,,212727,10,,,1,60,,212728,10,,,1,20,,212732,10,,,1,20,,212733,10,,,1,60,,212739,10,,,1,20,,212740,10,,,1,20,,212744,10,,,1,60,,212745,10,,,1,20,,212748,10,,,1,20,,212749,10,,,1,60,,212750,10,,,1,20,,212752,10,,,1,20,,212754,10,,,1,60,,212755,10,,,1,18,,212759,10,,,1,15,,212764,10,,,1,55,,212730,10,,,1,18,,212737,10,,,1,15,,212738,10,,,1,15,,212741,10,,,1,56,,212747,10,,,1,15,,212756,10,,,1,15,,212758,10,,,1,15,,212761,10,,,1,55,,212763,10,,,1,15,,212766,10,,,1,15,,212731,10,,,1,14,,212735,10,,,1,55,,212736,10,,,1,25,,212743,10,,,1,30,,212757,10,,,1,70,,212762,10,,,1,30,,212729,10,,,1,70,,212742,10,,,1,30,,212751,10,,,1,70,,212760,10,,,1,73,,212734,10,,,1,30,,212753,10,,,1,100,,212746,10,,,1,100,,212765,10,,,1
5500,'055-Weekday-3-26-09-1111100',543,,255824,10,,,1,70,,255825,10,,,1,36,,255826,10,,,1,55,,255827,10,,,1,15,,255828,10,,,1,16,,255829,10,,,1,15,,255830,10,,,1,55,,255831,10,,,1,15,,255832,10,,,1,15,,255833,10,,,1,14,,255834,10,,,1,63,,255835,10,,,1,20,,255836,10,,,1,20,,255837,10,,,1,60,,255838,10,,,1,20,,255842,10,,,1,20,,255843,10,,,1,60,,255849,10,,,1,20,,255850,10,,,1,20,,255854,10,,,1,60,,255855,10,,,1,20,,255858,10,,,1,20,,255859,10,,,1,60,,255860,10,,,1,20,,255862,10,,,1,20,,255864,10,,,1,60,,255865,10,,,1,18,,255869,10,,,1,15,,255874,10,,,1,55,,255840,10,,,1,18,,255847,10,,,1,15,,255848,10,,,1,15,,255851,10,,,1,56,,255857,10,,,1,15,,255866,10,,,1,15,,255868,10,,,1,15,,255871,10,,,1,55,,255873,10,,,1,15,,255876,10,,,1,15,,255841,10,,,1,14,,255845,10,,,1,55,,255846,10,,,1,25,,255853,10,,,1,30,,255867,10,,,1,70,,255872,10,,,1,30,,255839,10,,,1,70,,255852,10,,,1,30,,255861,10,,,1,70,,255870,10,,,1,73,,255844,10,,,1,30,,255863,10,,,1,100,,255856,10,,,1,100,,255875,10,,,1
5500,'055-Weekday-4-26-09-1111100',543,,212767,10,,,1,70,,212768,10,,,1,36,,212769,10,,,1,55,,212770,10,,,1,15,,212771,10,,,1,16,,212772,10,,,1,15,,212773,10,,,1,55,,212774,10,,,1,15,,212775,10,,,1,15,,212776,10,,,1,14,,212777,10,,,1,63,,212778,10,,,1,20,,212779,10,,,1,20,,212780,10,,,1,60,,212781,10,,,1,20,,212785,10,,,1,20,,212786,10,,,1,60,,212792,10,,,1,20,,212793,10,,,1,20,,212797,10,,,1,60,,212798,10,,,1,20,,212801,10,,,1,20,,212802,10,,,1,60,,212803,10,,,1,20,,212805,10,,,1,20,,212807,10,,,1,60,,212808,10,,,1,18,,212812,10,,,1,15,,212817,10,,,1,55,,212783,10,,,1,18,,212790,10,,,1,15,,212791,10,,,1,15,,212794,10,,,1,56,,212800,10,,,1,15,,212809,10,,,1,15,,212811,10,,,1,15,,212814,10,,,1,55,,212816,10,,,1,15,,212819,10,,,1,15,,212784,10,,,1,14,,212788,10,,,1,55,,212789,10,,,1,25,,212796,10,,,1,30,,212810,10,,,1,70,,212815,10,,,1,30,,212782,10,,,1,70,,212795,10,,,1,30,,212804,10,,,1,70,,212813,10,,,1,73,,212787,10,,,1,30,,212806,10,,,1,100,,212799,10,,,1,100,,212818,10,,,1
5500,'055-Weekday-5-26-09-1111100',543,,255877,10,,,1,70,,255878,10,,,1,36,,255879,10,,,1,55,,255880,10,,,1,15,,255881,10,,,1,16,,255882,10,,,1,15,,255883,10,,,1,55,,255884,10,,,1,15,,255885,10,,,1,15,,255886,10,,,1,14,,255887,10,,,1,63,,255888,10,,,1,20,,255889,10,,,1,20,,255890,10,,,1,60,,255891,10,,,1,20,,255895,10,,,1,20,,255896,10,,,1,60,,255902,10,,,1,20,,255903,10,,,1,20,,255907,10,,,1,60,,255908,10,,,1,20,,255911,10,,,1,20,,255912,10,,,1,60,,255913,10,,,1,20,,255915,10,,,1,20,,255917,10,,,1,60,,255918,10,,,1,18,,255922,10,,,1,15,,255927,10,,,1,55,,255893,10,,,1,18,,255900,10,,,1,15,,255901,10,,,1,15,,255904,10,,,1,56,,255910,10,,,1,15,,255919,10,,,1,15,,255921,10,,,1,15,,255924,10,,,1,55,,255926,10,,,1,15,,255929,10,,,1,15,,255894,10,,,1,14,,255898,10,,,1,55,,255899,10,,,1,25,,255906,10,,,1,30,,255920,10,,,1,70,,255925,10,,,1,30,,255892,10,,,1,70,,255905,10,,,1,30,,255914,10,,,1,70,,255923,10,,,1,73,,255897,10,,,1,30,,255916,10,,,1,100,,255909,10,,,1,100,,255928,10,,,1
5500,'055-Weekday-6-26-09-1111100',543,,255930,10,,,1,70,,255931,10,,,1,36,,255932,10,,,1,55,,255933,10,,,1,15,,255934,10,,,1,16,,255935,10,,,1,15,,255936,10,,,1,55,,255937,10,,,1,15,,255938,10,,,1,15,,255939,10,,,1,14,,255940,10,,,1,63,,255941,10,,,1,20,,255942,10,,,1,20,,255943,10,,,1,60,,255944,10,,,1,20,,255948,10,,,1,20,,255949,10,,,1,60,,255955,10,,,1,20,,255956,10,,,1,20,,255960,10,,,1,60,,255961,10,,,1,20,,255964,10,,,1,20,,255965,10,,,1,60,,255966,10,,,1,20,,255968,10,,,1,20,,255970,10,,,1,60,,255971,10,,,1,18,,255975,10,,,1,15,,255980,10,,,1,55,,255946,10,,,1,18,,255953,10,,,1,15,,255954,10,,,1,15,,255957,10,,,1,56,,255963,10,,,1,15,,255972,10,,,1,15,,255974,10,,,1,15,,255977,10,,,1,55,,255979,10,,,1,15,,255982,10,,,1,15,,255947,10,,,1,14,,255951,10,,,1,55,,255952,10,,,1,25,,255959,10,,,1,30,,255973,10,,,1,70,,255978,10,,,1,30,,255945,10,,,1,70,,255958,10,,,1,30,,255967,10,,,1,70,,255976,10,,,1,73,,255950,10,,,1,30,,255969,10,,,1,100,,255962,10,,,1,100,,255981,10,,,1
5500,'055-Weekday-7-26-09-1111100',543,,255983,10,,,1,70,,255984,10,,,1,36,,255985,10,,,1,55,,255986,10,,,1,15,,255987,10,,,1,16,,255988,10,,,1,15,,255989,10,,,1,55,,255990,10,,,1,15,,255991,10,,,1,15,,255992,10,,,1,14,,255993,10,,,1,63,,255994,10,,,1,20,,255995,10,,,1,20,,255996,10,,,1,60,,255997,10,,,1,20,,256001,10,,,1,20,,256002,10,,,1,60,,256008,10,,,1,20,,256009,10,,,1,20,,256013,10,,,1,60,,256014,10,,,1,20,,256017,10,,,1,20,,256018,10,,,1,60,,256019,10,,,1,20,,256021,10,,,1,20,,256023,10,,,1,60,,256024,10,,,1,18,,256028,10,,,1,15,,256033,10,,,1,55,,255999,10,,,1,18,,256006,10,,,1,15,,256007,10,,,1,15,,256010,10,,,1,56,,256016,10,,,1,15,,256025,10,,,1,15,,256027,10,,,1,15,,256030,10,,,1,55,,256032,10,,,1,15,,256035,10,,,1,15,,256000,10,,,1,14,,256004,10,,,1,55,,256005,10,,,1,25,,256012,10,,,1,30,,256026,10,,,1,70,,256031,10,,,1,30,,255998,10,,,1,70,,256011,10,,,1,30,,256020,10,,,1,70,,256029,10,,,1,73,,256003,10,,,1,30,,256022,10,,,1,100,,256015,10,,,1,100,,256034,10,,,1
5500,'055-Saturday-1-26-09-0000010',615,,212820,10,,,1,100,,212821,10,,,1,100,,212822,10,,,1,30,,212823,10,,,1,72,,212824,10,,,1,30,,212825,10,,,1,70,,212826,10,,,1,24,,212827,10,,,1,60,,212828,10,,,1,20,,212829,10,,,1,20,,212830,10,,,1,60,,212831,10,,,1,20,,212832,10,,,1,20,,212833,10,,,1,60,,212834,10,,,1,20,,212835,10,,,1,20,,212836,10,,,1,60,,212837,10,,,1,20,,212838,10,,,1,20,,212839,10,,,1,60,,212840,10,,,1,20,,212841,10,,,1,20,,212842,10,,,1,60,,212843,10,,,1,20,,212844,10,,,1,20,,212845,10,,,1,60,,212846,10,,,1,20,,212847,10,,,1,18,,212848,10,,,1,20,,212849,10,,,1,60,,212850,10,,,1,20,,212851,10,,,1,20,,212852,10,,,1,60,,212853,10,,,1,25,,212854,10,,,1,65,,212855,10,,,1,30,,212856,10,,,1,70,,212857,10,,,1,30,,212858,10,,,1,70,,212859,10,,,1,100,,212860,10,,,1,100,,212861,10,,,1
5500,'055-Sunday-1-26-09-0000001',614,,212862,10,,,1,100,,212863,10,,,1,100,,212864,10,,,1,30,,212865,10,,,1,71,,212900,10,,,1,33,,212866,10,,,1,70,,212867,10,,,1,22,,212868,10,,,1,60,,212869,10,,,1,20,,212870,10,,,1,20,,212871,10,,,1,60,,212872,10,,,1,20,,212873,10,,,1,20,,212874,10,,,1,60,,212875,10,,,1,20,,212876,10,,,1,20,,212877,10,,,1,60,,212878,10,,,1,20,,212879,10,,,1,20,,212880,10,,,1,60,,212881,10,,,1,20,,212882,10,,,1,20,,212883,10,,,1,60,,212884,10,,,1,20,,212885,10,,,1,20,,212886,10,,,1,60,,212887,10,,,1,21,,212888,10,,,1,19,,212889,10,,,1,19,,212890,10,,,1,60,,212891,10,,,1,20,,212892,10,,,1,20,,212893,10,,,1,60,,212894,10,,,1,82,,212895,10,,,1,100,,212896,10,,,1,100,,212897,10,,,1,100,,212898,10,,,1,100,,212899,10,,,1
5600,'056-Weekday-1-26-09-1111100',519,,213143,10,,,1,30,,213144,10,,,1,65,,213145,10,,,1,22,,213146,10,,,1,17,,213147,10,,,1,55,,213148,10,,,1,15,,213149,10,,,1,15,,213150,10,,,1,15,,213141,10,,,1,55,,213151,10,,,1,15,,213152,10,,,1,15,,213153,10,,,1,15,,213154,10,,,1,56,,213155,10,,,1,15,,213156,10,,,1,15,,213157,10,,,1,15,,213158,10,,,1,55,,213159,10,,,1,15,,213160,10,,,1,15,,213161,10,,,1,15,,213162,10,,,1,55,,213163,10,,,1,15,,213164,10,,,1,15,,213165,10,,,1,15,,213166,10,,,1,55,,213167,10,,,1,15,,213168,10,,,1,15,,213169,10,,,1,15,,213170,10,,,1,55,,213171,10,,,1,15,,213172,10,,,1,15,,213173,10,,,1,15,,213174,10,,,1,55,,213175,10,,,1,15,,213176,10,,,1,15,,213177,10,,,1,14,,213178,10,,,1,53,,213179,10,,,1,15,,213180,10,,,1,12,,213181,10,,,1,12,,213182,10,,,1,12,,213183,10,,,1,52,,213184,10,,,1,12,,213185,10,,,1,12,,213186,10,,,1,12,,213187,10,,,1,12,,213188,10,,,1,52,,213189,10,,,1,12,,213190,10,,,1,12,,213191,10,,,1,12,,213192,10,,,1,12,,213193,10,,,1,52,,213194,10,,,1,16,,213195,10,,,1,16,,213196,10,,,1,59,,213197,10,,,1,20,,213198,10,,,1,20,,213199,10,,,1,60,,213200,10,,,1,20,,213201,10,,,1,20,,213202,10,,,1,60,,213203,10,,,1,20,,213204,10,,,1,20,,213213,10,,,1,60,,213214,10,,,1,19,,213205,10,,,1,35,,213206,10,,,1,100,,213207,10,,,1,100,,213208,10,,,1
5600,'056-Weekday-2-26-09-1111100',519,,213217,10,,,1,30,,213218,10,,,1,65,,213219,10,,,1,22,,213220,10,,,1,17,,213221,10,,,1,55,,213222,10,,,1,15,,213223,10,,,1,15,,213224,10,,,1,15,,213215,10,,,1,55,,213225,10,,,1,15,,213226,10,,,1,15,,213227,10,,,1,15,,213228,10,,,1,56,,213229,10,,,1,15,,213230,10,,,1,15,,213231,10,,,1,15,,213232,10,,,1,55,,213233,10,,,1,15,,213234,10,,,1,15,,213235,10,,,1,15,,213236,10,,,1,55,,213237,10,,,1,15,,213238,10,,,1,15,,213239,10,,,1,15,,213240,10,,,1,55,,213241,10,,,1,15,,213242,10,,,1,15,,213243,10,,,1,15,,213244,10,,,1,55,,213245,10,,,1,15,,213246,10,,,1,15,,213247,10,,,1,15,,213248,10,,,1,55,,213249,10,,,1,15,,213250,10,,,1,15,,213251,10,,,1,14,,213252,10,,,1,53,,213253,10,,,1,15,,213254,10,,,1,12,,213255,10,,,1,12,,213256,10,,,1,12,,213257,10,,,1,52,,213258,10,,,1,12,,213259,10,,,1,12,,213260,10,,,1,12,,213261,10,,,1,12,,213262,10,,,1,52,,213263,10,,,1,12,,213264,10,,,1,12,,213265,10,,,1,12,,213266,10,,,1,12,,213267,10,,,1,52,,213268,10,,,1,16,,213269,10,,,1,16,,213270,10,,,1,59,,213271,10,,,1,20,,213272,10,,,1,20,,213273,10,,,1,60,,213274,10,,,1,20,,213275,10,,,1,20,,213276,10,,,1,60,,213277,10,,,1,20,,213278,10,,,1,20,,213287,10,,,1,60,,213288,10,,,1,19,,213279,10,,,1,35,,213280,10,,,1,100,,213281,10,,,1,100,,213282,10,,,1
5600,'056-Weekday-3-26-09-1111100',519,,256250,10,,,1,30,,256251,10,,,1,65,,256252,10,,,1,22,,256253,10,,,1,17,,256254,10,,,1,55,,256255,10,,,1,15,,256256,10,,,1,15,,256257,10,,,1,15,,256248,10,,,1,55,,256258,10,,,1,15,,256259,10,,,1,15,,256260,10,,,1,15,,256261,10,,,1,56,,256262,10,,,1,15,,256263,10,,,1,15,,256264,10,,,1,15,,256265,10,,,1,55,,256266,10,,,1,15,,256267,10,,,1,15,,256268,10,,,1,15,,256269,10,,,1,55,,256270,10,,,1,15,,256271,10,,,1,15,,256272,10,,,1,15,,256273,10,,,1,55,,256274,10,,,1,15,,256275,10,,,1,15,,256276,10,,,1,15,,256277,10,,,1,55,,256278,10,,,1,15,,256279,10,,,1,15,,256280,10,,,1,15,,256281,10,,,1,55,,256282,10,,,1,15,,256283,10,,,1,15,,256284,10,,,1,14,,256285,10,,,1,53,,256286,10,,,1,15,,256287,10,,,1,12,,256288,10,,,1,12,,256289,10,,,1,12,,256290,10,,,1,52,,256291,10,,,1,12,,256292,10,,,1,12,,256293,10,,,1,12,,256294,10,,,1,12,,256295,10,,,1,52,,256296,10,,,1,12,,256297,10,,,1,12,,256298,10,,,1,12,,256299,10,,,1,12,,256300,10,,,1,52,,256301,10,,,1,16,,256302,10,,,1,16,,256303,10,,,1,59,,256304,10,,,1,20,,256305,10,,,1,20,,256306,10,,,1,60,,256307,10,,,1,20,,256308,10,,,1,20,,256309,10,,,1,60,,256310,10,,,1,20,,256311,10,,,1,20,,256317,10,,,1,60,,256318,10,,,1,19,,256312,10,,,1,35,,256313,10,,,1,100,,256314,10,,,1,100,,256315,10,,,1
5600,'056-Weekday-4-26-09-1111100',519,,213291,10,,,1,30,,213292,10,,,1,65,,213293,10,,,1,22,,213294,10,,,1,17,,213295,10,,,1,55,,213296,10,,,1,15,,213297,10,,,1,15,,213298,10,,,1,15,,213289,10,,,1,55,,213299,10,,,1,15,,213300,10,,,1,15,,213301,10,,,1,15,,213302,10,,,1,56,,213303,10,,,1,15,,213304,10,,,1,15,,213305,10,,,1,15,,213306,10,,,1,55,,213307,10,,,1,15,,213308,10,,,1,15,,213309,10,,,1,15,,213310,10,,,1,55,,213311,10,,,1,15,,213312,10,,,1,15,,213313,10,,,1,15,,213314,10,,,1,55,,213315,10,,,1,15,,213316,10,,,1,15,,213317,10,,,1,15,,213318,10,,,1,55,,213319,10,,,1,15,,213320,10,,,1,15,,213321,10,,,1,15,,213322,10,,,1,55,,213323,10,,,1,15,,213324,10,,,1,15,,213325,10,,,1,14,,213326,10,,,1,53,,213327,10,,,1,15,,213328,10,,,1,12,,213329,10,,,1,12,,213330,10,,,1,12,,213331,10,,,1,52,,213332,10,,,1,12,,213333,10,,,1,12,,213334,10,,,1,12,,213335,10,,,1,12,,213336,10,,,1,52,,213337,10,,,1,12,,213338,10,,,1,12,,213339,10,,,1,12,,213340,10,,,1,12,,213341,10,,,1,52,,213342,10,,,1,16,,213343,10,,,1,16,,213344,10,,,1,59,,213345,10,,,1,20,,213346,10,,,1,20,,213347,10,,,1,60,,213348,10,,,1,20,,213349,10,,,1,20,,213350,10,,,1,60,,213351,10,,,1,20,,213352,10,,,1,20,,213357,10,,,1,60,,213358,10,,,1,19,,213353,10,,,1,35,,213354,10,,,1,100,,213355,10,,,1,100,,213356,10,,,1
5600,'056-Weekday-5-26-09-1111100',519,,256321,10,,,1,30,,256322,10,,,1,65,,256323,10,,,1,22,,256324,10,,,1,17,,256325,10,,,1,55,,256326,10,,,1,15,,256327,10,,,1,15,,256328,10,,,1,15,,256319,10,,,1,55,,256329,10,,,1,15,,256330,10,,,1,15,,256331,10,,,1,15,,256332,10,,,1,56,,256333,10,,,1,15,,256334,10,,,1,15,,256335,10,,,1,15,,256336,10,,,1,55,,256337,10,,,1,15,,256338,10,,,1,15,,256339,10,,,1,15,,256340,10,,,1,55,,256341,10,,,1,15,,256342,10,,,1,15,,256343,10,,,1,15,,256344,10,,,1,55,,256345,10,,,1,15,,256346,10,,,1,15,,256347,10,,,1,15,,256348,10,,,1,55,,256349,10,,,1,15,,256350,10,,,1,15,,256351,10,,,1,15,,256352,10,,,1,55,,256353,10,,,1,15,,256354,10,,,1,15,,256355,10,,,1,14,,256356,10,,,1,53,,256357,10,,,1,15,,256358,10,,,1,12,,256359,10,,,1,12,,256360,10,,,1,12,,256361,10,,,1,52,,256362,10,,,1,12,,256363,10,,,1,12,,256364,10,,,1,12,,256365,10,,,1,12,,256366,10,,,1,52,,256367,10,,,1,12,,256368,10,,,1,12,,256369,10,,,1,12,,256370,10,,,1,12,,256371,10,,,1,52,,256372,10,,,1,16,,256373,10,,,1,16,,256374,10,,,1,59,,256375,10,,,1,20,,256376,10,,,1,20,,256377,10,,,1,60,,256378,10,,,1,20,,256379,10,,,1,20,,256380,10,,,1,60,,256381,10,,,1,20,,256382,10,,,1,20,,256387,10,,,1,60,,256388,10,,,1,19,,256383,10,,,1,35,,256384,10,,,1,100,,256385,10,,,1,100,,256386,10,,,1
5600,'056-Weekday-6-26-09-1111100',519,,256391,10,,,1,30,,256392,10,,,1,65,,256393,10,,,1,22,,256394,10,,,1,17,,256395,10,,,1,55,,256396,10,,,1,15,,256397,10,,,1,15,,256398,10,,,1,15,,256389,10,,,1,55,,256399,10,,,1,15,,256400,10,,,1,15,,256401,10,,,1,15,,256402,10,,,1,56,,256403,10,,,1,15,,256404,10,,,1,15,,256405,10,,,1,15,,256406,10,,,1,55,,256407,10,,,1,15,,256408,10,,,1,15,,256409,10,,,1,15,,256410,10,,,1,55,,256411,10,,,1,15,,256412,10,,,1,15,,256413,10,,,1,15,,256414,10,,,1,55,,256415,10,,,1,15,,256416,10,,,1,15,,256417,10,,,1,15,,256418,10,,,1,55,,256419,10,,,1,15,,256420,10,,,1,15,,256421,10,,,1,15,,256422,10,,,1,55,,256423,10,,,1,15,,256424,10,,,1,15,,256425,10,,,1,14,,256426,10,,,1,53,,256427,10,,,1,15,,256428,10,,,1,12,,256429,10,,,1,12,,256430,10,,,1,12,,256431,10,,,1,52,,256432,10,,,1,12,,256433,10,,,1,12,,256434,10,,,1,12,,256435,10,,,1,12,,256436,10,,,1,52,,256437,10,,,1,12,,256438,10,,,1,12,,256439,10,,,1,12,,256440,10,,,1,12,,256441,10,,,1,52,,256442,10,,,1,16,,256443,10,,,1,16,,256444,10,,,1,59,,256445,10,,,1,20,,256446,10,,,1,20,,256447,10,,,1,60,,256448,10,,,1,20,,256449,10,,,1,20,,256450,10,,,1,60,,256451,10,,,1,20,,256452,10,,,1,20,,256461,10,,,1,60,,256462,10,,,1,19,,256453,10,,,1,35,,256454,10,,,1,100,,256455,10,,,1,100,,256456,10,,,1
5600,'056-Weekday-7-26-09-1111100',519,,256465,10,,,1,30,,256466,10,,,1,65,,256467,10,,,1,22,,256468,10,,,1,17,,256469,10,,,1,55,,256470,10,,,1,15,,256471,10,,,1,15,,256472,10,,,1,15,,256463,10,,,1,55,,256473,10,,,1,15,,256474,10,,,1,15,,256475,10,,,1,15,,256476,10,,,1,56,,256477,10,,,1,15,,256478,10,,,1,15,,256479,10,,,1,15,,256480,10,,,1,55,,256481,10,,,1,15,,256482,10,,,1,15,,256483,10,,,1,15,,256484,10,,,1,55,,256485,10,,,1,15,,256486,10,,,1,15,,256487,10,,,1,15,,256488,10,,,1,55,,256489,10,,,1,15,,256490,10,,,1,15,,256491,10,,,1,15,,256492,10,,,1,55,,256493,10,,,1,15,,256494,10,,,1,15,,256495,10,,,1,15,,256496,10,,,1,55,,256497,10,,,1,15,,256498,10,,,1,15,,256499,10,,,1,14,,256500,10,,,1,53,,256501,10,,,1,15,,256502,10,,,1,12,,256503,10,,,1,12,,256504,10,,,1,12,,256505,10,,,1,52,,256506,10,,,1,12,,256507,10,,,1,12,,256508,10,,,1,12,,256509,10,,,1,12,,256510,10,,,1,52,,256511,10,,,1,12,,256512,10,,,1,12,,256513,10,,,1,12,,256514,10,,,1,12,,256515,10,,,1,52,,256516,10,,,1,16,,256517,10,,,1,16,,256518,10,,,1,59,,256519,10,,,1,20,,256520,10,,,1,20,,256521,10,,,1,60,,256522,10,,,1,20,,256523,10,,,1,20,,256524,10,,,1,60,,256525,10,,,1,20,,256526,10,,,1,20,,256531,10,,,1,60,,256532,10,,,1,19,,256527,10,,,1,35,,256528,10,,,1,100,,256529,10,,,1,100,,256530,10,,,1
5600,'056-Saturday-1-26-09-0000010',535,,213403,10,,,1,70,,213359,10,,,1,30,,213404,10,,,1,70,,213360,10,,,1,30,,213405,10,,,1,70,,213361,10,,,1,15,,213406,10,,,1,15,,213362,10,,,1,15,,213363,10,,,1,56,,213407,10,,,1,17,,213364,10,,,1,15,,213365,10,,,1,14,,213408,10,,,1,54,,213366,10,,,1,14,,213367,10,,,1,14,,213368,10,,,1,15,,213409,10,,,1,55,,213369,10,,,1,15,,213370,10,,,1,15,,213371,10,,,1,15,,213410,10,,,1,55,,213372,10,,,1,15,,213373,10,,,1,15,,213374,10,,,1,15,,213411,10,,,1,55,,213375,10,,,1,15,,213376,10,,,1,15,,213377,10,,,1,15,,213412,10,,,1,55,,213378,10,,,1,15,,213379,10,,,1,15,,213381,10,,,1,15,,213413,10,,,1,55,,213382,10,,,1,15,,213383,10,,,1,15,,213380,10,,,1,15,,213414,10,,,1,55,,213392,10,,,1,15,,213393,10,,,1,15,,213394,10,,,1,15,,213415,10,,,1,55,,213395,10,,,1,14,,213396,10,,,1,16,,213397,10,,,1,15,,213416,10,,,1,55,,213398,10,,,1,15,,213399,10,,,1,15,,213400,10,,,1,15,,213417,10,,,1,55,,213401,10,,,1,15,,213402,10,,,1,20,,213389,10,,,1,20,,213418,10,,,1,60,,213384,10,,,1,20,,213390,10,,,1,20,,213419,10,,,1,60,,213385,10,,,1,20,,213391,10,,,1,20,,213420,10,,,1,60,,213386,10,,,1,30,,213421,10,,,1,70,,213388,10,,,1,30,,213422,10,,,1,70,,213387,10,,,1
5600,'056-Sunday-1-26-09-0000001',520,,213456,10,,,1,30,,213457,10,,,1,70,,213423,10,,,1,30,,213458,10,,,1,70,,213424,10,,,1,30,,213459,10,,,1,67,,213425,10,,,1,26,,213454,10,,,1,15,,213460,10,,,1,56,,213426,10,,,1,15,,213455,10,,,1,15,,213461,10,,,1,15,,213427,10,,,1,55,,213450,10,,,1,15,,213462,10,,,1,15,,213428,10,,,1,15,,213429,10,,,1,55,,213463,10,,,1,15,,213430,10,,,1,15,,213431,10,,,1,15,,213464,10,,,1,55,,213432,10,,,1,15,,213433,10,,,1,15,,213465,10,,,1,15,,213434,10,,,1,55,,213435,10,,,1,15,,213466,10,,,1,15,,213436,10,,,1,15,,213437,10,,,1,55,,213467,10,,,1,15,,213438,10,,,1,15,,213439,10,,,1,15,,213468,10,,,1,55,,213440,10,,,1,15,,213441,10,,,1,15,,213469,10,,,1,15,,213442,10,,,1,55,,213443,10,,,1,15,,213470,10,,,1,15,,213476,10,,,1,15,,213477,10,,,1,54,,213478,10,,,1,15,,213479,10,,,1,14,,213480,10,,,1,14,,213481,10,,,1,53,,213482,10,,,1,14,,213483,10,,,1,15,,213484,10,,,1,13,,213485,10,,,1,55,,213486,10,,,1,18,,213444,10,,,1,21,,213451,10,,,1,59,,213471,10,,,1,20,,213445,10,,,1,20,,213452,10,,,1,60,,213472,10,,,1,20,,213447,10,,,1,20,,213453,10,,,1,59,,213473,10,,,1,19,,213448,10,,,1,27,,213474,10,,,1,70,,213446,10,,,1,30,,213475,10,,,1,70,,213449,10,,,1
68201,'682-Weekday-1-26-09-0001000',1210,,227866,4,,,1,93,,227867,16,,,1
68201,'682-Weekday-1-26-09-1110100',1521,,227868,4,,,1,80,,227869,16,,,1
68201,'682-Weekday-4-26-09-1110100',1521,,270630,4,,,1,80,,270631,16,,,1
68201,'682-Weekday-7-26-09-1110100',1521,,270632,4,,,1,80,,270633,16,,,1
70301,'703-Weekday-1-26-09-1111100',531,,228886,4,,,1,70,,228887,4,,,1,30,,228930,4,,,1,24,,228888,4,,,1,64,,228928,4,,,1,24,,228889,4,,,1,64,,228919,4,,,1,24,,228890,4,,,1,23,,228927,4,,,1,61,,228929,4,,,1,20,,228891,4,,,1,20,,228892,4,,,1,60,,228893,4,,,1,20,,228894,4,,,1,20,,228895,4,,,1,60,,228896,4,,,1,20,,228897,4,,,1,20,,228898,4,,,1,60,,228899,4,,,1,20,,228900,4,,,1,20,,228901,4,,,1,60,,228902,4,,,1,20,,228903,4,,,1,20,,228904,4,,,1,60,,228905,4,,,1,20,,228926,4,,,1,21,,228906,4,,,1,57,,228907,4,,,1,15,,228908,4,,,1,15,,228909,4,,,1,15,,228910,4,,,1,55,,228911,4,,,1,15,,228912,4,,,1,15,,228913,4,,,1,15,,228914,4,,,1,55,,228915,4,,,1,15,,228931,4,,,1,30,,228916,4,,,1,70,,228917,4,,,1,28,,228918,4,,,1,65,,228925,4,,,1,25,,228920,4,,,1,70,,228921,4,,,1,30,,228922,4,,,1,70,,228923,4,,,1,30,,228924,4,,,1
70301,'703-Weekday-2-26-09-1111100',531,,228933,4,,,1,70,,228934,4,,,1,30,,228977,4,,,1,24,,228935,4,,,1,64,,228975,4,,,1,24,,228936,4,,,1,64,,228966,4,,,1,24,,228937,4,,,1,23,,228974,4,,,1,61,,228976,4,,,1,20,,228938,4,,,1,20,,228939,4,,,1,60,,228940,4,,,1,20,,228941,4,,,1,20,,228942,4,,,1,60,,228943,4,,,1,20,,228944,4,,,1,20,,228945,4,,,1,60,,228946,4,,,1,20,,228947,4,,,1,20,,228948,4,,,1,60,,228949,4,,,1,20,,228950,4,,,1,20,,228951,4,,,1,60,,228952,4,,,1,20,,228973,4,,,1,21,,228953,4,,,1,57,,228954,4,,,1,15,,228955,4,,,1,15,,228956,4,,,1,15,,228957,4,,,1,55,,228958,4,,,1,15,,228959,4,,,1,15,,228960,4,,,1,15,,228961,4,,,1,55,,228962,4,,,1,15,,228978,4,,,1,30,,228963,4,,,1,70,,228964,4,,,1,28,,228965,4,,,1,65,,228972,4,,,1,25,,228967,4,,,1,70,,228968,4,,,1,30,,228969,4,,,1,70,,228970,4,,,1,30,,228971,4,,,1
70301,'703-Weekday-3-26-09-1111100',531,,271635,4,,,1,70,,271636,4,,,1,30,,271679,4,,,1,24,,271637,4,,,1,64,,271677,4,,,1,24,,271638,4,,,1,64,,271668,4,,,1,24,,271639,4,,,1,23,,271676,4,,,1,61,,271678,4,,,1,20,,271640,4,,,1,20,,271641,4,,,1,60,,271642,4,,,1,20,,271643,4,,,1,20,,271644,4,,,1,60,,271645,4,,,1,20,,271646,4,,,1,20,,271647,4,,,1,60,,271648,4,,,1,20,,271649,4,,,1,20,,271650,4,,,1,60,,271651,4,,,1,20,,271652,4,,,1,20,,271653,4,,,1,60,,271654,4,,,1,20,,271675,4,,,1,21,,271655,4,,,1,57,,271656,4,,,1,15,,271657,4,,,1,15,,271658,4,,,1,15,,271659,4,,,1,55,,271660,4,,,1,15,,271661,4,,,1,15,,271662,4,,,1,15,,271663,4,,,1,55,,271664,4,,,1,15,,271680,4,,,1,30,,271665,4,,,1,70,,271666,4,,,1,28,,271667,4,,,1,65,,271674,4,,,1,25,,271669,4,,,1,70,,271670,4,,,1,30,,271671,4,,,1,70,,271672,4,,,1,30,,271673,4,,,1
70301,'703-Weekday-4-26-09-1111100',531,,228980,4,,,1,70,,228981,4,,,1,30,,229024,4,,,1,24,,228982,4,,,1,64,,229022,4,,,1,24,,228983,4,,,1,64,,229013,4,,,1,24,,228984,4,,,1,23,,229021,4,,,1,61,,229023,4,,,1,20,,228985,4,,,1,20,,228986,4,,,1,60,,228987,4,,,1,20,,228988,4,,,1,20,,228989,4,,,1,60,,228990,4,,,1,20,,228991,4,,,1,20,,228992,4,,,1,60,,228993,4,,,1,20,,228994,4,,,1,20,,228995,4,,,1,60,,228996,4,,,1,20,,228997,4,,,1,20,,228998,4,,,1,60,,228999,4,,,1,20,,229020,4,,,1,21,,229000,4,,,1,57,,229001,4,,,1,15,,229002,4,,,1,15,,229003,4,,,1,15,,229004,4,,,1,55,,229005,4,,,1,15,,229006,4,,,1,15,,229007,4,,,1,15,,229008,4,,,1,55,,229009,4,,,1,15,,229025,4,,,1,30,,229010,4,,,1,70,,229011,4,,,1,28,,229012,4,,,1,65,,229019,4,,,1,25,,229014,4,,,1,70,,229015,4,,,1,30,,229016,4,,,1,70,,229017,4,,,1,30,,229018,4,,,1
70301,'703-Weekday-5-26-09-1111100',531,,271681,4,,,1,70,,271682,4,,,1,30,,271725,4,,,1,24,,271683,4,,,1,64,,271723,4,,,1,24,,271684,4,,,1,64,,271714,4,,,1,24,,271685,4,,,1,23,,271722,4,,,1,61,,271724,4,,,1,20,,271686,4,,,1,20,,271687,4,,,1,60,,271688,4,,,1,20,,271689,4,,,1,20,,271690,4,,,1,60,,271691,4,,,1,20,,271692,4,,,1,20,,271693,4,,,1,60,,271694,4,,,1,20,,271695,4,,,1,20,,271696,4,,,1,60,,271697,4,,,1,20,,271698,4,,,1,20,,271699,4,,,1,60,,271700,4,,,1,20,,271721,4,,,1,21,,271701,4,,,1,57,,271702,4,,,1,15,,271703,4,,,1,15,,271704,4,,,1,15,,271705,4,,,1,55,,271706,4,,,1,15,,271707,4,,,1,15,,271708,4,,,1,15,,271709,4,,,1,55,,271710,4,,,1,15,,271726,4,,,1,30,,271711,4,,,1,70,,271712,4,,,1,28,,271713,4,,,1,65,,271720,4,,,1,25,,271715,4,,,1,70,,271716,4,,,1,30,,271717,4,,,1,70,,271718,4,,,1,30,,271719,4,,,1
70301,'703-Weekday-6-26-09-1111100',531,,271727,4,,,1,70,,271728,4,,,1,30,,271771,4,,,1,24,,271729,4,,,1,64,,271769,4,,,1,24,,271730,4,,,1,64,,271760,4,,,1,24,,271731,4,,,1,23,,271768,4,,,1,61,,271770,4,,,1,20,,271732,4,,,1,20,,271733,4,,,1,60,,271734,4,,,1,20,,271735,4,,,1,20,,271736,4,,,1,60,,271737,4,,,1,20,,271738,4,,,1,20,,271739,4,,,1,60,,271740,4,,,1,20,,271741,4,,,1,20,,271742,4,,,1,60,,271743,4,,,1,20,,271744,4,,,1,20,,271745,4,,,1,60,,271746,4,,,1,20,,271767,4,,,1,21,,271747,4,,,1,57,,271748,4,,,1,15,,271749,4,,,1,15,,271750,4,,,1,15,,271751,4,,,1,55,,271752,4,,,1,15,,271753,4,,,1,15,,271754,4,,,1,15,,271755,4,,,1,55,,271756,4,,,1,15,,271772,4,,,1,30,,271757,4,,,1,70,,271758,4,,,1,28,,271759,4,,,1,65,,271766,4,,,1,25,,271761,4,,,1,70,,271762,4,,,1,30,,271763,4,,,1,70,,271764,4,,,1,30,,271765,4,,,1
70301,'703-Weekday-7-26-09-1111100',531,,271774,4,,,1,70,,271775,4,,,1,30,,271818,4,,,1,24,,271776,4,,,1,64,,271816,4,,,1,24,,271777,4,,,1,64,,271807,4,,,1,24,,271778,4,,,1,23,,271815,4,,,1,61,,271817,4,,,1,20,,271779,4,,,1,20,,271780,4,,,1,60,,271781,4,,,1,20,,271782,4,,,1,20,,271783,4,,,1,60,,271784,4,,,1,20,,271785,4,,,1,20,,271786,4,,,1,60,,271787,4,,,1,20,,271788,4,,,1,20,,271789,4,,,1,60,,271790,4,,,1,20,,271791,4,,,1,20,,271792,4,,,1,60,,271793,4,,,1,20,,271814,4,,,1,21,,271794,4,,,1,57,,271795,4,,,1,15,,271796,4,,,1,15,,271797,4,,,1,15,,271798,4,,,1,55,,271799,4,,,1,15,,271800,4,,,1,15,,271801,4,,,1,15,,271802,4,,,1,55,,271803,4,,,1,15,,271819,4,,,1,30,,271804,4,,,1,70,,271805,4,,,1,28,,271806,4,,,1,65,,271813,4,,,1,25,,271808,4,,,1,70,,271809,4,,,1,30,,271810,4,,,1,70,,271811,4,,,1,30,,271812,4,,,1
70301,'703-Saturday-1-26-09-0000010',804,,229048,4,,,1,34,,229047,4,,,1,70,,229026,4,,,1,32,,229037,4,,,1,70,,229027,4,,,1,30,,229038,4,,,1,70,,229028,4,,,1,30,,229039,4,,,1,70,,229029,4,,,1,30,,229040,4,,,1,70,,229030,4,,,1,30,,229041,4,,,1,70,,229031,4,,,1,30,,229042,4,,,1,70,,229032,4,,,1,30,,229043,4,,,1,70,,229033,4,,,1,30,,229044,4,,,1,70,,229034,4,,,1,28,,229045,4,,,1,70,,229035,4,,,1,30,,229046,4,,,1,70,,229036,4,,,1
70301,'703-Sunday-1-26-09-0000001',1033,,229064,4,,,1,70,,229066,4,,,1,30,,229065,4,,,1,70,,229056,4,,,1,30,,229049,4,,,1,70,,229050,4,,,1,30,,229057,4,,,1,70,,229058,4,,,1,30,,229051,4,,,1,70,,229052,4,,,1,30,,229059,4,,,1,70,,229060,4,,,1,30,,229053,4,,,1,69,,229061,4,,,1,29,,229054,4,,,1,70,,229063,4,,,1,30,,229055,4,,,1,70,,229062,4,,,1
72401,'724-Weekday-1-26-09-1111100',615,,235192,4,,,1,31,,235193,4,,,1,74,,235194,4,,,1,30,,235195,4,,,1,70,,235196,4,,,1,30,,235197,4,,,1,665,,235198,4,,,1,30,,235199,4,,,1,70,,235200,4,,,1,30,,235201,4,,,1,70,,235202,4,,,1,30,,235203,4,,,1,70,,235204,4,,,1
72401,'724-Weekday-2-26-09-1111100',615,,235205,4,,,1,31,,235206,4,,,1,74,,235207,4,,,1,30,,235208,4,,,1,70,,235209,4,,,1,30,,235210,4,,,1,665,,235211,4,,,1,30,,235212,4,,,1,70,,235213,4,,,1,30,,235214,4,,,1,70,,235215,4,,,1,30,,235216,4,,,1,70,,235217,4,,,1
72401,'724-Weekday-3-26-09-1111100',615,,277821,4,,,1,31,,277822,4,,,1,74,,277823,4,,,1,30,,277824,4,,,1,70,,277825,4,,,1,30,,277826,4,,,1,665,,277827,4,,,1,30,,277828,4,,,1,70,,277829,4,,,1,30,,277830,4,,,1,70,,277831,4,,,1,30,,277832,4,,,1,70,,277833,4,,,1
72401,'724-Weekday-4-26-09-1111100',615,,235218,4,,,1,31,,235219,4,,,1,74,,235220,4,,,1,30,,235221,4,,,1,70,,235222,4,,,1,30,,235223,4,,,1,665,,235224,4,,,1,30,,235225,4,,,1,70,,235226,4,,,1,30,,235227,4,,,1,70,,235228,4,,,1,30,,235229,4,,,1,70,,235230,4,,,1
72401,'724-Weekday-5-26-09-1111100',615,,277834,4,,,1,31,,277835,4,,,1,74,,277836,4,,,1,30,,277837,4,,,1,70,,277838,4,,,1,30,,277839,4,,,1,665,,277840,4,,,1,30,,277841,4,,,1,70,,277842,4,,,1,30,,277843,4,,,1,70,,277844,4,,,1,30,,277845,4,,,1,70,,277846,4,,,1
72401,'724-Weekday-6-26-09-1111100',615,,277847,4,,,1,31,,277848,4,,,1,74,,277849,4,,,1,30,,277850,4,,,1,70,,277851,4,,,1,30,,277852,4,,,1,665,,277853,4,,,1,30,,277854,4,,,1,70,,277855,4,,,1,30,,277856,4,,,1,70,,277857,4,,,1,30,,277858,4,,,1,70,,277859,4,,,1
72401,'724-Weekday-7-26-09-1111100',615,,277860,4,,,1,31,,277861,4,,,1,74,,277862,4,,,1,30,,277863,4,,,1,70,,277864,4,,,1,30,,277865,4,,,1,665,,277866,4,,,1,30,,277867,4,,,1,70,,277868,4,,,1,30,,277869,4,,,1,70,,277870,4,,,1,30,,277871,4,,,1,70,,277872,4,,,1
