5101,'051-Weekday-1-26-09-1111100',526,,211141,7,,,1,30,,211142,7,,,1,71,,211164,7,,,1,21,,211152,7,,,1,10,,211165,7,,,1,50,,211143,7,,,1,10,,211166,7,,,1,10,,211144,7,,,1,10,,211167,7,,,1,10,,211145,7,,,1,7,,211176,7,,,1,3,,211168,7,,,1,50,,211146,7,,,1,5,,211177,7,,,1,5,,211127,7,,,1,10,,211147,7,,,1,13,,211169,7,,,1,13,,211170,7,,,1,52,,211140,7,,,1,20,,211171,7,,,1,20,,211128,7,,,1,60,,211148,7,,,1,8,,211178,7,,,1,12,,211172,7,,,1,20,,211129,7,,,1,60,,211130,7,,,1,20,,211173,7,,,1,20,,211149,7,,,1,60,,211131,7,,,1,20,,211174,7,,,1,20,,211132,7,,,1,60,,211150,7,,,1,20,,211175,7,,,1,20,,211133,7,,,1,60,,211151,7,,,1,20,,211162,7,,,1,30,,211134,7,,,1,70,,211135,7,,,1,31,,211136,7,,,1,70,,211137,7,,,1,30,,211138,7,,,1,70,,211163,7,,,1,30,,211154,7,,,1,69,,211155,7,,,1,30,,211156,7,,,1,70,,211157,7,,,1,30,,211158,7,,,1,70,,211159,7,,,1,30,,211160,7,,,1,70,,211161,7,,,1,30,,211139,7,,,1,100,,211153,7,,,1
5101,'051-Weekday-2-26-09-1111100',526,,211193,7,,,1,30,,211194,7,,,1,71,,211216,7,,,1,21,,211204,7,,,1,10,,211217,7,,,1,50,,211195,7,,,1,10,,211218,7,,,1,10,,211196,7,,,1,10,,211219,7,,,1,10,,211197,7,,,1,7,,211228,7,,,1,3,,211220,7,,,1,50,,211198,7,,,1,5,,211229,7,,,1,5,,211179,7,,,1,10,,211199,7,,,1,13,,211221,7,,,1,13,,211222,7,,,1,52,,211192,7,,,1,20,,211223,7,,,1,20,,211180,7,,,1,60,,211200,7,,,1,8,,211230,7,,,1,12,,211224,7,,,1,20,,211181,7,,,1,60,,211182,7,,,1,20,,211225,7,,,1,20,,211201,7,,,1,60,,211183,7,,,1,20,,211226,7,,,1,20,,211184,7,,,1,60,,211202,7,,,1,20,,211227,7,,,1,20,,211185,7,,,1,60,,211203,7,,,1,20,,211214,7,,,1,30,,211186,7,,,1,70,,211187,7,,,1,31,,211188,7,,,1,70,,211189,7,,,1,30,,211190,7,,,1,70,,211215,7,,,1,30,,211206,7,,,1,69,,211207,7,,,1,30,,211208,7,,,1,70,,211209,7,,,1,30,,211210,7,,,1,70,,211211,7,,,1,30,,211212,7,,,1,70,,211213,7,,,1,30,,211191,7,,,1,100,,211205,7,,,1
5101,'051-Weekday-3-26-09-1111100',526,,254417,7,,,1,30,,254418,7,,,1,71,,254440,7,,,1,21,,254428,7,,,1,10,,254441,7,,,1,50,,254419,7,,,1,10,,254442,7,,,1,10,,254420,7,,,1,10,,254443,7,,,1,10,,254421,7,,,1,7,,254452,7,,,1,3,,254444,7,,,1,50,,254422,7,,,1,5,,254453,7,,,1,5,,254403,7,,,1,10,,254423,7,,,1,13,,254445,7,,,1,13,,254446,7,,,1,52,,254416,7,,,1,20,,254447,7,,,1,20,,254404,7,,,1,60,,254424,7,,,1,8,,254454,7,,,1,12,,254448,7,,,1,20,,254405,7,,,1,60,,254406,7,,,1,20,,254449,7,,,1,20,,254425,7,,,1,60,,254407,7,,,1,20,,254450,7,,,1,20,,254408,7,,,1,60,,254426,7,,,1,20,,254451,7,,,1,20,,254409,7,,,1,60,,254427,7,,,1,20,,254438,7,,,1,30,,254410,7,,,1,70,,254411,7,,,1,31,,254412,7,,,1,70,,254413,7,,,1,30,,254414,7,,,1,70,,254439,7,,,1,30,,254430,7,,,1,69,,254431,7,,,1,30,,254432,7,,,1,70,,254433,7,,,1,30,,254434,7,,,1,70,,254435,7,,,1,30,,254436,7,,,1,70,,254437,7,,,1,30,,254415,7,,,1,100,,254429,7,,,1
5101,'051-Weekday-4-26-09-1111100',526,,211245,7,,,1,30,,211246,7,,,1,71,,211268,7,,,1,21,,211256,7,,,1,10,,211269,7,,,1,50,,211247,7,,,1,10,,211270,7,,,1,10,,211248,7,,,1,10,,211271,7,,,1,10,,211249,7,,,1,10,,211272,7,,,1,50,,211250,7,,,1,10,,211231,7,,,1,10,,211251,7,,,1,13,,211273,7,,,1,13,,211274,7,,,1,52,,211244,7,,,1,20,,211275,7,,,1,20,,211232,7,,,1,60,,211252,7,,,1,8,,211280,7,,,1,12,,211276,7,,,1,20,,211233,7,,,1,60,,211234,7,,,1,20,,211277,7,,,1,20,,211253,7,,,1,60,,211235,7,,,1,20,,211278,7,,,1,20,,211236,7,,,1,60,,211254,7,,,1,20,,211279,7,,,1,20,,211237,7,,,1,60,,211255,7,,,1,20,,211266,7,,,1,30,,211238,7,,,1,70,,211239,7,,,1,31,,211240,7,,,1,70,,211241,7,,,1,30,,211242,7,,,1,70,,211267,7,,,1,30,,211258,7,,,1,69,,211259,7,,,1,30,,211260,7,,,1,70,,211261,7,,,1,30,,211262,7,,,1,70,,211263,7,,,1,30,,211264,7,,,1,70,,211265,7,,,1,30,,211243,7,,,1,100,,211257,7,,,1
5101,'051-Weekday-5-26-09-1111100',526,,254469,7,,,1,30,,254470,7,,,1,71,,254492,7,,,1,21,,254480,7,,,1,10,,254493,7,,,1,50,,254471,7,,,1,10,,254494,7,,,1,10,,254472,7,,,1,10,,254495,7,,,1,10,,254473,7,,,1,10,,254496,7,,,1,50,,254474,7,,,1,10,,254455,7,,,1,10,,254475,7,,,1,13,,254497,7,,,1,13,,254498,7,,,1,52,,254468,7,,,1,20,,254499,7,,,1,20,,254456,7,,,1,60,,254476,7,,,1,8,,254504,7,,,1,12,,254500,7,,,1,20,,254457,7,,,1,60,,254458,7,,,1,20,,254501,7,,,1,20,,254477,7,,,1,60,,254459,7,,,1,20,,254502,7,,,1,20,,254460,7,,,1,60,,254478,7,,,1,20,,254503,7,,,1,20,,254461,7,,,1,60,,254479,7,,,1,20,,254490,7,,,1,30,,254462,7,,,1,70,,254463,7,,,1,31,,254464,7,,,1,70,,254465,7,,,1,30,,254466,7,,,1,70,,254491,7,,,1,30,,254482,7,,,1,69,,254483,7,,,1,30,,254484,7,,,1,70,,254485,7,,,1,30,,254486,7,,,1,70,,254487,7,,,1,30,,254488,7,,,1,70,,254489,7,,,1,30,,254467,7,,,1,100,,254481,7,,,1
5101,'051-Weekday-6-26-09-1111100',526,,254519,7,,,1,30,,254520,7,,,1,71,,254542,7,,,1,21,,254530,7,,,1,10,,254543,7,,,1,50,,254521,7,,,1,10,,254544,7,,,1,10,,254522,7,,,1,10,,254545,7,,,1,10,,254523,7,,,1,7,,254554,7,,,1,3,,254546,7,,,1,50,,254524,7,,,1,5,,254555,7,,,1,5,,254505,7,,,1,10,,254525,7,,,1,13,,254547,7,,,1,13,,254548,7,,,1,52,,254518,7,,,1,20,,254549,7,,,1,20,,254506,7,,,1,60,,254526,7,,,1,20,,254550,7,,,1,20,,254507,7,,,1,60,,254508,7,,,1,20,,254551,7,,,1,20,,254527,7,,,1,60,,254509,7,,,1,20,,254552,7,,,1,20,,254510,7,,,1,60,,254528,7,,,1,20,,254553,7,,,1,20,,254511,7,,,1,60,,254529,7,,,1,20,,254540,7,,,1,30,,254512,7,,,1,70,,254513,7,,,1,31,,254514,7,,,1,70,,254515,7,,,1,30,,254516,7,,,1,70,,254541,7,,,1,30,,254532,7,,,1,69,,254533,7,,,1,30,,254534,7,,,1,70,,254535,7,,,1,30,,254536,7,,,1,70,,254537,7,,,1,30,,254538,7,,,1,70,,254539,7,,,1,30,,254517,7,,,1,100,,254531,7,,,1
5101,'051-Weekday-7-26-09-1111100',526,,254570,7,,,1,30,,254571,7,,,1,71,,254593,7,,,1,21,,254581,7,,,1,10,,254594,7,,,1,50,,254572,7,,,1,10,,254595,7,,,1,10,,254573,7,,,1,10,,254596,7,,,1,10,,254574,7,,,1,10,,254597,7,,,1,50,,254575,7,,,1,10,,254556,7,,,1,10,,254576,7,,,1,13,,254598,7,,,1,13,,254599,7,,,1,52,,254569,7,,,1,20,,254600,7,,,1,20,,254557,7,,,1,60,,254577,7,,,1,20,,254601,7,,,1,20,,254558,7,,,1,60,,254559,7,,,1,20,,254602,7,,,1,20,,254578,7,,,1,60,,254560,7,,,1,20,,254603,7,,,1,20,,254561,7,,,1,60,,254579,7,,,1,20,,254604,7,,,1,20,,254562,7,,,1,60,,254580,7,,,1,20,,254591,7,,,1,30,,254563,7,,,1,70,,254564,7,,,1,31,,254565,7,,,1,70,,254566,7,,,1,30,,254567,7,,,1,70,,254592,7,,,1,30,,254583,7,,,1,69,,254584,7,,,1,30,,254585,7,,,1,70,,254586,7,,,1,30,,254587,7,,,1,70,,254588,7,,,1,30,,254589,7,,,1,70,,254590,7,,,1,30,,254568,7,,,1,100,,254582,7,,,1
5101,'051-Saturday-1-26-09-0000010',606,,211281,7,,,1,100,,211282,7,,,1,100,,211283,7,,,1,30,,211284,7,,,1,69,,211285,7,,,1,30,,211286,7,,,1,70,,211287,7,,,1,30,,211288,7,,,1,70,,211289,7,,,1,30,,211290,7,,,1,70,,211291,7,,,1,30,,211292,7,,,1,70,,211293,7,,,1,30,,211294,7,,,1,70,,211295,7,,,1,30,,211296,7,,,1,70,,211297,7,,,1,30,,211298,7,,,1,70,,211299,7,,,1,30,,211300,7,,,1,70,,211301,7,,,1,30,,211302,7,,,1,70,,211303,7,,,1,30,,211304,7,,,1,70,,211305,7,,,1,100,,211306,7,,,1,100,,211307,7,,,1,100,,211308,7,,,1
5101,'051-Sunday-1-26-09-0000001',706,,211328,7,,,1,100,,211329,7,,,1,100,,211330,7,,,1,30,,211333,7,,,1,70,,211309,7,,,1,30,,211310,7,,,1,70,,211311,7,,,1,30,,211312,7,,,1,70,,211313,7,,,1,30,,211314,7,,,1,70,,211315,7,,,1,30,,211316,7,,,1,70,,211317,7,,,1,30,,211318,7,,,1,70,,211319,7,,,1,30,,211320,7,,,1,70,,211321,7,,,1,30,,211322,7,,,1,70,,211323,7,,,1,30,,211324,7,,,1,70,,211325,7,,,1,30,,211326,7,,,1,70,,211327,7,,,1,100,,211331,7,,,1,100,,211332,7,,,1,100,,211334,7,,,1
61300,'613-Weekday-1-26-09-1111100',746,,227411,31,,,1,90,,227412,31,,,1
61300,'613-Weekday-3-26-09-1111100',836,,227413,31,,,1
61300,'613-Weekday-4-26-09-1111100',746,,270272,31,,,1
61300,'613-Weekday-7-26-09-1111100',746,,270273,31,,,1,90,,270274,31,,,1
24015001,'150X-Weekday-1-26-09-1111100',628,,245121,28,,,1,20,,245115,28,,,1,60,,245116,28,,,1,20,,245117,28,,,1,15,,245118,28,,,1,15,,245119,28,,,1,55,,245120,28,,,1,15,,245113,28,,,1,15,,245112,28,,,1,15,,245114,28,,,1
24015001,'150X-Weekday-2-26-09-1111100',628,,245131,28,,,1,20,,245125,28,,,1,60,,245126,28,,,1,20,,245127,28,,,1,15,,245128,28,,,1,15,,245129,28,,,1,55,,245130,28,,,1,15,,245123,28,,,1,15,,245122,28,,,1,15,,245124,28,,,1
24015001,'150X-Weekday-3-26-09-1111100',628,,287639,28,,,1,20,,287633,28,,,1,60,,287634,28,,,1,20,,287635,28,,,1,15,,287636,28,,,1,15,,287637,28,,,1,55,,287638,28,,,1,15,,287631,28,,,1,15,,287630,28,,,1,15,,287632,28,,,1
24015001,'150X-Weekday-4-26-09-1111100',628,,245141,28,,,1,20,,245135,28,,,1,60,,245136,28,,,1,20,,245137,28,,,1,15,,245138,28,,,1,15,,245139,28,,,1,55,,245140,28,,,1,15,,245133,28,,,1,15,,245132,28,,,1,15,,245134,28,,,1
24015001,'150X-Weekday-5-26-09-1111100',628,,287649,28,,,1,20,,287643,28,,,1,60,,287644,28,,,1,20,,287645,28,,,1,15,,287646,28,,,1,15,,287647,28,,,1,55,,287648,28,,,1,15,,287641,28,,,1,15,,287640,28,,,1,15,,287642,28,,,1
24015001,'150X-Weekday-6-26-09-1111100',628,,287659,28,,,1,20,,287653,28,,,1,60,,287654,28,,,1,20,,287655,28,,,1,15,,287656,28,,,1,15,,287657,28,,,1,55,,287658,28,,,1,15,,287651,28,,,1,15,,287650,28,,,1,15,,287652,28,,,1
24015001,'150X-Weekday-7-26-09-1111100',628,,287669,28,,,1,20,,287663,28,,,1,60,,287664,28,,,1,20,,287665,28,,,1,15,,287666,28,,,1,15,,287667,28,,,1,55,,287668,28,,,1,15,,287661,28,,,1,15,,287660,28,,,1,15,,287662,28,,,1
