10901,'109-Weekday-1-26-09-1111100',549,,217037,52,0,18 14,1,70,,217038,52,0,18 14,1,34,,217039,52,0,18 14,1,64,,217040,52,0,18 14,1,15,,217041,52,0,18 14,1,15,,217042,52,0,18 14,1,55,,217043,52,0,18 14,1,15,,217045,52,0,18 14,1,15,,217044,52,0,18 14,1,15,,217079,52,0,18 14,1,56,,217077,52,0,18 14,1,20,,217046,52,0,18 14,1,29,,217047,52,0,18 14,1,70,,217048,52,0,18 14,1,30,,217049,52,0,18 14,1,70,,217050,52,0,18 14,1,30,,217051,52,0,18 14,1,70,,217052,52,0,18 14,1,30,,217053,52,0,18 14,1,70,,217054,52,0,18 14,1,30,,217055,52,0,18 14,1,70,,217056,52,0,18 14,1,30,,217057,52,0,18 14,1,72,,217058,52,0,18 14,1,25,,217059,52,0,18 14,1,55,,217060,52,0,18 14,1,15,,217061,52,0,18 14,1,15,,217062,52,0,18 14,1,15,,217075,52,0,18 14,1,55,,217063,52,0,18 14,1,15,,217080,52,0,18 14,1,15,,217078,52,0,18 14,1,22,,217064,52,0,18 14,1,70,,217065,52,0,18 14,1,27,,217066,52,0,18 14,1,68,,217067,52,0,18 14,1,30,,217068,52,0,18 14,1,70,,217069,52,0,18 14,1,30,,217070,52,0,18 14,1,70,,217071,52,0,18 14,1,30,,217072,52,0,18 14,1,68,,217076,52,0,18 14,1,99,,217073,52,0,18 14,1,100,,217074,52,0,18 14,1
10901,'109-Weekday-2-26-09-1111100',549,,217081,52,0,18 14,1,70,,217082,52,0,18 14,1,34,,217083,52,0,18 14,1,64,,217084,52,0,18 14,1,15,,217085,52,0,18 14,1,15,,217086,52,0,18 14,1,55,,217087,52,0,18 14,1,15,,217089,52,0,18 14,1,15,,217088,52,0,18 14,1,15,,217123,52,0,18 14,1,56,,217121,52,0,18 14,1,20,,217090,52,0,18 14,1,29,,217091,52,0,18 14,1,70,,217092,52,0,18 14,1,30,,217093,52,0,18 14,1,70,,217094,52,0,18 14,1,30,,217095,52,0,18 14,1,70,,217096,52,0,18 14,1,30,,217097,52,0,18 14,1,70,,217098,52,0,18 14,1,30,,217099,52,0,18 14,1,70,,217100,52,0,18 14,1,30,,217101,52,0,18 14,1,72,,217102,52,0,18 14,1,25,,217103,52,0,18 14,1,55,,217104,52,0,18 14,1,15,,217105,52,0,18 14,1,15,,217106,52,0,18 14,1,15,,217119,52,0,18 14,1,55,,217107,52,0,18 14,1,15,,217124,52,0,18 14,1,15,,217122,52,0,18 14,1,22,,217108,52,0,18 14,1,70,,217109,52,0,18 14,1,27,,217110,52,0,18 14,1,68,,217111,52,0,18 14,1,30,,217112,52,0,18 14,1,70,,217113,52,0,18 14,1,30,,217114,52,0,18 14,1,70,,217115,52,0,18 14,1,30,,217116,52,0,18 14,1,68,,217120,52,0,18 14,1,99,,217117,52,0,18 14,1,100,,217118,52,0,18 14,1
10901,'109-Weekday-3-26-09-1111100',549,,260570,52,0,18 14,1,70,,260571,52,0,18 14,1,34,,260572,52,0,18 14,1,64,,260573,52,0,18 14,1,15,,260574,52,0,18 14,1,15,,260575,52,0,18 14,1,55,,260576,52,0,18 14,1,15,,260578,52,0,18 14,1,15,,260577,52,0,18 14,1,15,,260612,52,0,18 14,1,56,,260610,52,0,18 14,1,20,,260579,52,0,18 14,1,29,,260580,52,0,18 14,1,70,,260581,52,0,18 14,1,30,,260582,52,0,18 14,1,70,,260583,52,0,18 14,1,30,,260584,52,0,18 14,1,70,,260585,52,0,18 14,1,30,,260586,52,0,18 14,1,70,,260587,52,0,18 14,1,30,,260588,52,0,18 14,1,70,,260589,52,0,18 14,1,30,,260590,52,0,18 14,1,72,,260591,52,0,18 14,1,25,,260592,52,0,18 14,1,55,,260593,52,0,18 14,1,15,,260594,52,0,18 14,1,15,,260595,52,0,18 14,1,15,,260608,52,0,18 14,1,55,,260596,52,0,18 14,1,15,,260613,52,0,18 14,1,15,,260611,52,0,18 14,1,22,,260597,52,0,18 14,1,70,,260598,52,0,18 14,1,27,,260599,52,0,18 14,1,68,,260600,52,0,18 14,1,30,,260601,52,0,18 14,1,70,,260602,52,0,18 14,1,30,,260603,52,0,18 14,1,70,,260604,52,0,18 14,1,30,,260605,52,0,18 14,1,68,,260609,52,0,18 14,1,99,,260606,52,0,18 14,1,100,,260607,52,0,18 14,1
10901,'109-Weekday-4-26-09-1111100',549,,217125,52,0,18 14,1,70,,217126,52,0,18 14,1,34,,217127,52,0,18 14,1,64,,217128,52,0,18 14,1,15,,217129,52,0,18 14,1,15,,217130,52,0,18 14,1,55,,217131,52,0,18 14,1,15,,217133,52,0,18 14,1,15,,217132,52,0,18 14,1,15,,217167,52,0,18 14,1,56,,217165,52,0,18 14,1,20,,217134,52,0,18 14,1,29,,217135,52,0,18 14,1,70,,217136,52,0,18 14,1,30,,217137,52,0,18 14,1,70,,217138,52,0,18 14,1,30,,217139,52,0,18 14,1,70,,217140,52,0,18 14,1,30,,217141,52,0,18 14,1,70,,217142,52,0,18 14,1,30,,217143,52,0,18 14,1,70,,217144,52,0,18 14,1,30,,217145,52,0,18 14,1,72,,217146,52,0,18 14,1,25,,217147,52,0,18 14,1,55,,217148,52,0,18 14,1,15,,217149,52,0,18 14,1,15,,217150,52,0,18 14,1,15,,217163,52,0,18 14,1,55,,217151,52,0,18 14,1,15,,217168,52,0,18 14,1,15,,217166,52,0,18 14,1,22,,217152,52,0,18 14,1,70,,217153,52,0,18 14,1,27,,217154,52,0,18 14,1,68,,217155,52,0,18 14,1,30,,217156,52,0,18 14,1,70,,217157,52,0,18 14,1,30,,217158,52,0,18 14,1,70,,217159,52,0,18 14,1,30,,217160,52,0,18 14,1,68,,217164,52,0,18 14,1,99,,217161,52,0,18 14,1,100,,217162,52,0,18 14,1
10901,'109-Weekday-5-26-09-1111100',549,,260614,52,0,18 14,1,70,,260615,52,0,18 14,1,34,,260616,52,0,18 14,1,64,,260617,52,0,18 14,1,15,,260618,52,0,18 14,1,15,,260619,52,0,18 14,1,55,,260620,52,0,18 14,1,15,,260622,52,0,18 14,1,15,,260621,52,0,18 14,1,15,,260656,52,0,18 14,1,56,,260654,52,0,18 14,1,20,,260623,52,0,18 14,1,29,,260624,52,0,18 14,1,70,,260625,52,0,18 14,1,30,,260626,52,0,18 14,1,70,,260627,52,0,18 14,1,30,,260628,52,0,18 14,1,70,,260629,52,0,18 14,1,30,,260630,52,0,18 14,1,70,,260631,52,0,18 14,1,30,,260632,52,0,18 14,1,70,,260633,52,0,18 14,1,30,,260634,52,0,18 14,1,72,,260635,52,0,18 14,1,25,,260636,52,0,18 14,1,55,,260637,52,0,18 14,1,15,,260638,52,0,18 14,1,15,,260639,52,0,18 14,1,15,,260652,52,0,18 14,1,55,,260640,52,0,18 14,1,15,,260657,52,0,18 14,1,15,,260655,52,0,18 14,1,22,,260641,52,0,18 14,1,70,,260642,52,0,18 14,1,27,,260643,52,0,18 14,1,68,,260644,52,0,18 14,1,30,,260645,52,0,18 14,1,70,,260646,52,0,18 14,1,30,,260647,52,0,18 14,1,70,,260648,52,0,18 14,1,30,,260649,52,0,18 14,1,68,,260653,52,0,18 14,1,99,,260650,52,0,18 14,1,100,,260651,52,0,18 14,1
10901,'109-Weekday-6-26-09-1111100',549,,260658,52,0,18 14,1,70,,260659,52,0,18 14,1,34,,260660,52,0,18 14,1,64,,260661,52,0,18 14,1,15,,260662,52,0,18 14,1,15,,260663,52,0,18 14,1,55,,260664,52,0,18 14,1,15,,260666,52,0,18 14,1,15,,260665,52,0,18 14,1,15,,260700,52,0,18 14,1,56,,260698,52,0,18 14,1,20,,260667,52,0,18 14,1,29,,260668,52,0,18 14,1,70,,260669,52,0,18 14,1,30,,260670,52,0,18 14,1,70,,260671,52,0,18 14,1,30,,260672,52,0,18 14,1,70,,260673,52,0,18 14,1,30,,260674,52,0,18 14,1,70,,260675,52,0,18 14,1,30,,260676,52,0,18 14,1,70,,260677,52,0,18 14,1,30,,260678,52,0,18 14,1,72,,260679,52,0,18 14,1,25,,260680,52,0,18 14,1,55,,260681,52,0,18 14,1,15,,260682,52,0,18 14,1,15,,260683,52,0,18 14,1,15,,260696,52,0,18 14,1,55,,260684,52,0,18 14,1,15,,260701,52,0,18 14,1,15,,260699,52,0,18 14,1,22,,260685,52,0,18 14,1,70,,260686,52,0,18 14,1,27,,260687,52,0,18 14,1,68,,260688,52,0,18 14,1,30,,260689,52,0,18 14,1,70,,260690,52,0,18 14,1,30,,260691,52,0,18 14,1,70,,260692,52,0,18 14,1,30,,260693,52,0,18 14,1,68,,260697,52,0,18 14,1,99,,260694,52,0,18 14,1,100,,260695,52,0,18 14,1
10901,'109-Weekday-7-26-09-1111100',549,,260702,52,0,18 14,1,70,,260703,52,0,18 14,1,34,,260704,52,0,18 14,1,64,,260705,52,0,18 14,1,15,,260706,52,0,18 14,1,15,,260707,52,0,18 14,1,55,,260708,52,0,18 14,1,15,,260710,52,0,18 14,1,15,,260709,52,0,18 14,1,15,,260744,52,0,18 14,1,56,,260742,52,0,18 14,1,20,,260711,52,0,18 14,1,29,,260712,52,0,18 14,1,70,,260713,52,0,18 14,1,30,,260714,52,0,18 14,1,70,,260715,52,0,18 14,1,30,,260716,52,0,18 14,1,70,,260717,52,0,18 14,1,30,,260718,52,0,18 14,1,70,,260719,52,0,18 14,1,30,,260720,52,0,18 14,1,70,,260721,52,0,18 14,1,30,,260722,52,0,18 14,1,72,,260723,52,0,18 14,1,25,,260724,52,0,18 14,1,55,,260725,52,0,18 14,1,15,,260726,52,0,18 14,1,15,,260727,52,0,18 14,1,15,,260740,52,0,18 14,1,55,,260728,52,0,18 14,1,15,,260745,52,0,18 14,1,15,,260743,52,0,18 14,1,22,,260729,52,0,18 14,1,70,,260730,52,0,18 14,1,27,,260731,52,0,18 14,1,68,,260732,52,0,18 14,1,30,,260733,52,0,18 14,1,70,,260734,52,0,18 14,1,30,,260735,52,0,18 14,1,70,,260736,52,0,18 14,1,30,,260737,52,0,18 14,1,68,,260741,52,0,18 14,1,99,,260738,52,0,18 14,1,100,,260739,52,0,18 14,1
10901,'109-Saturday-1-26-09-0000010',842,,217169,52,0,18 14,1,70,,217170,52,0,18 14,1,30,,217171,52,0,18 14,1,70,,217172,52,0,18 14,1,30,,217173,52,0,18 14,1,70,,217174,52,0,18 14,1,30,,217175,52,0,18 14,1,70,,217176,52,0,18 14,1,30,,217177,52,0,18 14,1,70,,217178,52,0,18 14,1,30,,217179,52,0,18 14,1,70,,217180,52,0,18 14,1,30,,217181,52,0,18 14,1,70,,217182,52,0,18 14,1,30,,217183,52,0,18 14,1,70,,217184,52,0,18 14,1,30,,217185,52,0,18 14,1,70,,217186,52,0,18 14,1,30,,217187,52,0,18 14,1,70,,217188,52,0,18 14,1,30,,217189,52,0,18 14,1,70,,217190,52,0,18 14,1,30,,217191,52,0,18 14,1,70,,217192,52,0,18 14,1,30,,217193,52,0,18 14,1,70,,217194,52,0,18 14,1,30,,217195,52,0,18 14,1,70,,217196,52,0,18 14,1
10901,'109-Sunday-1-26-09-0000001',1052,,217197,52,0,18 14,1,70,,217198,52,0,18 14,1,30,,217199,52,0,18 14,1,70,,217200,52,0,18 14,1,30,,217201,52,0,18 14,1,70,,217202,52,0,18 14,1,30,,217203,52,0,18 14,1,70,,217204,52,0,18 14,1,30,,217205,52,0,18 14,1,70,,217206,52,0,18 14,1,30,,217207,52,0,18 14,1,70,,217208,52,0,18 14,1,30,,217209,52,0,18 14,1,70,,217210,52,0,18 14,1,30,,217211,52,0,18 14,1,70,,217212,52,0,18 14,1,30,,217213,52,0,18 14,1,70,,217214,52,0,18 14,1
61501,'615-Weekday-1-26-09-0001000',1251,,227427,25,,,1
61501,'615-Weekday-1-26-09-1110100',1555,,227428,25,,,1
61501,'615-Weekday-4-26-09-1110100',1555,,270286,25,,,1
61501,'615-Weekday-7-26-09-1110100',1555,,270287,25,,,1
61801,'618-Weekday-1-26-09-1111100',823,,227449,37,,,1
61801,'618-Weekday-4-26-09-1111100',823,,270299,37,,,1
61801,'618-Weekday-7-26-09-1111100',823,,270300,37,,,1
68301,'683-Weekday-1-26-09-1111100',752,,227878,31,,,1,5,,227879,31,,,1,45,,227880,31,,,1,5,,227881,31,,,1
68301,'683-Weekday-3-26-09-1111100',752,,227882,31,,,1,5,,227883,31,,,1,45,,227884,31,,,1,5,,227885,31,,,1
68301,'683-Weekday-4-26-09-1111100',752,,270640,31,,,1,5,,270641,31,,,1,45,,270642,31,,,1,5,,270643,31,,,1
68301,'683-Weekday-7-26-09-1111100',752,,270644,31,,,1,5,,270645,31,,,1,45,,270646,31,,,1,5,,270647,31,,,1
