10700,'107-Weekday-1-26-09-1111100',541,,215821,35,,,1,70,,215822,35,,,1,31,,215823,35,,,1,17,,215824,35,,,1,55,,215825,35,,,1,15,,215826,35,,,1,15,,215827,35,,,1,15,,215828,35,,,1,55,,215829,35,,,1,15,,215830,35,,,1,17,,215878,35,,,1,58,,215831,35,,,1,20,,215832,35,,,1,20,,215833,35,,,1,60,,215834,35,,,1,20,,215835,35,,,1,20,,215836,35,,,1,60,,215837,35,,,1,20,,215838,35,,,1,20,,215839,35,,,1,60,,215840,35,,,1,20,,215841,35,,,1,20,,215842,35,,,1,60,,215843,35,,,1,20,,215844,35,,,1,20,,215845,35,,,1,60,,215846,35,,,1,20,,215847,35,,,1,20,,215848,35,,,1,60,,215869,35,,,1,13,,215863,35,,,1,10,,215871,35,,,1,10,,215849,35,,,1,10,,215864,35,,,1,2,,215879,35,,,1,8,,215872,35,,,1,50,,215850,35,,,1,10,,215865,35,,,1,10,,215873,35,,,1,10,,215851,35,,,1,10,,215866,35,,,1,10,,215874,35,,,1,50,,215852,35,,,1,10,,215862,35,,,1,10,,215875,35,,,1,10,,215870,35,,,1,20,,215867,35,,,1,60,,215868,35,,,1,19,,215854,35,,,1,67,,215855,35,,,1,30,,215856,35,,,1,70,,215857,35,,,1,30,,215858,35,,,1,70,,215859,35,,,1,30,,215860,35,,,1,70,,215861,35,,,1,30,,215853,35,,,1,100,,215876,35,,,1,100,,215877,35,,,1
10700,'107-Weekday-2-26-09-1111100',541,,215880,35,,,1,70,,215881,35,,,1,31,,215882,35,,,1,17,,215883,35,,,1,55,,215884,35,,,1,15,,215885,35,,,1,15,,215886,35,,,1,15,,215887,35,,,1,55,,215888,35,,,1,15,,215889,35,,,1,17,,215937,35,,,1,58,,215890,35,,,1,20,,215891,35,,,1,20,,215892,35,,,1,60,,215893,35,,,1,20,,215894,35,,,1,20,,215895,35,,,1,60,,215896,35,,,1,20,,215897,35,,,1,20,,215898,35,,,1,60,,215899,35,,,1,20,,215900,35,,,1,20,,215901,35,,,1,60,,215902,35,,,1,20,,215903,35,,,1,20,,215904,35,,,1,60,,215905,35,,,1,20,,215906,35,,,1,20,,215907,35,,,1,60,,215928,35,,,1,13,,215922,35,,,1,10,,215930,35,,,1,10,,215908,35,,,1,10,,215923,35,,,1,2,,215938,35,,,1,8,,215931,35,,,1,50,,215909,35,,,1,10,,215924,35,,,1,10,,215932,35,,,1,10,,215910,35,,,1,10,,215925,35,,,1,10,,215933,35,,,1,50,,215911,35,,,1,10,,215921,35,,,1,10,,215934,35,,,1,10,,215929,35,,,1,20,,215926,35,,,1,60,,215927,35,,,1,19,,215913,35,,,1,67,,215914,35,,,1,30,,215915,35,,,1,70,,215916,35,,,1,30,,215917,35,,,1,70,,215918,35,,,1,30,,215919,35,,,1,70,,215920,35,,,1,30,,215912,35,,,1,100,,215935,35,,,1,100,,215936,35,,,1
10700,'107-Weekday-3-26-09-1111100',541,,259373,35,,,1,70,,259374,35,,,1,31,,259375,35,,,1,17,,259376,35,,,1,55,,259377,35,,,1,15,,259378,35,,,1,15,,259379,35,,,1,15,,259380,35,,,1,55,,259381,35,,,1,15,,259382,35,,,1,17,,259430,35,,,1,58,,259383,35,,,1,20,,259384,35,,,1,20,,259385,35,,,1,60,,259386,35,,,1,20,,259387,35,,,1,20,,259388,35,,,1,60,,259389,35,,,1,20,,259390,35,,,1,20,,259391,35,,,1,60,,259392,35,,,1,20,,259393,35,,,1,20,,259394,35,,,1,60,,259395,35,,,1,20,,259396,35,,,1,20,,259397,35,,,1,60,,259398,35,,,1,20,,259399,35,,,1,20,,259400,35,,,1,60,,259421,35,,,1,13,,259415,35,,,1,10,,259423,35,,,1,10,,259401,35,,,1,10,,259416,35,,,1,2,,259431,35,,,1,8,,259424,35,,,1,50,,259402,35,,,1,10,,259417,35,,,1,10,,259425,35,,,1,10,,259403,35,,,1,10,,259418,35,,,1,10,,259426,35,,,1,50,,259404,35,,,1,10,,259414,35,,,1,10,,259427,35,,,1,10,,259422,35,,,1,20,,259419,35,,,1,60,,259420,35,,,1,19,,259406,35,,,1,67,,259407,35,,,1,30,,259408,35,,,1,70,,259409,35,,,1,30,,259410,35,,,1,70,,259411,35,,,1,30,,259412,35,,,1,70,,259413,35,,,1,30,,259405,35,,,1,100,,259428,35,,,1,100,,259429,35,,,1
10700,'107-Weekday-4-26-09-1111100',541,,215939,35,,,1,70,,215940,35,,,1,31,,215941,35,,,1,17,,215942,35,,,1,55,,215943,35,,,1,15,,215944,35,,,1,15,,215945,35,,,1,15,,215946,35,,,1,55,,215947,35,,,1,15,,215948,35,,,1,17,,215996,35,,,1,58,,215949,35,,,1,20,,215950,35,,,1,20,,215951,35,,,1,60,,215952,35,,,1,20,,215953,35,,,1,20,,215954,35,,,1,60,,215955,35,,,1,20,,215956,35,,,1,20,,215957,35,,,1,60,,215958,35,,,1,20,,215959,35,,,1,20,,215960,35,,,1,60,,215961,35,,,1,20,,215962,35,,,1,20,,215963,35,,,1,60,,215964,35,,,1,20,,215965,35,,,1,20,,215966,35,,,1,60,,215987,35,,,1,13,,215981,35,,,1,10,,215989,35,,,1,10,,215967,35,,,1,10,,215982,35,,,1,10,,215990,35,,,1,50,,215968,35,,,1,10,,215983,35,,,1,10,,215991,35,,,1,10,,215969,35,,,1,10,,215984,35,,,1,10,,215992,35,,,1,50,,215970,35,,,1,10,,215980,35,,,1,10,,215993,35,,,1,10,,215988,35,,,1,20,,215985,35,,,1,60,,215986,35,,,1,19,,215972,35,,,1,67,,215973,35,,,1,30,,215974,35,,,1,70,,215975,35,,,1,30,,215976,35,,,1,70,,215977,35,,,1,30,,215978,35,,,1,70,,215979,35,,,1,30,,215971,35,,,1,100,,215994,35,,,1,100,,215995,35,,,1
10700,'107-Weekday-5-26-09-1111100',541,,259432,35,,,1,70,,259433,35,,,1,31,,259434,35,,,1,17,,259435,35,,,1,55,,259436,35,,,1,15,,259437,35,,,1,15,,259438,35,,,1,15,,259439,35,,,1,55,,259440,35,,,1,15,,259441,35,,,1,17,,259489,35,,,1,58,,259442,35,,,1,20,,259443,35,,,1,20,,259444,35,,,1,60,,259445,35,,,1,20,,259446,35,,,1,20,,259447,35,,,1,60,,259448,35,,,1,20,,259449,35,,,1,20,,259450,35,,,1,60,,259451,35,,,1,20,,259452,35,,,1,20,,259453,35,,,1,60,,259454,35,,,1,20,,259455,35,,,1,20,,259456,35,,,1,60,,259457,35,,,1,20,,259458,35,,,1,20,,259459,35,,,1,60,,259480,35,,,1,13,,259474,35,,,1,10,,259482,35,,,1,10,,259460,35,,,1,10,,259475,35,,,1,10,,259483,35,,,1,50,,259461,35,,,1,10,,259476,35,,,1,10,,259484,35,,,1,10,,259462,35,,,1,10,,259477,35,,,1,10,,259485,35,,,1,50,,259463,35,,,1,10,,259473,35,,,1,10,,259486,35,,,1,10,,259481,35,,,1,20,,259478,35,,,1,60,,259479,35,,,1,19,,259465,35,,,1,67,,259466,35,,,1,30,,259467,35,,,1,70,,259468,35,,,1,30,,259469,35,,,1,70,,259470,35,,,1,30,,259471,35,,,1,70,,259472,35,,,1,30,,259464,35,,,1,100,,259487,35,,,1,100,,259488,35,,,1
10700,'107-Weekday-6-26-09-1111100',541,,259490,35,,,1,70,,259491,35,,,1,31,,259492,35,,,1,17,,259493,35,,,1,55,,259494,35,,,1,15,,259495,35,,,1,15,,259496,35,,,1,15,,259497,35,,,1,55,,259498,35,,,1,15,,259499,35,,,1,17,,259547,35,,,1,58,,259500,35,,,1,20,,259501,35,,,1,20,,259502,35,,,1,60,,259503,35,,,1,20,,259504,35,,,1,20,,259505,35,,,1,60,,259506,35,,,1,20,,259507,35,,,1,20,,259508,35,,,1,60,,259509,35,,,1,20,,259510,35,,,1,20,,259511,35,,,1,60,,259512,35,,,1,20,,259513,35,,,1,20,,259514,35,,,1,60,,259515,35,,,1,20,,259516,35,,,1,20,,259517,35,,,1,60,,259538,35,,,1,13,,259532,35,,,1,10,,259540,35,,,1,10,,259518,35,,,1,10,,259533,35,,,1,2,,259548,35,,,1,8,,259541,35,,,1,50,,259519,35,,,1,10,,259534,35,,,1,10,,259542,35,,,1,10,,259520,35,,,1,10,,259535,35,,,1,10,,259543,35,,,1,50,,259521,35,,,1,10,,259531,35,,,1,10,,259544,35,,,1,10,,259539,35,,,1,20,,259536,35,,,1,60,,259537,35,,,1,19,,259523,35,,,1,67,,259524,35,,,1,30,,259525,35,,,1,70,,259526,35,,,1,30,,259527,35,,,1,70,,259528,35,,,1,30,,259529,35,,,1,70,,259530,35,,,1,30,,259522,35,,,1,100,,259545,35,,,1,100,,259546,35,,,1
10700,'107-Weekday-7-26-09-1111100',541,,259549,35,,,1,70,,259550,35,,,1,31,,259551,35,,,1,17,,259552,35,,,1,55,,259553,35,,,1,15,,259554,35,,,1,15,,259555,35,,,1,15,,259556,35,,,1,55,,259557,35,,,1,15,,259558,35,,,1,17,,259606,35,,,1,58,,259559,35,,,1,20,,259560,35,,,1,20,,259561,35,,,1,60,,259562,35,,,1,20,,259563,35,,,1,20,,259564,35,,,1,60,,259565,35,,,1,20,,259566,35,,,1,20,,259567,35,,,1,60,,259568,35,,,1,20,,259569,35,,,1,20,,259570,35,,,1,60,,259571,35,,,1,20,,259572,35,,,1,20,,259573,35,,,1,60,,259574,35,,,1,20,,259575,35,,,1,20,,259576,35,,,1,60,,259597,35,,,1,13,,259591,35,,,1,10,,259599,35,,,1,10,,259577,35,,,1,10,,259592,35,,,1,10,,259600,35,,,1,50,,259578,35,,,1,10,,259593,35,,,1,10,,259601,35,,,1,10,,259579,35,,,1,10,,259594,35,,,1,10,,259602,35,,,1,50,,259580,35,,,1,10,,259590,35,,,1,10,,259603,35,,,1,10,,259598,35,,,1,20,,259595,35,,,1,60,,259596,35,,,1,19,,259582,35,,,1,67,,259583,35,,,1,30,,259584,35,,,1,70,,259585,35,,,1,30,,259586,35,,,1,70,,259587,35,,,1,30,,259588,35,,,1,70,,259589,35,,,1,30,,259581,35,,,1,100,,259604,35,,,1,100,,259605,35,,,1
10700,'107-Saturday-1-26-09-0000010',635,,216015,35,,,1,100,,216014,35,,,1,100,,216024,35,,,1,68,,215997,35,,,1,30,,215998,35,,,1,70,,215999,35,,,1,30,,216000,35,,,1,70,,216001,35,,,1,30,,216002,35,,,1,70,,216003,35,,,1,30,,216004,35,,,1,70,,216005,35,,,1,30,,216006,35,,,1,70,,216007,35,,,1,30,,216008,35,,,1,70,,216009,35,,,1,30,,216010,35,,,1,70,,216016,35,,,1,31,,216017,35,,,1,71,,216018,35,,,1,30,,216019,35,,,1,70,,216011,35,,,1,30,,216012,35,,,1,70,,216013,35,,,1,30,,216026,35,,,1,100,,216020,35,,,1,100,,216021,35,,,1,100,,216022,35,,,1,100,,216023,35,,,1,100,,216025,35,,,1
10700,'107-Sunday-1-26-09-0000001',621,,216043,35,,,1,100,,216042,35,,,1,100,,216041,35,,,1,101,,216040,35,,,1,100,,216027,35,,,1,30,,216028,35,,,1,70,,216029,35,,,1,30,,216030,35,,,1,70,,216031,35,,,1,30,,216032,35,,,1,70,,216033,35,,,1,30,,216034,35,,,1,70,,216035,35,,,1,30,,216036,35,,,1,70,,216037,35,,,1,30,,216038,35,,,1,70,,216039,35,,,1,30,,216044,35,,,1,71,,216045,35,,,1,30,,216046,35,,,1,70,,216047,35,,,1,30,,216048,35,,,1,70,,216049,35,,,1,100,,216050,35,,,1,100,,216051,35,,,1,100,,216052,35,,,1,100,,216053,35,,,1,100,,216054,35,,,1
62600,'626-Weekday-1-26-09-0001000',1310,,227553,42,4,,1,4,,227554,42,4,,1
62600,'626-Weekday-1-26-09-1110100',1544,,227556,42,4,,1,4,,227557,42,4,,1,4,,227555,42,4,,1
62600,'626-Weekday-4-26-09-1110100',1544,,270380,42,4,,1,4,,270381,42,4,,1,4,,270379,42,4,,1
62600,'626-Weekday-7-26-09-1110100',1544,,270383,42,4,,1,4,,270384,42,4,,1,4,,270382,42,4,,1
62800,'628-Weekday-1-26-09-1111100',1537,,227566,27,4,,1
62800,'628-Weekday-3-26-09-1111100',1537,,227567,27,4,,1
62800,'628-Weekday-7-26-09-1111100',1537,,270395,27,4,,1
