401,'004-Weekday-1-26-09-1111100',453,,205743,14,,,1,55,,205744,14,,,1,15,,205745,14,,,1,15,,205746,14,,,1,16,,205747,14,,,1,55,,205748,14,,,1,15,,205749,14,,,1,18,,205750,14,,,1,15,,205751,14,,,1,55,,205752,14,,,1,10,,205753,14,,,1,10,,205754,14,,,1,10,,205755,14,,,1,10,,205756,14,,,1,50,,205757,14,,,1,10,,205758,14,,,1,10,,205759,14,,,1,10,,205760,14,,,1,11,,205761,14,,,1,12,,205762,14,,,1,52,,205763,14,,,1,12,,205764,14,,,1,12,,205765,14,,,1,12,,205766,14,,,1,12,,205767,14,,,1,52,,205768,14,,,1,12,,205769,14,,,1,12,,205770,14,,,1,12,,205771,14,,,1,12,,205772,14,,,1,52,,205773,14,,,1,12,,205774,14,,,1,12,,205775,14,,,1,12,,205776,14,,,1,12,,205777,14,,,1,52,,205778,14,,,1,12,,205779,14,,,1,12,,205780,14,,,1,12,,205781,14,,,1,12,,205782,14,,,1,52,,205783,14,,,1,12,,205784,14,,,1,12,,205785,14,,,1,12,,205786,14,,,1,12,,205787,14,,,1,52,,205788,14,,,1,12,,205789,14,,,1,12,,205790,14,,,1,12,,205838,14,,,1,12,,205837,14,,,1,53,,205791,14,,,1,9,,205792,14,,,1,8,,205793,14,,,1,10,,205794,14,,,1,10,,205795,14,,,1,10,,205796,14,,,1,50,,205797,14,,,1,10,,205798,14,,,1,10,,205799,14,,,1,10,,205800,14,,,1,10,,205801,14,,,1,10,,205802,14,,,1,50,,205803,14,,,1,10,,205804,14,,,1,10,,205805,14,,,1,11,,205806,14,,,1,15,,205807,14,,,1,54,,205808,14,,,1,15,,205809,14,,,1,13,,205810,14,,,1,13,,205811,14,,,1,55,,205812,14,,,1,15,,205813,14,,,1,15,,205814,14,,,1,15,,205815,14,,,1,55,,205816,14,,,1,15,,205817,14,,,1,15,,205818,14,,,1,15,,205819,14,,,1,55,,205820,14,,,1,15,,205821,14,,,1,15,,205822,14,,,1,15,,205823,14,,,1,55,,205824,14,,,1,14,,205825,14,,,1,20,,205826,14,,,1,20,,205827,14,,,1,60,,205828,14,,,1,20,,205829,14,,,1,20,,205830,14,,,1,59,,205831,14,,,1,29,,205832,14,,,1,70,,205833,14,,,1,30,,205834,14,,,1,70,,205835,14,,,1,30,,205836,14,,,1
401,'004-Weekday-2-26-09-1111100',453,,205863,14,,,1,55,,205864,14,,,1,15,,205865,14,,,1,15,,205866,14,,,1,16,,205867,14,,,1,55,,205868,14,,,1,15,,205869,14,,,1,18,,205870,14,,,1,15,,205871,14,,,1,55,,205872,14,,,1,10,,205873,14,,,1,10,,205874,14,,,1,10,,205875,14,,,1,10,,205876,14,,,1,50,,205877,14,,,1,10,,205878,14,,,1,10,,205879,14,,,1,10,,205880,14,,,1,11,,205881,14,,,1,12,,205882,14,,,1,52,,205883,14,,,1,12,,205884,14,,,1,12,,205885,14,,,1,12,,205886,14,,,1,12,,205887,14,,,1,52,,205888,14,,,1,12,,205889,14,,,1,12,,205890,14,,,1,12,,205891,14,,,1,12,,205892,14,,,1,52,,205893,14,,,1,12,,205894,14,,,1,12,,205895,14,,,1,12,,205896,14,,,1,12,,205897,14,,,1,52,,205898,14,,,1,12,,205899,14,,,1,12,,205900,14,,,1,12,,205901,14,,,1,12,,205902,14,,,1,52,,205903,14,,,1,12,,205904,14,,,1,12,,205905,14,,,1,12,,205906,14,,,1,12,,205907,14,,,1,52,,205908,14,,,1,12,,205909,14,,,1,12,,205910,14,,,1,12,,205958,14,,,1,12,,205957,14,,,1,53,,205911,14,,,1,9,,205912,14,,,1,8,,205913,14,,,1,10,,205914,14,,,1,10,,205915,14,,,1,10,,205916,14,,,1,50,,205917,14,,,1,10,,205918,14,,,1,10,,205919,14,,,1,10,,205920,14,,,1,10,,205921,14,,,1,10,,205922,14,,,1,50,,205923,14,,,1,10,,205924,14,,,1,10,,205925,14,,,1,11,,205926,14,,,1,15,,205927,14,,,1,54,,205928,14,,,1,15,,205929,14,,,1,13,,205930,14,,,1,13,,205931,14,,,1,55,,205932,14,,,1,15,,205933,14,,,1,15,,205934,14,,,1,15,,205935,14,,,1,55,,205936,14,,,1,15,,205937,14,,,1,15,,205938,14,,,1,15,,205939,14,,,1,55,,205940,14,,,1,15,,205941,14,,,1,15,,205942,14,,,1,15,,205943,14,,,1,55,,205944,14,,,1,14,,205945,14,,,1,20,,205946,14,,,1,20,,205947,14,,,1,60,,205948,14,,,1,20,,205949,14,,,1,20,,205950,14,,,1,59,,205951,14,,,1,29,,205952,14,,,1,70,,205953,14,,,1,30,,205954,14,,,1,70,,205955,14,,,1,30,,205956,14,,,1
401,'004-Weekday-3-26-09-1111100',453,,249466,14,,,1,55,,249467,14,,,1,15,,249468,14,,,1,15,,249469,14,,,1,16,,249470,14,,,1,55,,249471,14,,,1,15,,249472,14,,,1,18,,249473,14,,,1,15,,249474,14,,,1,55,,249475,14,,,1,10,,249476,14,,,1,10,,249477,14,,,1,10,,249478,14,,,1,10,,249479,14,,,1,50,,249480,14,,,1,10,,249481,14,,,1,10,,249482,14,,,1,10,,249483,14,,,1,11,,249484,14,,,1,12,,249485,14,,,1,52,,249486,14,,,1,12,,249487,14,,,1,12,,249488,14,,,1,12,,249489,14,,,1,12,,249490,14,,,1,52,,249491,14,,,1,12,,249492,14,,,1,12,,249493,14,,,1,12,,249494,14,,,1,12,,249495,14,,,1,52,,249496,14,,,1,12,,249497,14,,,1,12,,249498,14,,,1,12,,249499,14,,,1,12,,249500,14,,,1,52,,249501,14,,,1,12,,249502,14,,,1,12,,249503,14,,,1,12,,249504,14,,,1,12,,249505,14,,,1,52,,249506,14,,,1,12,,249507,14,,,1,12,,249508,14,,,1,12,,249509,14,,,1,12,,249510,14,,,1,52,,249511,14,,,1,12,,249512,14,,,1,12,,249513,14,,,1,12,,249561,14,,,1,12,,249560,14,,,1,53,,249514,14,,,1,9,,249515,14,,,1,8,,249516,14,,,1,10,,249517,14,,,1,10,,249518,14,,,1,10,,249519,14,,,1,50,,249520,14,,,1,10,,249521,14,,,1,10,,249522,14,,,1,10,,249523,14,,,1,10,,249524,14,,,1,10,,249525,14,,,1,50,,249526,14,,,1,10,,249527,14,,,1,10,,249528,14,,,1,11,,249529,14,,,1,15,,249530,14,,,1,54,,249531,14,,,1,15,,249532,14,,,1,13,,249533,14,,,1,13,,249534,14,,,1,55,,249535,14,,,1,15,,249536,14,,,1,15,,249537,14,,,1,15,,249538,14,,,1,55,,249539,14,,,1,15,,249540,14,,,1,15,,249541,14,,,1,15,,249542,14,,,1,55,,249543,14,,,1,15,,249544,14,,,1,15,,249545,14,,,1,15,,249546,14,,,1,55,,249547,14,,,1,14,,249548,14,,,1,20,,249549,14,,,1,20,,249550,14,,,1,60,,249551,14,,,1,20,,249552,14,,,1,20,,249553,14,,,1,59,,249554,14,,,1,29,,249555,14,,,1,70,,249556,14,,,1,30,,249557,14,,,1,70,,249558,14,,,1,30,,249559,14,,,1
401,'004-Weekday-4-26-09-1111100',453,,205983,14,,,1,55,,205984,14,,,1,15,,205985,14,,,1,15,,205986,14,,,1,16,,205987,14,,,1,55,,205988,14,,,1,15,,205989,14,,,1,18,,205990,14,,,1,15,,205991,14,,,1,55,,205992,14,,,1,10,,205993,14,,,1,10,,205994,14,,,1,10,,205995,14,,,1,10,,205996,14,,,1,50,,205997,14,,,1,10,,205998,14,,,1,10,,205999,14,,,1,10,,206000,14,,,1,11,,206001,14,,,1,12,,206002,14,,,1,52,,206003,14,,,1,12,,206004,14,,,1,12,,206005,14,,,1,12,,206006,14,,,1,12,,206007,14,,,1,52,,206008,14,,,1,12,,206009,14,,,1,12,,206010,14,,,1,12,,206011,14,,,1,12,,206012,14,,,1,52,,206013,14,,,1,12,,206014,14,,,1,12,,206015,14,,,1,12,,206016,14,,,1,12,,206017,14,,,1,52,,206018,14,,,1,12,,206019,14,,,1,12,,206020,14,,,1,12,,206021,14,,,1,12,,206022,14,,,1,52,,206023,14,,,1,12,,206024,14,,,1,12,,206025,14,,,1,12,,206026,14,,,1,12,,206027,14,,,1,52,,206028,14,,,1,12,,206029,14,,,1,12,,206030,14,,,1,12,,206078,14,,,1,12,,206077,14,,,1,53,,206031,14,,,1,9,,206032,14,,,1,8,,206033,14,,,1,10,,206034,14,,,1,10,,206035,14,,,1,10,,206036,14,,,1,50,,206037,14,,,1,10,,206038,14,,,1,10,,206039,14,,,1,10,,206040,14,,,1,10,,206041,14,,,1,10,,206042,14,,,1,50,,206043,14,,,1,10,,206044,14,,,1,10,,206045,14,,,1,11,,206046,14,,,1,15,,206047,14,,,1,54,,206048,14,,,1,15,,206049,14,,,1,13,,206050,14,,,1,13,,206051,14,,,1,55,,206052,14,,,1,15,,206053,14,,,1,15,,206054,14,,,1,15,,206055,14,,,1,55,,206056,14,,,1,15,,206057,14,,,1,15,,206058,14,,,1,15,,206059,14,,,1,55,,206060,14,,,1,15,,206061,14,,,1,15,,206062,14,,,1,15,,206063,14,,,1,55,,206064,14,,,1,14,,206065,14,,,1,20,,206066,14,,,1,20,,206067,14,,,1,60,,206068,14,,,1,20,,206069,14,,,1,20,,206070,14,,,1,59,,206071,14,,,1,29,,206072,14,,,1,70,,206073,14,,,1,30,,206074,14,,,1,70,,206075,14,,,1,30,,206076,14,,,1
401,'004-Weekday-5-26-09-1111100',453,,249586,14,,,1,55,,249587,14,,,1,15,,249588,14,,,1,15,,249589,14,,,1,16,,249590,14,,,1,55,,249591,14,,,1,15,,249592,14,,,1,18,,249593,14,,,1,15,,249594,14,,,1,55,,249595,14,,,1,10,,249596,14,,,1,10,,249597,14,,,1,10,,249598,14,,,1,10,,249599,14,,,1,50,,249600,14,,,1,10,,249601,14,,,1,10,,249602,14,,,1,10,,249603,14,,,1,11,,249604,14,,,1,12,,249605,14,,,1,52,,249606,14,,,1,12,,249607,14,,,1,12,,249608,14,,,1,12,,249609,14,,,1,12,,249610,14,,,1,52,,249611,14,,,1,12,,249612,14,,,1,12,,249613,14,,,1,12,,249614,14,,,1,12,,249615,14,,,1,52,,249616,14,,,1,12,,249617,14,,,1,12,,249618,14,,,1,12,,249619,14,,,1,12,,249620,14,,,1,52,,249621,14,,,1,12,,249622,14,,,1,12,,249623,14,,,1,12,,249624,14,,,1,12,,249625,14,,,1,52,,249626,14,,,1,12,,249627,14,,,1,12,,249628,14,,,1,12,,249629,14,,,1,12,,249630,14,,,1,52,,249631,14,,,1,12,,249632,14,,,1,12,,249633,14,,,1,12,,249681,14,,,1,12,,249680,14,,,1,53,,249634,14,,,1,9,,249635,14,,,1,8,,249636,14,,,1,10,,249637,14,,,1,10,,249638,14,,,1,10,,249639,14,,,1,50,,249640,14,,,1,10,,249641,14,,,1,10,,249642,14,,,1,10,,249643,14,,,1,10,,249644,14,,,1,10,,249645,14,,,1,50,,249646,14,,,1,10,,249647,14,,,1,10,,249648,14,,,1,11,,249649,14,,,1,15,,249650,14,,,1,54,,249651,14,,,1,15,,249652,14,,,1,13,,249653,14,,,1,13,,249654,14,,,1,55,,249655,14,,,1,15,,249656,14,,,1,15,,249657,14,,,1,15,,249658,14,,,1,55,,249659,14,,,1,15,,249660,14,,,1,15,,249661,14,,,1,15,,249662,14,,,1,55,,249663,14,,,1,15,,249664,14,,,1,15,,249665,14,,,1,15,,249666,14,,,1,55,,249667,14,,,1,14,,249668,14,,,1,20,,249669,14,,,1,20,,249670,14,,,1,60,,249671,14,,,1,20,,249672,14,,,1,20,,249673,14,,,1,59,,249674,14,,,1,29,,249675,14,,,1,70,,249676,14,,,1,30,,249677,14,,,1,70,,249678,14,,,1,30,,249679,14,,,1
401,'004-Weekday-6-26-09-1111100',453,,249683,14,,,1,55,,249684,14,,,1,15,,249685,14,,,1,15,,249686,14,,,1,16,,249687,14,,,1,55,,249688,14,,,1,15,,249689,14,,,1,18,,249690,14,,,1,15,,249691,14,,,1,55,,249692,14,,,1,10,,249693,14,,,1,10,,249694,14,,,1,10,,249695,14,,,1,10,,249696,14,,,1,50,,249697,14,,,1,10,,249698,14,,,1,10,,249699,14,,,1,10,,249700,14,,,1,11,,249701,14,,,1,12,,249702,14,,,1,52,,249703,14,,,1,12,,249704,14,,,1,12,,249705,14,,,1,12,,249706,14,,,1,12,,249707,14,,,1,52,,249708,14,,,1,12,,249709,14,,,1,12,,249710,14,,,1,12,,249711,14,,,1,12,,249712,14,,,1,52,,249713,14,,,1,12,,249714,14,,,1,12,,249715,14,,,1,12,,249716,14,,,1,12,,249717,14,,,1,52,,249718,14,,,1,12,,249719,14,,,1,12,,249720,14,,,1,12,,249721,14,,,1,12,,249722,14,,,1,52,,249723,14,,,1,12,,249724,14,,,1,12,,249725,14,,,1,12,,249726,14,,,1,12,,249727,14,,,1,52,,249728,14,,,1,12,,249729,14,,,1,12,,249730,14,,,1,12,,249778,14,,,1,12,,249777,14,,,1,53,,249731,14,,,1,9,,249732,14,,,1,8,,249733,14,,,1,10,,249734,14,,,1,10,,249735,14,,,1,10,,249736,14,,,1,50,,249737,14,,,1,10,,249738,14,,,1,10,,249739,14,,,1,10,,249740,14,,,1,10,,249741,14,,,1,10,,249742,14,,,1,50,,249743,14,,,1,10,,249744,14,,,1,10,,249745,14,,,1,11,,249746,14,,,1,15,,249747,14,,,1,54,,249748,14,,,1,15,,249749,14,,,1,13,,249750,14,,,1,13,,249751,14,,,1,55,,249752,14,,,1,15,,249753,14,,,1,15,,249754,14,,,1,15,,249755,14,,,1,55,,249756,14,,,1,15,,249757,14,,,1,15,,249758,14,,,1,15,,249759,14,,,1,55,,249760,14,,,1,15,,249761,14,,,1,15,,249762,14,,,1,15,,249763,14,,,1,55,,249764,14,,,1,14,,249765,14,,,1,20,,249766,14,,,1,20,,249767,14,,,1,60,,249768,14,,,1,20,,249769,14,,,1,20,,249770,14,,,1,59,,249771,14,,,1,29,,249772,14,,,1,70,,249773,14,,,1,30,,249774,14,,,1,70,,249775,14,,,1,30,,249776,14,,,1
401,'004-Weekday-7-26-09-1111100',453,,249779,14,,,1,55,,249780,14,,,1,15,,249781,14,,,1,15,,249782,14,,,1,16,,249783,14,,,1,55,,249784,14,,,1,15,,249785,14,,,1,18,,249786,14,,,1,15,,249787,14,,,1,55,,249788,14,,,1,10,,249789,14,,,1,10,,249790,14,,,1,10,,249791,14,,,1,10,,249792,14,,,1,50,,249793,14,,,1,10,,249794,14,,,1,10,,249795,14,,,1,10,,249796,14,,,1,11,,249797,14,,,1,12,,249798,14,,,1,52,,249799,14,,,1,12,,249800,14,,,1,12,,249801,14,,,1,12,,249802,14,,,1,12,,249803,14,,,1,52,,249804,14,,,1,12,,249805,14,,,1,12,,249806,14,,,1,12,,249807,14,,,1,12,,249808,14,,,1,52,,249809,14,,,1,12,,249810,14,,,1,12,,249811,14,,,1,12,,249812,14,,,1,12,,249813,14,,,1,52,,249814,14,,,1,12,,249815,14,,,1,12,,249816,14,,,1,12,,249817,14,,,1,12,,249818,14,,,1,52,,249819,14,,,1,12,,249820,14,,,1,12,,249821,14,,,1,12,,249822,14,,,1,12,,249823,14,,,1,52,,249824,14,,,1,12,,249825,14,,,1,12,,249826,14,,,1,12,,249874,14,,,1,12,,249873,14,,,1,53,,249827,14,,,1,9,,249828,14,,,1,8,,249829,14,,,1,10,,249830,14,,,1,10,,249831,14,,,1,10,,249832,14,,,1,50,,249833,14,,,1,10,,249834,14,,,1,10,,249835,14,,,1,10,,249836,14,,,1,10,,249837,14,,,1,10,,249838,14,,,1,50,,249839,14,,,1,10,,249840,14,,,1,10,,249841,14,,,1,11,,249842,14,,,1,15,,249843,14,,,1,54,,249844,14,,,1,15,,249845,14,,,1,13,,249846,14,,,1,13,,249847,14,,,1,55,,249848,14,,,1,15,,249849,14,,,1,15,,249850,14,,,1,15,,249851,14,,,1,55,,249852,14,,,1,15,,249853,14,,,1,15,,249854,14,,,1,15,,249855,14,,,1,55,,249856,14,,,1,15,,249857,14,,,1,15,,249858,14,,,1,15,,249859,14,,,1,55,,249860,14,,,1,14,,249861,14,,,1,20,,249862,14,,,1,20,,249863,14,,,1,60,,249864,14,,,1,20,,249865,14,,,1,20,,249866,14,,,1,59,,249867,14,,,1,29,,249868,14,,,1,70,,249869,14,,,1,30,,249870,14,,,1,70,,249871,14,,,1,30,,249872,14,,,1
401,'004-Saturday-1-26-09-0000010',528,,206081,14,,,1,20,,206082,14,,,1,60,,206083,14,,,1,20,,206084,14,,,1,20,,206085,14,,,1,60,,206086,14,,,1,20,,206087,14,,,1,20,,206088,14,,,1,60,,206089,14,,,1,15,,206090,14,,,1,15,,206091,14,,,1,15,,206092,14,,,1,60,,206093,14,,,1,15,,206094,14,,,1,15,,206095,14,,,1,15,,206096,14,,,1,55,,206097,14,,,1,15,,206098,14,,,1,15,,206100,14,,,1,15,,206099,14,,,1,55,,206102,14,,,1,15,,206103,14,,,1,15,,206105,14,,,1,15,,206106,14,,,1,55,,206108,14,,,1,15,,206110,14,,,1,15,,206112,14,,,1,15,,206114,14,,,1,55,,206116,14,,,1,15,,206118,14,,,1,15,,206120,14,,,1,15,,206122,14,,,1,55,,206124,14,,,1,15,,206126,14,,,1,15,,206128,14,,,1,15,,206131,14,,,1,55,,206133,14,,,1,15,,206134,14,,,1,15,,206137,14,,,1,15,,206139,14,,,1,55,,206140,14,,,1,15,,206142,14,,,1,15,,206144,14,,,1,15,,206146,14,,,1,55,,206148,14,,,1,16,,206150,14,,,1,15,,206152,14,,,1,15,,206080,14,,,1,55,,206154,14,,,1,16,,206156,14,,,1,15,,206158,14,,,1,55,,206160,14,,,1,15,,206162,14,,,1,15,,206164,14,,,1,15,,206166,14,,,1,55,,206168,14,,,1,16,,206169,14,,,1,15,,206170,14,,,1,15,,206171,14,,,1,55,,206172,14,,,1,15,,206173,14,,,1,15,,206174,14,,,1,15,,206175,14,,,1,55,,206176,14,,,1,15,,206177,14,,,1,18,,206178,14,,,1,20,,206179,14,,,1,60,,206180,14,,,1,20,,206181,14,,,1,20,,206182,14,,,1,59,,206183,14,,,1,20,,206184,14,,,1,70,,206185,14,,,1,30,,206190,14,,,1,70,,206186,14,,,1,30,,206187,14,,,1,70,,206188,14,,,1
401,'004-Sunday-1-26-09-0000001',539,,206191,14,,,1,20,,206192,14,,,1,60,,206193,14,,,1,20,,206194,14,,,1,20,,206195,14,,,1,60,,206196,14,,,1,20,,206197,14,,,1,20,,206198,14,,,1,60,,206199,14,,,1,20,,206200,14,,,1,20,,206201,14,,,1,61,,206202,14,,,1,20,,206203,14,,,1,15,,206204,14,,,1,55,,206264,14,,,1,15,,206205,14,,,1,15,,206206,14,,,1,15,,206207,14,,,1,55,,206208,14,,,1,15,,206209,14,,,1,15,,206210,14,,,1,15,,206211,14,,,1,55,,206212,14,,,1,15,,206213,14,,,1,15,,206214,14,,,1,15,,206215,14,,,1,55,,206216,14,,,1,15,,206217,14,,,1,15,,206218,14,,,1,15,,206219,14,,,1,55,,206220,14,,,1,15,,206221,14,,,1,15,,206222,14,,,1,15,,206223,14,,,1,55,,206224,14,,,1,15,,206225,14,,,1,15,,206226,14,,,1,15,,206227,14,,,1,55,,206228,14,,,1,15,,206229,14,,,1,11,,206230,14,,,1,15,,206231,14,,,1,54,,206232,14,,,1,15,,206233,14,,,1,15,,206234,14,,,1,15,,206235,14,,,1,55,,206236,14,,,1,15,,206237,14,,,1,15,,206238,14,,,1,15,,206239,14,,,1,55,,206240,14,,,1,15,,206241,14,,,1,15,,206242,14,,,1,15,,206243,14,,,1,55,,206244,14,,,1,15,,206245,14,,,1,15,,206246,14,,,1,15,,206247,14,,,1,55,,206248,14,,,1,15,,206249,14,,,1,15,,206250,14,,,1,15,,206251,14,,,1,55,,206263,14,,,1,16,,206253,14,,,1,20,,206254,14,,,1,63,,206255,14,,,1,20,,206252,14,,,1,20,,206256,14,,,1,60,,206257,14,,,1,24,,206258,14,,,1,31,,206259,14,,,1,69,,206260,14,,,1,30,,206261,14,,,1,70,,206262,14,,,1,30,,206265,14,,,1
63600,'636-Weekday-1-26-09-0000100',949,,227604,4,,,1
63600,'636-Weekday-1-26-09-1111000',825,,227605,4,,,1
63600,'636-Weekday-3-26-09-1111000',825,,227606,4,,,1
63600,'636-Weekday-7-26-09-1111000',825,,270434,4,,,1
