5600,'056-Weekday-1-26-09-1111100',503,,213142,5,0,19 20,1,30,,213143,29,,,1,70,,213144,29,,,1,25,,213145,29,,,1,24,,213146,29,,,1,57,,213147,29,,,1,15,,213148,29,,,1,15,,213149,29,,,1,15,,213150,29,,,1,55,,213141,29,,,1,15,,213151,29,,,1,15,,213152,29,,,1,15,,213153,29,,,1,55,,213154,29,,,1,15,,213155,29,,,1,15,,213156,29,,,1,15,,213157,29,,,1,55,,213158,29,,,1,15,,213159,29,,,1,15,,213160,29,,,1,15,,213161,29,,,1,55,,213162,29,,,1,15,,213163,29,,,1,15,,213164,29,,,1,15,,213165,29,,,1,55,,213166,29,,,1,15,,213167,29,,,1,15,,213168,29,,,1,15,,213169,29,,,1,55,,213170,29,,,1,15,,213171,29,,,1,15,,213172,29,,,1,15,,213173,29,,,1,55,,213174,29,,,1,15,,213175,29,,,1,15,,213176,29,,,1,15,,213177,29,,,1,55,,213178,29,,,1,14,,213179,29,,,1,7,,213211,5,,,1,8,,213180,29,,,1,6,,213212,5,0,19 20,1,6,,213181,29,,,1,52,,213182,29,,,1,12,,213183,29,,,1,12,,213184,29,,,1,12,,213185,29,,,1,12,,213186,29,,,1,52,,213187,29,,,1,12,,213188,29,,,1,12,,213189,29,,,1,12,,213190,29,,,1,12,,213191,29,,,1,52,,213192,29,,,1,12,,213193,29,,,1,12,,213194,29,,,1,14,,213195,29,,,1,16,,213196,29,,,1,59,,213197,29,,,1,20,,213198,29,,,1,20,,213199,29,,,1,60,,213200,29,,,1,20,,213201,29,,,1,20,,213202,29,,,1,60,,213203,29,,,1,20,,213204,29,,,1,20,,213213,29,,,1,59,,213214,29,,,1,19,,213205,29,,,1,75,,213206,29,,,1,100,,213207,29,,,1,100,,213208,29,,,1
5600,'056-Weekday-2-26-09-1111100',503,,213216,5,0,19 20,1,30,,213217,29,,,1,70,,213218,29,,,1,25,,213219,29,,,1,24,,213220,29,,,1,57,,213221,29,,,1,15,,213222,29,,,1,15,,213223,29,,,1,15,,213224,29,,,1,55,,213215,29,,,1,15,,213225,29,,,1,15,,213226,29,,,1,15,,213227,29,,,1,55,,213228,29,,,1,15,,213229,29,,,1,15,,213230,29,,,1,15,,213231,29,,,1,55,,213232,29,,,1,15,,213233,29,,,1,15,,213234,29,,,1,15,,213235,29,,,1,55,,213236,29,,,1,15,,213237,29,,,1,15,,213238,29,,,1,15,,213239,29,,,1,55,,213240,29,,,1,15,,213241,29,,,1,15,,213242,29,,,1,15,,213243,29,,,1,55,,213244,29,,,1,15,,213245,29,,,1,15,,213246,29,,,1,15,,213247,29,,,1,55,,213248,29,,,1,15,,213249,29,,,1,15,,213250,29,,,1,15,,213251,29,,,1,55,,213252,29,,,1,14,,213253,29,,,1,7,,213285,5,,,1,8,,213254,29,,,1,6,,213286,5,0,19 20,1,6,,213255,29,,,1,52,,213256,29,,,1,12,,213257,29,,,1,12,,213258,29,,,1,12,,213259,29,,,1,12,,213260,29,,,1,52,,213261,29,,,1,12,,213262,29,,,1,12,,213263,29,,,1,12,,213264,29,,,1,12,,213265,29,,,1,52,,213266,29,,,1,12,,213267,29,,,1,12,,213268,29,,,1,14,,213269,29,,,1,16,,213270,29,,,1,59,,213271,29,,,1,20,,213272,29,,,1,20,,213273,29,,,1,60,,213274,29,,,1,20,,213275,29,,,1,20,,213276,29,,,1,60,,213277,29,,,1,20,,213278,29,,,1,20,,213287,29,,,1,59,,213288,29,,,1,19,,213279,29,,,1,75,,213280,29,,,1,100,,213281,29,,,1,100,,213282,29,,,1
5600,'056-Weekday-3-26-09-1111100',503,,256249,5,0,19 20,1,30,,256250,29,,,1,70,,256251,29,,,1,25,,256252,29,,,1,24,,256253,29,,,1,57,,256254,29,,,1,15,,256255,29,,,1,15,,256256,29,,,1,15,,256257,29,,,1,55,,256248,29,,,1,15,,256258,29,,,1,15,,256259,29,,,1,15,,256260,29,,,1,55,,256261,29,,,1,15,,256262,29,,,1,15,,256263,29,,,1,15,,256264,29,,,1,55,,256265,29,,,1,15,,256266,29,,,1,15,,256267,29,,,1,15,,256268,29,,,1,55,,256269,29,,,1,15,,256270,29,,,1,15,,256271,29,,,1,15,,256272,29,,,1,55,,256273,29,,,1,15,,256274,29,,,1,15,,256275,29,,,1,15,,256276,29,,,1,55,,256277,29,,,1,15,,256278,29,,,1,15,,256279,29,,,1,15,,256280,29,,,1,55,,256281,29,,,1,15,,256282,29,,,1,15,,256283,29,,,1,15,,256284,29,,,1,55,,256285,29,,,1,14,,256286,29,,,1,7,,256316,5,,,1,8,,256287,29,,,1,12,,256288,29,,,1,52,,256289,29,,,1,12,,256290,29,,,1,12,,256291,29,,,1,12,,256292,29,,,1,12,,256293,29,,,1,52,,256294,29,,,1,12,,256295,29,,,1,12,,256296,29,,,1,12,,256297,29,,,1,12,,256298,29,,,1,52,,256299,29,,,1,12,,256300,29,,,1,12,,256301,29,,,1,14,,256302,29,,,1,16,,256303,29,,,1,59,,256304,29,,,1,20,,256305,29,,,1,20,,256306,29,,,1,60,,256307,29,,,1,20,,256308,29,,,1,20,,256309,29,,,1,60,,256310,29,,,1,20,,256311,29,,,1,20,,256317,29,,,1,59,,256318,29,,,1,19,,256312,29,,,1,75,,256313,29,,,1,100,,256314,29,,,1,100,,256315,29,,,1
5600,'056-Weekday-4-26-09-1111100',503,,213290,5,0,19 20,1,30,,213291,29,,,1,70,,213292,29,,,1,25,,213293,29,,,1,24,,213294,29,,,1,57,,213295,29,,,1,15,,213296,29,,,1,15,,213297,29,,,1,15,,213298,29,,,1,55,,213289,29,,,1,15,,213299,29,,,1,15,,213300,29,,,1,15,,213301,29,,,1,55,,213302,29,,,1,15,,213303,29,,,1,15,,213304,29,,,1,15,,213305,29,,,1,55,,213306,29,,,1,15,,213307,29,,,1,15,,213308,29,,,1,15,,213309,29,,,1,55,,213310,29,,,1,15,,213311,29,,,1,15,,213312,29,,,1,15,,213313,29,,,1,55,,213314,29,,,1,15,,213315,29,,,1,15,,213316,29,,,1,15,,213317,29,,,1,55,,213318,29,,,1,15,,213319,29,,,1,15,,213320,29,,,1,15,,213321,29,,,1,55,,213322,29,,,1,15,,213323,29,,,1,15,,213324,29,,,1,15,,213325,29,,,1,55,,213326,29,,,1,14,,213327,29,,,1,15,,213328,29,,,1,12,,213329,29,,,1,52,,213330,29,,,1,12,,213331,29,,,1,12,,213332,29,,,1,12,,213333,29,,,1,12,,213334,29,,,1,52,,213335,29,,,1,12,,213336,29,,,1,12,,213337,29,,,1,12,,213338,29,,,1,12,,213339,29,,,1,52,,213340,29,,,1,12,,213341,29,,,1,12,,213342,29,,,1,14,,213343,29,,,1,16,,213344,29,,,1,59,,213345,29,,,1,20,,213346,29,,,1,20,,213347,29,,,1,60,,213348,29,,,1,20,,213349,29,,,1,20,,213350,29,,,1,60,,213351,29,,,1,20,,213352,29,,,1,20,,213357,29,,,1,59,,213358,29,,,1,19,,213353,29,,,1,75,,213354,29,,,1,100,,213355,29,,,1,100,,213356,29,,,1
5600,'056-Weekday-5-26-09-1111100',503,,256320,5,0,19 20,1,30,,256321,29,,,1,70,,256322,29,,,1,25,,256323,29,,,1,24,,256324,29,,,1,57,,256325,29,,,1,15,,256326,29,,,1,15,,256327,29,,,1,15,,256328,29,,,1,55,,256319,29,,,1,15,,256329,29,,,1,15,,256330,29,,,1,15,,256331,29,,,1,55,,256332,29,,,1,15,,256333,29,,,1,15,,256334,29,,,1,15,,256335,29,,,1,55,,256336,29,,,1,15,,256337,29,,,1,15,,256338,29,,,1,15,,256339,29,,,1,55,,256340,29,,,1,15,,256341,29,,,1,15,,256342,29,,,1,15,,256343,29,,,1,55,,256344,29,,,1,15,,256345,29,,,1,15,,256346,29,,,1,15,,256347,29,,,1,55,,256348,29,,,1,15,,256349,29,,,1,15,,256350,29,,,1,15,,256351,29,,,1,55,,256352,29,,,1,15,,256353,29,,,1,15,,256354,29,,,1,15,,256355,29,,,1,55,,256356,29,,,1,14,,256357,29,,,1,15,,256358,29,,,1,12,,256359,29,,,1,52,,256360,29,,,1,12,,256361,29,,,1,12,,256362,29,,,1,12,,256363,29,,,1,12,,256364,29,,,1,52,,256365,29,,,1,12,,256366,29,,,1,12,,256367,29,,,1,12,,256368,29,,,1,12,,256369,29,,,1,52,,256370,29,,,1,12,,256371,29,,,1,12,,256372,29,,,1,14,,256373,29,,,1,16,,256374,29,,,1,59,,256375,29,,,1,20,,256376,29,,,1,20,,256377,29,,,1,60,,256378,29,,,1,20,,256379,29,,,1,20,,256380,29,,,1,60,,256381,29,,,1,20,,256382,29,,,1,20,,256387,29,,,1,59,,256388,29,,,1,19,,256383,29,,,1,75,,256384,29,,,1,100,,256385,29,,,1,100,,256386,29,,,1
5600,'056-Weekday-6-26-09-1111100',503,,256390,5,0,19 20,1,30,,256391,29,,,1,70,,256392,29,,,1,25,,256393,29,,,1,24,,256394,29,,,1,57,,256395,29,,,1,15,,256396,29,,,1,15,,256397,29,,,1,15,,256398,29,,,1,55,,256389,29,,,1,15,,256399,29,,,1,15,,256400,29,,,1,15,,256401,29,,,1,55,,256402,29,,,1,15,,256403,29,,,1,15,,256404,29,,,1,15,,256405,29,,,1,55,,256406,29,,,1,15,,256407,29,,,1,15,,256408,29,,,1,15,,256409,29,,,1,55,,256410,29,,,1,15,,256411,29,,,1,15,,256412,29,,,1,15,,256413,29,,,1,55,,256414,29,,,1,15,,256415,29,,,1,15,,256416,29,,,1,15,,256417,29,,,1,55,,256418,29,,,1,15,,256419,29,,,1,15,,256420,29,,,1,15,,256421,29,,,1,55,,256422,29,,,1,15,,256423,29,,,1,15,,256424,29,,,1,15,,256425,29,,,1,55,,256426,29,,,1,14,,256427,29,,,1,7,,256459,5,,,1,8,,256428,29,,,1,6,,256460,5,0,19 20,1,6,,256429,29,,,1,52,,256430,29,,,1,12,,256431,29,,,1,12,,256432,29,,,1,12,,256433,29,,,1,12,,256434,29,,,1,52,,256435,29,,,1,12,,256436,29,,,1,12,,256437,29,,,1,12,,256438,29,,,1,12,,256439,29,,,1,52,,256440,29,,,1,12,,256441,29,,,1,12,,256442,29,,,1,14,,256443,29,,,1,16,,256444,29,,,1,59,,256445,29,,,1,20,,256446,29,,,1,20,,256447,29,,,1,60,,256448,29,,,1,20,,256449,29,,,1,20,,256450,29,,,1,60,,256451,29,,,1,20,,256452,29,,,1,20,,256461,29,,,1,59,,256462,29,,,1,19,,256453,29,,,1,75,,256454,29,,,1,100,,256455,29,,,1,100,,256456,29,,,1
5600,'056-Weekday-7-26-09-1111100',503,,256464,5,0,19 20,1,30,,256465,29,,,1,70,,256466,29,,,1,25,,256467,29,,,1,24,,256468,29,,,1,57,,256469,29,,,1,15,,256470,29,,,1,15,,256471,29,,,1,15,,256472,29,,,1,55,,256463,29,,,1,15,,256473,29,,,1,15,,256474,29,,,1,15,,256475,29,,,1,55,,256476,29,,,1,15,,256477,29,,,1,15,,256478,29,,,1,15,,256479,29,,,1,55,,256480,29,,,1,15,,256481,29,,,1,15,,256482,29,,,1,15,,256483,29,,,1,55,,256484,29,,,1,15,,256485,29,,,1,15,,256486,29,,,1,15,,256487,29,,,1,55,,256488,29,,,1,15,,256489,29,,,1,15,,256490,29,,,1,15,,256491,29,,,1,55,,256492,29,,,1,15,,256493,29,,,1,15,,256494,29,,,1,15,,256495,29,,,1,55,,256496,29,,,1,15,,256497,29,,,1,15,,256498,29,,,1,15,,256499,29,,,1,55,,256500,29,,,1,14,,256501,29,,,1,15,,256502,29,,,1,12,,256503,29,,,1,52,,256504,29,,,1,12,,256505,29,,,1,12,,256506,29,,,1,12,,256507,29,,,1,12,,256508,29,,,1,52,,256509,29,,,1,12,,256510,29,,,1,12,,256511,29,,,1,12,,256512,29,,,1,12,,256513,29,,,1,52,,256514,29,,,1,12,,256515,29,,,1,12,,256516,29,,,1,14,,256517,29,,,1,16,,256518,29,,,1,59,,256519,29,,,1,20,,256520,29,,,1,20,,256521,29,,,1,60,,256522,29,,,1,20,,256523,29,,,1,20,,256524,29,,,1,60,,256525,29,,,1,20,,256526,29,,,1,20,,256531,29,,,1,59,,256532,29,,,1,19,,256527,29,,,1,75,,256528,29,,,1,100,,256529,29,,,1,100,,256530,29,,,1
5600,'056-Saturday-1-26-09-0000010',548,,213403,29,,,1,70,,213359,29,,,1,30,,213404,29,,,1,70,,213360,29,,,1,30,,213405,29,,,1,70,,213361,29,,,1,15,,213406,29,,,1,15,,213362,29,,,1,56,,213363,29,,,1,17,,213407,29,,,1,17,,213364,29,,,1,15,,213365,29,,,1,54,,213408,29,,,1,14,,213366,29,,,1,14,,213367,29,,,1,14,,213368,29,,,1,55,,213409,29,,,1,15,,213369,29,,,1,15,,213370,29,,,1,15,,213371,29,,,1,55,,213410,29,,,1,15,,213372,29,,,1,15,,213373,29,,,1,15,,213374,29,,,1,55,,213411,29,,,1,15,,213375,29,,,1,15,,213376,29,,,1,15,,213377,29,,,1,55,,213412,29,,,1,15,,213378,29,,,1,15,,213379,29,,,1,15,,213381,29,,,1,55,,213413,29,,,1,15,,213382,29,,,1,15,,213383,29,,,1,15,,213380,29,,,1,55,,213414,29,,,1,15,,213392,29,,,1,15,,213393,29,,,1,15,,213394,29,,,1,55,,213415,29,,,1,14,,213395,29,,,1,14,,213396,29,,,1,16,,213397,29,,,1,55,,213416,29,,,1,15,,213398,29,,,1,15,,213399,29,,,1,15,,213400,29,,,1,55,,213417,29,,,1,15,,213401,29,,,1,15,,213402,29,,,1,20,,213389,29,,,1,60,,213418,29,,,1,20,,213384,29,,,1,20,,213390,29,,,1,60,,213419,29,,,1,20,,213385,29,,,1,20,,213391,29,,,1,60,,213420,29,,,1,20,,213386,29,,,1,70,,213421,29,,,1,30,,213388,29,,,1,70,,213422,29,,,1,30,,213387,29,,,1
5600,'056-Sunday-1-26-09-0000001',535,,213456,29,,,1,70,,213457,29,,,1,30,,213423,29,,,1,70,,213458,29,,,1,30,,213424,29,,,1,70,,213459,29,,,1,27,,213425,29,,,1,26,,213454,29,,,1,55,,213460,29,,,1,16,,213426,29,,,1,15,,213455,29,,,1,15,,213461,29,,,1,55,,213427,29,,,1,15,,213450,29,,,1,15,,213462,29,,,1,15,,213428,29,,,1,55,,213429,29,,,1,15,,213463,29,,,1,15,,213430,29,,,1,15,,213431,29,,,1,55,,213464,29,,,1,15,,213432,29,,,1,15,,213433,29,,,1,15,,213465,29,,,1,55,,213434,29,,,1,15,,213435,29,,,1,15,,213466,29,,,1,15,,213436,29,,,1,55,,213437,29,,,1,15,,213467,29,,,1,15,,213438,29,,,1,15,,213439,29,,,1,55,,213468,29,,,1,15,,213440,29,,,1,15,,213441,29,,,1,15,,213469,29,,,1,55,,213442,29,,,1,15,,213443,29,,,1,15,,213470,29,,,1,15,,213476,29,,,1,54,,213477,29,,,1,14,,213478,29,,,1,15,,213479,29,,,1,14,,213480,29,,,1,54,,213481,29,,,1,13,,213482,29,,,1,14,,213483,29,,,1,15,,213484,29,,,1,53,,213485,29,,,1,15,,213486,29,,,1,18,,213444,29,,,1,21,,213451,29,,,1,59,,213471,29,,,1,20,,213445,29,,,1,20,,213452,29,,,1,60,,213472,29,,,1,20,,213447,29,,,1,20,,213453,29,,,1,59,,213473,29,,,1,19,,213448,29,,,1,67,,213474,29,,,1,30,,213446,29,,,1,70,,213475,29,,,1,30,,213449,29,,,1
71500,'715-Weekday-1-26-09-1111100',547,,231980,32,,,1,70,,231981,32,,,1,16,,231982,32,,,1,18,,231983,32,,,1,55,,231984,32,,,1,15,,231985,32,,,1,15,,231986,32,,,1,15,,231987,32,,,1,55,,231988,32,,,1,15,,231989,32,,,1,15,,231990,32,,,1,15,,232021,32,,,1,67,,231991,32,,,1,30,,231992,32,,,1,70,,231993,32,,,1,30,,231994,32,,,1,70,,231995,32,,,1,30,,231996,32,,,1,70,,231997,32,,,1,30,,231998,32,,,1,70,,231999,32,,,1,30,,232000,32,,,1,70,,232001,32,,,1,30,,232002,32,,,1,74,,232003,32,,,1,28,,232022,32,,,1,2,,232004,32,,,1,51,,232023,32,,,1,19,,232005,32,,,1,30,,232006,32,,,1,70,,232007,32,,,1,30,,232008,32,,,1,70,,232009,32,,,1,25,,232010,32,,,1,70,,232011,32,,,1,30,,232012,32,,,1,70,,232013,32,,,1,30,,232014,32,,,1,70,,232015,32,,,1,30,,232016,32,,,1,69,,232017,32,,,1,30,,232018,32,,,1,100,,232019,32,,,1,100,,232020,32,,,1
71500,'715-Weekday-2-26-09-1111100',547,,232024,32,,,1,70,,232025,32,,,1,16,,232026,32,,,1,18,,232027,32,,,1,55,,232028,32,,,1,15,,232029,32,,,1,15,,232030,32,,,1,15,,232031,32,,,1,55,,232032,32,,,1,15,,232033,32,,,1,15,,232034,32,,,1,15,,232065,32,,,1,67,,232035,32,,,1,30,,232036,32,,,1,70,,232037,32,,,1,30,,232038,32,,,1,70,,232039,32,,,1,30,,232040,32,,,1,70,,232041,32,,,1,30,,232042,32,,,1,70,,232043,32,,,1,30,,232044,32,,,1,70,,232045,32,,,1,30,,232046,32,,,1,74,,232047,32,,,1,28,,232066,32,,,1,2,,232048,32,,,1,51,,232067,32,,,1,19,,232049,32,,,1,30,,232050,32,,,1,70,,232051,32,,,1,30,,232052,32,,,1,70,,232053,32,,,1,25,,232054,32,,,1,70,,232055,32,,,1,30,,232056,32,,,1,70,,232057,32,,,1,30,,232058,32,,,1,70,,232059,32,,,1,30,,232060,32,,,1,69,,232061,32,,,1,30,,232062,32,,,1,100,,232063,32,,,1,100,,232064,32,,,1
71500,'715-Weekday-3-26-09-1111100',547,,274721,32,,,1,70,,274722,32,,,1,16,,274723,32,,,1,18,,274724,32,,,1,55,,274725,32,,,1,15,,274726,32,,,1,15,,274727,32,,,1,15,,274728,32,,,1,55,,274729,32,,,1,15,,274730,32,,,1,15,,274731,32,,,1,15,,274762,32,,,1,67,,274732,32,,,1,30,,274733,32,,,1,70,,274734,32,,,1,30,,274735,32,,,1,70,,274736,32,,,1,30,,274737,32,,,1,70,,274738,32,,,1,30,,274739,32,,,1,70,,274740,32,,,1,30,,274741,32,,,1,70,,274742,32,,,1,30,,274743,32,,,1,74,,274744,32,,,1,30,,274745,32,,,1,70,,274746,32,,,1,30,,274747,32,,,1,70,,274748,32,,,1,30,,274749,32,,,1,70,,274750,32,,,1,25,,274751,32,,,1,70,,274752,32,,,1,30,,274753,32,,,1,70,,274754,32,,,1,30,,274755,32,,,1,70,,274756,32,,,1,30,,274757,32,,,1,69,,274758,32,,,1,30,,274759,32,,,1,100,,274760,32,,,1,100,,274761,32,,,1
71500,'715-Weekday-4-26-09-1111100',547,,232068,32,,,1,70,,232069,32,,,1,16,,232070,32,,,1,18,,232071,32,,,1,55,,232072,32,,,1,15,,232073,32,,,1,15,,232074,32,,,1,15,,232075,32,,,1,55,,232076,32,,,1,15,,232077,32,,,1,15,,232078,32,,,1,15,,232109,32,,,1,67,,232079,32,,,1,30,,232080,32,,,1,70,,232081,32,,,1,30,,232082,32,,,1,70,,232083,32,,,1,30,,232084,32,,,1,70,,232085,32,,,1,30,,232086,32,,,1,70,,232087,32,,,1,30,,232088,32,,,1,70,,232089,32,,,1,30,,232090,32,,,1,74,,232091,32,,,1,30,,232092,32,,,1,70,,232093,32,,,1,30,,232094,32,,,1,70,,232095,32,,,1,30,,232096,32,,,1,70,,232097,32,,,1,25,,232098,32,,,1,70,,232099,32,,,1,30,,232100,32,,,1,70,,232101,32,,,1,30,,232102,32,,,1,70,,232103,32,,,1,30,,232104,32,,,1,69,,232105,32,,,1,30,,232106,32,,,1,100,,232107,32,,,1,100,,232108,32,,,1
71500,'715-Weekday-5-26-09-1111100',547,,274763,32,,,1,70,,274764,32,,,1,16,,274765,32,,,1,18,,274766,32,,,1,55,,274767,32,,,1,15,,274768,32,,,1,15,,274769,32,,,1,15,,274770,32,,,1,55,,274771,32,,,1,15,,274772,32,,,1,15,,274773,32,,,1,15,,274804,32,,,1,67,,274774,32,,,1,30,,274775,32,,,1,70,,274776,32,,,1,30,,274777,32,,,1,70,,274778,32,,,1,30,,274779,32,,,1,70,,274780,32,,,1,30,,274781,32,,,1,70,,274782,32,,,1,30,,274783,32,,,1,70,,274784,32,,,1,30,,274785,32,,,1,74,,274786,32,,,1,30,,274787,32,,,1,70,,274788,32,,,1,30,,274789,32,,,1,70,,274790,32,,,1,30,,274791,32,,,1,70,,274792,32,,,1,25,,274793,32,,,1,70,,274794,32,,,1,30,,274795,32,,,1,70,,274796,32,,,1,30,,274797,32,,,1,70,,274798,32,,,1,30,,274799,32,,,1,69,,274800,32,,,1,30,,274801,32,,,1,100,,274802,32,,,1,100,,274803,32,,,1
71500,'715-Weekday-6-26-09-1111100',547,,274805,32,,,1,70,,274806,32,,,1,16,,274807,32,,,1,18,,274808,32,,,1,55,,274809,32,,,1,15,,274810,32,,,1,15,,274811,32,,,1,15,,274812,32,,,1,55,,274813,32,,,1,15,,274814,32,,,1,15,,274815,32,,,1,15,,274846,32,,,1,67,,274816,32,,,1,30,,274817,32,,,1,70,,274818,32,,,1,30,,274819,32,,,1,70,,274820,32,,,1,30,,274821,32,,,1,70,,274822,32,,,1,30,,274823,32,,,1,70,,274824,32,,,1,30,,274825,32,,,1,70,,274826,32,,,1,30,,274827,32,,,1,74,,274828,32,,,1,28,,274847,32,,,1,2,,274829,32,,,1,51,,274848,32,,,1,19,,274830,32,,,1,30,,274831,32,,,1,70,,274832,32,,,1,30,,274833,32,,,1,70,,274834,32,,,1,25,,274835,32,,,1,70,,274836,32,,,1,30,,274837,32,,,1,70,,274838,32,,,1,30,,274839,32,,,1,70,,274840,32,,,1,30,,274841,32,,,1,69,,274842,32,,,1,30,,274843,32,,,1,100,,274844,32,,,1,100,,274845,32,,,1
71500,'715-Weekday-7-26-09-1111100',547,,274849,32,,,1,70,,274850,32,,,1,16,,274851,32,,,1,18,,274852,32,,,1,55,,274853,32,,,1,15,,274854,32,,,1,15,,274855,32,,,1,15,,274856,32,,,1,55,,274857,32,,,1,15,,274858,32,,,1,15,,274859,32,,,1,15,,274890,32,,,1,67,,274860,32,,,1,30,,274861,32,,,1,70,,274862,32,,,1,30,,274863,32,,,1,70,,274864,32,,,1,30,,274865,32,,,1,70,,274866,32,,,1,30,,274867,32,,,1,70,,274868,32,,,1,30,,274869,32,,,1,70,,274870,32,,,1,30,,274871,32,,,1,74,,274872,32,,,1,30,,274873,32,,,1,70,,274874,32,,,1,30,,274875,32,,,1,70,,274876,32,,,1,30,,274877,32,,,1,70,,274878,32,,,1,25,,274879,32,,,1,70,,274880,32,,,1,30,,274881,32,,,1,70,,274882,32,,,1,30,,274883,32,,,1,70,,274884,32,,,1,30,,274885,32,,,1,69,,274886,32,,,1,30,,274887,32,,,1,100,,274888,32,,,1,100,,274889,32,,,1
71500,'715-Saturday-1-26-09-0000010',618,,232110,32,,,1,100,,232111,32,,,1,100,,232112,32,,,1,30,,232113,32,,,1,71,,232114,32,,,1,30,,232115,32,,,1,70,,232116,32,,,1,30,,232117,32,,,1,70,,232118,32,,,1,30,,232119,32,,,1,70,,232120,32,,,1,30,,232122,32,,,1,70,,232123,32,,,1,30,,232124,32,,,1,70,,232121,32,,,1,30,,232125,32,,,1,70,,232126,32,,,1,30,,232127,32,,,1,70,,232128,32,,,1,30,,232129,32,,,1,70,,232130,32,,,1,30,,232131,32,,,1,70,,232132,32,,,1,30,,232133,32,,,1,70,,232134,32,,,1,100,,232135,32,,,1,100,,232136,32,,,1,100,,232137,32,,,1,100,,232138,32,,,1,100,,232139,32,,,1
71500,'715-Sunday-1-26-09-0000001',632,,232140,32,,,1,100,,232141,32,,,1,100,,232142,32,,,1,101,,232143,32,,,1,100,,232144,32,,,1,70,,232145,32,,,1,30,,232146,32,,,1,70,,232147,32,,,1,30,,232148,32,,,1,70,,232149,32,,,1,30,,232150,32,,,1,70,,232151,32,,,1,30,,232152,32,,,1,70,,232153,32,,,1,30,,232154,32,,,1,70,,232155,32,,,1,30,,232156,32,,,1,70,,232158,32,,,1,30,,232159,32,,,1,70,,232160,32,,,1,30,,232157,32,,,1,70,,232161,32,,,1,30,,232162,32,,,1,100,,232163,32,,,1,100,,232164,32,,,1,100,,232165,32,,,1,100,,232166,32,,,1
71600,'716-Weekday-1-26-09-1111100',545,,232353,27,,,1,70,,232354,27,,,1,34,,232355,27,,,1,61,,232356,27,,,1,20,,232357,27,,,1,20,,232358,27,,,1,60,,232386,27,,,1,20,,232359,27,,,1,24,,232389,27,,,1,64,,232390,27,,,1,25,,232360,27,,,1,70,,232361,27,,,1,30,,232362,27,,,1,70,,232363,27,,,1,30,,232364,27,,,1,70,,232365,27,,,1,30,,232366,27,,,1,70,,232367,27,,,1,30,,232368,27,,,1,70,,232369,27,,,1,30,,232370,27,,,1,72,,232371,27,,,1,33,,232372,27,,,1,70,,232373,27,,,1,30,,232374,27,,,1,70,,232387,27,,,1,28,,232388,27,,,1,68,,232375,27,,,1,27,,232376,27,,,1,67,,232377,27,,,1,30,,232378,27,,,1,70,,232379,27,,,1,30,,232380,27,,,1,70,,232381,27,,,1,30,,232382,27,,,1,99,,232383,27,,,1,100,,232384,27,,,1,100,,232385,27,,,1
71600,'716-Weekday-2-26-09-1111100',545,,232391,27,,,1,70,,232392,27,,,1,34,,232393,27,,,1,61,,232394,27,,,1,20,,232395,27,,,1,20,,232396,27,,,1,60,,232424,27,,,1,20,,232397,27,,,1,24,,232427,27,,,1,64,,232428,27,,,1,25,,232398,27,,,1,70,,232399,27,,,1,30,,232400,27,,,1,70,,232401,27,,,1,30,,232402,27,,,1,70,,232403,27,,,1,30,,232404,27,,,1,70,,232405,27,,,1,30,,232406,27,,,1,70,,232407,27,,,1,30,,232408,27,,,1,72,,232409,27,,,1,33,,232410,27,,,1,70,,232411,27,,,1,30,,232412,27,,,1,70,,232425,27,,,1,28,,232426,27,,,1,68,,232413,27,,,1,27,,232414,27,,,1,67,,232415,27,,,1,30,,232416,27,,,1,70,,232417,27,,,1,30,,232418,27,,,1,70,,232419,27,,,1,30,,232420,27,,,1,99,,232421,27,,,1,100,,232422,27,,,1,100,,232423,27,,,1
71600,'716-Weekday-3-26-09-1111100',545,,275060,27,,,1,70,,275061,27,,,1,34,,275062,27,,,1,61,,275063,27,,,1,20,,275064,27,,,1,20,,275065,27,,,1,60,,275093,27,,,1,20,,275066,27,,,1,24,,275096,27,,,1,64,,275097,27,,,1,25,,275067,27,,,1,70,,275068,27,,,1,30,,275069,27,,,1,70,,275070,27,,,1,30,,275071,27,,,1,70,,275072,27,,,1,30,,275073,27,,,1,70,,275074,27,,,1,30,,275075,27,,,1,70,,275076,27,,,1,30,,275077,27,,,1,72,,275078,27,,,1,33,,275079,27,,,1,70,,275080,27,,,1,30,,275081,27,,,1,70,,275094,27,,,1,28,,275095,27,,,1,68,,275082,27,,,1,27,,275083,27,,,1,67,,275084,27,,,1,30,,275085,27,,,1,70,,275086,27,,,1,30,,275087,27,,,1,70,,275088,27,,,1,30,,275089,27,,,1,99,,275090,27,,,1,100,,275091,27,,,1,100,,275092,27,,,1
71600,'716-Weekday-4-26-09-1111100',545,,232429,27,,,1,70,,232430,27,,,1,34,,232431,27,,,1,61,,232432,27,,,1,20,,232433,27,,,1,20,,232434,27,,,1,60,,232462,27,,,1,20,,232435,27,,,1,24,,232465,27,,,1,64,,232466,27,,,1,25,,232436,27,,,1,70,,232437,27,,,1,30,,232438,27,,,1,70,,232439,27,,,1,30,,232440,27,,,1,70,,232441,27,,,1,30,,232442,27,,,1,70,,232443,27,,,1,30,,232444,27,,,1,70,,232445,27,,,1,30,,232446,27,,,1,72,,232447,27,,,1,33,,232448,27,,,1,70,,232449,27,,,1,30,,232450,27,,,1,70,,232463,27,,,1,28,,232464,27,,,1,68,,232451,27,,,1,27,,232452,27,,,1,67,,232453,27,,,1,30,,232454,27,,,1,70,,232455,27,,,1,30,,232456,27,,,1,70,,232457,27,,,1,30,,232458,27,,,1,99,,232459,27,,,1,100,,232460,27,,,1,100,,232461,27,,,1
71600,'716-Weekday-5-26-09-1111100',545,,275098,27,,,1,70,,275099,27,,,1,34,,275100,27,,,1,61,,275101,27,,,1,20,,275102,27,,,1,20,,275103,27,,,1,60,,275131,27,,,1,20,,275104,27,,,1,24,,275134,27,,,1,64,,275135,27,,,1,25,,275105,27,,,1,70,,275106,27,,,1,30,,275107,27,,,1,70,,275108,27,,,1,30,,275109,27,,,1,70,,275110,27,,,1,30,,275111,27,,,1,70,,275112,27,,,1,30,,275113,27,,,1,70,,275114,27,,,1,30,,275115,27,,,1,72,,275116,27,,,1,33,,275117,27,,,1,70,,275118,27,,,1,30,,275119,27,,,1,70,,275132,27,,,1,28,,275133,27,,,1,68,,275120,27,,,1,27,,275121,27,,,1,67,,275122,27,,,1,30,,275123,27,,,1,70,,275124,27,,,1,30,,275125,27,,,1,70,,275126,27,,,1,30,,275127,27,,,1,99,,275128,27,,,1,100,,275129,27,,,1,100,,275130,27,,,1
71600,'716-Weekday-6-26-09-1111100',545,,275136,27,,,1,70,,275137,27,,,1,34,,275138,27,,,1,61,,275139,27,,,1,20,,275140,27,,,1,20,,275141,27,,,1,60,,275169,27,,,1,20,,275142,27,,,1,24,,275172,27,,,1,64,,275173,27,,,1,25,,275143,27,,,1,70,,275144,27,,,1,30,,275145,27,,,1,70,,275146,27,,,1,30,,275147,27,,,1,70,,275148,27,,,1,30,,275149,27,,,1,70,,275150,27,,,1,30,,275151,27,,,1,70,,275152,27,,,1,30,,275153,27,,,1,72,,275154,27,,,1,33,,275155,27,,,1,70,,275156,27,,,1,30,,275157,27,,,1,70,,275170,27,,,1,28,,275171,27,,,1,68,,275158,27,,,1,27,,275159,27,,,1,67,,275160,27,,,1,30,,275161,27,,,1,70,,275162,27,,,1,30,,275163,27,,,1,70,,275164,27,,,1,30,,275165,27,,,1,99,,275166,27,,,1,100,,275167,27,,,1,100,,275168,27,,,1
71600,'716-Weekday-7-26-09-1111100',545,,275174,27,,,1,70,,275175,27,,,1,34,,275176,27,,,1,61,,275177,27,,,1,20,,275178,27,,,1,20,,275179,27,,,1,60,,275207,27,,,1,20,,275180,27,,,1,24,,275210,27,,,1,64,,275211,27,,,1,25,,275181,27,,,1,70,,275182,27,,,1,30,,275183,27,,,1,70,,275184,27,,,1,30,,275185,27,,,1,70,,275186,27,,,1,30,,275187,27,,,1,70,,275188,27,,,1,30,,275189,27,,,1,70,,275190,27,,,1,30,,275191,27,,,1,72,,275192,27,,,1,33,,275193,27,,,1,70,,275194,27,,,1,30,,275195,27,,,1,70,,275208,27,,,1,28,,275209,27,,,1,68,,275196,27,,,1,27,,275197,27,,,1,67,,275198,27,,,1,30,,275199,27,,,1,70,,275200,27,,,1,30,,275201,27,,,1,70,,275202,27,,,1,30,,275203,27,,,1,99,,275204,27,,,1,100,,275205,27,,,1,100,,275206,27,,,1
71600,'716-Saturday-1-26-09-0000010',638,,232467,27,,,1,100,,232468,27,,,1,100,,232469,27,,,1,70,,232470,27,,,1,30,,232471,27,,,1,70,,232472,27,,,1,30,,232473,27,,,1,70,,232474,27,,,1,30,,232475,27,,,1,70,,232476,27,,,1,30,,232477,27,,,1,70,,232478,27,,,1,30,,232479,27,,,1,70,,232480,27,,,1,30,,232481,27,,,1,70,,232482,27,,,1,30,,232483,27,,,1,70,,232484,27,,,1,30,,232485,27,,,1,71,,232486,27,,,1,29,,232487,27,,,1,70,,232488,27,,,1,30,,232489,27,,,1,70,,232490,27,,,1,30,,232491,27,,,1,100,,232492,27,,,1,100,,232493,27,,,1,100,,232494,27,,,1,100,,232495,27,,,1,100,,232496,27,,,1
71600,'716-Sunday-1-26-09-0000001',632,,232497,27,,,1,100,,232498,27,,,1,100,,232499,27,,,1,101,,232500,27,,,1,100,,232501,27,,,1,70,,232502,27,,,1,30,,232503,27,,,1,70,,232504,27,,,1,30,,232505,27,,,1,70,,232506,27,,,1,30,,232507,27,,,1,70,,232508,27,,,1,30,,232509,27,,,1,70,,232510,27,,,1,30,,232511,27,,,1,70,,232512,27,,,1,30,,232513,27,,,1,73,,232514,27,,,1,29,,232515,27,,,1,70,,232516,27,,,1,30,,232517,27,,,1,70,,232518,27,,,1,30,,232519,27,,,1,100,,232520,27,,,1,100,,232521,27,,,1,100,,232522,27,,,1,100,,232523,27,,,1
71700,'717-Weekday-1-26-09-1111100',528,,232698,38,,,1,30,,232699,38,,,1,70,,232732,38,,,1,18,,232700,38,,,1,59,,232734,38,,,1,15,,232701,38,,,1,15,,232702,38,,,1,15,,232703,38,,,1,55,,232735,38,,,1,15,,232704,38,,,1,15,,232705,38,,,1,15,,232706,38,,,1,56,,232736,38,,,1,22,,232733,38,,,1,27,,232707,38,,,1,70,,232708,38,,,1,30,,232709,38,,,1,70,,232710,38,,,1,30,,232711,38,,,1,70,,232712,38,,,1,30,,232713,38,,,1,70,,232714,38,,,1,30,,232715,38,,,1,70,,232716,38,,,1,30,,232717,38,,,1,73,,232718,38,,,1,72,,232719,38,,,1,30,,232720,38,,,1,70,,232721,38,,,1,30,,232722,38,,,1,70,,232723,38,,,1,29,,232724,38,,,1,25,,232725,38,,,1,66,,232726,38,,,1,30,,232727,38,,,1,70,,232728,38,,,1,30,,232729,38,,,1,70,,232730,38,,,1,30,,232731,38,,,1
71700,'717-Weekday-2-26-09-1111100',528,,232740,38,,,1,30,,232741,38,,,1,70,,232774,38,,,1,18,,232742,38,,,1,59,,232776,38,,,1,15,,232743,38,,,1,15,,232744,38,,,1,15,,232745,38,,,1,55,,232777,38,,,1,15,,232746,38,,,1,15,,232747,38,,,1,15,,232748,38,,,1,56,,232778,38,,,1,22,,232775,38,,,1,27,,232749,38,,,1,70,,232750,38,,,1,30,,232751,38,,,1,70,,232752,38,,,1,30,,232753,38,,,1,70,,232754,38,,,1,30,,232755,38,,,1,70,,232756,38,,,1,30,,232757,38,,,1,70,,232758,38,,,1,30,,232759,38,,,1,73,,232760,38,,,1,72,,232761,38,,,1,30,,232762,38,,,1,70,,232763,38,,,1,30,,232764,38,,,1,70,,232765,38,,,1,29,,232766,38,,,1,25,,232767,38,,,1,66,,232768,38,,,1,30,,232769,38,,,1,70,,232770,38,,,1,30,,232771,38,,,1,70,,232772,38,,,1,30,,232773,38,,,1
71700,'717-Weekday-3-26-09-1111100',528,,275368,38,,,1,30,,275369,38,,,1,70,,275402,38,,,1,18,,275370,38,,,1,59,,275404,38,,,1,15,,275371,38,,,1,15,,275372,38,,,1,15,,275373,38,,,1,55,,275405,38,,,1,15,,275374,38,,,1,15,,275375,38,,,1,15,,275376,38,,,1,56,,275406,38,,,1,22,,275403,38,,,1,27,,275377,38,,,1,70,,275378,38,,,1,30,,275379,38,,,1,70,,275380,38,,,1,30,,275381,38,,,1,70,,275382,38,,,1,30,,275383,38,,,1,70,,275384,38,,,1,30,,275385,38,,,1,70,,275386,38,,,1,30,,275387,38,,,1,73,,275388,38,,,1,72,,275389,38,,,1,30,,275390,38,,,1,70,,275391,38,,,1,30,,275392,38,,,1,70,,275393,38,,,1,29,,275394,38,,,1,25,,275395,38,,,1,66,,275396,38,,,1,30,,275397,38,,,1,70,,275398,38,,,1,30,,275399,38,,,1,70,,275400,38,,,1,30,,275401,38,,,1
71700,'717-Weekday-4-26-09-1111100',528,,232782,38,,,1,30,,232783,38,,,1,70,,232816,38,,,1,18,,232784,38,,,1,59,,232818,38,,,1,15,,232785,38,,,1,15,,232786,38,,,1,15,,232787,38,,,1,55,,232819,38,,,1,15,,232788,38,,,1,15,,232789,38,,,1,15,,232790,38,,,1,56,,232820,38,,,1,22,,232817,38,,,1,27,,232791,38,,,1,70,,232792,38,,,1,30,,232793,38,,,1,70,,232794,38,,,1,30,,232795,38,,,1,70,,232796,38,,,1,30,,232797,38,,,1,70,,232798,38,,,1,30,,232799,38,,,1,70,,232800,38,,,1,30,,232801,38,,,1,73,,232802,38,,,1,72,,232803,38,,,1,30,,232804,38,,,1,70,,232805,38,,,1,30,,232806,38,,,1,70,,232807,38,,,1,29,,232808,38,,,1,25,,232809,38,,,1,66,,232810,38,,,1,30,,232811,38,,,1,70,,232812,38,,,1,30,,232813,38,,,1,70,,232814,38,,,1,30,,232815,38,,,1
71700,'717-Weekday-5-26-09-1111100',528,,275407,38,,,1,30,,275408,38,,,1,70,,275441,38,,,1,18,,275409,38,,,1,59,,275443,38,,,1,15,,275410,38,,,1,15,,275411,38,,,1,15,,275412,38,,,1,55,,275444,38,,,1,15,,275413,38,,,1,15,,275414,38,,,1,15,,275415,38,,,1,56,,275445,38,,,1,22,,275442,38,,,1,27,,275416,38,,,1,70,,275417,38,,,1,30,,275418,38,,,1,70,,275419,38,,,1,30,,275420,38,,,1,70,,275421,38,,,1,30,,275422,38,,,1,70,,275423,38,,,1,30,,275424,38,,,1,70,,275425,38,,,1,30,,275426,38,,,1,73,,275427,38,,,1,72,,275428,38,,,1,30,,275429,38,,,1,70,,275430,38,,,1,30,,275431,38,,,1,70,,275432,38,,,1,29,,275433,38,,,1,25,,275434,38,,,1,66,,275435,38,,,1,30,,275436,38,,,1,70,,275437,38,,,1,30,,275438,38,,,1,70,,275439,38,,,1,30,,275440,38,,,1
71700,'717-Weekday-6-26-09-1111100',528,,275446,38,,,1,30,,275447,38,,,1,70,,275480,38,,,1,18,,275448,38,,,1,59,,275482,38,,,1,15,,275449,38,,,1,15,,275450,38,,,1,15,,275451,38,,,1,55,,275483,38,,,1,15,,275452,38,,,1,15,,275453,38,,,1,15,,275454,38,,,1,56,,275484,38,,,1,22,,275481,38,,,1,27,,275455,38,,,1,70,,275456,38,,,1,30,,275457,38,,,1,70,,275458,38,,,1,30,,275459,38,,,1,70,,275460,38,,,1,30,,275461,38,,,1,70,,275462,38,,,1,30,,275463,38,,,1,70,,275464,38,,,1,30,,275465,38,,,1,73,,275466,38,,,1,72,,275467,38,,,1,30,,275468,38,,,1,70,,275469,38,,,1,30,,275470,38,,,1,70,,275471,38,,,1,29,,275472,38,,,1,25,,275473,38,,,1,66,,275474,38,,,1,30,,275475,38,,,1,70,,275476,38,,,1,30,,275477,38,,,1,70,,275478,38,,,1,30,,275479,38,,,1
71700,'717-Weekday-7-26-09-1111100',528,,275488,38,,,1,30,,275489,38,,,1,70,,275522,38,,,1,18,,275490,38,,,1,59,,275524,38,,,1,15,,275491,38,,,1,15,,275492,38,,,1,15,,275493,38,,,1,55,,275525,38,,,1,15,,275494,38,,,1,15,,275495,38,,,1,15,,275496,38,,,1,56,,275526,38,,,1,22,,275523,38,,,1,27,,275497,38,,,1,70,,275498,38,,,1,30,,275499,38,,,1,70,,275500,38,,,1,30,,275501,38,,,1,70,,275502,38,,,1,30,,275503,38,,,1,70,,275504,38,,,1,30,,275505,38,,,1,70,,275506,38,,,1,30,,275507,38,,,1,73,,275508,38,,,1,72,,275509,38,,,1,30,,275510,38,,,1,70,,275511,38,,,1,30,,275512,38,,,1,70,,275513,38,,,1,29,,275514,38,,,1,25,,275515,38,,,1,66,,275516,38,,,1,30,,275517,38,,,1,70,,275518,38,,,1,30,,275519,38,,,1,70,,275520,38,,,1,30,,275521,38,,,1
71700,'717-Saturday-1-26-09-0000010',854,,232821,38,,,1,70,,232822,38,,,1,30,,232823,38,,,1,70,,232824,38,,,1,30,,232825,38,,,1,70,,232826,38,,,1,30,,232827,38,,,1,70,,232828,38,,,1,30,,232829,38,,,1,70,,232830,38,,,1,30,,232831,38,,,1,70,,232832,38,,,1,30,,232833,38,,,1,70,,232834,38,,,1,30,,232835,38,,,1,70,,232836,38,,,1,30,,232837,38,,,1,71,,232838,38,,,1,30,,232839,38,,,1,70,,232840,38,,,1,30,,232841,38,,,1,70,,232842,38,,,1
71700,'717-Sunday-1-26-09-0000001',1055,,232843,38,,,1,70,,232844,38,,,1,30,,232845,38,,,1,70,,232846,38,,,1,30,,232847,38,,,1,70,,232848,38,,,1,30,,232849,38,,,1,70,,232850,38,,,1,30,,232851,38,,,1,70,,232852,38,,,1,30,,232854,38,,,1,70,,232855,38,,,1,30,,232856,38,,,1,71,,232853,38,,,1,31,,232857,38,,,1,70,,232858,38,,,1,30,,232859,38,,,1,70,,232860,38,,,1
