12800,'128-Weekday-1-26-09-1111100',904,,221143,13,,,1,11,,221143,23,4,,1,89,,221144,13,,,1,11,,221144,23,4,,1,89,,221145,13,,,1,11,,221145,23,4,,1,89,,221146,13,,,1,11,,221146,23,4,,1,89,,221147,13,,,1,11,,221147,23,4,,1,89,,221148,13,,,1,11,,221148,23,4,,1,89,,221149,13,,,1,11,,221149,23,4,,1,89,,221150,13,,,1,11,,221150,23,4,,1
12800,'128-Weekday-2-26-09-1111100',904,,221151,13,,,1,11,,221151,23,4,,1,89,,221152,13,,,1,11,,221152,23,4,,1,89,,221153,13,,,1,11,,221153,23,4,,1,89,,221154,13,,,1,11,,221154,23,4,,1,89,,221155,13,,,1,11,,221155,23,4,,1,89,,221156,13,,,1,11,,221156,23,4,,1,89,,221157,13,,,1,11,,221157,23,4,,1,89,,221158,13,,,1,11,,221158,23,4,,1
12800,'128-Weekday-3-26-09-1111100',904,,264441,13,,,1,11,,264441,23,4,,1,89,,264442,13,,,1,11,,264442,23,4,,1,89,,264443,13,,,1,11,,264443,23,4,,1,89,,264444,13,,,1,11,,264444,23,4,,1,89,,264445,13,,,1,11,,264445,23,4,,1,89,,264446,13,,,1,11,,264446,23,4,,1,89,,264447,13,,,1,11,,264447,23,4,,1,89,,264448,13,,,1,11,,264448,23,4,,1
12800,'128-Weekday-4-26-09-1111100',904,,221159,13,,,1,11,,221159,23,4,,1,89,,221160,13,,,1,11,,221160,23,4,,1,89,,221161,13,,,1,11,,221161,23,4,,1,89,,221162,13,,,1,11,,221162,23,4,,1,89,,221163,13,,,1,11,,221163,23,4,,1,89,,221164,13,,,1,11,,221164,23,4,,1,89,,221165,13,,,1,11,,221165,23,4,,1,89,,221166,13,,,1,11,,221166,23,4,,1
12800,'128-Weekday-5-26-09-1111100',904,,264449,13,,,1,11,,264449,23,4,,1,89,,264450,13,,,1,11,,264450,23,4,,1,89,,264451,13,,,1,11,,264451,23,4,,1,89,,264452,13,,,1,11,,264452,23,4,,1,89,,264453,13,,,1,11,,264453,23,4,,1,89,,264454,13,,,1,11,,264454,23,4,,1,89,,264455,13,,,1,11,,264455,23,4,,1,89,,264456,13,,,1,11,,264456,23,4,,1
12800,'128-Weekday-6-26-09-1111100',904,,264457,13,,,1,11,,264457,23,4,,1,89,,264458,13,,,1,11,,264458,23,4,,1,89,,264459,13,,,1,11,,264459,23,4,,1,89,,264460,13,,,1,11,,264460,23,4,,1,89,,264461,13,,,1,11,,264461,23,4,,1,89,,264462,13,,,1,11,,264462,23,4,,1,89,,264463,13,,,1,11,,264463,23,4,,1,89,,264464,13,,,1,11,,264464,23,4,,1
12800,'128-Weekday-7-26-09-1111100',904,,264465,13,,,1,11,,264465,23,4,,1,89,,264466,13,,,1,11,,264466,23,4,,1,89,,264467,13,,,1,11,,264467,23,4,,1,89,,264468,13,,,1,11,,264468,23,4,,1,89,,264469,13,,,1,11,,264469,23,4,,1,89,,264470,13,,,1,11,,264470,23,4,,1,89,,264471,13,,,1,11,,264471,23,4,,1,89,,264472,13,,,1,11,,264472,23,4,,1
12800,'128-Saturday-1-26-09-0000010',903,,221167,13,,,1,11,,221167,23,4,,1,89,,221168,13,,,1,11,,221168,23,4,,1,89,,221169,13,,,1,11,,221169,23,4,,1,89,,221170,13,,,1,11,,221170,23,4,,1,89,,221171,13,,,1,11,,221171,23,4,,1,89,,221172,13,,,1,11,,221172,23,4,,1,89,,221173,13,,,1,11,,221173,23,4,,1,89,,221174,13,,,1,11,,221174,23,4,,1
12801,'128-Weekday-1-26-09-1111100',915,,221175,1,,,1,100,,221176,1,,,1,100,,221177,1,,,1,100,,221178,1,,,1,100,,221179,1,,,1,100,,221180,1,,,1,100,,221181,1,,,1,100,,221182,1,,,1
12801,'128-Weekday-2-26-09-1111100',915,,221183,1,,,1,100,,221184,1,,,1,100,,221185,1,,,1,100,,221186,1,,,1,100,,221187,1,,,1,100,,221188,1,,,1,100,,221189,1,,,1,100,,221190,1,,,1
12801,'128-Weekday-3-26-09-1111100',915,,264473,1,,,1,100,,264474,1,,,1,100,,264475,1,,,1,100,,264476,1,,,1,100,,264477,1,,,1,100,,264478,1,,,1,100,,264479,1,,,1,100,,264480,1,,,1
12801,'128-Weekday-4-26-09-1111100',915,,221191,1,,,1,100,,221192,1,,,1,100,,221193,1,,,1,100,,221194,1,,,1,100,,221195,1,,,1,100,,221196,1,,,1,100,,221197,1,,,1,100,,221198,1,,,1
12801,'128-Weekday-5-26-09-1111100',915,,264481,1,,,1,100,,264482,1,,,1,100,,264483,1,,,1,100,,264484,1,,,1,100,,264485,1,,,1,100,,264486,1,,,1,100,,264487,1,,,1,100,,264488,1,,,1
12801,'128-Weekday-6-26-09-1111100',915,,264489,1,,,1,100,,264490,1,,,1,100,,264491,1,,,1,100,,264492,1,,,1,100,,264493,1,,,1,100,,264494,1,,,1,100,,264495,1,,,1,100,,264496,1,,,1
12801,'128-Weekday-7-26-09-1111100',915,,264497,1,,,1,100,,264498,1,,,1,100,,264499,1,,,1,100,,264500,1,,,1,100,,264501,1,,,1,100,,264502,1,,,1,100,,264503,1,,,1,100,,264504,1,,,1
12801,'128-Saturday-1-26-09-0000010',914,,221199,1,,,1,100,,221200,1,,,1,100,,221201,1,,,1,100,,221202,1,,,1,100,,221203,1,,,1,100,,221204,1,,,1,100,,221205,1,,,1,100,,221206,1,,,1
