65800,'658-Weekday-1-26-09-0001000',1244,,227694,18,,,1,2,,227695,18,,,1
65800,'658-Weekday-1-26-09-1110100',1536,,227696,18,,,1,2,,227697,18,,,1,3,,227698,18,,,1
65800,'658-Weekday-4-26-09-1110100',1536,,270485,18,,,1,2,,270486,18,,,1,3,,270487,18,,,1
65800,'658-Weekday-7-26-09-1110100',1536,,270488,18,,,1,2,,270489,18,,,1,3,,270490,18,,,1
66500,'665-Weekday-1-26-09-0001000',1438,,227766,11,,,1,3,,227767,11,,,1
66500,'665-Weekday-1-26-09-1110100',1517,,227768,11,,,1,3,,227769,11,,,1
66500,'665-Weekday-3-26-09-1110100',1517,,227770,11,,,1,3,,227771,11,,,1
66500,'665-Weekday-7-26-09-1110100',1517,,270566,11,,,1,3,,270567,11,,,1
72200,'722-Weekday-1-26-09-1111100',534,,234534,18,,,1,20,,234535,18,,,1,60,,234481,18,,,1,20,,234482,18,,,1,20,,234529,18,,,1,47,,234483,18,,,1,8,,234544,18,,,1,7,,234539,18,,,1,8,,234530,18,,,1,7,,234484,18,,,1,8,,234531,18,,,1,7,,234485,18,,,1,8,,234545,18,,,1,47,,234540,18,,,1,8,,234532,18,,,1,7,,234486,18,,,1,8,,234533,18,,,1,7,,234487,18,,,1,8,,234538,18,,,1,7,,234541,18,,,1,55,,234491,18,,,1,17,,234488,18,,,1,17,,234489,18,,,1,20,,234490,18,,,1,60,,234492,18,,,1,20,,234493,18,,,1,20,,234494,18,,,1,60,,234495,18,,,1,20,,234496,18,,,1,20,,234497,18,,,1,60,,234498,18,,,1,20,,234499,18,,,1,20,,234500,18,,,1,60,,234501,18,,,1,20,,234502,18,,,1,20,,234503,18,,,1,60,,234504,18,,,1,20,,234505,18,,,1,20,,234506,18,,,1,61,,234507,18,,,1,28,,234508,18,,,1,62,,234509,18,,,1,20,,234536,18,,,1,20,,234542,18,,,1,60,,234510,18,,,1,20,,234512,18,,,1,19,,234511,18,,,1,59,,234537,18,,,1,20,,234543,18,,,1,13,,234513,18,,,1,17,,234514,18,,,1,60,,234515,18,,,1,20,,234516,18,,,1,20,,234517,18,,,1,60,,234518,18,,,1,20,,234519,18,,,1,20,,234520,18,,,1,60,,234521,18,,,1,20,,234522,18,,,1,20,,234523,18,,,1,60,,234524,18,,,1,30,,234525,18,,,1,70,,234526,18,,,1,30,,234527,18,,,1,70,,234528,18,,,1
72200,'722-Weekday-2-26-09-1111100',534,,234599,18,,,1,20,,234600,18,,,1,60,,234546,18,,,1,20,,234547,18,,,1,20,,234594,18,,,1,47,,234548,18,,,1,8,,234609,18,,,1,7,,234604,18,,,1,8,,234595,18,,,1,7,,234549,18,,,1,8,,234596,18,,,1,7,,234550,18,,,1,8,,234610,18,,,1,47,,234605,18,,,1,8,,234597,18,,,1,7,,234551,18,,,1,8,,234598,18,,,1,7,,234552,18,,,1,8,,234603,18,,,1,7,,234606,18,,,1,55,,234556,18,,,1,17,,234553,18,,,1,17,,234554,18,,,1,20,,234555,18,,,1,60,,234557,18,,,1,20,,234558,18,,,1,20,,234559,18,,,1,60,,234560,18,,,1,20,,234561,18,,,1,20,,234562,18,,,1,60,,234563,18,,,1,20,,234564,18,,,1,20,,234565,18,,,1,60,,234566,18,,,1,20,,234567,18,,,1,20,,234568,18,,,1,60,,234569,18,,,1,20,,234570,18,,,1,20,,234571,18,,,1,61,,234572,18,,,1,28,,234573,18,,,1,62,,234574,18,,,1,20,,234601,18,,,1,20,,234607,18,,,1,60,,234575,18,,,1,20,,234577,18,,,1,19,,234576,18,,,1,59,,234602,18,,,1,20,,234608,18,,,1,13,,234578,18,,,1,17,,234579,18,,,1,60,,234580,18,,,1,20,,234581,18,,,1,20,,234582,18,,,1,60,,234583,18,,,1,20,,234584,18,,,1,20,,234585,18,,,1,60,,234586,18,,,1,20,,234587,18,,,1,20,,234588,18,,,1,60,,234589,18,,,1,30,,234590,18,,,1,70,,234591,18,,,1,30,,234592,18,,,1,70,,234593,18,,,1
72200,'722-Weekday-3-26-09-1111100',534,,277146,18,,,1,20,,277147,18,,,1,60,,277093,18,,,1,20,,277094,18,,,1,20,,277141,18,,,1,47,,277095,18,,,1,8,,277156,18,,,1,7,,277151,18,,,1,8,,277142,18,,,1,7,,277096,18,,,1,8,,277143,18,,,1,7,,277097,18,,,1,8,,277157,18,,,1,47,,277152,18,,,1,8,,277144,18,,,1,7,,277098,18,,,1,8,,277145,18,,,1,7,,277099,18,,,1,8,,277150,18,,,1,7,,277153,18,,,1,55,,277103,18,,,1,17,,277100,18,,,1,17,,277101,18,,,1,20,,277102,18,,,1,60,,277104,18,,,1,20,,277105,18,,,1,20,,277106,18,,,1,60,,277107,18,,,1,20,,277108,18,,,1,20,,277109,18,,,1,60,,277110,18,,,1,20,,277111,18,,,1,20,,277112,18,,,1,60,,277113,18,,,1,20,,277114,18,,,1,20,,277115,18,,,1,60,,277116,18,,,1,20,,277117,18,,,1,20,,277118,18,,,1,61,,277119,18,,,1,28,,277120,18,,,1,62,,277121,18,,,1,20,,277148,18,,,1,20,,277154,18,,,1,60,,277122,18,,,1,20,,277124,18,,,1,19,,277123,18,,,1,59,,277149,18,,,1,20,,277155,18,,,1,13,,277125,18,,,1,17,,277126,18,,,1,60,,277127,18,,,1,20,,277128,18,,,1,20,,277129,18,,,1,60,,277130,18,,,1,20,,277131,18,,,1,20,,277132,18,,,1,60,,277133,18,,,1,20,,277134,18,,,1,20,,277135,18,,,1,60,,277136,18,,,1,30,,277137,18,,,1,70,,277138,18,,,1,30,,277139,18,,,1,70,,277140,18,,,1
72200,'722-Weekday-4-26-09-1111100',534,,234664,18,,,1,20,,234665,18,,,1,60,,234611,18,,,1,20,,234612,18,,,1,20,,234659,18,,,1,47,,234613,18,,,1,8,,234674,18,,,1,7,,234669,18,,,1,8,,234660,18,,,1,7,,234614,18,,,1,8,,234661,18,,,1,7,,234615,18,,,1,8,,234675,18,,,1,47,,234670,18,,,1,8,,234662,18,,,1,7,,234616,18,,,1,8,,234663,18,,,1,7,,234617,18,,,1,8,,234668,18,,,1,7,,234671,18,,,1,55,,234621,18,,,1,17,,234618,18,,,1,17,,234619,18,,,1,20,,234620,18,,,1,60,,234622,18,,,1,20,,234623,18,,,1,20,,234624,18,,,1,60,,234625,18,,,1,20,,234626,18,,,1,20,,234627,18,,,1,60,,234628,18,,,1,20,,234629,18,,,1,20,,234630,18,,,1,60,,234631,18,,,1,20,,234632,18,,,1,20,,234633,18,,,1,60,,234634,18,,,1,20,,234635,18,,,1,20,,234636,18,,,1,61,,234637,18,,,1,28,,234638,18,,,1,62,,234639,18,,,1,20,,234666,18,,,1,20,,234672,18,,,1,60,,234640,18,,,1,20,,234642,18,,,1,19,,234641,18,,,1,59,,234667,18,,,1,20,,234673,18,,,1,13,,234643,18,,,1,17,,234644,18,,,1,60,,234645,18,,,1,20,,234646,18,,,1,20,,234647,18,,,1,60,,234648,18,,,1,20,,234649,18,,,1,20,,234650,18,,,1,60,,234651,18,,,1,20,,234652,18,,,1,20,,234653,18,,,1,60,,234654,18,,,1,30,,234655,18,,,1,70,,234656,18,,,1,30,,234657,18,,,1,70,,234658,18,,,1
72200,'722-Weekday-5-26-09-1111100',534,,277211,18,,,1,20,,277212,18,,,1,60,,277158,18,,,1,20,,277159,18,,,1,20,,277206,18,,,1,47,,277160,18,,,1,8,,277221,18,,,1,7,,277216,18,,,1,8,,277207,18,,,1,7,,277161,18,,,1,8,,277208,18,,,1,7,,277162,18,,,1,8,,277222,18,,,1,47,,277217,18,,,1,8,,277209,18,,,1,7,,277163,18,,,1,8,,277210,18,,,1,7,,277164,18,,,1,8,,277215,18,,,1,7,,277218,18,,,1,55,,277168,18,,,1,17,,277165,18,,,1,17,,277166,18,,,1,20,,277167,18,,,1,60,,277169,18,,,1,20,,277170,18,,,1,20,,277171,18,,,1,60,,277172,18,,,1,20,,277173,18,,,1,20,,277174,18,,,1,60,,277175,18,,,1,20,,277176,18,,,1,20,,277177,18,,,1,60,,277178,18,,,1,20,,277179,18,,,1,20,,277180,18,,,1,60,,277181,18,,,1,20,,277182,18,,,1,20,,277183,18,,,1,61,,277184,18,,,1,28,,277185,18,,,1,62,,277186,18,,,1,20,,277213,18,,,1,20,,277219,18,,,1,60,,277187,18,,,1,20,,277189,18,,,1,19,,277188,18,,,1,59,,277214,18,,,1,20,,277220,18,,,1,13,,277190,18,,,1,17,,277191,18,,,1,60,,277192,18,,,1,20,,277193,18,,,1,20,,277194,18,,,1,60,,277195,18,,,1,20,,277196,18,,,1,20,,277197,18,,,1,60,,277198,18,,,1,20,,277199,18,,,1,20,,277200,18,,,1,60,,277201,18,,,1,30,,277202,18,,,1,70,,277203,18,,,1,30,,277204,18,,,1,70,,277205,18,,,1
72200,'722-Weekday-6-26-09-1111100',534,,277276,18,,,1,20,,277277,18,,,1,60,,277223,18,,,1,20,,277224,18,,,1,20,,277271,18,,,1,47,,277225,18,,,1,8,,277286,18,,,1,7,,277281,18,,,1,8,,277272,18,,,1,7,,277226,18,,,1,8,,277273,18,,,1,7,,277227,18,,,1,8,,277287,18,,,1,47,,277282,18,,,1,8,,277274,18,,,1,7,,277228,18,,,1,8,,277275,18,,,1,7,,277229,18,,,1,8,,277280,18,,,1,7,,277283,18,,,1,55,,277233,18,,,1,17,,277230,18,,,1,17,,277231,18,,,1,20,,277232,18,,,1,60,,277234,18,,,1,20,,277235,18,,,1,20,,277236,18,,,1,60,,277237,18,,,1,20,,277238,18,,,1,20,,277239,18,,,1,60,,277240,18,,,1,20,,277241,18,,,1,20,,277242,18,,,1,60,,277243,18,,,1,20,,277244,18,,,1,20,,277245,18,,,1,60,,277246,18,,,1,20,,277247,18,,,1,20,,277248,18,,,1,61,,277249,18,,,1,28,,277250,18,,,1,62,,277251,18,,,1,20,,277278,18,,,1,20,,277284,18,,,1,60,,277252,18,,,1,20,,277254,18,,,1,19,,277253,18,,,1,59,,277279,18,,,1,20,,277285,18,,,1,13,,277255,18,,,1,17,,277256,18,,,1,60,,277257,18,,,1,20,,277258,18,,,1,20,,277259,18,,,1,60,,277260,18,,,1,20,,277261,18,,,1,20,,277262,18,,,1,60,,277263,18,,,1,20,,277264,18,,,1,20,,277265,18,,,1,60,,277266,18,,,1,30,,277267,18,,,1,70,,277268,18,,,1,30,,277269,18,,,1,70,,277270,18,,,1
72200,'722-Weekday-7-26-09-1111100',534,,277341,18,,,1,20,,277342,18,,,1,60,,277288,18,,,1,20,,277289,18,,,1,20,,277336,18,,,1,47,,277290,18,,,1,8,,277351,18,,,1,7,,277346,18,,,1,8,,277337,18,,,1,7,,277291,18,,,1,8,,277338,18,,,1,7,,277292,18,,,1,8,,277352,18,,,1,47,,277347,18,,,1,8,,277339,18,,,1,7,,277293,18,,,1,8,,277340,18,,,1,7,,277294,18,,,1,8,,277345,18,,,1,7,,277348,18,,,1,55,,277298,18,,,1,17,,277295,18,,,1,17,,277296,18,,,1,20,,277297,18,,,1,60,,277299,18,,,1,20,,277300,18,,,1,20,,277301,18,,,1,60,,277302,18,,,1,20,,277303,18,,,1,20,,277304,18,,,1,60,,277305,18,,,1,20,,277306,18,,,1,20,,277307,18,,,1,60,,277308,18,,,1,20,,277309,18,,,1,20,,277310,18,,,1,60,,277311,18,,,1,20,,277312,18,,,1,20,,277313,18,,,1,61,,277314,18,,,1,28,,277315,18,,,1,62,,277316,18,,,1,20,,277343,18,,,1,20,,277349,18,,,1,60,,277317,18,,,1,20,,277319,18,,,1,19,,277318,18,,,1,59,,277344,18,,,1,20,,277350,18,,,1,13,,277320,18,,,1,17,,277321,18,,,1,60,,277322,18,,,1,20,,277323,18,,,1,20,,277324,18,,,1,60,,277325,18,,,1,20,,277326,18,,,1,20,,277327,18,,,1,60,,277328,18,,,1,20,,277329,18,,,1,20,,277330,18,,,1,60,,277331,18,,,1,30,,277332,18,,,1,70,,277333,18,,,1,30,,277334,18,,,1,70,,277335,18,,,1
72200,'722-Saturday-1-26-09-0000010',536,,234723,6,,,1,70,,234724,6,,,1,30,,234676,18,,,1,70,,234677,18,,,1,30,,234678,18,,,1,70,,234679,18,,,1,30,,234680,18,,,1,20,,234681,18,,,1,61,,234682,18,,,1,19,,234683,18,,,1,20,,234684,18,,,1,60,,234685,18,,,1,20,,234686,18,,,1,20,,234687,18,,,1,60,,234688,18,,,1,20,,234689,18,,,1,20,,234690,18,,,1,60,,234691,18,,,1,20,,234692,18,,,1,20,,234693,18,,,1,60,,234694,18,,,1,20,,234695,18,,,1,20,,234696,18,,,1,60,,234697,18,,,1,20,,234698,18,,,1,20,,234699,18,,,1,60,,234700,18,,,1,20,,234701,18,,,1,20,,234702,18,,,1,60,,234703,18,,,1,20,,234704,18,,,1,20,,234705,18,,,1,59,,234706,18,,,1,21,,234707,18,,,1,20,,234708,18,,,1,60,,234709,18,,,1,20,,234710,18,,,1,20,,234711,18,,,1,60,,234712,18,,,1,20,,234713,18,,,1,70,,234714,18,,,1,30,,234715,18,,,1,70,,234716,18,,,1,30,,234717,18,,,1,70,,234718,18,,,1,30,,234719,18,,,1,70,,234720,18,,,1,30,,234721,18,,,1,70,,234722,18,,,1
72200,'722-Sunday-1-26-09-0000001',627,,234725,18,,,1,30,,234726,18,,,1,70,,234727,18,,,1,30,,234728,18,,,1,70,,234729,18,,,1,30,,234730,18,,,1,71,,234731,18,,,1,30,,234732,18,,,1,70,,234733,18,,,1,30,,234734,18,,,1,70,,234735,18,,,1,30,,234736,18,,,1,70,,234737,18,,,1,30,,234738,18,,,1,70,,234739,18,,,1,30,,234740,18,,,1,70,,234741,18,,,1,30,,234742,18,,,1,70,,234743,18,,,1,30,,234744,18,,,1,70,,234745,18,,,1,30,,234746,18,,,1,71,,234747,18,,,1,30,,234748,18,,,1,70,,234749,18,,,1,30,,234750,18,,,1,70,,234751,18,,,1,30,,234752,18,,,1,70,,234753,18,,,1,30,,234754,18,,,1,70,,234755,18,,,1,100,,234756,18,,,1,100,,234757,18,,,1
