10901,'109-Weekday-1-26-09-1111100',537,,217037,28,0,18 14,1,70,,217038,28,0,18 14,1,32,,217039,28,0,18 14,1,64,,217040,28,0,18 14,1,15,,217041,28,0,18 14,1,15,,217042,28,0,18 14,1,15,,217043,28,0,18 14,1,55,,217045,28,0,18 14,1,15,,217044,28,0,18 14,1,15,,217079,28,0,18 14,1,16,,217077,28,0,18 14,1,61,,217046,28,0,18 14,1,29,,217047,28,0,18 14,1,70,,217048,28,0,18 14,1,30,,217049,28,0,18 14,1,70,,217050,28,0,18 14,1,30,,217051,28,0,18 14,1,70,,217052,28,0,18 14,1,30,,217053,28,0,18 14,1,70,,217054,28,0,18 14,1,30,,217055,28,0,18 14,1,70,,217056,28,0,18 14,1,30,,217057,28,0,18 14,1,72,,217058,28,0,18 14,1,25,,217059,28,0,18 14,1,15,,217060,28,0,18 14,1,55,,217061,28,0,18 14,1,15,,217062,28,0,18 14,1,15,,217075,28,0,18 14,1,15,,217063,28,0,18 14,1,55,,217080,28,0,18 14,1,15,,217078,28,0,18 14,1,22,,217064,28,0,18 14,1,70,,217065,28,0,18 14,1,28,,217066,28,0,18 14,1,68,,217067,28,0,18 14,1,30,,217068,28,0,18 14,1,70,,217069,28,0,18 14,1,30,,217070,28,0,18 14,1,70,,217071,28,0,18 14,1,30,,217072,28,0,18 14,1,69,,217076,28,0,18 14,1,99,,217073,28,0,18 14,1,100,,217074,28,0,18 14,1
10901,'109-Weekday-2-26-09-1111100',537,,217081,28,0,18 14,1,70,,217082,28,0,18 14,1,32,,217083,28,0,18 14,1,64,,217084,28,0,18 14,1,15,,217085,28,0,18 14,1,15,,217086,28,0,18 14,1,15,,217087,28,0,18 14,1,55,,217089,28,0,18 14,1,15,,217088,28,0,18 14,1,15,,217123,28,0,18 14,1,16,,217121,28,0,18 14,1,61,,217090,28,0,18 14,1,29,,217091,28,0,18 14,1,70,,217092,28,0,18 14,1,30,,217093,28,0,18 14,1,70,,217094,28,0,18 14,1,30,,217095,28,0,18 14,1,70,,217096,28,0,18 14,1,30,,217097,28,0,18 14,1,70,,217098,28,0,18 14,1,30,,217099,28,0,18 14,1,70,,217100,28,0,18 14,1,30,,217101,28,0,18 14,1,72,,217102,28,0,18 14,1,25,,217103,28,0,18 14,1,15,,217104,28,0,18 14,1,55,,217105,28,0,18 14,1,15,,217106,28,0,18 14,1,15,,217119,28,0,18 14,1,15,,217107,28,0,18 14,1,55,,217124,28,0,18 14,1,15,,217122,28,0,18 14,1,22,,217108,28,0,18 14,1,70,,217109,28,0,18 14,1,28,,217110,28,0,18 14,1,68,,217111,28,0,18 14,1,30,,217112,28,0,18 14,1,70,,217113,28,0,18 14,1,30,,217114,28,0,18 14,1,70,,217115,28,0,18 14,1,30,,217116,28,0,18 14,1,69,,217120,28,0,18 14,1,99,,217117,28,0,18 14,1,100,,217118,28,0,18 14,1
10901,'109-Weekday-3-26-09-1111100',537,,260570,28,0,18 14,1,70,,260571,28,0,18 14,1,32,,260572,28,0,18 14,1,64,,260573,28,0,18 14,1,15,,260574,28,0,18 14,1,15,,260575,28,0,18 14,1,15,,260576,28,0,18 14,1,55,,260578,28,0,18 14,1,15,,260577,28,0,18 14,1,15,,260612,28,0,18 14,1,16,,260610,28,0,18 14,1,61,,260579,28,0,18 14,1,29,,260580,28,0,18 14,1,70,,260581,28,0,18 14,1,30,,260582,28,0,18 14,1,70,,260583,28,0,18 14,1,30,,260584,28,0,18 14,1,70,,260585,28,0,18 14,1,30,,260586,28,0,18 14,1,70,,260587,28,0,18 14,1,30,,260588,28,0,18 14,1,70,,260589,28,0,18 14,1,30,,260590,28,0,18 14,1,72,,260591,28,0,18 14,1,25,,260592,28,0,18 14,1,15,,260593,28,0,18 14,1,55,,260594,28,0,18 14,1,15,,260595,28,0,18 14,1,15,,260608,28,0,18 14,1,15,,260596,28,0,18 14,1,55,,260613,28,0,18 14,1,15,,260611,28,0,18 14,1,22,,260597,28,0,18 14,1,70,,260598,28,0,18 14,1,28,,260599,28,0,18 14,1,68,,260600,28,0,18 14,1,30,,260601,28,0,18 14,1,70,,260602,28,0,18 14,1,30,,260603,28,0,18 14,1,70,,260604,28,0,18 14,1,30,,260605,28,0,18 14,1,69,,260609,28,0,18 14,1,99,,260606,28,0,18 14,1,100,,260607,28,0,18 14,1
10901,'109-Weekday-4-26-09-1111100',537,,217125,28,0,18 14,1,70,,217126,28,0,18 14,1,32,,217127,28,0,18 14,1,64,,217128,28,0,18 14,1,15,,217129,28,0,18 14,1,15,,217130,28,0,18 14,1,15,,217131,28,0,18 14,1,55,,217133,28,0,18 14,1,15,,217132,28,0,18 14,1,15,,217167,28,0,18 14,1,16,,217165,28,0,18 14,1,61,,217134,28,0,18 14,1,29,,217135,28,0,18 14,1,70,,217136,28,0,18 14,1,30,,217137,28,0,18 14,1,70,,217138,28,0,18 14,1,30,,217139,28,0,18 14,1,70,,217140,28,0,18 14,1,30,,217141,28,0,18 14,1,70,,217142,28,0,18 14,1,30,,217143,28,0,18 14,1,70,,217144,28,0,18 14,1,30,,217145,28,0,18 14,1,72,,217146,28,0,18 14,1,25,,217147,28,0,18 14,1,15,,217148,28,0,18 14,1,55,,217149,28,0,18 14,1,15,,217150,28,0,18 14,1,15,,217163,28,0,18 14,1,15,,217151,28,0,18 14,1,55,,217168,28,0,18 14,1,15,,217166,28,0,18 14,1,22,,217152,28,0,18 14,1,70,,217153,28,0,18 14,1,28,,217154,28,0,18 14,1,68,,217155,28,0,18 14,1,30,,217156,28,0,18 14,1,70,,217157,28,0,18 14,1,30,,217158,28,0,18 14,1,70,,217159,28,0,18 14,1,30,,217160,28,0,18 14,1,69,,217164,28,0,18 14,1,99,,217161,28,0,18 14,1,100,,217162,28,0,18 14,1
10901,'109-Weekday-5-26-09-1111100',537,,260614,28,0,18 14,1,70,,260615,28,0,18 14,1,32,,260616,28,0,18 14,1,64,,260617,28,0,18 14,1,15,,260618,28,0,18 14,1,15,,260619,28,0,18 14,1,15,,260620,28,0,18 14,1,55,,260622,28,0,18 14,1,15,,260621,28,0,18 14,1,15,,260656,28,0,18 14,1,16,,260654,28,0,18 14,1,61,,260623,28,0,18 14,1,29,,260624,28,0,18 14,1,70,,260625,28,0,18 14,1,30,,260626,28,0,18 14,1,70,,260627,28,0,18 14,1,30,,260628,28,0,18 14,1,70,,260629,28,0,18 14,1,30,,260630,28,0,18 14,1,70,,260631,28,0,18 14,1,30,,260632,28,0,18 14,1,70,,260633,28,0,18 14,1,30,,260634,28,0,18 14,1,72,,260635,28,0,18 14,1,25,,260636,28,0,18 14,1,15,,260637,28,0,18 14,1,55,,260638,28,0,18 14,1,15,,260639,28,0,18 14,1,15,,260652,28,0,18 14,1,15,,260640,28,0,18 14,1,55,,260657,28,0,18 14,1,15,,260655,28,0,18 14,1,22,,260641,28,0,18 14,1,70,,260642,28,0,18 14,1,28,,260643,28,0,18 14,1,68,,260644,28,0,18 14,1,30,,260645,28,0,18 14,1,70,,260646,28,0,18 14,1,30,,260647,28,0,18 14,1,70,,260648,28,0,18 14,1,30,,260649,28,0,18 14,1,69,,260653,28,0,18 14,1,99,,260650,28,0,18 14,1,100,,260651,28,0,18 14,1
10901,'109-Weekday-6-26-09-1111100',537,,260658,28,0,18 14,1,70,,260659,28,0,18 14,1,32,,260660,28,0,18 14,1,64,,260661,28,0,18 14,1,15,,260662,28,0,18 14,1,15,,260663,28,0,18 14,1,15,,260664,28,0,18 14,1,55,,260666,28,0,18 14,1,15,,260665,28,0,18 14,1,15,,260700,28,0,18 14,1,16,,260698,28,0,18 14,1,61,,260667,28,0,18 14,1,29,,260668,28,0,18 14,1,70,,260669,28,0,18 14,1,30,,260670,28,0,18 14,1,70,,260671,28,0,18 14,1,30,,260672,28,0,18 14,1,70,,260673,28,0,18 14,1,30,,260674,28,0,18 14,1,70,,260675,28,0,18 14,1,30,,260676,28,0,18 14,1,70,,260677,28,0,18 14,1,30,,260678,28,0,18 14,1,72,,260679,28,0,18 14,1,25,,260680,28,0,18 14,1,15,,260681,28,0,18 14,1,55,,260682,28,0,18 14,1,15,,260683,28,0,18 14,1,15,,260696,28,0,18 14,1,15,,260684,28,0,18 14,1,55,,260701,28,0,18 14,1,15,,260699,28,0,18 14,1,22,,260685,28,0,18 14,1,70,,260686,28,0,18 14,1,28,,260687,28,0,18 14,1,68,,260688,28,0,18 14,1,30,,260689,28,0,18 14,1,70,,260690,28,0,18 14,1,30,,260691,28,0,18 14,1,70,,260692,28,0,18 14,1,30,,260693,28,0,18 14,1,69,,260697,28,0,18 14,1,99,,260694,28,0,18 14,1,100,,260695,28,0,18 14,1
10901,'109-Weekday-7-26-09-1111100',537,,260702,28,0,18 14,1,70,,260703,28,0,18 14,1,32,,260704,28,0,18 14,1,64,,260705,28,0,18 14,1,15,,260706,28,0,18 14,1,15,,260707,28,0,18 14,1,15,,260708,28,0,18 14,1,55,,260710,28,0,18 14,1,15,,260709,28,0,18 14,1,15,,260744,28,0,18 14,1,16,,260742,28,0,18 14,1,61,,260711,28,0,18 14,1,29,,260712,28,0,18 14,1,70,,260713,28,0,18 14,1,30,,260714,28,0,18 14,1,70,,260715,28,0,18 14,1,30,,260716,28,0,18 14,1,70,,260717,28,0,18 14,1,30,,260718,28,0,18 14,1,70,,260719,28,0,18 14,1,30,,260720,28,0,18 14,1,70,,260721,28,0,18 14,1,30,,260722,28,0,18 14,1,72,,260723,28,0,18 14,1,25,,260724,28,0,18 14,1,15,,260725,28,0,18 14,1,55,,260726,28,0,18 14,1,15,,260727,28,0,18 14,1,15,,260740,28,0,18 14,1,15,,260728,28,0,18 14,1,55,,260745,28,0,18 14,1,15,,260743,28,0,18 14,1,22,,260729,28,0,18 14,1,70,,260730,28,0,18 14,1,28,,260731,28,0,18 14,1,68,,260732,28,0,18 14,1,30,,260733,28,0,18 14,1,70,,260734,28,0,18 14,1,30,,260735,28,0,18 14,1,70,,260736,28,0,18 14,1,30,,260737,28,0,18 14,1,69,,260741,28,0,18 14,1,99,,260738,28,0,18 14,1,100,,260739,28,0,18 14,1
10901,'109-Saturday-1-26-09-0000010',830,,217169,28,0,18 14,1,70,,217170,28,0,18 14,1,30,,217171,28,0,18 14,1,70,,217172,28,0,18 14,1,30,,217173,28,0,18 14,1,70,,217174,28,0,18 14,1,30,,217175,28,0,18 14,1,70,,217176,28,0,18 14,1,30,,217177,28,0,18 14,1,70,,217178,28,0,18 14,1,30,,217179,28,0,18 14,1,70,,217180,28,0,18 14,1,30,,217181,28,0,18 14,1,70,,217182,28,0,18 14,1,30,,217183,28,0,18 14,1,70,,217184,28,0,18 14,1,30,,217185,28,0,18 14,1,70,,217186,28,0,18 14,1,30,,217187,28,0,18 14,1,70,,217188,28,0,18 14,1,30,,217189,28,0,18 14,1,70,,217190,28,0,18 14,1,30,,217191,28,0,18 14,1,70,,217192,28,0,18 14,1,30,,217193,28,0,18 14,1,70,,217194,28,0,18 14,1,30,,217195,28,0,18 14,1,70,,217196,28,0,18 14,1
10901,'109-Sunday-1-26-09-0000001',1040,,217197,28,0,18 14,1,70,,217198,28,0,18 14,1,30,,217199,28,0,18 14,1,70,,217200,28,0,18 14,1,30,,217201,28,0,18 14,1,70,,217202,28,0,18 14,1,30,,217203,28,0,18 14,1,70,,217204,28,0,18 14,1,30,,217205,28,0,18 14,1,70,,217206,28,0,18 14,1,30,,217207,28,0,18 14,1,70,,217208,28,0,18 14,1,30,,217209,28,0,18 14,1,70,,217210,28,0,18 14,1,30,,217211,28,0,18 14,1,70,,217212,28,0,18 14,1,30,,217213,28,0,18 14,1,70,,217214,28,0,18 14,1
61801,'618-Weekday-1-26-09-1111100',813,,227449,23,,,1
61801,'618-Weekday-4-26-09-1111100',813,,270299,23,,,1
61801,'618-Weekday-7-26-09-1111100',813,,270300,23,,,1
68301,'683-Weekday-1-26-09-1111100',740,,227878,17,,,1,5,,227879,17,,,1,5,,227880,17,,,1,5,,227881,17,,,1
68301,'683-Weekday-3-26-09-1111100',740,,227882,17,,,1,5,,227883,17,,,1,5,,227884,17,,,1,5,,227885,17,,,1
68301,'683-Weekday-4-26-09-1111100',740,,270640,17,,,1,5,,270641,17,,,1,5,,270642,17,,,1,5,,270643,17,,,1
68301,'683-Weekday-7-26-09-1111100',740,,270644,17,,,1,5,,270645,17,,,1,5,,270646,17,,,1,5,,270647,17,,,1
