10801,'108-Weekday-1-26-09-0001000',1439,,216574,40,,,1
10801,'108-Weekday-1-26-09-1110100',1535,,216575,40,,,1
10801,'108-Weekday-1-26-09-1111100',604,,216635,40,,,1,20,,216636,40,,,1,21,,216637,40,,,1,62,,216638,40,,,1,22,,216625,40,,,1,10,,216626,40,,,1,10,,216627,40,,,1,10,,216628,40,,,1,50,,216629,40,,,1,10,,216630,40,,,1,10,,216631,40,,,1,10,,216632,40,,,1,10,,216633,40,,,1,10,,216634,40,,,1,55,,216624,40,,,1,18,,216605,40,,,1,17,,216606,40,,,1,60,,216607,40,,,1,20,,216608,40,,,1,20,,216609,40,,,1,60,,216610,40,,,1,20,,216611,40,,,1,20,,216612,40,,,1,60,,216613,40,,,1,20,,216614,40,,,1,20,,216615,40,,,1,60,,216616,40,,,1,20,,216617,40,,,1,20,,216618,40,,,1,60,,216619,40,,,1,20,,216620,40,,,1,20,,216621,40,,,1,62,,216622,40,,,1,21,,216623,40,,,1,10,,216642,40,,,1,11,,216589,40,,,1,50,,216643,40,,,1,10,,216590,40,,,1,10,,216591,40,,,1,10,,216592,40,,,1,10,,216593,40,,,1,10,,216594,40,,,1,50,,216595,40,,,1,10,,216596,40,,,1,10,,216597,40,,,1,10,,216598,40,,,1,10,,216599,40,,,1,10,,216600,40,,,1,50,,216601,40,,,1,10,,216602,40,,,1,10,,216603,40,,,1,15,,216604,40,,,1,15,,216588,40,,,1,58,,216576,40,,,1,20,,216641,40,,,1,21,,216579,40,,,1,60,,216580,40,,,1,20,,216581,40,,,1,20,,216582,40,,,1,60,,216583,40,,,1,19,,216584,40,,,1,20,,216585,40,,,1,58,,216586,40,,,1,19,,216587,40,,,1,19,,216639,40,,,1,70,,216640,40,,,1,30,,216577,40,,,1,70,,216578,40,,,1
10801,'108-Weekday-2-26-09-1110100',1535,,216644,40,,,1
10801,'108-Weekday-2-26-09-1111100',604,,216704,40,,,1,20,,216705,40,,,1,21,,216706,40,,,1,62,,216707,40,,,1,22,,216694,40,,,1,10,,216695,40,,,1,10,,216696,40,,,1,10,,216697,40,,,1,50,,216698,40,,,1,10,,216699,40,,,1,10,,216700,40,,,1,10,,216701,40,,,1,10,,216702,40,,,1,10,,216703,40,,,1,55,,216693,40,,,1,18,,216674,40,,,1,17,,216675,40,,,1,60,,216676,40,,,1,20,,216677,40,,,1,20,,216678,40,,,1,60,,216679,40,,,1,20,,216680,40,,,1,20,,216681,40,,,1,60,,216682,40,,,1,20,,216683,40,,,1,20,,216684,40,,,1,60,,216685,40,,,1,20,,216686,40,,,1,20,,216687,40,,,1,60,,216688,40,,,1,20,,216689,40,,,1,20,,216690,40,,,1,62,,216691,40,,,1,21,,216692,40,,,1,10,,216711,40,,,1,11,,216658,40,,,1,50,,216712,40,,,1,10,,216659,40,,,1,10,,216660,40,,,1,10,,216661,40,,,1,10,,216662,40,,,1,10,,216663,40,,,1,50,,216664,40,,,1,10,,216665,40,,,1,10,,216666,40,,,1,10,,216667,40,,,1,10,,216668,40,,,1,10,,216669,40,,,1,50,,216670,40,,,1,10,,216671,40,,,1,10,,216672,40,,,1,15,,216673,40,,,1,15,,216657,40,,,1,58,,216645,40,,,1,20,,216710,40,,,1,21,,216648,40,,,1,60,,216649,40,,,1,20,,216650,40,,,1,20,,216651,40,,,1,60,,216652,40,,,1,19,,216653,40,,,1,20,,216654,40,,,1,58,,216655,40,,,1,19,,216656,40,,,1,19,,216708,40,,,1,70,,216709,40,,,1,30,,216646,40,,,1,70,,216647,40,,,1
10801,'108-Weekday-3-26-09-1111100',604,,260176,40,,,1,20,,260177,40,,,1,21,,260178,40,,,1,62,,260179,40,,,1,22,,260166,40,,,1,10,,260167,40,,,1,10,,260168,40,,,1,10,,260169,40,,,1,50,,260170,40,,,1,10,,260171,40,,,1,10,,260172,40,,,1,10,,260173,40,,,1,10,,260174,40,,,1,10,,260175,40,,,1,55,,260165,40,,,1,18,,260146,40,,,1,17,,260147,40,,,1,60,,260148,40,,,1,20,,260149,40,,,1,20,,260150,40,,,1,60,,260151,40,,,1,20,,260152,40,,,1,20,,260153,40,,,1,60,,260154,40,,,1,20,,260155,40,,,1,20,,260156,40,,,1,60,,260157,40,,,1,20,,260158,40,,,1,20,,260159,40,,,1,60,,260160,40,,,1,20,,260161,40,,,1,20,,260162,40,,,1,62,,260163,40,,,1,21,,260164,40,,,1,10,,260183,40,,,1,11,,260130,40,,,1,50,,260184,40,,,1,10,,260131,40,,,1,10,,260132,40,,,1,10,,260133,40,,,1,10,,260134,40,,,1,10,,260135,40,,,1,50,,260136,40,,,1,10,,260137,40,,,1,10,,260138,40,,,1,10,,260139,40,,,1,10,,260140,40,,,1,10,,260141,40,,,1,50,,260142,40,,,1,10,,260143,40,,,1,10,,260144,40,,,1,15,,260145,40,,,1,15,,260129,40,,,1,58,,260117,40,,,1,20,,260182,40,,,1,21,,260120,40,,,1,60,,260121,40,,,1,20,,260122,40,,,1,20,,260123,40,,,1,60,,260124,40,,,1,19,,260125,40,,,1,20,,260126,40,,,1,58,,260127,40,,,1,19,,260128,40,,,1,19,,260180,40,,,1,70,,260181,40,,,1,30,,260118,40,,,1,70,,260119,40,,,1
10801,'108-Weekday-4-26-09-1111100',604,,216772,40,,,1,20,,216773,40,,,1,21,,216774,40,,,1,62,,216775,40,,,1,22,,216762,40,,,1,10,,216763,40,,,1,10,,216764,40,,,1,10,,216765,40,,,1,50,,216766,40,,,1,10,,216767,40,,,1,10,,216768,40,,,1,10,,216769,40,,,1,10,,216770,40,,,1,10,,216771,40,,,1,55,,216761,40,,,1,18,,216742,40,,,1,17,,216743,40,,,1,60,,216744,40,,,1,20,,216745,40,,,1,20,,216746,40,,,1,60,,216747,40,,,1,20,,216748,40,,,1,20,,216749,40,,,1,60,,216750,40,,,1,20,,216751,40,,,1,20,,216752,40,,,1,60,,216753,40,,,1,20,,216754,40,,,1,20,,216755,40,,,1,60,,216756,40,,,1,20,,216757,40,,,1,20,,216758,40,,,1,62,,216759,40,,,1,21,,216760,40,,,1,10,,216779,40,,,1,11,,216726,40,,,1,50,,216780,40,,,1,10,,216727,40,,,1,10,,216728,40,,,1,10,,216729,40,,,1,10,,216730,40,,,1,10,,216731,40,,,1,50,,216732,40,,,1,10,,216733,40,,,1,10,,216734,40,,,1,10,,216735,40,,,1,10,,216736,40,,,1,10,,216737,40,,,1,50,,216738,40,,,1,10,,216739,40,,,1,10,,216740,40,,,1,15,,216741,40,,,1,15,,216725,40,,,1,58,,216713,40,,,1,20,,216778,40,,,1,21,,216716,40,,,1,60,,216717,40,,,1,20,,216718,40,,,1,20,,216719,40,,,1,60,,216720,40,,,1,19,,216721,40,,,1,20,,216722,40,,,1,58,,216723,40,,,1,19,,216724,40,,,1,19,,216776,40,,,1,70,,216777,40,,,1,30,,216714,40,,,1,70,,216715,40,,,1
10801,'108-Weekday-5-26-09-1111100',604,,260244,40,,,1,20,,260245,40,,,1,21,,260246,40,,,1,62,,260247,40,,,1,22,,260234,40,,,1,10,,260235,40,,,1,10,,260236,40,,,1,10,,260237,40,,,1,50,,260238,40,,,1,10,,260239,40,,,1,10,,260240,40,,,1,10,,260241,40,,,1,10,,260242,40,,,1,10,,260243,40,,,1,55,,260233,40,,,1,18,,260214,40,,,1,17,,260215,40,,,1,60,,260216,40,,,1,20,,260217,40,,,1,20,,260218,40,,,1,60,,260219,40,,,1,20,,260220,40,,,1,20,,260221,40,,,1,60,,260222,40,,,1,20,,260223,40,,,1,20,,260224,40,,,1,60,,260225,40,,,1,20,,260226,40,,,1,20,,260227,40,,,1,60,,260228,40,,,1,20,,260229,40,,,1,20,,260230,40,,,1,62,,260231,40,,,1,21,,260232,40,,,1,10,,260251,40,,,1,11,,260198,40,,,1,50,,260252,40,,,1,10,,260199,40,,,1,10,,260200,40,,,1,10,,260201,40,,,1,10,,260202,40,,,1,10,,260203,40,,,1,50,,260204,40,,,1,10,,260205,40,,,1,10,,260206,40,,,1,10,,260207,40,,,1,10,,260208,40,,,1,10,,260209,40,,,1,50,,260210,40,,,1,10,,260211,40,,,1,10,,260212,40,,,1,15,,260213,40,,,1,15,,260197,40,,,1,58,,260185,40,,,1,20,,260250,40,,,1,21,,260188,40,,,1,60,,260189,40,,,1,20,,260190,40,,,1,20,,260191,40,,,1,60,,260192,40,,,1,19,,260193,40,,,1,20,,260194,40,,,1,58,,260195,40,,,1,19,,260196,40,,,1,19,,260248,40,,,1,70,,260249,40,,,1,30,,260186,40,,,1,70,,260187,40,,,1
10801,'108-Weekday-6-26-09-1110100',1535,,260253,40,,,1
10801,'108-Weekday-6-26-09-1111100',604,,260313,40,,,1,20,,260314,40,,,1,21,,260315,40,,,1,62,,260316,40,,,1,22,,260303,40,,,1,10,,260304,40,,,1,10,,260305,40,,,1,10,,260306,40,,,1,50,,260307,40,,,1,10,,260308,40,,,1,10,,260309,40,,,1,10,,260310,40,,,1,10,,260311,40,,,1,10,,260312,40,,,1,55,,260302,40,,,1,18,,260283,40,,,1,17,,260284,40,,,1,60,,260285,40,,,1,20,,260286,40,,,1,20,,260287,40,,,1,60,,260288,40,,,1,20,,260289,40,,,1,20,,260290,40,,,1,60,,260291,40,,,1,20,,260292,40,,,1,20,,260293,40,,,1,60,,260294,40,,,1,20,,260295,40,,,1,20,,260296,40,,,1,60,,260297,40,,,1,20,,260298,40,,,1,20,,260299,40,,,1,62,,260300,40,,,1,21,,260301,40,,,1,10,,260320,40,,,1,11,,260267,40,,,1,50,,260321,40,,,1,10,,260268,40,,,1,10,,260269,40,,,1,10,,260270,40,,,1,10,,260271,40,,,1,10,,260272,40,,,1,50,,260273,40,,,1,10,,260274,40,,,1,10,,260275,40,,,1,10,,260276,40,,,1,10,,260277,40,,,1,10,,260278,40,,,1,50,,260279,40,,,1,10,,260280,40,,,1,10,,260281,40,,,1,15,,260282,40,,,1,15,,260266,40,,,1,58,,260254,40,,,1,20,,260319,40,,,1,21,,260257,40,,,1,60,,260258,40,,,1,20,,260259,40,,,1,20,,260260,40,,,1,60,,260261,40,,,1,19,,260262,40,,,1,20,,260263,40,,,1,58,,260264,40,,,1,19,,260265,40,,,1,19,,260317,40,,,1,70,,260318,40,,,1,30,,260255,40,,,1,70,,260256,40,,,1
10801,'108-Weekday-7-26-09-1111100',604,,260381,40,,,1,20,,260382,40,,,1,21,,260383,40,,,1,62,,260384,40,,,1,22,,260371,40,,,1,10,,260372,40,,,1,10,,260373,40,,,1,10,,260374,40,,,1,50,,260375,40,,,1,10,,260376,40,,,1,10,,260377,40,,,1,10,,260378,40,,,1,10,,260379,40,,,1,10,,260380,40,,,1,55,,260370,40,,,1,18,,260351,40,,,1,17,,260352,40,,,1,60,,260353,40,,,1,20,,260354,40,,,1,20,,260355,40,,,1,60,,260356,40,,,1,20,,260357,40,,,1,20,,260358,40,,,1,60,,260359,40,,,1,20,,260360,40,,,1,20,,260361,40,,,1,60,,260362,40,,,1,20,,260363,40,,,1,20,,260364,40,,,1,60,,260365,40,,,1,20,,260366,40,,,1,20,,260367,40,,,1,62,,260368,40,,,1,21,,260369,40,,,1,10,,260388,40,,,1,11,,260335,40,,,1,50,,260389,40,,,1,10,,260336,40,,,1,10,,260337,40,,,1,10,,260338,40,,,1,10,,260339,40,,,1,10,,260340,40,,,1,50,,260341,40,,,1,10,,260342,40,,,1,10,,260343,40,,,1,10,,260344,40,,,1,10,,260345,40,,,1,10,,260346,40,,,1,50,,260347,40,,,1,10,,260348,40,,,1,10,,260349,40,,,1,15,,260350,40,,,1,15,,260334,40,,,1,58,,260322,40,,,1,20,,260387,40,,,1,21,,260325,40,,,1,60,,260326,40,,,1,20,,260327,40,,,1,20,,260328,40,,,1,60,,260329,40,,,1,19,,260330,40,,,1,20,,260331,40,,,1,58,,260332,40,,,1,19,,260333,40,,,1,19,,260385,40,,,1,70,,260386,40,,,1,30,,260323,40,,,1,70,,260324,40,,,1
10801,'108-Saturday-1-26-09-0000010',557,,216781,40,,,1,70,,216782,40,,,1,30,,216783,40,,,1,70,,216784,40,,,1,30,,216785,40,,,1,70,,216786,40,,,1,30,,216787,40,,,1,70,,216788,40,,,1,30,,216789,40,,,1,70,,216790,40,,,1,30,,216791,40,,,1,70,,216792,40,,,1,30,,216793,40,,,1,70,,216794,40,,,1,30,,216795,40,,,1,70,,216796,40,,,1,30,,216797,40,,,1,70,,216798,40,,,1,30,,216799,40,,,1,70,,216800,40,,,1,30,,216801,40,,,1,70,,216802,40,,,1,30,,216803,40,,,1,70,,216804,40,,,1,30,,216805,40,,,1,70,,216806,40,,,1,30,,216807,40,,,1,70,,216817,40,,,1,30,,216808,40,,,1,70,,216809,40,,,1,30,,216810,40,,,1,70,,216811,40,,,1,30,,216812,40,,,1,70,,216813,40,,,1,30,,216814,40,,,1,70,,216815,40,,,1,30,,216816,40,,,1
10801,'108-Sunday-1-26-09-0000001',612,,216818,40,,,1,30,,216819,40,,,1,67,,216820,40,,,1,30,,216821,40,,,1,70,,216822,40,,,1,29,,216823,40,,,1,72,,216824,40,,,1,30,,216825,40,,,1,70,,216826,40,,,1,30,,216827,40,,,1,70,,216828,40,,,1,30,,216829,40,,,1,70,,216830,40,,,1,30,,216831,40,,,1,70,,216832,40,,,1,30,,216833,40,,,1,70,,216834,40,,,1,30,,216835,40,,,1,70,,216836,40,,,1,30,,216837,40,,,1,70,,216838,40,,,1,30,,216839,40,,,1,68,,216840,40,,,1,30,,216841,40,,,1,70,,216842,40,,,1,30,,216843,40,,,1,70,,216844,40,,,1,30,,216845,40,,,1,70,,216846,40,,,1,30,,216847,40,,,1,70,,216848,40,,,1,30,,216849,40,,,1,70,,216850,40,,,1,30,,216851,40,,,1,70,,216852,40,,,1,30,,216853,40,,,1,73,,216854,40,,,1
