10900,'109-Weekday-1-26-09-1111100',540,,216855,64,0,13 14,1,70,,216856,64,0,13 14,1,31,,216857,64,0,13 14,1,73,,216895,64,0,13 14,1,15,,216858,64,0,13 14,1,15,,216890,64,0,13 14,1,15,,216860,64,0,13 14,1,55,,216859,64,0,13 14,1,15,,216891,64,0,13 14,1,15,,216861,64,0,13 14,1,15,,216899,64,0,13 14,1,54,,216898,64,0,13 14,1,29,,216862,64,0,13 14,1,70,,216863,64,0,13 14,1,30,,216864,64,0,13 14,1,70,,216865,64,0,13 14,1,30,,216866,64,0,13 14,1,70,,216867,64,0,13 14,1,30,,216868,64,0,13 14,1,70,,216869,64,0,13 14,1,30,,216870,64,0,13 14,1,70,,216871,64,0,13 14,1,30,,216872,64,0,13 14,1,70,,216873,64,0,13 14,1,34,,216874,64,0,13 14,1,55,,216875,64,0,13 14,1,15,,216892,64,0,13 14,1,15,,216877,64,0,13 14,1,15,,216876,64,0,13 14,1,55,,216893,64,0,13 14,1,15,,216878,64,0,13 14,1,15,,216897,64,0,13 14,1,15,,216896,64,0,13 14,1,70,,216879,64,0,13 14,1,30,,216880,64,0,13 14,1,65,,216881,64,0,13 14,1,30,,216882,64,0,13 14,1,70,,216883,64,0,13 14,1,30,,216884,64,0,13 14,1,70,,216885,64,0,13 14,1,30,,216886,64,0,13 14,1,70,,216887,64,0,13 14,1,30,,216894,64,0,13 14,1,100,,216888,64,0,13 14,1,100,,216889,64,0,13 14,1
10900,'109-Weekday-2-26-09-1111100',540,,216900,64,0,13 14,1,70,,216901,64,0,13 14,1,31,,216902,64,0,13 14,1,73,,216940,64,0,13 14,1,15,,216903,64,0,13 14,1,15,,216935,64,0,13 14,1,15,,216905,64,0,13 14,1,55,,216904,64,0,13 14,1,15,,216936,64,0,13 14,1,15,,216906,64,0,13 14,1,15,,216944,64,0,13 14,1,54,,216943,64,0,13 14,1,29,,216907,64,0,13 14,1,70,,216908,64,0,13 14,1,30,,216909,64,0,13 14,1,70,,216910,64,0,13 14,1,30,,216911,64,0,13 14,1,70,,216912,64,0,13 14,1,30,,216913,64,0,13 14,1,70,,216914,64,0,13 14,1,30,,216915,64,0,13 14,1,70,,216916,64,0,13 14,1,30,,216917,64,0,13 14,1,70,,216918,64,0,13 14,1,34,,216919,64,0,13 14,1,55,,216920,64,0,13 14,1,15,,216937,64,0,13 14,1,15,,216922,64,0,13 14,1,15,,216921,64,0,13 14,1,55,,216938,64,0,13 14,1,15,,216923,64,0,13 14,1,15,,216942,64,0,13 14,1,15,,216941,64,0,13 14,1,70,,216924,64,0,13 14,1,30,,216925,64,0,13 14,1,65,,216926,64,0,13 14,1,30,,216927,64,0,13 14,1,70,,216928,64,0,13 14,1,30,,216929,64,0,13 14,1,70,,216930,64,0,13 14,1,30,,216931,64,0,13 14,1,70,,216932,64,0,13 14,1,30,,216939,64,0,13 14,1,100,,216933,64,0,13 14,1,100,,216934,64,0,13 14,1
10900,'109-Weekday-3-26-09-1111100',540,,260390,64,0,13 14,1,70,,260391,64,0,13 14,1,31,,260392,64,0,13 14,1,73,,260430,64,0,13 14,1,15,,260393,64,0,13 14,1,15,,260425,64,0,13 14,1,15,,260395,64,0,13 14,1,55,,260394,64,0,13 14,1,15,,260426,64,0,13 14,1,15,,260396,64,0,13 14,1,15,,260434,64,0,13 14,1,54,,260433,64,0,13 14,1,29,,260397,64,0,13 14,1,70,,260398,64,0,13 14,1,30,,260399,64,0,13 14,1,70,,260400,64,0,13 14,1,30,,260401,64,0,13 14,1,70,,260402,64,0,13 14,1,30,,260403,64,0,13 14,1,70,,260404,64,0,13 14,1,30,,260405,64,0,13 14,1,70,,260406,64,0,13 14,1,30,,260407,64,0,13 14,1,70,,260408,64,0,13 14,1,34,,260409,64,0,13 14,1,55,,260410,64,0,13 14,1,15,,260427,64,0,13 14,1,15,,260412,64,0,13 14,1,15,,260411,64,0,13 14,1,55,,260428,64,0,13 14,1,15,,260413,64,0,13 14,1,15,,260432,64,0,13 14,1,15,,260431,64,0,13 14,1,70,,260414,64,0,13 14,1,30,,260415,64,0,13 14,1,65,,260416,64,0,13 14,1,30,,260417,64,0,13 14,1,70,,260418,64,0,13 14,1,30,,260419,64,0,13 14,1,70,,260420,64,0,13 14,1,30,,260421,64,0,13 14,1,70,,260422,64,0,13 14,1,30,,260429,64,0,13 14,1,100,,260423,64,0,13 14,1,100,,260424,64,0,13 14,1
10900,'109-Weekday-4-26-09-1111100',540,,216945,64,0,13 14,1,70,,216946,64,0,13 14,1,31,,216947,64,0,13 14,1,73,,216985,64,0,13 14,1,15,,216948,64,0,13 14,1,15,,216980,64,0,13 14,1,15,,216950,64,0,13 14,1,55,,216949,64,0,13 14,1,15,,216981,64,0,13 14,1,15,,216951,64,0,13 14,1,15,,216989,64,0,13 14,1,54,,216988,64,0,13 14,1,29,,216952,64,0,13 14,1,70,,216953,64,0,13 14,1,30,,216954,64,0,13 14,1,70,,216955,64,0,13 14,1,30,,216956,64,0,13 14,1,70,,216957,64,0,13 14,1,30,,216958,64,0,13 14,1,70,,216959,64,0,13 14,1,30,,216960,64,0,13 14,1,70,,216961,64,0,13 14,1,30,,216962,64,0,13 14,1,70,,216963,64,0,13 14,1,34,,216964,64,0,13 14,1,55,,216965,64,0,13 14,1,15,,216982,64,0,13 14,1,15,,216967,64,0,13 14,1,15,,216966,64,0,13 14,1,55,,216983,64,0,13 14,1,15,,216968,64,0,13 14,1,15,,216987,64,0,13 14,1,15,,216986,64,0,13 14,1,70,,216969,64,0,13 14,1,30,,216970,64,0,13 14,1,65,,216971,64,0,13 14,1,30,,216972,64,0,13 14,1,70,,216973,64,0,13 14,1,30,,216974,64,0,13 14,1,70,,216975,64,0,13 14,1,30,,216976,64,0,13 14,1,70,,216977,64,0,13 14,1,30,,216984,64,0,13 14,1,100,,216978,64,0,13 14,1,100,,216979,64,0,13 14,1
10900,'109-Weekday-5-26-09-1111100',540,,260435,64,0,13 14,1,70,,260436,64,0,13 14,1,31,,260437,64,0,13 14,1,73,,260475,64,0,13 14,1,15,,260438,64,0,13 14,1,15,,260470,64,0,13 14,1,15,,260440,64,0,13 14,1,55,,260439,64,0,13 14,1,15,,260471,64,0,13 14,1,15,,260441,64,0,13 14,1,15,,260479,64,0,13 14,1,54,,260478,64,0,13 14,1,29,,260442,64,0,13 14,1,70,,260443,64,0,13 14,1,30,,260444,64,0,13 14,1,70,,260445,64,0,13 14,1,30,,260446,64,0,13 14,1,70,,260447,64,0,13 14,1,30,,260448,64,0,13 14,1,70,,260449,64,0,13 14,1,30,,260450,64,0,13 14,1,70,,260451,64,0,13 14,1,30,,260452,64,0,13 14,1,70,,260453,64,0,13 14,1,34,,260454,64,0,13 14,1,55,,260455,64,0,13 14,1,15,,260472,64,0,13 14,1,15,,260457,64,0,13 14,1,15,,260456,64,0,13 14,1,55,,260473,64,0,13 14,1,15,,260458,64,0,13 14,1,15,,260477,64,0,13 14,1,15,,260476,64,0,13 14,1,70,,260459,64,0,13 14,1,30,,260460,64,0,13 14,1,65,,260461,64,0,13 14,1,30,,260462,64,0,13 14,1,70,,260463,64,0,13 14,1,30,,260464,64,0,13 14,1,70,,260465,64,0,13 14,1,30,,260466,64,0,13 14,1,70,,260467,64,0,13 14,1,30,,260474,64,0,13 14,1,100,,260468,64,0,13 14,1,100,,260469,64,0,13 14,1
10900,'109-Weekday-6-26-09-1111100',540,,260480,64,0,13 14,1,70,,260481,64,0,13 14,1,31,,260482,64,0,13 14,1,73,,260520,64,0,13 14,1,15,,260483,64,0,13 14,1,15,,260515,64,0,13 14,1,15,,260485,64,0,13 14,1,55,,260484,64,0,13 14,1,15,,260516,64,0,13 14,1,15,,260486,64,0,13 14,1,15,,260524,64,0,13 14,1,54,,260523,64,0,13 14,1,29,,260487,64,0,13 14,1,70,,260488,64,0,13 14,1,30,,260489,64,0,13 14,1,70,,260490,64,0,13 14,1,30,,260491,64,0,13 14,1,70,,260492,64,0,13 14,1,30,,260493,64,0,13 14,1,70,,260494,64,0,13 14,1,30,,260495,64,0,13 14,1,70,,260496,64,0,13 14,1,30,,260497,64,0,13 14,1,70,,260498,64,0,13 14,1,34,,260499,64,0,13 14,1,55,,260500,64,0,13 14,1,15,,260517,64,0,13 14,1,15,,260502,64,0,13 14,1,15,,260501,64,0,13 14,1,55,,260518,64,0,13 14,1,15,,260503,64,0,13 14,1,15,,260522,64,0,13 14,1,15,,260521,64,0,13 14,1,70,,260504,64,0,13 14,1,30,,260505,64,0,13 14,1,65,,260506,64,0,13 14,1,30,,260507,64,0,13 14,1,70,,260508,64,0,13 14,1,30,,260509,64,0,13 14,1,70,,260510,64,0,13 14,1,30,,260511,64,0,13 14,1,70,,260512,64,0,13 14,1,30,,260519,64,0,13 14,1,100,,260513,64,0,13 14,1,100,,260514,64,0,13 14,1
10900,'109-Weekday-7-26-09-1111100',540,,260525,64,0,13 14,1,70,,260526,64,0,13 14,1,31,,260527,64,0,13 14,1,73,,260565,64,0,13 14,1,15,,260528,64,0,13 14,1,15,,260560,64,0,13 14,1,15,,260530,64,0,13 14,1,55,,260529,64,0,13 14,1,15,,260561,64,0,13 14,1,15,,260531,64,0,13 14,1,15,,260569,64,0,13 14,1,54,,260568,64,0,13 14,1,29,,260532,64,0,13 14,1,70,,260533,64,0,13 14,1,30,,260534,64,0,13 14,1,70,,260535,64,0,13 14,1,30,,260536,64,0,13 14,1,70,,260537,64,0,13 14,1,30,,260538,64,0,13 14,1,70,,260539,64,0,13 14,1,30,,260540,64,0,13 14,1,70,,260541,64,0,13 14,1,30,,260542,64,0,13 14,1,70,,260543,64,0,13 14,1,34,,260544,64,0,13 14,1,55,,260545,64,0,13 14,1,15,,260562,64,0,13 14,1,15,,260547,64,0,13 14,1,15,,260546,64,0,13 14,1,55,,260563,64,0,13 14,1,15,,260548,64,0,13 14,1,15,,260567,64,0,13 14,1,15,,260566,64,0,13 14,1,70,,260549,64,0,13 14,1,30,,260550,64,0,13 14,1,65,,260551,64,0,13 14,1,30,,260552,64,0,13 14,1,70,,260553,64,0,13 14,1,30,,260554,64,0,13 14,1,70,,260555,64,0,13 14,1,30,,260556,64,0,13 14,1,70,,260557,64,0,13 14,1,30,,260564,64,0,13 14,1,100,,260558,64,0,13 14,1,100,,260559,64,0,13 14,1
10900,'109-Saturday-1-26-09-0000010',830,,216990,64,0,13 14,1,70,,216991,64,0,13 14,1,33,,216992,64,0,13 14,1,71,,216993,64,0,13 14,1,30,,216994,64,0,13 14,1,70,,216995,64,0,13 14,1,30,,216996,64,0,13 14,1,70,,216997,64,0,13 14,1,30,,216998,64,0,13 14,1,70,,216999,64,0,13 14,1,30,,217000,64,0,13 14,1,70,,217001,64,0,13 14,1,30,,217002,64,0,13 14,1,70,,217003,64,0,13 14,1,30,,217004,64,0,13 14,1,70,,217005,64,0,13 14,1,30,,217006,64,0,13 14,1,70,,217007,64,0,13 14,1,28,,217008,64,0,13 14,1,70,,217009,64,0,13 14,1,30,,217010,64,0,13 14,1,70,,217011,64,0,13 14,1,30,,217012,64,0,13 14,1,70,,217013,64,0,13 14,1,30,,217014,64,0,13 14,1,70,,217015,64,0,13 14,1,30,,217016,64,0,13 14,1,70,,217017,64,0,13 14,1,30,,217018,64,0,13 14,1
10900,'109-Sunday-1-26-09-0000001',1043,,217019,64,0,13 14,1,70,,217020,64,0,13 14,1,30,,217021,64,0,13 14,1,70,,217022,64,0,13 14,1,30,,217023,64,0,13 14,1,70,,217024,64,0,13 14,1,30,,217025,64,0,13 14,1,70,,217026,64,0,13 14,1,30,,217027,64,0,13 14,1,70,,217028,64,0,13 14,1,30,,217029,64,0,13 14,1,70,,217030,64,0,13 14,1,30,,217031,64,0,13 14,1,69,,217032,64,0,13 14,1,29,,217033,64,0,13 14,1,70,,217034,64,0,13 14,1,30,,217035,64,0,13 14,1,70,,217036,64,0,13 14,1
61401,'614-Weekday-1-26-09-1111100',747,,227423,18,,,1,85,,227424,18,,,1
61401,'614-Weekday-3-26-09-1111100',832,,227425,18,,,1
61401,'614-Weekday-4-26-09-1111100',747,,270281,18,,,1
61401,'614-Weekday-7-26-09-1111100',747,,270282,18,,,1,85,,270283,18,,,1
