5100,'051-Weekday-1-26-09-1111100',603,,210970,30,,,1,31,,210956,29,,,1,75,,210966,30,,,1,30,,210954,29,,,1,70,,210935,29,,,1,30,,210960,29,,,1,69,,210961,29,,,1,30,,210962,29,,,1,70,,210967,29,,,1,19,,210968,29,,,1,19,,210948,29,,,1,60,,210947,29,,,1,20,,210946,29,,,1,20,,210950,29,,,1,62,,210957,29,,,1,20,,210958,29,,,1,20,,210951,29,,,1,60,,210959,29,,,1,20,,210952,29,,,1,20,,210963,29,,,1,60,,210964,29,,,1,11,,210981,29,,,1,9,,210953,29,,,1,20,,210965,29,,,1,62,,210971,29,,,1,19,,210972,30,,,1,8,,210979,13,,,1,5,,210980,13,,,1,3,,210973,29,,,1,55,,210936,30,,,1,15,,210974,30,,,1,14,,210975,29,,,1,13,,210937,29,,,1,14,,210976,29,,,1,55,,210977,30,,,1,15,,210978,30,,,1,23,,210955,29,,,1,63,,210938,29,,,1,24,,210939,29,,,1,65,,210940,29,,,1,30,,210969,29,,,1,70,,210949,29,,,1,30,,210941,29,,,1,70,,210942,29,,,1,30,,210943,30,,,1,70,,210944,29,,,1,99,,210945,29,,,1
5100,'051-Weekday-2-26-09-1111100',603,,211017,30,,,1,31,,211003,29,,,1,75,,211013,30,,,1,30,,211001,29,,,1,70,,210982,29,,,1,30,,211007,29,,,1,69,,211008,29,,,1,30,,211009,29,,,1,70,,211014,29,,,1,19,,211015,29,,,1,19,,210995,29,,,1,60,,210994,29,,,1,20,,210993,29,,,1,20,,210997,29,,,1,62,,211004,29,,,1,20,,211005,29,,,1,20,,210998,29,,,1,60,,211006,29,,,1,20,,210999,29,,,1,20,,211010,29,,,1,60,,211011,29,,,1,11,,211028,29,,,1,9,,211000,29,,,1,20,,211012,29,,,1,62,,211018,29,,,1,19,,211019,30,,,1,8,,211026,13,,,1,5,,211027,13,,,1,3,,211020,29,,,1,55,,210983,30,,,1,15,,211021,30,,,1,14,,211022,29,,,1,13,,210984,29,,,1,14,,211023,29,,,1,55,,211024,30,,,1,15,,211025,30,,,1,23,,211002,29,,,1,63,,210985,29,,,1,24,,210986,29,,,1,65,,210987,29,,,1,30,,211016,29,,,1,70,,210996,29,,,1,30,,210988,29,,,1,70,,210989,29,,,1,30,,210990,30,,,1,70,,210991,29,,,1,99,,210992,29,,,1
5100,'051-Weekday-3-26-09-1111100',603,,254258,30,,,1,31,,254244,29,,,1,75,,254254,30,,,1,30,,254242,29,,,1,70,,254223,29,,,1,30,,254248,29,,,1,69,,254249,29,,,1,30,,254250,29,,,1,70,,254255,29,,,1,19,,254256,29,,,1,19,,254236,29,,,1,60,,254235,29,,,1,20,,254234,29,,,1,20,,254238,29,,,1,62,,254245,29,,,1,20,,254246,29,,,1,20,,254239,29,,,1,60,,254247,29,,,1,20,,254240,29,,,1,20,,254251,29,,,1,60,,254252,29,,,1,11,,254267,29,,,1,9,,254241,29,,,1,20,,254253,29,,,1,62,,254259,29,,,1,19,,254260,30,,,1,16,,254261,29,,,1,55,,254224,30,,,1,15,,254262,30,,,1,14,,254263,29,,,1,13,,254225,29,,,1,14,,254264,29,,,1,55,,254265,30,,,1,15,,254266,30,,,1,23,,254243,29,,,1,63,,254226,29,,,1,24,,254227,29,,,1,65,,254228,29,,,1,30,,254257,29,,,1,70,,254237,29,,,1,30,,254229,29,,,1,70,,254230,29,,,1,30,,254231,30,,,1,70,,254232,29,,,1,99,,254233,29,,,1
5100,'051-Weekday-4-26-09-1111100',603,,211064,30,,,1,31,,211050,29,,,1,75,,211060,30,,,1,30,,211048,29,,,1,70,,211029,29,,,1,30,,211054,29,,,1,69,,211055,30,,,1,30,,211056,29,,,1,70,,211061,29,,,1,19,,211062,29,,,1,19,,211042,29,,,1,60,,211041,29,,,1,20,,211040,29,,,1,20,,211044,29,,,1,62,,211051,29,,,1,20,,211052,29,,,1,20,,211045,29,,,1,60,,211053,29,,,1,20,,211046,29,,,1,20,,211057,29,,,1,60,,211058,29,,,1,11,,211073,29,,,1,9,,211047,29,,,1,20,,211059,29,,,1,62,,211065,29,,,1,19,,211066,30,,,1,16,,211067,29,,,1,55,,211030,30,,,1,15,,211068,30,,,1,14,,211069,29,,,1,13,,211031,29,,,1,14,,211070,29,,,1,55,,211071,30,,,1,15,,211072,30,,,1,23,,211049,29,,,1,63,,211032,29,,,1,24,,211033,29,,,1,65,,211034,29,,,1,30,,211063,29,,,1,70,,211043,29,,,1,30,,211035,29,,,1,70,,211036,29,,,1,30,,211037,30,,,1,70,,211038,29,,,1,99,,211039,29,,,1
5100,'051-Weekday-5-26-09-1111100',603,,254303,30,,,1,31,,254289,29,,,1,75,,254299,30,,,1,30,,254287,29,,,1,70,,254268,29,,,1,30,,254293,29,,,1,69,,254294,30,,,1,30,,254295,29,,,1,70,,254300,29,,,1,19,,254301,29,,,1,19,,254281,29,,,1,60,,254280,29,,,1,20,,254279,29,,,1,20,,254283,29,,,1,62,,254290,29,,,1,20,,254291,29,,,1,20,,254284,29,,,1,60,,254292,29,,,1,20,,254285,29,,,1,20,,254296,29,,,1,60,,254297,29,,,1,11,,254312,29,,,1,9,,254286,29,,,1,20,,254298,29,,,1,62,,254304,29,,,1,19,,254305,30,,,1,16,,254306,29,,,1,55,,254269,30,,,1,15,,254307,30,,,1,14,,254308,29,,,1,13,,254270,29,,,1,14,,254309,29,,,1,55,,254310,30,,,1,15,,254311,30,,,1,23,,254288,29,,,1,63,,254271,29,,,1,24,,254272,29,,,1,65,,254273,29,,,1,30,,254302,29,,,1,70,,254282,29,,,1,30,,254274,29,,,1,70,,254275,29,,,1,30,,254276,30,,,1,70,,254277,29,,,1,99,,254278,29,,,1
5100,'051-Weekday-6-26-09-1111100',603,,254348,30,,,1,31,,254334,29,,,1,75,,254344,30,,,1,30,,254332,29,,,1,70,,254313,29,,,1,30,,254338,29,,,1,69,,254339,29,,,1,30,,254340,29,,,1,70,,254345,29,,,1,19,,254346,29,,,1,19,,254326,29,,,1,60,,254325,29,,,1,20,,254324,30,,,1,20,,254328,29,,,1,62,,254335,29,,,1,20,,254336,29,,,1,20,,254329,29,,,1,60,,254337,29,,,1,20,,254330,29,,,1,20,,254341,29,,,1,60,,254342,29,,,1,20,,254331,29,,,1,20,,254343,29,,,1,62,,254349,29,,,1,19,,254350,30,,,1,8,,254357,13,,,1,5,,254358,13,,,1,3,,254351,29,,,1,55,,254314,30,,,1,15,,254352,30,,,1,14,,254353,29,,,1,13,,254315,29,,,1,14,,254354,29,,,1,55,,254355,30,,,1,15,,254356,30,,,1,23,,254333,29,,,1,63,,254316,29,,,1,24,,254317,29,,,1,65,,254318,29,,,1,30,,254347,29,,,1,70,,254327,29,,,1,30,,254319,29,,,1,70,,254320,29,,,1,30,,254321,30,,,1,70,,254322,29,,,1,99,,254323,29,,,1
5100,'051-Weekday-7-26-09-1111100',603,,254394,30,,,1,31,,254380,29,,,1,75,,254390,30,,,1,30,,254378,29,,,1,70,,254359,29,,,1,30,,254384,29,,,1,69,,254385,30,,,1,30,,254386,29,,,1,70,,254391,29,,,1,19,,254392,29,,,1,19,,254372,29,,,1,60,,254371,29,,,1,20,,254370,30,,,1,20,,254374,29,,,1,62,,254381,29,,,1,20,,254382,29,,,1,20,,254375,29,,,1,60,,254383,29,,,1,20,,254376,29,,,1,20,,254387,29,,,1,60,,254388,29,,,1,20,,254377,29,,,1,20,,254389,29,,,1,62,,254395,29,,,1,19,,254396,30,,,1,16,,254397,29,,,1,55,,254360,30,,,1,15,,254398,30,,,1,14,,254399,29,,,1,13,,254361,29,,,1,14,,254400,29,,,1,55,,254401,30,,,1,15,,254402,30,,,1,23,,254379,29,,,1,63,,254362,29,,,1,24,,254363,29,,,1,65,,254364,29,,,1,30,,254393,29,,,1,70,,254373,29,,,1,30,,254365,29,,,1,70,,254366,29,,,1,30,,254367,30,,,1,70,,254368,29,,,1,99,,254369,29,,,1
5100,'051-Saturday-1-26-09-0000010',702,,211097,29,,,1,99,,211074,29,,,1,100,,211075,29,,,1,32,,211076,29,,,1,72,,211077,29,,,1,30,,211078,29,,,1,70,,211079,29,,,1,30,,211081,29,,,1,70,,211082,29,,,1,30,,211083,29,,,1,70,,211080,30,,,1,30,,211084,29,,,1,70,,211085,29,,,1,30,,211086,29,,,1,70,,211088,29,,,1,30,,211089,29,,,1,70,,211090,29,,,1,30,,211087,29,,,1,70,,211091,29,,,1,29,,211092,29,,,1,70,,211093,29,,,1,30,,211094,29,,,1,70,,211095,29,,,1,30,,211096,30,,,1,100,,211098,30,,,1,100,,211099,29,,,1,100,,211100,29,,,1
5100,'051-Sunday-1-26-09-0000001',742,,211101,29,,,1,100,,211102,29,,,1,102,,211103,29,,,1,66,,211104,29,,,1,26,,211105,29,,,1,70,,211106,29,,,1,30,,211107,29,,,1,70,,211108,29,,,1,30,,211109,29,,,1,70,,211110,29,,,1,30,,211111,29,,,1,70,,211112,29,,,1,30,,211113,29,,,1,70,,211114,29,,,1,30,,211115,29,,,1,70,,211116,29,,,1,30,,211117,29,,,1,70,,211118,29,,,1,29,,211119,29,,,1,69,,211120,29,,,1,29,,211121,29,,,1,70,,211122,29,,,1,30,,211123,29,,,1,100,,211124,30,,,1,100,,211125,29,,,1,100,,211126,29,,,1
10300,'103-Weekday-1-26-09-1111100',906,,214497,26,,,1,19,,214498,26,,,1,20,,214541,26,,,1,60,,214499,26,,,1,20,,214500,26,,,1,20,,214542,26,,,1,60,,214501,26,,,1,20,,214502,26,,,1,20,,214543,26,,,1,60,,214503,26,,,1,20,,214504,26,,,1,20,,214544,26,,,1,60,,214505,26,,,1,20,,214506,26,,,1,20,,214545,26,,,1,60,,214507,26,,,1,20,,214508,26,,,1,20,,214546,26,,,1,62,,214509,26,,,1,21,,214526,26,0,15 16,1,15,,214521,26,,,1,15,,214514,26,0,15 16,1,55,,214517,26,,,1,15,,214513,26,0,15 16,1,15,,214518,26,,,1,15,,214512,26,0,15 16,1,55,,214519,26,,,1,15,,214511,26,0,15 16,1,15,,214520,26,,,1,15,,214510,26,0,15 16,1,55,,214540,26,,,1,27,,214516,26,,,1,66,,214515,26,,,1,30,,214535,26,,,1,70,,214536,26,,,1,30,,214537,26,,,1,70,,214538,26,,,1,30,,214539,26,,,1,69,,214534,26,,,1,28,,214522,26,,,1,70,,214523,26,,,1,30,,214524,26,,,1,70,,214525,26,,,1
10300,'103-Weekday-2-26-09-1111100',906,,214548,26,,,1,19,,214549,26,,,1,20,,214592,26,,,1,60,,214550,26,,,1,20,,214551,26,,,1,20,,214593,26,,,1,60,,214552,26,,,1,20,,214553,26,,,1,20,,214594,26,,,1,60,,214554,26,,,1,20,,214555,26,,,1,20,,214595,26,,,1,60,,214556,26,,,1,20,,214557,26,,,1,20,,214596,26,,,1,60,,214558,26,,,1,20,,214559,26,,,1,20,,214597,26,,,1,62,,214560,26,,,1,21,,214577,26,0,15 16,1,15,,214572,26,,,1,15,,214565,26,0,15 16,1,55,,214568,26,,,1,15,,214564,26,0,15 16,1,15,,214569,26,,,1,15,,214563,26,0,15 16,1,55,,214570,26,,,1,15,,214562,26,0,15 16,1,15,,214571,26,,,1,15,,214561,26,0,15 16,1,55,,214591,26,,,1,27,,214567,26,,,1,66,,214566,26,,,1,30,,214586,26,,,1,70,,214587,26,,,1,30,,214588,26,,,1,70,,214589,26,,,1,30,,214590,26,,,1,69,,214585,26,,,1,28,,214573,26,,,1,70,,214574,26,,,1,30,,214575,26,,,1,70,,214576,26,,,1
10300,'103-Weekday-3-26-09-1111100',906,,258102,26,,,1,19,,258103,26,,,1,20,,258146,26,,,1,60,,258104,26,,,1,20,,258105,26,,,1,20,,258147,26,,,1,60,,258106,26,,,1,20,,258107,26,,,1,20,,258148,26,,,1,60,,258108,26,,,1,20,,258109,26,,,1,20,,258149,26,,,1,60,,258110,26,,,1,20,,258111,26,,,1,20,,258150,26,,,1,60,,258112,26,,,1,20,,258113,26,,,1,20,,258151,26,,,1,62,,258114,26,,,1,21,,258131,26,0,15 16,1,15,,258126,26,,,1,15,,258119,26,0,15 16,1,55,,258122,26,,,1,15,,258118,26,0,15 16,1,15,,258123,26,,,1,15,,258117,26,0,15 16,1,55,,258124,26,,,1,15,,258116,26,0,15 16,1,15,,258125,26,,,1,15,,258115,26,0,15 16,1,55,,258145,26,,,1,27,,258121,26,,,1,66,,258120,26,,,1,30,,258140,26,,,1,70,,258141,26,,,1,30,,258142,26,,,1,70,,258143,26,,,1,30,,258144,26,,,1,69,,258139,26,,,1,28,,258127,26,,,1,70,,258128,26,,,1,30,,258129,26,,,1,70,,258130,26,,,1
10300,'103-Weekday-4-26-09-1111100',906,,214598,26,,,1,19,,214599,26,,,1,20,,214642,26,,,1,60,,214600,26,,,1,20,,214601,26,,,1,20,,214643,26,,,1,60,,214602,26,,,1,20,,214603,26,,,1,20,,214644,26,,,1,60,,214604,26,,,1,20,,214605,26,,,1,20,,214645,26,,,1,60,,214606,26,,,1,20,,214607,26,,,1,20,,214646,26,,,1,60,,214608,26,,,1,20,,214609,26,,,1,20,,214647,26,,,1,62,,214610,26,,,1,21,,214627,26,0,15 16,1,15,,214622,26,,,1,15,,214615,26,0,15 16,1,55,,214618,26,,,1,15,,214614,26,0,15 16,1,15,,214619,26,,,1,15,,214613,26,0,15 16,1,55,,214620,26,,,1,15,,214612,26,0,15 16,1,15,,214621,26,,,1,15,,214611,26,0,15 16,1,55,,214641,26,,,1,27,,214617,26,,,1,66,,214616,26,,,1,30,,214636,26,,,1,70,,214637,26,,,1,30,,214638,26,,,1,70,,214639,26,,,1,30,,214640,26,,,1,69,,214635,26,,,1,28,,214623,26,,,1,70,,214624,26,,,1,30,,214625,26,,,1,70,,214626,26,,,1
10300,'103-Weekday-5-26-09-1111100',906,,258153,26,,,1,19,,258154,26,,,1,20,,258197,26,,,1,60,,258155,26,,,1,20,,258156,26,,,1,20,,258198,26,,,1,60,,258157,26,,,1,20,,258158,26,,,1,20,,258199,26,,,1,60,,258159,26,,,1,20,,258160,26,,,1,20,,258200,26,,,1,60,,258161,26,,,1,20,,258162,26,,,1,20,,258201,26,,,1,60,,258163,26,,,1,20,,258164,26,,,1,20,,258202,26,,,1,62,,258165,26,,,1,21,,258182,26,0,15 16,1,15,,258177,26,,,1,15,,258170,26,0,15 16,1,55,,258173,26,,,1,15,,258169,26,0,15 16,1,15,,258174,26,,,1,15,,258168,26,0,15 16,1,55,,258175,26,,,1,15,,258167,26,0,15 16,1,15,,258176,26,,,1,15,,258166,26,0,15 16,1,55,,258196,26,,,1,27,,258172,26,,,1,66,,258171,26,,,1,30,,258191,26,,,1,70,,258192,26,,,1,30,,258193,26,,,1,70,,258194,26,,,1,30,,258195,26,,,1,69,,258190,26,,,1,28,,258178,26,,,1,70,,258179,26,,,1,30,,258180,26,,,1,70,,258181,26,,,1
10300,'103-Weekday-6-26-09-1111100',906,,258204,26,,,1,19,,258205,26,,,1,20,,258248,26,,,1,60,,258206,26,,,1,20,,258207,26,,,1,20,,258249,26,,,1,60,,258208,26,,,1,20,,258209,26,,,1,20,,258250,26,,,1,60,,258210,26,,,1,20,,258211,26,,,1,20,,258251,26,,,1,60,,258212,26,,,1,20,,258213,26,,,1,20,,258252,26,,,1,60,,258214,26,,,1,20,,258215,26,,,1,20,,258253,26,,,1,62,,258216,26,,,1,21,,258233,26,0,15 16,1,15,,258228,26,,,1,15,,258221,26,0,15 16,1,55,,258224,26,,,1,15,,258220,26,0,15 16,1,15,,258225,26,,,1,15,,258219,26,0,15 16,1,55,,258226,26,,,1,15,,258218,26,0,15 16,1,15,,258227,26,,,1,15,,258217,26,0,15 16,1,55,,258247,26,,,1,27,,258223,26,,,1,66,,258222,26,,,1,30,,258242,26,,,1,70,,258243,26,,,1,30,,258244,26,,,1,70,,258245,26,,,1,30,,258246,26,,,1,69,,258241,26,,,1,28,,258229,26,,,1,70,,258230,26,,,1,30,,258231,26,,,1,70,,258232,26,,,1
10300,'103-Weekday-7-26-09-1111100',906,,258255,26,,,1,19,,258256,26,,,1,20,,258299,26,,,1,60,,258257,26,,,1,20,,258258,26,,,1,20,,258300,26,,,1,60,,258259,26,,,1,20,,258260,26,,,1,20,,258301,26,,,1,60,,258261,26,,,1,20,,258262,26,,,1,20,,258302,26,,,1,60,,258263,26,,,1,20,,258264,26,,,1,20,,258303,26,,,1,60,,258265,26,,,1,20,,258266,26,,,1,20,,258304,26,,,1,62,,258267,26,,,1,21,,258284,26,0,15 16,1,15,,258279,26,,,1,15,,258272,26,0,15 16,1,55,,258275,26,,,1,15,,258271,26,0,15 16,1,15,,258276,26,,,1,15,,258270,26,0,15 16,1,55,,258277,26,,,1,15,,258269,26,0,15 16,1,15,,258278,26,,,1,15,,258268,26,0,15 16,1,55,,258298,26,,,1,27,,258274,26,,,1,66,,258273,26,,,1,30,,258293,26,,,1,70,,258294,26,,,1,30,,258295,26,,,1,70,,258296,26,,,1,30,,258297,26,,,1,69,,258292,26,,,1,28,,258280,26,,,1,70,,258281,26,,,1,30,,258282,26,,,1,70,,258283,26,,,1
10300,'103-Saturday-1-26-09-0000010',636,,214684,26,,,1,70,,214648,26,,,1,30,,214649,26,,,1,70,,214650,26,,,1,30,,214651,26,,,1,71,,214652,26,,,1,34,,214653,26,,,1,73,,214654,26,,,1,30,,214655,26,,,1,70,,214656,26,,,1,30,,214657,26,,,1,70,,214658,26,,,1,30,,214659,26,,,1,70,,214660,26,,,1,30,,214661,26,,,1,70,,214662,26,,,1,30,,214663,26,,,1,70,,214664,26,,,1,30,,214665,26,,,1,70,,214666,26,,,1,30,,214667,26,,,1,69,,214668,26,,,1,28,,214669,26,,,1,69,,214670,26,,,1,30,,214671,26,,,1,70,,214672,26,,,1,30,,214673,26,,,1,70,,214674,26,,,1,30,,214675,26,,,1,70,,214676,26,,,1,30,,214677,26,,,1,70,,214678,26,,,1,30,,214679,26,,,1,70,,214680,26,,,1,30,,214681,26,,,1,70,,214682,26,,,1,30,,214683,26,,,1
10300,'103-Sunday-1-26-09-0000001',631,,214685,26,,,1,70,,214686,26,,,1,30,,214687,26,,,1,70,,214688,26,,,1,30,,214689,26,,,1,71,,214690,26,,,1,32,,214721,26,,,1,74,,214691,26,,,1,30,,214692,26,,,1,70,,214693,26,,,1,30,,214694,26,,,1,70,,214695,26,,,1,30,,214696,26,,,1,70,,214697,26,,,1,30,,214698,26,,,1,70,,214699,26,,,1,30,,214700,26,,,1,70,,214701,26,,,1,30,,214702,26,,,1,70,,214703,26,,,1,30,,214704,26,,,1,70,,214705,26,,,1,26,,214706,26,,,1,67,,214707,26,,,1,30,,214708,26,,,1,70,,214709,26,,,1,30,,214710,26,,,1,70,,214711,26,,,1,30,,214712,26,,,1,70,,214713,26,,,1,30,,214714,26,,,1,70,,214715,26,,,1,30,,214716,26,,,1,70,,214717,26,,,1,30,,214718,26,,,1,70,,214719,26,,,1,30,,214720,26,,,1
12400,'124-Weekday-1-26-09-1111100',547,,220732,18,,,1,70,,220737,18,,,1,32,,220742,18,,,1,55,,220706,18,,,1,15,,220707,18,,,1,15,,220708,18,,,1,15,,220709,18,,,1,55,,220738,18,,,1,15,,220710,18,,,1,15,,220711,18,,,1,15,,220745,18,,,1,70,,220729,18,,,1,30,,220730,18,,,1,70,,220712,18,,,1,30,,220713,18,,,1,70,,220714,18,,,1,30,,220715,18,,,1,70,,220716,18,,,1,30,,220717,18,,,1,70,,220718,18,,,1,30,,220731,18,,,1,70,,220733,18,,,1,30,,220739,18,,,1,67,,220743,18,,,1,15,,220719,18,,,1,14,,220744,18,,,1,1,,220736,18,,,1,55,,220720,18,,,1,15,,220721,18,,,1,15,,220722,18,,,1,15,,220723,18,,,1,55,,220724,18,,,1,15,,220725,18,,,1,15,,220741,18,,,1,15,,220740,18,,,1,70,,220728,18,,,1,27,,220734,18,,,1,70,,220735,18,,,1,30,,220703,18,,,1,70,,220704,18,,,1,30,,220705,18,,,1,70,,220726,18,,,1,30,,220727,18,,,1
12400,'124-Weekday-2-26-09-1111100',547,,220775,18,,,1,70,,220780,18,,,1,32,,220785,18,,,1,55,,220749,18,,,1,15,,220750,18,,,1,15,,220751,18,,,1,15,,220752,18,,,1,55,,220781,18,,,1,15,,220753,18,,,1,15,,220754,18,,,1,15,,220788,18,,,1,70,,220772,18,,,1,30,,220773,18,,,1,70,,220755,18,,,1,30,,220756,18,,,1,70,,220757,18,,,1,30,,220758,18,,,1,70,,220759,18,,,1,30,,220760,18,,,1,70,,220761,18,,,1,30,,220774,18,,,1,70,,220776,18,,,1,30,,220782,18,,,1,67,,220786,18,,,1,15,,220762,18,,,1,14,,220787,18,,,1,1,,220779,18,,,1,55,,220763,18,,,1,15,,220764,18,,,1,15,,220765,18,,,1,15,,220766,18,,,1,55,,220767,18,,,1,15,,220768,18,,,1,15,,220784,18,,,1,15,,220783,18,,,1,70,,220771,18,,,1,27,,220777,18,,,1,70,,220778,18,,,1,30,,220746,18,,,1,70,,220747,18,,,1,30,,220748,18,,,1,70,,220769,18,,,1,30,,220770,18,,,1
12400,'124-Weekday-3-26-09-1111100',547,,264051,18,,,1,70,,264056,18,,,1,32,,264061,18,,,1,55,,264025,18,,,1,15,,264026,18,,,1,15,,264027,18,,,1,15,,264028,18,,,1,55,,264057,18,,,1,15,,264029,18,,,1,15,,264030,18,,,1,15,,264063,18,,,1,70,,264048,18,,,1,30,,264049,18,,,1,70,,264031,18,,,1,30,,264032,18,,,1,70,,264033,18,,,1,30,,264034,18,,,1,70,,264035,18,,,1,30,,264036,18,,,1,70,,264037,18,,,1,30,,264050,18,,,1,70,,264052,18,,,1,30,,264058,18,,,1,67,,264062,18,,,1,15,,264038,18,,,1,15,,264055,18,,,1,55,,264039,18,,,1,15,,264040,18,,,1,15,,264041,18,,,1,15,,264042,18,,,1,55,,264043,18,,,1,15,,264044,18,,,1,15,,264060,18,,,1,15,,264059,18,,,1,70,,264047,18,,,1,27,,264053,18,,,1,70,,264054,18,,,1,30,,264022,18,,,1,70,,264023,18,,,1,30,,264024,18,,,1,70,,264045,18,,,1,30,,264046,18,,,1
12400,'124-Weekday-4-26-09-1111100',547,,220818,18,,,1,70,,220823,18,,,1,32,,220828,18,,,1,55,,220792,18,,,1,15,,220793,18,,,1,15,,220794,18,,,1,15,,220795,18,,,1,55,,220824,18,,,1,15,,220796,18,,,1,15,,220797,18,,,1,15,,220830,18,,,1,70,,220815,18,,,1,30,,220816,18,,,1,70,,220798,18,,,1,30,,220799,18,,,1,70,,220800,18,,,1,30,,220801,18,,,1,70,,220802,18,,,1,30,,220803,18,,,1,70,,220804,18,,,1,30,,220817,18,,,1,70,,220819,18,,,1,30,,220825,18,,,1,67,,220829,18,,,1,15,,220805,18,,,1,15,,220822,18,,,1,55,,220806,18,,,1,15,,220807,18,,,1,15,,220808,18,,,1,15,,220809,18,,,1,55,,220810,18,,,1,15,,220811,18,,,1,15,,220827,18,,,1,15,,220826,18,,,1,70,,220814,18,,,1,27,,220820,18,,,1,70,,220821,18,,,1,30,,220789,18,,,1,70,,220790,18,,,1,30,,220791,18,,,1,70,,220812,18,,,1,30,,220813,18,,,1
12400,'124-Weekday-5-26-09-1111100',547,,264093,18,,,1,70,,264098,18,,,1,32,,264103,18,,,1,55,,264067,18,,,1,15,,264068,18,,,1,15,,264069,18,,,1,15,,264070,18,,,1,55,,264099,18,,,1,15,,264071,18,,,1,15,,264072,18,,,1,15,,264105,18,,,1,70,,264090,18,,,1,30,,264091,18,,,1,70,,264073,18,,,1,30,,264074,18,,,1,70,,264075,18,,,1,30,,264076,18,,,1,70,,264077,18,,,1,30,,264078,18,,,1,70,,264079,18,,,1,30,,264092,18,,,1,70,,264094,18,,,1,30,,264100,18,,,1,67,,264104,18,,,1,15,,264080,18,,,1,15,,264097,18,,,1,55,,264081,18,,,1,15,,264082,18,,,1,15,,264083,18,,,1,15,,264084,18,,,1,55,,264085,18,,,1,15,,264086,18,,,1,15,,264102,18,,,1,15,,264101,18,,,1,70,,264089,18,,,1,27,,264095,18,,,1,70,,264096,18,,,1,30,,264064,18,,,1,70,,264065,18,,,1,30,,264066,18,,,1,70,,264087,18,,,1,30,,264088,18,,,1
12400,'124-Weekday-6-26-09-1111100',547,,264135,18,,,1,70,,264140,18,,,1,32,,264145,18,,,1,55,,264109,18,,,1,15,,264110,18,,,1,15,,264111,18,,,1,15,,264112,18,,,1,55,,264141,18,,,1,15,,264113,18,,,1,15,,264114,18,,,1,15,,264148,18,,,1,70,,264132,18,,,1,30,,264133,18,,,1,70,,264115,18,,,1,30,,264116,18,,,1,70,,264117,18,,,1,30,,264118,18,,,1,70,,264119,18,,,1,30,,264120,18,,,1,70,,264121,18,,,1,30,,264134,18,,,1,70,,264136,18,,,1,30,,264142,18,,,1,67,,264146,18,,,1,15,,264122,18,,,1,14,,264147,18,,,1,1,,264139,18,,,1,55,,264123,18,,,1,15,,264124,18,,,1,15,,264125,18,,,1,15,,264126,18,,,1,55,,264127,18,,,1,15,,264128,18,,,1,15,,264144,18,,,1,15,,264143,18,,,1,70,,264131,18,,,1,27,,264137,18,,,1,70,,264138,18,,,1,30,,264106,18,,,1,70,,264107,18,,,1,30,,264108,18,,,1,70,,264129,18,,,1,30,,264130,18,,,1
12400,'124-Weekday-7-26-09-1111100',547,,264178,18,,,1,70,,264183,18,,,1,32,,264188,18,,,1,55,,264152,18,,,1,15,,264153,18,,,1,15,,264154,18,,,1,15,,264155,18,,,1,55,,264184,18,,,1,15,,264156,18,,,1,15,,264157,18,,,1,15,,264190,18,,,1,70,,264175,18,,,1,30,,264176,18,,,1,70,,264158,18,,,1,30,,264159,18,,,1,70,,264160,18,,,1,30,,264161,18,,,1,70,,264162,18,,,1,30,,264163,18,,,1,70,,264164,18,,,1,30,,264177,18,,,1,70,,264179,18,,,1,30,,264185,18,,,1,67,,264189,18,,,1,15,,264165,18,,,1,15,,264182,18,,,1,55,,264166,18,,,1,15,,264167,18,,,1,15,,264168,18,,,1,15,,264169,18,,,1,55,,264170,18,,,1,15,,264171,18,,,1,15,,264187,18,,,1,15,,264186,18,,,1,70,,264174,18,,,1,27,,264180,18,,,1,70,,264181,18,,,1,30,,264149,18,,,1,70,,264150,18,,,1,30,,264151,18,,,1,70,,264172,18,,,1,30,,264173,18,,,1
12400,'124-Saturday-1-26-09-0000010',758,,220831,18,,,1,70,,220832,18,,,1,30,,220833,18,,,1,70,,220834,18,,,1,30,,220835,18,,,1,70,,220836,18,,,1,30,,220837,18,,,1,70,,220838,18,,,1,30,,220839,18,,,1,70,,220840,18,,,1,30,,220841,18,,,1,70,,220842,18,,,1,30,,220843,18,,,1,70,,220844,18,,,1,30,,220845,18,,,1,70,,220846,18,,,1,30,,220847,18,,,1,70,,220848,18,,,1,30,,220849,18,,,1,70,,220850,18,,,1,30,,220851,18,,,1,70,,220852,18,,,1,30,,220853,18,,,1
12400,'124-Sunday-1-26-09-0000001',1016,,220854,18,,,1,27,,220855,18,,,1,70,,220856,18,,,1,30,,220857,18,,,1,70,,220858,18,,,1,30,,220859,18,,,1,70,,220860,18,,,1,30,,220861,18,,,1,70,,220862,18,,,1,30,,220863,18,,,1,70,,220864,18,,,1,30,,220865,18,,,1,70,,220866,18,,,1,31,,220867,18,,,1,70,,220868,18,,,1,30,,220869,18,,,1,70,,220870,18,,,1,33,,220871,18,,,1,70,,220872,18,,,1
24014000,'140X-Weekday-1-26-09-1111100',1517,,245037,11,,,1,20,,245038,11,,,1,21,,245039,11,,,1,61,,245040,11,,,1,20,,245041,11,,,1,19,,245042,11,,,1,58,,245043,11,,,1,18,,245044,11,,,1
24014000,'140X-Weekday-2-26-09-1111100',1517,,245045,11,,,1,20,,245046,11,,,1,21,,245047,11,,,1,61,,245048,11,,,1,20,,245049,11,,,1,19,,245050,11,,,1,58,,245051,11,,,1,18,,245052,11,,,1
24014000,'140X-Weekday-3-26-09-1111100',1517,,287530,11,,,1,20,,287531,11,,,1,21,,287532,11,,,1,61,,287533,11,,,1,20,,287534,11,,,1,19,,287535,11,,,1,58,,287536,11,,,1,18,,287537,11,,,1
24014000,'140X-Weekday-4-26-09-1111100',1517,,245053,11,,,1,20,,245054,11,,,1,21,,245055,11,,,1,61,,245056,11,,,1,20,,245057,11,,,1,19,,245058,11,,,1,58,,245059,11,,,1,18,,245060,11,,,1
24014000,'140X-Weekday-5-26-09-1111100',1517,,287538,11,,,1,20,,287539,11,,,1,21,,287540,11,,,1,61,,287541,11,,,1,20,,287542,11,,,1,19,,287543,11,,,1,58,,287544,11,,,1,18,,287545,11,,,1
24014000,'140X-Weekday-6-26-09-1111100',1517,,287546,11,,,1,20,,287547,11,,,1,21,,287548,11,,,1,61,,287549,11,,,1,20,,287550,11,,,1,19,,287551,11,,,1,58,,287552,11,,,1,18,,287553,11,,,1
24014000,'140X-Weekday-7-26-09-1111100',1517,,287554,11,,,1,20,,287555,11,,,1,21,,287556,11,,,1,61,,287557,11,,,1,20,,287558,11,,,1,19,,287559,11,,,1,58,,287560,11,,,1,18,,287561,11,,,1
