5101,'051-Weekday-1-26-09-1111100',532,,211141,16,,,1,70,,211142,16,,,1,30,,211164,16,,,1,22,,211152,16,,,1,50,,211165,16,,,1,10,,211143,16,,,1,10,,211166,16,,,1,10,,211144,16,,,1,10,,211167,16,,,1,10,,211145,16,,,1,47,,211176,16,,,1,3,,211168,16,,,1,10,,211146,16,,,1,5,,211177,16,,,1,5,,211127,16,,,1,10,,211147,16,,,1,13,,211169,16,,,1,53,,211170,16,,,1,12,,211140,16,,,1,20,,211171,16,,,1,20,,211128,16,,,1,60,,211148,16,,,1,8,,211178,16,,,1,12,,211172,16,,,1,20,,211129,16,,,1,60,,211130,16,,,1,20,,211173,16,,,1,20,,211149,16,,,1,60,,211131,16,,,1,20,,211174,16,,,1,20,,211132,16,,,1,60,,211150,16,,,1,20,,211175,16,,,1,20,,211133,16,,,1,60,,211151,16,,,1,20,,211162,16,,,1,70,,211134,16,,,1,30,,211135,16,,,1,70,,211136,16,,,1,30,,211137,16,,,1,70,,211138,16,,,1,30,,211163,16,,,1,70,,211154,16,,,1,30,,211155,16,,,1,69,,211156,16,,,1,30,,211157,16,,,1,70,,211158,16,,,1,30,,211159,16,,,1,70,,211160,16,,,1,30,,211161,16,,,1,70,,211139,16,,,1,100,,211153,16,,,1
5101,'051-Weekday-2-26-09-1111100',532,,211193,16,,,1,70,,211194,16,,,1,30,,211216,16,,,1,22,,211204,16,,,1,50,,211217,16,,,1,10,,211195,16,,,1,10,,211218,16,,,1,10,,211196,16,,,1,10,,211219,16,,,1,10,,211197,16,,,1,47,,211228,16,,,1,3,,211220,16,,,1,10,,211198,16,,,1,5,,211229,16,,,1,5,,211179,16,,,1,10,,211199,16,,,1,13,,211221,16,,,1,53,,211222,16,,,1,12,,211192,16,,,1,20,,211223,16,,,1,20,,211180,16,,,1,60,,211200,16,,,1,8,,211230,16,,,1,12,,211224,16,,,1,20,,211181,16,,,1,60,,211182,16,,,1,20,,211225,16,,,1,20,,211201,16,,,1,60,,211183,16,,,1,20,,211226,16,,,1,20,,211184,16,,,1,60,,211202,16,,,1,20,,211227,16,,,1,20,,211185,16,,,1,60,,211203,16,,,1,20,,211214,16,,,1,70,,211186,16,,,1,30,,211187,16,,,1,70,,211188,16,,,1,30,,211189,16,,,1,70,,211190,16,,,1,30,,211215,16,,,1,70,,211206,16,,,1,30,,211207,16,,,1,69,,211208,16,,,1,30,,211209,16,,,1,70,,211210,16,,,1,30,,211211,16,,,1,70,,211212,16,,,1,30,,211213,16,,,1,70,,211191,16,,,1,100,,211205,16,,,1
5101,'051-Weekday-3-26-09-1111100',532,,254417,16,,,1,70,,254418,16,,,1,30,,254440,16,,,1,22,,254428,16,,,1,50,,254441,16,,,1,10,,254419,16,,,1,10,,254442,16,,,1,10,,254420,16,,,1,10,,254443,16,,,1,10,,254421,16,,,1,47,,254452,16,,,1,3,,254444,16,,,1,10,,254422,16,,,1,5,,254453,16,,,1,5,,254403,16,,,1,10,,254423,16,,,1,13,,254445,16,,,1,53,,254446,16,,,1,12,,254416,16,,,1,20,,254447,16,,,1,20,,254404,16,,,1,60,,254424,16,,,1,8,,254454,16,,,1,12,,254448,16,,,1,20,,254405,16,,,1,60,,254406,16,,,1,20,,254449,16,,,1,20,,254425,16,,,1,60,,254407,16,,,1,20,,254450,16,,,1,20,,254408,16,,,1,60,,254426,16,,,1,20,,254451,16,,,1,20,,254409,16,,,1,60,,254427,16,,,1,20,,254438,16,,,1,70,,254410,16,,,1,30,,254411,16,,,1,70,,254412,16,,,1,30,,254413,16,,,1,70,,254414,16,,,1,30,,254439,16,,,1,70,,254430,16,,,1,30,,254431,16,,,1,69,,254432,16,,,1,30,,254433,16,,,1,70,,254434,16,,,1,30,,254435,16,,,1,70,,254436,16,,,1,30,,254437,16,,,1,70,,254415,16,,,1,100,,254429,16,,,1
5101,'051-Weekday-4-26-09-1111100',532,,211245,16,,,1,70,,211246,16,,,1,30,,211268,16,,,1,22,,211256,16,,,1,50,,211269,16,,,1,10,,211247,16,,,1,10,,211270,16,,,1,10,,211248,16,,,1,10,,211271,16,,,1,10,,211249,16,,,1,50,,211272,16,,,1,10,,211250,16,,,1,10,,211231,16,,,1,10,,211251,16,,,1,13,,211273,16,,,1,53,,211274,16,,,1,12,,211244,16,,,1,20,,211275,16,,,1,20,,211232,16,,,1,60,,211252,16,,,1,8,,211280,16,,,1,12,,211276,16,,,1,20,,211233,16,,,1,60,,211234,16,,,1,20,,211277,16,,,1,20,,211253,16,,,1,60,,211235,16,,,1,20,,211278,16,,,1,20,,211236,16,,,1,60,,211254,16,,,1,20,,211279,16,,,1,20,,211237,16,,,1,60,,211255,16,,,1,20,,211266,16,,,1,70,,211238,16,,,1,30,,211239,16,,,1,70,,211240,16,,,1,30,,211241,16,,,1,70,,211242,16,,,1,30,,211267,16,,,1,70,,211258,16,,,1,30,,211259,16,,,1,69,,211260,16,,,1,30,,211261,16,,,1,70,,211262,16,,,1,30,,211263,16,,,1,70,,211264,16,,,1,30,,211265,16,,,1,70,,211243,16,,,1,100,,211257,16,,,1
5101,'051-Weekday-5-26-09-1111100',532,,254469,16,,,1,70,,254470,16,,,1,30,,254492,16,,,1,22,,254480,16,,,1,50,,254493,16,,,1,10,,254471,16,,,1,10,,254494,16,,,1,10,,254472,16,,,1,10,,254495,16,,,1,10,,254473,16,,,1,50,,254496,16,,,1,10,,254474,16,,,1,10,,254455,16,,,1,10,,254475,16,,,1,13,,254497,16,,,1,53,,254498,16,,,1,12,,254468,16,,,1,20,,254499,16,,,1,20,,254456,16,,,1,60,,254476,16,,,1,8,,254504,16,,,1,12,,254500,16,,,1,20,,254457,16,,,1,60,,254458,16,,,1,20,,254501,16,,,1,20,,254477,16,,,1,60,,254459,16,,,1,20,,254502,16,,,1,20,,254460,16,,,1,60,,254478,16,,,1,20,,254503,16,,,1,20,,254461,16,,,1,60,,254479,16,,,1,20,,254490,16,,,1,70,,254462,16,,,1,30,,254463,16,,,1,70,,254464,16,,,1,30,,254465,16,,,1,70,,254466,16,,,1,30,,254491,16,,,1,70,,254482,16,,,1,30,,254483,16,,,1,69,,254484,16,,,1,30,,254485,16,,,1,70,,254486,16,,,1,30,,254487,16,,,1,70,,254488,16,,,1,30,,254489,16,,,1,70,,254467,16,,,1,100,,254481,16,,,1
5101,'051-Weekday-6-26-09-1111100',532,,254519,16,,,1,70,,254520,16,,,1,30,,254542,16,,,1,22,,254530,16,,,1,50,,254543,16,,,1,10,,254521,16,,,1,10,,254544,16,,,1,10,,254522,16,,,1,10,,254545,16,,,1,10,,254523,16,,,1,47,,254554,16,,,1,3,,254546,16,,,1,10,,254524,16,,,1,5,,254555,16,,,1,5,,254505,16,,,1,10,,254525,16,,,1,13,,254547,16,,,1,53,,254548,16,,,1,12,,254518,16,,,1,20,,254549,16,,,1,20,,254506,16,,,1,60,,254526,16,,,1,20,,254550,16,,,1,20,,254507,16,,,1,60,,254508,16,,,1,20,,254551,16,,,1,20,,254527,16,,,1,60,,254509,16,,,1,20,,254552,16,,,1,20,,254510,16,,,1,60,,254528,16,,,1,20,,254553,16,,,1,20,,254511,16,,,1,60,,254529,16,,,1,20,,254540,16,,,1,70,,254512,16,,,1,30,,254513,16,,,1,70,,254514,16,,,1,30,,254515,16,,,1,70,,254516,16,,,1,30,,254541,16,,,1,70,,254532,16,,,1,30,,254533,16,,,1,69,,254534,16,,,1,30,,254535,16,,,1,70,,254536,16,,,1,30,,254537,16,,,1,70,,254538,16,,,1,30,,254539,16,,,1,70,,254517,16,,,1,100,,254531,16,,,1
5101,'051-Weekday-7-26-09-1111100',532,,254570,16,,,1,70,,254571,16,,,1,30,,254593,16,,,1,22,,254581,16,,,1,50,,254594,16,,,1,10,,254572,16,,,1,10,,254595,16,,,1,10,,254573,16,,,1,10,,254596,16,,,1,10,,254574,16,,,1,50,,254597,16,,,1,10,,254575,16,,,1,10,,254556,16,,,1,10,,254576,16,,,1,13,,254598,16,,,1,53,,254599,16,,,1,12,,254569,16,,,1,20,,254600,16,,,1,20,,254557,16,,,1,60,,254577,16,,,1,20,,254601,16,,,1,20,,254558,16,,,1,60,,254559,16,,,1,20,,254602,16,,,1,20,,254578,16,,,1,60,,254560,16,,,1,20,,254603,16,,,1,20,,254561,16,,,1,60,,254579,16,,,1,20,,254604,16,,,1,20,,254562,16,,,1,60,,254580,16,,,1,20,,254591,16,,,1,70,,254563,16,,,1,30,,254564,16,,,1,70,,254565,16,,,1,30,,254566,16,,,1,70,,254567,16,,,1,30,,254592,16,,,1,70,,254583,16,,,1,30,,254584,16,,,1,69,,254585,16,,,1,30,,254586,16,,,1,70,,254587,16,,,1,30,,254588,16,,,1,70,,254589,16,,,1,30,,254590,16,,,1,70,,254568,16,,,1,100,,254582,16,,,1
5101,'051-Saturday-1-26-09-0000010',611,,211281,16,,,1,100,,211282,16,,,1,100,,211283,16,,,1,30,,211284,16,,,1,70,,211285,16,,,1,30,,211286,16,,,1,70,,211287,16,,,1,30,,211288,16,,,1,70,,211289,16,,,1,30,,211290,16,,,1,70,,211291,16,,,1,30,,211292,16,,,1,70,,211293,16,,,1,30,,211294,16,,,1,70,,211295,16,,,1,30,,211296,16,,,1,70,,211297,16,,,1,30,,211298,16,,,1,70,,211299,16,,,1,30,,211300,16,,,1,69,,211301,16,,,1,30,,211302,16,,,1,70,,211303,16,,,1,30,,211304,16,,,1,70,,211305,16,,,1,100,,211306,16,,,1,100,,211307,16,,,1,100,,211308,16,,,1
5101,'051-Sunday-1-26-09-0000001',711,,211328,16,,,1,100,,211329,16,,,1,101,,211330,16,,,1,30,,211333,16,,,1,70,,211309,16,,,1,30,,211310,16,,,1,70,,211311,16,,,1,30,,211312,16,,,1,70,,211313,16,,,1,30,,211314,16,,,1,70,,211315,16,,,1,30,,211316,16,,,1,70,,211317,16,,,1,30,,211318,16,,,1,70,,211319,16,,,1,30,,211320,16,,,1,70,,211321,16,,,1,30,,211322,16,,,1,69,,211323,16,,,1,30,,211324,16,,,1,70,,211325,16,,,1,30,,211326,16,,,1,70,,211327,16,,,1,100,,211331,16,,,1,100,,211332,16,,,1,100,,211334,16,,,1
10301,'103-Weekday-1-26-09-1110100',1534,,214722,19,,,1
10301,'103-Weekday-1-26-09-1111100',553,,214723,36,,,1,70,,214724,36,,,1,18,,214725,19,,,1,15,,214760,36,,,1,55,,214726,19,,,1,15,,214761,36,,,1,15,,214727,19,,,1,15,,214762,36,,,1,55,,214728,19,,,1,15,,214763,36,,,1,15,,214729,19,,,1,9,,214766,36,,,1,64,,214730,36,,,1,19,,214731,36,,,1,20,,214732,36,,,1,60,,214733,36,,,1,20,,214767,36,,,1,20,,214734,36,,,1,60,,214735,36,,,1,20,,214768,36,,,1,20,,214736,36,,,1,60,,214737,36,,,1,20,,214769,36,,,1,20,,214738,36,,,1,60,,214739,36,,,1,20,,214770,36,,,1,20,,214740,36,,,1,60,,214741,36,,,1,20,,214771,36,,,1,20,,214742,36,,,1,64,,214764,36,,,1,24,,214759,36,,,1,70,,214758,36,,,1,30,,214757,36,,,1,70,,214756,36,,,1,30,,214755,36,,,1,70,,214765,36,,,1,27,,214743,36,,,1,69,,214744,36,,,1,30,,214745,36,,,1,70,,214746,36,,,1,30,,214747,36,,,1,70,,214748,36,,,1,30,,214749,36,,,1,69,,214750,36,,,1,29,,214751,36,,,1,73,,214752,36,,,1,30,,214753,36,,,1,70,,214754,36,,,1
10301,'103-Weekday-2-26-09-1111100',553,,214773,36,,,1,70,,214774,36,,,1,18,,214775,19,,,1,15,,214810,36,,,1,55,,214776,19,,,1,15,,214811,36,,,1,15,,214777,19,,,1,15,,214812,36,,,1,55,,214778,19,,,1,15,,214813,36,,,1,15,,214779,19,,,1,9,,214816,36,,,1,64,,214780,36,,,1,19,,214781,36,,,1,20,,214782,36,,,1,60,,214783,36,,,1,20,,214817,36,,,1,20,,214784,36,,,1,60,,214785,36,,,1,20,,214818,36,,,1,20,,214786,36,,,1,60,,214787,36,,,1,20,,214819,36,,,1,20,,214788,36,,,1,60,,214789,36,,,1,20,,214820,36,,,1,20,,214790,36,,,1,60,,214791,36,,,1,20,,214821,36,,,1,20,,214792,36,,,1,64,,214814,36,,,1,24,,214809,36,,,1,70,,214808,36,,,1,30,,214807,36,,,1,70,,214806,36,,,1,30,,214805,36,,,1,70,,214815,36,,,1,27,,214793,36,,,1,69,,214794,36,,,1,30,,214795,36,,,1,70,,214796,36,,,1,30,,214797,36,,,1,70,,214798,36,,,1,30,,214799,36,,,1,69,,214800,36,,,1,29,,214801,36,,,1,73,,214802,36,,,1,30,,214803,36,,,1,70,,214804,36,,,1
10301,'103-Weekday-3-26-09-1110100',1534,,258305,19,,,1
10301,'103-Weekday-3-26-09-1111100',553,,258306,36,,,1,70,,258307,36,,,1,18,,258308,19,,,1,15,,258343,36,,,1,55,,258309,19,,,1,15,,258344,36,,,1,15,,258310,19,,,1,15,,258345,36,,,1,55,,258311,19,,,1,15,,258346,36,,,1,15,,258312,19,,,1,9,,258349,36,,,1,64,,258313,36,,,1,19,,258314,36,,,1,20,,258315,36,,,1,60,,258316,36,,,1,20,,258350,36,,,1,20,,258317,36,,,1,60,,258318,36,,,1,20,,258351,36,,,1,20,,258319,36,,,1,60,,258320,36,,,1,20,,258352,36,,,1,20,,258321,36,,,1,60,,258322,36,,,1,20,,258353,36,,,1,20,,258323,36,,,1,60,,258324,36,,,1,20,,258354,36,,,1,20,,258325,36,,,1,64,,258347,36,,,1,24,,258342,36,,,1,70,,258341,36,,,1,30,,258340,36,,,1,70,,258339,36,,,1,30,,258338,36,,,1,70,,258348,36,,,1,27,,258326,36,,,1,69,,258327,36,,,1,30,,258328,36,,,1,70,,258329,36,,,1,30,,258330,36,,,1,70,,258331,36,,,1,30,,258332,36,,,1,69,,258333,36,,,1,29,,258334,36,,,1,73,,258335,36,,,1,30,,258336,36,,,1,70,,258337,36,,,1
10301,'103-Weekday-4-26-09-1111100',553,,214822,36,,,1,70,,214823,36,,,1,18,,214824,19,,,1,15,,214859,36,,,1,55,,214825,19,,,1,15,,214860,36,,,1,15,,214826,19,,,1,15,,214861,36,,,1,55,,214827,19,,,1,15,,214862,36,,,1,15,,214828,19,,,1,9,,214865,36,,,1,64,,214829,36,,,1,19,,214830,36,,,1,20,,214831,36,,,1,60,,214832,36,,,1,20,,214866,36,,,1,20,,214833,36,,,1,60,,214834,36,,,1,20,,214867,36,,,1,20,,214835,36,,,1,60,,214836,36,,,1,20,,214868,36,,,1,20,,214837,36,,,1,60,,214838,36,,,1,20,,214869,36,,,1,20,,214839,36,,,1,60,,214840,36,,,1,20,,214870,36,,,1,20,,214841,36,,,1,64,,214863,36,,,1,24,,214858,36,,,1,70,,214857,36,,,1,30,,214856,36,,,1,70,,214855,36,,,1,30,,214854,36,,,1,70,,214864,36,,,1,27,,214842,36,,,1,69,,214843,36,,,1,30,,214844,36,,,1,70,,214845,36,,,1,30,,214846,36,,,1,70,,214847,36,,,1,30,,214848,36,,,1,69,,214849,36,,,1,29,,214850,36,,,1,73,,214851,36,,,1,30,,214852,36,,,1,70,,214853,36,,,1
10301,'103-Weekday-5-26-09-1111100',553,,258356,36,,,1,70,,258357,36,,,1,18,,258358,19,,,1,15,,258393,36,,,1,55,,258359,19,,,1,15,,258394,36,,,1,15,,258360,19,,,1,15,,258395,36,,,1,55,,258361,19,,,1,15,,258396,36,,,1,15,,258362,19,,,1,9,,258399,36,,,1,64,,258363,36,,,1,19,,258364,36,,,1,20,,258365,36,,,1,60,,258366,36,,,1,20,,258400,36,,,1,20,,258367,36,,,1,60,,258368,36,,,1,20,,258401,36,,,1,20,,258369,36,,,1,60,,258370,36,,,1,20,,258402,36,,,1,20,,258371,36,,,1,60,,258372,36,,,1,20,,258403,36,,,1,20,,258373,36,,,1,60,,258374,36,,,1,20,,258404,36,,,1,20,,258375,36,,,1,64,,258397,36,,,1,24,,258392,36,,,1,70,,258391,36,,,1,30,,258390,36,,,1,70,,258389,36,,,1,30,,258388,36,,,1,70,,258398,36,,,1,27,,258376,36,,,1,69,,258377,36,,,1,30,,258378,36,,,1,70,,258379,36,,,1,30,,258380,36,,,1,70,,258381,36,,,1,30,,258382,36,,,1,69,,258383,36,,,1,29,,258384,36,,,1,73,,258385,36,,,1,30,,258386,36,,,1,70,,258387,36,,,1
10301,'103-Weekday-6-26-09-1110100',1534,,258405,19,,,1
10301,'103-Weekday-6-26-09-1111100',553,,258406,36,,,1,70,,258407,36,,,1,18,,258408,19,,,1,15,,258443,36,,,1,55,,258409,19,,,1,15,,258444,36,,,1,15,,258410,19,,,1,15,,258445,36,,,1,55,,258411,19,,,1,15,,258446,36,,,1,15,,258412,19,,,1,9,,258449,36,,,1,64,,258413,36,,,1,19,,258414,36,,,1,20,,258415,36,,,1,60,,258416,36,,,1,20,,258450,36,,,1,20,,258417,36,,,1,60,,258418,36,,,1,20,,258451,36,,,1,20,,258419,36,,,1,60,,258420,36,,,1,20,,258452,36,,,1,20,,258421,36,,,1,60,,258422,36,,,1,20,,258453,36,,,1,20,,258423,36,,,1,60,,258424,36,,,1,20,,258454,36,,,1,20,,258425,36,,,1,64,,258447,36,,,1,24,,258442,36,,,1,70,,258441,36,,,1,30,,258440,36,,,1,70,,258439,36,,,1,30,,258438,36,,,1,70,,258448,36,,,1,27,,258426,36,,,1,69,,258427,36,,,1,30,,258428,36,,,1,70,,258429,36,,,1,30,,258430,36,,,1,70,,258431,36,,,1,30,,258432,36,,,1,69,,258433,36,,,1,29,,258434,36,,,1,73,,258435,36,,,1,30,,258436,36,,,1,70,,258437,36,,,1
10301,'103-Weekday-7-26-09-1111100',553,,258456,36,,,1,70,,258457,36,,,1,18,,258458,19,,,1,15,,258493,36,,,1,55,,258459,19,,,1,15,,258494,36,,,1,15,,258460,19,,,1,15,,258495,36,,,1,55,,258461,19,,,1,15,,258496,36,,,1,15,,258462,19,,,1,9,,258499,36,,,1,64,,258463,36,,,1,19,,258464,36,,,1,20,,258465,36,,,1,60,,258466,36,,,1,20,,258500,36,,,1,20,,258467,36,,,1,60,,258468,36,,,1,20,,258501,36,,,1,20,,258469,36,,,1,60,,258470,36,,,1,20,,258502,36,,,1,20,,258471,36,,,1,60,,258472,36,,,1,20,,258503,36,,,1,20,,258473,36,,,1,60,,258474,36,,,1,20,,258504,36,,,1,20,,258475,36,,,1,64,,258497,36,,,1,24,,258492,36,,,1,70,,258491,36,,,1,30,,258490,36,,,1,70,,258489,36,,,1,30,,258488,36,,,1,70,,258498,36,,,1,27,,258476,36,,,1,69,,258477,36,,,1,30,,258478,36,,,1,70,,258479,36,,,1,30,,258480,36,,,1,70,,258481,36,,,1,30,,258482,36,,,1,69,,258483,36,,,1,29,,258484,36,,,1,73,,258485,36,,,1,30,,258486,36,,,1,70,,258487,36,,,1
10301,'103-Saturday-1-26-09-0000010',626,,214871,36,,,1,30,,214872,36,,,1,70,,214873,36,,,1,30,,214874,36,,,1,70,,214875,36,,,1,30,,214876,36,,,1,70,,214877,36,,,1,30,,214878,36,,,1,70,,214879,36,,,1,30,,214880,36,,,1,70,,214881,36,,,1,30,,214882,36,,,1,70,,214883,36,,,1,30,,214884,36,,,1,70,,214885,36,,,1,30,,214886,36,,,1,70,,214887,36,,,1,30,,214888,36,,,1,70,,214889,36,,,1,30,,214890,36,,,1,70,,214891,36,,,1,30,,214892,36,,,1,71,,214893,36,,,1,30,,214894,36,,,1,70,,214895,36,,,1,30,,214896,36,,,1,70,,214897,36,,,1,30,,214898,36,,,1,70,,214899,36,,,1,30,,214900,36,,,1,70,,214901,36,,,1,30,,214902,36,,,1,70,,214903,36,,,1,30,,214904,36,,,1,70,,214905,36,,,1,30,,214906,36,,,1,70,,214907,36,,,1
10301,'103-Sunday-1-26-09-0000001',620,,214908,36,,,1,30,,214909,36,,,1,70,,214910,36,,,1,30,,214911,36,,,1,70,,214912,36,,,1,30,,214913,36,,,1,68,,214914,36,,,1,33,,214915,36,,,1,70,,214916,36,,,1,30,,214917,36,,,1,70,,214918,36,,,1,30,,214919,36,,,1,70,,214920,36,,,1,30,,214921,36,,,1,70,,214922,36,,,1,30,,214923,36,,,1,70,,214924,36,,,1,30,,214925,36,,,1,70,,214926,36,,,1,30,,214927,36,,,1,70,,214928,36,,,1,30,,214929,36,,,1,70,,214930,36,,,1,30,,214931,36,,,1,70,,214932,36,,,1,30,,214933,36,,,1,70,,214934,36,,,1,30,,214935,36,,,1,70,,214936,36,,,1,30,,214937,36,,,1,70,,214938,36,,,1,30,,214939,36,,,1,70,,214940,36,,,1,30,,214941,36,,,1,70,,214942,36,,,1,30,,214943,36,,,1,70,,214944,36,,,1
12401,'124-Weekday-1-26-09-1111100',545,,220879,36,,,1,70,,220917,36,,,1,35,,220874,36,,,1,57,,220902,36,,,1,15,,220903,36,,,1,15,,220904,36,,,1,15,,220905,36,,,1,53,,220914,24,,,1,2,,220906,36,,,1,7,,220915,24,,,1,8,,220907,36,,,1,15,,220908,36,,,1,15,,220909,36,,,1,68,,220875,36,,,1,29,,220876,36,,,1,70,,220877,36,,,1,30,,220878,36,,,1,70,,220895,36,,,1,30,,220901,36,,,1,70,,220900,36,,,1,30,,220899,36,,,1,70,,220898,36,,,1,30,,220889,36,,,1,70,,220897,36,,,1,30,,220896,36,,,1,71,,220916,36,,,1,16,,220913,36,,,1,15,,220912,36,,,1,55,,220880,36,,,1,15,,220881,36,,,1,15,,220882,36,,,1,15,,220883,36,,,1,55,,220884,36,,,1,15,,220885,36,,,1,15,,220886,36,,,1,15,,220887,36,,,1,55,,220873,36,,,1,31,,220910,36,,,1,71,,220911,36,,,1,30,,220888,36,,,1,70,,220894,36,,,1,30,,220893,36,,,1,70,,220892,36,,,1,30,,220891,36,,,1,69,,220890,36,,,1
12401,'124-Weekday-2-26-09-1111100',545,,220924,36,,,1,70,,220962,36,,,1,35,,220919,36,,,1,57,,220947,36,,,1,15,,220948,36,,,1,15,,220949,36,,,1,15,,220950,36,,,1,53,,220959,24,,,1,2,,220951,36,,,1,7,,220960,24,,,1,8,,220952,36,,,1,15,,220953,36,,,1,15,,220954,36,,,1,68,,220920,36,,,1,29,,220921,36,,,1,70,,220922,36,,,1,30,,220923,36,,,1,70,,220940,36,,,1,30,,220946,36,,,1,70,,220945,36,,,1,30,,220944,36,,,1,70,,220943,36,,,1,30,,220934,36,,,1,70,,220942,36,,,1,30,,220941,36,,,1,71,,220961,36,,,1,16,,220958,36,,,1,15,,220957,36,,,1,55,,220925,36,,,1,15,,220926,36,,,1,15,,220927,36,,,1,15,,220928,36,,,1,55,,220929,36,,,1,15,,220930,36,,,1,15,,220931,36,,,1,15,,220932,36,,,1,55,,220918,36,,,1,31,,220955,36,,,1,71,,220956,36,,,1,30,,220933,36,,,1,70,,220939,36,,,1,30,,220938,36,,,1,70,,220937,36,,,1,30,,220936,36,,,1,69,,220935,36,,,1
12401,'124-Weekday-3-26-09-1111100',545,,264197,36,,,1,70,,264233,36,,,1,35,,264192,36,,,1,57,,264220,36,,,1,15,,264221,36,,,1,15,,264222,36,,,1,15,,264223,36,,,1,55,,264224,36,,,1,15,,264225,36,,,1,15,,264226,36,,,1,15,,264227,36,,,1,68,,264193,36,,,1,29,,264194,36,,,1,70,,264195,36,,,1,30,,264196,36,,,1,70,,264213,36,,,1,30,,264219,36,,,1,70,,264218,36,,,1,30,,264217,36,,,1,70,,264216,36,,,1,30,,264207,36,,,1,70,,264215,36,,,1,30,,264214,36,,,1,71,,264232,36,,,1,16,,264231,36,,,1,15,,264230,36,,,1,55,,264198,36,,,1,15,,264199,36,,,1,15,,264200,36,,,1,15,,264201,36,,,1,55,,264202,36,,,1,15,,264203,36,,,1,15,,264204,36,,,1,15,,264205,36,,,1,55,,264191,36,,,1,31,,264228,36,,,1,71,,264229,36,,,1,30,,264206,36,,,1,70,,264212,36,,,1,30,,264211,36,,,1,70,,264210,36,,,1,30,,264209,36,,,1,69,,264208,36,,,1
12401,'124-Weekday-4-26-09-1111100',545,,220969,36,,,1,70,,221005,36,,,1,35,,220964,36,,,1,57,,220992,36,,,1,15,,220993,36,,,1,15,,220994,36,,,1,15,,220995,36,,,1,55,,220996,36,,,1,15,,220997,36,,,1,15,,220998,36,,,1,15,,220999,36,,,1,68,,220965,36,,,1,29,,220966,36,,,1,70,,220967,36,,,1,30,,220968,36,,,1,70,,220985,36,,,1,30,,220991,36,,,1,70,,220990,36,,,1,30,,220989,36,,,1,70,,220988,36,,,1,30,,220979,36,,,1,70,,220987,36,,,1,30,,220986,36,,,1,71,,221004,36,,,1,16,,221003,36,,,1,15,,221002,36,,,1,55,,220970,36,,,1,15,,220971,36,,,1,15,,220972,36,,,1,15,,220973,36,,,1,55,,220974,36,,,1,15,,220975,36,,,1,15,,220976,36,,,1,15,,220977,36,,,1,55,,220963,36,,,1,31,,221000,36,,,1,71,,221001,36,,,1,30,,220978,36,,,1,70,,220984,36,,,1,30,,220983,36,,,1,70,,220982,36,,,1,30,,220981,36,,,1,69,,220980,36,,,1
12401,'124-Weekday-5-26-09-1111100',545,,264240,36,,,1,70,,264276,36,,,1,35,,264235,36,,,1,57,,264263,36,,,1,15,,264264,36,,,1,15,,264265,36,,,1,15,,264266,36,,,1,55,,264267,36,,,1,15,,264268,36,,,1,15,,264269,36,,,1,15,,264270,36,,,1,68,,264236,36,,,1,29,,264237,36,,,1,70,,264238,36,,,1,30,,264239,36,,,1,70,,264256,36,,,1,30,,264262,36,,,1,70,,264261,36,,,1,30,,264260,36,,,1,70,,264259,36,,,1,30,,264250,36,,,1,70,,264258,36,,,1,30,,264257,36,,,1,71,,264275,36,,,1,16,,264274,36,,,1,15,,264273,36,,,1,55,,264241,36,,,1,15,,264242,36,,,1,15,,264243,36,,,1,15,,264244,36,,,1,55,,264245,36,,,1,15,,264246,36,,,1,15,,264247,36,,,1,15,,264248,36,,,1,55,,264234,36,,,1,31,,264271,36,,,1,71,,264272,36,,,1,30,,264249,36,,,1,70,,264255,36,,,1,30,,264254,36,,,1,70,,264253,36,,,1,30,,264252,36,,,1,69,,264251,36,,,1
12401,'124-Weekday-6-26-09-1111100',545,,264283,36,,,1,70,,264321,36,,,1,35,,264278,36,,,1,57,,264306,36,,,1,15,,264307,36,,,1,15,,264308,36,,,1,15,,264309,36,,,1,53,,264318,24,,,1,2,,264310,36,,,1,7,,264319,24,,,1,8,,264311,36,,,1,15,,264312,36,,,1,15,,264313,36,,,1,68,,264279,36,,,1,29,,264280,36,,,1,70,,264281,36,,,1,30,,264282,36,,,1,70,,264299,36,,,1,30,,264305,36,,,1,70,,264304,36,,,1,30,,264303,36,,,1,70,,264302,36,,,1,30,,264293,36,,,1,70,,264301,36,,,1,30,,264300,36,,,1,71,,264320,36,,,1,16,,264317,36,,,1,15,,264316,36,,,1,55,,264284,36,,,1,15,,264285,36,,,1,15,,264286,36,,,1,15,,264287,36,,,1,55,,264288,36,,,1,15,,264289,36,,,1,15,,264290,36,,,1,15,,264291,36,,,1,55,,264277,36,,,1,31,,264314,36,,,1,71,,264315,36,,,1,30,,264292,36,,,1,70,,264298,36,,,1,30,,264297,36,,,1,70,,264296,36,,,1,30,,264295,36,,,1,69,,264294,36,,,1
12401,'124-Weekday-7-26-09-1111100',545,,264328,36,,,1,70,,264364,36,,,1,35,,264323,36,,,1,57,,264351,36,,,1,15,,264352,36,,,1,15,,264353,36,,,1,15,,264354,36,,,1,55,,264355,36,,,1,15,,264356,36,,,1,15,,264357,36,,,1,15,,264358,36,,,1,68,,264324,36,,,1,29,,264325,36,,,1,70,,264326,36,,,1,30,,264327,36,,,1,70,,264344,36,,,1,30,,264350,36,,,1,70,,264349,36,,,1,30,,264348,36,,,1,70,,264347,36,,,1,30,,264338,36,,,1,70,,264346,36,,,1,30,,264345,36,,,1,71,,264363,36,,,1,16,,264362,36,,,1,15,,264361,36,,,1,55,,264329,36,,,1,15,,264330,36,,,1,15,,264331,36,,,1,15,,264332,36,,,1,55,,264333,36,,,1,15,,264334,36,,,1,15,,264335,36,,,1,15,,264336,36,,,1,55,,264322,36,,,1,31,,264359,36,,,1,71,,264360,36,,,1,30,,264337,36,,,1,70,,264343,36,,,1,30,,264342,36,,,1,70,,264341,36,,,1,30,,264340,36,,,1,69,,264339,36,,,1
12401,'124-Saturday-1-26-09-0000010',821,,221006,36,,,1,30,,221007,36,,,1,72,,221008,36,,,1,30,,221009,36,,,1,70,,221010,36,,,1,30,,221011,36,,,1,70,,221012,36,,,1,30,,221013,36,,,1,70,,221014,36,,,1,30,,221015,36,,,1,70,,221016,36,,,1,30,,221017,36,,,1,70,,221018,36,,,1,30,,221019,36,,,1,70,,221020,36,,,1,30,,221021,36,,,1,70,,221022,36,,,1,30,,221023,36,,,1,69,,221024,36,,,1,36,,221025,36,,,1,70,,221026,36,,,1,28,,221027,36,,,1,69,,221028,36,,,1
12401,'124-Sunday-1-26-09-0000001',1011,,221029,36,,,1,30,,221030,36,,,1,70,,221031,36,,,1,29,,221032,36,,,1,70,,221033,36,,,1,30,,221034,36,,,1,70,,221035,36,,,1,30,,221036,36,,,1,70,,221037,36,,,1,30,,221038,36,,,1,70,,221039,36,,,1,30,,221040,36,,,1,70,,221041,36,,,1,30,,221042,36,,,1,69,,221043,36,,,1,31,,221044,36,,,1,70,,221045,36,,,1,30,,221046,36,,,1,71,,221047,36,,,1
24014001,'140X-Weekday-1-26-09-1111100',620,,245062,36,,,1,21,,245067,36,,,1,61,,245061,36,,,1,20,,245063,36,,,1,20,,245064,36,,,1,60,,245065,36,,,1,20,,245066,36,,,1,20,,245068,36,,,1
24014001,'140X-Weekday-2-26-09-1111100',620,,245070,36,,,1,21,,245075,36,,,1,61,,245069,36,,,1,20,,245071,36,,,1,20,,245072,36,,,1,60,,245073,36,,,1,20,,245074,36,,,1,20,,245076,36,,,1
24014001,'140X-Weekday-3-26-09-1111100',620,,287563,36,,,1,21,,287568,36,,,1,61,,287562,36,,,1,20,,287564,36,,,1,20,,287565,36,,,1,60,,287566,36,,,1,20,,287567,36,,,1,20,,287569,36,,,1
24014001,'140X-Weekday-4-26-09-1111100',620,,245078,36,,,1,21,,245083,36,,,1,61,,245077,36,,,1,20,,245079,36,,,1,20,,245080,36,,,1,60,,245081,36,,,1,20,,245082,36,,,1,20,,245084,36,,,1
24014001,'140X-Weekday-5-26-09-1111100',620,,287571,36,,,1,21,,287576,36,,,1,61,,287570,36,,,1,20,,287572,36,,,1,20,,287573,36,,,1,60,,287574,36,,,1,20,,287575,36,,,1,20,,287577,36,,,1
24014001,'140X-Weekday-6-26-09-1111100',620,,287579,36,,,1,21,,287584,36,,,1,61,,287578,36,,,1,20,,287580,36,,,1,20,,287581,36,,,1,60,,287582,36,,,1,20,,287583,36,,,1,20,,287585,36,,,1
24014001,'140X-Weekday-7-26-09-1111100',620,,287587,36,,,1,21,,287592,36,,,1,61,,287586,36,,,1,20,,287588,36,,,1,20,,287589,36,,,1,60,,287590,36,,,1,20,,287591,36,,,1,20,,287593,36,,,1
