51501,'515-Weekday-1-26-09-1101100',756,,223759,13,,,1
51501,'515-Weekday-1-26-09-1111100',539,,223760,13,,,1,70,,223761,13,,,1,31,,223762,13,,,1,19,,223763,13,,,1,55,,223764,13,,,1,15,,223807,13,,,1,15,,223765,13,,,1,15,,223766,13,,,1,55,,223767,13,,,1,15,,223808,13,,,1,15,,223768,13,,,1,15,,223788,13,,,1,59,,223769,13,,,1,20,,223770,13,,,1,20,,223787,13,,,1,60,,223771,13,,,1,20,,223772,13,,,1,20,,223786,13,,,1,60,,223773,13,,,1,20,,223774,13,,,1,20,,223785,13,,,1,60,,223775,13,,,1,20,,223776,13,,,1,20,,223784,13,,,1,60,,223777,13,,,1,20,,223778,13,,,1,20,,223783,13,,,1,60,,223779,13,,,1,20,,223780,13,,,1,20,,223781,13,,,1,61,,223782,13,,,1,19,,223793,13,,,1,15,,223809,13,,,1,55,,223794,13,,,1,15,,223795,13,,,1,15,,223796,13,,,1,15,,223810,13,,,1,55,,223797,13,,,1,15,,223798,13,,,1,15,,223799,13,,,1,70,,223791,13,,,1,29,,223792,13,,,1,65,,223800,13,,,1,30,,223801,13,,,1,70,,223802,13,,,1,30,,223803,13,,,1,70,,223804,13,,,1,30,,223805,13,,,1,70,,223806,13,,,1,100,,223790,13,,,1,100,,223789,13,,,1
51501,'515-Weekday-2-26-09-1101100',756,,223811,13,,,1
51501,'515-Weekday-2-26-09-1111100',539,,223812,13,,,1,70,,223813,13,,,1,31,,223814,13,,,1,19,,223815,13,,,1,55,,223816,13,,,1,15,,223859,13,,,1,15,,223817,13,,,1,15,,223818,13,,,1,55,,223819,13,,,1,15,,223860,13,,,1,15,,223820,13,,,1,15,,223840,13,,,1,59,,223821,13,,,1,20,,223822,13,,,1,20,,223839,13,,,1,60,,223823,13,,,1,20,,223824,13,,,1,20,,223838,13,,,1,60,,223825,13,,,1,20,,223826,13,,,1,20,,223837,13,,,1,60,,223827,13,,,1,20,,223828,13,,,1,20,,223836,13,,,1,60,,223829,13,,,1,20,,223830,13,,,1,20,,223835,13,,,1,60,,223831,13,,,1,20,,223832,13,,,1,20,,223833,13,,,1,61,,223834,13,,,1,19,,223845,13,,,1,15,,223861,13,,,1,55,,223846,13,,,1,15,,223847,13,,,1,15,,223848,13,,,1,15,,223862,13,,,1,55,,223849,13,,,1,15,,223850,13,,,1,15,,223851,13,,,1,70,,223843,13,,,1,29,,223844,13,,,1,65,,223852,13,,,1,30,,223853,13,,,1,70,,223854,13,,,1,30,,223855,13,,,1,70,,223856,13,,,1,30,,223857,13,,,1,70,,223858,13,,,1,100,,223842,13,,,1,100,,223841,13,,,1
51501,'515-Weekday-3-26-09-1111100',539,,266957,13,,,1,70,,266958,13,,,1,31,,266959,13,,,1,19,,266960,13,,,1,55,,266961,13,,,1,15,,267004,13,,,1,15,,266962,13,,,1,15,,266963,13,,,1,55,,266964,13,,,1,15,,267005,13,,,1,15,,266965,13,,,1,15,,266985,13,,,1,59,,266966,13,,,1,20,,266967,13,,,1,20,,266984,13,,,1,60,,266968,13,,,1,20,,266969,13,,,1,20,,266983,13,,,1,60,,266970,13,,,1,20,,266971,13,,,1,20,,266982,13,,,1,60,,266972,13,,,1,20,,266973,13,,,1,20,,266981,13,,,1,60,,266974,13,,,1,20,,266975,13,,,1,20,,266980,13,,,1,60,,266976,13,,,1,20,,266977,13,,,1,20,,266978,13,,,1,61,,266979,13,,,1,19,,266990,13,,,1,15,,267006,13,,,1,55,,266991,13,,,1,15,,266992,13,,,1,15,,266993,13,,,1,15,,267007,13,,,1,55,,266994,13,,,1,15,,266995,13,,,1,15,,266996,13,,,1,70,,266988,13,,,1,29,,266989,13,,,1,65,,266997,13,,,1,30,,266998,13,,,1,70,,266999,13,,,1,30,,267000,13,,,1,70,,267001,13,,,1,30,,267002,13,,,1,70,,267003,13,,,1,100,,266987,13,,,1,100,,266986,13,,,1
51501,'515-Weekday-4-26-09-1111100',539,,223863,13,,,1,70,,223864,13,,,1,31,,223865,13,,,1,19,,223866,13,,,1,55,,223867,13,,,1,15,,223910,13,,,1,15,,223868,13,,,1,15,,223869,13,,,1,55,,223870,13,,,1,15,,223911,13,,,1,15,,223871,13,,,1,15,,223891,13,,,1,59,,223872,13,,,1,20,,223873,13,,,1,20,,223890,13,,,1,60,,223874,13,,,1,20,,223875,13,,,1,20,,223889,13,,,1,60,,223876,13,,,1,20,,223877,13,,,1,20,,223888,13,,,1,60,,223878,13,,,1,20,,223879,13,,,1,20,,223887,13,,,1,60,,223880,13,,,1,20,,223881,13,,,1,20,,223886,13,,,1,60,,223882,13,,,1,20,,223883,13,,,1,20,,223884,13,,,1,61,,223885,13,,,1,19,,223896,13,,,1,15,,223912,13,,,1,55,,223897,13,,,1,15,,223898,13,,,1,15,,223899,13,,,1,15,,223913,13,,,1,55,,223900,13,,,1,15,,223901,13,,,1,15,,223902,13,,,1,70,,223894,13,,,1,29,,223895,13,,,1,65,,223903,13,,,1,30,,223904,13,,,1,70,,223905,13,,,1,30,,223906,13,,,1,70,,223907,13,,,1,30,,223908,13,,,1,70,,223909,13,,,1,100,,223893,13,,,1,100,,223892,13,,,1
51501,'515-Weekday-5-26-09-1111100',539,,267008,13,,,1,70,,267009,13,,,1,31,,267010,13,,,1,19,,267011,13,,,1,55,,267012,13,,,1,15,,267055,13,,,1,15,,267013,13,,,1,15,,267014,13,,,1,55,,267015,13,,,1,15,,267056,13,,,1,15,,267016,13,,,1,15,,267036,13,,,1,59,,267017,13,,,1,20,,267018,13,,,1,20,,267035,13,,,1,60,,267019,13,,,1,20,,267020,13,,,1,20,,267034,13,,,1,60,,267021,13,,,1,20,,267022,13,,,1,20,,267033,13,,,1,60,,267023,13,,,1,20,,267024,13,,,1,20,,267032,13,,,1,60,,267025,13,,,1,20,,267026,13,,,1,20,,267031,13,,,1,60,,267027,13,,,1,20,,267028,13,,,1,20,,267029,13,,,1,61,,267030,13,,,1,19,,267041,13,,,1,15,,267057,13,,,1,55,,267042,13,,,1,15,,267043,13,,,1,15,,267044,13,,,1,15,,267058,13,,,1,55,,267045,13,,,1,15,,267046,13,,,1,15,,267047,13,,,1,70,,267039,13,,,1,29,,267040,13,,,1,65,,267048,13,,,1,30,,267049,13,,,1,70,,267050,13,,,1,30,,267051,13,,,1,70,,267052,13,,,1,30,,267053,13,,,1,70,,267054,13,,,1,100,,267038,13,,,1,100,,267037,13,,,1
51501,'515-Weekday-6-26-09-1101100',756,,267059,13,,,1
51501,'515-Weekday-6-26-09-1111100',539,,267060,13,,,1,70,,267061,13,,,1,31,,267062,13,,,1,19,,267063,13,,,1,55,,267064,13,,,1,15,,267107,13,,,1,15,,267065,13,,,1,15,,267066,13,,,1,55,,267067,13,,,1,15,,267108,13,,,1,15,,267068,13,,,1,15,,267088,13,,,1,59,,267069,13,,,1,20,,267070,13,,,1,20,,267087,13,,,1,60,,267071,13,,,1,20,,267072,13,,,1,20,,267086,13,,,1,60,,267073,13,,,1,20,,267074,13,,,1,20,,267085,13,,,1,60,,267075,13,,,1,20,,267076,13,,,1,20,,267084,13,,,1,60,,267077,13,,,1,20,,267078,13,,,1,20,,267083,13,,,1,60,,267079,13,,,1,20,,267080,13,,,1,20,,267081,13,,,1,61,,267082,13,,,1,19,,267093,13,,,1,15,,267109,13,,,1,55,,267094,13,,,1,15,,267095,13,,,1,15,,267096,13,,,1,15,,267110,13,,,1,55,,267097,13,,,1,15,,267098,13,,,1,15,,267099,13,,,1,70,,267091,13,,,1,29,,267092,13,,,1,65,,267100,13,,,1,30,,267101,13,,,1,70,,267102,13,,,1,30,,267103,13,,,1,70,,267104,13,,,1,30,,267105,13,,,1,70,,267106,13,,,1,100,,267090,13,,,1,100,,267089,13,,,1
51501,'515-Weekday-7-26-09-1111100',539,,267111,13,,,1,70,,267112,13,,,1,31,,267113,13,,,1,19,,267114,13,,,1,55,,267115,13,,,1,15,,267158,13,,,1,15,,267116,13,,,1,15,,267117,13,,,1,55,,267118,13,,,1,15,,267159,13,,,1,15,,267119,13,,,1,15,,267139,13,,,1,59,,267120,13,,,1,20,,267121,13,,,1,20,,267138,13,,,1,60,,267122,13,,,1,20,,267123,13,,,1,20,,267137,13,,,1,60,,267124,13,,,1,20,,267125,13,,,1,20,,267136,13,,,1,60,,267126,13,,,1,20,,267127,13,,,1,20,,267135,13,,,1,60,,267128,13,,,1,20,,267129,13,,,1,20,,267134,13,,,1,60,,267130,13,,,1,20,,267131,13,,,1,20,,267132,13,,,1,61,,267133,13,,,1,19,,267144,13,,,1,15,,267160,13,,,1,55,,267145,13,,,1,15,,267146,13,,,1,15,,267147,13,,,1,15,,267161,13,,,1,55,,267148,13,,,1,15,,267149,13,,,1,15,,267150,13,,,1,70,,267142,13,,,1,29,,267143,13,,,1,65,,267151,13,,,1,30,,267152,13,,,1,70,,267153,13,,,1,30,,267154,13,,,1,70,,267155,13,,,1,30,,267156,13,,,1,70,,267157,13,,,1,100,,267141,13,,,1,100,,267140,13,,,1
51501,'515-Saturday-1-26-09-0000010',553,,223943,13,,,1,100,,223914,13,,,1,99,,223915,13,,,1,82,,223916,13,,,1,20,,223957,13,,,1,60,,223917,13,,,1,22,,223918,13,,,1,20,,223947,13,,,1,60,,223919,13,,,1,20,,223920,13,,,1,20,,223948,13,,,1,60,,223921,13,,,1,20,,223922,13,,,1,20,,223949,13,,,1,60,,223923,13,,,1,20,,223924,13,,,1,20,,223950,13,,,1,60,,223925,13,,,1,20,,223926,13,,,1,20,,223951,13,,,1,60,,223927,13,,,1,20,,223928,13,,,1,20,,223952,13,,,1,60,,223929,13,,,1,20,,223930,13,,,1,20,,223953,13,,,1,60,,223931,13,,,1,20,,223932,13,,,1,20,,223954,13,,,1,60,,223933,13,,,1,20,,223934,13,,,1,20,,223955,13,,,1,60,,223935,13,,,1,20,,223936,13,,,1,20,,223956,13,,,1,60,,223937,13,,,1,23,,223938,13,,,1,70,,223944,13,,,1,30,,223939,13,,,1,70,,223945,13,,,1,30,,223940,13,,,1,70,,223941,13,,,1,100,,223942,13,,,1,100,,223946,13,,,1
51501,'515-Sunday-1-26-09-0000001',553,,223958,13,,,1,100,,223959,13,,,1,100,,223960,13,,,1,100,,223961,13,,,1,99,,223962,13,,,1,65,,223988,13,,,1,20,,223963,13,,,1,20,,223964,13,,,1,60,,223989,13,,,1,20,,223965,13,,,1,20,,223966,13,,,1,60,,223990,13,,,1,20,,223967,13,,,1,20,,223968,13,,,1,60,,223991,13,,,1,20,,223969,13,,,1,20,,223970,13,,,1,60,,223992,13,,,1,20,,223971,13,,,1,20,,223972,13,,,1,60,,223993,13,,,1,20,,223974,13,,,1,20,,223975,13,,,1,60,,223994,13,,,1,20,,223976,13,,,1,22,,223973,13,,,1,60,,223995,13,,,1,20,,223977,13,,,1,20,,223978,13,,,1,60,,223996,13,,,1,20,,223979,13,,,1,20,,223997,13,,,1,60,,223980,13,,,1,20,,223981,13,,,1,70,,223986,13,,,1,30,,223982,13,,,1,70,,223987,13,,,1,100,,223983,13,,,1,100,,223984,13,,,1,100,,223985,13,,,1
63000,'630-Weekday-1-26-09-1111100',728,,227570,7,,,1
63000,'630-Weekday-3-26-09-1111100',728,,227571,7,,,1
63000,'630-Weekday-4-26-09-1111100',728,,270397,7,,,1
63000,'630-Weekday-7-26-09-1111100',728,,270398,7,,,1
63500,'635-Weekday-1-26-09-0000100',926,,227599,7,,,1
63500,'635-Weekday-1-26-09-1111000',759,,227600,7,,,1
63500,'635-Weekday-3-26-09-1111000',759,,227601,7,,,1
63500,'635-Weekday-7-26-09-1111000',759,,270432,7,,,1
