52300,'523-Weekday-1-26-09-1111100',534,,226071,12,,,1,70,,226072,12,,,1,31,,226073,12,,,1,16,,226074,12,,,1,55,,226075,12,,,1,15,,226076,12,,,1,15,,226077,12,,,1,15,,226078,12,,,1,55,,226079,12,,,1,15,,226080,12,,,1,15,,226124,12,,,1,20,,226081,12,,,1,60,,226082,12,,,1,20,,226083,12,,,1,20,,226084,12,,,1,60,,226085,12,,,1,20,,226086,12,,,1,20,,226087,12,,,1,60,,226088,12,,,1,20,,226089,12,,,1,20,,226090,12,,,1,60,,226091,12,,,1,20,,226092,12,,,1,20,,226093,12,,,1,60,,226094,12,,,1,20,,226095,12,,,1,20,,226096,12,,,1,60,,226097,12,,,1,20,,226098,12,,,1,20,,226099,12,,,1,57,,226100,12,,,1,15,,226101,12,,,1,15,,226102,12,,,1,15,,226103,12,,,1,55,,226104,12,,,1,15,,226105,12,,,1,15,,226106,12,,,1,15,,226107,12,,,1,55,,226108,12,,,1,15,,226109,12,,,1,15,,226110,12,,,1,15,,226111,12,,,1,55,,226112,12,,,1,20,,226113,12,,,1,69,,226114,12,,,1,30,,226115,12,,,1,70,,226116,12,,,1,30,,226117,12,,,1,70,,226118,12,,,1,30,,226119,12,,,1,70,,226120,12,,,1,30,,226121,12,,,1,100,,226122,12,,,1,100,,226123,12,,,1
52300,'523-Weekday-2-26-09-1111100',534,,226125,12,,,1,70,,226126,12,,,1,31,,226127,12,,,1,16,,226128,12,,,1,55,,226129,12,,,1,15,,226130,12,,,1,15,,226131,12,,,1,15,,226132,12,,,1,55,,226133,12,,,1,15,,226134,12,,,1,15,,226178,12,,,1,20,,226135,12,,,1,60,,226136,12,,,1,20,,226137,12,,,1,20,,226138,12,,,1,60,,226139,12,,,1,20,,226140,12,,,1,20,,226141,12,,,1,60,,226142,12,,,1,20,,226143,12,,,1,20,,226144,12,,,1,60,,226145,12,,,1,20,,226146,12,,,1,20,,226147,12,,,1,60,,226148,12,,,1,20,,226149,12,,,1,20,,226150,12,,,1,60,,226151,12,,,1,20,,226152,12,,,1,20,,226153,12,,,1,57,,226154,12,,,1,15,,226155,12,,,1,15,,226156,12,,,1,15,,226157,12,,,1,55,,226158,12,,,1,15,,226159,12,,,1,15,,226160,12,,,1,15,,226161,12,,,1,55,,226162,12,,,1,15,,226163,12,,,1,15,,226164,12,,,1,15,,226165,12,,,1,55,,226166,12,,,1,20,,226167,12,,,1,69,,226168,12,,,1,30,,226169,12,,,1,70,,226170,12,,,1,30,,226171,12,,,1,70,,226172,12,,,1,30,,226173,12,,,1,70,,226174,12,,,1,30,,226175,12,,,1,100,,226176,12,,,1,100,,226177,12,,,1
52300,'523-Weekday-3-26-09-1111100',534,,269109,12,,,1,70,,269110,12,,,1,31,,269111,12,,,1,16,,269112,12,,,1,55,,269113,12,,,1,15,,269114,12,,,1,15,,269115,12,,,1,15,,269116,12,,,1,55,,269117,12,,,1,15,,269118,12,,,1,15,,269162,12,,,1,20,,269119,12,,,1,60,,269120,12,,,1,20,,269121,12,,,1,20,,269122,12,,,1,60,,269123,12,,,1,20,,269124,12,,,1,20,,269125,12,,,1,60,,269126,12,,,1,20,,269127,12,,,1,20,,269128,12,,,1,60,,269129,12,,,1,20,,269130,12,,,1,20,,269131,12,,,1,60,,269132,12,,,1,20,,269133,12,,,1,20,,269134,12,,,1,60,,269135,12,,,1,20,,269136,12,,,1,20,,269137,12,,,1,57,,269138,12,,,1,15,,269139,12,,,1,15,,269140,12,,,1,15,,269141,12,,,1,55,,269142,12,,,1,15,,269143,12,,,1,15,,269144,12,,,1,15,,269145,12,,,1,55,,269146,12,,,1,15,,269147,12,,,1,15,,269148,12,,,1,15,,269149,12,,,1,55,,269150,12,,,1,20,,269151,12,,,1,69,,269152,12,,,1,30,,269153,12,,,1,70,,269154,12,,,1,30,,269155,12,,,1,70,,269156,12,,,1,30,,269157,12,,,1,70,,269158,12,,,1,30,,269159,12,,,1,100,,269160,12,,,1,100,,269161,12,,,1
52300,'523-Weekday-4-26-09-1111100',534,,226179,12,,,1,70,,226180,12,,,1,31,,226181,12,,,1,16,,226182,12,,,1,55,,226183,12,,,1,15,,226184,12,,,1,15,,226185,12,,,1,15,,226186,12,,,1,55,,226187,12,,,1,15,,226188,12,,,1,15,,226232,12,,,1,20,,226189,12,,,1,60,,226190,12,,,1,20,,226191,12,,,1,20,,226192,12,,,1,60,,226193,12,,,1,20,,226194,12,,,1,20,,226195,12,,,1,60,,226196,12,,,1,20,,226197,12,,,1,20,,226198,12,,,1,60,,226199,12,,,1,20,,226200,12,,,1,20,,226201,12,,,1,60,,226202,12,,,1,20,,226203,12,,,1,20,,226204,12,,,1,60,,226205,12,,,1,20,,226206,12,,,1,20,,226207,12,,,1,57,,226208,12,,,1,15,,226209,12,,,1,15,,226210,12,,,1,15,,226211,12,,,1,55,,226212,12,,,1,15,,226213,12,,,1,15,,226214,12,,,1,15,,226215,12,,,1,55,,226216,12,,,1,15,,226217,12,,,1,15,,226218,12,,,1,15,,226219,12,,,1,55,,226220,12,,,1,20,,226221,12,,,1,69,,226222,12,,,1,30,,226223,12,,,1,70,,226224,12,,,1,30,,226225,12,,,1,70,,226226,12,,,1,30,,226227,12,,,1,70,,226228,12,,,1,30,,226229,12,,,1,100,,226230,12,,,1,100,,226231,12,,,1
52300,'523-Weekday-5-26-09-1111100',534,,269163,12,,,1,70,,269164,12,,,1,31,,269165,12,,,1,16,,269166,12,,,1,55,,269167,12,,,1,15,,269168,12,,,1,15,,269169,12,,,1,15,,269170,12,,,1,55,,269171,12,,,1,15,,269172,12,,,1,15,,269216,12,,,1,20,,269173,12,,,1,60,,269174,12,,,1,20,,269175,12,,,1,20,,269176,12,,,1,60,,269177,12,,,1,20,,269178,12,,,1,20,,269179,12,,,1,60,,269180,12,,,1,20,,269181,12,,,1,20,,269182,12,,,1,60,,269183,12,,,1,20,,269184,12,,,1,20,,269185,12,,,1,60,,269186,12,,,1,20,,269187,12,,,1,20,,269188,12,,,1,60,,269189,12,,,1,20,,269190,12,,,1,20,,269191,12,,,1,57,,269192,12,,,1,15,,269193,12,,,1,15,,269194,12,,,1,15,,269195,12,,,1,55,,269196,12,,,1,15,,269197,12,,,1,15,,269198,12,,,1,15,,269199,12,,,1,55,,269200,12,,,1,15,,269201,12,,,1,15,,269202,12,,,1,15,,269203,12,,,1,55,,269204,12,,,1,20,,269205,12,,,1,69,,269206,12,,,1,30,,269207,12,,,1,70,,269208,12,,,1,30,,269209,12,,,1,70,,269210,12,,,1,30,,269211,12,,,1,70,,269212,12,,,1,30,,269213,12,,,1,100,,269214,12,,,1,100,,269215,12,,,1
52300,'523-Weekday-6-26-09-1111100',534,,269217,12,,,1,70,,269218,12,,,1,31,,269219,12,,,1,16,,269220,12,,,1,55,,269221,12,,,1,15,,269222,12,,,1,15,,269223,12,,,1,15,,269224,12,,,1,55,,269225,12,,,1,15,,269226,12,,,1,15,,269270,12,,,1,20,,269227,12,,,1,60,,269228,12,,,1,20,,269229,12,,,1,20,,269230,12,,,1,60,,269231,12,,,1,20,,269232,12,,,1,20,,269233,12,,,1,60,,269234,12,,,1,20,,269235,12,,,1,20,,269236,12,,,1,60,,269237,12,,,1,20,,269238,12,,,1,20,,269239,12,,,1,60,,269240,12,,,1,20,,269241,12,,,1,20,,269242,12,,,1,60,,269243,12,,,1,20,,269244,12,,,1,20,,269245,12,,,1,57,,269246,12,,,1,15,,269247,12,,,1,15,,269248,12,,,1,15,,269249,12,,,1,55,,269250,12,,,1,15,,269251,12,,,1,15,,269252,12,,,1,15,,269253,12,,,1,55,,269254,12,,,1,15,,269255,12,,,1,15,,269256,12,,,1,15,,269257,12,,,1,55,,269258,12,,,1,20,,269259,12,,,1,69,,269260,12,,,1,30,,269261,12,,,1,70,,269262,12,,,1,30,,269263,12,,,1,70,,269264,12,,,1,30,,269265,12,,,1,70,,269266,12,,,1,30,,269267,12,,,1,100,,269268,12,,,1,100,,269269,12,,,1
52300,'523-Weekday-7-26-09-1111100',534,,269271,12,,,1,70,,269272,12,,,1,31,,269273,12,,,1,16,,269274,12,,,1,55,,269275,12,,,1,15,,269276,12,,,1,15,,269277,12,,,1,15,,269278,12,,,1,55,,269279,12,,,1,15,,269280,12,,,1,15,,269324,12,,,1,20,,269281,12,,,1,60,,269282,12,,,1,20,,269283,12,,,1,20,,269284,12,,,1,60,,269285,12,,,1,20,,269286,12,,,1,20,,269287,12,,,1,60,,269288,12,,,1,20,,269289,12,,,1,20,,269290,12,,,1,60,,269291,12,,,1,20,,269292,12,,,1,20,,269293,12,,,1,60,,269294,12,,,1,20,,269295,12,,,1,20,,269296,12,,,1,60,,269297,12,,,1,20,,269298,12,,,1,20,,269299,12,,,1,57,,269300,12,,,1,15,,269301,12,,,1,15,,269302,12,,,1,15,,269303,12,,,1,55,,269304,12,,,1,15,,269305,12,,,1,15,,269306,12,,,1,15,,269307,12,,,1,55,,269308,12,,,1,15,,269309,12,,,1,15,,269310,12,,,1,15,,269311,12,,,1,55,,269312,12,,,1,20,,269313,12,,,1,69,,269314,12,,,1,30,,269315,12,,,1,70,,269316,12,,,1,30,,269317,12,,,1,70,,269318,12,,,1,30,,269319,12,,,1,70,,269320,12,,,1,30,,269321,12,,,1,100,,269322,12,,,1,100,,269323,12,,,1
52300,'523-Saturday-1-26-09-0000010',552,,226233,12,,,1,100,,226234,12,,,1,100,,226235,12,,,1,60,,226236,12,,,1,20,,226266,12,,,1,20,,226237,12,,,1,61,,226238,12,,,1,20,,226267,12,,,1,20,,226239,12,,,1,60,,226240,12,,,1,20,,226268,12,,,1,20,,226241,12,,,1,60,,226242,12,,,1,20,,226269,12,,,1,20,,226243,12,,,1,60,,226244,12,,,1,20,,226270,12,,,1,20,,226245,12,,,1,60,,226246,12,,,1,20,,226271,12,,,1,20,,226247,12,,,1,60,,226248,12,,,1,20,,226272,12,,,1,20,,226249,12,,,1,60,,226250,12,,,1,20,,226273,12,,,1,20,,226251,12,,,1,60,,226252,12,,,1,20,,226274,12,,,1,20,,226253,12,,,1,59,,226254,12,,,1,20,,226275,12,,,1,20,,226255,12,,,1,60,,226256,12,,,1,20,,226276,12,,,1,20,,226257,12,,,1,60,,226258,12,,,1,20,,226277,12,,,1,20,,226259,12,,,1,60,,226260,12,,,1,20,,226278,12,,,1,20,,226261,12,,,1,60,,226262,12,,,1,20,,226279,12,,,1,20,,226263,12,,,1,81,,226280,12,,,1,100,,226264,12,,,1,100,,226265,12,,,1
52300,'523-Sunday-1-26-09-0000001',654,,226281,12,,,1,100,,226282,12,,,1,100,,226283,12,,,1,99,,226284,12,,,1,60,,226285,12,,,1,20,,226286,12,,,1,20,,226287,12,,,1,60,,226288,12,,,1,20,,226289,12,,,1,20,,226290,12,,,1,60,,226291,12,,,1,20,,226292,12,,,1,20,,226293,12,,,1,60,,226294,12,,,1,20,,226295,12,,,1,20,,226296,12,,,1,60,,226297,12,,,1,20,,226298,12,,,1,20,,226299,12,,,1,60,,226300,12,,,1,20,,226301,12,,,1,20,,226302,12,,,1,60,,226306,12,,,1,20,,226303,12,,,1,20,,226307,12,,,1,60,,226304,12,,,1,20,,226310,12,,,1,20,,226311,12,,,1,60,,226312,12,,,1,20,,226313,12,,,1,70,,226314,12,,,1,30,,226315,12,,,1,70,,226316,12,,,1,30,,226317,12,,,1,70,,226318,12,,,1,30,,226308,12,,,1,100,,226309,12,,,1,100,,226305,12,,,1,100,,226319,12,,,1
52601,'526-Saturday-1-26-09-0000010',855,,226821,8,,,1,100,,226822,8,,,1,100,,226823,8,,,1,100,,226824,8,,,1,100,,226825,8,,,1,100,,226826,8,,,1,100,,226827,8,,,1,100,,226820,8,,,1
52601,'526-Sunday-1-26-09-0000001',855,,226828,8,,,1,100,,226829,8,,,1,100,,226830,8,,,1,100,,226831,8,,,1,100,,226832,8,,,1,100,,226833,8,,,1,100,,226834,8,,,1,100,,226835,8,,,1
