5401,'054-Weekday-1-26-09-1111100',543,,212410,53,,,1,70,,212411,53,,,1,16,,212412,53,,,1,15,,212460,53,,,1,64,,212453,53,,,1,18,,212454,53,,,1,17,,212455,53,,,1,59,,212456,53,,,1,17,,212457,53,,,1,15,,212458,53,,,1,16,,212459,53,,,1,58,,212413,53,,,1,21,,212414,53,,,1,20,,212415,53,,,1,61,,212416,53,,,1,19,,212417,53,,,1,19,,212418,53,,,1,60,,212419,53,,,1,20,,212420,53,,,1,20,,212421,53,,,1,60,,212422,53,,,1,20,,212423,53,,,1,20,,212424,53,,,1,60,,212425,53,,,1,20,,212426,53,,,1,20,,212427,53,,,1,60,,212428,53,,,1,20,,212429,53,,,1,20,,212430,53,,,1,62,,212431,53,,,1,21,,212432,53,,,1,23,,212433,53,,,1,57,,212462,53,,,1,16,,212461,53,,,1,19,,212434,53,,,1,61,,212435,53,,,1,16,,212436,53,,,1,16,,212437,53,,,1,15,,212438,53,,,1,54,,212439,53,,,1,13,,212440,53,,,1,12,,212441,53,,,1,13,,212442,53,,,1,66,,212443,53,,,1,31,,212444,53,,,1,71,,212445,53,,,1,30,,212446,53,,,1,70,,212447,53,,,1,30,,212448,53,,,1,69,,212449,53,,,1,29,,212450,53,,,1,100,,212451,53,,,1,100,,212452,53,,,1
5401,'054-Weekday-2-26-09-1111100',543,,212463,53,,,1,70,,212464,53,,,1,16,,212465,53,,,1,15,,212513,53,,,1,64,,212506,53,,,1,18,,212507,53,,,1,17,,212508,53,,,1,59,,212509,53,,,1,17,,212510,53,,,1,15,,212511,53,,,1,16,,212512,53,,,1,58,,212466,53,,,1,21,,212467,53,,,1,20,,212468,53,,,1,61,,212469,53,,,1,19,,212470,53,,,1,19,,212471,53,,,1,60,,212472,53,,,1,20,,212473,53,,,1,20,,212474,53,,,1,60,,212475,53,,,1,20,,212476,53,,,1,20,,212477,53,,,1,60,,212478,53,,,1,20,,212479,53,,,1,20,,212480,53,,,1,60,,212481,53,,,1,20,,212482,53,,,1,20,,212483,53,,,1,62,,212484,53,,,1,21,,212485,53,,,1,23,,212486,53,,,1,57,,212515,53,,,1,16,,212514,53,,,1,19,,212487,53,,,1,61,,212488,53,,,1,16,,212489,53,,,1,16,,212490,53,,,1,15,,212491,53,,,1,54,,212492,53,,,1,13,,212493,53,,,1,12,,212494,53,,,1,13,,212495,53,,,1,66,,212496,53,,,1,31,,212497,53,,,1,71,,212498,53,,,1,30,,212499,53,,,1,70,,212500,53,,,1,30,,212501,53,,,1,69,,212502,53,,,1,29,,212503,53,,,1,100,,212504,53,,,1,100,,212505,53,,,1
5401,'054-Weekday-3-26-09-1111100',543,,255612,53,,,1,70,,255613,53,,,1,16,,255614,53,,,1,15,,255662,53,,,1,64,,255655,53,,,1,18,,255656,53,,,1,17,,255657,53,,,1,59,,255658,53,,,1,17,,255659,53,,,1,15,,255660,53,,,1,16,,255661,53,,,1,58,,255615,53,,,1,21,,255616,53,,,1,20,,255617,53,,,1,61,,255618,53,,,1,19,,255619,53,,,1,19,,255620,53,,,1,60,,255621,53,,,1,20,,255622,53,,,1,20,,255623,53,,,1,60,,255624,53,,,1,20,,255625,53,,,1,20,,255626,53,,,1,60,,255627,53,,,1,20,,255628,53,,,1,20,,255629,53,,,1,60,,255630,53,,,1,20,,255631,53,,,1,20,,255632,53,,,1,62,,255633,53,,,1,21,,255634,53,,,1,23,,255635,53,,,1,57,,255664,53,,,1,16,,255663,53,,,1,19,,255636,53,,,1,61,,255637,53,,,1,16,,255638,53,,,1,16,,255639,53,,,1,15,,255640,53,,,1,54,,255641,53,,,1,13,,255642,53,,,1,12,,255643,53,,,1,13,,255644,53,,,1,66,,255645,53,,,1,31,,255646,53,,,1,71,,255647,53,,,1,30,,255648,53,,,1,70,,255649,53,,,1,30,,255650,53,,,1,69,,255651,53,,,1,29,,255652,53,,,1,100,,255653,53,,,1,100,,255654,53,,,1
5401,'054-Weekday-4-26-09-1111100',543,,212516,53,,,1,70,,212517,53,,,1,16,,212518,53,,,1,15,,212566,53,,,1,64,,212559,53,,,1,18,,212560,53,,,1,17,,212561,53,,,1,59,,212562,53,,,1,17,,212563,53,,,1,15,,212564,53,,,1,16,,212565,53,,,1,58,,212519,53,,,1,21,,212520,53,,,1,20,,212521,53,,,1,61,,212522,53,,,1,19,,212523,53,,,1,19,,212524,53,,,1,60,,212525,53,,,1,20,,212526,53,,,1,20,,212527,53,,,1,60,,212528,53,,,1,20,,212529,53,,,1,20,,212530,53,,,1,60,,212531,53,,,1,20,,212532,53,,,1,20,,212533,53,,,1,60,,212534,53,,,1,20,,212535,53,,,1,20,,212536,53,,,1,62,,212537,53,,,1,21,,212538,53,,,1,23,,212539,53,,,1,57,,212568,53,,,1,16,,212567,53,,,1,19,,212540,53,,,1,61,,212541,53,,,1,16,,212542,53,,,1,16,,212543,53,,,1,15,,212544,53,,,1,54,,212545,53,,,1,13,,212546,53,,,1,12,,212547,53,,,1,13,,212548,53,,,1,66,,212549,53,,,1,31,,212550,53,,,1,71,,212551,53,,,1,30,,212552,53,,,1,70,,212553,53,,,1,30,,212554,53,,,1,69,,212555,53,,,1,29,,212556,53,,,1,100,,212557,53,,,1,100,,212558,53,,,1
5401,'054-Weekday-5-26-09-1111100',543,,255665,53,,,1,70,,255666,53,,,1,16,,255667,53,,,1,15,,255715,53,,,1,64,,255708,53,,,1,18,,255709,53,,,1,17,,255710,53,,,1,59,,255711,53,,,1,17,,255712,53,,,1,15,,255713,53,,,1,16,,255714,53,,,1,58,,255668,53,,,1,21,,255669,53,,,1,20,,255670,53,,,1,61,,255671,53,,,1,19,,255672,53,,,1,19,,255673,53,,,1,60,,255674,53,,,1,20,,255675,53,,,1,20,,255676,53,,,1,60,,255677,53,,,1,20,,255678,53,,,1,20,,255679,53,,,1,60,,255680,53,,,1,20,,255681,53,,,1,20,,255682,53,,,1,60,,255683,53,,,1,20,,255684,53,,,1,20,,255685,53,,,1,62,,255686,53,,,1,21,,255687,53,,,1,23,,255688,53,,,1,57,,255717,53,,,1,16,,255716,53,,,1,19,,255689,53,,,1,61,,255690,53,,,1,16,,255691,53,,,1,16,,255692,53,,,1,15,,255693,53,,,1,54,,255694,53,,,1,13,,255695,53,,,1,12,,255696,53,,,1,13,,255697,53,,,1,66,,255698,53,,,1,31,,255699,53,,,1,71,,255700,53,,,1,30,,255701,53,,,1,70,,255702,53,,,1,30,,255703,53,,,1,69,,255704,53,,,1,29,,255705,53,,,1,100,,255706,53,,,1,100,,255707,53,,,1
5401,'054-Weekday-6-26-09-1111100',543,,255718,53,,,1,70,,255719,53,,,1,16,,255720,53,,,1,15,,255768,53,,,1,64,,255761,53,,,1,18,,255762,53,,,1,17,,255763,53,,,1,59,,255764,53,,,1,17,,255765,53,,,1,15,,255766,53,,,1,16,,255767,53,,,1,58,,255721,53,,,1,21,,255722,53,,,1,20,,255723,53,,,1,61,,255724,53,,,1,19,,255725,53,,,1,19,,255726,53,,,1,60,,255727,53,,,1,20,,255728,53,,,1,20,,255729,53,,,1,60,,255730,53,,,1,20,,255731,53,,,1,20,,255732,53,,,1,60,,255733,53,,,1,20,,255734,53,,,1,20,,255735,53,,,1,60,,255736,53,,,1,20,,255737,53,,,1,20,,255738,53,,,1,62,,255739,53,,,1,21,,255740,53,,,1,23,,255741,53,,,1,57,,255770,53,,,1,16,,255769,53,,,1,19,,255742,53,,,1,61,,255743,53,,,1,16,,255744,53,,,1,16,,255745,53,,,1,15,,255746,53,,,1,54,,255747,53,,,1,13,,255748,53,,,1,12,,255749,53,,,1,13,,255750,53,,,1,66,,255751,53,,,1,31,,255752,53,,,1,71,,255753,53,,,1,30,,255754,53,,,1,70,,255755,53,,,1,30,,255756,53,,,1,69,,255757,53,,,1,29,,255758,53,,,1,100,,255759,53,,,1,100,,255760,53,,,1
5401,'054-Weekday-7-26-09-1111100',543,,255771,53,,,1,70,,255772,53,,,1,16,,255773,53,,,1,15,,255821,53,,,1,64,,255814,53,,,1,18,,255815,53,,,1,17,,255816,53,,,1,59,,255817,53,,,1,17,,255818,53,,,1,15,,255819,53,,,1,16,,255820,53,,,1,58,,255774,53,,,1,21,,255775,53,,,1,20,,255776,53,,,1,61,,255777,53,,,1,19,,255778,53,,,1,19,,255779,53,,,1,60,,255780,53,,,1,20,,255781,53,,,1,20,,255782,53,,,1,60,,255783,53,,,1,20,,255784,53,,,1,20,,255785,53,,,1,60,,255786,53,,,1,20,,255787,53,,,1,20,,255788,53,,,1,60,,255789,53,,,1,20,,255790,53,,,1,20,,255791,53,,,1,62,,255792,53,,,1,21,,255793,53,,,1,23,,255794,53,,,1,57,,255823,53,,,1,16,,255822,53,,,1,19,,255795,53,,,1,61,,255796,53,,,1,16,,255797,53,,,1,16,,255798,53,,,1,15,,255799,53,,,1,54,,255800,53,,,1,13,,255801,53,,,1,12,,255802,53,,,1,13,,255803,53,,,1,66,,255804,53,,,1,31,,255805,53,,,1,71,,255806,53,,,1,30,,255807,53,,,1,70,,255808,53,,,1,30,,255809,53,,,1,69,,255810,53,,,1,29,,255811,53,,,1,100,,255812,53,,,1,100,,255813,53,,,1
5401,'054-Saturday-1-26-09-0000010',642,,212569,53,,,1,70,,212570,53,,,1,30,,212571,53,,,1,70,,212572,53,,,1,30,,212573,53,,,1,64,,212574,53,,,1,24,,212575,53,,,1,24,,212576,53,,,1,60,,212577,53,,,1,20,,212578,53,,,1,20,,212579,53,,,1,60,,212580,53,,,1,20,,212581,53,,,1,20,,212582,53,,,1,60,,212583,53,,,1,20,,212584,53,,,1,20,,212585,53,,,1,60,,212586,53,,,1,20,,212587,53,,,1,20,,212588,53,,,1,60,,212589,53,,,1,20,,212590,53,,,1,20,,212591,53,,,1,60,,212592,53,,,1,20,,212593,53,,,1,20,,212594,53,,,1,60,,212595,53,,,1,20,,212596,53,,,1,20,,212597,53,,,1,60,,212598,53,,,1,21,,212599,53,,,1,21,,212600,53,,,1,60,,212601,53,,,1,20,,212602,53,,,1,20,,212603,53,,,1,60,,212604,53,,,1,20,,212605,53,,,1,20,,212606,53,,,1,60,,212607,53,,,1,20,,212608,53,,,1,20,,212609,53,,,1,60,,212610,53,,,1,20,,212611,53,,,1,20,,212612,53,,,1,60,,212613,53,,,1,30,,212614,53,,,1,100,,212615,53,,,1,100,,212616,53,,,1
5401,'054-Sunday-1-26-09-0000001',644,,212659,53,,,1,70,,212660,53,,,1,30,,212617,53,,,1,70,,212618,53,,,1,30,,212619,53,,,1,70,,212620,53,,,1,33,,212621,53,,,1,70,,212622,53,,,1,30,,212623,53,,,1,60,,212624,53,,,1,20,,212625,53,,,1,20,,212626,53,,,1,60,,212627,53,,,1,20,,212628,53,,,1,20,,212629,53,,,1,60,,212630,53,,,1,20,,212631,53,,,1,20,,212632,53,,,1,60,,212633,53,,,1,20,,212634,53,,,1,20,,212635,53,,,1,60,,212636,53,,,1,20,,212637,53,,,1,20,,212638,53,,,1,60,,212639,53,,,1,20,,212640,53,,,1,20,,212641,53,,,1,60,,212642,53,,,1,20,,212643,53,,,1,21,,212644,53,,,1,60,,212645,53,,,1,20,,212646,53,,,1,20,,212647,53,,,1,60,,212648,53,,,1,20,,212649,53,,,1,20,,212650,53,,,1,70,,212651,53,,,1,30,,212652,53,,,1,70,,212653,53,,,1,30,,212654,53,,,1,70,,212655,53,,,1,30,,212656,53,,,1,100,,212657,53,,,1,100,,212658,53,,,1
90701,'907-Weekday-1-26-09-1111100',547,,238078,32,,,1,70,,238079,32,,,1,28,,238080,32,,,1,56,,238081,32,,,1,15,,238082,32,,,1,15,,238083,32,,,1,15,,238084,32,,,1,55,,238085,32,,,1,15,,238086,32,,,1,15,,238087,32,,,1,15,,238088,32,,,1,70,,238089,32,,,1,30,,238090,32,,,1,70,,238091,32,,,1,30,,238092,32,,,1,70,,238093,32,,,1,30,,238094,32,,,1,70,,238095,32,,,1,30,,238096,32,,,1,70,,238097,32,,,1,30,,238098,32,,,1,70,,238099,32,,,1,30,,238100,32,,,1,73,,238101,32,,,1,22,,238102,32,,,1,17,,238103,32,,,1,55,,238104,32,,,1,15,,238105,32,,,1,15,,238106,32,,,1,15,,238107,32,,,1,55,,238108,32,,,1,15,,238109,32,,,1,15,,238110,32,,,1,15,,238111,32,,,1,66,,238112,32,,,1,22,,238113,32,,,1,70,,238114,32,,,1,30,,238115,32,,,1,70,,238116,32,,,1,30,,238117,32,,,1,70,,238118,32,,,1,30,,238119,32,,,1,72,,238120,32,,,1,100,,238121,32,,,1,100,,238122,32,,,1
90701,'907-Weekday-2-26-09-1111100',547,,238123,32,,,1,70,,238124,32,,,1,28,,238125,32,,,1,56,,238126,32,,,1,15,,238127,32,,,1,15,,238128,32,,,1,15,,238129,32,,,1,55,,238130,32,,,1,15,,238131,32,,,1,15,,238132,32,,,1,15,,238133,32,,,1,70,,238134,32,,,1,30,,238135,32,,,1,70,,238136,32,,,1,30,,238137,32,,,1,70,,238138,32,,,1,30,,238139,32,,,1,70,,238140,32,,,1,30,,238141,32,,,1,70,,238142,32,,,1,30,,238143,32,,,1,70,,238144,32,,,1,30,,238145,32,,,1,73,,238146,32,,,1,22,,238147,32,,,1,17,,238148,32,,,1,55,,238149,32,,,1,15,,238150,32,,,1,15,,238151,32,,,1,15,,238152,32,,,1,55,,238153,32,,,1,15,,238154,32,,,1,15,,238155,32,,,1,15,,238156,32,,,1,66,,238157,32,,,1,22,,238158,32,,,1,70,,238159,32,,,1,30,,238160,32,,,1,70,,238161,32,,,1,30,,238162,32,,,1,70,,238163,32,,,1,30,,238164,32,,,1,72,,238165,32,,,1,100,,238166,32,,,1,100,,238167,32,,,1
90701,'907-Weekday-3-26-09-1111100',547,,280714,32,,,1,70,,280715,32,,,1,28,,280716,32,,,1,56,,280717,32,,,1,15,,280718,32,,,1,15,,280719,32,,,1,15,,280720,32,,,1,55,,280721,32,,,1,15,,280722,32,,,1,15,,280723,32,,,1,15,,280724,32,,,1,70,,280725,32,,,1,30,,280726,32,,,1,70,,280727,32,,,1,30,,280728,32,,,1,70,,280729,32,,,1,30,,280730,32,,,1,70,,280731,32,,,1,30,,280732,32,,,1,70,,280733,32,,,1,30,,280734,32,,,1,70,,280735,32,,,1,30,,280736,32,,,1,73,,280737,32,,,1,22,,280738,32,,,1,17,,280739,32,,,1,55,,280740,32,,,1,15,,280741,32,,,1,15,,280742,32,,,1,15,,280743,32,,,1,55,,280744,32,,,1,15,,280745,32,,,1,15,,280746,32,,,1,15,,280747,32,,,1,66,,280748,32,,,1,22,,280749,32,,,1,70,,280750,32,,,1,30,,280751,32,,,1,70,,280752,32,,,1,30,,280753,32,,,1,70,,280754,32,,,1,30,,280755,32,,,1,72,,280756,32,,,1,100,,280757,32,,,1,100,,280758,32,,,1
90701,'907-Weekday-4-26-09-1111100',547,,238168,32,,,1,70,,238169,32,,,1,28,,238170,32,,,1,56,,238171,32,,,1,15,,238172,32,,,1,15,,238173,32,,,1,15,,238174,32,,,1,55,,238175,32,,,1,15,,238176,32,,,1,15,,238177,32,,,1,15,,238178,32,,,1,70,,238179,32,,,1,30,,238180,32,,,1,70,,238181,32,,,1,30,,238182,32,,,1,70,,238183,32,,,1,30,,238184,32,,,1,70,,238185,32,,,1,30,,238186,32,,,1,70,,238187,32,,,1,30,,238188,32,,,1,70,,238189,32,,,1,30,,238190,32,,,1,73,,238191,32,,,1,22,,238192,32,,,1,17,,238193,32,,,1,55,,238194,32,,,1,15,,238195,32,,,1,15,,238196,32,,,1,15,,238197,32,,,1,55,,238198,32,,,1,15,,238199,32,,,1,15,,238200,32,,,1,15,,238201,32,,,1,66,,238202,32,,,1,22,,238203,32,,,1,70,,238204,32,,,1,30,,238205,32,,,1,70,,238206,32,,,1,30,,238207,32,,,1,70,,238208,32,,,1,30,,238209,32,,,1,72,,238210,32,,,1,100,,238211,32,,,1,100,,238212,32,,,1
90701,'907-Weekday-5-26-09-1111100',547,,280759,32,,,1,70,,280760,32,,,1,28,,280761,32,,,1,56,,280762,32,,,1,15,,280763,32,,,1,15,,280764,32,,,1,15,,280765,32,,,1,55,,280766,32,,,1,15,,280767,32,,,1,15,,280768,32,,,1,15,,280769,32,,,1,70,,280770,32,,,1,30,,280771,32,,,1,70,,280772,32,,,1,30,,280773,32,,,1,70,,280774,32,,,1,30,,280775,32,,,1,70,,280776,32,,,1,30,,280777,32,,,1,70,,280778,32,,,1,30,,280779,32,,,1,70,,280780,32,,,1,30,,280781,32,,,1,73,,280782,32,,,1,22,,280783,32,,,1,17,,280784,32,,,1,55,,280785,32,,,1,15,,280786,32,,,1,15,,280787,32,,,1,15,,280788,32,,,1,55,,280789,32,,,1,15,,280790,32,,,1,15,,280791,32,,,1,15,,280792,32,,,1,66,,280793,32,,,1,22,,280794,32,,,1,70,,280795,32,,,1,30,,280796,32,,,1,70,,280797,32,,,1,30,,280798,32,,,1,70,,280799,32,,,1,30,,280800,32,,,1,72,,280801,32,,,1,100,,280802,32,,,1,100,,280803,32,,,1
90701,'907-Weekday-6-26-09-1111100',547,,280804,32,,,1,70,,280805,32,,,1,28,,280806,32,,,1,56,,280807,32,,,1,15,,280808,32,,,1,15,,280809,32,,,1,15,,280810,32,,,1,55,,280811,32,,,1,15,,280812,32,,,1,15,,280813,32,,,1,15,,280814,32,,,1,70,,280815,32,,,1,30,,280816,32,,,1,70,,280817,32,,,1,30,,280818,32,,,1,70,,280819,32,,,1,30,,280820,32,,,1,70,,280821,32,,,1,30,,280822,32,,,1,70,,280823,32,,,1,30,,280824,32,,,1,70,,280825,32,,,1,30,,280826,32,,,1,73,,280827,32,,,1,22,,280828,32,,,1,17,,280829,32,,,1,55,,280830,32,,,1,15,,280831,32,,,1,15,,280832,32,,,1,15,,280833,32,,,1,55,,280834,32,,,1,15,,280835,32,,,1,15,,280836,32,,,1,15,,280837,32,,,1,66,,280838,32,,,1,22,,280839,32,,,1,70,,280840,32,,,1,30,,280841,32,,,1,70,,280842,32,,,1,30,,280843,32,,,1,70,,280844,32,,,1,30,,280845,32,,,1,72,,280846,32,,,1,100,,280847,32,,,1,100,,280848,32,,,1
90701,'907-Weekday-7-26-09-1111100',547,,280849,32,,,1,70,,280850,32,,,1,28,,280851,32,,,1,56,,280852,32,,,1,15,,280853,32,,,1,15,,280854,32,,,1,15,,280855,32,,,1,55,,280856,32,,,1,15,,280857,32,,,1,15,,280858,32,,,1,15,,280859,32,,,1,70,,280860,32,,,1,30,,280861,32,,,1,70,,280862,32,,,1,30,,280863,32,,,1,70,,280864,32,,,1,30,,280865,32,,,1,70,,280866,32,,,1,30,,280867,32,,,1,70,,280868,32,,,1,30,,280869,32,,,1,70,,280870,32,,,1,30,,280871,32,,,1,73,,280872,32,,,1,22,,280873,32,,,1,17,,280874,32,,,1,55,,280875,32,,,1,15,,280876,32,,,1,15,,280877,32,,,1,15,,280878,32,,,1,55,,280879,32,,,1,15,,280880,32,,,1,15,,280881,32,,,1,15,,280882,32,,,1,66,,280883,32,,,1,22,,280884,32,,,1,70,,280885,32,,,1,30,,280886,32,,,1,70,,280887,32,,,1,30,,280888,32,,,1,70,,280889,32,,,1,30,,280890,32,,,1,72,,280891,32,,,1,100,,280892,32,,,1,100,,280893,32,,,1
90701,'907-Saturday-1-26-09-0000010',649,,238213,32,,,1,100,,238214,32,,,1,100,,238215,32,,,1,67,,238216,32,,,1,30,,238217,32,,,1,70,,238218,32,,,1,30,,238219,32,,,1,70,,238220,32,,,1,30,,238221,32,,,1,70,,238222,32,,,1,30,,238223,32,,,1,70,,238224,32,,,1,30,,238225,32,,,1,70,,238226,32,,,1,30,,238227,32,,,1,70,,238228,32,,,1,30,,238229,32,,,1,70,,238230,32,,,1,30,,238231,32,,,1,71,,238232,32,,,1,30,,238233,32,,,1,70,,238234,32,,,1,30,,238235,32,,,1,70,,238236,32,,,1,100,,238237,32,,,1,100,,238238,32,,,1,100,,238239,32,,,1
90701,'907-Sunday-1-26-09-0000001',1050,,238240,32,,,1,70,,238241,32,,,1,30,,238242,32,,,1,70,,238243,32,,,1,30,,238244,32,,,1,70,,238245,32,,,1,30,,238246,32,,,1,70,,238247,32,,,1,30,,238248,32,,,1,70,,238249,32,,,1,30,,238250,32,,,1,70,,238251,32,,,1,30,,238252,32,,,1,70,,238253,32,,,1,30,,238254,32,,,1,70,,238255,32,,,1,30,,238256,32,,,1,70,,238257,32,,,1,30,,238258,32,,,1
