69100,'691-Weekday-1-26-09-1111100',1521,,227902,2,,,1
69100,'691-Weekday-3-26-09-1111100',1521,,227903,2,,,1
69100,'691-Weekday-7-26-09-1111100',1521,,270662,2,,,1
90300,'903-Weekday-1-26-09-1111100',527,,236928,26,,,1,30,,236929,26,,,1,70,,236930,26,,,1,24,,236931,26,,,1,63,,236932,26,,,1,22,,236933,26,,,1,20,,236934,26,,,1,60,,236935,26,,,1,20,,236936,26,,,1,20,,236937,26,,,1,59,,236938,26,,,1,20,,236939,26,,,1,19,,236940,26,,,1,60,,236941,26,,,1,20,,236942,26,,,1,20,,236943,26,,,1,60,,236944,26,,,1,20,,236945,26,,,1,20,,236946,26,,,1,60,,236947,26,,,1,20,,236948,26,,,1,20,,236949,26,,,1,60,,236950,26,,,1,20,,236951,26,,,1,20,,236952,26,,,1,60,,236953,26,,,1,20,,236954,26,,,1,20,,236955,26,,,1,62,,236956,26,,,1,16,,236957,26,,,1,17,,236958,26,,,1,55,,236959,26,,,1,15,,236960,26,,,1,15,,236961,26,,,1,15,,236962,26,,,1,55,,236963,26,,,1,15,,236964,26,,,1,15,,236968,26,,,1,15,,236969,26,,,1,63,,236965,26,,,1,23,,236966,26,,,1,20,,236967,26,,,1,65,,236976,26,,,1,30,,236977,26,,,1,70,,236972,26,,,1,30,,236973,26,,,1,70,,236974,26,,,1,99,,236975,26,,,1,100,,236971,26,,,1,100,,236970,26,,,1,100,,236978,26,,,1
90300,'903-Weekday-2-26-09-1111100',527,,236979,26,,,1,30,,236980,26,,,1,70,,236981,26,,,1,24,,236982,26,,,1,63,,236983,26,,,1,22,,236984,26,,,1,20,,236985,26,,,1,60,,236986,26,,,1,20,,236987,26,,,1,20,,236988,26,,,1,59,,236989,26,,,1,20,,236990,26,,,1,19,,236991,26,,,1,60,,236992,26,,,1,20,,236993,26,,,1,20,,236994,26,,,1,60,,236995,26,,,1,20,,236996,26,,,1,20,,236997,26,,,1,60,,236998,26,,,1,20,,236999,26,,,1,20,,237000,26,,,1,60,,237001,26,,,1,20,,237002,26,,,1,20,,237003,26,,,1,60,,237004,26,,,1,20,,237005,26,,,1,20,,237006,26,,,1,62,,237007,26,,,1,16,,237008,26,,,1,17,,237009,26,,,1,55,,237010,26,,,1,15,,237011,26,,,1,15,,237012,26,,,1,15,,237013,26,,,1,55,,237014,26,,,1,15,,237015,26,,,1,15,,237019,26,,,1,15,,237020,26,,,1,63,,237016,26,,,1,23,,237017,26,,,1,20,,237018,26,,,1,65,,237027,26,,,1,30,,237028,26,,,1,70,,237023,26,,,1,30,,237024,26,,,1,70,,237025,26,,,1,99,,237026,26,,,1,100,,237022,26,,,1,100,,237021,26,,,1,100,,237029,26,,,1
90300,'903-Weekday-3-26-09-1111100',527,,279577,26,,,1,30,,279578,26,,,1,70,,279579,26,,,1,24,,279580,26,,,1,63,,279581,26,,,1,22,,279582,26,,,1,20,,279583,26,,,1,60,,279584,26,,,1,20,,279585,26,,,1,20,,279586,26,,,1,59,,279587,26,,,1,20,,279588,26,,,1,19,,279589,26,,,1,60,,279590,26,,,1,20,,279591,26,,,1,20,,279592,26,,,1,60,,279593,26,,,1,20,,279594,26,,,1,20,,279595,26,,,1,60,,279596,26,,,1,20,,279597,26,,,1,20,,279598,26,,,1,60,,279599,26,,,1,20,,279600,26,,,1,20,,279601,26,,,1,60,,279602,26,,,1,20,,279603,26,,,1,20,,279604,26,,,1,62,,279605,26,,,1,16,,279606,26,,,1,17,,279607,26,,,1,55,,279608,26,,,1,15,,279609,26,,,1,15,,279610,26,,,1,15,,279611,26,,,1,55,,279612,26,,,1,15,,279613,26,,,1,15,,279617,26,,,1,15,,279618,26,,,1,63,,279614,26,,,1,23,,279615,26,,,1,20,,279616,26,,,1,65,,279625,26,,,1,30,,279626,26,,,1,70,,279621,26,,,1,30,,279622,26,,,1,70,,279623,26,,,1,99,,279624,26,,,1,100,,279620,26,,,1,100,,279619,26,,,1,100,,279627,26,,,1
90300,'903-Weekday-4-26-09-1111100',527,,237030,26,,,1,30,,237031,26,,,1,70,,237032,26,,,1,24,,237033,26,,,1,63,,237034,26,,,1,22,,237035,26,,,1,20,,237036,26,,,1,60,,237037,26,,,1,20,,237038,26,,,1,20,,237039,26,,,1,59,,237040,26,,,1,20,,237041,26,,,1,19,,237042,26,,,1,60,,237043,26,,,1,20,,237044,26,,,1,20,,237045,26,,,1,60,,237046,26,,,1,20,,237047,26,,,1,20,,237048,26,,,1,60,,237049,26,,,1,20,,237050,26,,,1,20,,237051,26,,,1,60,,237052,26,,,1,20,,237053,26,,,1,20,,237054,26,,,1,60,,237055,26,,,1,20,,237056,26,,,1,20,,237057,26,,,1,62,,237058,26,,,1,16,,237059,26,,,1,17,,237060,26,,,1,55,,237061,26,,,1,15,,237062,26,,,1,15,,237063,26,,,1,15,,237064,26,,,1,55,,237065,26,,,1,15,,237066,26,,,1,15,,237070,26,,,1,15,,237071,26,,,1,63,,237067,26,,,1,23,,237068,26,,,1,20,,237069,26,,,1,65,,237078,26,,,1,30,,237079,26,,,1,70,,237074,26,,,1,30,,237075,26,,,1,70,,237076,26,,,1,99,,237077,26,,,1,100,,237073,26,,,1,100,,237072,26,,,1,100,,237080,26,,,1
90300,'903-Weekday-5-26-09-1111100',527,,279628,26,,,1,30,,279629,26,,,1,70,,279630,26,,,1,24,,279631,26,,,1,63,,279632,26,,,1,22,,279633,26,,,1,20,,279634,26,,,1,60,,279635,26,,,1,20,,279636,26,,,1,20,,279637,26,,,1,59,,279638,26,,,1,20,,279639,26,,,1,19,,279640,26,,,1,60,,279641,26,,,1,20,,279642,26,,,1,20,,279643,26,,,1,60,,279644,26,,,1,20,,279645,26,,,1,20,,279646,26,,,1,60,,279647,26,,,1,20,,279648,26,,,1,20,,279649,26,,,1,60,,279650,26,,,1,20,,279651,26,,,1,20,,279652,26,,,1,60,,279653,26,,,1,20,,279654,26,,,1,20,,279655,26,,,1,62,,279656,26,,,1,16,,279657,26,,,1,17,,279658,26,,,1,55,,279659,26,,,1,15,,279660,26,,,1,15,,279661,26,,,1,15,,279662,26,,,1,55,,279663,26,,,1,15,,279664,26,,,1,15,,279668,26,,,1,15,,279669,26,,,1,63,,279665,26,,,1,23,,279666,26,,,1,20,,279667,26,,,1,65,,279676,26,,,1,30,,279677,26,,,1,70,,279672,26,,,1,30,,279673,26,,,1,70,,279674,26,,,1,99,,279675,26,,,1,100,,279671,26,,,1,100,,279670,26,,,1,100,,279678,26,,,1
90300,'903-Weekday-6-26-09-1111100',527,,279679,26,,,1,30,,279680,26,,,1,70,,279681,26,,,1,24,,279682,26,,,1,63,,279683,26,,,1,22,,279684,26,,,1,20,,279685,26,,,1,60,,279686,26,,,1,20,,279687,26,,,1,20,,279688,26,,,1,59,,279689,26,,,1,20,,279690,26,,,1,19,,279691,26,,,1,60,,279692,26,,,1,20,,279693,26,,,1,20,,279694,26,,,1,60,,279695,26,,,1,20,,279696,26,,,1,20,,279697,26,,,1,60,,279698,26,,,1,20,,279699,26,,,1,20,,279700,26,,,1,60,,279701,26,,,1,20,,279702,26,,,1,20,,279703,26,,,1,60,,279704,26,,,1,20,,279705,26,,,1,20,,279706,26,,,1,62,,279707,26,,,1,16,,279708,26,,,1,17,,279709,26,,,1,55,,279710,26,,,1,15,,279711,26,,,1,15,,279712,26,,,1,15,,279713,26,,,1,55,,279714,26,,,1,15,,279715,26,,,1,15,,279719,26,,,1,15,,279720,26,,,1,63,,279716,26,,,1,23,,279717,26,,,1,20,,279718,26,,,1,65,,279727,26,,,1,30,,279728,26,,,1,70,,279723,26,,,1,30,,279724,26,,,1,70,,279725,26,,,1,99,,279726,26,,,1,100,,279722,26,,,1,100,,279721,26,,,1,100,,279729,26,,,1
90300,'903-Weekday-7-26-09-1111100',527,,279730,26,,,1,30,,279731,26,,,1,70,,279732,26,,,1,24,,279733,26,,,1,63,,279734,26,,,1,22,,279735,26,,,1,20,,279736,26,,,1,60,,279737,26,,,1,20,,279738,26,,,1,20,,279739,26,,,1,59,,279740,26,,,1,20,,279741,26,,,1,19,,279742,26,,,1,60,,279743,26,,,1,20,,279744,26,,,1,20,,279745,26,,,1,60,,279746,26,,,1,20,,279747,26,,,1,20,,279748,26,,,1,60,,279749,26,,,1,20,,279750,26,,,1,20,,279751,26,,,1,60,,279752,26,,,1,20,,279753,26,,,1,20,,279754,26,,,1,60,,279755,26,,,1,20,,279756,26,,,1,20,,279757,26,,,1,62,,279758,26,,,1,16,,279759,26,,,1,17,,279760,26,,,1,55,,279761,26,,,1,15,,279762,26,,,1,15,,279763,26,,,1,15,,279764,26,,,1,55,,279765,26,,,1,15,,279766,26,,,1,15,,279770,26,,,1,15,,279771,26,,,1,63,,279767,26,,,1,23,,279768,26,,,1,20,,279769,26,,,1,65,,279778,26,,,1,30,,279779,26,,,1,70,,279774,26,,,1,30,,279775,26,,,1,70,,279776,26,,,1,99,,279777,26,,,1,100,,279773,26,,,1,100,,279772,26,,,1,100,,279780,26,,,1
90300,'903-Saturday-1-26-09-0000010',600,,237090,26,,,1,100,,237091,26,,,1,49,,237089,26,,,1,70,,237092,26,,,1,20,,237093,26,,,1,20,,237086,26,,,1,60,,237094,26,,,1,20,,237095,26,,,1,20,,237096,26,,,1,60,,237097,26,,,1,20,,237098,26,,,1,20,,237099,26,,,1,60,,237100,26,,,1,20,,237101,26,,,1,20,,237102,26,,,1,60,,237103,26,,,1,20,,237104,26,,,1,20,,237105,26,,,1,60,,237106,26,,,1,20,,237107,26,,,1,20,,237108,26,,,1,60,,237109,26,,,1,20,,237110,26,,,1,20,,237111,26,,,1,60,,237112,26,,,1,20,,237113,26,,,1,20,,237114,26,,,1,60,,237115,26,,,1,20,,237116,26,,,1,20,,237117,26,,,1,60,,237118,26,,,1,20,,237119,26,,,1,20,,237084,26,,,1,60,,237081,26,,,1,20,,237085,26,,,1,20,,237087,26,,,1,60,,237088,26,,,1,30,,237120,26,,,1,70,,237121,26,,,1,30,,237122,26,,,1,70,,237082,26,,,1,30,,237083,26,,,1,100,,237123,26,,,1,100,,237124,26,,,1
90300,'903-Sunday-1-26-09-0000001',616,,237127,26,,,1,96,,237128,26,,,1,100,,237129,26,,,1,99,,237130,26,,,1,31,,237131,26,,,1,70,,237132,26,,,1,30,,237133,26,,,1,70,,237134,26,,,1,30,,237135,26,,,1,70,,237136,26,,,1,30,,237137,26,,,1,70,,237138,26,,,1,30,,237139,26,,,1,70,,237140,26,,,1,30,,237141,26,,,1,70,,237142,26,,,1,30,,237143,26,,,1,70,,237144,26,,,1,30,,237145,26,,,1,70,,237146,26,,,1,29,,237147,26,,,1,70,,237148,26,,,1,30,,237149,26,,,1,70,,237150,26,,,1,30,,237151,26,,,1,70,,237152,26,,,1,30,,237153,26,,,1,70,,237154,26,,,1,30,,237155,26,,,1,72,,237156,26,,,1,102,,237125,26,,,1,100,,237126,26,,,1
24014001,'140X-Weekday-1-26-09-1111100',629,,245062,45,,,1,22,,245067,45,,,1,61,,245061,45,,,1,20,,245063,45,,,1,20,,245064,45,,,1,60,,245065,45,,,1,20,,245066,45,,,1,20,,245068,45,,,1
24014001,'140X-Weekday-2-26-09-1111100',629,,245070,45,,,1,22,,245075,45,,,1,61,,245069,45,,,1,20,,245071,45,,,1,20,,245072,45,,,1,60,,245073,45,,,1,20,,245074,45,,,1,20,,245076,45,,,1
24014001,'140X-Weekday-3-26-09-1111100',629,,287563,45,,,1,22,,287568,45,,,1,61,,287562,45,,,1,20,,287564,45,,,1,20,,287565,45,,,1,60,,287566,45,,,1,20,,287567,45,,,1,20,,287569,45,,,1
24014001,'140X-Weekday-4-26-09-1111100',629,,245078,45,,,1,22,,245083,45,,,1,61,,245077,45,,,1,20,,245079,45,,,1,20,,245080,45,,,1,60,,245081,45,,,1,20,,245082,45,,,1,20,,245084,45,,,1
24014001,'140X-Weekday-5-26-09-1111100',629,,287571,45,,,1,22,,287576,45,,,1,61,,287570,45,,,1,20,,287572,45,,,1,20,,287573,45,,,1,60,,287574,45,,,1,20,,287575,45,,,1,20,,287577,45,,,1
24014001,'140X-Weekday-6-26-09-1111100',629,,287579,45,,,1,22,,287584,45,,,1,61,,287578,45,,,1,20,,287580,45,,,1,20,,287581,45,,,1,60,,287582,45,,,1,20,,287583,45,,,1,20,,287585,45,,,1
24014001,'140X-Weekday-7-26-09-1111100',629,,287587,45,,,1,22,,287592,45,,,1,61,,287586,45,,,1,20,,287588,45,,,1,20,,287589,45,,,1,60,,287590,45,,,1,20,,287591,45,,,1,20,,287593,45,,,1
