66200,'662-Weekday-1-26-09-1111100',754,,227727,1,,,1,5,,227722,1,,,1,45,,227723,1,,,1,9,,227724,1,,,1,4,,227725,1,,,1,6,,227726,1,,,1
66200,'662-Weekday-3-26-09-1111100',804,,227728,1,,,1,9,,227729,1,,,1,4,,227730,1,,,1,6,,227731,1,,,1
66200,'662-Weekday-4-26-09-1111100',754,,270526,1,,,1,5,,270525,1,,,1
66200,'662-Weekday-7-26-09-1111100',754,,270532,1,,,1,5,,270527,1,,,1,45,,270528,1,,,1,9,,270529,1,,,1,4,,270530,1,,,1,6,,270531,1,,,1
71900,'719-Weekday-1-26-09-1111100',509,,233411,39,4,,1,30,,233413,39,4,,1,70,,233366,39,4,,1,8,,233414,39,4,,1,7,,233422,39,4,,1,9,,233437,39,4,,1,10,,233434,39,4,,1,11,,233412,39,4,,1,50,,233367,39,4,,1,11,,233438,39,4,,1,16,,233420,39,4,,1,8,,233426,39,4,,1,7,,233368,39,4,,1,8,,233427,39,4,,1,47,,233435,39,4,,1,8,,233432,39,4,,1,7,,233369,39,4,,1,8,,233428,39,4,,1,7,,233371,39,4,,1,6,,233429,39,4,,1,5,,233370,39,4,,1,5,,233430,39,4,,1,6,,233436,39,4,,1,48,,233439,39,4,,1,7,,233421,39,4,,1,18,,233372,39,4,,1,18,,233373,39,4,,1,60,,233374,39,4,,1,20,,233375,39,4,,1,20,,233376,39,4,,1,60,,233377,39,4,,1,20,,233378,39,4,,1,20,,233379,39,4,,1,60,,233380,39,4,,1,20,,233381,39,4,,1,20,,233382,39,4,,1,60,,233383,39,4,,1,20,,233384,39,4,,1,20,,233385,39,4,,1,60,,233386,39,4,,1,20,,233387,39,4,,1,20,,233388,39,4,,1,60,,233389,39,4,,1,21,,233390,39,4,,1,25,,233391,39,4,,1,61,,233392,39,4,,1,20,,233393,39,4,,1,20,,233433,39,4,,1,60,,233423,39,4,,1,20,,233394,39,4,,1,20,,233396,39,4,,1,60,,233395,39,4,,1,20,,233397,39,4,,1,19,,233398,39,4,,1,56,,233399,39,4,,1,18,,233400,39,4,,1,20,,233401,39,4,,1,60,,233402,39,4,,1,20,,233403,39,4,,1,20,,233404,39,4,,1,60,,233405,39,4,,1,20,,233406,39,4,,1,20,,233407,39,4,,1,60,,233415,39,4,,1,27,,233408,39,4,,1,99,,233409,39,4,,1,100,,233410,39,4,,1
71900,'719-Weekday-2-26-09-1111100',509,,233487,39,4,,1,30,,233489,39,4,,1,70,,233442,39,4,,1,8,,233490,39,4,,1,7,,233498,39,4,,1,9,,233513,39,4,,1,10,,233510,39,4,,1,11,,233488,39,4,,1,50,,233443,39,4,,1,11,,233514,39,4,,1,16,,233496,39,4,,1,8,,233502,39,4,,1,7,,233444,39,4,,1,8,,233503,39,4,,1,47,,233511,39,4,,1,8,,233508,39,4,,1,7,,233445,39,4,,1,8,,233504,39,4,,1,7,,233447,39,4,,1,6,,233505,39,4,,1,5,,233446,39,4,,1,5,,233506,39,4,,1,6,,233512,39,4,,1,48,,233515,39,4,,1,7,,233497,39,4,,1,18,,233448,39,4,,1,18,,233449,39,4,,1,60,,233450,39,4,,1,20,,233451,39,4,,1,20,,233452,39,4,,1,60,,233453,39,4,,1,20,,233454,39,4,,1,20,,233455,39,4,,1,60,,233456,39,4,,1,20,,233457,39,4,,1,20,,233458,39,4,,1,60,,233459,39,4,,1,20,,233460,39,4,,1,20,,233461,39,4,,1,60,,233462,39,4,,1,20,,233463,39,4,,1,20,,233464,39,4,,1,60,,233465,39,4,,1,21,,233466,39,4,,1,25,,233467,39,4,,1,61,,233468,39,4,,1,20,,233469,39,4,,1,20,,233509,39,4,,1,60,,233499,39,4,,1,20,,233470,39,4,,1,20,,233472,39,4,,1,60,,233471,39,4,,1,20,,233473,39,4,,1,19,,233474,39,4,,1,56,,233475,39,4,,1,18,,233476,39,4,,1,20,,233477,39,4,,1,60,,233478,39,4,,1,20,,233479,39,4,,1,20,,233480,39,4,,1,60,,233481,39,4,,1,20,,233482,39,4,,1,20,,233483,39,4,,1,60,,233491,39,4,,1,27,,233484,39,4,,1,99,,233485,39,4,,1,100,,233486,39,4,,1
71900,'719-Weekday-3-26-09-1111100',509,,276051,39,4,,1,30,,276053,39,4,,1,70,,276006,39,4,,1,8,,276054,39,4,,1,7,,276062,39,4,,1,9,,276077,39,4,,1,10,,276074,39,4,,1,11,,276052,39,4,,1,50,,276007,39,4,,1,11,,276078,39,4,,1,16,,276060,39,4,,1,8,,276066,39,4,,1,7,,276008,39,4,,1,8,,276067,39,4,,1,47,,276075,39,4,,1,8,,276072,39,4,,1,7,,276009,39,4,,1,8,,276068,39,4,,1,7,,276011,39,4,,1,6,,276069,39,4,,1,5,,276010,39,4,,1,5,,276070,39,4,,1,6,,276076,39,4,,1,48,,276079,39,4,,1,7,,276061,39,4,,1,18,,276012,39,4,,1,18,,276013,39,4,,1,60,,276014,39,4,,1,20,,276015,39,4,,1,20,,276016,39,4,,1,60,,276017,39,4,,1,20,,276018,39,4,,1,20,,276019,39,4,,1,60,,276020,39,4,,1,20,,276021,39,4,,1,20,,276022,39,4,,1,60,,276023,39,4,,1,20,,276024,39,4,,1,20,,276025,39,4,,1,60,,276026,39,4,,1,20,,276027,39,4,,1,20,,276028,39,4,,1,60,,276029,39,4,,1,21,,276030,39,4,,1,25,,276031,39,4,,1,61,,276032,39,4,,1,20,,276033,39,4,,1,20,,276073,39,4,,1,60,,276063,39,4,,1,20,,276034,39,4,,1,20,,276036,39,4,,1,60,,276035,39,4,,1,20,,276037,39,4,,1,19,,276038,39,4,,1,56,,276039,39,4,,1,18,,276040,39,4,,1,20,,276041,39,4,,1,60,,276042,39,4,,1,20,,276043,39,4,,1,20,,276044,39,4,,1,60,,276045,39,4,,1,20,,276046,39,4,,1,20,,276047,39,4,,1,60,,276055,39,4,,1,27,,276048,39,4,,1,99,,276049,39,4,,1,100,,276050,39,4,,1
71900,'719-Weekday-4-26-09-1111100',509,,233563,39,4,,1,30,,233565,39,4,,1,70,,233518,39,4,,1,8,,233566,39,4,,1,7,,233574,39,4,,1,9,,233589,39,4,,1,10,,233586,39,4,,1,11,,233564,39,4,,1,50,,233519,39,4,,1,11,,233590,39,4,,1,16,,233572,39,4,,1,8,,233578,39,4,,1,7,,233520,39,4,,1,8,,233579,39,4,,1,47,,233587,39,4,,1,8,,233584,39,4,,1,7,,233521,39,4,,1,8,,233580,39,4,,1,7,,233523,39,4,,1,6,,233581,39,4,,1,5,,233522,39,4,,1,5,,233582,39,4,,1,6,,233588,39,4,,1,48,,233591,39,4,,1,7,,233573,39,4,,1,18,,233524,39,4,,1,18,,233525,39,4,,1,60,,233526,39,4,,1,20,,233527,39,4,,1,20,,233528,39,4,,1,60,,233529,39,4,,1,20,,233530,39,4,,1,20,,233531,39,4,,1,60,,233532,39,4,,1,20,,233533,39,4,,1,20,,233534,39,4,,1,60,,233535,39,4,,1,20,,233536,39,4,,1,20,,233537,39,4,,1,60,,233538,39,4,,1,20,,233539,39,4,,1,20,,233540,39,4,,1,60,,233541,39,4,,1,21,,233542,39,4,,1,25,,233543,39,4,,1,61,,233544,39,4,,1,20,,233545,39,4,,1,20,,233585,39,4,,1,60,,233575,39,4,,1,20,,233546,39,4,,1,20,,233548,39,4,,1,60,,233547,39,4,,1,20,,233549,39,4,,1,19,,233550,39,4,,1,56,,233551,39,4,,1,18,,233552,39,4,,1,20,,233553,39,4,,1,60,,233554,39,4,,1,20,,233555,39,4,,1,20,,233556,39,4,,1,60,,233557,39,4,,1,20,,233558,39,4,,1,20,,233559,39,4,,1,60,,233567,39,4,,1,27,,233560,39,4,,1,99,,233561,39,4,,1,100,,233562,39,4,,1
71900,'719-Weekday-5-26-09-1111100',509,,276127,39,4,,1,30,,276129,39,4,,1,70,,276082,39,4,,1,8,,276130,39,4,,1,7,,276138,39,4,,1,9,,276153,39,4,,1,10,,276150,39,4,,1,11,,276128,39,4,,1,50,,276083,39,4,,1,11,,276154,39,4,,1,16,,276136,39,4,,1,8,,276142,39,4,,1,7,,276084,39,4,,1,8,,276143,39,4,,1,47,,276151,39,4,,1,8,,276148,39,4,,1,7,,276085,39,4,,1,8,,276144,39,4,,1,7,,276087,39,4,,1,6,,276145,39,4,,1,5,,276086,39,4,,1,5,,276146,39,4,,1,6,,276152,39,4,,1,48,,276155,39,4,,1,7,,276137,39,4,,1,18,,276088,39,4,,1,18,,276089,39,4,,1,60,,276090,39,4,,1,20,,276091,39,4,,1,20,,276092,39,4,,1,60,,276093,39,4,,1,20,,276094,39,4,,1,20,,276095,39,4,,1,60,,276096,39,4,,1,20,,276097,39,4,,1,20,,276098,39,4,,1,60,,276099,39,4,,1,20,,276100,39,4,,1,20,,276101,39,4,,1,60,,276102,39,4,,1,20,,276103,39,4,,1,20,,276104,39,4,,1,60,,276105,39,4,,1,21,,276106,39,4,,1,25,,276107,39,4,,1,61,,276108,39,4,,1,20,,276109,39,4,,1,20,,276149,39,4,,1,60,,276139,39,4,,1,20,,276110,39,4,,1,20,,276112,39,4,,1,60,,276111,39,4,,1,20,,276113,39,4,,1,19,,276114,39,4,,1,56,,276115,39,4,,1,18,,276116,39,4,,1,20,,276117,39,4,,1,60,,276118,39,4,,1,20,,276119,39,4,,1,20,,276120,39,4,,1,60,,276121,39,4,,1,20,,276122,39,4,,1,20,,276123,39,4,,1,60,,276131,39,4,,1,27,,276124,39,4,,1,99,,276125,39,4,,1,100,,276126,39,4,,1
71900,'719-Weekday-6-26-09-1111100',509,,276203,39,4,,1,30,,276205,39,4,,1,70,,276158,39,4,,1,8,,276206,39,4,,1,7,,276214,39,4,,1,9,,276229,39,4,,1,10,,276226,39,4,,1,11,,276204,39,4,,1,50,,276159,39,4,,1,11,,276230,39,4,,1,16,,276212,39,4,,1,8,,276218,39,4,,1,7,,276160,39,4,,1,8,,276219,39,4,,1,47,,276227,39,4,,1,8,,276224,39,4,,1,7,,276161,39,4,,1,8,,276220,39,4,,1,7,,276163,39,4,,1,6,,276221,39,4,,1,5,,276162,39,4,,1,5,,276222,39,4,,1,6,,276228,39,4,,1,48,,276231,39,4,,1,7,,276213,39,4,,1,18,,276164,39,4,,1,18,,276165,39,4,,1,60,,276166,39,4,,1,20,,276167,39,4,,1,20,,276168,39,4,,1,60,,276169,39,4,,1,20,,276170,39,4,,1,20,,276171,39,4,,1,60,,276172,39,4,,1,20,,276173,39,4,,1,20,,276174,39,4,,1,60,,276175,39,4,,1,20,,276176,39,4,,1,20,,276177,39,4,,1,60,,276178,39,4,,1,20,,276179,39,4,,1,20,,276180,39,4,,1,60,,276181,39,4,,1,21,,276182,39,4,,1,25,,276183,39,4,,1,61,,276184,39,4,,1,20,,276185,39,4,,1,20,,276225,39,4,,1,60,,276215,39,4,,1,20,,276186,39,4,,1,20,,276188,39,4,,1,60,,276187,39,4,,1,20,,276189,39,4,,1,19,,276190,39,4,,1,56,,276191,39,4,,1,18,,276192,39,4,,1,20,,276193,39,4,,1,60,,276194,39,4,,1,20,,276195,39,4,,1,20,,276196,39,4,,1,60,,276197,39,4,,1,20,,276198,39,4,,1,20,,276199,39,4,,1,60,,276207,39,4,,1,27,,276200,39,4,,1,99,,276201,39,4,,1,100,,276202,39,4,,1
71900,'719-Weekday-7-26-09-1111100',509,,276279,39,4,,1,30,,276281,39,4,,1,70,,276234,39,4,,1,8,,276282,39,4,,1,7,,276290,39,4,,1,9,,276305,39,4,,1,10,,276302,39,4,,1,11,,276280,39,4,,1,50,,276235,39,4,,1,11,,276306,39,4,,1,16,,276288,39,4,,1,8,,276294,39,4,,1,7,,276236,39,4,,1,8,,276295,39,4,,1,47,,276303,39,4,,1,8,,276300,39,4,,1,7,,276237,39,4,,1,8,,276296,39,4,,1,7,,276239,39,4,,1,6,,276297,39,4,,1,5,,276238,39,4,,1,5,,276298,39,4,,1,6,,276304,39,4,,1,48,,276307,39,4,,1,7,,276289,39,4,,1,18,,276240,39,4,,1,18,,276241,39,4,,1,60,,276242,39,4,,1,20,,276243,39,4,,1,20,,276244,39,4,,1,60,,276245,39,4,,1,20,,276246,39,4,,1,20,,276247,39,4,,1,60,,276248,39,4,,1,20,,276249,39,4,,1,20,,276250,39,4,,1,60,,276251,39,4,,1,20,,276252,39,4,,1,20,,276253,39,4,,1,60,,276254,39,4,,1,20,,276255,39,4,,1,20,,276256,39,4,,1,60,,276257,39,4,,1,21,,276258,39,4,,1,25,,276259,39,4,,1,61,,276260,39,4,,1,20,,276261,39,4,,1,20,,276301,39,4,,1,60,,276291,39,4,,1,20,,276262,39,4,,1,20,,276264,39,4,,1,60,,276263,39,4,,1,20,,276265,39,4,,1,19,,276266,39,4,,1,56,,276267,39,4,,1,18,,276268,39,4,,1,20,,276269,39,4,,1,60,,276270,39,4,,1,20,,276271,39,4,,1,20,,276272,39,4,,1,60,,276273,39,4,,1,20,,276274,39,4,,1,20,,276275,39,4,,1,60,,276283,39,4,,1,27,,276276,39,4,,1,99,,276277,39,4,,1,100,,276278,39,4,,1
71900,'719-Saturday-1-26-09-0000010',617,,233594,39,4,,1,30,,233595,39,4,,1,70,,233596,39,4,,1,30,,233597,39,4,,1,70,,233598,39,4,,1,30,,233599,39,4,,1,74,,233600,39,4,,1,34,,233601,39,4,,1,70,,233602,39,4,,1,30,,233603,39,4,,1,70,,233604,39,4,,1,30,,233605,39,4,,1,70,,233606,39,4,,1,30,,233607,39,4,,1,70,,233608,39,4,,1,30,,233609,39,4,,1,70,,233610,39,4,,1,30,,233611,39,4,,1,70,,233612,39,4,,1,30,,233613,39,4,,1,70,,233614,39,4,,1,30,,233615,39,4,,1,66,,233616,39,4,,1,29,,233617,39,4,,1,70,,233618,39,4,,1,30,,233619,39,4,,1,70,,233620,39,4,,1,30,,233621,39,4,,1,70,,233622,39,4,,1,30,,233623,39,4,,1,70,,233624,39,4,,1,30,,233625,39,4,,1,70,,233626,39,4,,1,30,,233627,39,4,,1,70,,233628,39,4,,1,30,,233629,39,4,,1,70,,233630,39,4,,1
71900,'719-Sunday-1-26-09-0000001',618,,233631,39,4,,1,100,,233632,39,4,,1,100,,233633,39,4,,1,103,,233634,39,4,,1,102,,233635,39,4,,1,100,,233636,39,4,,1,30,,233637,39,4,,1,70,,233638,39,4,,1,30,,233639,39,4,,1,70,,233640,39,4,,1,30,,233641,39,4,,1,70,,233642,39,4,,1,30,,233643,39,4,,1,70,,233644,39,4,,1,30,,233645,39,4,,1,70,,233646,39,4,,1,30,,233647,39,4,,1,67,,233648,39,4,,1,29,,233649,39,4,,1,70,,233650,39,4,,1,30,,233651,39,4,,1,70,,233652,39,4,,1,30,,233653,39,4,,1,85,,233654,39,4,,1,100,,233655,39,4,,1,100,,233656,39,4,,1,100,,233657,39,4,,1,100,,233658,39,4,,1
71901,'719-Weekday-1-26-09-1111100',531,,233659,1,,,1,15,,233709,1,,,1,55,,233715,1,,,1,15,,233660,1,,,1,15,,233710,1,,,1,15,,233661,1,,,1,55,,233716,1,,,1,15,,233711,1,,,1,15,,233662,1,,,1,15,,233712,1,,,1,55,,233717,1,,,1,17,,233718,1,,,1,20,,233663,1,,,1,20,,233664,1,,,1,60,,233665,1,,,1,20,,233666,1,,,1,20,,233667,1,,,1,60,,233668,1,,,1,20,,233669,1,,,1,20,,233670,1,,,1,60,,233671,1,,,1,20,,233672,1,,,1,20,,233673,1,,,1,60,,233674,1,,,1,20,,233675,1,,,1,20,,233676,1,,,1,60,,233677,1,,,1,20,,233678,1,,,1,20,,233679,1,,,1,60,,233680,1,,,1,20,,233681,1,,,1,20,,233682,1,,,1,50,,233702,1,,,1,10,,233684,1,,,1,10,,233707,1,,,1,10,,233686,1,,,1,10,,233714,1,,,1,10,,233719,1,,,1,50,,233720,1,,,1,10,,233713,1,,,1,10,,233705,1,,,1,10,,233688,1,,,1,10,,233706,1,,,1,10,,233691,1,,,1,50,,233703,1,,,1,10,,233693,1,,,1,10,,233708,1,,,1,10,,233695,1,,,1,10,,233721,1,,,1,52,,233696,1,,,1,20,,233697,1,,,1,20,,233698,1,,,1,60,,233699,1,,,1,20,,233700,1,,,1,20,,233701,1,,,1,60,,233694,1,,,1,20,,233692,1,,,1,20,,233690,1,,,1,60,,233689,1,,,1,20,,233704,1,,,1,30,,233687,1,,,1,100,,233685,1,,,1,100,,233683,1,,,1
71901,'719-Weekday-2-26-09-1111100',531,,233722,1,,,1,15,,233772,1,,,1,55,,233778,1,,,1,15,,233723,1,,,1,15,,233773,1,,,1,15,,233724,1,,,1,55,,233779,1,,,1,15,,233774,1,,,1,15,,233725,1,,,1,15,,233775,1,,,1,55,,233780,1,,,1,17,,233781,1,,,1,20,,233726,1,,,1,20,,233727,1,,,1,60,,233728,1,,,1,20,,233729,1,,,1,20,,233730,1,,,1,60,,233731,1,,,1,20,,233732,1,,,1,20,,233733,1,,,1,60,,233734,1,,,1,20,,233735,1,,,1,20,,233736,1,,,1,60,,233737,1,,,1,20,,233738,1,,,1,20,,233739,1,,,1,60,,233740,1,,,1,20,,233741,1,,,1,20,,233742,1,,,1,60,,233743,1,,,1,20,,233744,1,,,1,20,,233745,1,,,1,50,,233765,1,,,1,10,,233747,1,,,1,10,,233770,1,,,1,10,,233749,1,,,1,10,,233777,1,,,1,10,,233782,1,,,1,50,,233783,1,,,1,10,,233776,1,,,1,10,,233768,1,,,1,10,,233751,1,,,1,10,,233769,1,,,1,10,,233754,1,,,1,50,,233766,1,,,1,10,,233756,1,,,1,10,,233771,1,,,1,10,,233758,1,,,1,10,,233784,1,,,1,52,,233759,1,,,1,20,,233760,1,,,1,20,,233761,1,,,1,60,,233762,1,,,1,20,,233763,1,,,1,20,,233764,1,,,1,60,,233757,1,,,1,20,,233755,1,,,1,20,,233753,1,,,1,60,,233752,1,,,1,20,,233767,1,,,1,30,,233750,1,,,1,100,,233748,1,,,1,100,,233746,1,,,1
71901,'719-Weekday-3-26-09-1111100',531,,276310,1,,,1,15,,276360,1,,,1,55,,276366,1,,,1,15,,276311,1,,,1,15,,276361,1,,,1,15,,276312,1,,,1,55,,276367,1,,,1,15,,276362,1,,,1,15,,276313,1,,,1,15,,276363,1,,,1,55,,276368,1,,,1,17,,276369,1,,,1,20,,276314,1,,,1,20,,276315,1,,,1,60,,276316,1,,,1,20,,276317,1,,,1,20,,276318,1,,,1,60,,276319,1,,,1,20,,276320,1,,,1,20,,276321,1,,,1,60,,276322,1,,,1,20,,276323,1,,,1,20,,276324,1,,,1,60,,276325,1,,,1,20,,276326,1,,,1,20,,276327,1,,,1,60,,276328,1,,,1,20,,276329,1,,,1,20,,276330,1,,,1,60,,276331,1,,,1,20,,276332,1,,,1,20,,276333,1,,,1,50,,276353,1,,,1,10,,276335,1,,,1,10,,276358,1,,,1,10,,276337,1,,,1,10,,276365,1,,,1,10,,276370,1,,,1,50,,276371,1,,,1,10,,276364,1,,,1,10,,276356,1,,,1,10,,276339,1,,,1,10,,276357,1,,,1,10,,276342,1,,,1,50,,276354,1,,,1,10,,276344,1,,,1,10,,276359,1,,,1,10,,276346,1,,,1,10,,276372,1,,,1,52,,276347,1,,,1,20,,276348,1,,,1,20,,276349,1,,,1,60,,276350,1,,,1,20,,276351,1,,,1,20,,276352,1,,,1,60,,276345,1,,,1,20,,276343,1,,,1,20,,276341,1,,,1,60,,276340,1,,,1,20,,276355,1,,,1,30,,276338,1,,,1,100,,276336,1,,,1,100,,276334,1,,,1
71901,'719-Weekday-4-26-09-1111100',531,,233785,1,,,1,15,,233835,1,,,1,55,,233841,1,,,1,15,,233786,1,,,1,15,,233836,1,,,1,15,,233787,1,,,1,55,,233842,1,,,1,15,,233837,1,,,1,15,,233788,1,,,1,15,,233838,1,,,1,55,,233843,1,,,1,17,,233844,1,,,1,20,,233789,1,,,1,20,,233790,1,,,1,60,,233791,1,,,1,20,,233792,1,,,1,20,,233793,1,,,1,60,,233794,1,,,1,20,,233795,1,,,1,20,,233796,1,,,1,60,,233797,1,,,1,20,,233798,1,,,1,20,,233799,1,,,1,60,,233800,1,,,1,20,,233801,1,,,1,20,,233802,1,,,1,60,,233803,1,,,1,20,,233804,1,,,1,20,,233805,1,,,1,60,,233806,1,,,1,20,,233807,1,,,1,20,,233808,1,,,1,50,,233828,1,,,1,10,,233810,1,,,1,10,,233833,1,,,1,10,,233812,1,,,1,10,,233840,1,,,1,10,,233845,1,,,1,50,,233846,1,,,1,10,,233839,1,,,1,10,,233831,1,,,1,10,,233814,1,,,1,10,,233832,1,,,1,10,,233817,1,,,1,50,,233829,1,,,1,10,,233819,1,,,1,10,,233834,1,,,1,10,,233821,1,,,1,10,,233847,1,,,1,52,,233822,1,,,1,20,,233823,1,,,1,20,,233824,1,,,1,60,,233825,1,,,1,20,,233826,1,,,1,20,,233827,1,,,1,60,,233820,1,,,1,20,,233818,1,,,1,20,,233816,1,,,1,60,,233815,1,,,1,20,,233830,1,,,1,30,,233813,1,,,1,100,,233811,1,,,1,100,,233809,1,,,1
71901,'719-Weekday-5-26-09-1111100',531,,276373,1,,,1,15,,276423,1,,,1,55,,276429,1,,,1,15,,276374,1,,,1,15,,276424,1,,,1,15,,276375,1,,,1,55,,276430,1,,,1,15,,276425,1,,,1,15,,276376,1,,,1,15,,276426,1,,,1,55,,276431,1,,,1,17,,276432,1,,,1,20,,276377,1,,,1,20,,276378,1,,,1,60,,276379,1,,,1,20,,276380,1,,,1,20,,276381,1,,,1,60,,276382,1,,,1,20,,276383,1,,,1,20,,276384,1,,,1,60,,276385,1,,,1,20,,276386,1,,,1,20,,276387,1,,,1,60,,276388,1,,,1,20,,276389,1,,,1,20,,276390,1,,,1,60,,276391,1,,,1,20,,276392,1,,,1,20,,276393,1,,,1,60,,276394,1,,,1,20,,276395,1,,,1,20,,276396,1,,,1,50,,276416,1,,,1,10,,276398,1,,,1,10,,276421,1,,,1,10,,276400,1,,,1,10,,276428,1,,,1,10,,276433,1,,,1,50,,276434,1,,,1,10,,276427,1,,,1,10,,276419,1,,,1,10,,276402,1,,,1,10,,276420,1,,,1,10,,276405,1,,,1,50,,276417,1,,,1,10,,276407,1,,,1,10,,276422,1,,,1,10,,276409,1,,,1,10,,276435,1,,,1,52,,276410,1,,,1,20,,276411,1,,,1,20,,276412,1,,,1,60,,276413,1,,,1,20,,276414,1,,,1,20,,276415,1,,,1,60,,276408,1,,,1,20,,276406,1,,,1,20,,276404,1,,,1,60,,276403,1,,,1,20,,276418,1,,,1,30,,276401,1,,,1,100,,276399,1,,,1,100,,276397,1,,,1
71901,'719-Weekday-6-26-09-1111100',531,,276436,1,,,1,15,,276486,1,,,1,55,,276492,1,,,1,15,,276437,1,,,1,15,,276487,1,,,1,15,,276438,1,,,1,55,,276493,1,,,1,15,,276488,1,,,1,15,,276439,1,,,1,15,,276489,1,,,1,55,,276494,1,,,1,17,,276495,1,,,1,20,,276440,1,,,1,20,,276441,1,,,1,60,,276442,1,,,1,20,,276443,1,,,1,20,,276444,1,,,1,60,,276445,1,,,1,20,,276446,1,,,1,20,,276447,1,,,1,60,,276448,1,,,1,20,,276449,1,,,1,20,,276450,1,,,1,60,,276451,1,,,1,20,,276452,1,,,1,20,,276453,1,,,1,60,,276454,1,,,1,20,,276455,1,,,1,20,,276456,1,,,1,60,,276457,1,,,1,20,,276458,1,,,1,20,,276459,1,,,1,50,,276479,1,,,1,10,,276461,1,,,1,10,,276484,1,,,1,10,,276463,1,,,1,10,,276491,1,,,1,10,,276496,1,,,1,50,,276497,1,,,1,10,,276490,1,,,1,10,,276482,1,,,1,10,,276465,1,,,1,10,,276483,1,,,1,10,,276468,1,,,1,50,,276480,1,,,1,10,,276470,1,,,1,10,,276485,1,,,1,10,,276472,1,,,1,10,,276498,1,,,1,52,,276473,1,,,1,20,,276474,1,,,1,20,,276475,1,,,1,60,,276476,1,,,1,20,,276477,1,,,1,20,,276478,1,,,1,60,,276471,1,,,1,20,,276469,1,,,1,20,,276467,1,,,1,60,,276466,1,,,1,20,,276481,1,,,1,30,,276464,1,,,1,100,,276462,1,,,1,100,,276460,1,,,1
71901,'719-Weekday-7-26-09-1111100',531,,276499,1,,,1,15,,276549,1,,,1,55,,276555,1,,,1,15,,276500,1,,,1,15,,276550,1,,,1,15,,276501,1,,,1,55,,276556,1,,,1,15,,276551,1,,,1,15,,276502,1,,,1,15,,276552,1,,,1,55,,276557,1,,,1,17,,276558,1,,,1,20,,276503,1,,,1,20,,276504,1,,,1,60,,276505,1,,,1,20,,276506,1,,,1,20,,276507,1,,,1,60,,276508,1,,,1,20,,276509,1,,,1,20,,276510,1,,,1,60,,276511,1,,,1,20,,276512,1,,,1,20,,276513,1,,,1,60,,276514,1,,,1,20,,276515,1,,,1,20,,276516,1,,,1,60,,276517,1,,,1,20,,276518,1,,,1,20,,276519,1,,,1,60,,276520,1,,,1,20,,276521,1,,,1,20,,276522,1,,,1,50,,276542,1,,,1,10,,276524,1,,,1,10,,276547,1,,,1,10,,276526,1,,,1,10,,276554,1,,,1,10,,276559,1,,,1,50,,276560,1,,,1,10,,276553,1,,,1,10,,276545,1,,,1,10,,276528,1,,,1,10,,276546,1,,,1,10,,276531,1,,,1,50,,276543,1,,,1,10,,276533,1,,,1,10,,276548,1,,,1,10,,276535,1,,,1,10,,276561,1,,,1,52,,276536,1,,,1,20,,276537,1,,,1,20,,276538,1,,,1,60,,276539,1,,,1,20,,276540,1,,,1,20,,276541,1,,,1,60,,276534,1,,,1,20,,276532,1,,,1,20,,276530,1,,,1,60,,276529,1,,,1,20,,276544,1,,,1,30,,276527,1,,,1,100,,276525,1,,,1,100,,276523,1,,,1
71901,'719-Saturday-1-26-09-0000010',538,,233861,1,,,1,70,,233864,1,,,1,30,,233859,1,,,1,70,,233862,1,,,1,30,,233865,1,,,1,70,,233879,1,,,1,30,,233849,1,,,1,70,,233869,1,,,1,30,,233851,1,,,1,70,,233850,1,,,1,30,,233867,1,,,1,70,,233852,1,,,1,30,,233868,1,,,1,70,,233866,1,,,1,30,,233863,1,,,1,70,,233880,1,,,1,30,,233877,1,,,1,70,,233882,1,,,1,30,,233881,1,,,1,70,,233878,1,,,1,30,,233876,1,,,1,70,,233871,1,,,1,30,,233873,1,,,1,70,,233875,1,,,1,30,,233874,1,,,1,70,,233872,1,,,1,30,,233854,1,,,1,70,,233855,1,,,1,30,,233856,1,,,1,70,,233870,1,,,1,30,,233857,1,,,1,70,,233853,1,,,1,30,,233858,1,,,1,70,,233848,1,,,1,30,,233884,1,,,1,70,,233883,1,,,1,30,,233860,1,,,1
71901,'719-Sunday-1-26-09-0000001',638,,233898,1,,,1,100,,233901,1,,,1,100,,233891,1,,,1,100,,233894,1,,,1,100,,233897,1,,,1,70,,233899,1,,,1,30,,233900,1,,,1,70,,233888,1,,,1,30,,233889,1,,,1,70,,233892,1,,,1,30,,233886,1,,,1,70,,233910,1,,,1,30,,233908,1,,,1,70,,233903,1,,,1,30,,233907,1,,,1,70,,233906,1,,,1,30,,233905,1,,,1,70,,233909,1,,,1,30,,233904,1,,,1,70,,233895,1,,,1,30,,233893,1,,,1,70,,233890,1,,,1,45,,233887,1,,,1,100,,233885,1,,,1,100,,233896,1,,,1,100,,233902,1,,,1,100,,233911,1,,,1
