10400,'104-Weekday-1-26-09-1111100',535,,214945,1,,,1,70,,214946,1,,,1,30,,214947,1,,,1,71,,214948,1,,,1,17,,214949,1,,,1,18,,214985,1,,,1,60,,214950,1,,,1,23,,214991,1,,,1,16,,214951,1,,,1,18,,214952,1,,,1,60,,214953,1,,,1,20,,214954,1,,,1,20,,214955,1,,,1,60,,214956,1,,,1,20,,214957,1,,,1,20,,214958,1,,,1,60,,214959,1,,,1,20,,214960,1,,,1,20,,214961,1,,,1,60,,214962,1,,,1,20,,214963,1,,,1,20,,214964,1,,,1,60,,214965,1,,,1,20,,214966,1,,,1,20,,214967,1,,,1,61,,214968,1,,,1,21,,214969,1,,,1,61,,214984,1,,,1,4,,214988,1,,,1,3,,214989,1,,,1,12,,214990,1,,,1,2,,214970,1,,,1,15,,214971,1,,,1,15,,214987,1,,,1,55,,214986,1,,,1,15,,214972,1,,,1,15,,214973,1,,,1,15,,214974,1,,,1,62,,214992,1,,,1,23,,214975,1,,,1,70,,214976,1,,,1,30,,214977,1,,,1,68,,214978,1,,,1,30,,214979,1,,,1,70,,214980,1,,,1,30,,214981,1,,,1,70,,214982,1,,,1,30,,214983,1,,,1,70,,214993,1,,,1
10400,'104-Weekday-2-26-09-1111100',535,,214994,1,,,1,70,,214995,1,,,1,30,,214996,1,,,1,71,,214997,1,,,1,17,,214998,1,,,1,18,,215034,1,,,1,60,,214999,1,,,1,23,,215040,1,,,1,16,,215000,1,,,1,18,,215001,1,,,1,60,,215002,1,,,1,20,,215003,1,,,1,20,,215004,1,,,1,60,,215005,1,,,1,20,,215006,1,,,1,20,,215007,1,,,1,60,,215008,1,,,1,20,,215009,1,,,1,20,,215010,1,,,1,60,,215011,1,,,1,20,,215012,1,,,1,20,,215013,1,,,1,60,,215014,1,,,1,20,,215015,1,,,1,20,,215016,1,,,1,61,,215017,1,,,1,21,,215018,1,,,1,61,,215033,1,,,1,4,,215037,1,,,1,3,,215038,1,,,1,12,,215039,1,,,1,2,,215019,1,,,1,15,,215020,1,,,1,15,,215036,1,,,1,55,,215035,1,,,1,15,,215021,1,,,1,15,,215022,1,,,1,15,,215023,1,,,1,62,,215041,1,,,1,23,,215024,1,,,1,70,,215025,1,,,1,30,,215026,1,,,1,68,,215027,1,,,1,30,,215028,1,,,1,70,,215029,1,,,1,30,,215030,1,,,1,70,,215031,1,,,1,30,,215032,1,,,1,70,,215042,1,,,1
10400,'104-Weekday-3-26-09-1111100',535,,258505,1,,,1,70,,258506,1,,,1,30,,258507,1,,,1,71,,258508,1,,,1,17,,258509,1,,,1,18,,258545,1,,,1,60,,258510,1,,,1,23,,258548,1,,,1,16,,258511,1,,,1,18,,258512,1,,,1,60,,258513,1,,,1,20,,258514,1,,,1,20,,258515,1,,,1,60,,258516,1,,,1,20,,258517,1,,,1,20,,258518,1,,,1,60,,258519,1,,,1,20,,258520,1,,,1,20,,258521,1,,,1,60,,258522,1,,,1,20,,258523,1,,,1,20,,258524,1,,,1,60,,258525,1,,,1,20,,258526,1,,,1,20,,258527,1,,,1,61,,258528,1,,,1,21,,258529,1,,,1,61,,258544,1,,,1,21,,258530,1,,,1,15,,258531,1,,,1,15,,258547,1,,,1,55,,258546,1,,,1,15,,258532,1,,,1,15,,258533,1,,,1,15,,258534,1,,,1,62,,258549,1,,,1,23,,258535,1,,,1,70,,258536,1,,,1,30,,258537,1,,,1,68,,258538,1,,,1,30,,258539,1,,,1,70,,258540,1,,,1,30,,258541,1,,,1,70,,258542,1,,,1,30,,258543,1,,,1,70,,258550,1,,,1
10400,'104-Weekday-4-26-09-1111100',535,,215043,1,,,1,70,,215044,1,,,1,30,,215045,1,,,1,71,,215046,1,,,1,17,,215047,1,,,1,18,,215083,1,,,1,60,,215048,1,,,1,23,,215086,1,,,1,16,,215049,1,,,1,18,,215050,1,,,1,60,,215051,1,,,1,20,,215052,1,,,1,20,,215053,1,,,1,60,,215054,1,,,1,20,,215055,1,,,1,20,,215056,1,,,1,60,,215057,1,,,1,20,,215058,1,,,1,20,,215059,1,,,1,60,,215060,1,,,1,20,,215061,1,,,1,20,,215062,1,,,1,60,,215063,1,,,1,20,,215064,1,,,1,20,,215065,1,,,1,61,,215066,1,,,1,21,,215067,1,,,1,61,,215082,1,,,1,21,,215068,1,,,1,15,,215069,1,,,1,15,,215085,1,,,1,55,,215084,1,,,1,15,,215070,1,,,1,15,,215071,1,,,1,15,,215072,1,,,1,62,,215087,1,,,1,23,,215073,1,,,1,70,,215074,1,,,1,30,,215075,1,,,1,68,,215076,1,,,1,30,,215077,1,,,1,70,,215078,1,,,1,30,,215079,1,,,1,70,,215080,1,,,1,30,,215081,1,,,1,70,,215088,1,,,1
10400,'104-Weekday-5-26-09-1111100',535,,258551,1,,,1,70,,258552,1,,,1,30,,258553,1,,,1,71,,258554,1,,,1,17,,258555,1,,,1,18,,258591,1,,,1,60,,258556,1,,,1,23,,258594,1,,,1,16,,258557,1,,,1,18,,258558,1,,,1,60,,258559,1,,,1,20,,258560,1,,,1,20,,258561,1,,,1,60,,258562,1,,,1,20,,258563,1,,,1,20,,258564,1,,,1,60,,258565,1,,,1,20,,258566,1,,,1,20,,258567,1,,,1,60,,258568,1,,,1,20,,258569,1,,,1,20,,258570,1,,,1,60,,258571,1,,,1,20,,258572,1,,,1,20,,258573,1,,,1,61,,258574,1,,,1,21,,258575,1,,,1,61,,258590,1,,,1,21,,258576,1,,,1,15,,258577,1,,,1,15,,258593,1,,,1,55,,258592,1,,,1,15,,258578,1,,,1,15,,258579,1,,,1,15,,258580,1,,,1,62,,258595,1,,,1,23,,258581,1,,,1,70,,258582,1,,,1,30,,258583,1,,,1,68,,258584,1,,,1,30,,258585,1,,,1,70,,258586,1,,,1,30,,258587,1,,,1,70,,258588,1,,,1,30,,258589,1,,,1,70,,258596,1,,,1
10400,'104-Weekday-6-26-09-1111100',535,,258597,1,,,1,70,,258598,1,,,1,30,,258599,1,,,1,71,,258600,1,,,1,17,,258601,1,,,1,18,,258637,1,,,1,60,,258602,1,,,1,23,,258643,1,,,1,16,,258603,1,,,1,18,,258604,1,,,1,60,,258605,1,,,1,20,,258606,1,,,1,20,,258607,1,,,1,60,,258608,1,,,1,20,,258609,1,,,1,20,,258610,1,,,1,60,,258611,1,,,1,20,,258612,1,,,1,20,,258613,1,,,1,60,,258614,1,,,1,20,,258615,1,,,1,20,,258616,1,,,1,60,,258617,1,,,1,20,,258618,1,,,1,20,,258619,1,,,1,61,,258620,1,,,1,21,,258621,1,,,1,61,,258636,1,,,1,4,,258640,1,,,1,3,,258641,1,,,1,12,,258642,1,,,1,2,,258622,1,,,1,15,,258623,1,,,1,15,,258639,1,,,1,55,,258638,1,,,1,15,,258624,1,,,1,15,,258625,1,,,1,15,,258626,1,,,1,62,,258644,1,,,1,23,,258627,1,,,1,70,,258628,1,,,1,30,,258629,1,,,1,68,,258630,1,,,1,30,,258631,1,,,1,70,,258632,1,,,1,30,,258633,1,,,1,70,,258634,1,,,1,30,,258635,1,,,1,70,,258645,1,,,1
10400,'104-Weekday-7-26-09-1111100',535,,258646,1,,,1,70,,258647,1,,,1,30,,258648,1,,,1,71,,258649,1,,,1,17,,258650,1,,,1,18,,258686,1,,,1,60,,258651,1,,,1,23,,258689,1,,,1,16,,258652,1,,,1,18,,258653,1,,,1,60,,258654,1,,,1,20,,258655,1,,,1,20,,258656,1,,,1,60,,258657,1,,,1,20,,258658,1,,,1,20,,258659,1,,,1,60,,258660,1,,,1,20,,258661,1,,,1,20,,258662,1,,,1,60,,258663,1,,,1,20,,258664,1,,,1,20,,258665,1,,,1,60,,258666,1,,,1,20,,258667,1,,,1,20,,258668,1,,,1,61,,258669,1,,,1,21,,258670,1,,,1,61,,258685,1,,,1,21,,258671,1,,,1,15,,258672,1,,,1,15,,258688,1,,,1,55,,258687,1,,,1,15,,258673,1,,,1,15,,258674,1,,,1,15,,258675,1,,,1,62,,258690,1,,,1,23,,258676,1,,,1,70,,258677,1,,,1,30,,258678,1,,,1,68,,258679,1,,,1,30,,258680,1,,,1,70,,258681,1,,,1,30,,258682,1,,,1,70,,258683,1,,,1,30,,258684,1,,,1,70,,258691,1,,,1
10400,'104-Saturday-1-26-09-0000010',759,,215091,1,,,1,70,,215089,1,,,1,30,,215090,1,,,1,70,,215092,1,,,1,30,,215093,1,,,1,70,,215094,1,,,1,30,,215095,1,,,1,70,,215096,1,,,1,30,,215097,1,,,1,70,,215098,1,,,1,30,,215099,1,,,1,70,,215100,1,,,1,30,,215101,1,,,1,70,,215102,1,,,1,30,,215103,1,,,1,70,,215104,1,,,1,30,,215105,1,,,1,70,,215106,1,,,1,30,,215107,1,,,1,70,,215108,1,,,1,30,,215109,1,,,1,70,,215110,1,,,1,30,,215111,1,,,1
10400,'104-Sunday-1-26-09-0000001',1010,,215112,1,,,1,30,,215113,1,,,1,70,,215114,1,,,1,30,,215115,1,,,1,70,,215116,1,,,1,30,,215117,1,,,1,70,,215118,1,,,1,30,,215119,1,,,1,70,,215120,1,,,1,30,,215121,1,,,1,70,,215122,1,,,1,30,,215123,1,,,1,70,,215124,1,,,1,30,,215125,1,,,1,70,,215126,1,,,1,30,,215127,1,,,1,70,,215128,1,,,1,30,,215129,1,,,1
10401,'104-Weekday-1-26-09-1111100',602,,215130,27,4,,1,30,,215131,27,4,,1,71,,215155,27,4,,1,17,,215154,27,4,,1,17,,215153,27,4,,1,15,,215132,27,4,,1,55,,215140,27,4,,1,14,,215150,27,4,,1,16,,215152,27,4,,1,16,,215158,27,4,,1,2,,215151,27,4,,1,59,,215149,27,4,,1,21,,215159,27,4,,1,20,,215160,27,4,,1,60,,215161,27,4,,1,20,,215162,27,4,,1,20,,215163,27,4,,1,60,,215164,27,4,,1,20,,215165,27,4,,1,20,,215166,27,4,,1,60,,215167,27,4,,1,20,,215168,27,4,,1,20,,215169,27,4,,1,60,,215170,27,4,,1,20,,215171,27,4,,1,20,,215172,27,4,,1,60,,215173,27,4,,1,20,,215174,27,4,,1,20,,215175,27,4,,1,59,,215176,27,4,,1,18,,215157,27,4,,1,17,,215141,27,4,,1,60,,215133,27,4,,1,21,,215134,27,4,,1,21,,215142,27,4,,1,60,,215135,27,4,,1,23,,215156,27,4,,1,70,,215139,27,4,,1,29,,215136,27,4,,1,69,,215137,27,4,,1,30,,215138,27,4,,1,70,,215143,27,4,,1,30,,215144,27,4,,1,70,,215145,27,4,,1,30,,215146,27,4,,1,70,,215147,27,4,,1,27,,215148,27,4,,1
10401,'104-Weekday-2-26-09-1111100',602,,215177,27,4,,1,30,,215178,27,4,,1,71,,215202,27,4,,1,17,,215201,27,4,,1,17,,215200,27,4,,1,15,,215179,27,4,,1,55,,215187,27,4,,1,14,,215197,27,4,,1,16,,215199,27,4,,1,16,,215205,27,4,,1,2,,215198,27,4,,1,59,,215196,27,4,,1,21,,215206,27,4,,1,20,,215207,27,4,,1,60,,215208,27,4,,1,20,,215209,27,4,,1,20,,215210,27,4,,1,60,,215211,27,4,,1,20,,215212,27,4,,1,20,,215213,27,4,,1,60,,215214,27,4,,1,20,,215215,27,4,,1,20,,215216,27,4,,1,60,,215217,27,4,,1,20,,215218,27,4,,1,20,,215219,27,4,,1,60,,215220,27,4,,1,20,,215221,27,4,,1,20,,215222,27,4,,1,59,,215223,27,4,,1,18,,215204,27,4,,1,17,,215188,27,4,,1,60,,215180,27,4,,1,21,,215181,27,4,,1,21,,215189,27,4,,1,60,,215182,27,4,,1,23,,215203,27,4,,1,70,,215186,27,4,,1,29,,215183,27,4,,1,69,,215184,27,4,,1,30,,215185,27,4,,1,70,,215190,27,4,,1,30,,215191,27,4,,1,70,,215192,27,4,,1,30,,215193,27,4,,1,70,,215194,27,4,,1,27,,215195,27,4,,1
10401,'104-Weekday-3-26-09-1111100',602,,258692,27,4,,1,30,,258693,27,4,,1,71,,258716,27,4,,1,17,,258715,27,4,,1,17,,258714,27,4,,1,15,,258694,27,4,,1,55,,258702,27,4,,1,14,,258712,27,4,,1,16,,258713,27,4,,1,16,,258719,27,4,,1,61,,258711,27,4,,1,21,,258720,27,4,,1,20,,258721,27,4,,1,60,,258722,27,4,,1,20,,258723,27,4,,1,20,,258724,27,4,,1,60,,258725,27,4,,1,20,,258726,27,4,,1,20,,258727,27,4,,1,60,,258728,27,4,,1,20,,258729,27,4,,1,20,,258730,27,4,,1,60,,258731,27,4,,1,20,,258732,27,4,,1,20,,258733,27,4,,1,60,,258734,27,4,,1,20,,258735,27,4,,1,20,,258736,27,4,,1,59,,258737,27,4,,1,18,,258718,27,4,,1,17,,258703,27,4,,1,60,,258695,27,4,,1,21,,258696,27,4,,1,21,,258704,27,4,,1,60,,258697,27,4,,1,23,,258717,27,4,,1,70,,258701,27,4,,1,29,,258698,27,4,,1,69,,258699,27,4,,1,30,,258700,27,4,,1,70,,258705,27,4,,1,30,,258706,27,4,,1,70,,258707,27,4,,1,30,,258708,27,4,,1,70,,258709,27,4,,1,27,,258710,27,4,,1
10401,'104-Weekday-4-26-09-1111100',602,,215224,27,4,,1,30,,215225,27,4,,1,71,,215248,27,4,,1,17,,215247,27,4,,1,17,,215246,27,4,,1,15,,215226,27,4,,1,55,,215234,27,4,,1,14,,215244,27,4,,1,16,,215245,27,4,,1,16,,215251,27,4,,1,61,,215243,27,4,,1,21,,215252,27,4,,1,20,,215253,27,4,,1,60,,215254,27,4,,1,20,,215255,27,4,,1,20,,215256,27,4,,1,60,,215257,27,4,,1,20,,215258,27,4,,1,20,,215259,27,4,,1,60,,215260,27,4,,1,20,,215261,27,4,,1,20,,215262,27,4,,1,60,,215263,27,4,,1,20,,215264,27,4,,1,20,,215265,27,4,,1,60,,215266,27,4,,1,20,,215267,27,4,,1,20,,215268,27,4,,1,59,,215269,27,4,,1,18,,215250,27,4,,1,17,,215235,27,4,,1,60,,215227,27,4,,1,21,,215228,27,4,,1,21,,215236,27,4,,1,60,,215229,27,4,,1,23,,215249,27,4,,1,70,,215233,27,4,,1,29,,215230,27,4,,1,69,,215231,27,4,,1,30,,215232,27,4,,1,70,,215237,27,4,,1,30,,215238,27,4,,1,70,,215239,27,4,,1,30,,215240,27,4,,1,70,,215241,27,4,,1,27,,215242,27,4,,1
10401,'104-Weekday-5-26-09-1111100',602,,258738,27,4,,1,30,,258739,27,4,,1,71,,258762,27,4,,1,17,,258761,27,4,,1,17,,258760,27,4,,1,15,,258740,27,4,,1,55,,258748,27,4,,1,14,,258758,27,4,,1,16,,258759,27,4,,1,16,,258765,27,4,,1,61,,258757,27,4,,1,21,,258766,27,4,,1,20,,258767,27,4,,1,60,,258768,27,4,,1,20,,258769,27,4,,1,20,,258770,27,4,,1,60,,258771,27,4,,1,20,,258772,27,4,,1,20,,258773,27,4,,1,60,,258774,27,4,,1,20,,258775,27,4,,1,20,,258776,27,4,,1,60,,258777,27,4,,1,20,,258778,27,4,,1,20,,258779,27,4,,1,60,,258780,27,4,,1,20,,258781,27,4,,1,20,,258782,27,4,,1,59,,258783,27,4,,1,18,,258764,27,4,,1,17,,258749,27,4,,1,60,,258741,27,4,,1,21,,258742,27,4,,1,21,,258750,27,4,,1,60,,258743,27,4,,1,23,,258763,27,4,,1,70,,258747,27,4,,1,29,,258744,27,4,,1,69,,258745,27,4,,1,30,,258746,27,4,,1,70,,258751,27,4,,1,30,,258752,27,4,,1,70,,258753,27,4,,1,30,,258754,27,4,,1,70,,258755,27,4,,1,27,,258756,27,4,,1
10401,'104-Weekday-6-26-09-1111100',602,,258784,27,4,,1,30,,258785,27,4,,1,71,,258809,27,4,,1,17,,258808,27,4,,1,17,,258807,27,4,,1,15,,258786,27,4,,1,55,,258794,27,4,,1,14,,258804,27,4,,1,16,,258806,27,4,,1,16,,258812,27,4,,1,2,,258805,27,4,,1,59,,258803,27,4,,1,21,,258813,27,4,,1,20,,258814,27,4,,1,60,,258815,27,4,,1,20,,258816,27,4,,1,20,,258817,27,4,,1,60,,258818,27,4,,1,20,,258819,27,4,,1,20,,258820,27,4,,1,60,,258821,27,4,,1,20,,258822,27,4,,1,20,,258823,27,4,,1,60,,258824,27,4,,1,20,,258825,27,4,,1,20,,258826,27,4,,1,60,,258827,27,4,,1,20,,258828,27,4,,1,20,,258829,27,4,,1,59,,258830,27,4,,1,18,,258811,27,4,,1,17,,258795,27,4,,1,60,,258787,27,4,,1,21,,258788,27,4,,1,21,,258796,27,4,,1,60,,258789,27,4,,1,23,,258810,27,4,,1,70,,258793,27,4,,1,29,,258790,27,4,,1,69,,258791,27,4,,1,30,,258792,27,4,,1,70,,258797,27,4,,1,30,,258798,27,4,,1,70,,258799,27,4,,1,30,,258800,27,4,,1,70,,258801,27,4,,1,27,,258802,27,4,,1
10401,'104-Weekday-7-26-09-1111100',602,,258831,27,4,,1,30,,258832,27,4,,1,71,,258855,27,4,,1,17,,258854,27,4,,1,17,,258853,27,4,,1,15,,258833,27,4,,1,55,,258841,27,4,,1,14,,258851,27,4,,1,16,,258852,27,4,,1,16,,258858,27,4,,1,61,,258850,27,4,,1,21,,258859,27,4,,1,20,,258860,27,4,,1,60,,258861,27,4,,1,20,,258862,27,4,,1,20,,258863,27,4,,1,60,,258864,27,4,,1,20,,258865,27,4,,1,20,,258866,27,4,,1,60,,258867,27,4,,1,20,,258868,27,4,,1,20,,258869,27,4,,1,60,,258870,27,4,,1,20,,258871,27,4,,1,20,,258872,27,4,,1,60,,258873,27,4,,1,20,,258874,27,4,,1,20,,258875,27,4,,1,59,,258876,27,4,,1,18,,258857,27,4,,1,17,,258842,27,4,,1,60,,258834,27,4,,1,21,,258835,27,4,,1,21,,258843,27,4,,1,60,,258836,27,4,,1,23,,258856,27,4,,1,70,,258840,27,4,,1,29,,258837,27,4,,1,69,,258838,27,4,,1,30,,258839,27,4,,1,70,,258844,27,4,,1,30,,258845,27,4,,1,70,,258846,27,4,,1,30,,258847,27,4,,1,70,,258848,27,4,,1,27,,258849,27,4,,1
10401,'104-Saturday-1-26-09-0000010',822,,215270,27,4,,1,30,,215271,27,4,,1,75,,215272,27,4,,1,30,,215273,27,4,,1,70,,215274,27,4,,1,30,,215275,27,4,,1,70,,215276,27,4,,1,30,,215277,27,4,,1,70,,215278,27,4,,1,30,,215279,27,4,,1,70,,215280,27,4,,1,30,,215281,27,4,,1,70,,215282,27,4,,1,30,,215283,27,4,,1,70,,215284,27,4,,1,30,,215285,27,4,,1,70,,215286,27,4,,1,30,,215287,27,4,,1,69,,215288,27,4,,1,30,,215289,27,4,,1,70,,215290,27,4,,1,30,,215291,27,4,,1,70,,215292,27,4,,1
10401,'104-Sunday-1-26-09-0000001',1008,,215293,27,4,,1,30,,215294,27,4,,1,70,,215295,27,4,,1,30,,215296,27,4,,1,70,,215297,27,4,,1,30,,215298,27,4,,1,70,,215299,27,4,,1,30,,215300,27,4,,1,70,,215301,27,4,,1,30,,215302,27,4,,1,70,,215303,27,4,,1,30,,215304,27,4,,1,70,,215305,27,4,,1,30,,215306,27,4,,1,69,,215307,27,4,,1,29,,215308,27,4,,1,70,,215309,27,4,,1,30,,215310,27,4,,1,70,,215311,27,4,,1
