11800,'118-Weekday-1-26-09-1111100',515,,219268,35,,,1,30,,219269,35,,,1,70,,219270,35,,,1,33,,219304,35,,,1,55,,219271,35,,,1,15,,219305,35,,,1,15,,219299,35,,,1,15,,219272,35,,,1,55,,219273,35,,,1,15,,219300,35,,,1,15,,219302,35,,,1,15,,219306,35,,,1,66,,219274,35,,,1,30,,219275,35,,,1,70,,219276,35,,,1,30,,219277,35,,,1,70,,219278,35,,,1,30,,219279,35,,,1,70,,219280,35,,,1,30,,219281,35,,,1,70,,219282,35,,,1,30,,219283,35,,,1,70,,219284,35,,,1,30,,219285,35,,,1,72,,219286,35,,,1,30,,219287,35,,,1,62,,219288,35,,,1,20,,219307,35,,,1,20,,219289,35,,,1,60,,219290,35,,,1,20,,219308,35,,,1,20,,219303,35,,,1,66,,219291,35,,,1,31,,219292,35,,,1,70,,219293,35,,,1,30,,219294,35,,,1,70,,219295,35,,,1,30,,219296,35,,,1,70,,219297,35,,,1,30,,219298,35,,,1,70,,219301,35,,,1
11800,'118-Weekday-2-26-09-1111100',515,,219309,35,,,1,30,,219310,35,,,1,70,,219311,35,,,1,33,,219345,35,,,1,55,,219312,35,,,1,15,,219346,35,,,1,15,,219340,35,,,1,15,,219313,35,,,1,55,,219314,35,,,1,15,,219341,35,,,1,15,,219343,35,,,1,15,,219347,35,,,1,66,,219315,35,,,1,30,,219316,35,,,1,70,,219317,35,,,1,30,,219318,35,,,1,70,,219319,35,,,1,30,,219320,35,,,1,70,,219321,35,,,1,30,,219322,35,,,1,70,,219323,35,,,1,30,,219324,35,,,1,70,,219325,35,,,1,30,,219326,35,,,1,72,,219327,35,,,1,30,,219328,35,,,1,62,,219329,35,,,1,20,,219348,35,,,1,20,,219330,35,,,1,60,,219331,35,,,1,20,,219349,35,,,1,20,,219344,35,,,1,66,,219332,35,,,1,31,,219333,35,,,1,70,,219334,35,,,1,30,,219335,35,,,1,70,,219336,35,,,1,30,,219337,35,,,1,70,,219338,35,,,1,30,,219339,35,,,1,70,,219342,35,,,1
11800,'118-Weekday-3-26-09-1111100',515,,262654,35,,,1,30,,262655,35,,,1,70,,262656,35,,,1,33,,262690,35,,,1,55,,262657,35,,,1,15,,262691,35,,,1,15,,262685,35,,,1,15,,262658,35,,,1,55,,262659,35,,,1,15,,262686,35,,,1,15,,262688,35,,,1,15,,262692,35,,,1,66,,262660,35,,,1,30,,262661,35,,,1,70,,262662,35,,,1,30,,262663,35,,,1,70,,262664,35,,,1,30,,262665,35,,,1,70,,262666,35,,,1,30,,262667,35,,,1,70,,262668,35,,,1,30,,262669,35,,,1,70,,262670,35,,,1,30,,262671,35,,,1,72,,262672,35,,,1,30,,262673,35,,,1,62,,262674,35,,,1,20,,262693,35,,,1,20,,262675,35,,,1,60,,262676,35,,,1,20,,262694,35,,,1,20,,262689,35,,,1,66,,262677,35,,,1,31,,262678,35,,,1,70,,262679,35,,,1,30,,262680,35,,,1,70,,262681,35,,,1,30,,262682,35,,,1,70,,262683,35,,,1,30,,262684,35,,,1,70,,262687,35,,,1
11800,'118-Weekday-4-26-09-1111100',515,,219350,35,,,1,30,,219351,35,,,1,70,,219352,35,,,1,33,,219386,35,,,1,55,,219353,35,,,1,15,,219387,35,,,1,15,,219381,35,,,1,15,,219354,35,,,1,55,,219355,35,,,1,15,,219382,35,,,1,15,,219384,35,,,1,15,,219388,35,,,1,66,,219356,35,,,1,30,,219357,35,,,1,70,,219358,35,,,1,30,,219359,35,,,1,70,,219360,35,,,1,30,,219361,35,,,1,70,,219362,35,,,1,30,,219363,35,,,1,70,,219364,35,,,1,30,,219365,35,,,1,70,,219366,35,,,1,30,,219367,35,,,1,72,,219368,35,,,1,30,,219369,35,,,1,62,,219370,35,,,1,20,,219389,35,,,1,20,,219371,35,,,1,60,,219372,35,,,1,20,,219390,35,,,1,20,,219385,35,,,1,66,,219373,35,,,1,31,,219374,35,,,1,70,,219375,35,,,1,30,,219376,35,,,1,70,,219377,35,,,1,30,,219378,35,,,1,70,,219379,35,,,1,30,,219380,35,,,1,70,,219383,35,,,1
11800,'118-Weekday-5-26-09-1111100',515,,262695,35,,,1,30,,262696,35,,,1,70,,262697,35,,,1,33,,262731,35,,,1,55,,262698,35,,,1,15,,262732,35,,,1,15,,262726,35,,,1,15,,262699,35,,,1,55,,262700,35,,,1,15,,262727,35,,,1,15,,262729,35,,,1,15,,262733,35,,,1,66,,262701,35,,,1,30,,262702,35,,,1,70,,262703,35,,,1,30,,262704,35,,,1,70,,262705,35,,,1,30,,262706,35,,,1,70,,262707,35,,,1,30,,262708,35,,,1,70,,262709,35,,,1,30,,262710,35,,,1,70,,262711,35,,,1,30,,262712,35,,,1,72,,262713,35,,,1,30,,262714,35,,,1,62,,262715,35,,,1,20,,262734,35,,,1,20,,262716,35,,,1,60,,262717,35,,,1,20,,262735,35,,,1,20,,262730,35,,,1,66,,262718,35,,,1,31,,262719,35,,,1,70,,262720,35,,,1,30,,262721,35,,,1,70,,262722,35,,,1,30,,262723,35,,,1,70,,262724,35,,,1,30,,262725,35,,,1,70,,262728,35,,,1
11800,'118-Weekday-6-26-09-1111100',515,,262736,35,,,1,30,,262737,35,,,1,70,,262738,35,,,1,33,,262772,35,,,1,55,,262739,35,,,1,15,,262773,35,,,1,15,,262767,35,,,1,15,,262740,35,,,1,55,,262741,35,,,1,15,,262768,35,,,1,15,,262770,35,,,1,15,,262774,35,,,1,66,,262742,35,,,1,30,,262743,35,,,1,70,,262744,35,,,1,30,,262745,35,,,1,70,,262746,35,,,1,30,,262747,35,,,1,70,,262748,35,,,1,30,,262749,35,,,1,70,,262750,35,,,1,30,,262751,35,,,1,70,,262752,35,,,1,30,,262753,35,,,1,72,,262754,35,,,1,30,,262755,35,,,1,62,,262756,35,,,1,20,,262775,35,,,1,20,,262757,35,,,1,60,,262758,35,,,1,20,,262776,35,,,1,20,,262771,35,,,1,66,,262759,35,,,1,31,,262760,35,,,1,70,,262761,35,,,1,30,,262762,35,,,1,70,,262763,35,,,1,30,,262764,35,,,1,70,,262765,35,,,1,30,,262766,35,,,1,70,,262769,35,,,1
11800,'118-Weekday-7-26-09-1111100',515,,262777,35,,,1,30,,262778,35,,,1,70,,262779,35,,,1,33,,262813,35,,,1,55,,262780,35,,,1,15,,262814,35,,,1,15,,262808,35,,,1,15,,262781,35,,,1,55,,262782,35,,,1,15,,262809,35,,,1,15,,262811,35,,,1,15,,262815,35,,,1,66,,262783,35,,,1,30,,262784,35,,,1,70,,262785,35,,,1,30,,262786,35,,,1,70,,262787,35,,,1,30,,262788,35,,,1,70,,262789,35,,,1,30,,262790,35,,,1,70,,262791,35,,,1,30,,262792,35,,,1,70,,262793,35,,,1,30,,262794,35,,,1,72,,262795,35,,,1,30,,262796,35,,,1,62,,262797,35,,,1,20,,262816,35,,,1,20,,262798,35,,,1,60,,262799,35,,,1,20,,262817,35,,,1,20,,262812,35,,,1,66,,262800,35,,,1,31,,262801,35,,,1,70,,262802,35,,,1,30,,262803,35,,,1,70,,262804,35,,,1,30,,262805,35,,,1,70,,262806,35,,,1,30,,262807,35,,,1,70,,262810,35,,,1
11800,'118-Saturday-1-26-09-0000010',632,,219391,35,,,1,100,,219392,35,,,1,100,,219408,35,,,1,71,,219410,35,,,1,31,,219409,35,,,1,70,,219393,35,,,1,30,,219394,35,,,1,70,,219395,35,,,1,30,,219396,35,,,1,70,,219397,35,,,1,30,,219398,35,,,1,70,,219399,35,,,1,30,,219400,35,,,1,70,,219401,35,,,1,30,,219402,35,,,1,70,,219403,35,,,1,30,,219404,35,,,1,70,,219405,35,,,1,30,,219406,35,,,1,69,,219407,35,,,1,30,,219411,35,,,1,70,,219412,35,,,1,30,,219413,35,,,1,70,,219414,35,,,1,30,,219415,35,,,1
11800,'118-Sunday-1-26-09-0000001',654,,219435,35,,,1,100,,219434,35,,,1,100,,219433,35,,,1,103,,219432,35,,,1,100,,219431,35,,,1,85,,219430,35,,,1,70,,219429,35,,,1,30,,219428,35,,,1,70,,219427,35,,,1,30,,219426,35,,,1,70,,219425,35,,,1,30,,219424,35,,,1,70,,219423,35,,,1,30,,219422,35,,,1,70,,219421,35,,,1,30,,219420,35,,,1,68,,219419,35,,,1,29,,219418,35,,,1,70,,219417,35,,,1,30,,219416,35,,,1,70,,219436,35,,,1
61200,'612-Weekday-1-26-09-0001000',1255,,227408,31,,,1
61200,'612-Weekday-1-26-09-1110100',1533,,227409,31,,,1
61200,'612-Weekday-4-26-09-1110100',1533,,270268,31,,,1
61200,'612-Weekday-7-26-09-1110100',1533,,270269,31,,,1
62000,'620-Weekday-1-26-09-0001000',1217,,227450,19,0,62 63,1
62000,'620-Weekday-1-26-09-1110100',1525,,227451,19,0,62 63,1
62000,'620-Weekday-1-26-09-1111100',1548,,227452,19,0,62 63,1,6,,227453,19,0,62 63,1
62000,'620-Weekday-3-26-09-1111100',1548,,227454,19,0,62 63,1,6,,227455,19,0,62 63,1
62000,'620-Weekday-4-26-09-1110100',1525,,270301,19,0,62 63,1
62000,'620-Weekday-7-26-09-1110100',1525,,270302,19,0,62 63,1
62000,'620-Weekday-7-26-09-1111100',1548,,270303,19,0,62 63,1,6,,270304,19,0,62 63,1
