52700,'527-Weekday-1-26-09-1111100',533,,226874,9,,,1,70,,226836,9,,,1,32,,226837,9,,,1,75,,226838,9,,,1,30,,226839,9,,,1,60,,226840,9,,,1,20,,226841,9,,,1,20,,226842,9,,,1,19,,226843,9,,,1,59,,226844,9,,,1,18,,226845,9,,,1,70,,226846,9,,,1,30,,226847,9,,,1,70,,226848,9,,,1,30,,226849,9,,,1,70,,226850,9,,,1,30,,226851,9,,,1,70,,226852,9,,,1,30,,226853,9,,,1,70,,226854,9,,,1,30,,226855,9,,,1,71,,226856,9,,,1,35,,226857,9,,,1,60,,226858,9,,,1,20,,226859,9,,,1,20,,226860,9,,,1,60,,226861,9,,,1,20,,226862,9,,,1,20,,226863,9,,,1,60,,226864,9,,,1,20,,226865,9,,,1,17,,226866,9,,,1,64,,226867,9,,,1,30,,226868,9,,,1,70,,226869,9,,,1,30,,226870,9,,,1,70,,226871,9,,,1,30,,226872,9,,,1,70,,226873,9,,,1
52700,'527-Weekday-2-26-09-1111100',533,,226913,9,,,1,70,,226875,9,,,1,32,,226876,9,,,1,75,,226877,9,,,1,30,,226878,9,,,1,60,,226879,9,,,1,20,,226880,9,,,1,20,,226881,9,,,1,19,,226882,9,,,1,59,,226883,9,,,1,18,,226884,9,,,1,70,,226885,9,,,1,30,,226886,9,,,1,70,,226887,9,,,1,30,,226888,9,,,1,70,,226889,9,,,1,30,,226890,9,,,1,70,,226891,9,,,1,30,,226892,9,,,1,70,,226893,9,,,1,30,,226894,9,,,1,71,,226895,9,,,1,35,,226896,9,,,1,60,,226897,9,,,1,20,,226898,9,,,1,20,,226899,9,,,1,60,,226900,9,,,1,20,,226901,9,,,1,20,,226902,9,,,1,60,,226903,9,,,1,20,,226904,9,,,1,17,,226905,9,,,1,64,,226906,9,,,1,30,,226907,9,,,1,70,,226908,9,,,1,30,,226909,9,,,1,70,,226910,9,,,1,30,,226911,9,,,1,70,,226912,9,,,1
52700,'527-Weekday-3-26-09-1111100',533,,269827,9,,,1,70,,269789,9,,,1,32,,269790,9,,,1,75,,269791,9,,,1,30,,269792,9,,,1,60,,269793,9,,,1,20,,269794,9,,,1,20,,269795,9,,,1,19,,269796,9,,,1,59,,269797,9,,,1,18,,269798,9,,,1,70,,269799,9,,,1,30,,269800,9,,,1,70,,269801,9,,,1,30,,269802,9,,,1,70,,269803,9,,,1,30,,269804,9,,,1,70,,269805,9,,,1,30,,269806,9,,,1,70,,269807,9,,,1,30,,269808,9,,,1,71,,269809,9,,,1,35,,269810,9,,,1,60,,269811,9,,,1,20,,269812,9,,,1,20,,269813,9,,,1,60,,269814,9,,,1,20,,269815,9,,,1,20,,269816,9,,,1,60,,269817,9,,,1,20,,269818,9,,,1,17,,269819,9,,,1,64,,269820,9,,,1,30,,269821,9,,,1,70,,269822,9,,,1,30,,269823,9,,,1,70,,269824,9,,,1,30,,269825,9,,,1,70,,269826,9,,,1
52700,'527-Weekday-4-26-09-1111100',533,,226952,9,,,1,70,,226914,9,,,1,32,,226915,9,,,1,75,,226916,9,,,1,30,,226917,9,,,1,60,,226918,9,,,1,20,,226919,9,,,1,20,,226920,9,,,1,19,,226921,9,,,1,59,,226922,9,,,1,18,,226923,9,,,1,70,,226924,9,,,1,30,,226925,9,,,1,70,,226926,9,,,1,30,,226927,9,,,1,70,,226928,9,,,1,30,,226929,9,,,1,70,,226930,9,,,1,30,,226931,9,,,1,70,,226932,9,,,1,30,,226933,9,,,1,71,,226934,9,,,1,35,,226935,9,,,1,60,,226936,9,,,1,20,,226937,9,,,1,20,,226938,9,,,1,60,,226939,9,,,1,20,,226940,9,,,1,20,,226941,9,,,1,60,,226942,9,,,1,20,,226943,9,,,1,17,,226944,9,,,1,64,,226945,9,,,1,30,,226946,9,,,1,70,,226947,9,,,1,30,,226948,9,,,1,70,,226949,9,,,1,30,,226950,9,,,1,70,,226951,9,,,1
52700,'527-Weekday-5-26-09-1111100',533,,269866,9,,,1,70,,269828,9,,,1,32,,269829,9,,,1,75,,269830,9,,,1,30,,269831,9,,,1,60,,269832,9,,,1,20,,269833,9,,,1,20,,269834,9,,,1,19,,269835,9,,,1,59,,269836,9,,,1,18,,269837,9,,,1,70,,269838,9,,,1,30,,269839,9,,,1,70,,269840,9,,,1,30,,269841,9,,,1,70,,269842,9,,,1,30,,269843,9,,,1,70,,269844,9,,,1,30,,269845,9,,,1,70,,269846,9,,,1,30,,269847,9,,,1,71,,269848,9,,,1,35,,269849,9,,,1,60,,269850,9,,,1,20,,269851,9,,,1,20,,269852,9,,,1,60,,269853,9,,,1,20,,269854,9,,,1,20,,269855,9,,,1,60,,269856,9,,,1,20,,269857,9,,,1,17,,269858,9,,,1,64,,269859,9,,,1,30,,269860,9,,,1,70,,269861,9,,,1,30,,269862,9,,,1,70,,269863,9,,,1,30,,269864,9,,,1,70,,269865,9,,,1
52700,'527-Weekday-6-26-09-1111100',533,,269905,9,,,1,70,,269867,9,,,1,32,,269868,9,,,1,75,,269869,9,,,1,30,,269870,9,,,1,60,,269871,9,,,1,20,,269872,9,,,1,20,,269873,9,,,1,19,,269874,9,,,1,59,,269875,9,,,1,18,,269876,9,,,1,70,,269877,9,,,1,30,,269878,9,,,1,70,,269879,9,,,1,30,,269880,9,,,1,70,,269881,9,,,1,30,,269882,9,,,1,70,,269883,9,,,1,30,,269884,9,,,1,70,,269885,9,,,1,30,,269886,9,,,1,71,,269887,9,,,1,35,,269888,9,,,1,60,,269889,9,,,1,20,,269890,9,,,1,20,,269891,9,,,1,60,,269892,9,,,1,20,,269893,9,,,1,20,,269894,9,,,1,60,,269895,9,,,1,20,,269896,9,,,1,17,,269897,9,,,1,64,,269898,9,,,1,30,,269899,9,,,1,70,,269900,9,,,1,30,,269901,9,,,1,70,,269902,9,,,1,30,,269903,9,,,1,70,,269904,9,,,1
52700,'527-Weekday-7-26-09-1111100',533,,269944,9,,,1,70,,269906,9,,,1,32,,269907,9,,,1,75,,269908,9,,,1,30,,269909,9,,,1,60,,269910,9,,,1,20,,269911,9,,,1,20,,269912,9,,,1,19,,269913,9,,,1,59,,269914,9,,,1,18,,269915,9,,,1,70,,269916,9,,,1,30,,269917,9,,,1,70,,269918,9,,,1,30,,269919,9,,,1,70,,269920,9,,,1,30,,269921,9,,,1,70,,269922,9,,,1,30,,269923,9,,,1,70,,269924,9,,,1,30,,269925,9,,,1,71,,269926,9,,,1,35,,269927,9,,,1,60,,269928,9,,,1,20,,269929,9,,,1,20,,269930,9,,,1,60,,269931,9,,,1,20,,269932,9,,,1,20,,269933,9,,,1,60,,269934,9,,,1,20,,269935,9,,,1,17,,269936,9,,,1,64,,269937,9,,,1,30,,269938,9,,,1,70,,269939,9,,,1,30,,269940,9,,,1,70,,269941,9,,,1,30,,269942,9,,,1,70,,269943,9,,,1
52700,'527-Saturday-1-26-09-0000010',638,,226953,9,,,1,100,,226954,9,,,1,100,,226955,9,,,1,72,,226956,9,,,1,32,,226957,9,,,1,70,,226958,9,,,1,30,,226959,9,,,1,70,,226960,9,,,1,30,,226961,9,,,1,70,,226962,9,,,1,30,,226963,9,,,1,70,,226964,9,,,1,30,,226965,9,,,1,70,,226966,9,,,1,30,,226967,9,,,1,70,,226968,9,,,1,30,,226969,9,,,1,70,,226970,9,,,1,30,,226971,9,,,1,68,,226972,9,,,1,29,,226973,9,,,1,70,,226974,9,,,1,30,,226975,9,,,1,70,,226976,9,,,1
52700,'527-Sunday-1-26-09-0000001',1046,,226977,9,,,1,70,,226978,9,,,1,30,,226979,9,,,1,70,,226980,9,,,1,30,,226981,9,,,1,70,,226982,9,,,1,30,,226983,9,,,1,70,,226984,9,,,1,30,,226985,9,,,1,70,,226986,9,,,1,30,,226987,9,,,1,70,,226988,9,,,1,30,,226989,9,,,1,68,,226990,9,,,1,30,,226991,9,,,1,70,,226992,9,,,1,30,,226993,9,,,1,70,,226994,9,,,1
1050900,'509-Weekday-1-26-09-1111100',521,,243029,17,0,13 19 20,1,30,,243030,17,0,13 19 20,1,70,,243031,17,0,13 19 20,1,35,,243032,17,0,13 19 20,1,55,,243077,17,0,13 19 20,1,15,,243033,17,0,13 19 20,1,15,,243034,17,0,13 19 20,1,15,,243068,17,0,13 19 20,1,55,,243035,17,0,13 19 20,1,5,,243081,17,0,13 19 20,1,10,,243036,17,0,13 19 20,1,17,,243078,17,0,13 19 20,1,57,,243037,17,0,13 19 20,1,18,,243038,17,0,13 19 20,1,20,,243039,17,0,13 19 20,1,20,,243040,17,0,13 19 20,1,60,,243041,17,0,13 19 20,1,20,,243042,17,0,13 19 20,1,20,,243043,17,0,13 19 20,1,60,,243044,17,0,13 19 20,1,20,,243045,17,0,13 19 20,1,20,,243046,17,0,13 19 20,1,60,,243047,17,0,13 19 20,1,20,,243048,17,0,13 19 20,1,20,,243049,17,0,13 19 20,1,60,,243050,17,0,13 19 20,1,20,,243051,17,0,13 19 20,1,20,,243052,17,0,13 19 20,1,60,,243053,17,0,13 19 20,1,20,,243054,17,0,13 19 20,1,20,,243055,17,0,13 19 20,1,62,,243079,17,0,13 19 20,1,7,,243082,17,0,13 19 20,1,13,,243080,17,0,13 19 20,1,17,,243069,17,0,13 19 20,1,55,,243070,17,0,13 19 20,1,15,,243071,17,0,13 19 20,1,15,,243072,17,0,13 19 20,1,15,,243073,17,0,13 19 20,1,55,,243076,17,0,13 19 20,1,15,,243074,17,0,13 19 20,1,15,,243075,17,0,13 19 20,1,63,,243067,17,0,13 19 20,1,29,,243056,17,0,13 19 20,1,66,,243057,17,0,13 19 20,1,30,,243058,17,0,13 19 20,1,70,,243059,17,0,13 19 20,1,30,,243060,17,0,13 19 20,1,70,,243061,17,0,13 19 20,1,30,,243062,17,0,13 19 20,1,70,,243063,17,0,13 19 20,1,47,,243064,17,0,13 19 20,1,85,,243065,17,0,13 19 20,1,85,,243066,17,0,13 19 20,1
1050900,'509-Weekday-2-26-09-1111100',521,,243084,17,0,13 19 20,1,30,,243085,17,0,13 19 20,1,70,,243086,17,0,13 19 20,1,35,,243087,17,0,13 19 20,1,55,,243132,17,0,13 19 20,1,15,,243088,17,0,13 19 20,1,15,,243089,17,0,13 19 20,1,15,,243123,17,0,13 19 20,1,55,,243090,17,0,13 19 20,1,5,,243136,17,0,13 19 20,1,10,,243091,17,0,13 19 20,1,17,,243133,17,0,13 19 20,1,57,,243092,17,0,13 19 20,1,18,,243093,17,0,13 19 20,1,20,,243094,17,0,13 19 20,1,20,,243095,17,0,13 19 20,1,60,,243096,17,0,13 19 20,1,20,,243097,17,0,13 19 20,1,20,,243098,17,0,13 19 20,1,60,,243099,17,0,13 19 20,1,20,,243100,17,0,13 19 20,1,20,,243101,17,0,13 19 20,1,60,,243102,17,0,13 19 20,1,20,,243103,17,0,13 19 20,1,20,,243104,17,0,13 19 20,1,60,,243105,17,0,13 19 20,1,20,,243106,17,0,13 19 20,1,20,,243107,17,0,13 19 20,1,60,,243108,17,0,13 19 20,1,20,,243109,17,0,13 19 20,1,20,,243110,17,0,13 19 20,1,62,,243134,17,0,13 19 20,1,7,,243137,17,0,13 19 20,1,13,,243135,17,0,13 19 20,1,17,,243124,17,0,13 19 20,1,55,,243125,17,0,13 19 20,1,15,,243126,17,0,13 19 20,1,15,,243127,17,0,13 19 20,1,15,,243128,17,0,13 19 20,1,55,,243131,17,0,13 19 20,1,15,,243129,17,0,13 19 20,1,15,,243130,17,0,13 19 20,1,63,,243122,17,0,13 19 20,1,29,,243111,17,0,13 19 20,1,66,,243112,17,0,13 19 20,1,30,,243113,17,0,13 19 20,1,70,,243114,17,0,13 19 20,1,30,,243115,17,0,13 19 20,1,70,,243116,17,0,13 19 20,1,30,,243117,17,0,13 19 20,1,70,,243118,17,0,13 19 20,1,47,,243119,17,0,13 19 20,1,85,,243120,17,0,13 19 20,1,85,,243121,17,0,13 19 20,1
1050900,'509-Weekday-3-26-09-1111100',521,,285494,17,0,13 19 20,1,30,,285495,17,0,13 19 20,1,70,,285496,17,0,13 19 20,1,35,,285497,17,0,13 19 20,1,55,,285542,17,0,13 19 20,1,15,,285498,17,0,13 19 20,1,15,,285499,17,0,13 19 20,1,15,,285533,17,0,13 19 20,1,55,,285500,17,0,13 19 20,1,15,,285501,17,0,13 19 20,1,17,,285543,17,0,13 19 20,1,57,,285502,17,0,13 19 20,1,18,,285503,17,0,13 19 20,1,20,,285504,17,0,13 19 20,1,20,,285505,17,0,13 19 20,1,60,,285506,17,0,13 19 20,1,20,,285507,17,0,13 19 20,1,20,,285508,17,0,13 19 20,1,60,,285509,17,0,13 19 20,1,20,,285510,17,0,13 19 20,1,20,,285511,17,0,13 19 20,1,60,,285512,17,0,13 19 20,1,20,,285513,17,0,13 19 20,1,20,,285514,17,0,13 19 20,1,60,,285515,17,0,13 19 20,1,20,,285516,17,0,13 19 20,1,20,,285517,17,0,13 19 20,1,60,,285518,17,0,13 19 20,1,20,,285519,17,0,13 19 20,1,20,,285520,17,0,13 19 20,1,62,,285544,17,0,13 19 20,1,7,,285546,17,0,13 19 20,1,13,,285545,17,0,13 19 20,1,17,,285534,17,0,13 19 20,1,55,,285535,17,0,13 19 20,1,15,,285536,17,0,13 19 20,1,15,,285537,17,0,13 19 20,1,15,,285538,17,0,13 19 20,1,55,,285541,17,0,13 19 20,1,15,,285539,17,0,13 19 20,1,15,,285540,17,0,13 19 20,1,63,,285532,17,0,13 19 20,1,29,,285521,17,0,13 19 20,1,66,,285522,17,0,13 19 20,1,30,,285523,17,0,13 19 20,1,70,,285524,17,0,13 19 20,1,30,,285525,17,0,13 19 20,1,70,,285526,17,0,13 19 20,1,30,,285527,17,0,13 19 20,1,70,,285528,17,0,13 19 20,1,47,,285529,17,0,13 19 20,1,85,,285530,17,0,13 19 20,1,85,,285531,17,0,13 19 20,1
1050900,'509-Weekday-4-26-09-1111100',521,,243138,17,0,13 19 20,1,30,,243139,17,0,13 19 20,1,70,,243140,17,0,13 19 20,1,35,,243141,17,0,13 19 20,1,55,,243186,17,0,13 19 20,1,15,,243142,17,0,13 19 20,1,15,,243143,17,0,13 19 20,1,15,,243177,17,0,13 19 20,1,55,,243144,17,0,13 19 20,1,15,,243145,17,0,13 19 20,1,17,,243187,17,0,13 19 20,1,57,,243146,17,0,13 19 20,1,18,,243147,17,0,13 19 20,1,20,,243148,17,0,13 19 20,1,20,,243149,17,0,13 19 20,1,60,,243150,17,0,13 19 20,1,20,,243151,17,0,13 19 20,1,20,,243152,17,0,13 19 20,1,60,,243153,17,0,13 19 20,1,20,,243154,17,0,13 19 20,1,20,,243155,17,0,13 19 20,1,60,,243156,17,0,13 19 20,1,20,,243157,17,0,13 19 20,1,20,,243158,17,0,13 19 20,1,60,,243159,17,0,13 19 20,1,20,,243160,17,0,13 19 20,1,20,,243161,17,0,13 19 20,1,60,,243162,17,0,13 19 20,1,20,,243163,17,0,13 19 20,1,20,,243164,17,0,13 19 20,1,62,,243188,17,0,13 19 20,1,20,,243189,17,0,13 19 20,1,17,,243178,17,0,13 19 20,1,55,,243179,17,0,13 19 20,1,15,,243180,17,0,13 19 20,1,15,,243181,17,0,13 19 20,1,15,,243182,17,0,13 19 20,1,55,,243185,17,0,13 19 20,1,15,,243183,17,0,13 19 20,1,15,,243184,17,0,13 19 20,1,63,,243176,17,0,13 19 20,1,29,,243165,17,0,13 19 20,1,66,,243166,17,0,13 19 20,1,30,,243167,17,0,13 19 20,1,70,,243168,17,0,13 19 20,1,30,,243169,17,0,13 19 20,1,70,,243170,17,0,13 19 20,1,30,,243171,17,0,13 19 20,1,70,,243172,17,0,13 19 20,1,47,,243173,17,0,13 19 20,1,85,,243174,17,0,13 19 20,1,85,,243175,17,0,13 19 20,1
1050900,'509-Weekday-5-26-09-1111100',521,,285547,17,0,13 19 20,1,30,,285548,17,0,13 19 20,1,70,,285549,17,0,13 19 20,1,35,,285550,17,0,13 19 20,1,55,,285595,17,0,13 19 20,1,15,,285551,17,0,13 19 20,1,15,,285552,17,0,13 19 20,1,15,,285586,17,0,13 19 20,1,55,,285553,17,0,13 19 20,1,15,,285554,17,0,13 19 20,1,17,,285596,17,0,13 19 20,1,57,,285555,17,0,13 19 20,1,18,,285556,17,0,13 19 20,1,20,,285557,17,0,13 19 20,1,20,,285558,17,0,13 19 20,1,60,,285559,17,0,13 19 20,1,20,,285560,17,0,13 19 20,1,20,,285561,17,0,13 19 20,1,60,,285562,17,0,13 19 20,1,20,,285563,17,0,13 19 20,1,20,,285564,17,0,13 19 20,1,60,,285565,17,0,13 19 20,1,20,,285566,17,0,13 19 20,1,20,,285567,17,0,13 19 20,1,60,,285568,17,0,13 19 20,1,20,,285569,17,0,13 19 20,1,20,,285570,17,0,13 19 20,1,60,,285571,17,0,13 19 20,1,20,,285572,17,0,13 19 20,1,20,,285573,17,0,13 19 20,1,62,,285597,17,0,13 19 20,1,20,,285598,17,0,13 19 20,1,17,,285587,17,0,13 19 20,1,55,,285588,17,0,13 19 20,1,15,,285589,17,0,13 19 20,1,15,,285590,17,0,13 19 20,1,15,,285591,17,0,13 19 20,1,55,,285594,17,0,13 19 20,1,15,,285592,17,0,13 19 20,1,15,,285593,17,0,13 19 20,1,63,,285585,17,0,13 19 20,1,29,,285574,17,0,13 19 20,1,66,,285575,17,0,13 19 20,1,30,,285576,17,0,13 19 20,1,70,,285577,17,0,13 19 20,1,30,,285578,17,0,13 19 20,1,70,,285579,17,0,13 19 20,1,30,,285580,17,0,13 19 20,1,70,,285581,17,0,13 19 20,1,47,,285582,17,0,13 19 20,1,85,,285583,17,0,13 19 20,1,85,,285584,17,0,13 19 20,1
1050900,'509-Weekday-6-26-09-1111100',521,,285600,17,0,13 19 20,1,30,,285601,17,0,13 19 20,1,70,,285602,17,0,13 19 20,1,35,,285603,17,0,13 19 20,1,55,,285648,17,0,13 19 20,1,15,,285604,17,0,13 19 20,1,15,,285605,17,0,13 19 20,1,15,,285639,17,0,13 19 20,1,55,,285606,17,0,13 19 20,1,5,,285652,17,0,13 19 20,1,10,,285607,17,0,13 19 20,1,17,,285649,17,0,13 19 20,1,57,,285608,17,0,13 19 20,1,18,,285609,17,0,13 19 20,1,20,,285610,17,0,13 19 20,1,20,,285611,17,0,13 19 20,1,60,,285612,17,0,13 19 20,1,20,,285613,17,0,13 19 20,1,20,,285614,17,0,13 19 20,1,60,,285615,17,0,13 19 20,1,20,,285616,17,0,13 19 20,1,20,,285617,17,0,13 19 20,1,60,,285618,17,0,13 19 20,1,20,,285619,17,0,13 19 20,1,20,,285620,17,0,13 19 20,1,60,,285621,17,0,13 19 20,1,20,,285622,17,0,13 19 20,1,20,,285623,17,0,13 19 20,1,60,,285624,17,0,13 19 20,1,20,,285625,17,0,13 19 20,1,20,,285626,17,0,13 19 20,1,62,,285650,17,0,13 19 20,1,7,,285653,17,0,13 19 20,1,13,,285651,17,0,13 19 20,1,17,,285640,17,0,13 19 20,1,55,,285641,17,0,13 19 20,1,15,,285642,17,0,13 19 20,1,15,,285643,17,0,13 19 20,1,15,,285644,17,0,13 19 20,1,55,,285647,17,0,13 19 20,1,15,,285645,17,0,13 19 20,1,15,,285646,17,0,13 19 20,1,63,,285638,17,0,13 19 20,1,29,,285627,17,0,13 19 20,1,66,,285628,17,0,13 19 20,1,30,,285629,17,0,13 19 20,1,70,,285630,17,0,13 19 20,1,30,,285631,17,0,13 19 20,1,70,,285632,17,0,13 19 20,1,30,,285633,17,0,13 19 20,1,70,,285634,17,0,13 19 20,1,47,,285635,17,0,13 19 20,1,85,,285636,17,0,13 19 20,1,85,,285637,17,0,13 19 20,1
1050900,'509-Weekday-7-26-09-1111100',521,,285654,17,0,13 19 20,1,30,,285655,17,0,13 19 20,1,70,,285656,17,0,13 19 20,1,35,,285657,17,0,13 19 20,1,55,,285702,17,0,13 19 20,1,15,,285658,17,0,13 19 20,1,15,,285659,17,0,13 19 20,1,15,,285693,17,0,13 19 20,1,55,,285660,17,0,13 19 20,1,15,,285661,17,0,13 19 20,1,17,,285703,17,0,13 19 20,1,57,,285662,17,0,13 19 20,1,18,,285663,17,0,13 19 20,1,20,,285664,17,0,13 19 20,1,20,,285665,17,0,13 19 20,1,60,,285666,17,0,13 19 20,1,20,,285667,17,0,13 19 20,1,20,,285668,17,0,13 19 20,1,60,,285669,17,0,13 19 20,1,20,,285670,17,0,13 19 20,1,20,,285671,17,0,13 19 20,1,60,,285672,17,0,13 19 20,1,20,,285673,17,0,13 19 20,1,20,,285674,17,0,13 19 20,1,60,,285675,17,0,13 19 20,1,20,,285676,17,0,13 19 20,1,20,,285677,17,0,13 19 20,1,60,,285678,17,0,13 19 20,1,20,,285679,17,0,13 19 20,1,20,,285680,17,0,13 19 20,1,62,,285704,17,0,13 19 20,1,20,,285705,17,0,13 19 20,1,17,,285694,17,0,13 19 20,1,55,,285695,17,0,13 19 20,1,15,,285696,17,0,13 19 20,1,15,,285697,17,0,13 19 20,1,15,,285698,17,0,13 19 20,1,55,,285701,17,0,13 19 20,1,15,,285699,17,0,13 19 20,1,15,,285700,17,0,13 19 20,1,63,,285692,17,0,13 19 20,1,29,,285681,17,0,13 19 20,1,66,,285682,17,0,13 19 20,1,30,,285683,17,0,13 19 20,1,70,,285684,17,0,13 19 20,1,30,,285685,17,0,13 19 20,1,70,,285686,17,0,13 19 20,1,30,,285687,17,0,13 19 20,1,70,,285688,17,0,13 19 20,1,47,,285689,17,0,13 19 20,1,85,,285690,17,0,13 19 20,1,85,,285691,17,0,13 19 20,1
1050900,'509-Saturday-1-26-09-0000010',642,,243190,17,0,13 19 20,1,85,,243191,17,0,13 19 20,1,76,,243192,17,0,13 19 20,1,30,,243193,17,0,13 19 20,1,70,,243194,17,0,13 19 20,1,31,,243195,17,0,13 19 20,1,70,,243196,17,0,13 19 20,1,30,,243197,17,0,13 19 20,1,70,,243198,17,0,13 19 20,1,30,,243199,17,0,13 19 20,1,70,,243200,17,0,13 19 20,1,30,,243201,17,0,13 19 20,1,70,,243202,17,0,13 19 20,1,30,,243203,17,0,13 19 20,1,70,,243204,17,0,13 19 20,1,30,,243205,17,0,13 19 20,1,70,,243206,17,0,13 19 20,1,30,,243207,17,0,13 19 20,1,70,,243208,17,0,13 19 20,1,30,,243209,17,0,13 19 20,1,70,,243210,17,0,13 19 20,1,29,,243211,17,0,13 19 20,1,70,,243212,17,0,13 19 20,1,30,,243213,17,0,13 19 20,1,70,,243214,17,0,13 19 20,1,30,,243215,17,0,13 19 20,1,92,,243216,17,0,13 19 20,1,85,,243217,17,0,13 19 20,1,45,,243218,17,0,13 19 20,1,85,,243219,17,0,13 19 20,1,85,,243220,17,0,13 19 20,1,85,,243221,17,0,13 19 20,1,45,,243222,17,0,13 19 20,1
1050900,'509-Sunday-1-26-09-0000001',613,,243223,17,0,13 19 20,1,43,,243224,17,0,13 19 20,1,84,,243225,17,0,13 19 20,1,84,,243226,17,0,13 19 20,1,85,,243227,17,0,13 19 20,1,44,,243228,17,0,13 19 20,1,77,,243253,17,0,13 19 20,1,70,,243229,17,0,13 19 20,1,30,,243230,17,0,13 19 20,1,70,,243231,17,0,13 19 20,1,30,,243232,17,0,13 19 20,1,70,,243233,17,0,13 19 20,1,30,,243234,17,0,13 19 20,1,70,,243235,17,0,13 19 20,1,30,,243236,17,0,13 19 20,1,70,,243237,17,0,13 19 20,1,30,,243238,17,0,13 19 20,1,70,,243239,17,0,13 19 20,1,30,,243240,17,0,13 19 20,1,70,,243241,17,0,13 19 20,1,29,,243242,17,0,13 19 20,1,30,,243243,17,0,13 19 20,1,70,,243244,17,0,13 19 20,1,30,,243245,17,0,13 19 20,1,66,,243247,17,0,13 19 20,1,79,,243248,17,0,13 19 20,1,45,,243249,17,0,13 19 20,1,85,,243246,17,0,13 19 20,1,85,,243250,17,0,13 19 20,1,85,,243251,17,0,13 19 20,1,45,,243252,17,0,13 19 20,1
