50101,'501-Weekday-1-26-09-0001000',1437,,221377,31,,,1
50101,'501-Weekday-1-26-09-1110100',1528,,221378,31,,,1
50101,'501-Weekday-1-26-09-1111100',619,,221379,31,,,1,32,,221380,31,,,1,76,,221381,31,,,1,15,,221382,31,,,1,15,,221407,31,,,1,55,,221383,31,,,1,15,,221384,31,,,1,15,,221385,31,,,1,15,,221421,31,,,1,55,,221422,31,,,1,15,,221387,31,,,1,32,,221388,31,,,1,74,,221389,31,,,1,74,,221390,31,,,1,34,,221391,31,,,1,74,,221392,31,,,1,34,,221409,31,,,1,74,,221393,31,,,1,34,,221394,31,,,1,74,,221395,31,,,1,75,,221396,31,,,1,23,,221408,31,,,1,15,,221386,31,,,1,15,,221411,31,,,1,57,,221412,31,,,1,15,,221413,31,,,1,15,,221414,31,,,1,55,,221415,31,,,1,15,,221416,31,,,1,15,,221417,31,,,1,15,,221397,31,,,1,55,,221398,31,,,1,15,,221418,31,,,1,14,,221419,31,,,1,25,,221420,31,,,1,66,,221399,31,,,1,31,,221400,31,,,1,71,,221401,31,,,1,31,,221402,31,,,1,71,,221403,31,,,1,31,,221404,31,,,1,69,,221410,31,,,1,100,,221406,31,,,1,100,,221405,31,,,1
50101,'501-Weekday-2-26-09-1110100',1528,,221423,31,,,1
50101,'501-Weekday-2-26-09-1111100',619,,221424,31,,,1,32,,221425,31,,,1,76,,221426,31,,,1,15,,221427,31,,,1,15,,221452,31,,,1,55,,221428,31,,,1,15,,221429,31,,,1,15,,221430,31,,,1,15,,221466,31,,,1,55,,221467,31,,,1,15,,221432,31,,,1,32,,221433,31,,,1,74,,221434,31,,,1,74,,221435,31,,,1,34,,221436,31,,,1,74,,221437,31,,,1,34,,221454,31,,,1,74,,221438,31,,,1,34,,221439,31,,,1,74,,221440,31,,,1,75,,221441,31,,,1,23,,221453,31,,,1,15,,221431,31,,,1,15,,221456,31,,,1,57,,221457,31,,,1,15,,221458,31,,,1,15,,221459,31,,,1,55,,221460,31,,,1,15,,221461,31,,,1,15,,221462,31,,,1,15,,221442,31,,,1,55,,221443,31,,,1,15,,221463,31,,,1,14,,221464,31,,,1,25,,221465,31,,,1,66,,221444,31,,,1,31,,221445,31,,,1,71,,221446,31,,,1,31,,221447,31,,,1,71,,221448,31,,,1,31,,221449,31,,,1,69,,221455,31,,,1,100,,221451,31,,,1,100,,221450,31,,,1
50101,'501-Weekday-3-26-09-1111100',619,,264669,31,,,1,32,,264670,31,,,1,76,,264671,31,,,1,15,,264672,31,,,1,15,,264697,31,,,1,55,,264673,31,,,1,15,,264674,31,,,1,15,,264675,31,,,1,15,,264711,31,,,1,55,,264712,31,,,1,15,,264677,31,,,1,32,,264678,31,,,1,74,,264679,31,,,1,74,,264680,31,,,1,34,,264681,31,,,1,74,,264682,31,,,1,34,,264699,31,,,1,74,,264683,31,,,1,34,,264684,31,,,1,74,,264685,31,,,1,75,,264686,31,,,1,23,,264698,31,,,1,15,,264676,31,,,1,15,,264701,31,,,1,57,,264702,31,,,1,15,,264703,31,,,1,15,,264704,31,,,1,55,,264705,31,,,1,15,,264706,31,,,1,15,,264707,31,,,1,15,,264687,31,,,1,55,,264688,31,,,1,15,,264708,31,,,1,14,,264709,31,,,1,25,,264710,31,,,1,66,,264689,31,,,1,31,,264690,31,,,1,71,,264691,31,,,1,31,,264692,31,,,1,71,,264693,31,,,1,31,,264694,31,,,1,69,,264700,31,,,1,100,,264696,31,,,1,100,,264695,31,,,1
50101,'501-Weekday-4-26-09-1111100',619,,221468,31,,,1,32,,221469,31,,,1,76,,221470,31,,,1,15,,221471,31,,,1,15,,221496,31,,,1,55,,221472,31,,,1,15,,221473,31,,,1,15,,221474,31,,,1,15,,221510,31,,,1,55,,221511,31,,,1,15,,221476,31,,,1,32,,221477,31,,,1,74,,221478,31,,,1,74,,221479,31,,,1,34,,221480,31,,,1,74,,221481,31,,,1,34,,221498,31,,,1,74,,221482,31,,,1,34,,221483,31,,,1,74,,221484,31,,,1,75,,221485,31,,,1,23,,221497,31,,,1,15,,221475,31,,,1,15,,221500,31,,,1,57,,221501,31,,,1,15,,221502,31,,,1,15,,221503,31,,,1,55,,221504,31,,,1,15,,221505,31,,,1,15,,221506,31,,,1,15,,221486,31,,,1,55,,221487,31,,,1,15,,221507,31,,,1,14,,221508,31,,,1,25,,221509,31,,,1,66,,221488,31,,,1,31,,221489,31,,,1,71,,221490,31,,,1,31,,221491,31,,,1,71,,221492,31,,,1,31,,221493,31,,,1,69,,221499,31,,,1,100,,221495,31,,,1,100,,221494,31,,,1
50101,'501-Weekday-5-26-09-1111100',619,,264713,31,,,1,32,,264714,31,,,1,76,,264715,31,,,1,15,,264716,31,,,1,15,,264741,31,,,1,55,,264717,31,,,1,15,,264718,31,,,1,15,,264719,31,,,1,15,,264755,31,,,1,55,,264756,31,,,1,15,,264721,31,,,1,32,,264722,31,,,1,74,,264723,31,,,1,74,,264724,31,,,1,34,,264725,31,,,1,74,,264726,31,,,1,34,,264743,31,,,1,74,,264727,31,,,1,34,,264728,31,,,1,74,,264729,31,,,1,75,,264730,31,,,1,23,,264742,31,,,1,15,,264720,31,,,1,15,,264745,31,,,1,57,,264746,31,,,1,15,,264747,31,,,1,15,,264748,31,,,1,55,,264749,31,,,1,15,,264750,31,,,1,15,,264751,31,,,1,15,,264731,31,,,1,55,,264732,31,,,1,15,,264752,31,,,1,14,,264753,31,,,1,25,,264754,31,,,1,66,,264733,31,,,1,31,,264734,31,,,1,71,,264735,31,,,1,31,,264736,31,,,1,71,,264737,31,,,1,31,,264738,31,,,1,69,,264744,31,,,1,100,,264740,31,,,1,100,,264739,31,,,1
50101,'501-Weekday-6-26-09-1110100',1528,,264757,31,,,1
50101,'501-Weekday-6-26-09-1111100',619,,264758,31,,,1,32,,264759,31,,,1,76,,264760,31,,,1,15,,264761,31,,,1,15,,264786,31,,,1,55,,264762,31,,,1,15,,264763,31,,,1,15,,264764,31,,,1,15,,264800,31,,,1,55,,264801,31,,,1,15,,264766,31,,,1,32,,264767,31,,,1,74,,264768,31,,,1,74,,264769,31,,,1,34,,264770,31,,,1,74,,264771,31,,,1,34,,264788,31,,,1,74,,264772,31,,,1,34,,264773,31,,,1,74,,264774,31,,,1,75,,264775,31,,,1,23,,264787,31,,,1,15,,264765,31,,,1,15,,264790,31,,,1,57,,264791,31,,,1,15,,264792,31,,,1,15,,264793,31,,,1,55,,264794,31,,,1,15,,264795,31,,,1,15,,264796,31,,,1,15,,264776,31,,,1,55,,264777,31,,,1,15,,264797,31,,,1,14,,264798,31,,,1,25,,264799,31,,,1,66,,264778,31,,,1,31,,264779,31,,,1,71,,264780,31,,,1,31,,264781,31,,,1,71,,264782,31,,,1,31,,264783,31,,,1,69,,264789,31,,,1,100,,264785,31,,,1,100,,264784,31,,,1
50101,'501-Weekday-7-26-09-1111100',619,,264802,31,,,1,32,,264803,31,,,1,76,,264804,31,,,1,15,,264805,31,,,1,15,,264830,31,,,1,55,,264806,31,,,1,15,,264807,31,,,1,15,,264808,31,,,1,15,,264844,31,,,1,55,,264845,31,,,1,15,,264810,31,,,1,32,,264811,31,,,1,74,,264812,31,,,1,74,,264813,31,,,1,34,,264814,31,,,1,74,,264815,31,,,1,34,,264832,31,,,1,74,,264816,31,,,1,34,,264817,31,,,1,74,,264818,31,,,1,75,,264819,31,,,1,23,,264831,31,,,1,15,,264809,31,,,1,15,,264834,31,,,1,57,,264835,31,,,1,15,,264836,31,,,1,15,,264837,31,,,1,55,,264838,31,,,1,15,,264839,31,,,1,15,,264840,31,,,1,15,,264820,31,,,1,55,,264821,31,,,1,15,,264841,31,,,1,14,,264842,31,,,1,25,,264843,31,,,1,66,,264822,31,,,1,31,,264823,31,,,1,71,,264824,31,,,1,31,,264825,31,,,1,71,,264826,31,,,1,31,,264827,31,,,1,69,,264833,31,,,1,100,,264829,31,,,1,100,,264828,31,,,1
50101,'501-Saturday-1-26-09-0000010',647,,221534,31,,,1,100,,221535,31,,,1,70,,221512,31,,,1,30,,221513,31,,,1,72,,221514,31,,,1,32,,221515,31,,,1,72,,221516,31,,,1,32,,221517,31,,,1,72,,221518,31,,,1,32,,221519,31,,,1,72,,221520,31,,,1,72,,221521,31,,,1,32,,221522,31,,,1,72,,221523,31,,,1,32,,221524,31,,,1,72,,221525,31,,,1,32,,221526,31,,,1,72,,221527,31,,,1,32,,221528,31,,,1,72,,221529,31,,,1,32,,221530,31,,,1,72,,221532,31,,,1,32,,221531,31,,,1,72,,221533,31,,,1
50101,'501-Sunday-1-26-09-0000001',655,,221557,31,,,1,100,,221558,31,,,1,100,,221536,31,,,1,102,,221537,31,,,1,70,,221538,31,,,1,30,,221539,31,,,1,70,,221540,31,,,1,30,,221541,31,,,1,70,,221542,31,,,1,30,,221543,31,,,1,70,,221544,31,,,1,30,,221545,31,,,1,70,,221546,31,,,1,30,,221547,31,,,1,70,,221548,31,,,1,30,,221549,31,,,1,70,,221550,31,,,1,30,,221551,31,,,1,70,,221552,31,,,1,30,,221553,31,,,1,70,,221554,31,,,1,30,,221555,31,,,1,70,,221556,31,,,1
65600,'656-Weekday-1-26-09-1111100',1550,,227678,18,,,1,2,,227679,18,,,1
65600,'656-Weekday-3-26-09-1111100',1550,,227680,18,,,1,2,,227681,18,,,1
65600,'656-Weekday-7-26-09-1111100',1550,,270477,18,,,1,2,,270478,18,,,1
65601,'656-Weekday-1-26-09-1111100',804,,227682,10,,,1,5,,227683,10,,,1
65601,'656-Weekday-3-26-09-1111100',804,,227684,10,,,1,5,,227685,10,,,1
65601,'656-Weekday-7-26-09-1111100',804,,270479,10,,,1,5,,270480,10,,,1
