10700,'107-Weekday-1-26-09-1111100',524,,215821,6,,,1,30,,215822,6,,,1,70,,215823,6,,,1,16,,215824,6,,,1,15,,215825,6,,,1,55,,215826,6,,,1,15,,215827,6,,,1,15,,215828,6,,,1,15,,215829,6,,,1,55,,215830,6,,,1,17,,215878,6,,,1,18,,215831,6,,,1,60,,215832,6,,,1,20,,215833,6,,,1,20,,215834,6,,,1,60,,215835,6,,,1,20,,215836,6,,,1,20,,215837,6,,,1,60,,215838,6,,,1,20,,215839,6,,,1,20,,215840,6,,,1,60,,215841,6,,,1,20,,215842,6,,,1,20,,215843,6,,,1,60,,215844,6,,,1,20,,215845,6,,,1,20,,215846,6,,,1,60,,215847,6,,,1,20,,215848,6,,,1,20,,215869,6,,,1,10,,215863,6,,,1,50,,215871,6,,,1,10,,215849,6,,,1,10,,215864,6,,,1,2,,215879,6,,,1,8,,215872,6,,,1,10,,215850,6,,,1,10,,215865,6,,,1,50,,215873,6,,,1,10,,215851,6,,,1,10,,215866,6,,,1,10,,215874,6,,,1,10,,215852,6,,,1,10,,215862,6,,,1,50,,215875,6,,,1,10,,215870,6,,,1,20,,215867,6,,,1,20,,215868,6,,,1,60,,215854,6,,,1,30,,215855,6,,,1,70,,215856,6,,,1,30,,215857,6,,,1,70,,215858,6,,,1,30,,215859,6,,,1,70,,215860,6,,,1,30,,215861,6,,,1,70,,215853,6,,,1,100,,215876,6,,,1,100,,215877,6,,,1
10700,'107-Weekday-2-26-09-1111100',524,,215880,6,,,1,30,,215881,6,,,1,70,,215882,6,,,1,16,,215883,6,,,1,15,,215884,6,,,1,55,,215885,6,,,1,15,,215886,6,,,1,15,,215887,6,,,1,15,,215888,6,,,1,55,,215889,6,,,1,17,,215937,6,,,1,18,,215890,6,,,1,60,,215891,6,,,1,20,,215892,6,,,1,20,,215893,6,,,1,60,,215894,6,,,1,20,,215895,6,,,1,20,,215896,6,,,1,60,,215897,6,,,1,20,,215898,6,,,1,20,,215899,6,,,1,60,,215900,6,,,1,20,,215901,6,,,1,20,,215902,6,,,1,60,,215903,6,,,1,20,,215904,6,,,1,20,,215905,6,,,1,60,,215906,6,,,1,20,,215907,6,,,1,20,,215928,6,,,1,10,,215922,6,,,1,50,,215930,6,,,1,10,,215908,6,,,1,10,,215923,6,,,1,2,,215938,6,,,1,8,,215931,6,,,1,10,,215909,6,,,1,10,,215924,6,,,1,50,,215932,6,,,1,10,,215910,6,,,1,10,,215925,6,,,1,10,,215933,6,,,1,10,,215911,6,,,1,10,,215921,6,,,1,50,,215934,6,,,1,10,,215929,6,,,1,20,,215926,6,,,1,20,,215927,6,,,1,60,,215913,6,,,1,30,,215914,6,,,1,70,,215915,6,,,1,30,,215916,6,,,1,70,,215917,6,,,1,30,,215918,6,,,1,70,,215919,6,,,1,30,,215920,6,,,1,70,,215912,6,,,1,100,,215935,6,,,1,100,,215936,6,,,1
10700,'107-Weekday-3-26-09-1111100',524,,259373,6,,,1,30,,259374,6,,,1,70,,259375,6,,,1,16,,259376,6,,,1,15,,259377,6,,,1,55,,259378,6,,,1,15,,259379,6,,,1,15,,259380,6,,,1,15,,259381,6,,,1,55,,259382,6,,,1,17,,259430,6,,,1,18,,259383,6,,,1,60,,259384,6,,,1,20,,259385,6,,,1,20,,259386,6,,,1,60,,259387,6,,,1,20,,259388,6,,,1,20,,259389,6,,,1,60,,259390,6,,,1,20,,259391,6,,,1,20,,259392,6,,,1,60,,259393,6,,,1,20,,259394,6,,,1,20,,259395,6,,,1,60,,259396,6,,,1,20,,259397,6,,,1,20,,259398,6,,,1,60,,259399,6,,,1,20,,259400,6,,,1,20,,259421,6,,,1,10,,259415,6,,,1,50,,259423,6,,,1,10,,259401,6,,,1,10,,259416,6,,,1,2,,259431,6,,,1,8,,259424,6,,,1,10,,259402,6,,,1,10,,259417,6,,,1,50,,259425,6,,,1,10,,259403,6,,,1,10,,259418,6,,,1,10,,259426,6,,,1,10,,259404,6,,,1,10,,259414,6,,,1,50,,259427,6,,,1,10,,259422,6,,,1,20,,259419,6,,,1,20,,259420,6,,,1,60,,259406,6,,,1,30,,259407,6,,,1,70,,259408,6,,,1,30,,259409,6,,,1,70,,259410,6,,,1,30,,259411,6,,,1,70,,259412,6,,,1,30,,259413,6,,,1,70,,259405,6,,,1,100,,259428,6,,,1,100,,259429,6,,,1
10700,'107-Weekday-4-26-09-1111100',524,,215939,6,,,1,30,,215940,6,,,1,70,,215941,6,,,1,16,,215942,6,,,1,15,,215943,6,,,1,55,,215944,6,,,1,15,,215945,6,,,1,15,,215946,6,,,1,15,,215947,6,,,1,55,,215948,6,,,1,17,,215996,6,,,1,18,,215949,6,,,1,60,,215950,6,,,1,20,,215951,6,,,1,20,,215952,6,,,1,60,,215953,6,,,1,20,,215954,6,,,1,20,,215955,6,,,1,60,,215956,6,,,1,20,,215957,6,,,1,20,,215958,6,,,1,60,,215959,6,,,1,20,,215960,6,,,1,20,,215961,6,,,1,60,,215962,6,,,1,20,,215963,6,,,1,20,,215964,6,,,1,60,,215965,6,,,1,20,,215966,6,,,1,20,,215987,6,,,1,10,,215981,6,,,1,50,,215989,6,,,1,10,,215967,6,,,1,10,,215982,6,,,1,10,,215990,6,,,1,10,,215968,6,,,1,10,,215983,6,,,1,50,,215991,6,,,1,10,,215969,6,,,1,10,,215984,6,,,1,10,,215992,6,,,1,10,,215970,6,,,1,10,,215980,6,,,1,50,,215993,6,,,1,10,,215988,6,,,1,20,,215985,6,,,1,20,,215986,6,,,1,60,,215972,6,,,1,30,,215973,6,,,1,70,,215974,6,,,1,30,,215975,6,,,1,70,,215976,6,,,1,30,,215977,6,,,1,70,,215978,6,,,1,30,,215979,6,,,1,70,,215971,6,,,1,100,,215994,6,,,1,100,,215995,6,,,1
10700,'107-Weekday-5-26-09-1111100',524,,259432,6,,,1,30,,259433,6,,,1,70,,259434,6,,,1,16,,259435,6,,,1,15,,259436,6,,,1,55,,259437,6,,,1,15,,259438,6,,,1,15,,259439,6,,,1,15,,259440,6,,,1,55,,259441,6,,,1,17,,259489,6,,,1,18,,259442,6,,,1,60,,259443,6,,,1,20,,259444,6,,,1,20,,259445,6,,,1,60,,259446,6,,,1,20,,259447,6,,,1,20,,259448,6,,,1,60,,259449,6,,,1,20,,259450,6,,,1,20,,259451,6,,,1,60,,259452,6,,,1,20,,259453,6,,,1,20,,259454,6,,,1,60,,259455,6,,,1,20,,259456,6,,,1,20,,259457,6,,,1,60,,259458,6,,,1,20,,259459,6,,,1,20,,259480,6,,,1,10,,259474,6,,,1,50,,259482,6,,,1,10,,259460,6,,,1,10,,259475,6,,,1,10,,259483,6,,,1,10,,259461,6,,,1,10,,259476,6,,,1,50,,259484,6,,,1,10,,259462,6,,,1,10,,259477,6,,,1,10,,259485,6,,,1,10,,259463,6,,,1,10,,259473,6,,,1,50,,259486,6,,,1,10,,259481,6,,,1,20,,259478,6,,,1,20,,259479,6,,,1,60,,259465,6,,,1,30,,259466,6,,,1,70,,259467,6,,,1,30,,259468,6,,,1,70,,259469,6,,,1,30,,259470,6,,,1,70,,259471,6,,,1,30,,259472,6,,,1,70,,259464,6,,,1,100,,259487,6,,,1,100,,259488,6,,,1
10700,'107-Weekday-6-26-09-1111100',524,,259490,6,,,1,30,,259491,6,,,1,70,,259492,6,,,1,16,,259493,6,,,1,15,,259494,6,,,1,55,,259495,6,,,1,15,,259496,6,,,1,15,,259497,6,,,1,15,,259498,6,,,1,55,,259499,6,,,1,17,,259547,6,,,1,18,,259500,6,,,1,60,,259501,6,,,1,20,,259502,6,,,1,20,,259503,6,,,1,60,,259504,6,,,1,20,,259505,6,,,1,20,,259506,6,,,1,60,,259507,6,,,1,20,,259508,6,,,1,20,,259509,6,,,1,60,,259510,6,,,1,20,,259511,6,,,1,20,,259512,6,,,1,60,,259513,6,,,1,20,,259514,6,,,1,20,,259515,6,,,1,60,,259516,6,,,1,20,,259517,6,,,1,20,,259538,6,,,1,10,,259532,6,,,1,50,,259540,6,,,1,10,,259518,6,,,1,10,,259533,6,,,1,2,,259548,6,,,1,8,,259541,6,,,1,10,,259519,6,,,1,10,,259534,6,,,1,50,,259542,6,,,1,10,,259520,6,,,1,10,,259535,6,,,1,10,,259543,6,,,1,10,,259521,6,,,1,10,,259531,6,,,1,50,,259544,6,,,1,10,,259539,6,,,1,20,,259536,6,,,1,20,,259537,6,,,1,60,,259523,6,,,1,30,,259524,6,,,1,70,,259525,6,,,1,30,,259526,6,,,1,70,,259527,6,,,1,30,,259528,6,,,1,70,,259529,6,,,1,30,,259530,6,,,1,70,,259522,6,,,1,100,,259545,6,,,1,100,,259546,6,,,1
10700,'107-Weekday-7-26-09-1111100',524,,259549,6,,,1,30,,259550,6,,,1,70,,259551,6,,,1,16,,259552,6,,,1,15,,259553,6,,,1,55,,259554,6,,,1,15,,259555,6,,,1,15,,259556,6,,,1,15,,259557,6,,,1,55,,259558,6,,,1,17,,259606,6,,,1,18,,259559,6,,,1,60,,259560,6,,,1,20,,259561,6,,,1,20,,259562,6,,,1,60,,259563,6,,,1,20,,259564,6,,,1,20,,259565,6,,,1,60,,259566,6,,,1,20,,259567,6,,,1,20,,259568,6,,,1,60,,259569,6,,,1,20,,259570,6,,,1,20,,259571,6,,,1,60,,259572,6,,,1,20,,259573,6,,,1,20,,259574,6,,,1,60,,259575,6,,,1,20,,259576,6,,,1,20,,259597,6,,,1,10,,259591,6,,,1,50,,259599,6,,,1,10,,259577,6,,,1,10,,259592,6,,,1,10,,259600,6,,,1,10,,259578,6,,,1,10,,259593,6,,,1,50,,259601,6,,,1,10,,259579,6,,,1,10,,259594,6,,,1,10,,259602,6,,,1,10,,259580,6,,,1,10,,259590,6,,,1,50,,259603,6,,,1,10,,259598,6,,,1,20,,259595,6,,,1,20,,259596,6,,,1,60,,259582,6,,,1,30,,259583,6,,,1,70,,259584,6,,,1,30,,259585,6,,,1,70,,259586,6,,,1,30,,259587,6,,,1,70,,259588,6,,,1,30,,259589,6,,,1,70,,259581,6,,,1,100,,259604,6,,,1,100,,259605,6,,,1
10700,'107-Saturday-1-26-09-0000010',616,,216015,6,,,1,100,,216014,6,,,1,100,,216024,6,,,1,28,,215997,6,,,1,70,,215998,6,,,1,30,,215999,6,,,1,70,,216000,6,,,1,30,,216001,6,,,1,70,,216002,6,,,1,30,,216003,6,,,1,70,,216004,6,,,1,30,,216005,6,,,1,70,,216006,6,,,1,30,,216007,6,,,1,70,,216008,6,,,1,30,,216009,6,,,1,70,,216010,6,,,1,30,,216016,6,,,1,71,,216017,6,,,1,31,,216018,6,,,1,70,,216019,6,,,1,30,,216011,6,,,1,70,,216012,6,,,1,30,,216013,6,,,1,70,,216026,6,,,1,100,,216020,6,,,1,100,,216021,6,,,1,100,,216022,6,,,1,100,,216023,6,,,1,100,,216025,6,,,1
10700,'107-Sunday-1-26-09-0000001',603,,216043,6,,,1,100,,216042,6,,,1,100,,216041,6,,,1,100,,216040,6,,,1,100,,216027,6,,,1,30,,216028,6,,,1,70,,216029,6,,,1,30,,216030,6,,,1,70,,216031,6,,,1,30,,216032,6,,,1,70,,216033,6,,,1,30,,216034,6,,,1,70,,216035,6,,,1,30,,216036,6,,,1,70,,216037,6,,,1,30,,216038,6,,,1,70,,216039,6,,,1,30,,216044,6,,,1,71,,216045,6,,,1,30,,216046,6,,,1,70,,216047,6,,,1,30,,216048,6,,,1,70,,216049,6,,,1,100,,216050,6,,,1,100,,216051,6,,,1,100,,216052,6,,,1,100,,216053,6,,,1,100,,216054,6,,,1
62600,'626-Weekday-1-26-09-0001000',1236,,227553,13,,,1,4,,227554,13,,,1
62600,'626-Weekday-1-26-09-1110100',1510,,227556,13,,,1,4,,227557,13,,,1,4,,227555,13,,,1
62600,'626-Weekday-4-26-09-1110100',1510,,270380,13,,,1,4,,270381,13,,,1,4,,270379,13,,,1
62600,'626-Weekday-7-26-09-1110100',1510,,270383,13,,,1,4,,270384,13,,,1,4,,270382,13,,,1
