91701,'917-Weekday-1-26-09-0001000',1458,,240521,6,,,1
91701,'917-Weekday-1-26-09-1111100',501,,240522,6,,,1,30,,240523,6,,,1,70,,240556,6,,,1,31,,240558,6,,,1,70,,240557,6,,,1,30,,240524,6,,,1,70,,240552,6,,,1,30,,240525,6,,,1,69,,240560,6,,,1,30,,240526,6,,,1,70,,240527,6,,,1,30,,240528,6,,,1,70,,240529,6,,,1,30,,240530,6,,,1,70,,240531,6,,,1,30,,240532,6,,,1,70,,240533,6,,,1,30,,240534,6,,,1,70,,240535,6,,,1,30,,240536,6,,,1,73,,240537,6,,,1,15,,240564,6,,,1,15,,240555,6,,,1,15,,240538,6,,,1,55,,240563,6,,,1,15,,240539,6,,,1,15,,240553,6,,,1,15,,240540,6,,,1,55,,240562,6,,,1,15,,240541,6,,,1,15,,240554,6,,,1,15,,240561,6,,,1,55,,240549,6,,,1,28,,240542,6,,,1,70,,240543,6,,,1,30,,240544,6,,,1,70,,240545,6,,,1,30,,240546,6,,,1,70,,240547,6,,,1,30,,240548,6,,,1,70,,240559,6,,,1,100,,240550,6,,,1,100,,240551,6,,,1
91701,'917-Weekday-2-26-09-1111100',501,,240565,6,,,1,30,,240566,6,,,1,70,,240599,6,,,1,31,,240601,6,,,1,70,,240600,6,,,1,30,,240567,6,,,1,70,,240595,6,,,1,30,,240568,6,,,1,69,,240603,6,,,1,30,,240569,6,,,1,70,,240570,6,,,1,30,,240571,6,,,1,70,,240572,6,,,1,30,,240573,6,,,1,70,,240574,6,,,1,30,,240575,6,,,1,70,,240576,6,,,1,30,,240577,6,,,1,70,,240578,6,,,1,30,,240579,6,,,1,73,,240580,6,,,1,15,,240607,6,,,1,15,,240598,6,,,1,15,,240581,6,,,1,55,,240606,6,,,1,15,,240582,6,,,1,15,,240596,6,,,1,15,,240583,6,,,1,55,,240605,6,,,1,15,,240584,6,,,1,15,,240597,6,,,1,15,,240604,6,,,1,55,,240592,6,,,1,28,,240585,6,,,1,70,,240586,6,,,1,30,,240587,6,,,1,70,,240588,6,,,1,30,,240589,6,,,1,70,,240590,6,,,1,30,,240591,6,,,1,70,,240602,6,,,1,100,,240593,6,,,1,100,,240594,6,,,1
91701,'917-Weekday-3-26-09-1111100',501,,283059,6,,,1,30,,283060,6,,,1,70,,283093,6,,,1,31,,283095,6,,,1,70,,283094,6,,,1,30,,283061,6,,,1,70,,283089,6,,,1,30,,283062,6,,,1,69,,283097,6,,,1,30,,283063,6,,,1,70,,283064,6,,,1,30,,283065,6,,,1,70,,283066,6,,,1,30,,283067,6,,,1,70,,283068,6,,,1,30,,283069,6,,,1,70,,283070,6,,,1,30,,283071,6,,,1,70,,283072,6,,,1,30,,283073,6,,,1,73,,283074,6,,,1,15,,283101,6,,,1,15,,283092,6,,,1,15,,283075,6,,,1,55,,283100,6,,,1,15,,283076,6,,,1,15,,283090,6,,,1,15,,283077,6,,,1,55,,283099,6,,,1,15,,283078,6,,,1,15,,283091,6,,,1,15,,283098,6,,,1,55,,283086,6,,,1,28,,283079,6,,,1,70,,283080,6,,,1,30,,283081,6,,,1,70,,283082,6,,,1,30,,283083,6,,,1,70,,283084,6,,,1,30,,283085,6,,,1,70,,283096,6,,,1,100,,283087,6,,,1,100,,283088,6,,,1
91701,'917-Weekday-4-26-09-1111100',501,,240608,6,,,1,30,,240609,6,,,1,70,,240642,6,,,1,31,,240644,6,,,1,70,,240643,6,,,1,30,,240610,6,,,1,70,,240638,6,,,1,30,,240611,6,,,1,69,,240646,6,,,1,30,,240612,6,,,1,70,,240613,6,,,1,30,,240614,6,,,1,70,,240615,6,,,1,30,,240616,6,,,1,70,,240617,6,,,1,30,,240618,6,,,1,70,,240619,6,,,1,30,,240620,6,,,1,70,,240621,6,,,1,30,,240622,6,,,1,73,,240623,6,,,1,15,,240650,6,,,1,15,,240641,6,,,1,15,,240624,6,,,1,55,,240649,6,,,1,15,,240625,6,,,1,15,,240639,6,,,1,15,,240626,6,,,1,55,,240648,6,,,1,15,,240627,6,,,1,15,,240640,6,,,1,15,,240647,6,,,1,55,,240635,6,,,1,28,,240628,6,,,1,70,,240629,6,,,1,30,,240630,6,,,1,70,,240631,6,,,1,30,,240632,6,,,1,70,,240633,6,,,1,30,,240634,6,,,1,70,,240645,6,,,1,100,,240636,6,,,1,100,,240637,6,,,1
91701,'917-Weekday-5-26-09-1111100',501,,283102,6,,,1,30,,283103,6,,,1,70,,283136,6,,,1,31,,283138,6,,,1,70,,283137,6,,,1,30,,283104,6,,,1,70,,283132,6,,,1,30,,283105,6,,,1,69,,283140,6,,,1,30,,283106,6,,,1,70,,283107,6,,,1,30,,283108,6,,,1,70,,283109,6,,,1,30,,283110,6,,,1,70,,283111,6,,,1,30,,283112,6,,,1,70,,283113,6,,,1,30,,283114,6,,,1,70,,283115,6,,,1,30,,283116,6,,,1,73,,283117,6,,,1,15,,283144,6,,,1,15,,283135,6,,,1,15,,283118,6,,,1,55,,283143,6,,,1,15,,283119,6,,,1,15,,283133,6,,,1,15,,283120,6,,,1,55,,283142,6,,,1,15,,283121,6,,,1,15,,283134,6,,,1,15,,283141,6,,,1,55,,283129,6,,,1,28,,283122,6,,,1,70,,283123,6,,,1,30,,283124,6,,,1,70,,283125,6,,,1,30,,283126,6,,,1,70,,283127,6,,,1,30,,283128,6,,,1,70,,283139,6,,,1,100,,283130,6,,,1,100,,283131,6,,,1
91701,'917-Weekday-6-26-09-1111100',501,,283145,6,,,1,30,,283146,6,,,1,70,,283179,6,,,1,31,,283181,6,,,1,70,,283180,6,,,1,30,,283147,6,,,1,70,,283175,6,,,1,30,,283148,6,,,1,69,,283183,6,,,1,30,,283149,6,,,1,70,,283150,6,,,1,30,,283151,6,,,1,70,,283152,6,,,1,30,,283153,6,,,1,70,,283154,6,,,1,30,,283155,6,,,1,70,,283156,6,,,1,30,,283157,6,,,1,70,,283158,6,,,1,30,,283159,6,,,1,73,,283160,6,,,1,15,,283187,6,,,1,15,,283178,6,,,1,15,,283161,6,,,1,55,,283186,6,,,1,15,,283162,6,,,1,15,,283176,6,,,1,15,,283163,6,,,1,55,,283185,6,,,1,15,,283164,6,,,1,15,,283177,6,,,1,15,,283184,6,,,1,55,,283172,6,,,1,28,,283165,6,,,1,70,,283166,6,,,1,30,,283167,6,,,1,70,,283168,6,,,1,30,,283169,6,,,1,70,,283170,6,,,1,30,,283171,6,,,1,70,,283182,6,,,1,100,,283173,6,,,1,100,,283174,6,,,1
91701,'917-Weekday-7-26-09-1111100',501,,283188,6,,,1,30,,283189,6,,,1,70,,283222,6,,,1,31,,283224,6,,,1,70,,283223,6,,,1,30,,283190,6,,,1,70,,283218,6,,,1,30,,283191,6,,,1,69,,283226,6,,,1,30,,283192,6,,,1,70,,283193,6,,,1,30,,283194,6,,,1,70,,283195,6,,,1,30,,283196,6,,,1,70,,283197,6,,,1,30,,283198,6,,,1,70,,283199,6,,,1,30,,283200,6,,,1,70,,283201,6,,,1,30,,283202,6,,,1,73,,283203,6,,,1,15,,283230,6,,,1,15,,283221,6,,,1,15,,283204,6,,,1,55,,283229,6,,,1,15,,283205,6,,,1,15,,283219,6,,,1,15,,283206,6,,,1,55,,283228,6,,,1,15,,283207,6,,,1,15,,283220,6,,,1,15,,283227,6,,,1,55,,283215,6,,,1,28,,283208,6,,,1,70,,283209,6,,,1,30,,283210,6,,,1,70,,283211,6,,,1,30,,283212,6,,,1,70,,283213,6,,,1,30,,283214,6,,,1,70,,283225,6,,,1,100,,283216,6,,,1,100,,283217,6,,,1
91701,'917-Saturday-1-26-09-0000010',626,,240651,6,,,1,100,,240652,6,,,1,30,,240663,6,,,1,70,,240664,6,,,1,31,,240653,6,,,1,70,,240654,6,,,1,30,,240655,6,,,1,70,,240656,6,,,1,30,,240657,6,,,1,70,,240658,6,,,1,30,,240659,6,,,1,72,,240665,6,,,1,30,,240666,6,,,1,70,,240667,6,,,1,30,,240668,6,,,1,70,,240669,6,,,1,30,,240670,6,,,1,70,,240671,6,,,1,30,,240672,6,,,1,70,,240673,6,,,1,30,,240674,6,,,1,70,,240675,6,,,1,30,,240676,6,,,1,70,,240677,6,,,1,30,,240678,6,,,1,100,,240660,6,,,1,100,,240661,6,,,1,100,,240662,6,,,1
91701,'917-Sunday-1-26-09-0000001',623,,240679,6,,,1,100,,240680,6,,,1,100,,240681,6,,,1,101,,240682,6,,,1,103,,240683,6,,,1,30,,240684,6,,,1,70,,240685,6,,,1,30,,240686,6,,,1,70,,240687,6,,,1,30,,240688,6,,,1,70,,240689,6,,,1,30,,240690,6,,,1,70,,240691,6,,,1,30,,240692,6,,,1,70,,240693,6,,,1,30,,240694,6,,,1,70,,240695,6,,,1,30,,240696,6,,,1,71,,240702,6,,,1,30,,240701,6,,,1,70,,240697,6,,,1,30,,240698,6,,,1,70,,240699,6,,,1,100,,240700,6,,,1
