10801,'108-Weekday-1-26-09-0001000',1415,,216574,4,,,1
10801,'108-Weekday-1-26-09-1110100',1508,,216575,4,,,1
10801,'108-Weekday-1-26-09-1111100',542,,216635,4,,,1,60,,216636,4,,,1,20,,216637,4,,,1,21,,216638,4,,,1,62,,216625,4,,,1,10,,216626,4,,,1,10,,216627,4,,,1,10,,216628,4,,,1,10,,216629,4,,,1,10,,216630,4,,,1,50,,216631,4,,,1,10,,216632,4,,,1,10,,216633,4,,,1,10,,216634,4,,,1,16,,216624,4,,,1,57,,216605,4,,,1,17,,216606,4,,,1,20,,216607,4,,,1,60,,216608,4,,,1,20,,216609,4,,,1,20,,216610,4,,,1,60,,216611,4,,,1,20,,216612,4,,,1,20,,216613,4,,,1,60,,216614,4,,,1,20,,216615,4,,,1,20,,216616,4,,,1,60,,216617,4,,,1,20,,216618,4,,,1,20,,216619,4,,,1,60,,216620,4,,,1,20,,216621,4,,,1,20,,216622,4,,,1,60,,216623,4,,,1,10,,216642,4,,,1,11,,216589,4,,,1,10,,216643,4,,,1,10,,216590,4,,,1,10,,216591,4,,,1,50,,216592,4,,,1,10,,216593,4,,,1,10,,216594,4,,,1,10,,216595,4,,,1,10,,216596,4,,,1,10,,216597,4,,,1,50,,216598,4,,,1,10,,216599,4,,,1,10,,216600,4,,,1,10,,216601,4,,,1,10,,216602,4,,,1,10,,216603,4,,,1,57,,216604,4,,,1,18,,216588,4,,,1,18,,216576,4,,,1,60,,216641,4,,,1,21,,216579,4,,,1,20,,216580,4,,,1,60,,216581,4,,,1,20,,216582,4,,,1,20,,216583,4,,,1,59,,216584,4,,,1,20,,216585,4,,,1,20,,216586,4,,,1,60,,216587,4,,,1,19,,216639,4,,,1,30,,216640,4,,,1,70,,216577,4,,,1,30,,216578,4,,,1
10801,'108-Weekday-2-26-09-1110100',1508,,216644,4,,,1
10801,'108-Weekday-2-26-09-1111100',542,,216704,4,,,1,60,,216705,4,,,1,20,,216706,4,,,1,21,,216707,4,,,1,62,,216694,4,,,1,10,,216695,4,,,1,10,,216696,4,,,1,10,,216697,4,,,1,10,,216698,4,,,1,10,,216699,4,,,1,50,,216700,4,,,1,10,,216701,4,,,1,10,,216702,4,,,1,10,,216703,4,,,1,16,,216693,4,,,1,57,,216674,4,,,1,17,,216675,4,,,1,20,,216676,4,,,1,60,,216677,4,,,1,20,,216678,4,,,1,20,,216679,4,,,1,60,,216680,4,,,1,20,,216681,4,,,1,20,,216682,4,,,1,60,,216683,4,,,1,20,,216684,4,,,1,20,,216685,4,,,1,60,,216686,4,,,1,20,,216687,4,,,1,20,,216688,4,,,1,60,,216689,4,,,1,20,,216690,4,,,1,20,,216691,4,,,1,60,,216692,4,,,1,10,,216711,4,,,1,11,,216658,4,,,1,10,,216712,4,,,1,10,,216659,4,,,1,10,,216660,4,,,1,50,,216661,4,,,1,10,,216662,4,,,1,10,,216663,4,,,1,10,,216664,4,,,1,10,,216665,4,,,1,10,,216666,4,,,1,50,,216667,4,,,1,10,,216668,4,,,1,10,,216669,4,,,1,10,,216670,4,,,1,10,,216671,4,,,1,10,,216672,4,,,1,57,,216673,4,,,1,18,,216657,4,,,1,18,,216645,4,,,1,60,,216710,4,,,1,21,,216648,4,,,1,20,,216649,4,,,1,60,,216650,4,,,1,20,,216651,4,,,1,20,,216652,4,,,1,59,,216653,4,,,1,20,,216654,4,,,1,20,,216655,4,,,1,60,,216656,4,,,1,19,,216708,4,,,1,30,,216709,4,,,1,70,,216646,4,,,1,30,,216647,4,,,1
10801,'108-Weekday-3-26-09-1111100',542,,260176,4,,,1,60,,260177,4,,,1,20,,260178,4,,,1,21,,260179,4,,,1,62,,260166,4,,,1,10,,260167,4,,,1,10,,260168,4,,,1,10,,260169,4,,,1,10,,260170,4,,,1,10,,260171,4,,,1,50,,260172,4,,,1,10,,260173,4,,,1,10,,260174,4,,,1,10,,260175,4,,,1,16,,260165,4,,,1,57,,260146,4,,,1,17,,260147,4,,,1,20,,260148,4,,,1,60,,260149,4,,,1,20,,260150,4,,,1,20,,260151,4,,,1,60,,260152,4,,,1,20,,260153,4,,,1,20,,260154,4,,,1,60,,260155,4,,,1,20,,260156,4,,,1,20,,260157,4,,,1,60,,260158,4,,,1,20,,260159,4,,,1,20,,260160,4,,,1,60,,260161,4,,,1,20,,260162,4,,,1,20,,260163,4,,,1,60,,260164,4,,,1,10,,260183,4,,,1,11,,260130,4,,,1,10,,260184,4,,,1,10,,260131,4,,,1,10,,260132,4,,,1,50,,260133,4,,,1,10,,260134,4,,,1,10,,260135,4,,,1,10,,260136,4,,,1,10,,260137,4,,,1,10,,260138,4,,,1,50,,260139,4,,,1,10,,260140,4,,,1,10,,260141,4,,,1,10,,260142,4,,,1,10,,260143,4,,,1,10,,260144,4,,,1,57,,260145,4,,,1,18,,260129,4,,,1,18,,260117,4,,,1,60,,260182,4,,,1,21,,260120,4,,,1,20,,260121,4,,,1,60,,260122,4,,,1,20,,260123,4,,,1,20,,260124,4,,,1,59,,260125,4,,,1,20,,260126,4,,,1,20,,260127,4,,,1,60,,260128,4,,,1,19,,260180,4,,,1,30,,260181,4,,,1,70,,260118,4,,,1,30,,260119,4,,,1
10801,'108-Weekday-4-26-09-1111100',542,,216772,4,,,1,60,,216773,4,,,1,20,,216774,4,,,1,21,,216775,4,,,1,62,,216762,4,,,1,10,,216763,4,,,1,10,,216764,4,,,1,10,,216765,4,,,1,10,,216766,4,,,1,10,,216767,4,,,1,50,,216768,4,,,1,10,,216769,4,,,1,10,,216770,4,,,1,10,,216771,4,,,1,16,,216761,4,,,1,57,,216742,4,,,1,17,,216743,4,,,1,20,,216744,4,,,1,60,,216745,4,,,1,20,,216746,4,,,1,20,,216747,4,,,1,60,,216748,4,,,1,20,,216749,4,,,1,20,,216750,4,,,1,60,,216751,4,,,1,20,,216752,4,,,1,20,,216753,4,,,1,60,,216754,4,,,1,20,,216755,4,,,1,20,,216756,4,,,1,60,,216757,4,,,1,20,,216758,4,,,1,20,,216759,4,,,1,60,,216760,4,,,1,10,,216779,4,,,1,11,,216726,4,,,1,10,,216780,4,,,1,10,,216727,4,,,1,10,,216728,4,,,1,50,,216729,4,,,1,10,,216730,4,,,1,10,,216731,4,,,1,10,,216732,4,,,1,10,,216733,4,,,1,10,,216734,4,,,1,50,,216735,4,,,1,10,,216736,4,,,1,10,,216737,4,,,1,10,,216738,4,,,1,10,,216739,4,,,1,10,,216740,4,,,1,57,,216741,4,,,1,18,,216725,4,,,1,18,,216713,4,,,1,60,,216778,4,,,1,21,,216716,4,,,1,20,,216717,4,,,1,60,,216718,4,,,1,20,,216719,4,,,1,20,,216720,4,,,1,59,,216721,4,,,1,20,,216722,4,,,1,20,,216723,4,,,1,60,,216724,4,,,1,19,,216776,4,,,1,30,,216777,4,,,1,70,,216714,4,,,1,30,,216715,4,,,1
10801,'108-Weekday-5-26-09-1111100',542,,260244,4,,,1,60,,260245,4,,,1,20,,260246,4,,,1,21,,260247,4,,,1,62,,260234,4,,,1,10,,260235,4,,,1,10,,260236,4,,,1,10,,260237,4,,,1,10,,260238,4,,,1,10,,260239,4,,,1,50,,260240,4,,,1,10,,260241,4,,,1,10,,260242,4,,,1,10,,260243,4,,,1,16,,260233,4,,,1,57,,260214,4,,,1,17,,260215,4,,,1,20,,260216,4,,,1,60,,260217,4,,,1,20,,260218,4,,,1,20,,260219,4,,,1,60,,260220,4,,,1,20,,260221,4,,,1,20,,260222,4,,,1,60,,260223,4,,,1,20,,260224,4,,,1,20,,260225,4,,,1,60,,260226,4,,,1,20,,260227,4,,,1,20,,260228,4,,,1,60,,260229,4,,,1,20,,260230,4,,,1,20,,260231,4,,,1,60,,260232,4,,,1,10,,260251,4,,,1,11,,260198,4,,,1,10,,260252,4,,,1,10,,260199,4,,,1,10,,260200,4,,,1,50,,260201,4,,,1,10,,260202,4,,,1,10,,260203,4,,,1,10,,260204,4,,,1,10,,260205,4,,,1,10,,260206,4,,,1,50,,260207,4,,,1,10,,260208,4,,,1,10,,260209,4,,,1,10,,260210,4,,,1,10,,260211,4,,,1,10,,260212,4,,,1,57,,260213,4,,,1,18,,260197,4,,,1,18,,260185,4,,,1,60,,260250,4,,,1,21,,260188,4,,,1,20,,260189,4,,,1,60,,260190,4,,,1,20,,260191,4,,,1,20,,260192,4,,,1,59,,260193,4,,,1,20,,260194,4,,,1,20,,260195,4,,,1,60,,260196,4,,,1,19,,260248,4,,,1,30,,260249,4,,,1,70,,260186,4,,,1,30,,260187,4,,,1
10801,'108-Weekday-6-26-09-1110100',1508,,260253,4,,,1
10801,'108-Weekday-6-26-09-1111100',542,,260313,4,,,1,60,,260314,4,,,1,20,,260315,4,,,1,21,,260316,4,,,1,62,,260303,4,,,1,10,,260304,4,,,1,10,,260305,4,,,1,10,,260306,4,,,1,10,,260307,4,,,1,10,,260308,4,,,1,50,,260309,4,,,1,10,,260310,4,,,1,10,,260311,4,,,1,10,,260312,4,,,1,16,,260302,4,,,1,57,,260283,4,,,1,17,,260284,4,,,1,20,,260285,4,,,1,60,,260286,4,,,1,20,,260287,4,,,1,20,,260288,4,,,1,60,,260289,4,,,1,20,,260290,4,,,1,20,,260291,4,,,1,60,,260292,4,,,1,20,,260293,4,,,1,20,,260294,4,,,1,60,,260295,4,,,1,20,,260296,4,,,1,20,,260297,4,,,1,60,,260298,4,,,1,20,,260299,4,,,1,20,,260300,4,,,1,60,,260301,4,,,1,10,,260320,4,,,1,11,,260267,4,,,1,10,,260321,4,,,1,10,,260268,4,,,1,10,,260269,4,,,1,50,,260270,4,,,1,10,,260271,4,,,1,10,,260272,4,,,1,10,,260273,4,,,1,10,,260274,4,,,1,10,,260275,4,,,1,50,,260276,4,,,1,10,,260277,4,,,1,10,,260278,4,,,1,10,,260279,4,,,1,10,,260280,4,,,1,10,,260281,4,,,1,57,,260282,4,,,1,18,,260266,4,,,1,18,,260254,4,,,1,60,,260319,4,,,1,21,,260257,4,,,1,20,,260258,4,,,1,60,,260259,4,,,1,20,,260260,4,,,1,20,,260261,4,,,1,59,,260262,4,,,1,20,,260263,4,,,1,20,,260264,4,,,1,60,,260265,4,,,1,19,,260317,4,,,1,30,,260318,4,,,1,70,,260255,4,,,1,30,,260256,4,,,1
10801,'108-Weekday-7-26-09-1111100',542,,260381,4,,,1,60,,260382,4,,,1,20,,260383,4,,,1,21,,260384,4,,,1,62,,260371,4,,,1,10,,260372,4,,,1,10,,260373,4,,,1,10,,260374,4,,,1,10,,260375,4,,,1,10,,260376,4,,,1,50,,260377,4,,,1,10,,260378,4,,,1,10,,260379,4,,,1,10,,260380,4,,,1,16,,260370,4,,,1,57,,260351,4,,,1,17,,260352,4,,,1,20,,260353,4,,,1,60,,260354,4,,,1,20,,260355,4,,,1,20,,260356,4,,,1,60,,260357,4,,,1,20,,260358,4,,,1,20,,260359,4,,,1,60,,260360,4,,,1,20,,260361,4,,,1,20,,260362,4,,,1,60,,260363,4,,,1,20,,260364,4,,,1,20,,260365,4,,,1,60,,260366,4,,,1,20,,260367,4,,,1,20,,260368,4,,,1,60,,260369,4,,,1,10,,260388,4,,,1,11,,260335,4,,,1,10,,260389,4,,,1,10,,260336,4,,,1,10,,260337,4,,,1,50,,260338,4,,,1,10,,260339,4,,,1,10,,260340,4,,,1,10,,260341,4,,,1,10,,260342,4,,,1,10,,260343,4,,,1,50,,260344,4,,,1,10,,260345,4,,,1,10,,260346,4,,,1,10,,260347,4,,,1,10,,260348,4,,,1,10,,260349,4,,,1,57,,260350,4,,,1,18,,260334,4,,,1,18,,260322,4,,,1,60,,260387,4,,,1,21,,260325,4,,,1,20,,260326,4,,,1,60,,260327,4,,,1,20,,260328,4,,,1,20,,260329,4,,,1,59,,260330,4,,,1,20,,260331,4,,,1,20,,260332,4,,,1,60,,260333,4,,,1,19,,260385,4,,,1,30,,260386,4,,,1,70,,260323,4,,,1,30,,260324,4,,,1
10801,'108-Saturday-1-26-09-0000010',536,,216781,4,,,1,70,,216782,4,,,1,30,,216783,4,,,1,70,,216784,4,,,1,30,,216785,4,,,1,70,,216786,4,,,1,30,,216787,4,,,1,67,,216788,4,,,1,30,,216789,4,,,1,70,,216790,4,,,1,30,,216791,4,,,1,70,,216792,4,,,1,30,,216793,4,,,1,70,,216794,4,,,1,30,,216795,4,,,1,70,,216796,4,,,1,30,,216797,4,,,1,70,,216798,4,,,1,30,,216799,4,,,1,70,,216800,4,,,1,30,,216801,4,,,1,70,,216802,4,,,1,30,,216803,4,,,1,72,,216804,4,,,1,30,,216805,4,,,1,70,,216806,4,,,1,30,,216807,4,,,1,70,,216817,4,,,1,30,,216808,4,,,1,70,,216809,4,,,1,30,,216810,4,,,1,70,,216811,4,,,1,30,,216812,4,,,1,70,,216813,4,,,1,30,,216814,4,,,1,70,,216815,4,,,1,30,,216816,4,,,1
10801,'108-Sunday-1-26-09-0000001',552,,216818,4,,,1,70,,216819,4,,,1,27,,216820,4,,,1,70,,216821,4,,,1,30,,216822,4,,,1,69,,216823,4,,,1,32,,216824,4,,,1,69,,216825,4,,,1,30,,216826,4,,,1,70,,216827,4,,,1,30,,216828,4,,,1,70,,216829,4,,,1,30,,216830,4,,,1,70,,216831,4,,,1,30,,216832,4,,,1,70,,216833,4,,,1,30,,216834,4,,,1,70,,216835,4,,,1,30,,216836,4,,,1,70,,216837,4,,,1,30,,216838,4,,,1,70,,216839,4,,,1,28,,216840,4,,,1,70,,216841,4,,,1,30,,216842,4,,,1,70,,216843,4,,,1,30,,216844,4,,,1,70,,216845,4,,,1,30,,216846,4,,,1,70,,216847,4,,,1,30,,216848,4,,,1,70,,216849,4,,,1,30,,216850,4,,,1,70,,216851,4,,,1,30,,216852,4,,,1,70,,216853,4,,,1,33,,216854,4,,,1
12100,'121-Weekday-1-26-09-1110100',1525,,220046,4,0,49,1,80,,220047,4,0,49,1
12100,'121-Weekday-1-26-09-1111100',532,,220068,4,,,1,70,,220095,4,,,1,19,,220048,4,,,1,19,,220069,4,,,1,60,,220070,4,,,1,20,,220049,4,,,1,20,,220050,4,,,1,60,,220051,4,,,1,20,,220096,4,,,1,20,,220071,4,,,1,60,,220072,4,,,1,20,,220073,4,,,1,20,,220074,4,,,1,60,,220075,4,,,1,20,,220076,4,,,1,20,,220077,4,,,1,60,,220078,4,,,1,20,,220079,4,,,1,20,,220080,4,,,1,60,,220081,4,,,1,20,,220082,4,,,1,20,,220083,4,,,1,60,,220084,4,,,1,20,,220085,4,,,1,20,,220052,4,,,1,60,,220053,4,,,1,20,,220054,4,,,1,20,,220055,4,,,1,60,,220056,4,,,1,10,,220086,4,0,49,1,10,,220097,4,,,1,10,,220087,4,0,49,1,10,,220057,4,,,1,10,,220088,4,0,49,1,50,,220058,4,,,1,10,,220089,4,0,49,1,10,,220063,4,,,1,10,,220090,4,0,49,1,10,,220064,4,,,1,10,,220091,4,0,49,1,50,,220065,4,,,1,10,,220092,4,0,49,1,10,,220066,4,,,1,10,,220093,4,0,49,1,10,,220067,4,,,1,10,,220094,4,0,49,1,50,,220098,4,,,1,20,,220099,4,,,1,20,,220100,4,,,1,60,,220101,4,,,1,20,,220102,4,,,1,20,,220103,4,,,1,60,,220104,4,,,1,20,,220105,4,,,1,20,,220106,4,,,1,60,,220107,4,,,1,20,,220108,4,,,1,20,,220059,4,,,1,60,,220062,4,,,1,100,,220060,4,,,1,100,,220061,4,,,1
12100,'121-Weekday-2-26-09-1110100',1525,,220109,4,0,49,1,80,,220110,4,0,49,1
12100,'121-Weekday-2-26-09-1111100',532,,220131,4,,,1,70,,220158,4,,,1,19,,220111,4,,,1,19,,220132,4,,,1,60,,220133,4,,,1,20,,220112,4,,,1,20,,220113,4,,,1,60,,220114,4,,,1,20,,220159,4,,,1,20,,220134,4,,,1,60,,220135,4,,,1,20,,220136,4,,,1,20,,220137,4,,,1,60,,220138,4,,,1,20,,220139,4,,,1,20,,220140,4,,,1,60,,220141,4,,,1,20,,220142,4,,,1,20,,220143,4,,,1,60,,220144,4,,,1,20,,220145,4,,,1,20,,220146,4,,,1,60,,220147,4,,,1,20,,220148,4,,,1,20,,220115,4,,,1,60,,220116,4,,,1,20,,220117,4,,,1,20,,220118,4,,,1,60,,220119,4,,,1,10,,220149,4,0,49,1,10,,220160,4,,,1,10,,220150,4,0,49,1,10,,220120,4,,,1,10,,220151,4,0,49,1,50,,220121,4,,,1,10,,220152,4,0,49,1,10,,220126,4,,,1,10,,220153,4,0,49,1,10,,220127,4,,,1,10,,220154,4,0,49,1,50,,220128,4,,,1,10,,220155,4,0,49,1,10,,220129,4,,,1,10,,220156,4,0,49,1,10,,220130,4,,,1,10,,220157,4,0,49,1,50,,220161,4,,,1,20,,220162,4,,,1,20,,220163,4,,,1,60,,220164,4,,,1,20,,220165,4,,,1,20,,220166,4,,,1,60,,220167,4,,,1,20,,220168,4,,,1,20,,220169,4,,,1,60,,220170,4,,,1,20,,220171,4,,,1,20,,220122,4,,,1,60,,220125,4,,,1,100,,220123,4,,,1,100,,220124,4,,,1
12100,'121-Weekday-3-26-09-1110100',1525,,263386,4,0,49,1,80,,263387,4,0,49,1
12100,'121-Weekday-3-26-09-1111100',532,,263408,4,,,1,70,,263435,4,,,1,19,,263388,4,,,1,19,,263409,4,,,1,60,,263410,4,,,1,20,,263389,4,,,1,20,,263390,4,,,1,60,,263391,4,,,1,20,,263436,4,,,1,20,,263411,4,,,1,60,,263412,4,,,1,20,,263413,4,,,1,20,,263414,4,,,1,60,,263415,4,,,1,20,,263416,4,,,1,20,,263417,4,,,1,60,,263418,4,,,1,20,,263419,4,,,1,20,,263420,4,,,1,60,,263421,4,,,1,20,,263422,4,,,1,20,,263423,4,,,1,60,,263424,4,,,1,20,,263425,4,,,1,20,,263392,4,,,1,60,,263393,4,,,1,20,,263394,4,,,1,20,,263395,4,,,1,60,,263396,4,,,1,10,,263426,4,0,49,1,10,,263437,4,,,1,10,,263427,4,0,49,1,10,,263397,4,,,1,10,,263428,4,0,49,1,50,,263398,4,,,1,10,,263429,4,0,49,1,10,,263403,4,,,1,10,,263430,4,0,49,1,10,,263404,4,,,1,10,,263431,4,0,49,1,50,,263405,4,,,1,10,,263432,4,0,49,1,10,,263406,4,,,1,10,,263433,4,0,49,1,10,,263407,4,,,1,10,,263434,4,0,49,1,50,,263438,4,,,1,20,,263439,4,,,1,20,,263440,4,,,1,60,,263441,4,,,1,20,,263442,4,,,1,20,,263443,4,,,1,60,,263444,4,,,1,20,,263445,4,,,1,20,,263446,4,,,1,60,,263447,4,,,1,20,,263448,4,,,1,20,,263399,4,,,1,60,,263402,4,,,1,100,,263400,4,,,1,100,,263401,4,,,1
12100,'121-Weekday-4-26-09-1111100',532,,220192,4,,,1,70,,220219,4,,,1,19,,220172,4,,,1,19,,220193,4,,,1,60,,220194,4,,,1,20,,220173,4,,,1,20,,220174,4,,,1,60,,220175,4,,,1,20,,220220,4,,,1,20,,220195,4,,,1,60,,220196,4,,,1,20,,220197,4,,,1,20,,220198,4,,,1,60,,220199,4,,,1,20,,220200,4,,,1,20,,220201,4,,,1,60,,220202,4,,,1,20,,220203,4,,,1,20,,220204,4,,,1,60,,220205,4,,,1,20,,220206,4,,,1,20,,220207,4,,,1,60,,220208,4,,,1,20,,220209,4,,,1,20,,220176,4,,,1,60,,220177,4,,,1,20,,220178,4,,,1,20,,220179,4,,,1,60,,220180,4,,,1,10,,220210,4,0,49,1,10,,220221,4,,,1,10,,220211,4,0,49,1,10,,220181,4,,,1,10,,220212,4,0,49,1,50,,220182,4,,,1,10,,220213,4,0,49,1,10,,220187,4,,,1,10,,220214,4,0,49,1,10,,220188,4,,,1,10,,220215,4,0,49,1,50,,220189,4,,,1,10,,220216,4,0,49,1,10,,220190,4,,,1,10,,220217,4,0,49,1,10,,220191,4,,,1,10,,220218,4,0,49,1,50,,220222,4,,,1,20,,220223,4,,,1,20,,220224,4,,,1,60,,220225,4,,,1,20,,220226,4,,,1,20,,220227,4,,,1,60,,220228,4,,,1,20,,220229,4,,,1,20,,220230,4,,,1,60,,220231,4,,,1,20,,220232,4,,,1,20,,220183,4,,,1,60,,220186,4,,,1,100,,220184,4,,,1,100,,220185,4,,,1
12100,'121-Weekday-5-26-09-1111100',532,,263469,4,,,1,70,,263496,4,,,1,19,,263449,4,,,1,19,,263470,4,,,1,60,,263471,4,,,1,20,,263450,4,,,1,20,,263451,4,,,1,60,,263452,4,,,1,20,,263497,4,,,1,20,,263472,4,,,1,60,,263473,4,,,1,20,,263474,4,,,1,20,,263475,4,,,1,60,,263476,4,,,1,20,,263477,4,,,1,20,,263478,4,,,1,60,,263479,4,,,1,20,,263480,4,,,1,20,,263481,4,,,1,60,,263482,4,,,1,20,,263483,4,,,1,20,,263484,4,,,1,60,,263485,4,,,1,20,,263486,4,,,1,20,,263453,4,,,1,60,,263454,4,,,1,20,,263455,4,,,1,20,,263456,4,,,1,60,,263457,4,,,1,10,,263487,4,0,49,1,10,,263498,4,,,1,10,,263488,4,0,49,1,10,,263458,4,,,1,10,,263489,4,0,49,1,50,,263459,4,,,1,10,,263490,4,0,49,1,10,,263464,4,,,1,10,,263491,4,0,49,1,10,,263465,4,,,1,10,,263492,4,0,49,1,50,,263466,4,,,1,10,,263493,4,0,49,1,10,,263467,4,,,1,10,,263494,4,0,49,1,10,,263468,4,,,1,10,,263495,4,0,49,1,50,,263499,4,,,1,20,,263500,4,,,1,20,,263501,4,,,1,60,,263502,4,,,1,20,,263503,4,,,1,20,,263504,4,,,1,60,,263505,4,,,1,20,,263506,4,,,1,20,,263507,4,,,1,60,,263508,4,,,1,20,,263509,4,,,1,20,,263460,4,,,1,60,,263463,4,,,1,100,,263461,4,,,1,100,,263462,4,,,1
12100,'121-Weekday-6-26-09-1110100',1525,,263510,4,0,49,1,80,,263511,4,0,49,1
12100,'121-Weekday-6-26-09-1111100',532,,263532,4,,,1,70,,263559,4,,,1,19,,263512,4,,,1,19,,263533,4,,,1,60,,263534,4,,,1,20,,263513,4,,,1,20,,263514,4,,,1,60,,263515,4,,,1,20,,263560,4,,,1,20,,263535,4,,,1,60,,263536,4,,,1,20,,263537,4,,,1,20,,263538,4,,,1,60,,263539,4,,,1,20,,263540,4,,,1,20,,263541,4,,,1,60,,263542,4,,,1,20,,263543,4,,,1,20,,263544,4,,,1,60,,263545,4,,,1,20,,263546,4,,,1,20,,263547,4,,,1,60,,263548,4,,,1,20,,263549,4,,,1,20,,263516,4,,,1,60,,263517,4,,,1,20,,263518,4,,,1,20,,263519,4,,,1,60,,263520,4,,,1,10,,263550,4,0,49,1,10,,263561,4,,,1,10,,263551,4,0,49,1,10,,263521,4,,,1,10,,263552,4,0,49,1,50,,263522,4,,,1,10,,263553,4,0,49,1,10,,263527,4,,,1,10,,263554,4,0,49,1,10,,263528,4,,,1,10,,263555,4,0,49,1,50,,263529,4,,,1,10,,263556,4,0,49,1,10,,263530,4,,,1,10,,263557,4,0,49,1,10,,263531,4,,,1,10,,263558,4,0,49,1,50,,263562,4,,,1,20,,263563,4,,,1,20,,263564,4,,,1,60,,263565,4,,,1,20,,263566,4,,,1,20,,263567,4,,,1,60,,263568,4,,,1,20,,263569,4,,,1,20,,263570,4,,,1,60,,263571,4,,,1,20,,263572,4,,,1,20,,263523,4,,,1,60,,263526,4,,,1,100,,263524,4,,,1,100,,263525,4,,,1
12100,'121-Weekday-7-26-09-1111100',532,,263593,4,,,1,70,,263620,4,,,1,19,,263573,4,,,1,19,,263594,4,,,1,60,,263595,4,,,1,20,,263574,4,,,1,20,,263575,4,,,1,60,,263576,4,,,1,20,,263621,4,,,1,20,,263596,4,,,1,60,,263597,4,,,1,20,,263598,4,,,1,20,,263599,4,,,1,60,,263600,4,,,1,20,,263601,4,,,1,20,,263602,4,,,1,60,,263603,4,,,1,20,,263604,4,,,1,20,,263605,4,,,1,60,,263606,4,,,1,20,,263607,4,,,1,20,,263608,4,,,1,60,,263609,4,,,1,20,,263610,4,,,1,20,,263577,4,,,1,60,,263578,4,,,1,20,,263579,4,,,1,20,,263580,4,,,1,60,,263581,4,,,1,10,,263611,4,0,49,1,10,,263622,4,,,1,10,,263612,4,0,49,1,10,,263582,4,,,1,10,,263613,4,0,49,1,50,,263583,4,,,1,10,,263614,4,0,49,1,10,,263588,4,,,1,10,,263615,4,0,49,1,10,,263589,4,,,1,10,,263616,4,0,49,1,50,,263590,4,,,1,10,,263617,4,0,49,1,10,,263591,4,,,1,10,,263618,4,0,49,1,10,,263592,4,,,1,10,,263619,4,0,49,1,50,,263623,4,,,1,20,,263624,4,,,1,20,,263625,4,,,1,60,,263626,4,,,1,20,,263627,4,,,1,20,,263628,4,,,1,60,,263629,4,,,1,20,,263630,4,,,1,20,,263631,4,,,1,60,,263632,4,,,1,20,,263633,4,,,1,20,,263584,4,,,1,60,,263587,4,,,1,100,,263585,4,,,1,100,,263586,4,,,1
12100,'121-Saturday-1-26-09-0000010',601,,220233,4,,,1,100,,220234,4,,,1,100,,220235,4,,,1,20,,220236,4,,,1,20,,220237,4,,,1,60,,220238,4,,,1,20,,220239,4,,,1,20,,220240,4,,,1,60,,220241,4,,,1,20,,220242,4,,,1,20,,220243,4,,,1,60,,220244,4,,,1,20,,220245,4,,,1,20,,220246,4,,,1,60,,220247,4,,,1,20,,220248,4,,,1,20,,220249,4,,,1,60,,220250,4,,,1,20,,220251,4,,,1,20,,220252,4,,,1,60,,220253,4,,,1,20,,220254,4,,,1,20,,220255,4,,,1,60,,220256,4,,,1,20,,220257,4,,,1,20,,220258,4,,,1,60,,220259,4,,,1,20,,220260,4,,,1,20,,220261,4,,,1,62,,220262,4,,,1,20,,220263,4,,,1,20,,220264,4,,,1,60,,220265,4,,,1,20,,220266,4,,,1,20,,220267,4,,,1,60,,220268,4,,,1,100,,220269,4,,,1,100,,220270,4,,,1,100,,220271,4,,,1,100,,220272,4,,,1,100,,220273,4,,,1
12100,'121-Sunday-1-26-09-0000001',601,,220274,4,,,1,100,,220275,4,,,1,100,,220276,4,,,1,100,,220277,4,,,1,100,,220278,4,,,1,30,,220279,4,,,1,70,,220280,4,,,1,30,,220281,4,,,1,70,,220282,4,,,1,30,,220283,4,,,1,70,,220284,4,,,1,30,,220285,4,,,1,70,,220286,4,,,1,30,,220287,4,,,1,70,,220288,4,,,1,30,,220289,4,,,1,70,,220290,4,,,1,30,,220291,4,,,1,70,,220292,4,,,1,30,,220293,4,,,1,70,,220294,4,,,1,30,,220295,4,,,1,70,,220296,4,,,1,100,,220297,4,,,1,100,,220298,4,,,1,100,,220299,4,,,1,100,,220300,4,,,1
62700,'627-Weekday-1-26-09-1111100',1541,,227562,39,,,1
62700,'627-Weekday-3-26-09-1111100',1541,,227563,39,,,1
62700,'627-Weekday-7-26-09-1111100',1541,,270393,39,,,1
