50601,'506-Weekday-1-26-09-1111100',522,,222159,3,,,1,29,,222120,3,,,1,70,,222121,3,,,1,33,,222122,3,,,1,56,,222123,3,,,1,15,,222160,3,,,1,15,,222124,3,,,1,15,,222125,3,,,1,55,,222126,3,,,1,15,,222162,3,,,1,15,,222163,3,,,1,15,,222127,3,,,1,69,,222128,3,,,1,30,,222129,3,,,1,70,,222130,3,,,1,30,,222131,3,,,1,70,,222132,3,,,1,30,,222133,3,,,1,70,,222134,3,,,1,30,,222135,3,,,1,70,,222136,3,,,1,30,,222137,3,,,1,70,,222138,3,,,1,30,,222139,3,,,1,61,,222166,3,0,48,1,13,,222140,3,,,1,30,,222141,3,,,1,47,,222167,3,0,48,1,8,,222142,3,,,1,15,,222161,3,,,1,15,,222143,3,,,1,15,,222144,3,,,1,55,,222145,3,,,1,15,,222164,3,,,1,15,,222165,3,,,1,15,,222146,3,,,1,70,,222147,3,,,1,26,,222148,3,,,1,69,,222149,3,,,1,30,,222150,3,,,1,70,,222151,3,,,1,30,,222152,3,,,1,70,,222153,3,,,1,30,,222154,3,,,1,68,,222155,3,,,1,29,,222156,3,,,1,100,,222157,3,,,1,100,,222158,3,0,48,1
50601,'506-Weekday-2-26-09-1111100',522,,222207,3,,,1,29,,222168,3,,,1,70,,222169,3,,,1,33,,222170,3,,,1,56,,222171,3,,,1,15,,222208,3,,,1,15,,222172,3,,,1,15,,222173,3,,,1,55,,222174,3,,,1,15,,222210,3,,,1,15,,222211,3,,,1,15,,222175,3,,,1,69,,222176,3,,,1,30,,222177,3,,,1,70,,222178,3,,,1,30,,222179,3,,,1,70,,222180,3,,,1,30,,222181,3,,,1,70,,222182,3,,,1,30,,222183,3,,,1,70,,222184,3,,,1,30,,222185,3,,,1,70,,222186,3,,,1,30,,222187,3,,,1,61,,222214,3,0,48,1,13,,222188,3,,,1,30,,222189,3,,,1,47,,222215,3,0,48,1,8,,222190,3,,,1,15,,222209,3,,,1,15,,222191,3,,,1,15,,222192,3,,,1,55,,222193,3,,,1,15,,222212,3,,,1,15,,222213,3,,,1,15,,222194,3,,,1,70,,222195,3,,,1,26,,222196,3,,,1,69,,222197,3,,,1,30,,222198,3,,,1,70,,222199,3,,,1,30,,222200,3,,,1,70,,222201,3,,,1,30,,222202,3,,,1,68,,222203,3,,,1,29,,222204,3,,,1,100,,222205,3,,,1,100,,222206,3,0,48,1
50601,'506-Weekday-3-26-09-1111100',522,,265483,3,,,1,29,,265444,3,,,1,70,,265445,3,,,1,33,,265446,3,,,1,56,,265447,3,,,1,15,,265484,3,,,1,15,,265448,3,,,1,15,,265449,3,,,1,55,,265450,3,,,1,15,,265486,3,,,1,15,,265487,3,,,1,15,,265451,3,,,1,69,,265452,3,,,1,30,,265453,3,,,1,70,,265454,3,,,1,30,,265455,3,,,1,70,,265456,3,,,1,30,,265457,3,,,1,70,,265458,3,,,1,30,,265459,3,,,1,70,,265460,3,,,1,30,,265461,3,,,1,70,,265462,3,,,1,30,,265463,3,,,1,74,,265464,3,,,1,30,,265465,3,,,1,55,,265466,3,,,1,15,,265485,3,,,1,15,,265467,3,,,1,15,,265468,3,,,1,55,,265469,3,,,1,15,,265488,3,,,1,15,,265489,3,,,1,15,,265470,3,,,1,70,,265471,3,,,1,26,,265472,3,,,1,69,,265473,3,,,1,30,,265474,3,,,1,70,,265475,3,,,1,30,,265476,3,,,1,70,,265477,3,,,1,30,,265478,3,,,1,68,,265479,3,,,1,29,,265480,3,,,1,100,,265481,3,,,1,100,,265482,3,0,48,1
50601,'506-Weekday-4-26-09-1111100',522,,222255,3,,,1,29,,222216,3,,,1,70,,222217,3,,,1,33,,222218,3,,,1,56,,222219,3,,,1,15,,222256,3,,,1,15,,222220,3,,,1,15,,222221,3,,,1,55,,222222,3,,,1,15,,222258,3,,,1,15,,222259,3,,,1,15,,222223,3,,,1,69,,222224,3,,,1,30,,222225,3,,,1,70,,222226,3,,,1,30,,222227,3,,,1,70,,222228,3,,,1,30,,222229,3,,,1,70,,222230,3,,,1,30,,222231,3,,,1,70,,222232,3,,,1,30,,222233,3,,,1,70,,222234,3,,,1,30,,222235,3,,,1,74,,222236,3,,,1,30,,222237,3,,,1,55,,222238,3,,,1,15,,222257,3,,,1,15,,222239,3,,,1,15,,222240,3,,,1,55,,222241,3,,,1,15,,222260,3,,,1,15,,222261,3,,,1,15,,222242,3,,,1,70,,222243,3,,,1,26,,222244,3,,,1,69,,222245,3,,,1,30,,222246,3,,,1,70,,222247,3,,,1,30,,222248,3,,,1,70,,222249,3,,,1,30,,222250,3,,,1,68,,222251,3,,,1,29,,222252,3,,,1,100,,222253,3,,,1,100,,222254,3,0,48,1
50601,'506-Weekday-5-26-09-1111100',522,,265529,3,,,1,29,,265490,3,,,1,70,,265491,3,,,1,33,,265492,3,,,1,56,,265493,3,,,1,15,,265530,3,,,1,15,,265494,3,,,1,15,,265495,3,,,1,55,,265496,3,,,1,15,,265532,3,,,1,15,,265533,3,,,1,15,,265497,3,,,1,69,,265498,3,,,1,30,,265499,3,,,1,70,,265500,3,,,1,30,,265501,3,,,1,70,,265502,3,,,1,30,,265503,3,,,1,70,,265504,3,,,1,30,,265505,3,,,1,70,,265506,3,,,1,30,,265507,3,,,1,70,,265508,3,,,1,30,,265509,3,,,1,74,,265510,3,,,1,30,,265511,3,,,1,55,,265512,3,,,1,15,,265531,3,,,1,15,,265513,3,,,1,15,,265514,3,,,1,55,,265515,3,,,1,15,,265534,3,,,1,15,,265535,3,,,1,15,,265516,3,,,1,70,,265517,3,,,1,26,,265518,3,,,1,69,,265519,3,,,1,30,,265520,3,,,1,70,,265521,3,,,1,30,,265522,3,,,1,70,,265523,3,,,1,30,,265524,3,,,1,68,,265525,3,,,1,29,,265526,3,,,1,100,,265527,3,,,1,100,,265528,3,0,48,1
50601,'506-Weekday-6-26-09-1111100',522,,265575,3,,,1,29,,265536,3,,,1,70,,265537,3,,,1,33,,265538,3,,,1,56,,265539,3,,,1,15,,265576,3,,,1,15,,265540,3,,,1,15,,265541,3,,,1,55,,265542,3,,,1,15,,265578,3,,,1,15,,265579,3,,,1,15,,265543,3,,,1,69,,265544,3,,,1,30,,265545,3,,,1,70,,265546,3,,,1,30,,265547,3,,,1,70,,265548,3,,,1,30,,265549,3,,,1,70,,265550,3,,,1,30,,265551,3,,,1,70,,265552,3,,,1,30,,265553,3,,,1,70,,265554,3,,,1,30,,265555,3,,,1,61,,265582,3,0,48,1,13,,265556,3,,,1,30,,265557,3,,,1,47,,265583,3,0,48,1,8,,265558,3,,,1,15,,265577,3,,,1,15,,265559,3,,,1,15,,265560,3,,,1,55,,265561,3,,,1,15,,265580,3,,,1,15,,265581,3,,,1,15,,265562,3,,,1,70,,265563,3,,,1,26,,265564,3,,,1,69,,265565,3,,,1,30,,265566,3,,,1,70,,265567,3,,,1,30,,265568,3,,,1,70,,265569,3,,,1,30,,265570,3,,,1,68,,265571,3,,,1,29,,265572,3,,,1,100,,265573,3,,,1,100,,265574,3,0,48,1
50601,'506-Weekday-7-26-09-1111100',522,,265623,3,,,1,29,,265584,3,,,1,70,,265585,3,,,1,33,,265586,3,,,1,56,,265587,3,,,1,15,,265624,3,,,1,15,,265588,3,,,1,15,,265589,3,,,1,55,,265590,3,,,1,15,,265626,3,,,1,15,,265627,3,,,1,15,,265591,3,,,1,69,,265592,3,,,1,30,,265593,3,,,1,70,,265594,3,,,1,30,,265595,3,,,1,70,,265596,3,,,1,30,,265597,3,,,1,70,,265598,3,,,1,30,,265599,3,,,1,70,,265600,3,,,1,30,,265601,3,,,1,70,,265602,3,,,1,30,,265603,3,,,1,74,,265604,3,,,1,30,,265605,3,,,1,55,,265606,3,,,1,15,,265625,3,,,1,15,,265607,3,,,1,15,,265608,3,,,1,55,,265609,3,,,1,15,,265628,3,,,1,15,,265629,3,,,1,15,,265610,3,,,1,70,,265611,3,,,1,26,,265612,3,,,1,69,,265613,3,,,1,30,,265614,3,,,1,70,,265615,3,,,1,30,,265616,3,,,1,70,,265617,3,,,1,30,,265618,3,,,1,68,,265619,3,,,1,29,,265620,3,,,1,100,,265621,3,,,1,100,,265622,3,0,48,1
50601,'506-Saturday-1-26-09-0000010',539,,222262,3,,,1,100,,222263,3,,,1,100,,222264,3,,,1,70,,222265,3,,,1,28,,222266,3,,,1,69,,222267,3,,,1,33,,222268,3,,,1,70,,222269,3,,,1,30,,222270,3,,,1,70,,222271,3,,,1,30,,222272,3,,,1,70,,222273,3,,,1,30,,222274,3,,,1,70,,222275,3,,,1,30,,222276,3,,,1,70,,222277,3,,,1,30,,222278,3,,,1,70,,222279,3,,,1,30,,222280,3,,,1,70,,222281,3,,,1,30,,222282,3,,,1,71,,222283,3,,,1,29,,222284,3,,,1,70,,222285,3,,,1,30,,222286,3,,,1,70,,222287,3,,,1,30,,222288,3,,,1,85,,222289,3,,,1,100,,222290,3,,,1,100,,222291,3,,,1,100,,222292,3,,,1,100,,222293,3,0,48,1
50601,'506-Sunday-1-26-09-0000001',543,,222294,3,,,1,98,,222295,3,,,1,100,,222296,3,,,1,100,,222297,3,,,1,99,,222298,3,,,1,70,,222299,3,,,1,30,,222300,3,,,1,70,,222301,3,,,1,30,,222302,3,,,1,70,,222303,3,,,1,30,,222304,3,,,1,70,,222305,3,,,1,30,,222306,3,,,1,70,,222307,3,,,1,30,,222308,3,,,1,70,,222309,3,,,1,30,,222310,3,,,1,70,,222311,3,,,1,30,,222312,3,,,1,70,,222313,3,,,1,31,,222314,3,,,1,70,,222315,3,,,1,30,,222316,3,,,1,85,,222317,3,,,1,100,,222318,3,,,1,100,,222319,3,,,1,100,,222320,3,,,1,100,,222321,3,,,1
63100,'631-Weekday-1-26-09-1111100',728,,227574,4,,,1
63100,'631-Weekday-3-26-09-1111100',728,,227575,4,,,1
63100,'631-Weekday-4-26-09-1111100',728,,270401,4,,,1
63100,'631-Weekday-7-26-09-1111100',728,,270402,4,,,1
63101,'631-Weekday-1-26-09-0001000',1300,,227576,36,,,1
63101,'631-Weekday-1-26-09-1110100',1603,,227577,36,,,1
63101,'631-Weekday-3-26-09-1110100',1603,,227578,36,,,1
63101,'631-Weekday-4-26-09-1110100',1603,,270403,36,,,1
63101,'631-Weekday-7-26-09-1110100',1603,,270404,36,,,1
