11700,'117-Weekday-1-26-09-1111100',540,,218936,18,,,1,70,,218937,18,,,1,31,,218965,18,,,1,60,,218966,18,,,1,20,,218969,18,,,1,20,,218967,18,,,1,60,,218968,18,,,1,20,,218970,18,,,1,20,,218938,18,,,1,69,,218939,18,,,1,30,,218940,18,,,1,70,,218941,18,,,1,30,,218942,18,,,1,70,,218943,18,,,1,30,,218944,18,,,1,70,,218945,18,,,1,30,,218946,18,,,1,70,,218947,18,,,1,30,,218948,18,,,1,70,,218949,18,,,1,30,,218950,18,,,1,71,,218951,18,,,1,20,,218952,18,,,1,20,,218971,18,,,1,60,,218953,18,,,1,20,,218954,18,,,1,20,,218972,18,,,1,60,,218955,18,,,1,30,,218956,18,,,1,70,,218957,18,,,1,29,,218958,18,,,1,70,,218959,18,,,1,30,,218960,18,,,1,70,,218961,18,,,1,30,,218962,18,,,1,70,,218963,18,,,1,30,,218964,18,,,1
11700,'117-Weekday-2-26-09-1111100',540,,218973,18,,,1,70,,218974,18,,,1,31,,219002,18,,,1,60,,219003,18,,,1,20,,219006,18,,,1,20,,219004,18,,,1,60,,219005,18,,,1,20,,219007,18,,,1,20,,218975,18,,,1,69,,218976,18,,,1,30,,218977,18,,,1,70,,218978,18,,,1,30,,218979,18,,,1,70,,218980,18,,,1,30,,218981,18,,,1,70,,218982,18,,,1,30,,218983,18,,,1,70,,218984,18,,,1,30,,218985,18,,,1,70,,218986,18,,,1,30,,218987,18,,,1,71,,218988,18,,,1,20,,218989,18,,,1,20,,219008,18,,,1,60,,218990,18,,,1,20,,218991,18,,,1,20,,219009,18,,,1,60,,218992,18,,,1,30,,218993,18,,,1,70,,218994,18,,,1,29,,218995,18,,,1,70,,218996,18,,,1,30,,218997,18,,,1,70,,218998,18,,,1,30,,218999,18,,,1,70,,219000,18,,,1,30,,219001,18,,,1
11700,'117-Weekday-3-26-09-1111100',540,,262358,18,,,1,70,,262359,18,,,1,31,,262387,18,,,1,60,,262388,18,,,1,20,,262391,18,,,1,20,,262389,18,,,1,60,,262390,18,,,1,20,,262392,18,,,1,20,,262360,18,,,1,69,,262361,18,,,1,30,,262362,18,,,1,70,,262363,18,,,1,30,,262364,18,,,1,70,,262365,18,,,1,30,,262366,18,,,1,70,,262367,18,,,1,30,,262368,18,,,1,70,,262369,18,,,1,30,,262370,18,,,1,70,,262371,18,,,1,30,,262372,18,,,1,71,,262373,18,,,1,20,,262374,18,,,1,20,,262393,18,,,1,60,,262375,18,,,1,20,,262376,18,,,1,20,,262394,18,,,1,60,,262377,18,,,1,30,,262378,18,,,1,70,,262379,18,,,1,29,,262380,18,,,1,70,,262381,18,,,1,30,,262382,18,,,1,70,,262383,18,,,1,30,,262384,18,,,1,70,,262385,18,,,1,30,,262386,18,,,1
11700,'117-Weekday-4-26-09-1111100',540,,219010,18,,,1,70,,219011,18,,,1,31,,219039,18,,,1,60,,219040,18,,,1,20,,219043,18,,,1,20,,219041,18,,,1,60,,219042,18,,,1,20,,219044,18,,,1,20,,219012,18,,,1,69,,219013,18,,,1,30,,219014,18,,,1,70,,219015,18,,,1,30,,219016,18,,,1,70,,219017,18,,,1,30,,219018,18,,,1,70,,219019,18,,,1,30,,219020,18,,,1,70,,219021,18,,,1,30,,219022,18,,,1,70,,219023,18,,,1,30,,219024,18,,,1,71,,219025,18,,,1,20,,219026,18,,,1,20,,219045,18,,,1,60,,219027,18,,,1,20,,219028,18,,,1,20,,219046,18,,,1,60,,219029,18,,,1,30,,219030,18,,,1,70,,219031,18,,,1,29,,219032,18,,,1,70,,219033,18,,,1,30,,219034,18,,,1,70,,219035,18,,,1,30,,219036,18,,,1,70,,219037,18,,,1,30,,219038,18,,,1
11700,'117-Weekday-5-26-09-1111100',540,,262395,18,,,1,70,,262396,18,,,1,31,,262424,18,,,1,60,,262425,18,,,1,20,,262428,18,,,1,20,,262426,18,,,1,60,,262427,18,,,1,20,,262429,18,,,1,20,,262397,18,,,1,69,,262398,18,,,1,30,,262399,18,,,1,70,,262400,18,,,1,30,,262401,18,,,1,70,,262402,18,,,1,30,,262403,18,,,1,70,,262404,18,,,1,30,,262405,18,,,1,70,,262406,18,,,1,30,,262407,18,,,1,70,,262408,18,,,1,30,,262409,18,,,1,71,,262410,18,,,1,20,,262411,18,,,1,20,,262430,18,,,1,60,,262412,18,,,1,20,,262413,18,,,1,20,,262431,18,,,1,60,,262414,18,,,1,30,,262415,18,,,1,70,,262416,18,,,1,29,,262417,18,,,1,70,,262418,18,,,1,30,,262419,18,,,1,70,,262420,18,,,1,30,,262421,18,,,1,70,,262422,18,,,1,30,,262423,18,,,1
11700,'117-Weekday-6-26-09-1111100',540,,262432,18,,,1,70,,262433,18,,,1,31,,262461,18,,,1,60,,262462,18,,,1,20,,262465,18,,,1,20,,262463,18,,,1,60,,262464,18,,,1,20,,262466,18,,,1,20,,262434,18,,,1,69,,262435,18,,,1,30,,262436,18,,,1,70,,262437,18,,,1,30,,262438,18,,,1,70,,262439,18,,,1,30,,262440,18,,,1,70,,262441,18,,,1,30,,262442,18,,,1,70,,262443,18,,,1,30,,262444,18,,,1,70,,262445,18,,,1,30,,262446,18,,,1,71,,262447,18,,,1,20,,262448,18,,,1,20,,262467,18,,,1,60,,262449,18,,,1,20,,262450,18,,,1,20,,262468,18,,,1,60,,262451,18,,,1,30,,262452,18,,,1,70,,262453,18,,,1,29,,262454,18,,,1,70,,262455,18,,,1,30,,262456,18,,,1,70,,262457,18,,,1,30,,262458,18,,,1,70,,262459,18,,,1,30,,262460,18,,,1
11700,'117-Weekday-7-26-09-1111100',540,,262469,18,,,1,70,,262470,18,,,1,31,,262498,18,,,1,60,,262499,18,,,1,20,,262502,18,,,1,20,,262500,18,,,1,60,,262501,18,,,1,20,,262503,18,,,1,20,,262471,18,,,1,69,,262472,18,,,1,30,,262473,18,,,1,70,,262474,18,,,1,30,,262475,18,,,1,70,,262476,18,,,1,30,,262477,18,,,1,70,,262478,18,,,1,30,,262479,18,,,1,70,,262480,18,,,1,30,,262481,18,,,1,70,,262482,18,,,1,30,,262483,18,,,1,71,,262484,18,,,1,20,,262485,18,,,1,20,,262504,18,,,1,60,,262486,18,,,1,20,,262487,18,,,1,20,,262505,18,,,1,60,,262488,18,,,1,30,,262489,18,,,1,70,,262490,18,,,1,29,,262491,18,,,1,70,,262492,18,,,1,30,,262493,18,,,1,70,,262494,18,,,1,30,,262495,18,,,1,70,,262496,18,,,1,30,,262497,18,,,1
11700,'117-Saturday-1-26-09-0000010',555,,219047,18,,,1,100,,219052,18,,,1,100,,219051,18,,,1,85,,219048,18,,,1,70,,219050,18,,,1,30,,219049,18,,,1,70,,219053,18,,,1,30,,219054,18,,,1,70,,219055,18,,,1,30,,219056,18,,,1,70,,219057,18,,,1,30,,219058,18,,,1,70,,219059,18,,,1,30,,219060,18,,,1,70,,219061,18,,,1,30,,219062,18,,,1,70,,219063,18,,,1,30,,219064,18,,,1,70,,219065,18,,,1,30,,219066,18,,,1,70,,219067,18,,,1,30,,219068,18,,,1,70,,219069,18,,,1,30,,219070,18,,,1,70,,219071,18,,,1,30,,219072,18,,,1,70,,219073,18,,,1,30,,219074,18,,,1,70,,219075,18,,,1,30,,219076,18,,,1,70,,219077,18,,,1
11700,'117-Sunday-1-26-09-0000001',617,,219078,18,,,1,100,,219079,18,,,1,100,,219080,18,,,1,100,,219081,18,,,1,100,,219082,18,,,1,30,,219083,18,,,1,70,,219084,18,,,1,30,,219085,18,,,1,70,,219086,18,,,1,30,,219087,18,,,1,70,,219088,18,,,1,30,,219089,18,,,1,70,,219090,18,,,1,30,,219091,18,,,1,70,,219092,18,,,1,30,,219093,18,,,1,70,,219094,18,,,1,30,,219095,18,,,1,70,,219096,18,,,1,30,,219097,18,,,1,70,,219098,18,,,1,30,,219099,18,,,1,100,,219100,18,,,1,100,,219101,18,,,1
11800,'118-Weekday-1-26-09-1111100',509,,219268,24,,,1,30,,219269,24,,,1,70,,219270,24,,,1,31,,219304,24,,,1,15,,219271,24,,,1,55,,219305,24,,,1,15,,219299,24,,,1,15,,219272,24,,,1,15,,219273,24,,,1,55,,219300,24,,,1,15,,219302,24,,,1,15,,219306,24,,,1,68,,219274,24,,,1,30,,219275,24,,,1,70,,219276,24,,,1,30,,219277,24,,,1,70,,219278,24,,,1,30,,219279,24,,,1,70,,219280,24,,,1,30,,219281,24,,,1,70,,219282,24,,,1,30,,219283,24,,,1,70,,219284,24,,,1,30,,219285,24,,,1,71,,219286,24,,,1,30,,219287,24,,,1,62,,219288,24,,,1,20,,219307,24,,,1,20,,219289,24,,,1,60,,219290,24,,,1,20,,219308,24,,,1,20,,219303,24,,,1,66,,219291,24,,,1,32,,219292,24,,,1,70,,219293,24,,,1,30,,219294,24,,,1,70,,219295,24,,,1,30,,219296,24,,,1,70,,219297,24,,,1,30,,219298,24,,,1,70,,219301,24,,,1
11800,'118-Weekday-2-26-09-1111100',509,,219309,24,,,1,30,,219310,24,,,1,70,,219311,24,,,1,31,,219345,24,,,1,15,,219312,24,,,1,55,,219346,24,,,1,15,,219340,24,,,1,15,,219313,24,,,1,15,,219314,24,,,1,55,,219341,24,,,1,15,,219343,24,,,1,15,,219347,24,,,1,68,,219315,24,,,1,30,,219316,24,,,1,70,,219317,24,,,1,30,,219318,24,,,1,70,,219319,24,,,1,30,,219320,24,,,1,70,,219321,24,,,1,30,,219322,24,,,1,70,,219323,24,,,1,30,,219324,24,,,1,70,,219325,24,,,1,30,,219326,24,,,1,71,,219327,24,,,1,30,,219328,24,,,1,62,,219329,24,,,1,20,,219348,24,,,1,20,,219330,24,,,1,60,,219331,24,,,1,20,,219349,24,,,1,20,,219344,24,,,1,66,,219332,24,,,1,32,,219333,24,,,1,70,,219334,24,,,1,30,,219335,24,,,1,70,,219336,24,,,1,30,,219337,24,,,1,70,,219338,24,,,1,30,,219339,24,,,1,70,,219342,24,,,1
11800,'118-Weekday-3-26-09-1111100',509,,262654,24,,,1,30,,262655,24,,,1,70,,262656,24,,,1,31,,262690,24,,,1,15,,262657,24,,,1,55,,262691,24,,,1,15,,262685,24,,,1,15,,262658,24,,,1,15,,262659,24,,,1,55,,262686,24,,,1,15,,262688,24,,,1,15,,262692,24,,,1,68,,262660,24,,,1,30,,262661,24,,,1,70,,262662,24,,,1,30,,262663,24,,,1,70,,262664,24,,,1,30,,262665,24,,,1,70,,262666,24,,,1,30,,262667,24,,,1,70,,262668,24,,,1,30,,262669,24,,,1,70,,262670,24,,,1,30,,262671,24,,,1,71,,262672,24,,,1,30,,262673,24,,,1,62,,262674,24,,,1,20,,262693,24,,,1,20,,262675,24,,,1,60,,262676,24,,,1,20,,262694,24,,,1,20,,262689,24,,,1,66,,262677,24,,,1,32,,262678,24,,,1,70,,262679,24,,,1,30,,262680,24,,,1,70,,262681,24,,,1,30,,262682,24,,,1,70,,262683,24,,,1,30,,262684,24,,,1,70,,262687,24,,,1
11800,'118-Weekday-4-26-09-1111100',509,,219350,24,,,1,30,,219351,24,,,1,70,,219352,24,,,1,31,,219386,24,,,1,15,,219353,24,,,1,55,,219387,24,,,1,15,,219381,24,,,1,15,,219354,24,,,1,15,,219355,24,,,1,55,,219382,24,,,1,15,,219384,24,,,1,15,,219388,24,,,1,68,,219356,24,,,1,30,,219357,24,,,1,70,,219358,24,,,1,30,,219359,24,,,1,70,,219360,24,,,1,30,,219361,24,,,1,70,,219362,24,,,1,30,,219363,24,,,1,70,,219364,24,,,1,30,,219365,24,,,1,70,,219366,24,,,1,30,,219367,24,,,1,71,,219368,24,,,1,30,,219369,24,,,1,62,,219370,24,,,1,20,,219389,24,,,1,20,,219371,24,,,1,60,,219372,24,,,1,20,,219390,24,,,1,20,,219385,24,,,1,66,,219373,24,,,1,32,,219374,24,,,1,70,,219375,24,,,1,30,,219376,24,,,1,70,,219377,24,,,1,30,,219378,24,,,1,70,,219379,24,,,1,30,,219380,24,,,1,70,,219383,24,,,1
11800,'118-Weekday-5-26-09-1111100',509,,262695,24,,,1,30,,262696,24,,,1,70,,262697,24,,,1,31,,262731,24,,,1,15,,262698,24,,,1,55,,262732,24,,,1,15,,262726,24,,,1,15,,262699,24,,,1,15,,262700,24,,,1,55,,262727,24,,,1,15,,262729,24,,,1,15,,262733,24,,,1,68,,262701,24,,,1,30,,262702,24,,,1,70,,262703,24,,,1,30,,262704,24,,,1,70,,262705,24,,,1,30,,262706,24,,,1,70,,262707,24,,,1,30,,262708,24,,,1,70,,262709,24,,,1,30,,262710,24,,,1,70,,262711,24,,,1,30,,262712,24,,,1,71,,262713,24,,,1,30,,262714,24,,,1,62,,262715,24,,,1,20,,262734,24,,,1,20,,262716,24,,,1,60,,262717,24,,,1,20,,262735,24,,,1,20,,262730,24,,,1,66,,262718,24,,,1,32,,262719,24,,,1,70,,262720,24,,,1,30,,262721,24,,,1,70,,262722,24,,,1,30,,262723,24,,,1,70,,262724,24,,,1,30,,262725,24,,,1,70,,262728,24,,,1
11800,'118-Weekday-6-26-09-1111100',509,,262736,24,,,1,30,,262737,24,,,1,70,,262738,24,,,1,31,,262772,24,,,1,15,,262739,24,,,1,55,,262773,24,,,1,15,,262767,24,,,1,15,,262740,24,,,1,15,,262741,24,,,1,55,,262768,24,,,1,15,,262770,24,,,1,15,,262774,24,,,1,68,,262742,24,,,1,30,,262743,24,,,1,70,,262744,24,,,1,30,,262745,24,,,1,70,,262746,24,,,1,30,,262747,24,,,1,70,,262748,24,,,1,30,,262749,24,,,1,70,,262750,24,,,1,30,,262751,24,,,1,70,,262752,24,,,1,30,,262753,24,,,1,71,,262754,24,,,1,30,,262755,24,,,1,62,,262756,24,,,1,20,,262775,24,,,1,20,,262757,24,,,1,60,,262758,24,,,1,20,,262776,24,,,1,20,,262771,24,,,1,66,,262759,24,,,1,32,,262760,24,,,1,70,,262761,24,,,1,30,,262762,24,,,1,70,,262763,24,,,1,30,,262764,24,,,1,70,,262765,24,,,1,30,,262766,24,,,1,70,,262769,24,,,1
11800,'118-Weekday-7-26-09-1111100',509,,262777,24,,,1,30,,262778,24,,,1,70,,262779,24,,,1,31,,262813,24,,,1,15,,262780,24,,,1,55,,262814,24,,,1,15,,262808,24,,,1,15,,262781,24,,,1,15,,262782,24,,,1,55,,262809,24,,,1,15,,262811,24,,,1,15,,262815,24,,,1,68,,262783,24,,,1,30,,262784,24,,,1,70,,262785,24,,,1,30,,262786,24,,,1,70,,262787,24,,,1,30,,262788,24,,,1,70,,262789,24,,,1,30,,262790,24,,,1,70,,262791,24,,,1,30,,262792,24,,,1,70,,262793,24,,,1,30,,262794,24,,,1,71,,262795,24,,,1,30,,262796,24,,,1,62,,262797,24,,,1,20,,262816,24,,,1,20,,262798,24,,,1,60,,262799,24,,,1,20,,262817,24,,,1,20,,262812,24,,,1,66,,262800,24,,,1,32,,262801,24,,,1,70,,262802,24,,,1,30,,262803,24,,,1,70,,262804,24,,,1,30,,262805,24,,,1,70,,262806,24,,,1,30,,262807,24,,,1,70,,262810,24,,,1
11800,'118-Saturday-1-26-09-0000010',626,,219391,24,,,1,100,,219392,24,,,1,100,,219408,24,,,1,31,,219410,24,,,1,70,,219409,24,,,1,30,,219393,24,,,1,70,,219394,24,,,1,30,,219395,24,,,1,70,,219396,24,,,1,30,,219397,24,,,1,70,,219398,24,,,1,30,,219399,24,,,1,70,,219400,24,,,1,30,,219401,24,,,1,70,,219402,24,,,1,30,,219403,24,,,1,70,,219404,24,,,1,30,,219405,24,,,1,70,,219406,24,,,1,30,,219407,24,,,1,70,,219411,24,,,1,30,,219412,24,,,1,70,,219413,24,,,1,30,,219414,24,,,1,70,,219415,24,,,1
11800,'118-Sunday-1-26-09-0000001',648,,219435,24,,,1,100,,219434,24,,,1,100,,219433,24,,,1,102,,219432,24,,,1,100,,219431,24,,,1,85,,219430,24,,,1,70,,219429,24,,,1,30,,219428,24,,,1,70,,219427,24,,,1,30,,219426,24,,,1,70,,219425,24,,,1,30,,219424,24,,,1,70,,219423,24,,,1,30,,219422,24,,,1,70,,219421,24,,,1,30,,219420,24,,,1,69,,219419,24,,,1,29,,219418,24,,,1,70,,219417,24,,,1,30,,219416,24,,,1,70,,219436,24,,,1
61200,'612-Weekday-1-26-09-0001000',1246,,227408,20,,,1
61200,'612-Weekday-1-26-09-1110100',1524,,227409,20,,,1
61200,'612-Weekday-4-26-09-1110100',1524,,270268,20,,,1
61200,'612-Weekday-7-26-09-1110100',1524,,270269,20,,,1
62101,'621-Weekday-1-26-09-1111100',748,,227466,26,,,1,5,,227467,26,,,1,80,,227468,26,,,1
62101,'621-Weekday-3-26-09-1111100',833,,227469,26,,,1
62101,'621-Weekday-4-26-09-1111100',748,,270314,26,,,1,5,,270315,26,,,1
62101,'621-Weekday-7-26-09-1111100',748,,270316,26,,,1,5,,270317,26,,,1,80,,270318,26,,,1
