52100,'521-Weekday-1-26-09-1111100',539,,225695,6,,,1,70,,225725,6,,,1,12,,225735,6,,,1,14,,225734,6,,,1,13,,225696,6,,,1,52,,225731,6,,,1,12,,225699,6,,,1,4,,225743,6,,,1,8,,225697,6,,,1,12,,225698,6,,,1,12,,225700,6,,,1,52,,225733,6,,,1,12,,225701,6,,,1,12,,225702,6,,,1,12,,225703,6,,,1,19,,225726,6,,,1,68,,225727,6,,,1,30,,225714,6,,,1,70,,225704,6,,,1,30,,225705,6,,,1,70,,225706,6,,,1,30,,225707,6,,,1,70,,225708,6,,,1,30,,225709,6,,,1,70,,225710,6,,,1,30,,225711,6,,,1,70,,225712,6,,,1,31,,225713,6,,,1,80,,225728,6,,,1,15,,225715,6,,,1,55,,225716,6,,,1,15,,225717,6,,,1,15,,225718,6,,,1,15,,225719,6,,,1,55,,225720,6,,,1,15,,225721,6,,,1,15,,225722,6,,,1,15,,225723,6,,,1,55,,225724,6,,,1,23,,225730,6,,,1,28,,225729,6,,,1,72,,225736,6,,,1,28,,225737,6,,,1,70,,225738,6,,,1,30,,225739,6,,,1,70,,225740,6,,,1,30,,225741,6,,,1,97,,225742,6,,,1,100,,225732,6,,,1
52100,'521-Weekday-2-26-09-1111100',539,,225744,6,,,1,70,,225774,6,,,1,12,,225784,6,,,1,14,,225783,6,,,1,13,,225745,6,,,1,52,,225780,6,,,1,12,,225748,6,,,1,4,,225792,6,,,1,8,,225746,6,,,1,12,,225747,6,,,1,12,,225749,6,,,1,52,,225782,6,,,1,12,,225750,6,,,1,12,,225751,6,,,1,12,,225752,6,,,1,19,,225775,6,,,1,68,,225776,6,,,1,30,,225763,6,,,1,70,,225753,6,,,1,30,,225754,6,,,1,70,,225755,6,,,1,30,,225756,6,,,1,70,,225757,6,,,1,30,,225758,6,,,1,70,,225759,6,,,1,30,,225760,6,,,1,70,,225761,6,,,1,31,,225762,6,,,1,80,,225777,6,,,1,15,,225764,6,,,1,55,,225765,6,,,1,15,,225766,6,,,1,15,,225767,6,,,1,15,,225768,6,,,1,55,,225769,6,,,1,15,,225770,6,,,1,15,,225771,6,,,1,15,,225772,6,,,1,55,,225773,6,,,1,23,,225779,6,,,1,28,,225778,6,,,1,72,,225785,6,,,1,28,,225786,6,,,1,70,,225787,6,,,1,30,,225788,6,,,1,70,,225789,6,,,1,30,,225790,6,,,1,97,,225791,6,,,1,100,,225781,6,,,1
52100,'521-Weekday-3-26-09-1111100',539,,268721,6,,,1,70,,268751,6,,,1,12,,268761,6,,,1,14,,268760,6,,,1,13,,268722,6,,,1,52,,268757,6,,,1,12,,268725,6,,,1,4,,268769,6,,,1,8,,268723,6,,,1,12,,268724,6,,,1,12,,268726,6,,,1,52,,268759,6,,,1,12,,268727,6,,,1,12,,268728,6,,,1,12,,268729,6,,,1,19,,268752,6,,,1,68,,268753,6,,,1,30,,268740,6,,,1,70,,268730,6,,,1,30,,268731,6,,,1,70,,268732,6,,,1,30,,268733,6,,,1,70,,268734,6,,,1,30,,268735,6,,,1,70,,268736,6,,,1,30,,268737,6,,,1,70,,268738,6,,,1,31,,268739,6,,,1,80,,268754,6,,,1,15,,268741,6,,,1,55,,268742,6,,,1,15,,268743,6,,,1,15,,268744,6,,,1,15,,268745,6,,,1,55,,268746,6,,,1,15,,268747,6,,,1,15,,268748,6,,,1,15,,268749,6,,,1,55,,268750,6,,,1,23,,268756,6,,,1,28,,268755,6,,,1,72,,268762,6,,,1,28,,268763,6,,,1,70,,268764,6,,,1,30,,268765,6,,,1,70,,268766,6,,,1,30,,268767,6,,,1,97,,268768,6,,,1,100,,268758,6,,,1
52100,'521-Weekday-4-26-09-1111100',539,,225793,6,,,1,70,,225823,6,,,1,12,,225833,6,,,1,14,,225832,6,,,1,13,,225794,6,,,1,52,,225829,6,,,1,12,,225797,6,,,1,12,,225795,6,,,1,12,,225796,6,,,1,12,,225798,6,,,1,52,,225831,6,,,1,12,,225799,6,,,1,12,,225800,6,,,1,12,,225801,6,,,1,19,,225824,6,,,1,68,,225825,6,,,1,30,,225812,6,,,1,70,,225802,6,,,1,30,,225803,6,,,1,70,,225804,6,,,1,30,,225805,6,,,1,70,,225806,6,,,1,30,,225807,6,,,1,70,,225808,6,,,1,30,,225809,6,,,1,70,,225810,6,,,1,31,,225811,6,,,1,80,,225826,6,,,1,15,,225813,6,,,1,55,,225814,6,,,1,15,,225815,6,,,1,15,,225816,6,,,1,15,,225817,6,,,1,55,,225818,6,,,1,15,,225819,6,,,1,15,,225820,6,,,1,15,,225821,6,,,1,55,,225822,6,,,1,23,,225828,6,,,1,28,,225827,6,,,1,72,,225834,6,,,1,28,,225835,6,,,1,70,,225836,6,,,1,30,,225837,6,,,1,70,,225838,6,,,1,30,,225839,6,,,1,97,,225840,6,,,1,100,,225830,6,,,1
52100,'521-Weekday-5-26-09-1111100',539,,268770,6,,,1,70,,268800,6,,,1,12,,268810,6,,,1,14,,268809,6,,,1,13,,268771,6,,,1,52,,268806,6,,,1,12,,268774,6,,,1,12,,268772,6,,,1,12,,268773,6,,,1,12,,268775,6,,,1,52,,268808,6,,,1,12,,268776,6,,,1,12,,268777,6,,,1,12,,268778,6,,,1,19,,268801,6,,,1,68,,268802,6,,,1,30,,268789,6,,,1,70,,268779,6,,,1,30,,268780,6,,,1,70,,268781,6,,,1,30,,268782,6,,,1,70,,268783,6,,,1,30,,268784,6,,,1,70,,268785,6,,,1,30,,268786,6,,,1,70,,268787,6,,,1,31,,268788,6,,,1,80,,268803,6,,,1,15,,268790,6,,,1,55,,268791,6,,,1,15,,268792,6,,,1,15,,268793,6,,,1,15,,268794,6,,,1,55,,268795,6,,,1,15,,268796,6,,,1,15,,268797,6,,,1,15,,268798,6,,,1,55,,268799,6,,,1,23,,268805,6,,,1,28,,268804,6,,,1,72,,268811,6,,,1,28,,268812,6,,,1,70,,268813,6,,,1,30,,268814,6,,,1,70,,268815,6,,,1,30,,268816,6,,,1,97,,268817,6,,,1,100,,268807,6,,,1
52100,'521-Weekday-6-26-09-1111100',539,,268818,6,,,1,70,,268848,6,,,1,12,,268858,6,,,1,14,,268857,6,,,1,13,,268819,6,,,1,52,,268854,6,,,1,12,,268822,6,,,1,4,,268866,6,,,1,8,,268820,6,,,1,12,,268821,6,,,1,12,,268823,6,,,1,52,,268856,6,,,1,12,,268824,6,,,1,12,,268825,6,,,1,12,,268826,6,,,1,19,,268849,6,,,1,68,,268850,6,,,1,30,,268837,6,,,1,70,,268827,6,,,1,30,,268828,6,,,1,70,,268829,6,,,1,30,,268830,6,,,1,70,,268831,6,,,1,30,,268832,6,,,1,70,,268833,6,,,1,30,,268834,6,,,1,70,,268835,6,,,1,31,,268836,6,,,1,80,,268851,6,,,1,15,,268838,6,,,1,55,,268839,6,,,1,15,,268840,6,,,1,15,,268841,6,,,1,15,,268842,6,,,1,55,,268843,6,,,1,15,,268844,6,,,1,15,,268845,6,,,1,15,,268846,6,,,1,55,,268847,6,,,1,23,,268853,6,,,1,28,,268852,6,,,1,72,,268859,6,,,1,28,,268860,6,,,1,70,,268861,6,,,1,30,,268862,6,,,1,70,,268863,6,,,1,30,,268864,6,,,1,97,,268865,6,,,1,100,,268855,6,,,1
52100,'521-Weekday-7-26-09-1111100',539,,268867,6,,,1,70,,268897,6,,,1,12,,268907,6,,,1,14,,268906,6,,,1,13,,268868,6,,,1,52,,268903,6,,,1,12,,268871,6,,,1,12,,268869,6,,,1,12,,268870,6,,,1,12,,268872,6,,,1,52,,268905,6,,,1,12,,268873,6,,,1,12,,268874,6,,,1,12,,268875,6,,,1,19,,268898,6,,,1,68,,268899,6,,,1,30,,268886,6,,,1,70,,268876,6,,,1,30,,268877,6,,,1,70,,268878,6,,,1,30,,268879,6,,,1,70,,268880,6,,,1,30,,268881,6,,,1,70,,268882,6,,,1,30,,268883,6,,,1,70,,268884,6,,,1,31,,268885,6,,,1,80,,268900,6,,,1,15,,268887,6,,,1,55,,268888,6,,,1,15,,268889,6,,,1,15,,268890,6,,,1,15,,268891,6,,,1,55,,268892,6,,,1,15,,268893,6,,,1,15,,268894,6,,,1,15,,268895,6,,,1,55,,268896,6,,,1,23,,268902,6,,,1,28,,268901,6,,,1,72,,268908,6,,,1,28,,268909,6,,,1,70,,268910,6,,,1,30,,268911,6,,,1,70,,268912,6,,,1,30,,268913,6,,,1,97,,268914,6,,,1,100,,268904,6,,,1
52100,'521-Saturday-1-26-09-0000010',805,,225860,6,,,1,28,,225861,6,,,1,68,,225862,6,,,1,29,,225863,6,,,1,70,,225841,6,,,1,30,,225842,6,,,1,70,,225843,6,,,1,30,,225844,6,,,1,70,,225845,6,,,1,30,,225846,6,,,1,70,,225847,6,,,1,30,,225848,6,,,1,70,,225849,6,,,1,30,,225850,6,,,1,70,,225851,6,,,1,30,,225852,6,,,1,70,,225854,6,,,1,31,,225855,6,,,1,70,,225856,6,,,1,30,,225853,6,,,1,70,,225857,6,,,1,30,,225858,6,,,1,70,,225859,6,,,1
52100,'521-Sunday-1-26-09-0000001',1001,,225864,6,,,1,30,,225865,6,,,1,70,,225866,6,,,1,30,,225867,6,,,1,70,,225868,6,,,1,30,,225869,6,,,1,70,,225870,6,,,1,30,,225871,6,,,1,70,,225872,6,,,1,30,,225873,6,,,1,70,,225874,6,,,1,30,,225875,6,,,1,70,,225876,6,,,1,30,,225877,6,,,1,69,,225878,6,,,1,30,,225879,6,,,1,70,,225880,6,,,1,30,,225881,6,,,1,70,,225882,6,,,1
66500,'665-Weekday-1-26-09-0001000',1444,,227766,16,,,1,3,,227767,16,,,1
66500,'665-Weekday-1-26-09-1110100',1523,,227768,16,,,1,3,,227769,16,,,1
66500,'665-Weekday-3-26-09-1110100',1523,,227770,16,,,1,3,,227771,16,,,1
66500,'665-Weekday-7-26-09-1110100',1523,,270566,16,,,1,3,,270567,16,,,1
