10600,'106-Weekday-1-26-09-0001000',1229,,215312,10,,,1,5,,215313,10,,,1
10600,'106-Weekday-1-26-09-1110100',1503,,215314,10,,,1,5,,215315,10,,,1,5,,215316,10,,,1
10600,'106-Weekday-1-26-09-1111100',552,,215369,31,,,1,74,,215320,31,,,1,75,,215321,31,,,1,30,,215367,31,,,1,12,,215322,31,,,1,15,,215378,10,,,1,55,,215323,31,,,1,10,,215324,31,,,1,10,,215370,31,,,1,10,,215326,31,,,1,10,,215325,31,,,1,49,,215371,31,,,1,10,,215329,31,,,1,10,,215327,31,,,1,9,,215372,31,,,1,14,,215332,31,,,1,56,,215333,31,,,1,17,,215334,31,,,1,20,,215335,31,,,1,20,,215336,31,,,1,60,,215337,31,,,1,20,,215338,31,,,1,20,,215339,31,,,1,60,,215340,31,,,1,20,,215341,31,,,1,20,,215342,31,,,1,60,,215343,31,,,1,20,,215344,31,,,1,20,,215345,31,,,1,60,,215346,31,,,1,20,,215347,31,,,1,20,,215348,31,,,1,60,,215349,31,,,1,22,,215350,31,,,1,11,,215328,31,,,1,50,,215373,31,,,1,10,,215353,31,,,1,10,,215330,31,,,1,10,,215374,31,,,1,10,,215354,31,,,1,10,,215331,31,,,1,50,,215375,31,,,1,10,,215355,31,,,1,10,,215351,31,,,1,10,,215376,31,,,1,10,,215356,31,,,1,10,,215352,31,,,1,50,,215377,31,,,1,10,,215357,31,,,1,15,,215366,31,,,1,14,,215358,31,,,1,66,,215359,31,,,1,25,,215360,31,,,1,70,,215361,31,,,1,30,,215362,31,,,1,70,,215363,31,,,1,30,,215364,31,,,1,69,,215365,31,,,1,26,,215318,31,,,1,26,,215319,31,,,1
10600,'106-Weekday-2-26-09-1111100',552,,215431,31,,,1,74,,215382,31,,,1,75,,215383,31,,,1,30,,215429,31,,,1,12,,215384,31,,,1,15,,215430,31,,,1,55,,215385,31,,,1,10,,215386,31,,,1,10,,215432,31,,,1,10,,215388,31,,,1,10,,215387,31,,,1,49,,215433,31,,,1,10,,215391,31,,,1,10,,215389,31,,,1,9,,215434,31,,,1,14,,215394,31,,,1,56,,215395,31,,,1,17,,215396,31,,,1,20,,215397,31,,,1,20,,215398,31,,,1,60,,215399,31,,,1,20,,215400,31,,,1,20,,215401,31,,,1,60,,215402,31,,,1,20,,215403,31,,,1,20,,215404,31,,,1,60,,215405,31,,,1,20,,215406,31,,,1,20,,215407,31,,,1,60,,215408,31,,,1,20,,215409,31,,,1,20,,215410,31,,,1,60,,215411,31,,,1,22,,215412,31,,,1,11,,215390,31,,,1,50,,215435,31,,,1,10,,215415,31,,,1,10,,215392,31,,,1,10,,215436,31,,,1,10,,215416,31,,,1,10,,215393,31,,,1,50,,215437,31,,,1,10,,215417,31,,,1,10,,215413,31,,,1,10,,215438,31,,,1,10,,215418,31,,,1,10,,215414,31,,,1,50,,215439,31,,,1,10,,215419,31,,,1,15,,215428,31,,,1,14,,215420,31,,,1,66,,215421,31,,,1,25,,215422,31,,,1,70,,215423,31,,,1,30,,215424,31,,,1,70,,215425,31,,,1,30,,215426,31,,,1,69,,215427,31,,,1,26,,215380,31,,,1,26,,215381,31,,,1
10600,'106-Weekday-3-26-09-1110100',1503,,258877,10,,,1,5,,258878,10,,,1,5,,258879,10,,,1
10600,'106-Weekday-3-26-09-1111100',552,,258932,31,,,1,74,,258883,31,,,1,75,,258884,31,,,1,30,,258930,31,,,1,12,,258885,31,,,1,15,,258941,10,,,1,55,,258886,31,,,1,10,,258887,31,,,1,10,,258933,31,,,1,10,,258889,31,,,1,10,,258888,31,,,1,49,,258934,31,,,1,10,,258892,31,,,1,10,,258890,31,,,1,9,,258935,31,,,1,14,,258895,31,,,1,56,,258896,31,,,1,17,,258897,31,,,1,20,,258898,31,,,1,20,,258899,31,,,1,60,,258900,31,,,1,20,,258901,31,,,1,20,,258902,31,,,1,60,,258903,31,,,1,20,,258904,31,,,1,20,,258905,31,,,1,60,,258906,31,,,1,20,,258907,31,,,1,20,,258908,31,,,1,60,,258909,31,,,1,20,,258910,31,,,1,20,,258911,31,,,1,60,,258912,31,,,1,22,,258913,31,,,1,11,,258891,31,,,1,50,,258936,31,,,1,10,,258916,31,,,1,10,,258893,31,,,1,10,,258937,31,,,1,10,,258917,31,,,1,10,,258894,31,,,1,50,,258938,31,,,1,10,,258918,31,,,1,10,,258914,31,,,1,10,,258939,31,,,1,10,,258919,31,,,1,10,,258915,31,,,1,50,,258940,31,,,1,10,,258920,31,,,1,15,,258929,31,,,1,14,,258921,31,,,1,66,,258922,31,,,1,25,,258923,31,,,1,70,,258924,31,,,1,30,,258925,31,,,1,70,,258926,31,,,1,30,,258927,31,,,1,69,,258928,31,,,1,26,,258881,31,,,1,26,,258882,31,,,1
10600,'106-Weekday-4-26-09-1111100',552,,215492,31,,,1,74,,215443,31,,,1,75,,215444,31,,,1,30,,215490,31,,,1,12,,215445,31,,,1,15,,215491,31,,,1,55,,215446,31,,,1,10,,215447,31,,,1,10,,215493,31,,,1,10,,215449,31,,,1,10,,215448,31,,,1,49,,215494,31,,,1,10,,215452,31,,,1,10,,215450,31,,,1,9,,215495,31,,,1,14,,215455,31,,,1,56,,215456,31,,,1,17,,215457,31,,,1,20,,215458,31,,,1,20,,215459,31,,,1,60,,215460,31,,,1,20,,215461,31,,,1,20,,215462,31,,,1,60,,215463,31,,,1,20,,215464,31,,,1,20,,215465,31,,,1,60,,215466,31,,,1,20,,215467,31,,,1,20,,215468,31,,,1,60,,215469,31,,,1,20,,215470,31,,,1,20,,215471,31,,,1,60,,215472,31,,,1,22,,215473,31,,,1,11,,215451,31,,,1,50,,215496,31,,,1,10,,215476,31,,,1,10,,215453,31,,,1,10,,215497,31,,,1,10,,215477,31,,,1,10,,215454,31,,,1,50,,215498,31,,,1,10,,215478,31,,,1,10,,215474,31,,,1,10,,215499,31,,,1,10,,215479,31,,,1,10,,215475,31,,,1,50,,215500,31,,,1,10,,215480,31,,,1,15,,215489,31,,,1,14,,215481,31,,,1,66,,215482,31,,,1,25,,215483,31,,,1,70,,215484,31,,,1,30,,215485,31,,,1,70,,215486,31,,,1,30,,215487,31,,,1,69,,215488,31,,,1,26,,215441,31,,,1,26,,215442,31,,,1
10600,'106-Weekday-5-26-09-1111100',552,,258994,31,,,1,74,,258945,31,,,1,75,,258946,31,,,1,30,,258992,31,,,1,12,,258947,31,,,1,15,,258993,31,,,1,55,,258948,31,,,1,10,,258949,31,,,1,10,,258995,31,,,1,10,,258951,31,,,1,10,,258950,31,,,1,49,,258996,31,,,1,10,,258954,31,,,1,10,,258952,31,,,1,9,,258997,31,,,1,14,,258957,31,,,1,56,,258958,31,,,1,17,,258959,31,,,1,20,,258960,31,,,1,20,,258961,31,,,1,60,,258962,31,,,1,20,,258963,31,,,1,20,,258964,31,,,1,60,,258965,31,,,1,20,,258966,31,,,1,20,,258967,31,,,1,60,,258968,31,,,1,20,,258969,31,,,1,20,,258970,31,,,1,60,,258971,31,,,1,20,,258972,31,,,1,20,,258973,31,,,1,60,,258974,31,,,1,22,,258975,31,,,1,11,,258953,31,,,1,50,,258998,31,,,1,10,,258978,31,,,1,10,,258955,31,,,1,10,,258999,31,,,1,10,,258979,31,,,1,10,,258956,31,,,1,50,,259000,31,,,1,10,,258980,31,,,1,10,,258976,31,,,1,10,,259001,31,,,1,10,,258981,31,,,1,10,,258977,31,,,1,50,,259002,31,,,1,10,,258982,31,,,1,15,,258991,31,,,1,14,,258983,31,,,1,66,,258984,31,,,1,25,,258985,31,,,1,70,,258986,31,,,1,30,,258987,31,,,1,70,,258988,31,,,1,30,,258989,31,,,1,69,,258990,31,,,1,26,,258943,31,,,1,26,,258944,31,,,1
10600,'106-Weekday-6-26-09-1110100',1503,,259003,10,,,1,5,,259004,10,,,1,5,,259005,10,,,1
10600,'106-Weekday-6-26-09-1111100',552,,259058,31,,,1,74,,259009,31,,,1,75,,259010,31,,,1,30,,259056,31,,,1,12,,259011,31,,,1,15,,259067,10,,,1,55,,259012,31,,,1,10,,259013,31,,,1,10,,259059,31,,,1,10,,259015,31,,,1,10,,259014,31,,,1,49,,259060,31,,,1,10,,259018,31,,,1,10,,259016,31,,,1,9,,259061,31,,,1,14,,259021,31,,,1,56,,259022,31,,,1,17,,259023,31,,,1,20,,259024,31,,,1,20,,259025,31,,,1,60,,259026,31,,,1,20,,259027,31,,,1,20,,259028,31,,,1,60,,259029,31,,,1,20,,259030,31,,,1,20,,259031,31,,,1,60,,259032,31,,,1,20,,259033,31,,,1,20,,259034,31,,,1,60,,259035,31,,,1,20,,259036,31,,,1,20,,259037,31,,,1,60,,259038,31,,,1,22,,259039,31,,,1,11,,259017,31,,,1,50,,259062,31,,,1,10,,259042,31,,,1,10,,259019,31,,,1,10,,259063,31,,,1,10,,259043,31,,,1,10,,259020,31,,,1,50,,259064,31,,,1,10,,259044,31,,,1,10,,259040,31,,,1,10,,259065,31,,,1,10,,259045,31,,,1,10,,259041,31,,,1,50,,259066,31,,,1,10,,259046,31,,,1,15,,259055,31,,,1,14,,259047,31,,,1,66,,259048,31,,,1,25,,259049,31,,,1,70,,259050,31,,,1,30,,259051,31,,,1,70,,259052,31,,,1,30,,259053,31,,,1,69,,259054,31,,,1,26,,259007,31,,,1,26,,259008,31,,,1
10600,'106-Weekday-7-26-09-1111100',552,,259120,31,,,1,74,,259071,31,,,1,75,,259072,31,,,1,30,,259118,31,,,1,12,,259073,31,,,1,15,,259119,31,,,1,55,,259074,31,,,1,10,,259075,31,,,1,10,,259121,31,,,1,10,,259077,31,,,1,10,,259076,31,,,1,49,,259122,31,,,1,10,,259080,31,,,1,10,,259078,31,,,1,9,,259123,31,,,1,14,,259083,31,,,1,56,,259084,31,,,1,17,,259085,31,,,1,20,,259086,31,,,1,20,,259087,31,,,1,60,,259088,31,,,1,20,,259089,31,,,1,20,,259090,31,,,1,60,,259091,31,,,1,20,,259092,31,,,1,20,,259093,31,,,1,60,,259094,31,,,1,20,,259095,31,,,1,20,,259096,31,,,1,60,,259097,31,,,1,20,,259098,31,,,1,20,,259099,31,,,1,60,,259100,31,,,1,22,,259101,31,,,1,11,,259079,31,,,1,50,,259124,31,,,1,10,,259104,31,,,1,10,,259081,31,,,1,10,,259125,31,,,1,10,,259105,31,,,1,10,,259082,31,,,1,50,,259126,31,,,1,10,,259106,31,,,1,10,,259102,31,,,1,10,,259127,31,,,1,10,,259107,31,,,1,10,,259103,31,,,1,50,,259128,31,,,1,10,,259108,31,,,1,15,,259117,31,,,1,14,,259109,31,,,1,66,,259110,31,,,1,25,,259111,31,,,1,70,,259112,31,,,1,30,,259113,31,,,1,70,,259114,31,,,1,30,,259115,31,,,1,69,,259116,31,,,1,26,,259069,31,,,1,26,,259070,31,,,1
10600,'106-Saturday-1-26-09-0000010',556,,215501,31,,,1,72,,215502,31,,,1,30,,215503,31,,,1,70,,215504,31,,,1,30,,215505,31,,,1,70,,215506,31,,,1,31,,215507,31,,,1,72,,215508,31,,,1,76,,215509,31,,,1,30,,215510,31,,,1,70,,215511,31,,,1,30,,215512,31,,,1,70,,215513,31,,,1,30,,215514,31,,,1,70,,215515,31,,,1,30,,215516,31,,,1,70,,215517,31,,,1,30,,215518,31,,,1,70,,215519,31,,,1,30,,215520,31,,,1,70,,215521,31,,,1,30,,215522,31,,,1,69,,215523,31,,,1,28,,215524,31,,,1,69,,215525,31,,,1,30,,215526,31,,,1,70,,215527,31,,,1,30,,215528,31,,,1,70,,215529,31,,,1,30,,215530,31,,,1,70,,215531,31,,,1,30,,215532,31,,,1,70,,215533,31,,,1,30,,215534,31,,,1,70,,215535,31,,,1,100,,215536,31,,,1
10600,'106-Sunday-1-26-09-0000001',643,,215537,31,,,1,70,,215538,31,,,1,30,,215539,31,,,1,70,,215540,31,,,1,30,,215541,31,,,1,72,,215542,31,,,1,32,,215543,31,,,1,74,,215544,31,,,1,30,,215545,31,,,1,70,,215546,31,,,1,30,,215547,31,,,1,70,,215548,31,,,1,30,,215549,31,,,1,70,,215550,31,,,1,30,,215551,31,,,1,70,,215552,31,,,1,30,,215553,31,,,1,70,,215554,31,,,1,30,,215555,31,,,1,70,,215556,31,,,1,30,,215557,31,,,1,69,,215558,31,,,1,28,,215559,31,,,1,67,,215560,31,,,1,30,,215561,31,,,1,70,,215562,31,,,1,30,,215563,31,,,1,70,,215564,31,,,1,30,,215565,31,,,1,70,,215566,31,,,1,30,,215567,31,,,1,100,,215568,31,,,1
