5200,'052-Weekday-1-26-09-1111100',550,,211335,51,,,1,70,,211376,51,,,1,36,,211377,51,,,1,74,,211378,51,,,1,22,,211379,51,,,1,55,,211361,51,,,1,15,,211339,51,,,1,15,,211342,51,,,1,15,,211357,51,,,1,55,,211338,51,,,1,13,,211344,51,,,1,18,,211381,51,,,1,67,,211356,51,,,1,30,,211374,51,,,1,70,,211336,51,,,1,30,,211340,51,,,1,70,,211375,51,,,1,30,,211354,51,,,1,70,,211337,51,,,1,30,,211353,51,,,1,70,,211371,51,,,1,31,,211364,51,,,1,82,,211363,51,,,1,30,,211380,22,,,1,1,,211372,51,,,1,57,,211367,51,,,1,15,,211362,51,,,1,12,,211348,51,,,1,9,,211373,51,,,1,12,,211369,51,,,1,51,,211360,51,,,1,13,,211368,51,,,1,15,,211366,51,,,1,15,,211347,51,,,1,55,,211365,51,,,1,29,,211358,51,,,1,23,,211346,51,,,1,68,,211341,51,,,1,30,,211343,51,,,1,70,,211370,51,,,1,30,,211350,51,,,1,70,,211352,51,,,1,30,,211359,51,,,1,67,,211345,51,,,1,29,,211355,51,,,1,100,,211349,51,,,1,100,,211351,51,,,1
5200,'052-Weekday-2-26-09-1111100',550,,211382,51,,,1,70,,211423,51,,,1,36,,211424,51,,,1,74,,211425,51,,,1,22,,211426,51,,,1,55,,211408,51,,,1,15,,211386,51,,,1,15,,211389,51,,,1,15,,211404,51,,,1,55,,211385,51,,,1,13,,211391,51,,,1,18,,211428,51,,,1,67,,211403,51,,,1,30,,211421,51,,,1,70,,211383,51,,,1,30,,211387,51,,,1,70,,211422,51,,,1,30,,211401,51,,,1,70,,211384,51,,,1,30,,211400,51,,,1,70,,211418,51,,,1,31,,211411,51,,,1,82,,211410,51,,,1,30,,211427,22,,,1,1,,211419,51,,,1,57,,211414,51,,,1,15,,211409,51,,,1,12,,211395,51,,,1,9,,211420,51,,,1,12,,211416,51,,,1,51,,211407,51,,,1,13,,211415,51,,,1,15,,211413,51,,,1,15,,211394,51,,,1,55,,211412,51,,,1,29,,211405,51,,,1,23,,211393,51,,,1,68,,211388,51,,,1,30,,211390,51,,,1,70,,211417,51,,,1,30,,211397,51,,,1,70,,211399,51,,,1,30,,211406,51,,,1,67,,211392,51,,,1,29,,211402,51,,,1,100,,211396,51,,,1,100,,211398,51,,,1
5200,'052-Weekday-3-26-09-1111100',550,,254605,51,,,1,70,,254646,51,,,1,36,,254647,51,,,1,74,,254648,51,,,1,22,,254649,51,,,1,55,,254631,51,,,1,15,,254609,51,,,1,15,,254612,51,,,1,15,,254627,51,,,1,55,,254608,51,,,1,13,,254614,51,,,1,18,,254650,51,,,1,67,,254626,51,,,1,30,,254644,51,,,1,70,,254606,51,,,1,30,,254610,51,,,1,70,,254645,51,,,1,30,,254624,51,,,1,70,,254607,51,,,1,30,,254623,51,,,1,70,,254641,51,,,1,31,,254634,51,,,1,82,,254633,51,,,1,31,,254642,51,,,1,57,,254637,51,,,1,15,,254632,51,,,1,12,,254618,51,,,1,9,,254643,51,,,1,12,,254639,51,,,1,51,,254630,51,,,1,13,,254638,51,,,1,15,,254636,51,,,1,15,,254617,51,,,1,55,,254635,51,,,1,29,,254628,51,,,1,23,,254616,51,,,1,68,,254611,51,,,1,30,,254613,51,,,1,70,,254640,51,,,1,30,,254620,51,,,1,70,,254622,51,,,1,30,,254629,51,,,1,67,,254615,51,,,1,29,,254625,51,,,1,100,,254619,51,,,1,100,,254621,51,,,1
5200,'052-Weekday-4-26-09-1111100',550,,211429,51,,,1,70,,211470,51,,,1,36,,211471,51,,,1,74,,211472,51,,,1,22,,211473,51,,,1,55,,211455,51,,,1,15,,211433,51,,,1,15,,211436,51,,,1,15,,211451,51,,,1,55,,211432,51,,,1,13,,211438,51,,,1,18,,211474,51,,,1,67,,211450,51,,,1,30,,211468,51,,,1,70,,211430,51,,,1,30,,211434,51,,,1,70,,211469,51,,,1,30,,211448,51,,,1,70,,211431,51,,,1,30,,211447,51,,,1,70,,211465,51,,,1,31,,211458,51,,,1,82,,211457,51,,,1,31,,211466,51,,,1,57,,211461,51,,,1,15,,211456,51,,,1,12,,211442,51,,,1,9,,211467,51,,,1,12,,211463,51,,,1,51,,211454,51,,,1,13,,211462,51,,,1,15,,211460,51,,,1,15,,211441,51,,,1,55,,211459,51,,,1,29,,211452,51,,,1,23,,211440,51,,,1,68,,211435,51,,,1,30,,211437,51,,,1,70,,211464,51,,,1,30,,211444,51,,,1,70,,211446,51,,,1,30,,211453,51,,,1,67,,211439,51,,,1,29,,211449,51,,,1,100,,211443,51,,,1,100,,211445,51,,,1
5200,'052-Weekday-5-26-09-1111100',550,,254651,51,,,1,70,,254692,51,,,1,36,,254693,51,,,1,74,,254694,51,,,1,22,,254695,51,,,1,55,,254677,51,,,1,15,,254655,51,,,1,15,,254658,51,,,1,15,,254673,51,,,1,55,,254654,51,,,1,13,,254660,51,,,1,18,,254696,51,,,1,67,,254672,51,,,1,30,,254690,51,,,1,70,,254652,51,,,1,30,,254656,51,,,1,70,,254691,51,,,1,30,,254670,51,,,1,70,,254653,51,,,1,30,,254669,51,,,1,70,,254687,51,,,1,31,,254680,51,,,1,82,,254679,51,,,1,31,,254688,51,,,1,57,,254683,51,,,1,15,,254678,51,,,1,12,,254664,51,,,1,9,,254689,51,,,1,12,,254685,51,,,1,51,,254676,51,,,1,13,,254684,51,,,1,15,,254682,51,,,1,15,,254663,51,,,1,55,,254681,51,,,1,29,,254674,51,,,1,23,,254662,51,,,1,68,,254657,51,,,1,30,,254659,51,,,1,70,,254686,51,,,1,30,,254666,51,,,1,70,,254668,51,,,1,30,,254675,51,,,1,67,,254661,51,,,1,29,,254671,51,,,1,100,,254665,51,,,1,100,,254667,51,,,1
5200,'052-Weekday-6-26-09-1111100',550,,254697,51,,,1,70,,254738,51,,,1,36,,254739,51,,,1,74,,254740,51,,,1,22,,254741,51,,,1,55,,254723,51,,,1,15,,254701,51,,,1,15,,254704,51,,,1,15,,254719,51,,,1,55,,254700,51,,,1,13,,254706,51,,,1,18,,254743,51,,,1,67,,254718,51,,,1,30,,254736,51,,,1,70,,254698,51,,,1,30,,254702,51,,,1,70,,254737,51,,,1,30,,254716,51,,,1,70,,254699,51,,,1,30,,254715,51,,,1,70,,254733,51,,,1,31,,254726,51,,,1,82,,254725,51,,,1,30,,254742,22,,,1,1,,254734,51,,,1,57,,254729,51,,,1,15,,254724,51,,,1,12,,254710,51,,,1,9,,254735,51,,,1,12,,254731,51,,,1,51,,254722,51,,,1,13,,254730,51,,,1,15,,254728,51,,,1,15,,254709,51,,,1,55,,254727,51,,,1,29,,254720,51,,,1,23,,254708,51,,,1,68,,254703,51,,,1,30,,254705,51,,,1,70,,254732,51,,,1,30,,254712,51,,,1,70,,254714,51,,,1,30,,254721,51,,,1,67,,254707,51,,,1,29,,254717,51,,,1,100,,254711,51,,,1,100,,254713,51,,,1
5200,'052-Weekday-7-26-09-1111100',550,,254744,51,,,1,70,,254785,51,,,1,36,,254786,51,,,1,74,,254787,51,,,1,22,,254788,51,,,1,55,,254770,51,,,1,15,,254748,51,,,1,15,,254751,51,,,1,15,,254766,51,,,1,55,,254747,51,,,1,13,,254753,51,,,1,18,,254789,51,,,1,67,,254765,51,,,1,30,,254783,51,,,1,70,,254745,51,,,1,30,,254749,51,,,1,70,,254784,51,,,1,30,,254763,51,,,1,70,,254746,51,,,1,30,,254762,51,,,1,70,,254780,51,,,1,31,,254773,51,,,1,82,,254772,51,,,1,31,,254781,51,,,1,57,,254776,51,,,1,15,,254771,51,,,1,12,,254757,51,,,1,9,,254782,51,,,1,12,,254778,51,,,1,51,,254769,51,,,1,13,,254777,51,,,1,15,,254775,51,,,1,15,,254756,51,,,1,55,,254774,51,,,1,29,,254767,51,,,1,23,,254755,51,,,1,68,,254750,51,,,1,30,,254752,51,,,1,70,,254779,51,,,1,30,,254759,51,,,1,70,,254761,51,,,1,30,,254768,51,,,1,67,,254754,51,,,1,29,,254764,51,,,1,100,,254758,51,,,1,100,,254760,51,,,1
5200,'052-Saturday-1-26-09-0000010',702,,211475,51,,,1,100,,211476,51,,,1,42,,211477,51,,,1,63,,211478,51,,,1,31,,211479,51,,,1,72,,211480,51,,,1,30,,211481,51,,,1,70,,211482,51,,,1,30,,211483,51,,,1,70,,211484,51,,,1,30,,211485,51,,,1,70,,211486,51,,,1,30,,211487,51,,,1,70,,211488,51,,,1,30,,211489,51,,,1,70,,211490,51,,,1,30,,211492,51,,,1,70,,211493,51,,,1,30,,211494,51,,,1,70,,211491,51,,,1,33,,211495,51,,,1,69,,211496,51,,,1,30,,211497,51,,,1,70,,211498,51,,,1,30,,211499,51,,,1,70,,211500,51,,,1,95,,211501,51,,,1,100,,211502,51,,,1,100,,211503,51,,,1,100,,211504,51,,,1
5200,'052-Sunday-1-26-09-0000001',804,,211505,51,,,1,100,,211506,51,,,1,104,,211507,51,,,1,100,,211508,51,,,1,30,,211509,51,,,1,70,,211511,51,,,1,30,,211512,51,,,1,70,,211513,51,,,1,30,,211510,51,,,1,70,,211514,51,,,1,30,,211516,51,,,1,70,,211517,51,,,1,30,,211518,51,,,1,70,,211515,51,,,1,30,,211519,51,,,1,70,,211520,51,,,1,31,,211521,51,,,1,70,,211522,51,,,1,30,,211523,51,,,1,70,,211524,51,,,1,30,,211528,51,,,1,70,,211525,51,,,1,100,,211526,51,,,1,100,,211527,51,,,1,100,,211529,51,,,1
5400,'054-Weekday-1-26-09-1111100',526,,212153,42,,,1,30,,212154,42,,,1,55,,212155,42,,,1,15,,212156,42,,,1,17,,212157,42,,,1,57,,212158,42,,,1,15,,212159,42,,,1,15,,212160,42,,,1,16,,212161,42,,,1,55,,212162,42,,,1,15,,212163,42,,,1,17,,212164,42,,,1,19,,212165,42,,,1,59,,212166,42,,,1,19,,212167,42,,,1,20,,212168,42,,,1,60,,212169,42,,,1,20,,212170,42,,,1,20,,212171,42,,,1,60,,212172,42,,,1,20,,212173,42,,,1,20,,212174,42,,,1,60,,212175,42,,,1,20,,212176,42,,,1,20,,212177,42,,,1,60,,212178,42,,,1,20,,212179,42,,,1,20,,212180,42,,,1,60,,212181,42,,,1,20,,212182,42,,,1,20,,212183,42,,,1,62,,212184,42,,,1,20,,212185,42,,,1,15,,212186,42,,,1,57,,212187,42,,,1,17,,212188,42,,,1,15,,212189,42,,,1,15,,212190,42,,,1,55,,212191,42,,,1,15,,212192,42,,,1,14,,212193,42,,,1,14,,212194,42,,,1,53,,212195,42,,,1,15,,212196,42,,,1,20,,212197,42,,,1,22,,212198,42,,,1,70,,212199,42,,,1,30,,212200,42,,,1,70,,212201,42,,,1,30,,212202,42,,,1,70,,212203,42,,,1,29,,212204,42,,,1,70,,212205,42,,,1,100,,212206,42,,,1,100,,212207,42,,,1
5400,'054-Weekday-2-26-09-1111100',526,,212208,42,,,1,30,,212209,42,,,1,55,,212210,42,,,1,15,,212211,42,,,1,17,,212212,42,,,1,57,,212213,42,,,1,15,,212214,42,,,1,15,,212215,42,,,1,16,,212216,42,,,1,55,,212217,42,,,1,15,,212218,42,,,1,17,,212219,42,,,1,19,,212220,42,,,1,59,,212221,42,,,1,19,,212222,42,,,1,20,,212223,42,,,1,60,,212224,42,,,1,20,,212225,42,,,1,20,,212226,42,,,1,60,,212227,42,,,1,20,,212228,42,,,1,20,,212229,42,,,1,60,,212230,42,,,1,20,,212231,42,,,1,20,,212232,42,,,1,60,,212233,42,,,1,20,,212234,42,,,1,20,,212235,42,,,1,60,,212236,42,,,1,20,,212237,42,,,1,20,,212238,42,,,1,62,,212239,42,,,1,20,,212240,42,,,1,15,,212241,42,,,1,57,,212242,42,,,1,17,,212243,42,,,1,15,,212244,42,,,1,15,,212245,42,,,1,55,,212246,42,,,1,15,,212247,42,,,1,14,,212248,42,,,1,14,,212249,42,,,1,53,,212250,42,,,1,15,,212251,42,,,1,20,,212252,42,,,1,22,,212253,42,,,1,70,,212254,42,,,1,30,,212255,42,,,1,70,,212256,42,,,1,30,,212257,42,,,1,70,,212258,42,,,1,29,,212259,42,,,1,70,,212260,42,,,1,100,,212261,42,,,1,100,,212262,42,,,1
5400,'054-Weekday-3-26-09-1111100',526,,255392,42,,,1,30,,255393,42,,,1,55,,255394,42,,,1,15,,255395,42,,,1,17,,255396,42,,,1,57,,255397,42,,,1,15,,255398,42,,,1,15,,255399,42,,,1,16,,255400,42,,,1,55,,255401,42,,,1,15,,255402,42,,,1,17,,255403,42,,,1,19,,255404,42,,,1,59,,255405,42,,,1,19,,255406,42,,,1,20,,255407,42,,,1,60,,255408,42,,,1,20,,255409,42,,,1,20,,255410,42,,,1,60,,255411,42,,,1,20,,255412,42,,,1,20,,255413,42,,,1,60,,255414,42,,,1,20,,255415,42,,,1,20,,255416,42,,,1,60,,255417,42,,,1,20,,255418,42,,,1,20,,255419,42,,,1,60,,255420,42,,,1,20,,255421,42,,,1,20,,255422,42,,,1,62,,255423,42,,,1,20,,255424,42,,,1,15,,255425,42,,,1,57,,255426,42,,,1,17,,255427,42,,,1,15,,255428,42,,,1,15,,255429,42,,,1,55,,255430,42,,,1,15,,255431,42,,,1,14,,255432,42,,,1,14,,255433,42,,,1,53,,255434,42,,,1,15,,255435,42,,,1,20,,255436,42,,,1,22,,255437,42,,,1,70,,255438,42,,,1,30,,255439,42,,,1,70,,255440,42,,,1,30,,255441,42,,,1,70,,255442,42,,,1,29,,255443,42,,,1,70,,255444,42,,,1,100,,255445,42,,,1,100,,255446,42,,,1
5400,'054-Weekday-4-26-09-1111100',526,,212263,42,,,1,30,,212264,42,,,1,55,,212265,42,,,1,15,,212266,42,,,1,17,,212267,42,,,1,57,,212268,42,,,1,15,,212269,42,,,1,15,,212270,42,,,1,16,,212271,42,,,1,55,,212272,42,,,1,15,,212273,42,,,1,17,,212274,42,,,1,19,,212275,42,,,1,59,,212276,42,,,1,19,,212277,42,,,1,20,,212278,42,,,1,60,,212279,42,,,1,20,,212280,42,,,1,20,,212281,42,,,1,60,,212282,42,,,1,20,,212283,42,,,1,20,,212284,42,,,1,60,,212285,42,,,1,20,,212286,42,,,1,20,,212287,42,,,1,60,,212288,42,,,1,20,,212289,42,,,1,20,,212290,42,,,1,60,,212291,42,,,1,20,,212292,42,,,1,20,,212293,42,,,1,62,,212294,42,,,1,20,,212295,42,,,1,15,,212296,42,,,1,57,,212297,42,,,1,17,,212298,42,,,1,15,,212299,42,,,1,15,,212300,42,,,1,55,,212301,42,,,1,15,,212302,42,,,1,14,,212303,42,,,1,14,,212304,42,,,1,53,,212305,42,,,1,15,,212306,42,,,1,20,,212307,42,,,1,22,,212308,42,,,1,70,,212309,42,,,1,30,,212310,42,,,1,70,,212311,42,,,1,30,,212312,42,,,1,70,,212313,42,,,1,29,,212314,42,,,1,70,,212315,42,,,1,100,,212316,42,,,1,100,,212317,42,,,1
5400,'054-Weekday-5-26-09-1111100',526,,255447,42,,,1,30,,255448,42,,,1,55,,255449,42,,,1,15,,255450,42,,,1,17,,255451,42,,,1,57,,255452,42,,,1,15,,255453,42,,,1,15,,255454,42,,,1,16,,255455,42,,,1,55,,255456,42,,,1,15,,255457,42,,,1,17,,255458,42,,,1,19,,255459,42,,,1,59,,255460,42,,,1,19,,255461,42,,,1,20,,255462,42,,,1,60,,255463,42,,,1,20,,255464,42,,,1,20,,255465,42,,,1,60,,255466,42,,,1,20,,255467,42,,,1,20,,255468,42,,,1,60,,255469,42,,,1,20,,255470,42,,,1,20,,255471,42,,,1,60,,255472,42,,,1,20,,255473,42,,,1,20,,255474,42,,,1,60,,255475,42,,,1,20,,255476,42,,,1,20,,255477,42,,,1,62,,255478,42,,,1,20,,255479,42,,,1,15,,255480,42,,,1,57,,255481,42,,,1,17,,255482,42,,,1,15,,255483,42,,,1,15,,255484,42,,,1,55,,255485,42,,,1,15,,255486,42,,,1,14,,255487,42,,,1,14,,255488,42,,,1,53,,255489,42,,,1,15,,255490,42,,,1,20,,255491,42,,,1,22,,255492,42,,,1,70,,255493,42,,,1,30,,255494,42,,,1,70,,255495,42,,,1,30,,255496,42,,,1,70,,255497,42,,,1,29,,255498,42,,,1,70,,255499,42,,,1,100,,255500,42,,,1,100,,255501,42,,,1
5400,'054-Weekday-6-26-09-1111100',526,,255502,42,,,1,30,,255503,42,,,1,55,,255504,42,,,1,15,,255505,42,,,1,17,,255506,42,,,1,57,,255507,42,,,1,15,,255508,42,,,1,15,,255509,42,,,1,16,,255510,42,,,1,55,,255511,42,,,1,15,,255512,42,,,1,17,,255513,42,,,1,19,,255514,42,,,1,59,,255515,42,,,1,19,,255516,42,,,1,20,,255517,42,,,1,60,,255518,42,,,1,20,,255519,42,,,1,20,,255520,42,,,1,60,,255521,42,,,1,20,,255522,42,,,1,20,,255523,42,,,1,60,,255524,42,,,1,20,,255525,42,,,1,20,,255526,42,,,1,60,,255527,42,,,1,20,,255528,42,,,1,20,,255529,42,,,1,60,,255530,42,,,1,20,,255531,42,,,1,20,,255532,42,,,1,62,,255533,42,,,1,20,,255534,42,,,1,15,,255535,42,,,1,57,,255536,42,,,1,17,,255537,42,,,1,15,,255538,42,,,1,15,,255539,42,,,1,55,,255540,42,,,1,15,,255541,42,,,1,14,,255542,42,,,1,14,,255543,42,,,1,53,,255544,42,,,1,15,,255545,42,,,1,20,,255546,42,,,1,22,,255547,42,,,1,70,,255548,42,,,1,30,,255549,42,,,1,70,,255550,42,,,1,30,,255551,42,,,1,70,,255552,42,,,1,29,,255553,42,,,1,70,,255554,42,,,1,100,,255555,42,,,1,100,,255556,42,,,1
5400,'054-Weekday-7-26-09-1111100',526,,255557,42,,,1,30,,255558,42,,,1,55,,255559,42,,,1,15,,255560,42,,,1,17,,255561,42,,,1,57,,255562,42,,,1,15,,255563,42,,,1,15,,255564,42,,,1,16,,255565,42,,,1,55,,255566,42,,,1,15,,255567,42,,,1,17,,255568,42,,,1,19,,255569,42,,,1,59,,255570,42,,,1,19,,255571,42,,,1,20,,255572,42,,,1,60,,255573,42,,,1,20,,255574,42,,,1,20,,255575,42,,,1,60,,255576,42,,,1,20,,255577,42,,,1,20,,255578,42,,,1,60,,255579,42,,,1,20,,255580,42,,,1,20,,255581,42,,,1,60,,255582,42,,,1,20,,255583,42,,,1,20,,255584,42,,,1,60,,255585,42,,,1,20,,255586,42,,,1,20,,255587,42,,,1,62,,255588,42,,,1,20,,255589,42,,,1,15,,255590,42,,,1,57,,255591,42,,,1,17,,255592,42,,,1,15,,255593,42,,,1,15,,255594,42,,,1,55,,255595,42,,,1,15,,255596,42,,,1,14,,255597,42,,,1,14,,255598,42,,,1,53,,255599,42,,,1,15,,255600,42,,,1,20,,255601,42,,,1,22,,255602,42,,,1,70,,255603,42,,,1,30,,255604,42,,,1,70,,255605,42,,,1,30,,255606,42,,,1,70,,255607,42,,,1,29,,255608,42,,,1,70,,255609,42,,,1,100,,255610,42,,,1,100,,255611,42,,,1
5400,'054-Saturday-1-26-09-0000010',620,,212318,42,,,1,30,,212319,42,,,1,70,,212320,42,,,1,30,,212321,42,,,1,70,,212322,42,,,1,30,,212323,42,,,1,62,,212324,42,,,1,21,,212325,42,,,1,20,,212326,42,,,1,60,,212327,42,,,1,20,,212328,42,,,1,20,,212329,42,,,1,60,,212330,42,,,1,20,,212331,42,,,1,20,,212332,42,,,1,60,,212333,42,,,1,20,,212334,42,,,1,20,,212335,42,,,1,60,,212336,42,,,1,20,,212337,42,,,1,20,,212338,42,,,1,60,,212339,42,,,1,20,,212340,42,,,1,20,,212341,42,,,1,60,,212342,42,,,1,20,,212343,42,,,1,20,,212344,42,,,1,60,,212345,42,,,1,20,,212346,42,,,1,20,,212347,42,,,1,60,,212348,42,,,1,22,,212349,42,,,1,20,,212350,42,,,1,60,,212351,42,,,1,20,,212352,42,,,1,20,,212353,42,,,1,60,,212354,42,,,1,20,,212355,42,,,1,20,,212356,42,,,1,60,,212357,42,,,1,20,,212358,42,,,1,20,,212359,42,,,1,60,,212360,42,,,1,20,,212361,42,,,1,20,,212362,42,,,1,70,,212363,42,,,1,100,,212364,42,,,1,100,,212365,42,,,1
5400,'054-Sunday-1-26-09-0000001',621,,212408,42,,,1,30,,212409,42,,,1,70,,212366,42,,,1,30,,212367,42,,,1,70,,212368,42,,,1,30,,212369,42,,,1,71,,212370,42,,,1,30,,212371,42,,,1,70,,212372,42,,,1,20,,212373,42,,,1,60,,212374,42,,,1,20,,212375,42,,,1,20,,212376,42,,,1,60,,212377,42,,,1,20,,212378,42,,,1,20,,212379,42,,,1,60,,212380,42,,,1,20,,212381,42,,,1,20,,212382,42,,,1,60,,212383,42,,,1,20,,212384,42,,,1,20,,212385,42,,,1,60,,212386,42,,,1,20,,212387,42,,,1,20,,212388,42,,,1,60,,212389,42,,,1,20,,212390,42,,,1,20,,212391,42,,,1,60,,212392,42,,,1,24,,212393,42,,,1,20,,212394,42,,,1,60,,212395,42,,,1,20,,212396,42,,,1,20,,212397,42,,,1,60,,212398,42,,,1,20,,212399,42,,,1,30,,212400,42,,,1,70,,212401,42,,,1,30,,212402,42,,,1,70,,212403,42,,,1,30,,212404,42,,,1,70,,212405,42,,,1,100,,212406,42,,,1,100,,212407,42,,,1
68400,'684-Weekday-1-26-09-0001000',1257,,227886,22,0,29 30,1,43,,227887,22,,,1
68400,'684-Weekday-1-26-09-1110100',1602,,227889,22,0,29 30,1,3,,227888,22,,,1
68400,'684-Weekday-1-26-09-1111100',1549,,227890,26,0,29 30,1,5,,227891,26,,,1
68400,'684-Weekday-3-26-09-1111100',1549,,227892,26,0,29 30,1,5,,227893,26,,,1
68400,'684-Weekday-4-26-09-1110100',1602,,270649,22,0,29 30,1,3,,270648,22,,,1
68400,'684-Weekday-7-26-09-1110100',1602,,270651,22,0,29 30,1,3,,270650,22,,,1
68400,'684-Weekday-7-26-09-1111100',1549,,270652,26,0,29 30,1,5,,270653,26,,,1
90500,'905-Weekday-1-26-09-1111100',602,,237732,36,,,1,31,,237733,36,,,1,72,,237734,36,,,1,31,,237735,36,,,1,70,,237736,36,,,1,30,,237737,36,,,1,70,,237738,36,,,1,596,,237739,36,,,1,31,,237740,36,,,1,72,,237741,36,,,1,30,,237742,36,,,1,70,,237743,36,,,1,30,,237744,36,,,1,70,,237745,36,,,1
90500,'905-Weekday-2-26-09-1111100',602,,237746,36,,,1,31,,237747,36,,,1,72,,237748,36,,,1,31,,237749,36,,,1,70,,237750,36,,,1,30,,237751,36,,,1,70,,237752,36,,,1,596,,237753,36,,,1,31,,237754,36,,,1,72,,237755,36,,,1,30,,237756,36,,,1,70,,237757,36,,,1,30,,237758,36,,,1,70,,237759,36,,,1
90500,'905-Weekday-3-26-09-1111100',602,,280314,36,,,1,31,,280315,36,,,1,72,,280316,36,,,1,31,,280317,36,,,1,70,,280318,36,,,1,30,,280319,36,,,1,70,,280320,36,,,1,596,,280321,36,,,1,31,,280322,36,,,1,72,,280323,36,,,1,30,,280324,36,,,1,70,,280325,36,,,1,30,,280326,36,,,1,70,,280327,36,,,1
90500,'905-Weekday-4-26-09-1111100',602,,237760,36,,,1,31,,237761,36,,,1,72,,237762,36,,,1,31,,237763,36,,,1,70,,237764,36,,,1,30,,237765,36,,,1,70,,237766,36,,,1,596,,237767,36,,,1,31,,237768,36,,,1,72,,237769,36,,,1,30,,237770,36,,,1,70,,237771,36,,,1,30,,237772,36,,,1,70,,237773,36,,,1
90500,'905-Weekday-5-26-09-1111100',602,,280328,36,,,1,31,,280329,36,,,1,72,,280330,36,,,1,31,,280331,36,,,1,70,,280332,36,,,1,30,,280333,36,,,1,70,,280334,36,,,1,596,,280335,36,,,1,31,,280336,36,,,1,72,,280337,36,,,1,30,,280338,36,,,1,70,,280339,36,,,1,30,,280340,36,,,1,70,,280341,36,,,1
90500,'905-Weekday-6-26-09-1111100',602,,280342,36,,,1,31,,280343,36,,,1,72,,280344,36,,,1,31,,280345,36,,,1,70,,280346,36,,,1,30,,280347,36,,,1,70,,280348,36,,,1,596,,280349,36,,,1,31,,280350,36,,,1,72,,280351,36,,,1,30,,280352,36,,,1,70,,280353,36,,,1,30,,280354,36,,,1,70,,280355,36,,,1
90500,'905-Weekday-7-26-09-1111100',602,,280356,36,,,1,31,,280357,36,,,1,72,,280358,36,,,1,31,,280359,36,,,1,70,,280360,36,,,1,30,,280361,36,,,1,70,,280362,36,,,1,596,,280363,36,,,1,31,,280364,36,,,1,72,,280365,36,,,1,30,,280366,36,,,1,70,,280367,36,,,1,30,,280368,36,,,1,70,,280369,36,,,1
