900,'009-Weekday-1-26-09-1111100',506,,209636,26,,,1,15,,209637,26,,,1,15,,209638,26,,,1,15,,209639,26,,,1,55,,209640,26,,,1,15,,209641,26,,,1,17,,209642,26,,,1,18,,209643,26,,,1,52,,209635,26,,,1,15,,209644,26,,,1,17,,209646,26,,,1,15,,209648,26,,,1,55,,209650,26,,,1,15,,209652,26,,,1,13,,209654,26,,,1,6,,209744,5,,,1,6,,209655,26,,,1,9,,209745,5,,,1,47,,209656,26,,,1,8,,209746,5,,,1,7,,209657,26,,,1,8,,209747,5,,,1,7,,209658,26,,,1,8,,209748,5,,,1,7,,209659,26,,,1,8,,209749,5,,,1,47,,209660,26,,,1,8,,209750,5,,,1,7,,209661,26,,,1,8,,209751,5,,,1,7,,209662,26,,,1,8,,209752,5,,,1,7,,209663,26,,,1,8,,209753,5,,,1,47,,209664,26,,,1,8,,209754,5,,,1,7,,209665,26,,,1,8,,209755,5,,,1,7,,209666,26,,,1,8,,209756,5,,,1,7,,209667,26,,,1,8,,209757,5,,,1,47,,209668,26,,,1,8,,209669,5,,,1,7,,209670,26,,,1,8,,209671,5,,,1,7,,209672,26,,,1,8,,209673,5,,,1,7,,209674,26,,,1,8,,209675,5,,,1,47,,209676,26,,,1,8,,209677,5,,,1,7,,209678,26,,,1,8,,209679,5,,,1,7,,209680,26,,,1,8,,209681,5,,,1,7,,209682,26,,,1,8,,209683,5,,,1,47,,209684,26,,,1,8,,209685,5,,,1,7,,209686,26,,,1,8,,209687,5,,,1,7,,209688,26,,,1,8,,209689,5,,,1,7,,209690,26,,,1,8,,209691,5,,,1,48,,209692,26,,,1,9,,209693,5,,,1,9,,209758,5,,,1,8,,209695,5,,,1,8,,209696,26,,,1,7,,209697,5,,,1,8,,209698,26,,,1,47,,209699,5,,,1,8,,209700,26,,,1,7,,209701,5,,,1,8,,209702,26,,,1,7,,209703,5,,,1,8,,209704,26,,,1,7,,209705,5,,,1,8,,209706,26,,,1,47,,209707,5,,,1,8,,209708,26,,,1,7,,209742,5,,,1,8,,209709,26,,,1,7,,209743,5,,,1,8,,209710,26,,,1,12,,209711,26,,,1,53,,209712,26,,,1,15,,209713,26,,,1,14,,209714,26,,,1,12,,209715,26,,,1,54,,209716,26,,,1,15,,209717,26,,,1,16,,209718,26,,,1,16,,209719,26,,,1,55,,209720,26,,,1,15,,209721,26,,,1,15,,209722,26,,,1,15,,209723,26,,,1,55,,209724,26,,,1,15,,209725,26,,,1,15,,209726,26,,,1,15,,209727,26,,,1,55,,209728,26,,,1,14,,209729,26,,,1,19,,209730,26,,,1,20,,209731,26,,,1,59,,209732,26,,,1,20,,209733,26,,,1,20,,209734,26,,,1,60,,209741,26,,,1,20,,209735,26,,,1,69,,209736,30,0,28 29 30,1,30,,209737,30,0,28 29 30,1,70,,209738,30,0,28 29 30,1,30,,209739,30,0,28 29 30,1,70,,209740,30,0,28 29 30,1
900,'009-Weekday-2-26-09-1111100',506,,209760,26,,,1,15,,209761,26,,,1,15,,209762,26,,,1,15,,209763,26,,,1,55,,209764,26,,,1,15,,209765,26,,,1,17,,209766,26,,,1,18,,209767,26,,,1,52,,209759,26,,,1,15,,209768,26,,,1,17,,209770,26,,,1,15,,209772,26,,,1,55,,209774,26,,,1,15,,209776,26,,,1,13,,209778,26,,,1,6,,209868,5,,,1,6,,209779,26,,,1,9,,209869,5,,,1,47,,209780,26,,,1,8,,209870,5,,,1,7,,209781,26,,,1,8,,209871,5,,,1,7,,209782,26,,,1,8,,209872,5,,,1,7,,209783,26,,,1,8,,209873,5,,,1,47,,209784,26,,,1,8,,209874,5,,,1,7,,209785,26,,,1,8,,209875,5,,,1,7,,209786,26,,,1,8,,209876,5,,,1,7,,209787,26,,,1,8,,209877,5,,,1,47,,209788,26,,,1,8,,209878,5,,,1,7,,209789,26,,,1,8,,209879,5,,,1,7,,209790,26,,,1,8,,209880,5,,,1,7,,209791,26,,,1,8,,209881,5,,,1,47,,209792,26,,,1,8,,209793,5,,,1,7,,209794,26,,,1,8,,209795,5,,,1,7,,209796,26,,,1,8,,209797,5,,,1,7,,209798,26,,,1,8,,209799,5,,,1,47,,209800,26,,,1,8,,209801,5,,,1,7,,209802,26,,,1,8,,209803,5,,,1,7,,209804,26,,,1,8,,209805,5,,,1,7,,209806,26,,,1,8,,209807,5,,,1,47,,209808,26,,,1,8,,209809,5,,,1,7,,209810,26,,,1,8,,209811,5,,,1,7,,209812,26,,,1,8,,209813,5,,,1,7,,209814,26,,,1,8,,209815,5,,,1,48,,209816,26,,,1,9,,209817,5,,,1,9,,209882,5,,,1,8,,209819,5,,,1,8,,209820,26,,,1,7,,209821,5,,,1,8,,209822,26,,,1,47,,209823,5,,,1,8,,209824,26,,,1,7,,209825,5,,,1,8,,209826,26,,,1,7,,209827,5,,,1,8,,209828,26,,,1,7,,209829,5,,,1,8,,209830,26,,,1,47,,209831,5,,,1,8,,209832,26,,,1,7,,209866,5,,,1,8,,209833,26,,,1,7,,209867,5,,,1,8,,209834,26,,,1,12,,209835,26,,,1,53,,209836,26,,,1,15,,209837,26,,,1,14,,209838,26,,,1,12,,209839,26,,,1,54,,209840,26,,,1,15,,209841,26,,,1,16,,209842,26,,,1,16,,209843,26,,,1,55,,209844,26,,,1,15,,209845,26,,,1,15,,209846,26,,,1,15,,209847,26,,,1,55,,209848,26,,,1,15,,209849,26,,,1,15,,209850,26,,,1,15,,209851,26,,,1,55,,209852,26,,,1,14,,209853,26,,,1,19,,209854,26,,,1,20,,209855,26,,,1,59,,209856,26,,,1,20,,209857,26,,,1,20,,209858,26,,,1,60,,209865,26,,,1,20,,209859,26,,,1,69,,209860,30,0,28 29 30,1,30,,209861,30,0,28 29 30,1,70,,209862,30,0,28 29 30,1,30,,209863,30,0,28 29 30,1,70,,209864,30,0,28 29 30,1
900,'009-Weekday-3-26-09-1111100',506,,252902,26,,,1,15,,252903,26,,,1,15,,252904,26,,,1,15,,252905,26,,,1,55,,252906,26,,,1,15,,252907,26,,,1,17,,252908,26,,,1,18,,252909,26,,,1,52,,252901,26,,,1,15,,252910,26,,,1,17,,252912,26,,,1,15,,252914,26,,,1,55,,252916,26,,,1,15,,252918,26,,,1,13,,252920,26,,,1,6,,253010,5,,,1,6,,252921,26,,,1,9,,253011,5,,,1,47,,252922,26,,,1,8,,253012,5,,,1,7,,252923,26,,,1,8,,253013,5,,,1,7,,252924,26,,,1,8,,253014,5,,,1,7,,252925,26,,,1,8,,253015,5,,,1,47,,252926,26,,,1,8,,253016,5,,,1,7,,252927,26,,,1,8,,253017,5,,,1,7,,252928,26,,,1,8,,253018,5,,,1,7,,252929,26,,,1,8,,253019,5,,,1,47,,252930,26,,,1,8,,253020,5,,,1,7,,252931,26,,,1,8,,253021,5,,,1,7,,252932,26,,,1,8,,253022,5,,,1,7,,252933,26,,,1,8,,253023,5,,,1,47,,252934,26,,,1,8,,252935,5,,,1,7,,252936,26,,,1,8,,252937,5,,,1,7,,252938,26,,,1,8,,252939,5,,,1,7,,252940,26,,,1,8,,252941,5,,,1,47,,252942,26,,,1,8,,252943,5,,,1,7,,252944,26,,,1,8,,252945,5,,,1,7,,252946,26,,,1,8,,252947,5,,,1,7,,252948,26,,,1,8,,252949,5,,,1,47,,252950,26,,,1,8,,252951,5,,,1,7,,252952,26,,,1,8,,252953,5,,,1,7,,252954,26,,,1,8,,252955,5,,,1,7,,252956,26,,,1,8,,252957,5,,,1,48,,252958,26,,,1,9,,252959,5,,,1,9,,252960,26,,,1,8,,252961,5,,,1,8,,252962,26,,,1,7,,252963,5,,,1,8,,252964,26,,,1,47,,252965,5,,,1,8,,252966,26,,,1,7,,252967,5,,,1,8,,252968,26,,,1,7,,252969,5,,,1,8,,252970,26,,,1,7,,252971,5,,,1,8,,252972,26,,,1,47,,252973,5,,,1,8,,252974,26,,,1,7,,253008,5,,,1,8,,252975,26,,,1,7,,253009,5,,,1,8,,252976,26,,,1,12,,252977,26,,,1,53,,252978,26,,,1,15,,252979,26,,,1,14,,252980,26,,,1,12,,252981,26,,,1,54,,252982,26,,,1,15,,252983,26,,,1,16,,252984,26,,,1,16,,252985,26,,,1,55,,252986,26,,,1,15,,252987,26,,,1,15,,252988,26,,,1,15,,252989,26,,,1,55,,252990,26,,,1,15,,252991,26,,,1,15,,252992,26,,,1,15,,252993,26,,,1,55,,252994,26,,,1,14,,252995,26,,,1,19,,252996,26,,,1,20,,252997,26,,,1,59,,252998,26,,,1,20,,252999,26,,,1,20,,253000,26,,,1,60,,253007,26,,,1,20,,253001,26,,,1,69,,253002,30,0,28 29 30,1,30,,253003,30,0,28 29 30,1,70,,253004,30,0,28 29 30,1,30,,253005,30,0,28 29 30,1,70,,253006,30,0,28 29 30,1
900,'009-Weekday-4-26-09-1111100',506,,209884,26,,,1,15,,209885,26,,,1,15,,209886,26,,,1,15,,209887,26,,,1,55,,209888,26,,,1,15,,209889,26,,,1,17,,209890,26,,,1,18,,209891,26,,,1,52,,209883,26,,,1,15,,209892,26,,,1,17,,209894,26,,,1,15,,209896,26,,,1,55,,209898,26,,,1,15,,209900,26,,,1,13,,209902,26,,,1,6,,209992,5,,,1,6,,209903,26,,,1,9,,209993,5,,,1,47,,209904,26,,,1,8,,209994,5,,,1,7,,209905,26,,,1,8,,209995,5,,,1,7,,209906,26,,,1,8,,209996,5,,,1,7,,209907,26,,,1,8,,209997,5,,,1,47,,209908,26,,,1,8,,209998,5,,,1,7,,209909,26,,,1,8,,209999,5,,,1,7,,209910,26,,,1,8,,210000,5,,,1,7,,209911,26,,,1,8,,210001,5,,,1,47,,209912,26,,,1,8,,210002,5,,,1,7,,209913,26,,,1,8,,210003,5,,,1,7,,209914,26,,,1,8,,210004,5,,,1,7,,209915,26,,,1,8,,210005,5,,,1,47,,209916,26,,,1,8,,209917,5,,,1,7,,209918,26,,,1,8,,209919,5,,,1,7,,209920,26,,,1,8,,209921,5,,,1,7,,209922,26,,,1,8,,209923,5,,,1,47,,209924,26,,,1,8,,209925,5,,,1,7,,209926,26,,,1,8,,209927,5,,,1,7,,209928,26,,,1,8,,209929,5,,,1,7,,209930,26,,,1,8,,209931,5,,,1,47,,209932,26,,,1,8,,209933,5,,,1,7,,209934,26,,,1,8,,209935,5,,,1,7,,209936,26,,,1,8,,209937,5,,,1,7,,209938,26,,,1,8,,209939,5,,,1,48,,209940,26,,,1,9,,209941,5,,,1,9,,209942,26,,,1,8,,209943,5,,,1,8,,209944,26,,,1,7,,209945,5,,,1,8,,209946,26,,,1,47,,209947,5,,,1,8,,209948,26,,,1,7,,209949,5,,,1,8,,209950,26,,,1,7,,209951,5,,,1,8,,209952,26,,,1,7,,209953,5,,,1,8,,209954,26,,,1,47,,209955,5,,,1,8,,209956,26,,,1,7,,209990,5,,,1,8,,209957,26,,,1,7,,209991,5,,,1,8,,209958,26,,,1,12,,209959,26,,,1,53,,209960,26,,,1,15,,209961,26,,,1,14,,209962,26,,,1,12,,209963,26,,,1,54,,209964,26,,,1,15,,209965,26,,,1,16,,209966,26,,,1,16,,209967,26,,,1,55,,209968,26,,,1,15,,209969,26,,,1,15,,209970,26,,,1,15,,209971,26,,,1,55,,209972,26,,,1,15,,209973,26,,,1,15,,209974,26,,,1,15,,209975,26,,,1,55,,209976,26,,,1,14,,209977,26,,,1,19,,209978,26,,,1,20,,209979,26,,,1,59,,209980,26,,,1,20,,209981,26,,,1,20,,209982,26,,,1,60,,209989,26,,,1,20,,209983,26,,,1,69,,209984,30,0,28 29 30,1,30,,209985,30,0,28 29 30,1,70,,209986,30,0,28 29 30,1,30,,209987,30,0,28 29 30,1,70,,209988,30,0,28 29 30,1
900,'009-Weekday-5-26-09-1111100',506,,253025,26,,,1,15,,253026,26,,,1,15,,253027,26,,,1,15,,253028,26,,,1,55,,253029,26,,,1,15,,253030,26,,,1,17,,253031,26,,,1,18,,253032,26,,,1,52,,253024,26,,,1,15,,253033,26,,,1,17,,253035,26,,,1,15,,253037,26,,,1,55,,253039,26,,,1,15,,253041,26,,,1,13,,253043,26,,,1,6,,253133,5,,,1,6,,253044,26,,,1,9,,253134,5,,,1,47,,253045,26,,,1,8,,253135,5,,,1,7,,253046,26,,,1,8,,253136,5,,,1,7,,253047,26,,,1,8,,253137,5,,,1,7,,253048,26,,,1,8,,253138,5,,,1,47,,253049,26,,,1,8,,253139,5,,,1,7,,253050,26,,,1,8,,253140,5,,,1,7,,253051,26,,,1,8,,253141,5,,,1,7,,253052,26,,,1,8,,253142,5,,,1,47,,253053,26,,,1,8,,253143,5,,,1,7,,253054,26,,,1,8,,253144,5,,,1,7,,253055,26,,,1,8,,253145,5,,,1,7,,253056,26,,,1,8,,253146,5,,,1,47,,253057,26,,,1,8,,253058,5,,,1,7,,253059,26,,,1,8,,253060,5,,,1,7,,253061,26,,,1,8,,253062,5,,,1,7,,253063,26,,,1,8,,253064,5,,,1,47,,253065,26,,,1,8,,253066,5,,,1,7,,253067,26,,,1,8,,253068,5,,,1,7,,253069,26,,,1,8,,253070,5,,,1,7,,253071,26,,,1,8,,253072,5,,,1,47,,253073,26,,,1,8,,253074,5,,,1,7,,253075,26,,,1,8,,253076,5,,,1,7,,253077,26,,,1,8,,253078,5,,,1,7,,253079,26,,,1,8,,253080,5,,,1,48,,253081,26,,,1,9,,253082,5,,,1,9,,253083,26,,,1,8,,253084,5,,,1,8,,253085,26,,,1,7,,253086,5,,,1,8,,253087,26,,,1,47,,253088,5,,,1,8,,253089,26,,,1,7,,253090,5,,,1,8,,253091,26,,,1,7,,253092,5,,,1,8,,253093,26,,,1,7,,253094,5,,,1,8,,253095,26,,,1,47,,253096,5,,,1,8,,253097,26,,,1,7,,253131,5,,,1,8,,253098,26,,,1,7,,253132,5,,,1,8,,253099,26,,,1,12,,253100,26,,,1,53,,253101,26,,,1,15,,253102,26,,,1,14,,253103,26,,,1,12,,253104,26,,,1,54,,253105,26,,,1,15,,253106,26,,,1,16,,253107,26,,,1,16,,253108,26,,,1,55,,253109,26,,,1,15,,253110,26,,,1,15,,253111,26,,,1,15,,253112,26,,,1,55,,253113,26,,,1,15,,253114,26,,,1,15,,253115,26,,,1,15,,253116,26,,,1,55,,253117,26,,,1,14,,253118,26,,,1,19,,253119,26,,,1,20,,253120,26,,,1,59,,253121,26,,,1,20,,253122,26,,,1,20,,253123,26,,,1,60,,253130,26,,,1,20,,253124,26,,,1,69,,253125,30,0,28 29 30,1,30,,253126,30,0,28 29 30,1,70,,253127,30,0,28 29 30,1,30,,253128,30,0,28 29 30,1,70,,253129,30,0,28 29 30,1
900,'009-Weekday-6-26-09-1111100',506,,253148,26,,,1,15,,253149,26,,,1,15,,253150,26,,,1,15,,253151,26,,,1,55,,253152,26,,,1,15,,253153,26,,,1,17,,253154,26,,,1,18,,253155,26,,,1,52,,253147,26,,,1,15,,253156,26,,,1,17,,253158,26,,,1,15,,253160,26,,,1,55,,253162,26,,,1,15,,253164,26,,,1,13,,253166,26,,,1,6,,253256,5,,,1,6,,253167,26,,,1,9,,253257,5,,,1,47,,253168,26,,,1,8,,253258,5,,,1,7,,253169,26,,,1,8,,253259,5,,,1,7,,253170,26,,,1,8,,253260,5,,,1,7,,253171,26,,,1,8,,253261,5,,,1,47,,253172,26,,,1,8,,253262,5,,,1,7,,253173,26,,,1,8,,253263,5,,,1,7,,253174,26,,,1,8,,253264,5,,,1,7,,253175,26,,,1,8,,253265,5,,,1,47,,253176,26,,,1,8,,253266,5,,,1,7,,253177,26,,,1,8,,253267,5,,,1,7,,253178,26,,,1,8,,253268,5,,,1,7,,253179,26,,,1,8,,253269,5,,,1,47,,253180,26,,,1,8,,253181,5,,,1,7,,253182,26,,,1,8,,253183,5,,,1,7,,253184,26,,,1,8,,253185,5,,,1,7,,253186,26,,,1,8,,253187,5,,,1,47,,253188,26,,,1,8,,253189,5,,,1,7,,253190,26,,,1,8,,253191,5,,,1,7,,253192,26,,,1,8,,253193,5,,,1,7,,253194,26,,,1,8,,253195,5,,,1,47,,253196,26,,,1,8,,253197,5,,,1,7,,253198,26,,,1,8,,253199,5,,,1,7,,253200,26,,,1,8,,253201,5,,,1,7,,253202,26,,,1,8,,253203,5,,,1,48,,253204,26,,,1,9,,253205,5,,,1,9,,253270,5,,,1,8,,253207,5,,,1,8,,253208,26,,,1,7,,253209,5,,,1,8,,253210,26,,,1,47,,253211,5,,,1,8,,253212,26,,,1,7,,253213,5,,,1,8,,253214,26,,,1,7,,253215,5,,,1,8,,253216,26,,,1,7,,253217,5,,,1,8,,253218,26,,,1,47,,253219,5,,,1,8,,253220,26,,,1,7,,253254,5,,,1,8,,253221,26,,,1,7,,253255,5,,,1,8,,253222,26,,,1,12,,253223,26,,,1,53,,253224,26,,,1,15,,253225,26,,,1,14,,253226,26,,,1,12,,253227,26,,,1,54,,253228,26,,,1,15,,253229,26,,,1,16,,253230,26,,,1,16,,253231,26,,,1,55,,253232,26,,,1,15,,253233,26,,,1,15,,253234,26,,,1,15,,253235,26,,,1,55,,253236,26,,,1,15,,253237,26,,,1,15,,253238,26,,,1,15,,253239,26,,,1,55,,253240,26,,,1,14,,253241,26,,,1,19,,253242,26,,,1,20,,253243,26,,,1,59,,253244,26,,,1,20,,253245,26,,,1,20,,253246,26,,,1,60,,253253,26,,,1,20,,253247,26,,,1,69,,253248,30,0,28 29 30,1,30,,253249,30,0,28 29 30,1,70,,253250,30,0,28 29 30,1,30,,253251,30,0,28 29 30,1,70,,253252,30,0,28 29 30,1
900,'009-Weekday-7-26-09-1111100',506,,253272,26,,,1,15,,253273,26,,,1,15,,253274,26,,,1,15,,253275,26,,,1,55,,253276,26,,,1,15,,253277,26,,,1,17,,253278,26,,,1,18,,253279,26,,,1,52,,253271,26,,,1,15,,253280,26,,,1,17,,253282,26,,,1,15,,253284,26,,,1,55,,253286,26,,,1,15,,253288,26,,,1,13,,253290,26,,,1,6,,253380,5,,,1,6,,253291,26,,,1,9,,253381,5,,,1,47,,253292,26,,,1,8,,253382,5,,,1,7,,253293,26,,,1,8,,253383,5,,,1,7,,253294,26,,,1,8,,253384,5,,,1,7,,253295,26,,,1,8,,253385,5,,,1,47,,253296,26,,,1,8,,253386,5,,,1,7,,253297,26,,,1,8,,253387,5,,,1,7,,253298,26,,,1,8,,253388,5,,,1,7,,253299,26,,,1,8,,253389,5,,,1,47,,253300,26,,,1,8,,253390,5,,,1,7,,253301,26,,,1,8,,253391,5,,,1,7,,253302,26,,,1,8,,253392,5,,,1,7,,253303,26,,,1,8,,253393,5,,,1,47,,253304,26,,,1,8,,253305,5,,,1,7,,253306,26,,,1,8,,253307,5,,,1,7,,253308,26,,,1,8,,253309,5,,,1,7,,253310,26,,,1,8,,253311,5,,,1,47,,253312,26,,,1,8,,253313,5,,,1,7,,253314,26,,,1,8,,253315,5,,,1,7,,253316,26,,,1,8,,253317,5,,,1,7,,253318,26,,,1,8,,253319,5,,,1,47,,253320,26,,,1,8,,253321,5,,,1,7,,253322,26,,,1,8,,253323,5,,,1,7,,253324,26,,,1,8,,253325,5,,,1,7,,253326,26,,,1,8,,253327,5,,,1,48,,253328,26,,,1,9,,253329,5,,,1,9,,253330,26,,,1,8,,253331,5,,,1,8,,253332,26,,,1,7,,253333,5,,,1,8,,253334,26,,,1,47,,253335,5,,,1,8,,253336,26,,,1,7,,253337,5,,,1,8,,253338,26,,,1,7,,253339,5,,,1,8,,253340,26,,,1,7,,253341,5,,,1,8,,253342,26,,,1,47,,253343,5,,,1,8,,253344,26,,,1,7,,253378,5,,,1,8,,253345,26,,,1,7,,253379,5,,,1,8,,253346,26,,,1,12,,253347,26,,,1,53,,253348,26,,,1,15,,253349,26,,,1,14,,253350,26,,,1,12,,253351,26,,,1,54,,253352,26,,,1,15,,253353,26,,,1,16,,253354,26,,,1,16,,253355,26,,,1,55,,253356,26,,,1,15,,253357,26,,,1,15,,253358,26,,,1,15,,253359,26,,,1,55,,253360,26,,,1,15,,253361,26,,,1,15,,253362,26,,,1,15,,253363,26,,,1,55,,253364,26,,,1,14,,253365,26,,,1,19,,253366,26,,,1,20,,253367,26,,,1,59,,253368,26,,,1,20,,253369,26,,,1,20,,253370,26,,,1,60,,253377,26,,,1,20,,253371,26,,,1,69,,253372,30,0,28 29 30,1,30,,253373,30,0,28 29 30,1,70,,253374,30,0,28 29 30,1,30,,253375,30,0,28 29 30,1,70,,253376,30,0,28 29 30,1
900,'009-Saturday-1-26-09-0000010',540,,210072,26,,,1,61,,210006,26,,,1,20,,210007,26,,,1,21,,210008,26,,,1,60,,210009,26,,,1,21,,210010,26,,,1,21,,210073,26,,,1,61,,210074,26,,,1,20,,210075,26,,,1,15,,210076,26,,,1,14,,210077,26,,,1,56,,210078,26,,,1,16,,210079,26,,,1,18,,210080,26,,,1,59,,210081,26,,,1,16,,210082,26,,,1,15,,210011,26,,,1,15,,210012,26,,,1,55,,210013,26,,,1,15,,210014,26,,,1,15,,210015,26,,,1,15,,210016,26,,,1,55,,210017,26,,,1,18,,210018,26,,,1,15,,210019,26,,,1,15,,210020,26,,,1,55,,210021,26,,,1,15,,210022,26,,,1,15,,210024,26,,,1,15,,210025,26,,,1,55,,210026,26,,,1,15,,210023,26,,,1,15,,210027,26,,,1,15,,210028,26,,,1,55,,210029,26,,,1,15,,210030,26,,,1,15,,210031,26,,,1,15,,210032,26,,,1,55,,210033,26,,,1,15,,210034,26,,,1,15,,210035,26,,,1,15,,210036,26,,,1,54,,210037,26,,,1,13,,210038,26,,,1,16,,210039,26,,,1,15,,210040,26,,,1,55,,210041,26,,,1,14,,210042,26,,,1,15,,210043,26,,,1,15,,210044,26,,,1,55,,210045,26,,,1,15,,210046,26,,,1,15,,210047,26,,,1,15,,210048,26,,,1,55,,210049,26,,,1,15,,210050,26,,,1,15,,210051,26,,,1,15,,210052,26,,,1,55,,210053,26,,,1,15,,210054,26,,,1,15,,210055,26,,,1,15,,210056,26,,,1,55,,210057,26,,,1,14,,210059,26,,,1,15,,210060,26,,,1,15,,210061,26,,,1,55,,210058,26,,,1,17,,210062,26,,,1,18,,210063,26,,,1,20,,210064,26,,,1,57,,210065,26,,,1,18,,210066,26,,,1,70,,210067,30,0,28 29 30,1,30,,210068,30,0,28 29 30,1,70,,210069,30,0,28 29 30,1,30,,210070,30,0,28 29 30,1,70,,210071,30,0,28 29 30,1
900,'009-Sunday-1-26-09-0000001',546,,210083,26,,,1,60,,210084,26,,,1,20,,210085,26,,,1,20,,210086,26,,,1,60,,210087,26,,,1,20,,210088,26,,,1,20,,210156,26,,,1,60,,210157,26,,,1,17,,210158,26,,,1,15,,210151,26,,,1,15,,210152,26,,,1,58,,210153,26,,,1,15,,210154,26,,,1,15,,210155,26,,,1,15,,210150,26,,,1,57,,210149,26,,,1,18,,210148,26,,,1,15,,210147,26,,,1,55,,210089,26,,,1,14,,210091,26,,,1,15,,210092,26,,,1,14,,210093,26,,,1,14,,210090,26,,,1,55,,210094,26,,,1,16,,210095,26,,,1,15,,210096,26,,,1,15,,210097,26,,,1,55,,210098,26,,,1,15,,210099,26,,,1,15,,210100,26,,,1,15,,210101,26,,,1,55,,210102,26,,,1,15,,210103,26,,,1,15,,210104,26,,,1,15,,210105,26,,,1,55,,210106,26,,,1,15,,210107,26,,,1,15,,210108,26,,,1,15,,210109,26,,,1,55,,210110,26,,,1,15,,210111,26,,,1,16,,210112,26,,,1,56,,210113,26,,,1,15,,210114,26,,,1,15,,210115,26,,,1,15,,210116,26,,,1,57,,210117,26,,,1,20,,210118,26,,,1,15,,210119,26,,,1,15,,210120,26,,,1,55,,210121,26,,,1,15,,210122,26,,,1,15,,210123,26,,,1,15,,210124,26,,,1,55,,210125,26,,,1,15,,210127,26,,,1,15,,210128,26,,,1,15,,210129,26,,,1,55,,210126,26,,,1,15,,210130,26,,,1,15,,210131,26,,,1,15,,210132,26,,,1,56,,210133,26,,,1,16,,210134,26,,,1,16,,210135,26,,,1,15,,210136,26,,,1,57,,210146,26,,,1,21,,210137,26,,,1,21,,210138,26,,,1,58,,210139,26,,,1,20,,210140,26,,,1,70,,210141,30,0,28 29 30,1,30,,210142,30,0,28 29 30,1,70,,210143,30,0,28 29 30,1,30,,210144,30,0,28 29 30,1,70,,210145,30,0,28 29 30,1
11101,'111-Weekday-1-26-09-1111100',949,,217243,33,,,1,100,,217244,33,,,1,100,,217245,33,,,1,100,,217246,33,,,1,100,,217247,33,,,1,100,,217248,33,,,1,100,,217249,33,,,1
11101,'111-Weekday-2-26-09-1111100',949,,217250,33,,,1,100,,217251,33,,,1,100,,217252,33,,,1,100,,217253,33,,,1,100,,217254,33,,,1,100,,217255,33,,,1,100,,217256,33,,,1
11101,'111-Weekday-3-26-09-1111100',949,,260774,33,,,1,100,,260775,33,,,1,100,,260776,33,,,1,100,,260777,33,,,1,100,,260778,33,,,1,100,,260779,33,,,1,100,,260780,33,,,1
11101,'111-Weekday-4-26-09-1111100',949,,217257,33,,,1,100,,217258,33,,,1,100,,217259,33,,,1,100,,217260,33,,,1,100,,217261,33,,,1,100,,217262,33,,,1,100,,217263,33,,,1
11101,'111-Weekday-5-26-09-1111100',949,,260781,33,,,1,100,,260782,33,,,1,100,,260783,33,,,1,100,,260784,33,,,1,100,,260785,33,,,1,100,,260786,33,,,1,100,,260787,33,,,1
11101,'111-Weekday-6-26-09-1111100',949,,260788,33,,,1,100,,260789,33,,,1,100,,260790,33,,,1,100,,260791,33,,,1,100,,260792,33,,,1,100,,260793,33,,,1,100,,260794,33,,,1
11101,'111-Weekday-7-26-09-1111100',949,,260795,33,,,1,100,,260796,33,,,1,100,,260797,33,,,1,100,,260798,33,,,1,100,,260799,33,,,1,100,,260800,33,,,1,100,,260801,33,,,1
11101,'111-Saturday-1-26-09-0000010',932,,217264,26,,,1,100,,217266,26,,,1,100,,217267,26,,,1,100,,217268,26,,,1,100,,217269,26,,,1,100,,217270,26,,,1,100,,217265,26,,,1
90101,'901-Weekday-1-26-09-1111100',529,,236210,5,,,1,20,,236211,5,,,1,60,,236212,5,,,1,15,,236213,5,,,1,15,,236214,5,,,1,15,,236215,5,,,1,55,,236216,5,,,1,15,,236217,5,,,1,15,,236218,5,,,1,15,,236219,5,,,1,55,,236220,5,,,1,15,,236221,5,,,1,15,,236222,5,,,1,16,,236223,5,,,1,55,,236279,5,,,1,14,,236224,5,,,1,14,,236225,5,,,1,14,,236226,5,,,1,54,,236227,5,,,1,15,,236228,5,,,1,15,,236229,5,,,1,15,,236230,5,,,1,55,,236231,5,,,1,15,,236232,5,,,1,15,,236233,5,,,1,15,,236234,5,,,1,55,,236235,5,,,1,15,,236236,5,,,1,15,,236237,5,,,1,15,,236238,5,,,1,55,,236239,5,,,1,15,,236240,5,,,1,15,,236241,5,,,1,15,,236242,5,,,1,55,,236243,5,,,1,15,,236244,5,,,1,15,,236245,5,,,1,10,,236281,5,,,1,10,,236282,5,,,1,51,,236246,5,,,1,10,,236247,5,,,1,10,,236248,5,,,1,10,,236249,5,,,1,10,,236250,5,,,1,10,,236251,5,,,1,50,,236252,5,,,1,10,,236253,5,,,1,10,,236254,5,,,1,10,,236255,5,,,1,10,,236256,5,,,1,10,,236257,5,,,1,50,,236258,5,,,1,10,,236259,5,,,1,10,,236260,5,,,1,10,,236261,5,,,1,10,,236262,5,,,1,55,,236280,5,,,1,15,,236285,5,,,1,14,,236284,5,,,1,15,,236283,5,,,1,54,,236278,5,,,1,20,,236263,5,,,1,20,,236264,5,,,1,60,,236265,5,,,1,20,,236266,5,,,1,20,,236267,5,,,1,60,,236268,5,,,1,20,,236269,5,,,1,20,,236270,5,,,1,61,,236271,5,,,1,18,,236272,5,,,1,29,,236273,5,,,1,70,,236274,5,,,1,30,,236275,5,,,1,70,,236276,5,,,1,30,,236277,5,,,1
90101,'901-Weekday-2-26-09-1111100',529,,236286,5,,,1,20,,236287,5,,,1,60,,236288,5,,,1,15,,236289,5,,,1,15,,236290,5,,,1,15,,236291,5,,,1,55,,236292,5,,,1,15,,236293,5,,,1,15,,236294,5,,,1,15,,236295,5,,,1,55,,236296,5,,,1,15,,236297,5,,,1,15,,236298,5,,,1,16,,236299,5,,,1,55,,236355,5,,,1,14,,236300,5,,,1,14,,236301,5,,,1,14,,236302,5,,,1,54,,236303,5,,,1,15,,236304,5,,,1,15,,236305,5,,,1,15,,236306,5,,,1,55,,236307,5,,,1,15,,236308,5,,,1,15,,236309,5,,,1,15,,236310,5,,,1,55,,236311,5,,,1,15,,236312,5,,,1,15,,236313,5,,,1,15,,236314,5,,,1,55,,236315,5,,,1,15,,236316,5,,,1,15,,236317,5,,,1,15,,236318,5,,,1,55,,236319,5,,,1,15,,236320,5,,,1,15,,236321,5,,,1,10,,236357,5,,,1,10,,236358,5,,,1,51,,236322,5,,,1,10,,236323,5,,,1,10,,236324,5,,,1,10,,236325,5,,,1,10,,236326,5,,,1,10,,236327,5,,,1,50,,236328,5,,,1,10,,236329,5,,,1,10,,236330,5,,,1,10,,236331,5,,,1,10,,236332,5,,,1,10,,236333,5,,,1,50,,236334,5,,,1,10,,236335,5,,,1,10,,236336,5,,,1,10,,236337,5,,,1,10,,236338,5,,,1,55,,236356,5,,,1,15,,236361,5,,,1,14,,236360,5,,,1,15,,236359,5,,,1,54,,236354,5,,,1,20,,236339,5,,,1,20,,236340,5,,,1,60,,236341,5,,,1,20,,236342,5,,,1,20,,236343,5,,,1,60,,236344,5,,,1,20,,236345,5,,,1,20,,236346,5,,,1,61,,236347,5,,,1,18,,236348,5,,,1,29,,236349,5,,,1,70,,236350,5,,,1,30,,236351,5,,,1,70,,236352,5,,,1,30,,236353,5,,,1
90101,'901-Weekday-3-26-09-1111100',529,,278877,5,,,1,20,,278878,5,,,1,60,,278879,5,,,1,15,,278880,5,,,1,15,,278881,5,,,1,15,,278882,5,,,1,55,,278883,5,,,1,15,,278884,5,,,1,15,,278885,5,,,1,15,,278886,5,,,1,55,,278887,5,,,1,15,,278888,5,,,1,15,,278889,5,,,1,16,,278890,5,,,1,55,,278946,5,,,1,14,,278891,5,,,1,14,,278892,5,,,1,14,,278893,5,,,1,54,,278894,5,,,1,15,,278895,5,,,1,15,,278896,5,,,1,15,,278897,5,,,1,55,,278898,5,,,1,15,,278899,5,,,1,15,,278900,5,,,1,15,,278901,5,,,1,55,,278902,5,,,1,15,,278903,5,,,1,15,,278904,5,,,1,15,,278905,5,,,1,55,,278906,5,,,1,15,,278907,5,,,1,15,,278908,5,,,1,15,,278909,5,,,1,55,,278910,5,,,1,15,,278911,5,,,1,15,,278912,5,,,1,10,,278948,5,,,1,10,,278949,5,,,1,51,,278913,5,,,1,10,,278914,5,,,1,10,,278915,5,,,1,10,,278916,5,,,1,10,,278917,5,,,1,10,,278918,5,,,1,50,,278919,5,,,1,10,,278920,5,,,1,10,,278921,5,,,1,10,,278922,5,,,1,10,,278923,5,,,1,10,,278924,5,,,1,50,,278925,5,,,1,10,,278926,5,,,1,10,,278927,5,,,1,10,,278928,5,,,1,10,,278929,5,,,1,55,,278947,5,,,1,15,,278952,5,,,1,14,,278951,5,,,1,15,,278950,5,,,1,54,,278945,5,,,1,20,,278930,5,,,1,20,,278931,5,,,1,60,,278932,5,,,1,20,,278933,5,,,1,20,,278934,5,,,1,60,,278935,5,,,1,20,,278936,5,,,1,20,,278937,5,,,1,61,,278938,5,,,1,18,,278939,5,,,1,29,,278940,5,,,1,70,,278941,5,,,1,30,,278942,5,,,1,70,,278943,5,,,1,30,,278944,5,,,1
90101,'901-Weekday-4-26-09-1111100',529,,236362,5,,,1,20,,236363,5,,,1,60,,236364,5,,,1,15,,236365,5,,,1,15,,236366,5,,,1,15,,236367,5,,,1,55,,236368,5,,,1,15,,236369,5,,,1,15,,236370,5,,,1,15,,236371,5,,,1,55,,236372,5,,,1,15,,236373,5,,,1,15,,236374,5,,,1,16,,236375,5,,,1,55,,236431,5,,,1,14,,236376,5,,,1,14,,236377,5,,,1,14,,236378,5,,,1,54,,236379,5,,,1,15,,236380,5,,,1,15,,236381,5,,,1,15,,236382,5,,,1,55,,236383,5,,,1,15,,236384,5,,,1,15,,236385,5,,,1,15,,236386,5,,,1,55,,236387,5,,,1,15,,236388,5,,,1,15,,236389,5,,,1,15,,236390,5,,,1,55,,236391,5,,,1,15,,236392,5,,,1,15,,236393,5,,,1,15,,236394,5,,,1,55,,236395,5,,,1,15,,236396,5,,,1,15,,236397,5,,,1,10,,236433,5,,,1,10,,236434,5,,,1,51,,236398,5,,,1,10,,236399,5,,,1,10,,236400,5,,,1,10,,236401,5,,,1,10,,236402,5,,,1,10,,236403,5,,,1,50,,236404,5,,,1,10,,236405,5,,,1,10,,236406,5,,,1,10,,236407,5,,,1,10,,236408,5,,,1,10,,236409,5,,,1,50,,236410,5,,,1,10,,236411,5,,,1,10,,236412,5,,,1,10,,236413,5,,,1,10,,236414,5,,,1,55,,236432,5,,,1,15,,236437,5,,,1,14,,236436,5,,,1,15,,236435,5,,,1,54,,236430,5,,,1,20,,236415,5,,,1,20,,236416,5,,,1,60,,236417,5,,,1,20,,236418,5,,,1,20,,236419,5,,,1,60,,236420,5,,,1,20,,236421,5,,,1,20,,236422,5,,,1,61,,236423,5,,,1,18,,236424,5,,,1,29,,236425,5,,,1,70,,236426,5,,,1,30,,236427,5,,,1,70,,236428,5,,,1,30,,236429,5,,,1
90101,'901-Weekday-5-26-09-1111100',529,,278953,5,,,1,20,,278954,5,,,1,60,,278955,5,,,1,15,,278956,5,,,1,15,,278957,5,,,1,15,,278958,5,,,1,55,,278959,5,,,1,15,,278960,5,,,1,15,,278961,5,,,1,15,,278962,5,,,1,55,,278963,5,,,1,15,,278964,5,,,1,15,,278965,5,,,1,16,,278966,5,,,1,55,,279022,5,,,1,14,,278967,5,,,1,14,,278968,5,,,1,14,,278969,5,,,1,54,,278970,5,,,1,15,,278971,5,,,1,15,,278972,5,,,1,15,,278973,5,,,1,55,,278974,5,,,1,15,,278975,5,,,1,15,,278976,5,,,1,15,,278977,5,,,1,55,,278978,5,,,1,15,,278979,5,,,1,15,,278980,5,,,1,15,,278981,5,,,1,55,,278982,5,,,1,15,,278983,5,,,1,15,,278984,5,,,1,15,,278985,5,,,1,55,,278986,5,,,1,15,,278987,5,,,1,15,,278988,5,,,1,10,,279024,5,,,1,10,,279025,5,,,1,51,,278989,5,,,1,10,,278990,5,,,1,10,,278991,5,,,1,10,,278992,5,,,1,10,,278993,5,,,1,10,,278994,5,,,1,50,,278995,5,,,1,10,,278996,5,,,1,10,,278997,5,,,1,10,,278998,5,,,1,10,,278999,5,,,1,10,,279000,5,,,1,50,,279001,5,,,1,10,,279002,5,,,1,10,,279003,5,,,1,10,,279004,5,,,1,10,,279005,5,,,1,55,,279023,5,,,1,15,,279028,5,,,1,14,,279027,5,,,1,15,,279026,5,,,1,54,,279021,5,,,1,20,,279006,5,,,1,20,,279007,5,,,1,60,,279008,5,,,1,20,,279009,5,,,1,20,,279010,5,,,1,60,,279011,5,,,1,20,,279012,5,,,1,20,,279013,5,,,1,61,,279014,5,,,1,18,,279015,5,,,1,29,,279016,5,,,1,70,,279017,5,,,1,30,,279018,5,,,1,70,,279019,5,,,1,30,,279020,5,,,1
90101,'901-Weekday-6-26-09-1111100',529,,279029,5,,,1,20,,279030,5,,,1,60,,279031,5,,,1,15,,279032,5,,,1,15,,279033,5,,,1,15,,279034,5,,,1,55,,279035,5,,,1,15,,279036,5,,,1,15,,279037,5,,,1,15,,279038,5,,,1,55,,279039,5,,,1,15,,279040,5,,,1,15,,279041,5,,,1,16,,279042,5,,,1,55,,279098,5,,,1,14,,279043,5,,,1,14,,279044,5,,,1,14,,279045,5,,,1,54,,279046,5,,,1,15,,279047,5,,,1,15,,279048,5,,,1,15,,279049,5,,,1,55,,279050,5,,,1,15,,279051,5,,,1,15,,279052,5,,,1,15,,279053,5,,,1,55,,279054,5,,,1,15,,279055,5,,,1,15,,279056,5,,,1,15,,279057,5,,,1,55,,279058,5,,,1,15,,279059,5,,,1,15,,279060,5,,,1,15,,279061,5,,,1,55,,279062,5,,,1,15,,279063,5,,,1,15,,279064,5,,,1,10,,279100,5,,,1,10,,279101,5,,,1,51,,279065,5,,,1,10,,279066,5,,,1,10,,279067,5,,,1,10,,279068,5,,,1,10,,279069,5,,,1,10,,279070,5,,,1,50,,279071,5,,,1,10,,279072,5,,,1,10,,279073,5,,,1,10,,279074,5,,,1,10,,279075,5,,,1,10,,279076,5,,,1,50,,279077,5,,,1,10,,279078,5,,,1,10,,279079,5,,,1,10,,279080,5,,,1,10,,279081,5,,,1,55,,279099,5,,,1,15,,279104,5,,,1,14,,279103,5,,,1,15,,279102,5,,,1,54,,279097,5,,,1,20,,279082,5,,,1,20,,279083,5,,,1,60,,279084,5,,,1,20,,279085,5,,,1,20,,279086,5,,,1,60,,279087,5,,,1,20,,279088,5,,,1,20,,279089,5,,,1,61,,279090,5,,,1,18,,279091,5,,,1,29,,279092,5,,,1,70,,279093,5,,,1,30,,279094,5,,,1,70,,279095,5,,,1,30,,279096,5,,,1
90101,'901-Weekday-7-26-09-1111100',529,,279105,5,,,1,20,,279106,5,,,1,60,,279107,5,,,1,15,,279108,5,,,1,15,,279109,5,,,1,15,,279110,5,,,1,55,,279111,5,,,1,15,,279112,5,,,1,15,,279113,5,,,1,15,,279114,5,,,1,55,,279115,5,,,1,15,,279116,5,,,1,15,,279117,5,,,1,16,,279118,5,,,1,55,,279174,5,,,1,14,,279119,5,,,1,14,,279120,5,,,1,14,,279121,5,,,1,54,,279122,5,,,1,15,,279123,5,,,1,15,,279124,5,,,1,15,,279125,5,,,1,55,,279126,5,,,1,15,,279127,5,,,1,15,,279128,5,,,1,15,,279129,5,,,1,55,,279130,5,,,1,15,,279131,5,,,1,15,,279132,5,,,1,15,,279133,5,,,1,55,,279134,5,,,1,15,,279135,5,,,1,15,,279136,5,,,1,15,,279137,5,,,1,55,,279138,5,,,1,15,,279139,5,,,1,15,,279140,5,,,1,10,,279176,5,,,1,10,,279177,5,,,1,51,,279141,5,,,1,10,,279142,5,,,1,10,,279143,5,,,1,10,,279144,5,,,1,10,,279145,5,,,1,10,,279146,5,,,1,50,,279147,5,,,1,10,,279148,5,,,1,10,,279149,5,,,1,10,,279150,5,,,1,10,,279151,5,,,1,10,,279152,5,,,1,50,,279153,5,,,1,10,,279154,5,,,1,10,,279155,5,,,1,10,,279156,5,,,1,10,,279157,5,,,1,55,,279175,5,,,1,15,,279180,5,,,1,14,,279179,5,,,1,15,,279178,5,,,1,54,,279173,5,,,1,20,,279158,5,,,1,20,,279159,5,,,1,60,,279160,5,,,1,20,,279161,5,,,1,20,,279162,5,,,1,60,,279163,5,,,1,20,,279164,5,,,1,20,,279165,5,,,1,61,,279166,5,,,1,18,,279167,5,,,1,29,,279168,5,,,1,70,,279169,5,,,1,30,,279170,5,,,1,70,,279171,5,,,1,30,,279172,5,,,1
90101,'901-Saturday-1-26-09-0000010',556,,236438,5,,,1,70,,236439,5,,,1,30,,236440,5,,,1,70,,236441,5,,,1,30,,236442,5,,,1,70,,236443,5,,,1,24,,236444,5,,,1,60,,236445,5,,,1,20,,236446,5,,,1,20,,236447,5,,,1,61,,236448,5,,,1,22,,236449,5,,,1,20,,236450,5,,,1,60,,236451,5,,,1,20,,236452,5,,,1,20,,236453,5,,,1,60,,236454,5,,,1,20,,236455,5,,,1,20,,236456,5,,,1,60,,236457,5,,,1,20,,236458,5,,,1,20,,236459,5,,,1,60,,236460,5,,,1,20,,236461,5,,,1,20,,236462,5,,,1,60,,236463,5,,,1,20,,236464,5,,,1,20,,236465,5,,,1,60,,236466,5,,,1,20,,236467,5,,,1,20,,236468,5,,,1,60,,236469,5,,,1,19,,236470,5,,,1,20,,236471,5,,,1,60,,236472,5,,,1,20,,236473,5,,,1,20,,236474,5,,,1,60,,236475,5,,,1,26,,236476,5,,,1,70,,236477,5,,,1,30,,236478,5,,,1,70,,236479,5,,,1,30,,236480,5,,,1,70,,236481,5,,,1,30,,236482,5,,,1,70,,236483,5,,,1,30,,236484,5,,,1,70,,236485,5,,,1,30,,236486,5,,,1
90101,'901-Sunday-1-26-09-0000001',612,,236487,5,,,1,100,,236488,5,,,1,100,,236489,5,,,1,101,,236490,5,,,1,32,,236491,5,,,1,70,,236492,5,,,1,30,,236493,5,,,1,70,,236494,5,,,1,30,,236495,5,,,1,70,,236496,5,,,1,30,,236497,5,,,1,70,,236498,5,,,1,30,,236499,5,,,1,70,,236500,5,,,1,30,,236501,5,,,1,70,,236502,5,,,1,30,,236503,5,,,1,70,,236504,5,,,1,30,,236505,5,,,1,70,,236506,5,,,1,30,,236507,5,,,1,70,,236508,5,,,1,30,,236509,5,,,1,70,,236510,5,,,1,30,,236511,5,,,1,70,,236512,5,,,1,30,,236513,5,,,1,70,,236514,5,,,1,100,,236515,5,,,1,100,,236516,5,,,1,100,,236517,5,,,1
