400,'004-Weekday-1-26-09-1111100',517,,205160,28,,,1,16,,205181,63,,,1,15,,205182,63,,,1,55,,205183,63,,,1,15,,205184,63,,,1,16,,205185,63,,,1,22,,205186,63,,,1,62,,205187,63,,,1,19,,205188,63,,,1,12,,205279,63,,,1,10,,205189,63,,,1,50,,205190,63,,,1,10,,205276,63,,,1,10,,205191,63,,,1,10,,205192,63,,,1,10,,205193,63,,,1,10,,205194,63,,,1,51,,205195,63,,,1,11,,205196,63,,,1,9,,205197,63,,,1,8,,205198,63,,,1,10,,205199,63,,,1,11,,205200,63,,,1,52,,205201,63,,,1,12,,205202,63,,,1,12,,205203,63,,,1,12,,205204,63,,,1,12,,205205,63,,,1,52,,205206,63,,,1,12,,205207,63,,,1,12,,205208,63,,,1,12,,205209,63,,,1,12,,205210,63,,,1,52,,205211,63,,,1,12,,205212,63,,,1,12,,205213,63,,,1,12,,205214,63,,,1,12,,205215,63,,,1,52,,205216,63,,,1,12,,205217,63,,,1,12,,205218,63,,,1,12,,205219,63,,,1,12,,205220,63,,,1,52,,205221,63,,,1,12,,205222,63,,,1,12,,205223,63,,,1,12,,205224,63,,,1,12,,205225,63,,,1,54,,205226,63,,,1,13,,205227,63,,,1,10,,205228,63,,,1,11,,205229,63,,,1,10,,205230,63,,,1,50,,205231,63,,,1,10,,205232,63,,,1,10,,205233,63,,,1,10,,205234,63,,,1,10,,205235,63,,,1,10,,205236,63,,,1,50,,205237,63,,,1,10,,205238,63,,,1,10,,205239,63,,,1,10,,205240,63,,,1,10,,205277,63,,,1,10,,205241,63,,,1,50,,205242,63,,,1,10,,205243,63,,,1,9,,205244,63,,,1,10,,205245,63,,,1,10,,205246,63,,,1,12,,205247,63,,,1,52,,205248,63,,,1,13,,205249,63,,,1,11,,205250,63,,,1,15,,205251,63,,,1,55,,205252,63,,,1,15,,205253,63,,,1,15,,205254,63,,,1,15,,205255,63,,,1,55,,205256,63,,,1,15,,205257,63,,,1,15,,205258,63,,,1,15,,205259,63,,,1,55,,205260,63,,,1,12,,205261,63,,,1,13,,205262,63,,,1,14,,205263,63,,,1,14,,205264,63,,,1,56,,205265,63,,,1,20,,205266,63,,,1,20,,205267,63,,,1,59,,205268,63,,,1,18,,205269,63,,,1,19,,205270,63,,,1,67,,205271,63,,,1,30,,205272,63,,,1,70,,205273,63,,,1,30,,205274,63,,,1,70,,205275,63,,,1,30,,205280,63,,,1
400,'004-Weekday-2-26-09-1111100',517,,205284,28,,,1,16,,205305,63,,,1,15,,205306,63,,,1,55,,205307,63,,,1,15,,205308,63,,,1,16,,205309,63,,,1,22,,205310,63,,,1,62,,205311,63,,,1,19,,205312,63,,,1,12,,205403,63,,,1,10,,205313,63,,,1,50,,205314,63,,,1,10,,205400,63,,,1,10,,205315,63,,,1,10,,205316,63,,,1,10,,205317,63,,,1,10,,205318,63,,,1,51,,205319,63,,,1,11,,205320,63,,,1,9,,205321,63,,,1,8,,205322,63,,,1,10,,205323,63,,,1,11,,205324,63,,,1,52,,205325,63,,,1,12,,205326,63,,,1,12,,205327,63,,,1,12,,205328,63,,,1,12,,205329,63,,,1,52,,205330,63,,,1,12,,205331,63,,,1,12,,205332,63,,,1,12,,205333,63,,,1,12,,205334,63,,,1,52,,205335,63,,,1,12,,205336,63,,,1,12,,205337,63,,,1,12,,205338,63,,,1,12,,205339,63,,,1,52,,205340,63,,,1,12,,205341,63,,,1,12,,205342,63,,,1,12,,205343,63,,,1,12,,205344,63,,,1,52,,205345,63,,,1,12,,205346,63,,,1,12,,205347,63,,,1,12,,205348,63,,,1,12,,205349,63,,,1,54,,205350,63,,,1,13,,205351,63,,,1,10,,205352,63,,,1,11,,205353,63,,,1,10,,205354,63,,,1,50,,205355,63,,,1,10,,205356,63,,,1,10,,205357,63,,,1,10,,205358,63,,,1,10,,205359,63,,,1,10,,205360,63,,,1,50,,205361,63,,,1,10,,205362,63,,,1,10,,205363,63,,,1,10,,205364,63,,,1,10,,205401,63,,,1,10,,205365,63,,,1,50,,205366,63,,,1,10,,205367,63,,,1,9,,205368,63,,,1,10,,205369,63,,,1,10,,205370,63,,,1,12,,205371,63,,,1,52,,205372,63,,,1,13,,205373,63,,,1,11,,205374,63,,,1,15,,205375,63,,,1,55,,205376,63,,,1,15,,205377,63,,,1,15,,205378,63,,,1,15,,205379,63,,,1,55,,205380,63,,,1,15,,205381,63,,,1,15,,205382,63,,,1,15,,205383,63,,,1,55,,205384,63,,,1,12,,205385,63,,,1,13,,205386,63,,,1,14,,205387,63,,,1,14,,205388,63,,,1,56,,205389,63,,,1,20,,205390,63,,,1,20,,205391,63,,,1,59,,205392,63,,,1,18,,205393,63,,,1,19,,205394,63,,,1,67,,205395,63,,,1,30,,205396,63,,,1,70,,205397,63,,,1,30,,205398,63,,,1,70,,205399,63,,,1,30,,205404,63,,,1
400,'004-Weekday-3-26-09-1111100',517,,248995,28,,,1,16,,249016,63,,,1,15,,249017,63,,,1,55,,249018,63,,,1,15,,249019,63,,,1,16,,249020,63,,,1,22,,249021,63,,,1,62,,249022,63,,,1,19,,249023,63,,,1,12,,249114,63,,,1,10,,249024,63,,,1,50,,249025,63,,,1,10,,249111,63,,,1,10,,249026,63,,,1,10,,249027,63,,,1,10,,249028,63,,,1,10,,249029,63,,,1,51,,249030,63,,,1,11,,249031,63,,,1,9,,249032,63,,,1,8,,249033,63,,,1,10,,249034,63,,,1,11,,249035,63,,,1,52,,249036,63,,,1,12,,249037,63,,,1,12,,249038,63,,,1,12,,249039,63,,,1,12,,249040,63,,,1,52,,249041,63,,,1,12,,249042,63,,,1,12,,249043,63,,,1,12,,249044,63,,,1,12,,249045,63,,,1,52,,249046,63,,,1,12,,249047,63,,,1,12,,249048,63,,,1,12,,249049,63,,,1,12,,249050,63,,,1,52,,249051,63,,,1,12,,249052,63,,,1,12,,249053,63,,,1,12,,249054,63,,,1,12,,249055,63,,,1,52,,249056,63,,,1,12,,249057,63,,,1,12,,249058,63,,,1,12,,249059,63,,,1,12,,249060,63,,,1,54,,249061,63,,,1,13,,249062,63,,,1,10,,249063,63,,,1,11,,249064,63,,,1,10,,249065,63,,,1,50,,249066,63,,,1,10,,249067,63,,,1,10,,249068,63,,,1,10,,249069,63,,,1,10,,249070,63,,,1,10,,249071,63,,,1,50,,249072,63,,,1,10,,249073,63,,,1,10,,249074,63,,,1,10,,249075,63,,,1,10,,249112,63,,,1,10,,249076,63,,,1,50,,249077,63,,,1,10,,249078,63,,,1,9,,249079,63,,,1,10,,249080,63,,,1,10,,249081,63,,,1,12,,249082,63,,,1,52,,249083,63,,,1,13,,249084,63,,,1,11,,249085,63,,,1,15,,249086,63,,,1,55,,249087,63,,,1,15,,249088,63,,,1,15,,249089,63,,,1,15,,249090,63,,,1,55,,249091,63,,,1,15,,249092,63,,,1,15,,249093,63,,,1,15,,249094,63,,,1,55,,249095,63,,,1,12,,249096,63,,,1,13,,249097,63,,,1,14,,249098,63,,,1,14,,249099,63,,,1,56,,249100,63,,,1,20,,249101,63,,,1,20,,249102,63,,,1,59,,249103,63,,,1,18,,249104,63,,,1,19,,249105,63,,,1,67,,249106,63,,,1,30,,249107,63,,,1,70,,249108,63,,,1,30,,249109,63,,,1,70,,249110,63,,,1,30,,249115,63,,,1
400,'004-Weekday-4-26-09-1111100',517,,205408,28,,,1,16,,205429,63,,,1,15,,205430,63,,,1,55,,205431,63,,,1,15,,205432,63,,,1,16,,205433,63,,,1,22,,205434,63,,,1,62,,205435,63,,,1,19,,205436,63,,,1,12,,205527,63,,,1,10,,205437,63,,,1,50,,205438,63,,,1,10,,205524,63,,,1,10,,205439,63,,,1,10,,205440,63,,,1,10,,205441,63,,,1,10,,205442,63,,,1,51,,205443,63,,,1,11,,205444,63,,,1,9,,205445,63,,,1,8,,205446,63,,,1,10,,205447,63,,,1,11,,205448,63,,,1,52,,205449,63,,,1,12,,205450,63,,,1,12,,205451,63,,,1,12,,205452,63,,,1,12,,205453,63,,,1,52,,205454,63,,,1,12,,205455,63,,,1,12,,205456,63,,,1,12,,205457,63,,,1,12,,205458,63,,,1,52,,205459,63,,,1,12,,205460,63,,,1,12,,205461,63,,,1,12,,205462,63,,,1,12,,205463,63,,,1,52,,205464,63,,,1,12,,205465,63,,,1,12,,205466,63,,,1,12,,205467,63,,,1,12,,205468,63,,,1,52,,205469,63,,,1,12,,205470,63,,,1,12,,205471,63,,,1,12,,205472,63,,,1,12,,205473,63,,,1,54,,205474,63,,,1,13,,205475,63,,,1,10,,205476,63,,,1,11,,205477,63,,,1,10,,205478,63,,,1,50,,205479,63,,,1,10,,205480,63,,,1,10,,205481,63,,,1,10,,205482,63,,,1,10,,205483,63,,,1,10,,205484,63,,,1,50,,205485,63,,,1,10,,205486,63,,,1,10,,205487,63,,,1,10,,205488,63,,,1,10,,205525,63,,,1,10,,205489,63,,,1,50,,205490,63,,,1,10,,205491,63,,,1,9,,205492,63,,,1,10,,205493,63,,,1,10,,205494,63,,,1,12,,205495,63,,,1,52,,205496,63,,,1,13,,205497,63,,,1,11,,205498,63,,,1,15,,205499,63,,,1,55,,205500,63,,,1,15,,205501,63,,,1,15,,205502,63,,,1,15,,205503,63,,,1,55,,205504,63,,,1,15,,205505,63,,,1,15,,205506,63,,,1,15,,205507,63,,,1,55,,205508,63,,,1,12,,205509,63,,,1,13,,205510,63,,,1,14,,205511,63,,,1,14,,205512,63,,,1,56,,205513,63,,,1,20,,205514,63,,,1,20,,205515,63,,,1,59,,205516,63,,,1,18,,205517,63,,,1,19,,205518,63,,,1,67,,205519,63,,,1,30,,205520,63,,,1,70,,205521,63,,,1,30,,205522,63,,,1,70,,205523,63,,,1,30,,205528,63,,,1
400,'004-Weekday-5-26-09-1111100',517,,249119,28,,,1,16,,249140,63,,,1,15,,249141,63,,,1,55,,249142,63,,,1,15,,249143,63,,,1,16,,249144,63,,,1,22,,249145,63,,,1,62,,249146,63,,,1,19,,249147,63,,,1,12,,249238,63,,,1,10,,249148,63,,,1,50,,249149,63,,,1,10,,249235,63,,,1,10,,249150,63,,,1,10,,249151,63,,,1,10,,249152,63,,,1,10,,249153,63,,,1,51,,249154,63,,,1,11,,249155,63,,,1,9,,249156,63,,,1,8,,249157,63,,,1,10,,249158,63,,,1,11,,249159,63,,,1,52,,249160,63,,,1,12,,249161,63,,,1,12,,249162,63,,,1,12,,249163,63,,,1,12,,249164,63,,,1,52,,249165,63,,,1,12,,249166,63,,,1,12,,249167,63,,,1,12,,249168,63,,,1,12,,249169,63,,,1,52,,249170,63,,,1,12,,249171,63,,,1,12,,249172,63,,,1,12,,249173,63,,,1,12,,249174,63,,,1,52,,249175,63,,,1,12,,249176,63,,,1,12,,249177,63,,,1,12,,249178,63,,,1,12,,249179,63,,,1,52,,249180,63,,,1,12,,249181,63,,,1,12,,249182,63,,,1,12,,249183,63,,,1,12,,249184,63,,,1,54,,249185,63,,,1,13,,249186,63,,,1,10,,249187,63,,,1,11,,249188,63,,,1,10,,249189,63,,,1,50,,249190,63,,,1,10,,249191,63,,,1,10,,249192,63,,,1,10,,249193,63,,,1,10,,249194,63,,,1,10,,249195,63,,,1,50,,249196,63,,,1,10,,249197,63,,,1,10,,249198,63,,,1,10,,249199,63,,,1,10,,249236,63,,,1,10,,249200,63,,,1,50,,249201,63,,,1,10,,249202,63,,,1,9,,249203,63,,,1,10,,249204,63,,,1,10,,249205,63,,,1,12,,249206,63,,,1,52,,249207,63,,,1,13,,249208,63,,,1,11,,249209,63,,,1,15,,249210,63,,,1,55,,249211,63,,,1,15,,249212,63,,,1,15,,249213,63,,,1,15,,249214,63,,,1,55,,249215,63,,,1,15,,249216,63,,,1,15,,249217,63,,,1,15,,249218,63,,,1,55,,249219,63,,,1,12,,249220,63,,,1,13,,249221,63,,,1,14,,249222,63,,,1,14,,249223,63,,,1,56,,249224,63,,,1,20,,249225,63,,,1,20,,249226,63,,,1,59,,249227,63,,,1,18,,249228,63,,,1,19,,249229,63,,,1,67,,249230,63,,,1,30,,249231,63,,,1,70,,249232,63,,,1,30,,249233,63,,,1,70,,249234,63,,,1,30,,249239,63,,,1
400,'004-Weekday-6-26-09-1111100',517,,249243,28,,,1,16,,249244,63,,,1,15,,249245,63,,,1,55,,249246,63,,,1,15,,249247,63,,,1,16,,249248,63,,,1,22,,249249,63,,,1,62,,249250,63,,,1,19,,249251,63,,,1,12,,249341,63,,,1,10,,249252,63,,,1,50,,249253,63,,,1,10,,249339,63,,,1,10,,249254,63,,,1,10,,249255,63,,,1,10,,249256,63,,,1,10,,249257,63,,,1,51,,249258,63,,,1,11,,249259,63,,,1,9,,249260,63,,,1,8,,249261,63,,,1,10,,249262,63,,,1,11,,249263,63,,,1,52,,249264,63,,,1,12,,249265,63,,,1,12,,249266,63,,,1,12,,249267,63,,,1,12,,249268,63,,,1,52,,249269,63,,,1,12,,249270,63,,,1,12,,249271,63,,,1,12,,249272,63,,,1,12,,249273,63,,,1,52,,249274,63,,,1,12,,249275,63,,,1,12,,249276,63,,,1,12,,249277,63,,,1,12,,249278,63,,,1,52,,249279,63,,,1,12,,249280,63,,,1,12,,249281,63,,,1,12,,249282,63,,,1,12,,249283,63,,,1,52,,249284,63,,,1,12,,249285,63,,,1,12,,249286,63,,,1,12,,249287,63,,,1,12,,249288,63,,,1,54,,249289,63,,,1,13,,249290,63,,,1,10,,249291,63,,,1,11,,249292,63,,,1,10,,249293,63,,,1,50,,249294,63,,,1,10,,249295,63,,,1,10,,249296,63,,,1,10,,249297,63,,,1,10,,249298,63,,,1,10,,249299,63,,,1,50,,249300,63,,,1,10,,249301,63,,,1,10,,249302,63,,,1,10,,249303,63,,,1,10,,249340,63,,,1,10,,249304,63,,,1,50,,249305,63,,,1,10,,249306,63,,,1,9,,249307,63,,,1,10,,249308,63,,,1,10,,249309,63,,,1,12,,249310,63,,,1,52,,249311,63,,,1,13,,249312,63,,,1,11,,249313,63,,,1,15,,249314,63,,,1,55,,249315,63,,,1,15,,249316,63,,,1,15,,249317,63,,,1,15,,249318,63,,,1,55,,249319,63,,,1,15,,249320,63,,,1,15,,249321,63,,,1,15,,249322,63,,,1,55,,249323,63,,,1,12,,249324,63,,,1,13,,249325,63,,,1,14,,249326,63,,,1,14,,249327,63,,,1,56,,249328,63,,,1,20,,249329,63,,,1,20,,249330,63,,,1,59,,249331,63,,,1,18,,249332,63,,,1,19,,249333,63,,,1,67,,249334,63,,,1,30,,249335,63,,,1,70,,249336,63,,,1,30,,249337,63,,,1,70,,249338,63,,,1,30,,249342,63,,,1
400,'004-Weekday-7-26-09-1111100',517,,249343,28,,,1,16,,249344,63,,,1,15,,249345,63,,,1,55,,249346,63,,,1,15,,249347,63,,,1,16,,249348,63,,,1,22,,249349,63,,,1,62,,249350,63,,,1,19,,249351,63,,,1,12,,249441,63,,,1,10,,249352,63,,,1,50,,249353,63,,,1,10,,249439,63,,,1,10,,249354,63,,,1,10,,249355,63,,,1,10,,249356,63,,,1,10,,249357,63,,,1,51,,249358,63,,,1,11,,249359,63,,,1,9,,249360,63,,,1,8,,249361,63,,,1,10,,249362,63,,,1,11,,249363,63,,,1,52,,249364,63,,,1,12,,249365,63,,,1,12,,249366,63,,,1,12,,249367,63,,,1,12,,249368,63,,,1,52,,249369,63,,,1,12,,249370,63,,,1,12,,249371,63,,,1,12,,249372,63,,,1,12,,249373,63,,,1,52,,249374,63,,,1,12,,249375,63,,,1,12,,249376,63,,,1,12,,249377,63,,,1,12,,249378,63,,,1,52,,249379,63,,,1,12,,249380,63,,,1,12,,249381,63,,,1,12,,249382,63,,,1,12,,249383,63,,,1,52,,249384,63,,,1,12,,249385,63,,,1,12,,249386,63,,,1,12,,249387,63,,,1,12,,249388,63,,,1,54,,249389,63,,,1,13,,249390,63,,,1,10,,249391,63,,,1,11,,249392,63,,,1,10,,249393,63,,,1,50,,249394,63,,,1,10,,249395,63,,,1,10,,249396,63,,,1,10,,249397,63,,,1,10,,249398,63,,,1,10,,249399,63,,,1,50,,249400,63,,,1,10,,249401,63,,,1,10,,249402,63,,,1,10,,249403,63,,,1,10,,249440,63,,,1,10,,249404,63,,,1,50,,249405,63,,,1,10,,249406,63,,,1,9,,249407,63,,,1,10,,249408,63,,,1,10,,249409,63,,,1,12,,249410,63,,,1,52,,249411,63,,,1,13,,249412,63,,,1,11,,249413,63,,,1,15,,249414,63,,,1,55,,249415,63,,,1,15,,249416,63,,,1,15,,249417,63,,,1,15,,249418,63,,,1,55,,249419,63,,,1,15,,249420,63,,,1,15,,249421,63,,,1,15,,249422,63,,,1,55,,249423,63,,,1,12,,249424,63,,,1,13,,249425,63,,,1,14,,249426,63,,,1,14,,249427,63,,,1,56,,249428,63,,,1,20,,249429,63,,,1,20,,249430,63,,,1,59,,249431,63,,,1,18,,249432,63,,,1,19,,249433,63,,,1,67,,249434,63,,,1,30,,249435,63,,,1,70,,249436,63,,,1,30,,249437,63,,,1,70,,249438,63,,,1,30,,249442,63,,,1
400,'004-Saturday-1-26-09-0000010',613,,205644,63,,,1,20,,205533,63,,,1,20,,205534,63,,,1,60,,205535,63,,,1,20,,205536,63,,,1,20,,205537,63,,,1,60,,205538,63,,,1,20,,205539,63,,,1,15,,205540,63,,,1,56,,205541,63,,,1,21,,205542,63,,,1,16,,205543,63,,,1,17,,205544,63,,,1,59,,205545,63,,,1,15,,205546,63,,,1,15,,205547,63,,,1,55,,205548,63,,,1,15,,205549,63,,,1,15,,205550,63,,,1,15,,205551,63,,,1,55,,205552,63,,,1,15,,205553,63,,,1,15,,205554,63,,,1,15,,205555,63,,,1,55,,205556,63,,,1,15,,205557,63,,,1,15,,205558,63,,,1,15,,205559,63,,,1,55,,205561,63,,,1,15,,205563,63,,,1,15,,205565,63,,,1,15,,205567,63,,,1,55,,205569,63,,,1,15,,205571,63,,,1,15,,205573,63,,,1,15,,205575,63,,,1,55,,205577,63,,,1,15,,205579,63,,,1,15,,205581,63,,,1,15,,205583,63,,,1,55,,205585,63,,,1,14,,205587,63,,,1,15,,205589,63,,,1,15,,205591,63,,,1,54,,205593,63,,,1,14,,205596,63,,,1,15,,205532,63,,,1,15,,205595,63,,,1,15,,205600,63,,,1,55,,205602,63,,,1,15,,205604,63,,,1,15,,205606,63,,,1,15,,205608,63,,,1,55,,205610,63,,,1,15,,205612,63,,,1,15,,205614,63,,,1,15,,205616,63,,,1,55,,205618,63,,,1,15,,205620,63,,,1,15,,205622,63,,,1,15,,205624,63,,,1,55,,205626,63,,,1,15,,205628,63,,,1,15,,205631,63,,,1,15,,205632,63,,,1,55,,205633,63,,,1,20,,205630,63,,,1,20,,205634,63,,,1,57,,205635,63,,,1,15,,205636,63,,,1,19,,205637,63,,,1,68,,205638,63,,,1,30,,205639,63,,,1,70,,205640,63,,,1,30,,205641,63,,,1,70,,205642,63,,,1,30,,205643,63,,,1
400,'004-Sunday-1-26-09-0000001',618,,205645,63,,,1,20,,205646,63,,,1,20,,205647,63,,,1,60,,205648,63,,,1,20,,205649,63,,,1,20,,205650,63,,,1,60,,205651,63,,,1,20,,205652,63,,,1,19,,205653,63,,,1,65,,205654,63,,,1,17,,205717,63,,,1,17,,205655,63,,,1,59,,205656,63,,,1,18,,205657,63,,,1,15,,205658,63,,,1,55,,205659,63,,,1,15,,205660,63,,,1,15,,205661,63,,,1,15,,205662,63,,,1,55,,205663,63,,,1,15,,205664,63,,,1,15,,205665,63,,,1,15,,205666,63,,,1,55,,205667,63,,,1,15,,205668,63,,,1,15,,205669,63,,,1,15,,205670,63,,,1,55,,205671,63,,,1,15,,205672,63,,,1,15,,205673,63,,,1,15,,205674,63,,,1,55,,205675,63,,,1,15,,205676,63,,,1,15,,205677,63,,,1,15,,205678,63,,,1,55,,205679,63,,,1,15,,205680,63,,,1,15,,205681,63,,,1,15,,205682,63,,,1,54,,205683,63,,,1,13,,205684,63,,,1,15,,205685,63,,,1,16,,205686,63,,,1,13,,205687,63,,,1,53,,205688,63,,,1,15,,205689,63,,,1,15,,205690,63,,,1,15,,205691,63,,,1,55,,205692,63,,,1,15,,205693,63,,,1,15,,205694,63,,,1,15,,205695,63,,,1,55,,205696,63,,,1,15,,205697,63,,,1,15,,205698,63,,,1,15,,205699,63,,,1,55,,205700,63,,,1,15,,205701,63,,,1,15,,205702,63,,,1,15,,205703,63,,,1,55,,205704,63,,,1,15,,205716,63,,,1,15,,205705,63,,,1,60,,205706,63,,,1,20,,205707,63,,,1,20,,205709,63,,,1,60,,205710,63,,,1,15,,205711,63,,,1,27,,205708,63,,,1,66,,205712,63,,,1,30,,205713,63,,,1,70,,205714,63,,,1,30,,205715,63,,,1,70,,205719,63,,,1,30,,205718,63,,,1
63401,'634-Weekday-1-26-09-1111100',1547,,227595,3,,,1,5,,227596,3,,,1
63401,'634-Weekday-3-26-09-1111100',1547,,227597,3,,,1,5,,227598,3,,,1
63401,'634-Weekday-7-26-09-1111100',1547,,270430,3,,,1,5,,270431,3,,,1
