71600,'716-Weekday-1-26-09-1111100',542,,232353,19,,,1,70,,232354,19,,,1,32,,232355,19,,,1,61,,232356,19,,,1,20,,232357,19,,,1,20,,232358,19,,,1,60,,232386,19,,,1,20,,232359,19,,,1,24,,232389,19,,,1,65,,232390,19,,,1,25,,232360,19,,,1,70,,232361,19,,,1,30,,232362,19,,,1,70,,232363,19,,,1,30,,232364,19,,,1,70,,232365,19,,,1,30,,232366,19,,,1,70,,232367,19,,,1,30,,232368,19,,,1,70,,232369,19,,,1,30,,232370,19,,,1,71,,232371,19,,,1,33,,232372,19,,,1,70,,232373,19,,,1,30,,232374,19,,,1,70,,232387,19,,,1,28,,232388,19,,,1,68,,232375,19,,,1,28,,232376,19,,,1,67,,232377,19,,,1,30,,232378,19,,,1,70,,232379,19,,,1,30,,232380,19,,,1,70,,232381,19,,,1,30,,232382,19,,,1,99,,232383,19,,,1,100,,232384,19,,,1,100,,232385,19,,,1
71600,'716-Weekday-2-26-09-1111100',542,,232391,19,,,1,70,,232392,19,,,1,32,,232393,19,,,1,61,,232394,19,,,1,20,,232395,19,,,1,20,,232396,19,,,1,60,,232424,19,,,1,20,,232397,19,,,1,24,,232427,19,,,1,65,,232428,19,,,1,25,,232398,19,,,1,70,,232399,19,,,1,30,,232400,19,,,1,70,,232401,19,,,1,30,,232402,19,,,1,70,,232403,19,,,1,30,,232404,19,,,1,70,,232405,19,,,1,30,,232406,19,,,1,70,,232407,19,,,1,30,,232408,19,,,1,71,,232409,19,,,1,33,,232410,19,,,1,70,,232411,19,,,1,30,,232412,19,,,1,70,,232425,19,,,1,28,,232426,19,,,1,68,,232413,19,,,1,28,,232414,19,,,1,67,,232415,19,,,1,30,,232416,19,,,1,70,,232417,19,,,1,30,,232418,19,,,1,70,,232419,19,,,1,30,,232420,19,,,1,99,,232421,19,,,1,100,,232422,19,,,1,100,,232423,19,,,1
71600,'716-Weekday-3-26-09-1111100',542,,275060,19,,,1,70,,275061,19,,,1,32,,275062,19,,,1,61,,275063,19,,,1,20,,275064,19,,,1,20,,275065,19,,,1,60,,275093,19,,,1,20,,275066,19,,,1,24,,275096,19,,,1,65,,275097,19,,,1,25,,275067,19,,,1,70,,275068,19,,,1,30,,275069,19,,,1,70,,275070,19,,,1,30,,275071,19,,,1,70,,275072,19,,,1,30,,275073,19,,,1,70,,275074,19,,,1,30,,275075,19,,,1,70,,275076,19,,,1,30,,275077,19,,,1,71,,275078,19,,,1,33,,275079,19,,,1,70,,275080,19,,,1,30,,275081,19,,,1,70,,275094,19,,,1,28,,275095,19,,,1,68,,275082,19,,,1,28,,275083,19,,,1,67,,275084,19,,,1,30,,275085,19,,,1,70,,275086,19,,,1,30,,275087,19,,,1,70,,275088,19,,,1,30,,275089,19,,,1,99,,275090,19,,,1,100,,275091,19,,,1,100,,275092,19,,,1
71600,'716-Weekday-4-26-09-1111100',542,,232429,19,,,1,70,,232430,19,,,1,32,,232431,19,,,1,61,,232432,19,,,1,20,,232433,19,,,1,20,,232434,19,,,1,60,,232462,19,,,1,20,,232435,19,,,1,24,,232465,19,,,1,65,,232466,19,,,1,25,,232436,19,,,1,70,,232437,19,,,1,30,,232438,19,,,1,70,,232439,19,,,1,30,,232440,19,,,1,70,,232441,19,,,1,30,,232442,19,,,1,70,,232443,19,,,1,30,,232444,19,,,1,70,,232445,19,,,1,30,,232446,19,,,1,71,,232447,19,,,1,33,,232448,19,,,1,70,,232449,19,,,1,30,,232450,19,,,1,70,,232463,19,,,1,28,,232464,19,,,1,68,,232451,19,,,1,28,,232452,19,,,1,67,,232453,19,,,1,30,,232454,19,,,1,70,,232455,19,,,1,30,,232456,19,,,1,70,,232457,19,,,1,30,,232458,19,,,1,99,,232459,19,,,1,100,,232460,19,,,1,100,,232461,19,,,1
71600,'716-Weekday-5-26-09-1111100',542,,275098,19,,,1,70,,275099,19,,,1,32,,275100,19,,,1,61,,275101,19,,,1,20,,275102,19,,,1,20,,275103,19,,,1,60,,275131,19,,,1,20,,275104,19,,,1,24,,275134,19,,,1,65,,275135,19,,,1,25,,275105,19,,,1,70,,275106,19,,,1,30,,275107,19,,,1,70,,275108,19,,,1,30,,275109,19,,,1,70,,275110,19,,,1,30,,275111,19,,,1,70,,275112,19,,,1,30,,275113,19,,,1,70,,275114,19,,,1,30,,275115,19,,,1,71,,275116,19,,,1,33,,275117,19,,,1,70,,275118,19,,,1,30,,275119,19,,,1,70,,275132,19,,,1,28,,275133,19,,,1,68,,275120,19,,,1,28,,275121,19,,,1,67,,275122,19,,,1,30,,275123,19,,,1,70,,275124,19,,,1,30,,275125,19,,,1,70,,275126,19,,,1,30,,275127,19,,,1,99,,275128,19,,,1,100,,275129,19,,,1,100,,275130,19,,,1
71600,'716-Weekday-6-26-09-1111100',542,,275136,19,,,1,70,,275137,19,,,1,32,,275138,19,,,1,61,,275139,19,,,1,20,,275140,19,,,1,20,,275141,19,,,1,60,,275169,19,,,1,20,,275142,19,,,1,24,,275172,19,,,1,65,,275173,19,,,1,25,,275143,19,,,1,70,,275144,19,,,1,30,,275145,19,,,1,70,,275146,19,,,1,30,,275147,19,,,1,70,,275148,19,,,1,30,,275149,19,,,1,70,,275150,19,,,1,30,,275151,19,,,1,70,,275152,19,,,1,30,,275153,19,,,1,71,,275154,19,,,1,33,,275155,19,,,1,70,,275156,19,,,1,30,,275157,19,,,1,70,,275170,19,,,1,28,,275171,19,,,1,68,,275158,19,,,1,28,,275159,19,,,1,67,,275160,19,,,1,30,,275161,19,,,1,70,,275162,19,,,1,30,,275163,19,,,1,70,,275164,19,,,1,30,,275165,19,,,1,99,,275166,19,,,1,100,,275167,19,,,1,100,,275168,19,,,1
71600,'716-Weekday-7-26-09-1111100',542,,275174,19,,,1,70,,275175,19,,,1,32,,275176,19,,,1,61,,275177,19,,,1,20,,275178,19,,,1,20,,275179,19,,,1,60,,275207,19,,,1,20,,275180,19,,,1,24,,275210,19,,,1,65,,275211,19,,,1,25,,275181,19,,,1,70,,275182,19,,,1,30,,275183,19,,,1,70,,275184,19,,,1,30,,275185,19,,,1,70,,275186,19,,,1,30,,275187,19,,,1,70,,275188,19,,,1,30,,275189,19,,,1,70,,275190,19,,,1,30,,275191,19,,,1,71,,275192,19,,,1,33,,275193,19,,,1,70,,275194,19,,,1,30,,275195,19,,,1,70,,275208,19,,,1,28,,275209,19,,,1,68,,275196,19,,,1,28,,275197,19,,,1,67,,275198,19,,,1,30,,275199,19,,,1,70,,275200,19,,,1,30,,275201,19,,,1,70,,275202,19,,,1,30,,275203,19,,,1,99,,275204,19,,,1,100,,275205,19,,,1,100,,275206,19,,,1
71600,'716-Saturday-1-26-09-0000010',634,,232467,19,,,1,100,,232468,19,,,1,100,,232469,19,,,1,70,,232470,19,,,1,30,,232471,19,,,1,70,,232472,19,,,1,30,,232473,19,,,1,70,,232474,19,,,1,30,,232475,19,,,1,70,,232476,19,,,1,30,,232477,19,,,1,70,,232478,19,,,1,30,,232479,19,,,1,70,,232480,19,,,1,30,,232481,19,,,1,70,,232482,19,,,1,30,,232483,19,,,1,70,,232484,19,,,1,30,,232485,19,,,1,71,,232486,19,,,1,29,,232487,19,,,1,70,,232488,19,,,1,30,,232489,19,,,1,70,,232490,19,,,1,30,,232491,19,,,1,100,,232492,19,,,1,100,,232493,19,,,1,100,,232494,19,,,1,100,,232495,19,,,1,100,,232496,19,,,1
71600,'716-Sunday-1-26-09-0000001',629,,232497,19,,,1,100,,232498,19,,,1,100,,232499,19,,,1,100,,232500,19,,,1,100,,232501,19,,,1,30,,232502,19,,,1,70,,232503,19,,,1,30,,232504,19,,,1,70,,232505,19,,,1,30,,232506,19,,,1,70,,232507,19,,,1,30,,232508,19,,,1,70,,232509,19,,,1,30,,232510,19,,,1,70,,232511,19,,,1,30,,232512,19,,,1,70,,232513,19,,,1,73,,232514,19,,,1,29,,232515,19,,,1,70,,232516,19,,,1,30,,232517,19,,,1,70,,232518,19,,,1,30,,232519,19,,,1,100,,232520,19,,,1,100,,232521,19,,,1,100,,232522,19,,,1,100,,232523,19,,,1
71700,'717-Weekday-1-26-09-1111100',524,,232698,30,,,1,30,,232699,30,,,1,70,,232732,30,,,1,17,,232700,30,,,1,59,,232734,30,,,1,15,,232701,30,,,1,15,,232702,30,,,1,15,,232703,30,,,1,55,,232735,30,,,1,15,,232704,30,,,1,15,,232705,30,,,1,15,,232706,30,,,1,57,,232736,30,,,1,22,,232733,30,,,1,27,,232707,30,,,1,70,,232708,30,,,1,30,,232709,30,,,1,70,,232710,30,,,1,30,,232711,30,,,1,70,,232712,30,,,1,30,,232713,30,,,1,70,,232714,30,,,1,30,,232715,30,,,1,70,,232716,30,,,1,30,,232717,30,,,1,72,,232718,30,,,1,32,,232719,30,,,1,70,,232720,30,,,1,30,,232721,30,,,1,70,,232722,30,,,1,30,,232723,30,,,1,70,,232724,30,,,1,25,,232725,30,,,1,66,,232726,30,,,1,30,,232727,30,,,1,70,,232728,30,,,1,30,,232729,30,,,1,70,,232730,30,,,1,30,,232731,30,,,1
71700,'717-Weekday-2-26-09-1111100',524,,232740,30,,,1,30,,232741,30,,,1,70,,232774,30,,,1,17,,232742,30,,,1,59,,232776,30,,,1,15,,232743,30,,,1,15,,232744,30,,,1,15,,232745,30,,,1,55,,232777,30,,,1,15,,232746,30,,,1,15,,232747,30,,,1,15,,232748,30,,,1,57,,232778,30,,,1,22,,232775,30,,,1,27,,232749,30,,,1,70,,232750,30,,,1,30,,232751,30,,,1,70,,232752,30,,,1,30,,232753,30,,,1,70,,232754,30,,,1,30,,232755,30,,,1,70,,232756,30,,,1,30,,232757,30,,,1,70,,232758,30,,,1,30,,232759,30,,,1,72,,232760,30,,,1,32,,232761,30,,,1,70,,232762,30,,,1,30,,232763,30,,,1,70,,232764,30,,,1,30,,232765,30,,,1,70,,232766,30,,,1,25,,232767,30,,,1,66,,232768,30,,,1,30,,232769,30,,,1,70,,232770,30,,,1,30,,232771,30,,,1,70,,232772,30,,,1,30,,232773,30,,,1
71700,'717-Weekday-3-26-09-1111100',524,,275368,30,,,1,30,,275369,30,,,1,70,,275402,30,,,1,17,,275370,30,,,1,59,,275404,30,,,1,15,,275371,30,,,1,15,,275372,30,,,1,15,,275373,30,,,1,55,,275405,30,,,1,15,,275374,30,,,1,15,,275375,30,,,1,15,,275376,30,,,1,57,,275406,30,,,1,22,,275403,30,,,1,27,,275377,30,,,1,70,,275378,30,,,1,30,,275379,30,,,1,70,,275380,30,,,1,30,,275381,30,,,1,70,,275382,30,,,1,30,,275383,30,,,1,70,,275384,30,,,1,30,,275385,30,,,1,70,,275386,30,,,1,30,,275387,30,,,1,72,,275388,30,,,1,32,,275389,30,,,1,70,,275390,30,,,1,30,,275391,30,,,1,70,,275392,30,,,1,30,,275393,30,,,1,70,,275394,30,,,1,25,,275395,30,,,1,66,,275396,30,,,1,30,,275397,30,,,1,70,,275398,30,,,1,30,,275399,30,,,1,70,,275400,30,,,1,30,,275401,30,,,1
71700,'717-Weekday-4-26-09-1111100',524,,232782,30,,,1,30,,232783,30,,,1,70,,232816,30,,,1,17,,232784,30,,,1,59,,232818,30,,,1,15,,232785,30,,,1,15,,232786,30,,,1,15,,232787,30,,,1,55,,232819,30,,,1,15,,232788,30,,,1,15,,232789,30,,,1,15,,232790,30,,,1,57,,232820,30,,,1,22,,232817,30,,,1,27,,232791,30,,,1,70,,232792,30,,,1,30,,232793,30,,,1,70,,232794,30,,,1,30,,232795,30,,,1,70,,232796,30,,,1,30,,232797,30,,,1,70,,232798,30,,,1,30,,232799,30,,,1,70,,232800,30,,,1,30,,232801,30,,,1,72,,232802,30,,,1,32,,232803,30,,,1,70,,232804,30,,,1,30,,232805,30,,,1,70,,232806,30,,,1,30,,232807,30,,,1,70,,232808,30,,,1,25,,232809,30,,,1,66,,232810,30,,,1,30,,232811,30,,,1,70,,232812,30,,,1,30,,232813,30,,,1,70,,232814,30,,,1,30,,232815,30,,,1
71700,'717-Weekday-5-26-09-1111100',524,,275407,30,,,1,30,,275408,30,,,1,70,,275441,30,,,1,17,,275409,30,,,1,59,,275443,30,,,1,15,,275410,30,,,1,15,,275411,30,,,1,15,,275412,30,,,1,55,,275444,30,,,1,15,,275413,30,,,1,15,,275414,30,,,1,15,,275415,30,,,1,57,,275445,30,,,1,22,,275442,30,,,1,27,,275416,30,,,1,70,,275417,30,,,1,30,,275418,30,,,1,70,,275419,30,,,1,30,,275420,30,,,1,70,,275421,30,,,1,30,,275422,30,,,1,70,,275423,30,,,1,30,,275424,30,,,1,70,,275425,30,,,1,30,,275426,30,,,1,72,,275427,30,,,1,32,,275428,30,,,1,70,,275429,30,,,1,30,,275430,30,,,1,70,,275431,30,,,1,30,,275432,30,,,1,70,,275433,30,,,1,25,,275434,30,,,1,66,,275435,30,,,1,30,,275436,30,,,1,70,,275437,30,,,1,30,,275438,30,,,1,70,,275439,30,,,1,30,,275440,30,,,1
71700,'717-Weekday-6-26-09-1111100',524,,275446,30,,,1,30,,275447,30,,,1,70,,275480,30,,,1,17,,275448,30,,,1,59,,275482,30,,,1,15,,275449,30,,,1,15,,275450,30,,,1,15,,275451,30,,,1,55,,275483,30,,,1,15,,275452,30,,,1,15,,275453,30,,,1,15,,275454,30,,,1,57,,275484,30,,,1,22,,275481,30,,,1,27,,275455,30,,,1,70,,275456,30,,,1,30,,275457,30,,,1,70,,275458,30,,,1,30,,275459,30,,,1,70,,275460,30,,,1,30,,275461,30,,,1,70,,275462,30,,,1,30,,275463,30,,,1,70,,275464,30,,,1,30,,275465,30,,,1,72,,275466,30,,,1,32,,275467,30,,,1,70,,275468,30,,,1,30,,275469,30,,,1,70,,275470,30,,,1,30,,275471,30,,,1,70,,275472,30,,,1,25,,275473,30,,,1,66,,275474,30,,,1,30,,275475,30,,,1,70,,275476,30,,,1,30,,275477,30,,,1,70,,275478,30,,,1,30,,275479,30,,,1
71700,'717-Weekday-7-26-09-1111100',524,,275488,30,,,1,30,,275489,30,,,1,70,,275522,30,,,1,17,,275490,30,,,1,59,,275524,30,,,1,15,,275491,30,,,1,15,,275492,30,,,1,15,,275493,30,,,1,55,,275525,30,,,1,15,,275494,30,,,1,15,,275495,30,,,1,15,,275496,30,,,1,57,,275526,30,,,1,22,,275523,30,,,1,27,,275497,30,,,1,70,,275498,30,,,1,30,,275499,30,,,1,70,,275500,30,,,1,30,,275501,30,,,1,70,,275502,30,,,1,30,,275503,30,,,1,70,,275504,30,,,1,30,,275505,30,,,1,70,,275506,30,,,1,30,,275507,30,,,1,72,,275508,30,,,1,32,,275509,30,,,1,70,,275510,30,,,1,30,,275511,30,,,1,70,,275512,30,,,1,30,,275513,30,,,1,70,,275514,30,,,1,25,,275515,30,,,1,66,,275516,30,,,1,30,,275517,30,,,1,70,,275518,30,,,1,30,,275519,30,,,1,70,,275520,30,,,1,30,,275521,30,,,1
71700,'717-Saturday-1-26-09-0000010',850,,232821,30,,,1,70,,232822,30,,,1,30,,232823,30,,,1,70,,232824,30,,,1,30,,232825,30,,,1,70,,232826,30,,,1,30,,232827,30,,,1,70,,232828,30,,,1,30,,232829,30,,,1,70,,232830,30,,,1,30,,232831,30,,,1,70,,232832,30,,,1,30,,232833,30,,,1,70,,232834,30,,,1,30,,232835,30,,,1,70,,232836,30,,,1,30,,232837,30,,,1,71,,232838,30,,,1,30,,232839,30,,,1,70,,232840,30,,,1,30,,232841,30,,,1,70,,232842,30,,,1
71700,'717-Sunday-1-26-09-0000001',1051,,232843,30,,,1,70,,232844,30,,,1,30,,232845,30,,,1,70,,232846,30,,,1,30,,232847,30,,,1,70,,232848,30,,,1,30,,232849,30,,,1,70,,232850,30,,,1,30,,232851,30,,,1,70,,232852,30,,,1,30,,232854,30,,,1,70,,232855,30,,,1,30,,232856,30,,,1,71,,232853,30,,,1,31,,232857,30,,,1,70,,232858,30,,,1,30,,232859,30,,,1,70,,232860,30,,,1
