66900,'669-Weekday-1-26-09-1111100',740,,273955,15,,,1,4,,273956,15,,,1
66900,'669-Weekday-4-26-09-1111100',740,,273957,15,,,1,4,,273958,15,,,1
66900,'669-Weekday-7-26-09-1111100',740,,273959,15,,,1,4,,273960,15,,,1
71801,'718-Weekday-1-26-09-1111100',538,,284620,9,,,1,75,,284621,9,,,1,32,,284619,9,,,1,60,,284622,9,,,1,17,,284658,5,,,1,2,,284659,5,,,1,1,,284623,9,,,1,22,,284624,9,,,1,60,,284625,9,,,1,20,,284626,9,,,1,19,,284627,9,,,1,61,,284628,9,,,1,26,,284629,9,,,1,69,,284630,9,,,1,30,,284631,9,,,1,70,,284632,9,,,1,30,,284633,9,,,1,70,,284634,9,,,1,30,,284635,9,,,1,70,,284636,9,,,1,30,,284637,9,,,1,70,,284638,9,,,1,30,,284639,9,,,1,71,,284640,9,,,1,30,,284641,9,,,1,14,,284642,9,,,1,59,,284643,9,,,1,21,,284644,9,,,1,20,,284645,9,,,1,60,,284646,9,,,1,20,,284647,9,,,1,16,,284648,9,,,1,59,,284649,9,,,1,25,,284650,9,,,1,25,,284651,9,,,1,72,,284652,9,,,1,31,,284653,9,,,1,70,,284654,9,,,1,30,,284655,9,,,1,70,,284656,9,,,1,30,,284657,9,,,1
71801,'718-Weekday-2-26-09-1111100',538,,284661,9,,,1,75,,284662,9,,,1,32,,284660,9,,,1,60,,284663,9,,,1,17,,284699,5,,,1,2,,284700,5,,,1,1,,284664,9,,,1,22,,284665,9,,,1,60,,284666,9,,,1,20,,284667,9,,,1,19,,284668,9,,,1,61,,284669,9,,,1,26,,284670,9,,,1,69,,284671,9,,,1,30,,284672,9,,,1,70,,284673,9,,,1,30,,284674,9,,,1,70,,284675,9,,,1,30,,284676,9,,,1,70,,284677,9,,,1,30,,284678,9,,,1,70,,284679,9,,,1,30,,284680,9,,,1,71,,284681,9,,,1,30,,284682,9,,,1,14,,284683,9,,,1,59,,284684,9,,,1,21,,284685,9,,,1,20,,284686,9,,,1,60,,284687,9,,,1,20,,284688,9,,,1,16,,284689,9,,,1,59,,284690,9,,,1,25,,284691,9,,,1,25,,284692,9,,,1,72,,284693,9,,,1,31,,284694,9,,,1,70,,284695,9,,,1,30,,284696,9,,,1,70,,284697,9,,,1,30,,284698,9,,,1
71801,'718-Weekday-3-26-09-1111100',538,,284702,9,,,1,75,,284703,9,,,1,32,,284701,9,,,1,60,,284704,9,,,1,20,,284705,9,,,1,22,,284706,9,,,1,60,,284707,9,,,1,20,,284708,9,,,1,19,,284709,9,,,1,61,,284710,9,,,1,26,,284711,9,,,1,69,,284712,9,,,1,30,,284713,9,,,1,70,,284714,9,,,1,30,,284715,9,,,1,70,,284716,9,,,1,30,,284717,9,,,1,70,,284718,9,,,1,30,,284719,9,,,1,70,,284720,9,,,1,30,,284721,9,,,1,71,,284722,9,,,1,30,,284723,9,,,1,14,,284724,9,,,1,59,,284725,9,,,1,21,,284726,9,,,1,20,,284727,9,,,1,60,,284728,9,,,1,20,,284729,9,,,1,16,,284730,9,,,1,59,,284731,9,,,1,25,,284732,9,,,1,25,,284733,9,,,1,72,,284734,9,,,1,31,,284735,9,,,1,70,,284736,9,,,1,30,,284737,9,,,1,70,,284738,9,,,1,30,,284739,9,,,1
71801,'718-Weekday-4-26-09-1111100',538,,284741,9,,,1,75,,284742,9,,,1,32,,284740,9,,,1,60,,284743,9,,,1,20,,284744,9,,,1,22,,284745,9,,,1,60,,284746,9,,,1,20,,284747,9,,,1,19,,284748,9,,,1,61,,284749,9,,,1,26,,284750,9,,,1,69,,284751,9,,,1,30,,284752,9,,,1,70,,284753,9,,,1,30,,284754,9,,,1,70,,284755,9,,,1,30,,284756,9,,,1,70,,284757,9,,,1,30,,284758,9,,,1,70,,284759,9,,,1,30,,284760,9,,,1,71,,284761,9,,,1,30,,284762,9,,,1,14,,284763,9,,,1,59,,284764,9,,,1,21,,284765,9,,,1,20,,284766,9,,,1,60,,284767,9,,,1,20,,284768,9,,,1,16,,284769,9,,,1,59,,284770,9,,,1,25,,284771,9,,,1,25,,284772,9,,,1,72,,284773,9,,,1,31,,284774,9,,,1,70,,284775,9,,,1,30,,284776,9,,,1,70,,284777,9,,,1,30,,284778,9,,,1
71801,'718-Weekday-5-26-09-1111100',538,,284780,9,,,1,75,,284781,9,,,1,32,,284779,9,,,1,60,,284782,9,,,1,20,,284783,9,,,1,22,,284784,9,,,1,60,,284785,9,,,1,20,,284786,9,,,1,19,,284787,9,,,1,61,,284788,9,,,1,26,,284789,9,,,1,69,,284790,9,,,1,30,,284791,9,,,1,70,,284792,9,,,1,30,,284793,9,,,1,70,,284794,9,,,1,30,,284795,9,,,1,70,,284796,9,,,1,30,,284797,9,,,1,70,,284798,9,,,1,30,,284799,9,,,1,71,,284800,9,,,1,30,,284801,9,,,1,14,,284802,9,,,1,59,,284803,9,,,1,21,,284804,9,,,1,20,,284805,9,,,1,60,,284806,9,,,1,20,,284807,9,,,1,16,,284808,9,,,1,59,,284809,9,,,1,25,,284810,9,,,1,25,,284811,9,,,1,72,,284812,9,,,1,31,,284813,9,,,1,70,,284814,9,,,1,30,,284815,9,,,1,70,,284816,9,,,1,30,,284817,9,,,1
71801,'718-Weekday-6-26-09-1111100',538,,284819,9,,,1,75,,284820,9,,,1,32,,284818,9,,,1,60,,284821,9,,,1,17,,284857,5,,,1,2,,284858,5,,,1,1,,284822,9,,,1,22,,284823,9,,,1,60,,284824,9,,,1,20,,284825,9,,,1,19,,284826,9,,,1,61,,284827,9,,,1,26,,284828,9,,,1,69,,284829,9,,,1,30,,284830,9,,,1,70,,284831,9,,,1,30,,284832,9,,,1,70,,284833,9,,,1,30,,284834,9,,,1,70,,284835,9,,,1,30,,284836,9,,,1,70,,284837,9,,,1,30,,284838,9,,,1,71,,284839,9,,,1,30,,284840,9,,,1,14,,284841,9,,,1,59,,284842,9,,,1,21,,284843,9,,,1,20,,284844,9,,,1,60,,284845,9,,,1,20,,284846,9,,,1,16,,284847,9,,,1,59,,284848,9,,,1,25,,284849,9,,,1,25,,284850,9,,,1,72,,284851,9,,,1,31,,284852,9,,,1,70,,284853,9,,,1,30,,284854,9,,,1,70,,284855,9,,,1,30,,284856,9,,,1
71801,'718-Weekday-7-26-09-1111100',538,,284860,9,,,1,75,,284861,9,,,1,32,,284859,9,,,1,60,,284862,9,,,1,20,,284863,9,,,1,22,,284864,9,,,1,60,,284865,9,,,1,20,,284866,9,,,1,19,,284867,9,,,1,61,,284868,9,,,1,26,,284869,9,,,1,69,,284870,9,,,1,30,,284871,9,,,1,70,,284872,9,,,1,30,,284873,9,,,1,70,,284874,9,,,1,30,,284875,9,,,1,70,,284876,9,,,1,30,,284877,9,,,1,70,,284878,9,,,1,30,,284879,9,,,1,71,,284880,9,,,1,30,,284881,9,,,1,14,,284882,9,,,1,59,,284883,9,,,1,21,,284884,9,,,1,20,,284885,9,,,1,60,,284886,9,,,1,20,,284887,9,,,1,16,,284888,9,,,1,59,,284889,9,,,1,25,,284890,9,,,1,25,,284891,9,,,1,72,,284892,9,,,1,31,,284893,9,,,1,70,,284894,9,,,1,30,,284895,9,,,1,70,,284896,9,,,1,30,,284897,9,,,1
71801,'718-Saturday-1-26-09-0000010',800,,284922,9,,,1,30,,284898,9,,,1,70,,284899,9,,,1,35,,284900,9,,,1,72,,284901,9,,,1,30,,284902,9,,,1,70,,284903,9,,,1,34,,284904,9,,,1,70,,284905,9,,,1,30,,284906,9,,,1,70,,284907,9,,,1,26,,284908,9,,,1,70,,284909,9,,,1,30,,284910,9,,,1,70,,284911,9,,,1,30,,284912,9,,,1,70,,284913,9,,,1,30,,284914,9,,,1,70,,284915,9,,,1,29,,284916,9,,,1,70,,284917,9,,,1,30,,284918,9,,,1,70,,284919,9,,,1,100,,284920,9,,,1,100,,284921,9,,,1
71801,'718-Sunday-1-26-09-0000001',842,,284923,9,,,1,71,,284924,9,,,1,35,,284925,9,,,1,70,,284926,9,,,1,30,,284927,9,,,1,70,,284928,9,,,1,30,,284929,9,,,1,70,,284930,9,,,1,30,,284931,9,,,1,70,,284932,9,,,1,30,,284933,9,,,1,70,,284934,9,,,1,30,,284935,9,,,1,70,,284936,9,,,1,30,,284937,9,,,1,70,,284938,9,,,1,30,,284939,9,,,1,70,,284940,9,,,1,30,,284941,9,,,1,70,,284942,9,,,1,30,,284943,9,,,1,70,,284944,9,,,1,100,,284945,9,,,1,100,,284946,9,,,1
