401,'004-Weekday-1-26-06-1111100',456,,162473,21,,,1,55,,162379,21,,,1,15,,162380,21,,,1,15,,162381,21,,,1,16,,162382,21,,,1,55,,162383,21,,,1,16,,162420,21,,,1,19,,162419,21,,,1,53,,162418,21,,,1,12,,162470,21,,,1,12,,162471,21,,,1,12,,162463,21,,,1,12,,162464,21,,,1,52,,162465,21,,,1,12,,162466,21,,,1,12,,162467,21,,,1,12,,162468,21,,,1,12,,162469,21,,,1,52,,162417,21,,,1,11,,162453,21,,,1,12,,162416,21,,,1,12,,162415,21,,,1,12,,162449,21,,,1,12,,162450,21,,,1,52,,162384,21,,,1,12,,162385,21,,,1,12,,162386,21,,,1,12,,162387,21,,,1,53,,162388,21,,,1,13,,162389,21,,,1,12,,162390,21,,,1,12,,162391,21,,,1,12,,162392,21,,,1,52,,162393,21,,,1,12,,162394,21,,,1,12,,162395,21,,,1,12,,162421,21,,,1,12,,162422,21,,,1,52,,162423,21,,,1,12,,162424,21,,,1,12,,162425,21,,,1,12,,162457,21,,,1,12,,162458,21,,,1,52,,162459,21,,,1,12,,162460,21,,,1,12,,162461,21,,,1,12,,162462,21,,,1,12,,162456,21,,,1,52,,162426,21,,,1,14,,162472,21,,,1,9,,162427,21,,,1,8,,162428,21,,,1,10,,162429,21,,,1,10,,162430,21,,,1,50,,162431,21,,,1,10,,162432,21,,,1,10,,162433,21,,,1,10,,162434,21,,,1,10,,162435,21,,,1,10,,162436,21,,,1,50,,162437,21,,,1,10,,162438,21,,,1,10,,162439,21,,,1,10,,162440,21,,,1,10,,162454,21,,,1,15,,162455,21,,,1,53,,162441,21,,,1,15,,162442,21,,,1,13,,162443,21,,,1,12,,162444,21,,,1,55,,162445,21,,,1,15,,162446,21,,,1,15,,162447,21,,,1,15,,162448,21,,,1,55,,162451,21,,,1,15,,162452,21,,,1,15,,162396,21,,,1,15,,162397,21,,,1,55,,162399,21,,,1,15,,162400,21,,,1,15,,162401,21,,,1,15,,162398,21,,,1,55,,162402,21,,,1,14,,162403,21,,,1,20,,162404,21,,,1,20,,162405,21,,,1,60,,162406,21,,,1,20,,162407,21,,,1,19,,162408,21,,,1,59,,162409,21,,,1,29,,162410,21,,,1,70,,162411,21,,,1,30,,162412,21,,,1,70,,162413,21,,,1,30,,162414,21,,,1
401,'004-Weekday-2-26-06-1111100',456,,189692,21,,,1,55,,189598,21,,,1,15,,189599,21,,,1,15,,189600,21,,,1,16,,189601,21,,,1,55,,189602,21,,,1,16,,189639,21,,,1,19,,189638,21,,,1,53,,189637,21,,,1,12,,189689,21,,,1,12,,189690,21,,,1,12,,189682,21,,,1,12,,189683,21,,,1,52,,189684,21,,,1,12,,189685,21,,,1,12,,189686,21,,,1,12,,189687,21,,,1,12,,189688,21,,,1,52,,189636,21,,,1,11,,189672,21,,,1,12,,189635,21,,,1,12,,189634,21,,,1,12,,189668,21,,,1,12,,189669,21,,,1,52,,189603,21,,,1,12,,189604,21,,,1,12,,189605,21,,,1,12,,189606,21,,,1,53,,189607,21,,,1,13,,189608,21,,,1,12,,189609,21,,,1,12,,189610,21,,,1,12,,189611,21,,,1,52,,189612,21,,,1,12,,189613,21,,,1,12,,189614,21,,,1,12,,189640,21,,,1,12,,189641,21,,,1,52,,189642,21,,,1,12,,189643,21,,,1,12,,189644,21,,,1,12,,189676,21,,,1,12,,189677,21,,,1,52,,189678,21,,,1,12,,189679,21,,,1,12,,189680,21,,,1,12,,189681,21,,,1,12,,189675,21,,,1,52,,189645,21,,,1,14,,189691,21,,,1,9,,189646,21,,,1,8,,189647,21,,,1,10,,189648,21,,,1,10,,189649,21,,,1,50,,189650,21,,,1,10,,189651,21,,,1,10,,189652,21,,,1,10,,189653,21,,,1,10,,189654,21,,,1,10,,189655,21,,,1,50,,189656,21,,,1,10,,189657,21,,,1,10,,189658,21,,,1,10,,189659,21,,,1,10,,189673,21,,,1,15,,189674,21,,,1,53,,189660,21,,,1,15,,189661,21,,,1,13,,189662,21,,,1,12,,189663,21,,,1,55,,189664,21,,,1,15,,189665,21,,,1,15,,189666,21,,,1,15,,189667,21,,,1,55,,189670,21,,,1,15,,189671,21,,,1,15,,189615,21,,,1,15,,189616,21,,,1,55,,189618,21,,,1,15,,189619,21,,,1,15,,189620,21,,,1,15,,189617,21,,,1,55,,189621,21,,,1,14,,189622,21,,,1,20,,189623,21,,,1,20,,189624,21,,,1,60,,189625,21,,,1,20,,189626,21,,,1,19,,189627,21,,,1,59,,189628,21,,,1,29,,189629,21,,,1,70,,189630,21,,,1,30,,189631,21,,,1,70,,189632,21,,,1,30,,189633,21,,,1
401,'004-Saturday-1-26-06-0000010',531,,162475,21,,,1,20,,162476,21,,,1,60,,162477,21,,,1,20,,162478,21,,,1,20,,162479,21,,,1,60,,162480,21,,,1,20,,162481,21,,,1,20,,162482,21,,,1,60,,162483,21,,,1,15,,162484,21,,,1,15,,162485,21,,,1,16,,162486,21,,,1,61,,162487,21,,,1,15,,162488,21,,,1,15,,162489,21,,,1,55,,162490,21,,,1,15,,162491,21,,,1,15,,162492,21,,,1,15,,162494,21,,,1,55,,162493,21,,,1,15,,162496,21,,,1,15,,162497,21,,,1,15,,162499,21,,,1,55,,162500,21,,,1,15,,162502,21,,,1,15,,162504,21,,,1,15,,162506,21,,,1,55,,162508,21,,,1,15,,162510,21,,,1,15,,162512,21,,,1,15,,162514,21,,,1,55,,162516,21,,,1,15,,162518,21,,,1,15,,162520,21,,,1,15,,162522,21,,,1,55,,162525,21,,,1,15,,162527,21,,,1,15,,162528,21,,,1,15,,162531,21,,,1,55,,162533,21,,,1,15,,162534,21,,,1,15,,162536,21,,,1,15,,162538,21,,,1,55,,162540,21,,,1,15,,162542,21,,,1,16,,162544,21,,,1,15,,162546,21,,,1,55,,162474,21,,,1,15,,162548,21,,,1,16,,162550,21,,,1,15,,162552,21,,,1,55,,162554,21,,,1,15,,162556,21,,,1,15,,162558,21,,,1,15,,162560,21,,,1,55,,162562,21,,,1,16,,162563,21,,,1,15,,162564,21,,,1,15,,162565,21,,,1,55,,162566,21,,,1,15,,162567,21,,,1,15,,162568,21,,,1,15,,162569,21,,,1,55,,162570,21,,,1,15,,162571,21,,,1,18,,162572,21,,,1,20,,162573,21,,,1,60,,162574,21,,,1,20,,162575,21,,,1,19,,162576,21,,,1,59,,162577,21,,,1,20,,162578,21,,,1,70,,162579,21,,,1,30,,162584,21,,,1,70,,162580,21,,,1,30,,162581,21,,,1,70,,162582,21,,,1
401,'004-Saturday-2-26-06-0000010',531,,205060,21,,,1,20,,205061,21,,,1,60,,205062,21,,,1,20,,205063,21,,,1,20,,205064,21,,,1,60,,205065,21,,,1,20,,205066,21,,,1,20,,205067,21,,,1,60,,205068,21,,,1,15,,205069,21,,,1,15,,205070,21,,,1,16,,205071,21,,,1,61,,205072,21,,,1,15,,205073,21,,,1,15,,205074,21,,,1,55,,205075,21,,,1,15,,205076,21,,,1,15,,205077,21,,,1,15,,205079,21,,,1,55,,205078,21,,,1,15,,205081,21,,,1,15,,205082,21,,,1,15,,205084,21,,,1,55,,205085,21,,,1,15,,205087,21,,,1,15,,205089,21,,,1,15,,205091,21,,,1,55,,205093,21,,,1,15,,205095,21,,,1,15,,205097,21,,,1,15,,205099,21,,,1,55,,205101,21,,,1,15,,205103,21,,,1,15,,205105,21,,,1,15,,205107,21,,,1,55,,205110,21,,,1,15,,205112,21,,,1,15,,205113,21,,,1,15,,205116,21,,,1,55,,205118,21,,,1,15,,205119,21,,,1,15,,205121,21,,,1,15,,205123,21,,,1,55,,205125,21,,,1,15,,205127,21,,,1,16,,205129,21,,,1,15,,205131,21,,,1,55,,205059,21,,,1,15,,205133,21,,,1,16,,205135,21,,,1,15,,205137,21,,,1,55,,205139,21,,,1,15,,205141,21,,,1,15,,205143,21,,,1,15,,205145,21,,,1,55,,205147,21,,,1,16,,205148,21,,,1,15,,205149,21,,,1,15,,205150,21,,,1,55,,205151,21,,,1,15,,205152,21,,,1,15,,205153,21,,,1,15,,205154,21,,,1,55,,205155,21,,,1,15,,205156,21,,,1,18,,205157,21,,,1,20,,205158,21,,,1,60,,205159,21,,,1,20,,205160,21,,,1,19,,205161,21,,,1,59,,205162,21,,,1,20,,205163,21,,,1,70,,205164,21,,,1,30,,205169,21,,,1,70,,205165,21,,,1,30,,205166,21,,,1,70,,205167,21,,,1
401,'004-Sunday-2-26-06-0000001',542,,189693,21,,,1,60,,189694,21,,,1,20,,189695,21,,,1,20,,189696,21,,,1,60,,189697,21,,,1,20,,189698,21,,,1,20,,189699,21,,,1,60,,189700,21,,,1,20,,189701,21,,,1,20,,189702,21,,,1,61,,189703,21,,,1,21,,189704,21,,,1,20,,189705,21,,,1,15,,189706,21,,,1,55,,189766,21,,,1,15,,189707,21,,,1,15,,189708,21,,,1,15,,189709,21,,,1,55,,189710,21,,,1,15,,189711,21,,,1,15,,189712,21,,,1,15,,189713,21,,,1,55,,189714,21,,,1,15,,189715,21,,,1,15,,189716,21,,,1,15,,189717,21,,,1,55,,189718,21,,,1,15,,189719,21,,,1,15,,189720,21,,,1,15,,189721,21,,,1,55,,189722,21,,,1,15,,189723,21,,,1,15,,189724,21,,,1,15,,189725,21,,,1,55,,189726,21,,,1,15,,189727,21,,,1,15,,189728,21,,,1,15,,189729,21,,,1,55,,189730,21,,,1,15,,189731,21,,,1,11,,189732,21,,,1,15,,189733,21,,,1,54,,189734,21,,,1,15,,189735,21,,,1,15,,189736,21,,,1,15,,189737,21,,,1,55,,189738,21,,,1,15,,189739,21,,,1,15,,189740,21,,,1,15,,189741,21,,,1,55,,189742,21,,,1,15,,189743,21,,,1,15,,189744,21,,,1,15,,189745,21,,,1,55,,189746,21,,,1,15,,189747,21,,,1,15,,189748,21,,,1,15,,189749,21,,,1,55,,189750,21,,,1,15,,189751,21,,,1,15,,189752,21,,,1,15,,189753,21,,,1,55,,189765,21,,,1,16,,189755,21,,,1,20,,189756,21,,,1,63,,189757,21,,,1,20,,189754,21,,,1,20,,189758,21,,,1,59,,189759,21,,,1,24,,189760,21,,,1,71,,189761,21,,,1,29,,189762,21,,,1,70,,189763,21,,,1,30,,189764,21,,,1,70,,189767,21,,,1
401,'004-Sunday-3-26-06-0000001',542,,205170,21,,,1,60,,205171,21,,,1,20,,205172,21,,,1,20,,205173,21,,,1,60,,205174,21,,,1,20,,205175,21,,,1,20,,205176,21,,,1,60,,205177,21,,,1,20,,205178,21,,,1,20,,205179,21,,,1,61,,205180,21,,,1,21,,205181,21,,,1,20,,205182,21,,,1,15,,205183,21,,,1,55,,205243,21,,,1,15,,205184,21,,,1,15,,205185,21,,,1,15,,205186,21,,,1,55,,205187,21,,,1,15,,205188,21,,,1,15,,205189,21,,,1,15,,205190,21,,,1,55,,205191,21,,,1,15,,205192,21,,,1,15,,205193,21,,,1,15,,205194,21,,,1,55,,205195,21,,,1,15,,205196,21,,,1,15,,205197,21,,,1,15,,205198,21,,,1,55,,205199,21,,,1,15,,205200,21,,,1,15,,205201,21,,,1,15,,205202,21,,,1,55,,205203,21,,,1,15,,205204,21,,,1,15,,205205,21,,,1,15,,205206,21,,,1,55,,205207,21,,,1,15,,205208,21,,,1,11,,205209,21,,,1,15,,205210,21,,,1,54,,205211,21,,,1,15,,205212,21,,,1,15,,205213,21,,,1,15,,205214,21,,,1,55,,205215,21,,,1,15,,205216,21,,,1,15,,205217,21,,,1,15,,205218,21,,,1,55,,205219,21,,,1,15,,205220,21,,,1,15,,205221,21,,,1,15,,205222,21,,,1,55,,205223,21,,,1,15,,205224,21,,,1,15,,205225,21,,,1,15,,205226,21,,,1,55,,205227,21,,,1,15,,205228,21,,,1,15,,205229,21,,,1,15,,205230,21,,,1,55,,205242,21,,,1,16,,205232,21,,,1,20,,205233,21,,,1,63,,205234,21,,,1,20,,205231,21,,,1,20,,205235,21,,,1,59,,205236,21,,,1,24,,205237,21,,,1,71,,205238,21,,,1,29,,205239,21,,,1,70,,205240,21,,,1,30,,205241,21,,,1,70,,205244,21,,,1
401,'004-Sunday-6-26-06-0000001',542,,205245,21,,,1,60,,205246,21,,,1,20,,205247,21,,,1,20,,205248,21,,,1,60,,205249,21,,,1,20,,205250,21,,,1,20,,205251,21,,,1,60,,205252,21,,,1,20,,205253,21,,,1,20,,205254,21,,,1,61,,205255,21,,,1,21,,205256,21,,,1,20,,205257,21,,,1,15,,205258,21,,,1,55,,205318,21,,,1,15,,205259,21,,,1,15,,205260,21,,,1,15,,205261,21,,,1,55,,205262,21,,,1,15,,205263,21,,,1,15,,205264,21,,,1,15,,205265,21,,,1,55,,205266,21,,,1,15,,205267,21,,,1,15,,205268,21,,,1,15,,205269,21,,,1,55,,205270,21,,,1,15,,205271,21,,,1,15,,205272,21,,,1,15,,205273,21,,,1,55,,205274,21,,,1,15,,205275,21,,,1,15,,205276,21,,,1,15,,205277,21,,,1,55,,205278,21,,,1,15,,205279,21,,,1,15,,205280,21,,,1,15,,205281,21,,,1,55,,205282,21,,,1,15,,205283,21,,,1,11,,205284,21,,,1,15,,205285,21,,,1,54,,205286,21,,,1,15,,205287,21,,,1,15,,205288,21,,,1,15,,205289,21,,,1,55,,205290,21,,,1,15,,205291,21,,,1,15,,205292,21,,,1,15,,205293,21,,,1,55,,205294,21,,,1,15,,205295,21,,,1,15,,205296,21,,,1,15,,205297,21,,,1,55,,205298,21,,,1,15,,205299,21,,,1,15,,205300,21,,,1,15,,205301,21,,,1,55,,205302,21,,,1,15,,205303,21,,,1,15,,205304,21,,,1,15,,205305,21,,,1,55,,205317,21,,,1,16,,205307,21,,,1,20,,205308,21,,,1,63,,205309,21,,,1,20,,205306,21,,,1,20,,205310,21,,,1,59,,205311,21,,,1,24,,205312,21,,,1,71,,205313,21,,,1,29,,205314,21,,,1,70,,205315,21,,,1,30,,205316,21,,,1,70,,205319,21,,,1
401,'004-Sunday-7-26-06-0000001',542,,205320,21,,,1,60,,205321,21,,,1,20,,205322,21,,,1,20,,205323,21,,,1,60,,205324,21,,,1,20,,205325,21,,,1,20,,205326,21,,,1,60,,205327,21,,,1,20,,205328,21,,,1,20,,205329,21,,,1,61,,205330,21,,,1,21,,205331,21,,,1,20,,205332,21,,,1,15,,205333,21,,,1,55,,205393,21,,,1,15,,205334,21,,,1,15,,205335,21,,,1,15,,205336,21,,,1,55,,205337,21,,,1,15,,205338,21,,,1,15,,205339,21,,,1,15,,205340,21,,,1,55,,205341,21,,,1,15,,205342,21,,,1,15,,205343,21,,,1,15,,205344,21,,,1,55,,205345,21,,,1,15,,205346,21,,,1,15,,205347,21,,,1,15,,205348,21,,,1,55,,205349,21,,,1,15,,205350,21,,,1,15,,205351,21,,,1,15,,205352,21,,,1,55,,205353,21,,,1,15,,205354,21,,,1,15,,205355,21,,,1,15,,205356,21,,,1,55,,205357,21,,,1,15,,205358,21,,,1,11,,205359,21,,,1,15,,205360,21,,,1,54,,205361,21,,,1,15,,205362,21,,,1,15,,205363,21,,,1,15,,205364,21,,,1,55,,205365,21,,,1,15,,205366,21,,,1,15,,205367,21,,,1,15,,205368,21,,,1,55,,205369,21,,,1,15,,205370,21,,,1,15,,205371,21,,,1,15,,205372,21,,,1,55,,205373,21,,,1,15,,205374,21,,,1,15,,205375,21,,,1,15,,205376,21,,,1,55,,205377,21,,,1,15,,205378,21,,,1,15,,205379,21,,,1,15,,205380,21,,,1,55,,205392,21,,,1,16,,205382,21,,,1,20,,205383,21,,,1,63,,205384,21,,,1,20,,205381,21,,,1,20,,205385,21,,,1,59,,205386,21,,,1,24,,205387,21,,,1,71,,205388,21,,,1,29,,205389,21,,,1,70,,205390,21,,,1,30,,205391,21,,,1,70,,205394,21,,,1
50101,'501-Weekday-1-26-06-1111100',614,,174069,22,,,1,32,,174070,22,,,1,76,,174071,22,,,1,20,,174072,22,,,1,60,,174097,22,,,1,20,,174073,22,,,1,20,,174074,22,,,1,60,,174075,22,,,1,16,,174077,22,,,1,34,,174078,22,,,1,75,,174079,22,,,1,75,,174080,22,,,1,34,,174081,22,,,1,74,,174082,22,,,1,34,,174099,22,,,1,74,,174083,22,,,1,34,,174084,22,,,1,74,,174085,22,,,1,74,,174086,22,,,1,23,,174098,22,,,1,22,,174076,22,,,1,62,,174101,22,,,1,22,,174102,22,,,1,21,,174103,22,,,1,60,,174104,22,,,1,20,,174105,22,,,1,20,,174106,22,,,1,60,,174107,22,,,1,20,,174087,22,,,1,20,,174088,22,,,1,66,,174089,22,,,1,31,,174090,22,,,1,71,,174091,22,,,1,31,,174092,22,,,1,71,,174093,22,,,1,31,,174094,22,,,1,69,,174100,22,,,1,100,,174096,22,,,1,100,,174095,22,,,1
50101,'501-Weekday-2-26-06-1111100',614,,194980,22,,,1,32,,194981,22,,,1,76,,194982,22,,,1,20,,194983,22,,,1,60,,195008,22,,,1,20,,194984,22,,,1,20,,194985,22,,,1,60,,194986,22,,,1,16,,194988,22,,,1,34,,194989,22,,,1,75,,194990,22,,,1,75,,194991,22,,,1,34,,194992,22,,,1,74,,194993,22,,,1,34,,195010,22,,,1,74,,194994,22,,,1,34,,194995,22,,,1,74,,194996,22,,,1,74,,194997,22,,,1,23,,195009,22,,,1,22,,194987,22,,,1,62,,195012,22,,,1,22,,195013,22,,,1,21,,195014,22,,,1,60,,195015,22,,,1,20,,195016,22,,,1,20,,195017,22,,,1,60,,195018,22,,,1,20,,194998,22,,,1,20,,194999,22,,,1,66,,195000,22,,,1,31,,195001,22,,,1,71,,195002,22,,,1,31,,195003,22,,,1,71,,195004,22,,,1,31,,195005,22,,,1,69,,195011,22,,,1,100,,195007,22,,,1,100,,195006,22,,,1
50101,'501-Saturday-1-26-06-0000010',642,,174130,22,,,1,100,,174131,22,,,1,70,,174108,22,,,1,30,,174109,22,,,1,72,,174110,22,,,1,32,,174111,22,,,1,72,,174112,22,,,1,32,,174113,22,,,1,72,,174114,22,,,1,32,,174115,22,,,1,72,,174116,22,,,1,32,,174117,22,,,1,72,,174118,22,,,1,72,,174119,22,,,1,32,,174120,22,,,1,72,,174121,22,,,1,32,,174122,22,,,1,72,,174123,22,,,1,32,,174124,22,,,1,72,,174125,22,,,1,32,,174126,22,,,1,72,,174128,22,,,1,32,,174127,22,,,1,72,,174129,22,,,1
50101,'501-Saturday-2-26-06-0000010',642,,214351,22,,,1,100,,214352,22,,,1,70,,214329,22,,,1,30,,214330,22,,,1,72,,214331,22,,,1,32,,214332,22,,,1,72,,214333,22,,,1,32,,214334,22,,,1,72,,214335,22,,,1,32,,214336,22,,,1,72,,214337,22,,,1,32,,214338,22,,,1,72,,214339,22,,,1,72,,214340,22,,,1,32,,214341,22,,,1,72,,214342,22,,,1,32,,214343,22,,,1,72,,214344,22,,,1,32,,214345,22,,,1,72,,214346,22,,,1,32,,214347,22,,,1,72,,214349,22,,,1,32,,214348,22,,,1,72,,214350,22,,,1
50101,'501-Sunday-2-26-06-0000001',651,,195040,22,,,1,100,,195041,22,,,1,100,,195019,22,,,1,101,,195020,22,,,1,70,,195021,22,,,1,30,,195022,22,,,1,70,,195023,22,,,1,30,,195024,22,,,1,70,,195025,22,,,1,30,,195026,22,,,1,70,,195027,22,,,1,30,,195028,22,,,1,70,,195029,22,,,1,30,,195030,22,,,1,70,,195031,22,,,1,30,,195032,22,,,1,70,,195033,22,,,1,30,,195034,22,,,1,70,,195035,22,,,1,30,,195036,22,,,1,70,,195037,22,,,1,30,,195038,22,,,1,70,,195039,22,,,1
50101,'501-Sunday-3-26-06-0000001',651,,214374,22,,,1,100,,214375,22,,,1,100,,214353,22,,,1,101,,214354,22,,,1,70,,214355,22,,,1,30,,214356,22,,,1,70,,214357,22,,,1,30,,214358,22,,,1,70,,214359,22,,,1,30,,214360,22,,,1,70,,214361,22,,,1,30,,214362,22,,,1,70,,214363,22,,,1,30,,214364,22,,,1,70,,214365,22,,,1,30,,214366,22,,,1,70,,214367,22,,,1,30,,214368,22,,,1,70,,214369,22,,,1,30,,214370,22,,,1,70,,214371,22,,,1,30,,214372,22,,,1,70,,214373,22,,,1
50101,'501-Sunday-6-26-06-0000001',651,,214397,22,,,1,100,,214398,22,,,1,100,,214376,22,,,1,101,,214377,22,,,1,70,,214378,22,,,1,30,,214379,22,,,1,70,,214380,22,,,1,30,,214381,22,,,1,70,,214382,22,,,1,30,,214383,22,,,1,70,,214384,22,,,1,30,,214385,22,,,1,70,,214386,22,,,1,30,,214387,22,,,1,70,,214388,22,,,1,30,,214389,22,,,1,70,,214390,22,,,1,30,,214391,22,,,1,70,,214392,22,,,1,30,,214393,22,,,1,70,,214394,22,,,1,30,,214395,22,,,1,70,,214396,22,,,1
50101,'501-Sunday-7-26-06-0000001',651,,214420,22,,,1,100,,214421,22,,,1,100,,214399,22,,,1,101,,214400,22,,,1,70,,214401,22,,,1,30,,214402,22,,,1,70,,214403,22,,,1,30,,214404,22,,,1,70,,214405,22,,,1,30,,214406,22,,,1,70,,214407,22,,,1,30,,214408,22,,,1,70,,214409,22,,,1,30,,214410,22,,,1,70,,214411,22,,,1,30,,214412,22,,,1,70,,214413,22,,,1,30,,214414,22,,,1,70,,214415,22,,,1,30,,214416,22,,,1,70,,214417,22,,,1,30,,214418,22,,,1,70,,214419,22,,,1
52501,'525-Weekday-1-26-06-1111100',932,,177354,5,,,1,70,,177355,5,,,1,30,,177356,5,,,1,70,,177357,5,,,1,30,,177358,5,,,1,70,,177359,5,,,1,30,,177360,5,,,1,70,,177361,5,,,1,30,,177362,5,,,1,70,,177363,5,,,1,30,,177364,5,,,1,101,,177365,5,,,1,100,,177366,5,,,1,100,,177367,5,,,1
52501,'525-Weekday-2-26-06-1111100',932,,197064,5,,,1,70,,197065,5,,,1,30,,197066,5,,,1,70,,197067,5,,,1,30,,197068,5,,,1,70,,197069,5,,,1,30,,197070,5,,,1,70,,197071,5,,,1,30,,197072,5,,,1,70,,197073,5,,,1,30,,197074,5,,,1,101,,197075,5,,,1,100,,197076,5,,,1,100,,197077,5,,,1
52501,'525-Saturday-1-26-06-0000010',1102,,177368,5,,,1,100,,177369,5,,,1,100,,177370,5,,,1,100,,177371,5,,,1,100,,177372,5,,,1,100,,177373,5,,,1,100,,177374,5,,,1
52501,'525-Saturday-2-26-06-0000010',1102,,217596,5,,,1,100,,217597,5,,,1,100,,217598,5,,,1,100,,217599,5,,,1,100,,217600,5,,,1,100,,217601,5,,,1,100,,217602,5,,,1
52501,'525-Sunday-2-26-06-0000001',1102,,197078,5,,,1,100,,197079,5,,,1,100,,197080,5,,,1,100,,197081,5,,,1,100,,197082,5,,,1,100,,197083,5,,,1
52501,'525-Sunday-3-26-06-0000001',1102,,217603,5,,,1,100,,217604,5,,,1,100,,217605,5,,,1,100,,217606,5,,,1,100,,217607,5,,,1,100,,217608,5,,,1
52501,'525-Sunday-6-26-06-0000001',1102,,217609,5,,,1,100,,217610,5,,,1,100,,217611,5,,,1,100,,217612,5,,,1,100,,217613,5,,,1,100,,217614,5,,,1
52501,'525-Sunday-7-26-06-0000001',1102,,217615,5,,,1,100,,217616,5,,,1,100,,217617,5,,,1,100,,217618,5,,,1,100,,217619,5,,,1,100,,217620,5,,,1
