52100,'521-Weekday-1-26-06-1111100',542,,176815,2,,,1,72,,176848,2,,,1,16,,176856,2,,,1,15,,176816,2,,,1,55,,176819,2,,,1,15,,176817,2,,,1,15,,176818,2,,,1,15,,176820,2,,,1,55,,176821,2,,,1,15,,176822,2,,,1,15,,176823,2,,,1,15,,176849,2,,,1,68,,176850,2,,,1,30,,176834,2,,,1,70,,176824,2,,,1,30,,176825,2,,,1,70,,176826,2,,,1,30,,176827,2,,,1,70,,176828,2,,,1,30,,176829,2,,,1,70,,176830,2,,,1,30,,176831,2,,,1,70,,176832,2,,,1,30,,176833,2,,,1,69,,176851,2,,,1,15,,176835,2,,,1,15,,176836,2,,,1,15,,176837,2,,,1,55,,176838,2,,,1,15,,176839,2,,,1,15,,176840,2,,,1,15,,176841,2,,,1,55,,176842,2,,,1,15,,176843,2,,,1,15,,176844,2,,,1,59,,176858,2,,,1,17,,176859,2,,,1,26,,176857,2,,,1,72,,176847,2,,,1,29,,176845,2,,,1,70,,176852,2,,,1,30,,176853,2,,,1,70,,176854,2,,,1,30,,176855,2,,,1,70,,176846,2,,,1
52100,'521-Weekday-2-26-06-1111100',542,,196686,2,,,1,72,,196719,2,,,1,16,,196727,2,,,1,15,,196687,2,,,1,55,,196690,2,,,1,15,,196688,2,,,1,15,,196689,2,,,1,15,,196691,2,,,1,55,,196692,2,,,1,15,,196693,2,,,1,15,,196694,2,,,1,15,,196720,2,,,1,68,,196721,2,,,1,30,,196705,2,,,1,70,,196695,2,,,1,30,,196696,2,,,1,70,,196697,2,,,1,30,,196698,2,,,1,70,,196699,2,,,1,30,,196700,2,,,1,70,,196701,2,,,1,30,,196702,2,,,1,70,,196703,2,,,1,30,,196704,2,,,1,69,,196722,2,,,1,15,,196706,2,,,1,15,,196707,2,,,1,15,,196708,2,,,1,55,,196709,2,,,1,15,,196710,2,,,1,15,,196711,2,,,1,15,,196712,2,,,1,55,,196713,2,,,1,15,,196714,2,,,1,15,,196715,2,,,1,59,,196729,2,,,1,17,,196730,2,,,1,26,,196728,2,,,1,72,,196718,2,,,1,29,,196716,2,,,1,70,,196723,2,,,1,30,,196724,2,,,1,70,,196725,2,,,1,30,,196726,2,,,1,70,,196717,2,,,1
52100,'521-Saturday-1-26-06-0000010',808,,176879,2,,,1,28,,176880,2,,,1,69,,176881,2,,,1,30,,176882,2,,,1,70,,176860,2,,,1,30,,176861,2,,,1,70,,176862,2,,,1,30,,176863,2,,,1,70,,176864,2,,,1,30,,176865,2,,,1,70,,176866,2,,,1,30,,176867,2,,,1,70,,176868,2,,,1,30,,176869,2,,,1,70,,176870,2,,,1,30,,176871,2,,,1,70,,176873,2,,,1,31,,176874,2,,,1,70,,176875,2,,,1,30,,176872,2,,,1,70,,176876,2,,,1,30,,176877,2,,,1,70,,176878,2,,,1
71301,'713-Weekday-1-26-06-1111100',533,,180232,2,,,1,70,,180233,2,,,1,20,,180234,2,,,1,20,,180235,2,,,1,60,,180236,2,,,1,20,,180237,2,,,1,20,,180238,2,,,1,60,,180239,2,,,1,20,,180240,2,,,1,20,,180271,2,,,1,60,,180241,2,,,1,30,,180242,2,,,1,70,,180243,2,,,1,30,,180244,2,,,1,70,,180245,2,,,1,30,,180246,2,,,1,70,,180247,2,,,1,30,,180248,2,,,1,70,,180249,2,,,1,30,,180250,2,,,1,70,,180251,2,,,1,30,,180252,2,,,1,70,,180253,2,,,1,20,,180254,2,,,1,20,,180255,2,,,1,60,,180256,2,,,1,20,,180257,2,,,1,20,,180258,2,,,1,60,,180259,2,,,1,20,,180260,2,,,1,20,,180261,2,,,1,60,,180262,2,,,1,30,,180263,2,,,1,70,,180264,2,,,1,30,,180265,2,,,1,70,,180266,2,,,1,30,,180267,2,,,1,70,,180268,2,,,1,30,,180269,2,,,1,69,,180270,2,,,1
71301,'713-Weekday-2-26-06-1111100',533,,198621,2,,,1,70,,198622,2,,,1,20,,198623,2,,,1,20,,198624,2,,,1,60,,198625,2,,,1,20,,198626,2,,,1,20,,198627,2,,,1,60,,198628,2,,,1,20,,198629,2,,,1,20,,198660,2,,,1,60,,198630,2,,,1,30,,198631,2,,,1,70,,198632,2,,,1,30,,198633,2,,,1,70,,198634,2,,,1,30,,198635,2,,,1,70,,198636,2,,,1,30,,198637,2,,,1,70,,198638,2,,,1,30,,198639,2,,,1,70,,198640,2,,,1,30,,198641,2,,,1,70,,198642,2,,,1,20,,198643,2,,,1,20,,198644,2,,,1,60,,198645,2,,,1,20,,198646,2,,,1,20,,198647,2,,,1,60,,198648,2,,,1,20,,198649,2,,,1,20,,198650,2,,,1,60,,198651,2,,,1,30,,198652,2,,,1,70,,198653,2,,,1,30,,198654,2,,,1,70,,198655,2,,,1,30,,198656,2,,,1,70,,198657,2,,,1,30,,198658,2,,,1,69,,198659,2,,,1
71301,'713-Saturday-1-26-06-0000010',804,,180272,2,,,1,30,,180273,2,,,1,71,,180274,2,,,1,30,,180275,2,,,1,70,,180276,2,,,1,30,,180277,2,,,1,70,,180278,2,,,1,30,,180279,2,,,1,70,,180280,2,,,1,30,,180281,2,,,1,70,,180282,2,,,1,30,,180283,2,,,1,70,,180284,2,,,1,30,,180285,2,,,1,70,,180286,2,,,1,30,,180287,2,,,1,70,,180288,2,,,1,30,,180289,2,,,1,69,,180290,2,,,1,30,,180291,2,,,1,70,,180292,2,,,1,30,,180293,2,,,1,70,,180294,2,,,1,100,,180295,2,,,1,100,,180296,2,,,1,100,,180297,2,,,1
71801,'718-Weekday-1-26-06-1111100',526,,181065,2,,,1,75,,181066,2,,,1,30,,181064,2,,,1,20,,181067,2,,,1,60,,181068,2,,,1,22,,181069,2,,,1,20,,181070,2,,,1,60,,181071,2,,,1,20,,181072,2,,,1,20,,181073,2,,,1,64,,181074,2,,,1,29,,181075,2,,,1,70,,181076,2,,,1,30,,181077,2,,,1,70,,181078,2,,,1,30,,181079,2,,,1,70,,181080,2,,,1,30,,181081,2,,,1,70,,181082,2,,,1,30,,181083,2,,,1,70,,181084,2,,,1,30,,181085,2,,,1,70,,181086,2,,,1,13,,181087,2,,,1,18,,181088,2,,,1,61,,181089,2,,,1,20,,181090,2,,,1,20,,181091,2,,,1,60,,181092,2,,,1,17,,181093,2,,,1,20,,181094,2,,,1,66,,181095,2,,,1,28,,181096,2,,,1,72,,181097,2,,,1,31,,181098,2,,,1,70,,181099,2,,,1,30,,181100,2,,,1,70,,181101,2,,,1,30,,181102,2,,,1
71801,'718-Weekday-2-26-06-1111100',526,,199123,2,,,1,75,,199124,2,,,1,30,,199122,2,,,1,20,,199125,2,,,1,60,,199126,2,,,1,22,,199127,2,,,1,20,,199128,2,,,1,60,,199129,2,,,1,20,,199130,2,,,1,20,,199131,2,,,1,64,,199132,2,,,1,29,,199133,2,,,1,70,,199134,2,,,1,30,,199135,2,,,1,70,,199136,2,,,1,30,,199137,2,,,1,70,,199138,2,,,1,30,,199139,2,,,1,70,,199140,2,,,1,30,,199141,2,,,1,70,,199142,2,,,1,30,,199143,2,,,1,70,,199144,2,,,1,13,,199145,2,,,1,18,,199146,2,,,1,61,,199147,2,,,1,20,,199148,2,,,1,20,,199149,2,,,1,60,,199150,2,,,1,17,,199151,2,,,1,20,,199152,2,,,1,66,,199153,2,,,1,28,,199154,2,,,1,72,,199155,2,,,1,31,,199156,2,,,1,70,,199157,2,,,1,30,,199158,2,,,1,70,,199159,2,,,1,30,,199160,2,,,1
71801,'718-Saturday-1-26-06-0000010',749,,181127,2,,,1,70,,181103,2,,,1,30,,181104,2,,,1,72,,181105,2,,,1,32,,181106,2,,,1,70,,181107,2,,,1,30,,181108,2,,,1,70,,181109,2,,,1,30,,181110,2,,,1,70,,181111,2,,,1,30,,181112,2,,,1,70,,181113,2,,,1,30,,181114,2,,,1,70,,181115,2,,,1,30,,181116,2,,,1,70,,181117,2,,,1,30,,181118,2,,,1,70,,181119,2,,,1,30,,181120,2,,,1,70,,181121,2,,,1,30,,181122,2,,,1,70,,181123,2,,,1,30,,181124,2,,,1,100,,181125,2,,,1,100,,181126,2,,,1
71901,'719-Weekday-1-26-06-1111100',532,,181313,2,,,1,20,,181363,2,,,1,60,,181314,2,,,1,21,,181364,2,,,1,20,,181315,2,,,1,60,,181365,2,,,1,20,,181316,2,,,1,20,,181366,2,,,1,63,,181369,2,,,1,24,,181317,2,,,1,60,,181318,2,,,1,20,,181319,2,,,1,20,,181320,2,,,1,60,,181321,2,,,1,20,,181322,2,,,1,20,,181323,2,,,1,60,,181324,2,,,1,20,,181325,2,,,1,20,,181326,2,,,1,60,,181327,2,,,1,20,,181328,2,,,1,20,,181329,2,,,1,60,,181330,2,,,1,20,,181331,2,,,1,20,,181332,2,,,1,60,,181333,2,,,1,20,,181334,2,,,1,20,,181335,2,,,1,60,,181336,2,,,1,13,,181356,2,,,1,12,,181338,2,,,1,12,,181361,2,,,1,12,,181340,2,,,1,52,,181368,2,,,1,12,,181367,2,,,1,12,,181359,2,,,1,12,,181342,2,,,1,12,,181360,2,,,1,52,,181345,2,,,1,12,,181357,2,,,1,12,,181347,2,,,1,12,,181362,2,,,1,12,,181349,2,,,1,54,,181350,2,,,1,19,,181351,2,,,1,20,,181352,2,,,1,60,,181353,2,,,1,20,,181354,2,,,1,20,,181355,2,,,1,60,,181348,2,,,1,20,,181346,2,,,1,20,,181344,2,,,1,60,,181343,2,,,1,20,,181358,2,,,1,30,,181341,2,,,1,100,,181339,2,,,1,100,,181337,2,,,1
71901,'719-Weekday-2-26-06-1111100',532,,199280,2,,,1,20,,199330,2,,,1,60,,199281,2,,,1,21,,199331,2,,,1,20,,199282,2,,,1,60,,199332,2,,,1,20,,199283,2,,,1,20,,199333,2,,,1,63,,199336,2,,,1,24,,199284,2,,,1,60,,199285,2,,,1,20,,199286,2,,,1,20,,199287,2,,,1,60,,199288,2,,,1,20,,199289,2,,,1,20,,199290,2,,,1,60,,199291,2,,,1,20,,199292,2,,,1,20,,199293,2,,,1,60,,199294,2,,,1,20,,199295,2,,,1,20,,199296,2,,,1,60,,199297,2,,,1,20,,199298,2,,,1,20,,199299,2,,,1,60,,199300,2,,,1,20,,199301,2,,,1,20,,199302,2,,,1,60,,199303,2,,,1,13,,199323,2,,,1,12,,199305,2,,,1,12,,199328,2,,,1,12,,199307,2,,,1,52,,199335,2,,,1,12,,199334,2,,,1,12,,199326,2,,,1,12,,199309,2,,,1,12,,199327,2,,,1,52,,199312,2,,,1,12,,199324,2,,,1,12,,199314,2,,,1,12,,199329,2,,,1,12,,199316,2,,,1,54,,199317,2,,,1,19,,199318,2,,,1,20,,199319,2,,,1,60,,199320,2,,,1,20,,199321,2,,,1,20,,199322,2,,,1,60,,199315,2,,,1,20,,199313,2,,,1,20,,199311,2,,,1,60,,199310,2,,,1,20,,199325,2,,,1,30,,199308,2,,,1,100,,199306,2,,,1,100,,199304,2,,,1
71901,'719-Saturday-1-26-06-0000010',539,,181383,2,,,1,70,,181386,2,,,1,30,,181381,2,,,1,70,,181384,2,,,1,30,,181387,2,,,1,70,,181401,2,,,1,30,,181371,2,,,1,71,,181391,2,,,1,30,,181373,2,,,1,70,,181372,2,,,1,30,,181389,2,,,1,70,,181374,2,,,1,30,,181390,2,,,1,70,,181388,2,,,1,30,,181385,2,,,1,70,,181402,2,,,1,30,,181399,2,,,1,70,,181404,2,,,1,30,,181403,2,,,1,70,,181400,2,,,1,30,,181398,2,,,1,70,,181393,2,,,1,30,,181395,2,,,1,70,,181397,2,,,1,30,,181396,2,,,1,70,,181394,2,,,1,30,,181376,2,,,1,70,,181377,2,,,1,30,,181378,2,,,1,70,,181392,2,,,1,30,,181379,2,,,1,70,,181375,2,,,1,30,,181380,2,,,1,70,,181370,2,,,1,30,,181406,2,,,1,70,,181405,2,,,1,30,,181382,2,,,1
72101,'721-Weekday-1-26-06-1111100',601,,181666,2,,,1,20,,181667,2,,,1,21,,181668,2,,,1,64,,181669,2,,,1,24,,181670,2,,,1,24,,181671,2,,,1,64,,181672,2,,,1,24,,181673,2,,,1,58,,181725,2,,,1,17,,181674,2,,,1,20,,181675,2,,,1,20,,181676,2,,,1,60,,181677,2,,,1,20,,181678,2,,,1,20,,181679,2,,,1,60,,181680,2,,,1,20,,181681,2,,,1,20,,181682,2,,,1,60,,181683,2,,,1,20,,181684,2,,,1,20,,181685,2,,,1,60,,181686,2,,,1,20,,181687,2,,,1,20,,181688,2,,,1,60,,181689,2,,,1,20,,181690,2,,,1,20,,181691,2,,,1,52,,181692,2,,,1,12,,181693,2,,,1,12,,181694,2,,,1,12,,181695,2,,,1,12,,181696,2,,,1,52,,181697,2,,,1,12,,181698,2,,,1,12,,181699,2,,,1,12,,181700,2,,,1,12,,181701,2,,,1,52,,181702,2,,,1,12,,181703,2,,,1,12,,181704,2,,,1,12,,181705,2,,,1,12,,181706,2,,,1,62,,181707,2,,,1,20,,181708,2,,,1,20,,181709,2,,,1,60,,181710,2,,,1,20,,181711,2,,,1,20,,181712,2,,,1,60,,181713,2,,,1,20,,181714,2,,,1,20,,181715,2,,,1,60,,181716,2,,,1,20,,181717,2,,,1,70,,181718,2,,,1,30,,181719,2,,,1,70,,181720,2,,,1,30,,181721,2,,,1,70,,181722,2,,,1,30,,181723,2,,,1,70,,181724,2,,,1
72101,'721-Weekday-5-26-06-1111100',601,,199459,2,,,1,20,,199460,2,,,1,21,,199461,2,,,1,64,,199462,2,,,1,24,,199463,2,,,1,24,,199464,2,,,1,64,,199465,2,,,1,24,,199466,2,,,1,58,,199518,2,,,1,17,,199467,2,,,1,20,,199468,2,,,1,20,,199469,2,,,1,60,,199470,2,,,1,20,,199471,2,,,1,20,,199472,2,,,1,60,,199473,2,,,1,20,,199474,2,,,1,20,,199475,2,,,1,60,,199476,2,,,1,20,,199477,2,,,1,20,,199478,2,,,1,60,,199479,2,,,1,20,,199480,2,,,1,20,,199481,2,,,1,60,,199482,2,,,1,20,,199483,2,,,1,20,,199484,2,,,1,52,,199485,2,,,1,12,,199486,2,,,1,12,,199487,2,,,1,12,,199488,2,,,1,12,,199489,2,,,1,52,,199490,2,,,1,12,,199491,2,,,1,12,,199492,2,,,1,12,,199493,2,,,1,12,,199494,2,,,1,52,,199495,2,,,1,12,,199496,2,,,1,12,,199497,2,,,1,12,,199498,2,,,1,12,,199499,2,,,1,62,,199500,2,,,1,20,,199501,2,,,1,20,,199502,2,,,1,60,,199503,2,,,1,20,,199504,2,,,1,20,,199505,2,,,1,60,,199506,2,,,1,20,,199507,2,,,1,20,,199508,2,,,1,60,,199509,2,,,1,20,,199510,2,,,1,70,,199511,2,,,1,30,,199512,2,,,1,70,,199513,2,,,1,30,,199514,2,,,1,70,,199515,2,,,1,30,,199516,2,,,1,70,,199517,2,,,1
72101,'721-Saturday-1-26-06-0000010',557,,181793,2,,,1,70,,181790,2,,,1,30,,181797,2,,,1,70,,181800,2,,,1,30,,181803,2,,,1,65,,181787,2,,,1,20,,181788,2,,,1,60,,181807,2,,,1,20,,181808,2,,,1,20,,181809,2,,,1,60,,181810,2,,,1,20,,181811,2,,,1,20,,181812,2,,,1,60,,181813,2,,,1,20,,181814,2,,,1,20,,181815,2,,,1,60,,181816,2,,,1,20,,181817,2,,,1,20,,181818,2,,,1,60,,181819,2,,,1,20,,181820,2,,,1,20,,181821,2,,,1,60,,181822,2,,,1,20,,181823,2,,,1,20,,181824,2,,,1,60,,181825,2,,,1,20,,181826,2,,,1,20,,181827,2,,,1,60,,181828,2,,,1,20,,181829,2,,,1,20,,181830,2,,,1,60,,181831,2,,,1,20,,181832,2,,,1,20,,181833,2,,,1,60,,181834,2,,,1,20,,181805,2,,,1,20,,181806,2,,,1,70,,181792,2,,,1,30,,181802,2,,,1,70,,181804,2,,,1,30,,181796,2,,,1,70,,181789,2,,,1,30,,181795,2,,,1,70,,181801,2,,,1,30,,181794,2,,,1,70,,181799,2,,,1,30,,181791,2,,,1,70,,181798,2,,,1
72201,'722-Weekday-1-26-06-1111100',553,,182043,2,0,25,1,60,,182044,2,0,25,1,21,,182045,2,0,25,1,24,,182046,2,0,25,1,64,,182047,2,0,25,1,24,,182048,2,0,25,1,64,,182049,2,0,25,1,24,,182050,2,0,25,1,19,,182095,2,0,25,1,58,,182096,2,0,25,1,20,,182097,2,0,25,1,20,,182051,2,0,25,1,60,,182052,2,0,25,1,20,,182053,2,0,25,1,20,,182054,2,0,25,1,60,,182055,2,0,25,1,20,,182056,2,0,25,1,20,,182057,2,0,25,1,60,,182058,2,0,25,1,20,,182059,2,0,25,1,20,,182060,2,0,25,1,60,,182061,2,0,25,1,20,,182062,2,0,25,1,20,,182063,2,0,25,1,60,,182064,2,0,25,1,20,,182065,2,0,25,1,20,,182098,2,0,25,1,52,,182086,2,,,1,12,,182066,2,0,25,1,13,,182087,2,,,1,12,,182099,2,0,25,1,12,,182088,2,,,1,52,,182100,2,0,25,1,12,,182089,2,,,1,12,,182067,2,0,25,1,12,,182090,2,,,1,12,,182068,2,0,25,1,52,,182091,2,,,1,12,,182069,2,0,25,1,11,,182092,2,,,1,12,,182094,2,0,25,1,12,,182101,2,,,1,59,,182070,2,0,25,1,20,,182071,2,0,25,1,20,,182072,2,0,25,1,60,,182073,2,0,25,1,20,,182074,2,0,25,1,20,,182075,2,0,25,1,60,,182076,2,0,25,1,20,,182077,2,0,25,1,20,,182078,2,0,25,1,60,,182079,2,0,25,1,20,,182080,2,0,25,1,20,,182081,2,0,25,1,70,,182082,2,0,25,1,30,,182083,2,0,25,1,70,,182084,2,0,25,1,30,,182085,2,0,25,1,70,,182093,2,,,1
72201,'722-Weekday-2-26-06-1111100',553,,199644,2,0,25,1,60,,199645,2,0,25,1,21,,199646,2,0,25,1,24,,199647,2,0,25,1,64,,199648,2,0,25,1,24,,199649,2,0,25,1,64,,199650,2,0,25,1,24,,199651,2,0,25,1,19,,199696,2,0,25,1,58,,199697,2,0,25,1,20,,199698,2,0,25,1,20,,199652,2,0,25,1,60,,199653,2,0,25,1,20,,199654,2,0,25,1,20,,199655,2,0,25,1,60,,199656,2,0,25,1,20,,199657,2,0,25,1,20,,199658,2,0,25,1,60,,199659,2,0,25,1,20,,199660,2,0,25,1,20,,199661,2,0,25,1,60,,199662,2,0,25,1,20,,199663,2,0,25,1,20,,199664,2,0,25,1,60,,199665,2,0,25,1,20,,199666,2,0,25,1,20,,199699,2,0,25,1,52,,199687,2,,,1,12,,199667,2,0,25,1,13,,199688,2,,,1,12,,199700,2,0,25,1,12,,199689,2,,,1,52,,199701,2,0,25,1,12,,199690,2,,,1,12,,199668,2,0,25,1,12,,199691,2,,,1,12,,199669,2,0,25,1,52,,199692,2,,,1,12,,199670,2,0,25,1,11,,199693,2,,,1,12,,199695,2,0,25,1,12,,199702,2,,,1,59,,199671,2,0,25,1,20,,199672,2,0,25,1,20,,199673,2,0,25,1,60,,199674,2,0,25,1,20,,199675,2,0,25,1,20,,199676,2,0,25,1,60,,199677,2,0,25,1,20,,199678,2,0,25,1,20,,199679,2,0,25,1,60,,199680,2,0,25,1,20,,199681,2,0,25,1,20,,199682,2,0,25,1,70,,199683,2,0,25,1,30,,199684,2,0,25,1,70,,199685,2,0,25,1,30,,199686,2,0,25,1,70,,199694,2,,,1
72201,'722-Saturday-1-26-06-0000010',614,,182104,2,0,25,1,30,,182148,2,0,25,1,70,,182107,2,0,25,1,30,,182109,2,0,25,1,70,,182126,2,0,25,1,20,,182123,2,0,25,1,20,,182106,2,0,25,1,59,,182145,2,0,25,1,20,,182102,2,0,25,1,20,,182140,2,0,25,1,60,,182124,2,0,25,1,20,,182127,2,0,25,1,20,,182146,2,0,25,1,60,,182125,2,0,25,1,20,,182103,2,0,25,1,20,,182115,2,0,25,1,60,,182114,2,0,25,1,20,,182113,2,0,25,1,20,,182116,2,0,25,1,60,,182108,2,0,25,1,20,,182131,2,0,25,1,20,,182121,2,0,25,1,60,,182117,2,0,25,1,20,,182105,2,0,25,1,20,,182119,2,0,25,1,60,,182147,2,0,25,1,20,,182137,2,0,25,1,20,,182143,2,0,25,1,60,,182128,2,0,25,1,20,,182139,2,0,25,1,20,,182133,2,0,25,1,61,,182112,2,0,25,1,20,,182130,2,0,25,1,20,,182118,2,0,25,1,60,,182132,2,0,25,1,20,,182144,2,0,25,1,20,,182135,2,0,25,1,60,,182129,2,0,25,1,30,,182120,2,0,25,1,70,,182122,2,0,25,1,30,,182136,2,0,25,1,70,,182141,2,0,25,1,30,,182110,2,0,25,1,70,,182138,2,0,25,1,30,,182111,2,0,25,1,70,,182142,2,0,25,1,30,,182134,2,0,25,1,70,,182149,2,,,1,30,,182150,2,,,1
72901,'729-Weekday-1-26-06-1111100',530,,182353,2,,,1,70,,182354,2,,,1,20,,182355,2,,,1,20,,182356,2,,,1,60,,182357,2,,,1,20,,182358,2,,,1,20,,182359,2,,,1,60,,182360,2,,,1,20,,182351,2,,,1,20,,182352,2,,,1,60,,182339,2,,,1,30,,182340,2,,,1,70,,182341,2,,,1,30,,182342,2,,,1,70,,182343,2,,,1,30,,182344,2,,,1,70,,182338,2,,,1,30,,182345,2,,,1,70,,182346,2,,,1,30,,182347,2,,,1,70,,182348,2,,,1,30,,182349,2,,,1,25,,182350,2,,,1,60,,182361,2,,,1,20,,182362,2,,,1,20,,182363,2,,,1,60,,182364,2,,,1,20,,182365,2,,,1,20,,182366,2,,,1,60,,182367,2,,,1,20,,182368,2,,,1,19,,182369,2,,,1,70,,182370,2,,,1,30,,182371,2,,,1,70,,182372,2,,,1,30,,182373,2,,,1,70,,182374,2,,,1,30,,182375,2,,,1,70,,182376,2,,,1,30,,182377,2,,,1
72901,'729-Weekday-2-26-06-1111100',530,,199870,2,,,1,70,,199871,2,,,1,20,,199872,2,,,1,20,,199873,2,,,1,60,,199874,2,,,1,20,,199875,2,,,1,20,,199876,2,,,1,60,,199877,2,,,1,20,,199868,2,,,1,20,,199869,2,,,1,60,,199856,2,,,1,30,,199857,2,,,1,70,,199858,2,,,1,30,,199859,2,,,1,70,,199860,2,,,1,30,,199861,2,,,1,70,,199855,2,,,1,30,,199862,2,,,1,70,,199863,2,,,1,30,,199864,2,,,1,70,,199865,2,,,1,30,,199866,2,,,1,25,,199867,2,,,1,60,,199878,2,,,1,20,,199879,2,,,1,20,,199880,2,,,1,60,,199881,2,,,1,20,,199882,2,,,1,20,,199883,2,,,1,60,,199884,2,,,1,20,,199885,2,,,1,19,,199886,2,,,1,70,,199887,2,,,1,30,,199888,2,,,1,70,,199889,2,,,1,30,,199890,2,,,1,70,,199891,2,,,1,30,,199892,2,,,1,70,,199893,2,,,1,30,,199894,2,,,1
