201,'002-Weekday-1-26-09-1111100',519,,227617,43,,,1,20,,227618,43,,,1,20,,227619,43,,,1,60,,227620,43,,,1,21,,227621,43,,,1,13,,227690,43,,,1,53,,227691,43,,,1,11,,227692,43,,,1,10,,227693,43,,,1,10,,227694,43,,,1,10,,227695,43,,,1,10,,227696,43,,,1,50,,227697,43,,,1,10,,227698,43,,,1,10,,227699,43,,,1,10,,227700,43,,,1,10,,227701,43,,,1,10,,227702,43,,,1,50,,227703,43,,,1,15,,227622,43,,,1,15,,227689,43,,,1,15,,227623,43,,,1,55,,227624,43,,,1,15,,227625,43,,,1,15,,227626,43,,,1,15,,227627,43,,,1,55,,227628,43,,,1,15,,227629,43,,,1,15,,227630,43,,,1,15,,227631,43,,,1,55,,227632,43,,,1,15,,227633,43,,,1,15,,227634,43,,,1,15,,227635,43,,,1,55,,227636,43,,,1,15,,227637,43,,,1,15,,227638,43,,,1,15,,227639,43,,,1,55,,227640,43,,,1,15,,227641,43,,,1,15,,227642,43,,,1,15,,227643,43,,,1,58,,227644,43,,,1,17,,227705,32,,,1,1,,227645,43,,,1,13,,227646,43,,,1,11,,227704,43,,,1,2,,227647,43,,,1,52,,227648,43,,,1,12,,227649,43,,,1,12,,227650,43,,,1,13,,227651,43,,,1,14,,227652,43,,,1,52,,227653,43,,,1,12,,227654,43,,,1,15,,227655,43,,,1,15,,227656,43,,,1,55,,227657,43,,,1,15,,227658,43,,,1,12,,227659,43,,,1,11,,227660,43,,,1,12,,227661,43,,,1,52,,227662,43,,,1,16,,227663,43,,,1,19,,227664,43,,,1,58,,227665,43,,,1,15,,227666,43,,,1,15,,227667,43,,,1,15,,227668,43,,,1,55,,227669,43,,,1,15,,227670,43,,,1,15,,227671,43,,,1,15,,227672,43,,,1,55,,227673,43,,,1,14,,227674,43,,,1,14,,227675,43,,,1,14,,227676,43,,,1,14,,227677,43,,,1,53,,227678,43,,,1,20,,227679,43,,,1,20,,227680,43,,,1,59,,227681,43,,,1,17,,227682,43,,,1,28,,227683,43,,,1,70,,227684,43,,,1,30,,227685,62,0,28 41 7 42,1,70,,227686,62,0,28 41 7 42,1,30,,227687,62,0,28 41 7 42,1,70,,227688,62,0,28 41 7 42,1
201,'002-Weekday-2-26-09-1111100',519,,227706,43,,,1,20,,227707,43,,,1,20,,227708,43,,,1,60,,227709,43,,,1,21,,227710,43,,,1,13,,227779,43,,,1,53,,227780,43,,,1,11,,227781,43,,,1,10,,227782,43,,,1,10,,227783,43,,,1,10,,227784,43,,,1,10,,227785,43,,,1,50,,227786,43,,,1,10,,227787,43,,,1,10,,227788,43,,,1,10,,227789,43,,,1,10,,227790,43,,,1,10,,227791,43,,,1,50,,227792,43,,,1,15,,227711,43,,,1,15,,227778,43,,,1,15,,227712,43,,,1,55,,227713,43,,,1,15,,227714,43,,,1,15,,227715,43,,,1,15,,227716,43,,,1,55,,227717,43,,,1,15,,227718,43,,,1,15,,227719,43,,,1,15,,227720,43,,,1,55,,227721,43,,,1,15,,227722,43,,,1,15,,227723,43,,,1,15,,227724,43,,,1,55,,227725,43,,,1,15,,227726,43,,,1,15,,227727,43,,,1,15,,227728,43,,,1,55,,227729,43,,,1,15,,227730,43,,,1,15,,227731,43,,,1,15,,227732,43,,,1,58,,227733,43,,,1,17,,227794,32,,,1,1,,227734,43,,,1,13,,227735,43,,,1,11,,227793,43,,,1,2,,227736,43,,,1,52,,227737,43,,,1,12,,227738,43,,,1,12,,227739,43,,,1,13,,227740,43,,,1,14,,227741,43,,,1,52,,227742,43,,,1,12,,227743,43,,,1,15,,227744,43,,,1,15,,227745,43,,,1,55,,227746,43,,,1,15,,227747,43,,,1,12,,227748,43,,,1,11,,227749,43,,,1,12,,227750,43,,,1,52,,227751,43,,,1,16,,227752,43,,,1,19,,227753,43,,,1,58,,227754,43,,,1,15,,227755,43,,,1,15,,227756,43,,,1,15,,227757,43,,,1,55,,227758,43,,,1,15,,227759,43,,,1,15,,227760,43,,,1,15,,227761,43,,,1,55,,227762,43,,,1,14,,227763,43,,,1,14,,227764,43,,,1,14,,227765,43,,,1,14,,227766,43,,,1,53,,227767,43,,,1,20,,227768,43,,,1,20,,227769,43,,,1,59,,227770,43,,,1,17,,227771,43,,,1,28,,227772,43,,,1,70,,227773,43,,,1,30,,227774,62,0,28 41 7 42,1,70,,227775,62,0,28 41 7 42,1,30,,227776,62,0,28 41 7 42,1,70,,227777,62,0,28 41 7 42,1
201,'002-Weekday-3-26-09-1111100',519,,227795,43,,,1,20,,227796,43,,,1,20,,227797,43,,,1,60,,227798,43,,,1,21,,227799,43,,,1,13,,227868,43,,,1,53,,227869,43,,,1,11,,227870,43,,,1,10,,227871,43,,,1,10,,227872,43,,,1,10,,227873,43,,,1,10,,227874,43,,,1,50,,227875,43,,,1,10,,227876,43,,,1,10,,227877,43,,,1,10,,227878,43,,,1,10,,227879,43,,,1,10,,227880,43,,,1,50,,227881,43,,,1,15,,227800,43,,,1,15,,227867,43,,,1,15,,227801,43,,,1,55,,227802,43,,,1,15,,227803,43,,,1,15,,227804,43,,,1,15,,227805,43,,,1,55,,227806,43,,,1,15,,227807,43,,,1,15,,227808,43,,,1,15,,227809,43,,,1,55,,227810,43,,,1,15,,227811,43,,,1,15,,227812,43,,,1,15,,227813,43,,,1,55,,227814,43,,,1,15,,227815,43,,,1,15,,227816,43,,,1,15,,227817,43,,,1,55,,227818,43,,,1,15,,227819,43,,,1,15,,227820,43,,,1,15,,227821,43,,,1,58,,227822,43,,,1,17,,227883,32,,,1,1,,227823,43,,,1,13,,227824,43,,,1,11,,227882,43,,,1,2,,227825,43,,,1,52,,227826,43,,,1,12,,227827,43,,,1,12,,227828,43,,,1,13,,227829,43,,,1,14,,227830,43,,,1,52,,227831,43,,,1,12,,227832,43,,,1,15,,227833,43,,,1,15,,227834,43,,,1,55,,227835,43,,,1,15,,227836,43,,,1,12,,227837,43,,,1,11,,227838,43,,,1,12,,227839,43,,,1,52,,227840,43,,,1,16,,227841,43,,,1,19,,227842,43,,,1,58,,227843,43,,,1,15,,227844,43,,,1,15,,227845,43,,,1,15,,227846,43,,,1,55,,227847,43,,,1,15,,227848,43,,,1,15,,227849,43,,,1,15,,227850,43,,,1,55,,227851,43,,,1,14,,227852,43,,,1,14,,227853,43,,,1,14,,227854,43,,,1,14,,227855,43,,,1,53,,227856,43,,,1,20,,227857,43,,,1,20,,227858,43,,,1,59,,227859,43,,,1,17,,227860,43,,,1,28,,227861,43,,,1,70,,227862,43,,,1,30,,227863,62,0,28 41 7 42,1,70,,227864,62,0,28 41 7 42,1,30,,227865,62,0,28 41 7 42,1,70,,227866,62,0,28 41 7 42,1
201,'002-Weekday-4-26-09-1111100',519,,227884,43,,,1,20,,227885,43,,,1,20,,227886,43,,,1,60,,227887,43,,,1,21,,227888,43,,,1,13,,227957,43,,,1,53,,227958,43,,,1,11,,227959,43,,,1,10,,227960,43,,,1,10,,227961,43,,,1,10,,227962,43,,,1,10,,227963,43,,,1,50,,227964,43,,,1,10,,227965,43,,,1,10,,227966,43,,,1,10,,227967,43,,,1,10,,227968,43,,,1,10,,227969,43,,,1,50,,227970,43,,,1,15,,227889,43,,,1,15,,227956,43,,,1,15,,227890,43,,,1,55,,227891,43,,,1,15,,227892,43,,,1,15,,227893,43,,,1,15,,227894,43,,,1,55,,227895,43,,,1,15,,227896,43,,,1,15,,227897,43,,,1,15,,227898,43,,,1,55,,227899,43,,,1,15,,227900,43,,,1,15,,227901,43,,,1,15,,227902,43,,,1,55,,227903,43,,,1,15,,227904,43,,,1,15,,227905,43,,,1,15,,227906,43,,,1,55,,227907,43,,,1,15,,227908,43,,,1,15,,227909,43,,,1,15,,227910,43,,,1,58,,227911,43,,,1,18,,227912,43,,,1,13,,227913,43,,,1,11,,227971,43,,,1,2,,227914,43,,,1,52,,227915,43,,,1,12,,227916,43,,,1,12,,227917,43,,,1,13,,227918,43,,,1,14,,227919,43,,,1,52,,227920,43,,,1,12,,227921,43,,,1,15,,227922,43,,,1,15,,227923,43,,,1,55,,227924,43,,,1,15,,227925,43,,,1,12,,227926,43,,,1,11,,227927,43,,,1,12,,227928,43,,,1,52,,227929,43,,,1,16,,227930,43,,,1,19,,227931,43,,,1,58,,227932,43,,,1,15,,227933,43,,,1,15,,227934,43,,,1,15,,227935,43,,,1,55,,227936,43,,,1,15,,227937,43,,,1,15,,227938,43,,,1,15,,227939,43,,,1,55,,227940,43,,,1,14,,227941,43,,,1,14,,227942,43,,,1,14,,227943,43,,,1,14,,227944,43,,,1,53,,227945,43,,,1,20,,227946,43,,,1,20,,227947,43,,,1,59,,227948,43,,,1,17,,227949,43,,,1,28,,227950,43,,,1,70,,227951,43,,,1,30,,227952,62,0,28 41 7 42,1,70,,227953,62,0,28 41 7 42,1,30,,227954,62,0,28 41 7 42,1,70,,227955,62,0,28 41 7 42,1
201,'002-Weekday-5-26-09-1111100',519,,227972,43,,,1,20,,227973,43,,,1,20,,227974,43,,,1,60,,227975,43,,,1,21,,227976,43,,,1,13,,228045,43,,,1,53,,228046,43,,,1,11,,228047,43,,,1,10,,228048,43,,,1,10,,228049,43,,,1,10,,228050,43,,,1,10,,228051,43,,,1,50,,228052,43,,,1,10,,228053,43,,,1,10,,228054,43,,,1,10,,228055,43,,,1,10,,228056,43,,,1,10,,228057,43,,,1,50,,228058,43,,,1,15,,227977,43,,,1,15,,228044,43,,,1,15,,227978,43,,,1,55,,227979,43,,,1,15,,227980,43,,,1,15,,227981,43,,,1,15,,227982,43,,,1,55,,227983,43,,,1,15,,227984,43,,,1,15,,227985,43,,,1,15,,227986,43,,,1,55,,227987,43,,,1,15,,227988,43,,,1,15,,227989,43,,,1,15,,227990,43,,,1,55,,227991,43,,,1,15,,227992,43,,,1,15,,227993,43,,,1,15,,227994,43,,,1,55,,227995,43,,,1,15,,227996,43,,,1,15,,227997,43,,,1,15,,227998,43,,,1,58,,227999,43,,,1,18,,228000,43,,,1,13,,228001,43,,,1,11,,228059,43,,,1,2,,228002,43,,,1,52,,228003,43,,,1,12,,228004,43,,,1,12,,228005,43,,,1,13,,228006,43,,,1,14,,228007,43,,,1,52,,228008,43,,,1,12,,228009,43,,,1,15,,228010,43,,,1,15,,228011,43,,,1,55,,228012,43,,,1,15,,228013,43,,,1,12,,228014,43,,,1,11,,228015,43,,,1,12,,228016,43,,,1,52,,228017,43,,,1,16,,228018,43,,,1,19,,228019,43,,,1,58,,228020,43,,,1,15,,228021,43,,,1,15,,228022,43,,,1,15,,228023,43,,,1,55,,228024,43,,,1,15,,228025,43,,,1,15,,228026,43,,,1,15,,228027,43,,,1,55,,228028,43,,,1,14,,228029,43,,,1,14,,228030,43,,,1,14,,228031,43,,,1,14,,228032,43,,,1,53,,228033,43,,,1,20,,228034,43,,,1,20,,228035,43,,,1,59,,228036,43,,,1,17,,228037,43,,,1,28,,228038,43,,,1,70,,228039,43,,,1,30,,228040,62,0,28 41 7 42,1,70,,228041,62,0,28 41 7 42,1,30,,228042,62,0,28 41 7 42,1,70,,228043,62,0,28 41 7 42,1
201,'002-Weekday-6-26-09-1111100',519,,228060,43,,,1,20,,228061,43,,,1,20,,228062,43,,,1,60,,228063,43,,,1,21,,228064,43,,,1,13,,228133,43,,,1,53,,228134,43,,,1,11,,228135,43,,,1,10,,228136,43,,,1,10,,228137,43,,,1,10,,228138,43,,,1,10,,228139,43,,,1,50,,228140,43,,,1,10,,228141,43,,,1,10,,228142,43,,,1,10,,228143,43,,,1,10,,228144,43,,,1,10,,228145,43,,,1,50,,228146,43,,,1,15,,228065,43,,,1,15,,228132,43,,,1,15,,228066,43,,,1,55,,228067,43,,,1,15,,228068,43,,,1,15,,228069,43,,,1,15,,228070,43,,,1,55,,228071,43,,,1,15,,228072,43,,,1,15,,228073,43,,,1,15,,228074,43,,,1,55,,228075,43,,,1,15,,228076,43,,,1,15,,228077,43,,,1,15,,228078,43,,,1,55,,228079,43,,,1,15,,228080,43,,,1,15,,228081,43,,,1,15,,228082,43,,,1,55,,228083,43,,,1,15,,228084,43,,,1,15,,228085,43,,,1,15,,228086,43,,,1,58,,228087,43,,,1,17,,228147,32,,,1,1,,228088,43,,,1,13,,228089,43,,,1,13,,228090,43,,,1,52,,228091,43,,,1,12,,228092,43,,,1,12,,228093,43,,,1,13,,228094,43,,,1,14,,228095,43,,,1,52,,228096,43,,,1,12,,228097,43,,,1,15,,228098,43,,,1,15,,228099,43,,,1,55,,228100,43,,,1,15,,228101,43,,,1,12,,228102,43,,,1,11,,228103,43,,,1,12,,228104,43,,,1,52,,228105,43,,,1,16,,228106,43,,,1,19,,228107,43,,,1,58,,228108,43,,,1,15,,228109,43,,,1,15,,228110,43,,,1,15,,228111,43,,,1,55,,228112,43,,,1,15,,228113,43,,,1,15,,228114,43,,,1,15,,228115,43,,,1,55,,228116,43,,,1,14,,228117,43,,,1,14,,228118,43,,,1,14,,228119,43,,,1,14,,228120,43,,,1,53,,228121,43,,,1,20,,228122,43,,,1,20,,228123,43,,,1,59,,228124,43,,,1,17,,228125,43,,,1,28,,228126,43,,,1,70,,228127,43,,,1,30,,228128,62,0,28 41 7 42,1,70,,228129,62,0,28 41 7 42,1,30,,228130,62,0,28 41 7 42,1,70,,228131,62,0,28 41 7 42,1
201,'002-Weekday-7-26-09-1111100',519,,228148,43,,,1,20,,228149,43,,,1,20,,228150,43,,,1,60,,228151,43,,,1,21,,228152,43,,,1,13,,228221,43,,,1,53,,228222,43,,,1,11,,228223,43,,,1,10,,228224,43,,,1,10,,228225,43,,,1,10,,228226,43,,,1,10,,228227,43,,,1,50,,228228,43,,,1,10,,228229,43,,,1,10,,228230,43,,,1,10,,228231,43,,,1,10,,228232,43,,,1,10,,228233,43,,,1,50,,228234,43,,,1,15,,228153,43,,,1,15,,228220,43,,,1,15,,228154,43,,,1,55,,228155,43,,,1,15,,228156,43,,,1,15,,228157,43,,,1,15,,228158,43,,,1,55,,228159,43,,,1,15,,228160,43,,,1,15,,228161,43,,,1,15,,228162,43,,,1,55,,228163,43,,,1,15,,228164,43,,,1,15,,228165,43,,,1,15,,228166,43,,,1,55,,228167,43,,,1,15,,228168,43,,,1,15,,228169,43,,,1,15,,228170,43,,,1,55,,228171,43,,,1,15,,228172,43,,,1,15,,228173,43,,,1,15,,228174,43,,,1,58,,228175,43,,,1,18,,228176,43,,,1,13,,228177,43,,,1,13,,228178,43,,,1,52,,228179,43,,,1,12,,228180,43,,,1,12,,228181,43,,,1,13,,228182,43,,,1,14,,228183,43,,,1,52,,228184,43,,,1,12,,228185,43,,,1,15,,228186,43,,,1,15,,228187,43,,,1,55,,228188,43,,,1,15,,228189,43,,,1,12,,228190,43,,,1,11,,228191,43,,,1,12,,228192,43,,,1,52,,228193,43,,,1,16,,228194,43,,,1,19,,228195,43,,,1,58,,228196,43,,,1,15,,228197,43,,,1,15,,228198,43,,,1,15,,228199,43,,,1,55,,228200,43,,,1,15,,228201,43,,,1,15,,228202,43,,,1,15,,228203,43,,,1,55,,228204,43,,,1,14,,228205,43,,,1,14,,228206,43,,,1,14,,228207,43,,,1,14,,228208,43,,,1,53,,228209,43,,,1,20,,228210,43,,,1,20,,228211,43,,,1,59,,228212,43,,,1,17,,228213,43,,,1,28,,228214,43,,,1,70,,228215,43,,,1,30,,228216,62,0,28 41 7 42,1,70,,228217,62,0,28 41 7 42,1,30,,228218,62,0,28 41 7 42,1,70,,228219,62,0,28 41 7 42,1
201,'002-Saturday-1-26-09-0000010',550,,228310,43,,,1,60,,228236,43,,,1,20,,228235,43,,,1,20,,228237,43,,,1,60,,228238,43,,,1,20,,228239,43,,,1,20,,228240,43,,,1,60,,228241,43,,,1,15,,228242,43,,,1,15,,228243,43,,,1,15,,228244,43,,,1,58,,228245,43,,,1,19,,228246,43,,,1,18,,228247,43,,,1,56,,228248,43,,,1,16,,228249,43,,,1,19,,228250,43,,,1,15,,228251,43,,,1,55,,228252,43,,,1,15,,228253,43,,,1,15,,228254,43,,,1,15,,228255,43,,,1,55,,228256,43,,,1,15,,228257,43,,,1,15,,228258,43,,,1,15,,228259,43,,,1,55,,228260,43,,,1,15,,228261,43,,,1,15,,228262,43,,,1,15,,228263,43,,,1,55,,228264,43,,,1,15,,228265,43,,,1,15,,228266,43,,,1,15,,228267,43,,,1,55,,228268,43,,,1,15,,228270,43,,,1,15,,228271,43,,,1,15,,228272,43,,,1,55,,228269,43,,,1,15,,228273,43,,,1,15,,228274,43,,,1,14,,228275,43,,,1,55,,228276,43,,,1,15,,228277,43,,,1,14,,228278,43,,,1,14,,228279,43,,,1,55,,228280,43,,,1,12,,228281,43,,,1,15,,228282,43,,,1,15,,228283,43,,,1,55,,228284,43,,,1,15,,228285,43,,,1,15,,228286,43,,,1,15,,228287,43,,,1,55,,228288,43,,,1,15,,228289,43,,,1,15,,228290,43,,,1,15,,228291,43,,,1,55,,228292,43,,,1,15,,228293,43,,,1,15,,228294,43,,,1,15,,228295,43,,,1,55,,228296,43,,,1,15,,228297,43,,,1,15,,228298,43,,,1,15,,228299,43,,,1,55,,228300,43,,,1,16,,228301,43,,,1,20,,228302,43,,,1,59,,228303,43,,,1,17,,228305,43,,,1,14,,228311,43,,,1,23,,228312,62,0,28 41 7 42,1,70,,228306,62,0,28 41 7 42,1,30,,228307,62,0,28 41 7 42,1,70,,228304,62,0,28 41 7 42,1,30,,228308,62,0,28 41 7 42,1,70,,228309,62,0,28 41 7 42,1
201,'002-Sunday-1-26-09-0000001',616,,228313,43,,,1,20,,228314,43,,,1,16,,228316,43,,,1,60,,228317,43,,,1,20,,228318,43,,,1,20,,228315,43,,,1,60,,228319,43,,,1,20,,228320,43,,,1,20,,228321,43,,,1,62,,228322,43,,,1,23,,228323,43,,,1,21,,228324,43,,,1,60,,228325,43,,,1,20,,228326,43,,,1,64,,228327,43,,,1,20,,228328,43,,,1,15,,228329,43,,,1,15,,228330,43,,,1,55,,228331,43,,,1,15,,228332,43,,,1,15,,228333,43,,,1,15,,228334,43,,,1,55,,228335,43,,,1,15,,228336,43,,,1,15,,228337,43,,,1,15,,228338,43,,,1,55,,228339,43,,,1,15,,228340,43,,,1,15,,228341,43,,,1,15,,228342,43,,,1,55,,228343,43,,,1,15,,228344,43,,,1,15,,228345,43,,,1,15,,228346,43,,,1,55,,228347,43,,,1,15,,228348,43,,,1,15,,228349,43,,,1,15,,228351,43,,,1,54,,228352,43,,,1,15,,228353,43,,,1,13,,228350,43,,,1,15,,228354,43,,,1,53,,228355,43,,,1,15,,228356,43,,,1,15,,228357,43,,,1,15,,228358,43,,,1,55,,228359,43,,,1,15,,228360,43,,,1,15,,228361,43,,,1,15,,228362,43,,,1,55,,228363,43,,,1,15,,228364,43,,,1,15,,228365,43,,,1,15,,228366,43,,,1,55,,228367,43,,,1,15,,228368,43,,,1,15,,228369,43,,,1,15,,228370,43,,,1,55,,228371,43,,,1,15,,228372,43,,,1,17,,228373,43,,,1,15,,228374,43,,,1,55,,228375,43,,,1,20,,228376,43,,,1,20,,228377,43,,,1,59,,228378,43,,,1,25,,228379,43,,,1,26,,228380,62,0,28 41 7 42,1,70,,228381,62,0,28 41 7 42,1,30,,228382,62,0,28 41 7 42,1,70,,228383,62,0,28 41 7 42,1,30,,228384,62,0,28 41 7 42,1,70,,228385,62,0,28 41 7 42,1
401,'004-Weekday-1-26-09-1111100',528,,230761,58,,,1,15,,230762,58,,,1,15,,230763,58,,,1,55,,230764,58,,,1,17,,230765,58,,,1,19,,230766,58,,,1,62,,230767,58,,,1,21,,230768,58,,,1,15,,230769,58,,,1,55,,230770,58,,,1,10,,230771,58,,,1,10,,230772,58,,,1,10,,230773,58,,,1,10,,230774,58,,,1,10,,230775,58,,,1,49,,230776,58,,,1,10,,230777,58,,,1,10,,230778,58,,,1,11,,230779,58,,,1,13,,230780,58,,,1,11,,230781,58,,,1,52,,230782,58,,,1,12,,230783,58,,,1,12,,230784,58,,,1,12,,230785,58,,,1,12,,230786,58,,,1,52,,230787,58,,,1,14,,230788,58,,,1,12,,230789,58,,,1,13,,230790,58,,,1,53,,230791,58,,,1,12,,230792,58,,,1,12,,230793,58,,,1,12,,230794,58,,,1,12,,230795,58,,,1,52,,230796,58,,,1,12,,230797,58,,,1,12,,230798,58,,,1,12,,230799,58,,,1,12,,230800,58,,,1,52,,230801,58,,,1,12,,230802,58,,,1,12,,230803,58,,,1,12,,230804,58,,,1,12,,230805,58,,,1,54,,230806,58,,,1,13,,230807,58,,,1,19,,230808,58,,,1,13,,230856,58,,,1,12,,230855,58,,,1,53,,230809,58,,,1,9,,230810,58,,,1,8,,230811,58,,,1,10,,230812,58,,,1,10,,230813,58,,,1,10,,230814,58,,,1,50,,230815,58,,,1,10,,230816,58,,,1,10,,230817,58,,,1,10,,230818,58,,,1,10,,230819,58,,,1,10,,230820,58,,,1,49,,230821,58,,,1,10,,230822,58,,,1,9,,230823,58,,,1,9,,230824,58,,,1,9,,230825,58,,,1,8,,230826,58,,,1,53,,230827,58,,,1,12,,230828,58,,,1,12,,230829,58,,,1,15,,230830,58,,,1,55,,230831,58,,,1,15,,230832,58,,,1,15,,230833,58,,,1,15,,230834,58,,,1,55,,230835,58,,,1,15,,230836,58,,,1,15,,230837,58,,,1,15,,230838,58,,,1,55,,230839,58,,,1,13,,230840,58,,,1,12,,230841,58,,,1,13,,230842,58,,,1,14,,230843,58,,,1,60,,230844,58,,,1,20,,230845,58,,,1,20,,230846,58,,,1,60,,230847,58,,,1,18,,230848,58,,,1,19,,230849,58,,,1,69,,230850,58,,,1,30,,230851,58,,,1,70,,230852,58,,,1,30,,230853,58,,,1,70,,230854,58,,,1
401,'004-Weekday-2-26-09-1111100',528,,230881,58,,,1,15,,230882,58,,,1,15,,230883,58,,,1,55,,230884,58,,,1,17,,230885,58,,,1,19,,230886,58,,,1,62,,230887,58,,,1,21,,230888,58,,,1,15,,230889,58,,,1,55,,230890,58,,,1,10,,230891,58,,,1,10,,230892,58,,,1,10,,230893,58,,,1,10,,230894,58,,,1,10,,230895,58,,,1,49,,230896,58,,,1,10,,230897,58,,,1,10,,230898,58,,,1,11,,230899,58,,,1,13,,230900,58,,,1,11,,230901,58,,,1,52,,230902,58,,,1,12,,230903,58,,,1,12,,230904,58,,,1,12,,230905,58,,,1,12,,230906,58,,,1,52,,230907,58,,,1,14,,230908,58,,,1,12,,230909,58,,,1,13,,230910,58,,,1,53,,230911,58,,,1,12,,230912,58,,,1,12,,230913,58,,,1,12,,230914,58,,,1,12,,230915,58,,,1,52,,230916,58,,,1,12,,230917,58,,,1,12,,230918,58,,,1,12,,230919,58,,,1,12,,230920,58,,,1,52,,230921,58,,,1,12,,230922,58,,,1,12,,230923,58,,,1,12,,230924,58,,,1,12,,230925,58,,,1,54,,230926,58,,,1,13,,230927,58,,,1,19,,230928,58,,,1,13,,230976,58,,,1,12,,230975,58,,,1,53,,230929,58,,,1,9,,230930,58,,,1,8,,230931,58,,,1,10,,230932,58,,,1,10,,230933,58,,,1,10,,230934,58,,,1,50,,230935,58,,,1,10,,230936,58,,,1,10,,230937,58,,,1,10,,230938,58,,,1,10,,230939,58,,,1,10,,230940,58,,,1,49,,230941,58,,,1,10,,230942,58,,,1,9,,230943,58,,,1,9,,230944,58,,,1,9,,230945,58,,,1,8,,230946,58,,,1,53,,230947,58,,,1,12,,230948,58,,,1,12,,230949,58,,,1,15,,230950,58,,,1,55,,230951,58,,,1,15,,230952,58,,,1,15,,230953,58,,,1,15,,230954,58,,,1,55,,230955,58,,,1,15,,230956,58,,,1,15,,230957,58,,,1,15,,230958,58,,,1,55,,230959,58,,,1,13,,230960,58,,,1,12,,230961,58,,,1,13,,230962,58,,,1,14,,230963,58,,,1,60,,230964,58,,,1,20,,230965,58,,,1,20,,230966,58,,,1,60,,230967,58,,,1,18,,230968,58,,,1,19,,230969,58,,,1,69,,230970,58,,,1,30,,230971,58,,,1,70,,230972,58,,,1,30,,230973,58,,,1,70,,230974,58,,,1
401,'004-Weekday-3-26-09-1111100',528,,231001,58,,,1,15,,231002,58,,,1,15,,231003,58,,,1,55,,231004,58,,,1,17,,231005,58,,,1,19,,231006,58,,,1,62,,231007,58,,,1,21,,231008,58,,,1,15,,231009,58,,,1,55,,231010,58,,,1,10,,231011,58,,,1,10,,231012,58,,,1,10,,231013,58,,,1,10,,231014,58,,,1,10,,231015,58,,,1,49,,231016,58,,,1,10,,231017,58,,,1,10,,231018,58,,,1,11,,231019,58,,,1,13,,231020,58,,,1,11,,231021,58,,,1,52,,231022,58,,,1,12,,231023,58,,,1,12,,231024,58,,,1,12,,231025,58,,,1,12,,231026,58,,,1,52,,231027,58,,,1,14,,231028,58,,,1,12,,231029,58,,,1,13,,231030,58,,,1,53,,231031,58,,,1,12,,231032,58,,,1,12,,231033,58,,,1,12,,231034,58,,,1,12,,231035,58,,,1,52,,231036,58,,,1,12,,231037,58,,,1,12,,231038,58,,,1,12,,231039,58,,,1,12,,231040,58,,,1,52,,231041,58,,,1,12,,231042,58,,,1,12,,231043,58,,,1,12,,231044,58,,,1,12,,231045,58,,,1,54,,231046,58,,,1,13,,231047,58,,,1,19,,231048,58,,,1,13,,231096,58,,,1,12,,231095,58,,,1,53,,231049,58,,,1,9,,231050,58,,,1,8,,231051,58,,,1,10,,231052,58,,,1,10,,231053,58,,,1,10,,231054,58,,,1,50,,231055,58,,,1,10,,231056,58,,,1,10,,231057,58,,,1,10,,231058,58,,,1,10,,231059,58,,,1,10,,231060,58,,,1,49,,231061,58,,,1,10,,231062,58,,,1,9,,231063,58,,,1,9,,231064,58,,,1,9,,231065,58,,,1,8,,231066,58,,,1,53,,231067,58,,,1,12,,231068,58,,,1,12,,231069,58,,,1,15,,231070,58,,,1,55,,231071,58,,,1,15,,231072,58,,,1,15,,231073,58,,,1,15,,231074,58,,,1,55,,231075,58,,,1,15,,231076,58,,,1,15,,231077,58,,,1,15,,231078,58,,,1,55,,231079,58,,,1,13,,231080,58,,,1,12,,231081,58,,,1,13,,231082,58,,,1,14,,231083,58,,,1,60,,231084,58,,,1,20,,231085,58,,,1,20,,231086,58,,,1,60,,231087,58,,,1,18,,231088,58,,,1,19,,231089,58,,,1,69,,231090,58,,,1,30,,231091,58,,,1,70,,231092,58,,,1,30,,231093,58,,,1,70,,231094,58,,,1
401,'004-Weekday-4-26-09-1111100',528,,231121,58,,,1,15,,231122,58,,,1,15,,231123,58,,,1,55,,231124,58,,,1,17,,231125,58,,,1,19,,231126,58,,,1,62,,231127,58,,,1,21,,231128,58,,,1,15,,231129,58,,,1,55,,231130,58,,,1,10,,231131,58,,,1,10,,231132,58,,,1,10,,231133,58,,,1,10,,231134,58,,,1,10,,231135,58,,,1,49,,231136,58,,,1,10,,231137,58,,,1,10,,231138,58,,,1,11,,231139,58,,,1,13,,231140,58,,,1,11,,231141,58,,,1,52,,231142,58,,,1,12,,231143,58,,,1,12,,231144,58,,,1,12,,231145,58,,,1,12,,231146,58,,,1,52,,231147,58,,,1,14,,231148,58,,,1,12,,231149,58,,,1,13,,231150,58,,,1,53,,231151,58,,,1,12,,231152,58,,,1,12,,231153,58,,,1,12,,231154,58,,,1,12,,231155,58,,,1,52,,231156,58,,,1,12,,231157,58,,,1,12,,231158,58,,,1,12,,231159,58,,,1,12,,231160,58,,,1,52,,231161,58,,,1,12,,231162,58,,,1,12,,231163,58,,,1,12,,231164,58,,,1,12,,231165,58,,,1,54,,231166,58,,,1,13,,231167,58,,,1,19,,231168,58,,,1,13,,231216,58,,,1,12,,231215,58,,,1,53,,231169,58,,,1,9,,231170,58,,,1,8,,231171,58,,,1,10,,231172,58,,,1,10,,231173,58,,,1,10,,231174,58,,,1,50,,231175,58,,,1,10,,231176,58,,,1,10,,231177,58,,,1,10,,231178,58,,,1,10,,231179,58,,,1,10,,231180,58,,,1,49,,231181,58,,,1,10,,231182,58,,,1,9,,231183,58,,,1,9,,231184,58,,,1,9,,231185,58,,,1,8,,231186,58,,,1,53,,231187,58,,,1,12,,231188,58,,,1,12,,231189,58,,,1,15,,231190,58,,,1,55,,231191,58,,,1,15,,231192,58,,,1,15,,231193,58,,,1,15,,231194,58,,,1,55,,231195,58,,,1,15,,231196,58,,,1,15,,231197,58,,,1,15,,231198,58,,,1,55,,231199,58,,,1,13,,231200,58,,,1,12,,231201,58,,,1,13,,231202,58,,,1,14,,231203,58,,,1,60,,231204,58,,,1,20,,231205,58,,,1,20,,231206,58,,,1,60,,231207,58,,,1,18,,231208,58,,,1,19,,231209,58,,,1,69,,231210,58,,,1,30,,231211,58,,,1,70,,231212,58,,,1,30,,231213,58,,,1,70,,231214,58,,,1
401,'004-Weekday-5-26-09-1111100',528,,231241,58,,,1,15,,231242,58,,,1,15,,231243,58,,,1,55,,231244,58,,,1,17,,231245,58,,,1,19,,231246,58,,,1,62,,231247,58,,,1,21,,231248,58,,,1,15,,231249,58,,,1,55,,231250,58,,,1,10,,231251,58,,,1,10,,231252,58,,,1,10,,231253,58,,,1,10,,231254,58,,,1,10,,231255,58,,,1,49,,231256,58,,,1,10,,231257,58,,,1,10,,231258,58,,,1,11,,231259,58,,,1,13,,231260,58,,,1,11,,231261,58,,,1,52,,231262,58,,,1,12,,231263,58,,,1,12,,231264,58,,,1,12,,231265,58,,,1,12,,231266,58,,,1,52,,231267,58,,,1,14,,231268,58,,,1,12,,231269,58,,,1,13,,231270,58,,,1,53,,231271,58,,,1,12,,231272,58,,,1,12,,231273,58,,,1,12,,231274,58,,,1,12,,231275,58,,,1,52,,231276,58,,,1,12,,231277,58,,,1,12,,231278,58,,,1,12,,231279,58,,,1,12,,231280,58,,,1,52,,231281,58,,,1,12,,231282,58,,,1,12,,231283,58,,,1,12,,231284,58,,,1,12,,231285,58,,,1,54,,231286,58,,,1,13,,231287,58,,,1,19,,231288,58,,,1,13,,231336,58,,,1,12,,231335,58,,,1,53,,231289,58,,,1,9,,231290,58,,,1,8,,231291,58,,,1,10,,231292,58,,,1,10,,231293,58,,,1,10,,231294,58,,,1,50,,231295,58,,,1,10,,231296,58,,,1,10,,231297,58,,,1,10,,231298,58,,,1,10,,231299,58,,,1,10,,231300,58,,,1,49,,231301,58,,,1,10,,231302,58,,,1,9,,231303,58,,,1,9,,231304,58,,,1,9,,231305,58,,,1,8,,231306,58,,,1,53,,231307,58,,,1,12,,231308,58,,,1,12,,231309,58,,,1,15,,231310,58,,,1,55,,231311,58,,,1,15,,231312,58,,,1,15,,231313,58,,,1,15,,231314,58,,,1,55,,231315,58,,,1,15,,231316,58,,,1,15,,231317,58,,,1,15,,231318,58,,,1,55,,231319,58,,,1,13,,231320,58,,,1,12,,231321,58,,,1,13,,231322,58,,,1,14,,231323,58,,,1,60,,231324,58,,,1,20,,231325,58,,,1,20,,231326,58,,,1,60,,231327,58,,,1,18,,231328,58,,,1,19,,231329,58,,,1,69,,231330,58,,,1,30,,231331,58,,,1,70,,231332,58,,,1,30,,231333,58,,,1,70,,231334,58,,,1
401,'004-Weekday-6-26-09-1111100',528,,231338,58,,,1,15,,231339,58,,,1,15,,231340,58,,,1,55,,231341,58,,,1,17,,231342,58,,,1,19,,231343,58,,,1,62,,231344,58,,,1,21,,231345,58,,,1,15,,231346,58,,,1,55,,231347,58,,,1,10,,231348,58,,,1,10,,231349,58,,,1,10,,231350,58,,,1,10,,231351,58,,,1,10,,231352,58,,,1,49,,231353,58,,,1,10,,231354,58,,,1,10,,231355,58,,,1,11,,231356,58,,,1,13,,231357,58,,,1,11,,231358,58,,,1,52,,231359,58,,,1,12,,231360,58,,,1,12,,231361,58,,,1,12,,231362,58,,,1,12,,231363,58,,,1,52,,231364,58,,,1,14,,231365,58,,,1,12,,231366,58,,,1,13,,231367,58,,,1,53,,231368,58,,,1,12,,231369,58,,,1,12,,231370,58,,,1,12,,231371,58,,,1,12,,231372,58,,,1,52,,231373,58,,,1,12,,231374,58,,,1,12,,231375,58,,,1,12,,231376,58,,,1,12,,231377,58,,,1,52,,231378,58,,,1,12,,231379,58,,,1,12,,231380,58,,,1,12,,231381,58,,,1,12,,231382,58,,,1,54,,231383,58,,,1,13,,231384,58,,,1,19,,231385,58,,,1,13,,231433,58,,,1,12,,231432,58,,,1,53,,231386,58,,,1,9,,231387,58,,,1,8,,231388,58,,,1,10,,231389,58,,,1,10,,231390,58,,,1,10,,231391,58,,,1,50,,231392,58,,,1,10,,231393,58,,,1,10,,231394,58,,,1,10,,231395,58,,,1,10,,231396,58,,,1,10,,231397,58,,,1,49,,231398,58,,,1,10,,231399,58,,,1,9,,231400,58,,,1,9,,231401,58,,,1,9,,231402,58,,,1,8,,231403,58,,,1,53,,231404,58,,,1,12,,231405,58,,,1,12,,231406,58,,,1,15,,231407,58,,,1,55,,231408,58,,,1,15,,231409,58,,,1,15,,231410,58,,,1,15,,231411,58,,,1,55,,231412,58,,,1,15,,231413,58,,,1,15,,231414,58,,,1,15,,231415,58,,,1,55,,231416,58,,,1,13,,231417,58,,,1,12,,231418,58,,,1,13,,231419,58,,,1,14,,231420,58,,,1,60,,231421,58,,,1,20,,231422,58,,,1,20,,231423,58,,,1,60,,231424,58,,,1,18,,231425,58,,,1,19,,231426,58,,,1,69,,231427,58,,,1,30,,231428,58,,,1,70,,231429,58,,,1,30,,231430,58,,,1,70,,231431,58,,,1
401,'004-Weekday-7-26-09-1111100',528,,231434,58,,,1,15,,231435,58,,,1,15,,231436,58,,,1,55,,231437,58,,,1,17,,231438,58,,,1,19,,231439,58,,,1,62,,231440,58,,,1,21,,231441,58,,,1,15,,231442,58,,,1,55,,231443,58,,,1,10,,231444,58,,,1,10,,231445,58,,,1,10,,231446,58,,,1,10,,231447,58,,,1,10,,231448,58,,,1,49,,231449,58,,,1,10,,231450,58,,,1,10,,231451,58,,,1,11,,231452,58,,,1,13,,231453,58,,,1,11,,231454,58,,,1,52,,231455,58,,,1,12,,231456,58,,,1,12,,231457,58,,,1,12,,231458,58,,,1,12,,231459,58,,,1,52,,231460,58,,,1,14,,231461,58,,,1,12,,231462,58,,,1,13,,231463,58,,,1,53,,231464,58,,,1,12,,231465,58,,,1,12,,231466,58,,,1,12,,231467,58,,,1,12,,231468,58,,,1,52,,231469,58,,,1,12,,231470,58,,,1,12,,231471,58,,,1,12,,231472,58,,,1,12,,231473,58,,,1,52,,231474,58,,,1,12,,231475,58,,,1,12,,231476,58,,,1,12,,231477,58,,,1,12,,231478,58,,,1,54,,231479,58,,,1,13,,231480,58,,,1,19,,231481,58,,,1,13,,231529,58,,,1,12,,231528,58,,,1,53,,231482,58,,,1,9,,231483,58,,,1,8,,231484,58,,,1,10,,231485,58,,,1,10,,231486,58,,,1,10,,231487,58,,,1,50,,231488,58,,,1,10,,231489,58,,,1,10,,231490,58,,,1,10,,231491,58,,,1,10,,231492,58,,,1,10,,231493,58,,,1,49,,231494,58,,,1,10,,231495,58,,,1,9,,231496,58,,,1,9,,231497,58,,,1,9,,231498,58,,,1,8,,231499,58,,,1,53,,231500,58,,,1,12,,231501,58,,,1,12,,231502,58,,,1,15,,231503,58,,,1,55,,231504,58,,,1,15,,231505,58,,,1,15,,231506,58,,,1,15,,231507,58,,,1,55,,231508,58,,,1,15,,231509,58,,,1,15,,231510,58,,,1,15,,231511,58,,,1,55,,231512,58,,,1,13,,231513,58,,,1,12,,231514,58,,,1,13,,231515,58,,,1,14,,231516,58,,,1,60,,231517,58,,,1,20,,231518,58,,,1,20,,231519,58,,,1,60,,231520,58,,,1,18,,231521,58,,,1,19,,231522,58,,,1,69,,231523,58,,,1,30,,231524,58,,,1,70,,231525,58,,,1,30,,231526,58,,,1,70,,231527,58,,,1
401,'004-Saturday-1-26-09-0000010',604,,231531,58,,,1,20,,231532,58,,,1,20,,231533,58,,,1,60,,231534,58,,,1,20,,231535,58,,,1,20,,231536,58,,,1,60,,231537,58,,,1,20,,231538,58,,,1,20,,231539,58,,,1,56,,231540,58,,,1,16,,231541,58,,,1,19,,231542,58,,,1,24,,231543,58,,,1,55,,231544,58,,,1,15,,231545,58,,,1,15,,231546,58,,,1,15,,231547,58,,,1,55,,231548,58,,,1,15,,231550,58,,,1,15,,231549,58,,,1,15,,231552,58,,,1,55,,231553,58,,,1,15,,231555,58,,,1,8,,231554,20,0,44 7 42,1,7,,231556,58,,,1,8,,231551,20,0,44 7 42,1,7,,231558,58,,,1,48,,231557,19,0,44 7 42,1,7,,231560,58,,,1,8,,231559,20,0,44 7 42,1,7,,231562,58,,,1,7,,231561,20,0,44 7 42,1,8,,231564,58,,,1,9,,231563,20,0,44 7 42,1,6,,231566,58,,,1,49,,231565,20,0,44 7 42,1,6,,231568,58,,,1,9,,231567,20,0,44 7 42,1,6,,231570,58,,,1,9,,231569,20,0,44 7 42,1,6,,231572,58,,,1,9,,231571,20,0,44 7 42,1,6,,231574,58,,,1,49,,231573,20,0,44 7 42,1,6,,231576,58,,,1,9,,231575,20,0,44 7 42,1,6,,231578,58,,,1,9,,231577,20,0,44 7 42,1,6,,231581,58,,,1,9,,231579,19,0,44 7 42,1,6,,231583,58,,,1,49,,231582,20,0,44 7 42,1,6,,231584,58,,,1,9,,231580,20,0,44 7 42,1,6,,231587,58,,,1,9,,231585,20,0,44 7 42,1,6,,231589,58,,,1,9,,231588,20,0,44 7 42,1,6,,231590,58,,,1,49,,231586,20,0,44 7 42,1,6,,231592,58,,,1,9,,231591,20,0,44 7 42,1,6,,231594,58,,,1,9,,231593,20,0,44 7 42,1,6,,231596,58,,,1,9,,231595,20,0,44 7 42,1,6,,231598,58,,,1,49,,231597,20,0,44 7 42,1,7,,231600,58,,,1,8,,231599,20,0,44 7 42,1,7,,231602,58,,,1,8,,231601,20,0,44 7 42,1,7,,231530,58,,,1,8,,231603,20,0,44 7 42,1,47,,231604,58,,,1,8,,231639,20,0,44 7 42,1,8,,231606,58,,,1,7,,231605,20,0,44 7 42,1,8,,231608,58,,,1,7,,231607,20,0,44 7 42,1,8,,231610,58,,,1,7,,231609,20,0,44 7 42,1,48,,231612,58,,,1,7,,231611,20,0,44 7 42,1,8,,231614,58,,,1,7,,231613,20,0,44 7 42,1,8,,231616,58,,,1,7,,231615,20,0,44 7 42,1,8,,231618,58,,,1,7,,231617,20,0,44 7 42,1,49,,231619,58,,,1,15,,231620,58,,,1,15,,231621,58,,,1,15,,231622,58,,,1,55,,231623,58,,,1,15,,231624,58,,,1,15,,231625,58,,,1,15,,231626,58,,,1,55,,231627,58,,,1,18,,231628,58,,,1,20,,231629,58,,,1,60,,231630,58,,,1,17,,231631,58,,,1,16,,231632,58,,,1,18,,231633,58,,,1,60,,231634,58,,,1,30,,231635,58,,,1,70,,231640,58,,,1,30,,231636,58,,,1,70,,231637,58,,,1,30,,231638,58,,,1
401,'004-Sunday-1-26-09-0000001',614,,231641,58,,,1,20,,231642,58,,,1,20,,231643,58,,,1,60,,231644,58,,,1,20,,231645,58,,,1,20,,231646,58,,,1,60,,231647,58,,,1,20,,231648,58,,,1,20,,231649,58,,,1,62,,231650,58,,,1,26,,231651,58,,,1,61,,231652,58,,,1,20,,231653,58,,,1,15,,231654,58,,,1,15,,231714,58,,,1,55,,231655,58,,,1,15,,231656,58,,,1,15,,231657,58,,,1,15,,231658,58,,,1,55,,231659,58,,,1,15,,231660,58,,,1,15,,231661,58,,,1,15,,231662,58,,,1,55,,231663,58,,,1,15,,231664,58,,,1,15,,231665,58,,,1,15,,231666,58,,,1,55,,231667,58,,,1,15,,231668,58,,,1,15,,231669,58,,,1,15,,231670,58,,,1,55,,231671,58,,,1,15,,231672,58,,,1,15,,231673,58,,,1,15,,231674,58,,,1,55,,231675,58,,,1,15,,231676,58,,,1,15,,231677,58,,,1,15,,231678,58,,,1,55,,231679,58,,,1,11,,231680,58,,,1,15,,231681,58,,,1,14,,231682,58,,,1,55,,231683,58,,,1,15,,231684,58,,,1,15,,231685,58,,,1,15,,231686,58,,,1,55,,231687,58,,,1,15,,231688,58,,,1,15,,231689,58,,,1,15,,231690,58,,,1,55,,231691,58,,,1,15,,231692,58,,,1,15,,231693,58,,,1,15,,231694,58,,,1,55,,231695,58,,,1,15,,231696,58,,,1,15,,231697,58,,,1,15,,231698,58,,,1,55,,231699,58,,,1,15,,231700,58,,,1,15,,231701,58,,,1,15,,231713,58,,,1,56,,231703,58,,,1,20,,231704,58,,,1,23,,231705,58,,,1,59,,231702,58,,,1,16,,231706,58,,,1,16,,231707,58,,,1,64,,231708,58,,,1,31,,231709,58,,,1,69,,231710,58,,,1,30,,231711,58,,,1,70,,231712,58,,,1,30,,231715,58,,,1
90401,'904-Weekday-1-26-09-1111100',548,,293296,25,,,1,70,,293308,25,,,1,35,,293312,25,,,1,60,,293309,25,,,1,20,,293311,25,,,1,20,,293310,25,,,1,60,,293317,25,,,1,20,,293316,25,,,1,23,,293315,25,,,1,69,,293314,25,,,1,30,,293302,25,,,1,70,,293298,25,,,1,30,,293307,25,,,1,70,,293306,25,,,1,30,,293305,25,,,1,70,,293297,25,,,1,30,,293303,25,,,1,70,,293304,25,,,1,30,,293299,25,,,1,70,,293300,25,,,1,27,,293301,25,,,1,63,,293318,25,,,1,22,,293319,25,,,1,9,,293313,25,,,1,11,,293320,25,,,1,60,,293321,25,,,1,20,,293322,25,,,1,20,,293323,25,,,1,60,,293324,25,,,1,13,,293325,25,,,1,70,,293326,25,,,1,30,,293327,25,,,1,25,,293328,25,,,1,71,,293329,25,,,1,30,,293330,25,,,1,70,,293331,25,,,1,30,,293332,25,,,1,70,,293333,25,,,1,30,,293334,25,,,1,98,,293335,25,,,1
90401,'904-Weekday-2-26-09-1111100',548,,293336,25,,,1,70,,293348,25,,,1,35,,293352,25,,,1,60,,293349,25,,,1,20,,293351,25,,,1,20,,293350,25,,,1,60,,293357,25,,,1,20,,293356,25,,,1,23,,293355,25,,,1,69,,293354,25,,,1,30,,293342,25,,,1,70,,293338,25,,,1,30,,293347,25,,,1,70,,293346,25,,,1,30,,293345,25,,,1,70,,293337,25,,,1,30,,293343,25,,,1,70,,293344,25,,,1,30,,293339,25,,,1,70,,293340,25,,,1,27,,293341,25,,,1,63,,293358,25,,,1,22,,293359,25,,,1,9,,293353,25,,,1,11,,293360,25,,,1,60,,293361,25,,,1,20,,293362,25,,,1,20,,293363,25,,,1,60,,293364,25,,,1,13,,293365,25,,,1,70,,293366,25,,,1,30,,293367,25,,,1,25,,293368,25,,,1,71,,293369,25,,,1,30,,293370,25,,,1,70,,293371,25,,,1,30,,293372,25,,,1,70,,293373,25,,,1,30,,293374,25,,,1,98,,293375,25,,,1
90401,'904-Weekday-3-26-09-1111100',548,,293376,25,,,1,70,,293388,25,,,1,35,,293392,25,,,1,60,,293389,25,,,1,20,,293391,25,,,1,20,,293390,25,,,1,60,,293396,25,,,1,20,,293395,25,,,1,23,,293394,25,,,1,69,,293393,25,,,1,30,,293382,25,,,1,70,,293378,25,,,1,30,,293387,25,,,1,70,,293386,25,,,1,30,,293385,25,,,1,70,,293377,25,,,1,30,,293383,25,,,1,70,,293384,25,,,1,30,,293379,25,,,1,70,,293380,25,,,1,27,,293381,25,,,1,63,,293397,25,,,1,22,,293398,25,,,1,20,,293399,25,,,1,60,,293400,25,,,1,20,,293401,25,,,1,20,,293402,25,,,1,60,,293403,25,,,1,13,,293404,25,,,1,70,,293405,25,,,1,30,,293406,25,,,1,25,,293407,25,,,1,71,,293408,25,,,1,30,,293409,25,,,1,70,,293410,25,,,1,30,,293411,25,,,1,70,,293412,25,,,1,30,,293413,25,,,1,98,,293414,25,,,1
90401,'904-Weekday-4-26-09-1111100',548,,293415,25,,,1,70,,293427,25,,,1,35,,293431,25,,,1,60,,293428,25,,,1,20,,293430,25,,,1,20,,293429,25,,,1,60,,293435,25,,,1,20,,293434,25,,,1,23,,293433,25,,,1,69,,293432,25,,,1,30,,293421,25,,,1,70,,293417,25,,,1,30,,293426,25,,,1,70,,293425,25,,,1,30,,293424,25,,,1,70,,293416,25,,,1,30,,293422,25,,,1,70,,293423,25,,,1,30,,293418,25,,,1,70,,293419,25,,,1,27,,293420,25,,,1,63,,293436,25,,,1,22,,293437,25,,,1,20,,293438,25,,,1,60,,293439,25,,,1,20,,293440,25,,,1,20,,293441,25,,,1,60,,293442,25,,,1,13,,293443,25,,,1,70,,293444,25,,,1,30,,293445,25,,,1,25,,293446,25,,,1,71,,293447,25,,,1,30,,293448,25,,,1,70,,293449,25,,,1,30,,293450,25,,,1,70,,293451,25,,,1,30,,293452,25,,,1,98,,293453,25,,,1
90401,'904-Weekday-5-26-09-1111100',548,,293454,25,,,1,70,,293466,25,,,1,35,,293470,25,,,1,60,,293467,25,,,1,20,,293469,25,,,1,20,,293468,25,,,1,60,,293474,25,,,1,20,,293473,25,,,1,23,,293472,25,,,1,69,,293471,25,,,1,30,,293460,25,,,1,70,,293456,25,,,1,30,,293465,25,,,1,70,,293464,25,,,1,30,,293463,25,,,1,70,,293455,25,,,1,30,,293461,25,,,1,70,,293462,25,,,1,30,,293457,25,,,1,70,,293458,25,,,1,27,,293459,25,,,1,63,,293475,25,,,1,22,,293476,25,,,1,20,,293477,25,,,1,60,,293478,25,,,1,20,,293479,25,,,1,20,,293480,25,,,1,60,,293481,25,,,1,13,,293482,25,,,1,70,,293483,25,,,1,30,,293484,25,,,1,25,,293485,25,,,1,71,,293486,25,,,1,30,,293487,25,,,1,70,,293488,25,,,1,30,,293489,25,,,1,70,,293490,25,,,1,30,,293491,25,,,1,98,,293492,25,,,1
90401,'904-Weekday-6-26-09-1111100',548,,293493,25,,,1,70,,293505,25,,,1,35,,293509,25,,,1,60,,293506,25,,,1,20,,293508,25,,,1,20,,293507,25,,,1,60,,293514,25,,,1,20,,293513,25,,,1,23,,293512,25,,,1,69,,293511,25,,,1,30,,293499,25,,,1,70,,293495,25,,,1,30,,293504,25,,,1,70,,293503,25,,,1,30,,293502,25,,,1,70,,293494,25,,,1,30,,293500,25,,,1,70,,293501,25,,,1,30,,293496,25,,,1,70,,293497,25,,,1,27,,293498,25,,,1,63,,293515,25,,,1,22,,293516,25,,,1,9,,293510,25,,,1,11,,293517,25,,,1,60,,293518,25,,,1,20,,293519,25,,,1,20,,293520,25,,,1,60,,293521,25,,,1,13,,293522,25,,,1,70,,293523,25,,,1,30,,293524,25,,,1,25,,293525,25,,,1,71,,293526,25,,,1,30,,293527,25,,,1,70,,293528,25,,,1,30,,293529,25,,,1,70,,293530,25,,,1,30,,293531,25,,,1,98,,293532,25,,,1
90401,'904-Weekday-7-26-09-1111100',548,,293533,25,,,1,70,,293545,25,,,1,35,,293549,25,,,1,60,,293546,25,,,1,20,,293548,25,,,1,20,,293547,25,,,1,60,,293553,25,,,1,20,,293552,25,,,1,23,,293551,25,,,1,69,,293550,25,,,1,30,,293539,25,,,1,70,,293535,25,,,1,30,,293544,25,,,1,70,,293543,25,,,1,30,,293542,25,,,1,70,,293534,25,,,1,30,,293540,25,,,1,70,,293541,25,,,1,30,,293536,25,,,1,70,,293537,25,,,1,27,,293538,25,,,1,63,,293554,25,,,1,22,,293555,25,,,1,20,,293556,25,,,1,60,,293557,25,,,1,20,,293558,25,,,1,20,,293559,25,,,1,60,,293560,25,,,1,13,,293561,25,,,1,70,,293562,25,,,1,30,,293563,25,,,1,25,,293564,25,,,1,71,,293565,25,,,1,30,,293566,25,,,1,70,,293567,25,,,1,30,,293568,25,,,1,70,,293569,25,,,1,30,,293570,25,,,1,98,,293571,25,,,1
90401,'904-Saturday-1-26-09-0000010',713,,293572,25,,,1,100,,293573,25,,,1,27,,293574,25,,,1,69,,293575,25,,,1,29,,293576,25,,,1,70,,293577,25,,,1,30,,293578,25,,,1,70,,293579,25,,,1,30,,293580,25,,,1,70,,293581,25,,,1,30,,293582,25,,,1,70,,293583,25,,,1,30,,293584,25,,,1,70,,293585,25,,,1,30,,293586,25,,,1,70,,293587,25,,,1,30,,293588,25,,,1,70,,293589,25,,,1,30,,293590,25,,,1,69,,293591,25,,,1,30,,293592,25,,,1,70,,293593,25,,,1,30,,293594,25,,,1,70,,293595,25,,,1,30,,293596,25,,,1,100,,293597,25,,,1,100,,293598,25,,,1
90401,'904-Sunday-1-26-09-0000001',740,,293599,25,,,1,100,,293600,25,,,1,99,,293601,25,,,1,70,,293602,25,,,1,30,,293603,25,,,1,70,,293604,25,,,1,30,,293605,25,,,1,70,,293606,25,,,1,30,,293607,25,,,1,70,,293608,25,,,1,30,,293609,25,,,1,70,,293610,25,,,1,30,,293611,25,,,1,70,,293612,25,,,1,30,,293613,25,,,1,70,,293614,25,,,1,30,,293615,25,,,1,69,,293616,25,,,1,29,,293617,25,,,1,70,,293618,25,,,1,30,,293619,25,,,1,70,,293620,25,,,1
