91200,'912-Weekday-1-26-06-1111100',553,,184086,16,4,,1,70,,184087,16,4,,1,30,,184088,16,4,,1,70,,184089,16,4,,1,30,,184090,16,4,,1,70,,184091,16,4,,1,30,,184092,16,4,,1,69,,184093,16,4,,1,30,,184094,16,4,,1,70,,184095,16,4,,1,30,,184096,16,4,,1,70,,184097,16,4,,1,30,,184098,16,4,,1,70,,184099,16,4,,1,30,,184100,16,4,,1,70,,184101,16,4,,1,30,,184102,16,4,,1,70,,184103,16,4,,1,30,,184104,16,4,,1,74,,184105,16,4,,1,30,,184106,16,4,,1,70,,184107,16,4,,1,30,,184108,16,4,,1,70,,184109,16,4,,1,30,,184110,16,4,,1,70,,184111,16,4,,1,24,,184112,16,4,,1,70,,184113,16,4,,1,30,,184114,16,4,,1,70,,184115,16,4,,1,30,,184116,16,4,,1,70,,184117,16,4,,1,30,,184118,16,4,,1,69,,184119,16,4,,1
91200,'912-Weekday-2-26-06-1111100',553,,200996,16,4,,1,70,,200997,16,4,,1,30,,200998,16,4,,1,70,,200999,16,4,,1,30,,201000,16,4,,1,70,,201001,16,4,,1,30,,201002,16,4,,1,69,,201003,16,4,,1,30,,201004,16,4,,1,70,,201005,16,4,,1,30,,201006,16,4,,1,70,,201007,16,4,,1,30,,201008,16,4,,1,70,,201009,16,4,,1,30,,201010,16,4,,1,70,,201011,16,4,,1,30,,201012,16,4,,1,70,,201013,16,4,,1,30,,201014,16,4,,1,74,,201015,16,4,,1,30,,201016,16,4,,1,70,,201017,16,4,,1,30,,201018,16,4,,1,70,,201019,16,4,,1,30,,201020,16,4,,1,70,,201021,16,4,,1,24,,201022,16,4,,1,70,,201023,16,4,,1,30,,201024,16,4,,1,70,,201025,16,4,,1,30,,201026,16,4,,1,70,,201027,16,4,,1,30,,201028,16,4,,1,69,,201029,16,4,,1
91200,'912-Saturday-1-26-06-0000010',801,,184121,16,4,,1,30,,184122,16,4,,1,70,,184120,16,4,,1,45,,184123,16,4,,1,70,,184124,16,4,,1,30,,184125,16,4,,1,70,,184126,16,4,,1,30,,184127,16,4,,1,70,,184128,16,4,,1,30,,184129,16,4,,1,70,,184130,16,4,,1,30,,184131,16,4,,1,70,,184132,16,4,,1,30,,184133,16,4,,1,70,,184134,16,4,,1,30,,184135,16,4,,1,70,,184136,16,4,,1,30,,184137,16,4,,1,69,,184138,16,4,,1,31,,184139,16,4,,1,70,,184140,16,4,,1,30,,184141,16,4,,1,70,,184142,16,4,,1
91200,'912-Saturday-2-26-06-0000010',801,,223248,16,4,,1,30,,223249,16,4,,1,70,,223247,16,4,,1,45,,223250,16,4,,1,70,,223251,16,4,,1,30,,223252,16,4,,1,70,,223253,16,4,,1,30,,223254,16,4,,1,70,,223255,16,4,,1,30,,223256,16,4,,1,70,,223257,16,4,,1,30,,223258,16,4,,1,70,,223259,16,4,,1,30,,223260,16,4,,1,70,,223261,16,4,,1,30,,223262,16,4,,1,70,,223263,16,4,,1,30,,223264,16,4,,1,69,,223265,16,4,,1,31,,223266,16,4,,1,70,,223267,16,4,,1,30,,223268,16,4,,1,70,,223269,16,4,,1
91200,'912-Sunday-2-26-06-0000001',1015,,201031,16,4,,1,30,,201032,16,4,,1,70,,201030,16,4,,1,30,,201033,16,4,,1,70,,201034,16,4,,1,30,,201035,16,4,,1,70,,201036,16,4,,1,30,,201037,16,4,,1,70,,201038,16,4,,1,30,,201039,16,4,,1,70,,201040,16,4,,1,30,,201041,16,4,,1,70,,201042,16,4,,1,30,,201043,16,4,,1,70,,201044,16,4,,1,30,,201045,16,4,,1,70,,201046,16,4,,1,30,,201047,16,4,,1,70,,201048,16,4,,1
91200,'912-Sunday-3-26-06-0000001',1015,,223271,16,4,,1,30,,223272,16,4,,1,70,,223270,16,4,,1,30,,223273,16,4,,1,70,,223274,16,4,,1,30,,223275,16,4,,1,70,,223276,16,4,,1,30,,223277,16,4,,1,70,,223278,16,4,,1,30,,223279,16,4,,1,70,,223280,16,4,,1,30,,223281,16,4,,1,70,,223282,16,4,,1,30,,223283,16,4,,1,70,,223284,16,4,,1,30,,223285,16,4,,1,70,,223286,16,4,,1,30,,223287,16,4,,1,70,,223288,16,4,,1
91200,'912-Sunday-6-26-06-0000001',1015,,223290,16,4,,1,30,,223291,16,4,,1,70,,223289,16,4,,1,30,,223292,16,4,,1,70,,223293,16,4,,1,30,,223294,16,4,,1,70,,223295,16,4,,1,30,,223296,16,4,,1,70,,223297,16,4,,1,30,,223298,16,4,,1,70,,223299,16,4,,1,30,,223300,16,4,,1,70,,223301,16,4,,1,30,,223302,16,4,,1,70,,223303,16,4,,1,30,,223304,16,4,,1,70,,223305,16,4,,1,30,,223306,16,4,,1,70,,223307,16,4,,1
91200,'912-Sunday-7-26-06-0000001',1015,,223309,16,4,,1,30,,223310,16,4,,1,70,,223308,16,4,,1,30,,223311,16,4,,1,70,,223312,16,4,,1,30,,223313,16,4,,1,70,,223314,16,4,,1,30,,223315,16,4,,1,70,,223316,16,4,,1,30,,223317,16,4,,1,70,,223318,16,4,,1,30,,223319,16,4,,1,70,,223320,16,4,,1,30,,223321,16,4,,1,70,,223322,16,4,,1,30,,223323,16,4,,1,70,,223324,16,4,,1,30,,223325,16,4,,1,70,,223326,16,4,,1
91201,'912-Weekday-1-26-06-1111100',556,,184163,1,,,1,70,,184162,1,,,1,30,,184164,1,,,1,70,,184165,1,,,1,30,,184166,1,,,1,74,,184167,1,,,1,70,,184168,1,,,1,30,,184169,1,,,1,70,,184170,1,,,1,30,,184171,1,,,1,70,,184172,1,,,1,30,,184173,1,,,1,70,,184174,1,,,1,30,,184175,1,,,1,70,,184176,1,,,1,30,,184177,1,,,1,70,,184178,1,,,1,30,,184179,1,,,1,29,,184180,1,,,1,70,,184181,1,,,1,30,,184182,1,,,1,70,,184183,1,,,1,30,,184184,1,,,1,70,,184185,1,,,1,30,,184186,1,,,1,70,,184187,1,,,1,72,,184188,1,,,1,30,,184189,1,,,1,70,,184190,1,,,1,30,,184191,1,,,1,70,,184192,1,,,1,30,,184193,1,,,1,70,,184194,1,,,1
91201,'912-Weekday-2-26-06-1111100',556,,201050,1,,,1,70,,201049,1,,,1,30,,201051,1,,,1,70,,201052,1,,,1,30,,201053,1,,,1,74,,201054,1,,,1,70,,201055,1,,,1,30,,201056,1,,,1,70,,201057,1,,,1,30,,201058,1,,,1,70,,201059,1,,,1,30,,201060,1,,,1,70,,201061,1,,,1,30,,201062,1,,,1,70,,201063,1,,,1,30,,201064,1,,,1,70,,201065,1,,,1,30,,201066,1,,,1,29,,201067,1,,,1,70,,201068,1,,,1,30,,201069,1,,,1,70,,201070,1,,,1,30,,201071,1,,,1,70,,201072,1,,,1,30,,201073,1,,,1,70,,201074,1,,,1,72,,201075,1,,,1,30,,201076,1,,,1,70,,201077,1,,,1,30,,201078,1,,,1,70,,201079,1,,,1,30,,201080,1,,,1,70,,201081,1,,,1
91201,'912-Saturday-1-26-06-0000010',804,,184196,1,,,1,30,,184195,1,,,1,70,,184197,1,,,1,27,,184198,1,,,1,70,,184199,1,,,1,30,,184200,1,,,1,70,,184201,1,,,1,30,,184202,1,,,1,70,,184203,1,,,1,30,,184204,1,,,1,70,,184205,1,,,1,30,,184206,1,,,1,70,,184207,1,,,1,30,,184208,1,,,1,70,,184209,1,,,1,30,,184210,1,,,1,70,,184211,1,,,1,30,,184212,1,,,1,71,,184213,1,,,1,31,,184214,1,,,1,70,,184215,1,,,1,30,,184216,1,,,1,70,,184217,1,,,1
91201,'912-Saturday-2-26-06-0000010',804,,223328,1,,,1,30,,223327,1,,,1,70,,223329,1,,,1,27,,223330,1,,,1,70,,223331,1,,,1,30,,223332,1,,,1,70,,223333,1,,,1,30,,223334,1,,,1,70,,223335,1,,,1,30,,223336,1,,,1,70,,223337,1,,,1,30,,223338,1,,,1,70,,223339,1,,,1,30,,223340,1,,,1,70,,223341,1,,,1,30,,223342,1,,,1,70,,223343,1,,,1,30,,223344,1,,,1,71,,223345,1,,,1,31,,223346,1,,,1,70,,223347,1,,,1,30,,223348,1,,,1,70,,223349,1,,,1
91201,'912-Sunday-2-26-06-0000001',1000,,201083,1,,,1,30,,201082,1,,,1,70,,201084,1,,,1,30,,201085,1,,,1,70,,201086,1,,,1,30,,201087,1,,,1,70,,201088,1,,,1,30,,201089,1,,,1,70,,201090,1,,,1,30,,201091,1,,,1,70,,201092,1,,,1,30,,201093,1,,,1,70,,201094,1,,,1,30,,201095,1,,,1,70,,201096,1,,,1,30,,201097,1,,,1,70,,201098,1,,,1,30,,201099,1,,,1,70,,201100,1,,,1
91201,'912-Sunday-3-26-06-0000001',1000,,223351,1,,,1,30,,223350,1,,,1,70,,223352,1,,,1,30,,223353,1,,,1,70,,223354,1,,,1,30,,223355,1,,,1,70,,223356,1,,,1,30,,223357,1,,,1,70,,223358,1,,,1,30,,223359,1,,,1,70,,223360,1,,,1,30,,223361,1,,,1,70,,223362,1,,,1,30,,223363,1,,,1,70,,223364,1,,,1,30,,223365,1,,,1,70,,223366,1,,,1,30,,223367,1,,,1,70,,223368,1,,,1
91201,'912-Sunday-6-26-06-0000001',1000,,223370,1,,,1,30,,223369,1,,,1,70,,223371,1,,,1,30,,223372,1,,,1,70,,223373,1,,,1,30,,223374,1,,,1,70,,223375,1,,,1,30,,223376,1,,,1,70,,223377,1,,,1,30,,223378,1,,,1,70,,223379,1,,,1,30,,223380,1,,,1,70,,223381,1,,,1,30,,223382,1,,,1,70,,223383,1,,,1,30,,223384,1,,,1,70,,223385,1,,,1,30,,223386,1,,,1,70,,223387,1,,,1
91201,'912-Sunday-7-26-06-0000001',1000,,223389,1,,,1,30,,223388,1,,,1,70,,223390,1,,,1,30,,223391,1,,,1,70,,223392,1,,,1,30,,223393,1,,,1,70,,223394,1,,,1,30,,223395,1,,,1,70,,223396,1,,,1,30,,223397,1,,,1,70,,223398,1,,,1,30,,223399,1,,,1,70,,223400,1,,,1,30,,223401,1,,,1,70,,223402,1,,,1,30,,223403,1,,,1,70,,223404,1,,,1,30,,223405,1,,,1,70,,223406,1,,,1
92100,'921-Weekday-1-26-06-1111100',558,,185550,24,4,,1,70,,185551,24,4,,1,72,,185552,24,4,,1,25,,185553,24,4,,1,20,,185554,24,4,,1,60,,185555,24,4,,1,20,,185556,24,4,,1,20,,185557,24,4,,1,60,,185558,24,4,,1,24,,185559,24,4,,1,30,,185560,24,4,,1,70,,185561,24,4,,1,30,,185562,24,4,,1,70,,185563,24,4,,1,30,,185564,24,4,,1,70,,185565,24,4,,1,30,,185566,24,4,,1,70,,185567,24,4,,1,30,,185568,24,4,,1,70,,185569,24,4,,1,30,,185570,24,4,,1,74,,185571,24,4,,1,73,,185572,24,4,,1,20,,185573,24,4,,1,20,,185574,24,4,,1,60,,185575,24,4,,1,20,,185576,24,4,,1,20,,185577,24,4,,1,60,,185578,24,4,,1,20,,185579,24,4,,1,18,,185580,24,4,,1,64,,185581,24,4,,1,30,,185582,24,4,,1,70,,185583,24,4,,1,30,,185584,24,4,,1,70,,185585,24,4,,1,30,,185586,24,4,,1,70,,185587,24,4,,1,30,,185588,24,4,,1,100,,185589,24,4,,1
92100,'921-Weekday-2-26-06-1111100',558,,202004,24,4,,1,70,,202005,24,4,,1,72,,202006,24,4,,1,25,,202007,24,4,,1,20,,202008,24,4,,1,60,,202009,24,4,,1,20,,202010,24,4,,1,20,,202011,24,4,,1,60,,202012,24,4,,1,24,,202013,24,4,,1,30,,202014,24,4,,1,70,,202015,24,4,,1,30,,202016,24,4,,1,70,,202017,24,4,,1,30,,202018,24,4,,1,70,,202019,24,4,,1,30,,202020,24,4,,1,70,,202021,24,4,,1,30,,202022,24,4,,1,70,,202023,24,4,,1,30,,202024,24,4,,1,74,,202025,24,4,,1,73,,202026,24,4,,1,20,,202027,24,4,,1,20,,202028,24,4,,1,60,,202029,24,4,,1,20,,202030,24,4,,1,20,,202031,24,4,,1,60,,202032,24,4,,1,20,,202033,24,4,,1,18,,202034,24,4,,1,64,,202035,24,4,,1,30,,202036,24,4,,1,70,,202037,24,4,,1,30,,202038,24,4,,1,70,,202039,24,4,,1,30,,202040,24,4,,1,70,,202041,24,4,,1,30,,202042,24,4,,1,100,,202043,24,4,,1
92100,'921-Saturday-1-26-06-0000010',727,,185590,24,4,,1,100,,185591,24,4,,1,100,,185592,24,4,,1,30,,185593,24,4,,1,70,,185594,24,4,,1,30,,185595,24,4,,1,70,,185596,24,4,,1,30,,185597,24,4,,1,70,,185598,24,4,,1,30,,185599,24,4,,1,70,,185600,24,4,,1,30,,185601,24,4,,1,70,,185602,24,4,,1,30,,185603,24,4,,1,70,,185604,24,4,,1,30,,185605,24,4,,1,70,,185606,24,4,,1,30,,185607,24,4,,1,70,,185608,24,4,,1,30,,185609,24,4,,1,70,,185610,24,4,,1,30,,185611,24,4,,1,70,,185612,24,4,,1,100,,185613,24,4,,1,100,,185614,24,4,,1,100,,185615,24,4,,1,100,,185616,24,4,,1
92100,'921-Saturday-2-26-06-0000010',727,,224805,24,4,,1,100,,224806,24,4,,1,100,,224807,24,4,,1,30,,224808,24,4,,1,70,,224809,24,4,,1,30,,224810,24,4,,1,70,,224811,24,4,,1,30,,224812,24,4,,1,70,,224813,24,4,,1,30,,224814,24,4,,1,70,,224815,24,4,,1,30,,224816,24,4,,1,70,,224817,24,4,,1,30,,224818,24,4,,1,70,,224819,24,4,,1,30,,224820,24,4,,1,70,,224821,24,4,,1,30,,224822,24,4,,1,70,,224823,24,4,,1,30,,224824,24,4,,1,70,,224825,24,4,,1,30,,224826,24,4,,1,70,,224827,24,4,,1,100,,224828,24,4,,1,100,,224829,24,4,,1,100,,224830,24,4,,1,100,,224831,24,4,,1
92100,'921-Sunday-2-26-06-0000001',927,,202044,24,4,,1,100,,202045,24,4,,1,100,,202046,24,4,,1,30,,202047,24,4,,1,70,,202048,24,4,,1,30,,202049,24,4,,1,70,,202050,24,4,,1,30,,202051,24,4,,1,70,,202052,24,4,,1,30,,202053,24,4,,1,70,,202054,24,4,,1,30,,202055,24,4,,1,70,,202056,24,4,,1,30,,202057,24,4,,1,70,,202058,24,4,,1,30,,202059,24,4,,1,70,,202060,24,4,,1,30,,202061,24,4,,1,70,,202062,24,4,,1,100,,202063,24,4,,1,100,,202064,24,4,,1,100,,202065,24,4,,1,100,,202066,24,4,,1
92100,'921-Sunday-3-26-06-0000001',927,,224832,24,4,,1,100,,224833,24,4,,1,100,,224834,24,4,,1,30,,224835,24,4,,1,70,,224836,24,4,,1,30,,224837,24,4,,1,70,,224838,24,4,,1,30,,224839,24,4,,1,70,,224840,24,4,,1,30,,224841,24,4,,1,70,,224842,24,4,,1,30,,224843,24,4,,1,70,,224844,24,4,,1,30,,224845,24,4,,1,70,,224846,24,4,,1,30,,224847,24,4,,1,70,,224848,24,4,,1,30,,224849,24,4,,1,70,,224850,24,4,,1,100,,224851,24,4,,1,100,,224852,24,4,,1,100,,224853,24,4,,1,100,,224854,24,4,,1
92100,'921-Sunday-6-26-06-0000001',927,,224855,24,4,,1,100,,224856,24,4,,1,100,,224857,24,4,,1,30,,224858,24,4,,1,70,,224859,24,4,,1,30,,224860,24,4,,1,70,,224861,24,4,,1,30,,224862,24,4,,1,70,,224863,24,4,,1,30,,224864,24,4,,1,70,,224865,24,4,,1,30,,224866,24,4,,1,70,,224867,24,4,,1,30,,224868,24,4,,1,70,,224869,24,4,,1,30,,224870,24,4,,1,70,,224871,24,4,,1,30,,224872,24,4,,1,70,,224873,24,4,,1,100,,224874,24,4,,1,100,,224875,24,4,,1,100,,224876,24,4,,1,100,,224877,24,4,,1
92100,'921-Sunday-7-26-06-0000001',927,,224878,24,4,,1,100,,224879,24,4,,1,100,,224880,24,4,,1,30,,224881,24,4,,1,70,,224882,24,4,,1,30,,224883,24,4,,1,70,,224884,24,4,,1,30,,224885,24,4,,1,70,,224886,24,4,,1,30,,224887,24,4,,1,70,,224888,24,4,,1,30,,224889,24,4,,1,70,,224890,24,4,,1,30,,224891,24,4,,1,70,,224892,24,4,,1,30,,224893,24,4,,1,70,,224894,24,4,,1,30,,224895,24,4,,1,70,,224896,24,4,,1,100,,224897,24,4,,1,100,,224898,24,4,,1,100,,224899,24,4,,1,100,,224900,24,4,,1
92101,'921-Weekday-1-26-06-1111100',517,,185640,1,,,1,30,,185641,1,,,1,70,,185642,1,,,1,24,,185643,1,,,1,60,,185644,1,,,1,20,,185645,1,,,1,20,,185646,1,,,1,60,,185647,1,,,1,20,,185648,1,,,1,24,,185649,1,,,1,70,,185650,1,,,1,30,,185651,1,,,1,70,,185652,1,,,1,30,,185653,1,,,1,70,,185654,1,,,1,30,,185655,1,,,1,70,,185656,1,,,1,30,,185657,1,,,1,70,,185658,1,,,1,30,,185659,1,,,1,70,,185660,1,,,1,30,,185661,1,,,1,72,,185677,1,,,1,20,,185663,1,,,1,20,,185664,1,,,1,60,,185665,1,,,1,20,,185666,1,,,1,20,,185667,1,,,1,60,,185668,1,,,1,20,,185669,1,,,1,20,,185670,1,,,1,70,,185671,1,,,1,30,,185672,1,,,1,70,,185673,1,,,1,30,,185674,1,,,1,70,,185675,1,,,1,30,,185676,1,,,1,70,,185662,1,,,1,30,,185678,1,,,1,100,,185679,1,,,1
92101,'921-Weekday-2-26-06-1111100',517,,202067,1,,,1,30,,202068,1,,,1,70,,202069,1,,,1,24,,202070,1,,,1,60,,202071,1,,,1,20,,202072,1,,,1,20,,202073,1,,,1,60,,202074,1,,,1,20,,202075,1,,,1,24,,202076,1,,,1,70,,202077,1,,,1,30,,202078,1,,,1,70,,202079,1,,,1,30,,202080,1,,,1,70,,202081,1,,,1,30,,202082,1,,,1,70,,202083,1,,,1,30,,202084,1,,,1,70,,202085,1,,,1,30,,202086,1,,,1,70,,202087,1,,,1,30,,202088,1,,,1,72,,202104,1,,,1,20,,202090,1,,,1,20,,202091,1,,,1,60,,202092,1,,,1,20,,202093,1,,,1,20,,202094,1,,,1,60,,202095,1,,,1,20,,202096,1,,,1,20,,202097,1,,,1,70,,202098,1,,,1,30,,202099,1,,,1,70,,202100,1,,,1,30,,202101,1,,,1,70,,202102,1,,,1,30,,202103,1,,,1,70,,202089,1,,,1,30,,202105,1,,,1,100,,202106,1,,,1
92101,'921-Saturday-1-26-06-0000010',648,,185701,1,,,1,100,,185703,1,,,1,100,,185704,1,,,1,68,,185697,1,,,1,30,,185699,1,,,1,70,,185692,1,,,1,30,,185681,1,,,1,70,,185695,1,,,1,30,,185706,1,,,1,70,,185694,1,,,1,30,,185682,1,,,1,70,,185693,1,,,1,30,,185684,1,,,1,70,,185691,1,,,1,30,,185705,1,,,1,70,,185690,1,,,1,30,,185685,1,,,1,70,,185689,1,,,1,30,,185680,1,,,1,72,,185687,1,,,1,30,,185686,1,,,1,70,,185688,1,,,1,30,,185702,1,,,1,100,,185698,1,,,1,100,,185700,1,,,1,100,,185696,1,,,1,100,,185683,1,,,1
92101,'921-Saturday-2-26-06-0000010',648,,224922,1,,,1,100,,224924,1,,,1,100,,224925,1,,,1,68,,224918,1,,,1,30,,224920,1,,,1,70,,224913,1,,,1,30,,224902,1,,,1,70,,224916,1,,,1,30,,224927,1,,,1,70,,224915,1,,,1,30,,224903,1,,,1,70,,224914,1,,,1,30,,224905,1,,,1,70,,224912,1,,,1,30,,224926,1,,,1,70,,224911,1,,,1,30,,224906,1,,,1,70,,224910,1,,,1,30,,224901,1,,,1,72,,224908,1,,,1,30,,224907,1,,,1,70,,224909,1,,,1,30,,224923,1,,,1,100,,224919,1,,,1,100,,224921,1,,,1,100,,224917,1,,,1,100,,224904,1,,,1
92101,'921-Sunday-2-26-06-0000001',845,,202111,1,,,1,100,,202119,1,,,1,100,,202108,1,,,1,70,,202112,1,,,1,30,,202126,1,,,1,70,,202124,1,,,1,30,,202123,1,,,1,70,,202115,1,,,1,30,,202118,1,,,1,70,,202121,1,,,1,30,,202117,1,,,1,70,,202114,1,,,1,30,,202107,1,,,1,70,,202113,1,,,1,30,,202120,1,,,1,70,,202125,1,,,1,30,,202129,1,,,1,70,,202110,1,,,1,30,,202128,1,,,1,100,,202122,1,,,1,100,,202116,1,,,1,100,,202127,1,,,1,100,,202109,1,,,1
92101,'921-Sunday-3-26-06-0000001',845,,224932,1,,,1,100,,224940,1,,,1,100,,224929,1,,,1,70,,224933,1,,,1,30,,224947,1,,,1,70,,224945,1,,,1,30,,224944,1,,,1,70,,224936,1,,,1,30,,224939,1,,,1,70,,224942,1,,,1,30,,224938,1,,,1,70,,224935,1,,,1,30,,224928,1,,,1,70,,224934,1,,,1,30,,224941,1,,,1,70,,224946,1,,,1,30,,224950,1,,,1,70,,224931,1,,,1,30,,224949,1,,,1,100,,224943,1,,,1,100,,224937,1,,,1,100,,224948,1,,,1,100,,224930,1,,,1
92101,'921-Sunday-6-26-06-0000001',845,,224955,1,,,1,100,,224963,1,,,1,100,,224952,1,,,1,70,,224956,1,,,1,30,,224970,1,,,1,70,,224968,1,,,1,30,,224967,1,,,1,70,,224959,1,,,1,30,,224962,1,,,1,70,,224965,1,,,1,30,,224961,1,,,1,70,,224958,1,,,1,30,,224951,1,,,1,70,,224957,1,,,1,30,,224964,1,,,1,70,,224969,1,,,1,30,,224973,1,,,1,70,,224954,1,,,1,30,,224972,1,,,1,100,,224966,1,,,1,100,,224960,1,,,1,100,,224971,1,,,1,100,,224953,1,,,1
92101,'921-Sunday-7-26-06-0000001',845,,224978,1,,,1,100,,224986,1,,,1,100,,224975,1,,,1,70,,224979,1,,,1,30,,224993,1,,,1,70,,224991,1,,,1,30,,224990,1,,,1,70,,224982,1,,,1,30,,224985,1,,,1,70,,224988,1,,,1,30,,224984,1,,,1,70,,224981,1,,,1,30,,224974,1,,,1,70,,224980,1,,,1,30,,224987,1,,,1,70,,224992,1,,,1,30,,224996,1,,,1,70,,224977,1,,,1,30,,224995,1,,,1,100,,224989,1,,,1,100,,224983,1,,,1,100,,224994,1,,,1,100,,224976,1,,,1
