10601,'106-Weekday-1-26-06-1111100',547,,170681,24,,,1,70,,170682,24,,,1,37,,170683,24,,,1,70,,170684,24,,,1,15,,170685,24,,,1,15,,170686,24,,,1,55,,170687,24,,,1,15,,170688,24,,,1,15,,170689,24,,,1,15,,170729,24,,,1,59,,170690,24,,,1,20,,170691,24,,,1,20,,170692,24,,,1,60,,170693,24,,,1,20,,170694,24,,,1,20,,170695,24,,,1,60,,170696,24,,,1,20,,170697,24,,,1,20,,170698,24,,,1,60,,170699,24,,,1,20,,170700,24,,,1,20,,170701,24,,,1,60,,170702,24,,,1,20,,170703,24,,,1,20,,170704,24,,,1,60,,170705,24,,,1,20,,170706,24,,,1,20,,170707,24,,,1,56,,170708,24,,,1,15,,170709,24,,,1,15,,170710,24,,,1,15,,170711,24,,,1,55,,170712,24,,,1,15,,170713,24,,,1,15,,170714,24,,,1,15,,170715,24,,,1,55,,170716,24,,,1,15,,170730,24,,,1,30,,170717,24,,,1,69,,170718,24,,,1,27,,170719,24,,,1,70,,170720,24,,,1,30,,170721,24,,,1,70,,170722,24,,,1,30,,170723,24,,,1,70,,170724,24,,,1,30,,170725,24,,,1,68,,170726,24,,,1,100,,170727,24,,,1,100,,170728,24,,,1
10601,'106-Weekday-4-26-06-1111100',547,,193022,24,,,1,70,,193023,24,,,1,37,,193024,24,,,1,70,,193025,24,,,1,15,,193026,24,,,1,15,,193027,24,,,1,55,,193028,24,,,1,15,,193029,24,,,1,15,,193030,24,,,1,15,,193070,24,,,1,59,,193031,24,,,1,20,,193032,24,,,1,20,,193033,24,,,1,60,,193034,24,,,1,20,,193035,24,,,1,20,,193036,24,,,1,60,,193037,24,,,1,20,,193038,24,,,1,20,,193039,24,,,1,60,,193040,24,,,1,20,,193041,24,,,1,20,,193042,24,,,1,60,,193043,24,,,1,20,,193044,24,,,1,20,,193045,24,,,1,60,,193046,24,,,1,20,,193047,24,,,1,20,,193048,24,,,1,56,,193049,24,,,1,15,,193050,24,,,1,15,,193051,24,,,1,15,,193052,24,,,1,55,,193053,24,,,1,15,,193054,24,,,1,15,,193055,24,,,1,15,,193056,24,,,1,55,,193057,24,,,1,15,,193071,24,,,1,30,,193058,24,,,1,69,,193059,24,,,1,27,,193060,24,,,1,70,,193061,24,,,1,30,,193062,24,,,1,70,,193063,24,,,1,30,,193064,24,,,1,70,,193065,24,,,1,30,,193066,24,,,1,68,,193067,24,,,1,100,,193068,24,,,1,100,,193069,24,,,1
10601,'106-Saturday-1-26-06-0000010',549,,170781,24,,,1,70,,170782,24,,,1,30,,170783,24,,,1,70,,170784,24,,,1,30,,170785,24,,,1,70,,170786,24,,,1,30,,170787,24,,,1,73,,170788,24,,,1,30,,170789,24,,,1,70,,170790,24,,,1,30,,170791,24,,,1,70,,170792,24,,,1,30,,170793,24,,,1,70,,170794,24,,,1,30,,170795,24,,,1,70,,170796,24,,,1,30,,170797,24,,,1,70,,170798,24,,,1,30,,170799,24,,,1,70,,170800,24,,,1,30,,170801,24,,,1,70,,170802,24,,,1,30,,170803,24,,,1,70,,170804,24,,,1,30,,170805,24,,,1,70,,170806,24,,,1,30,,170807,24,,,1,70,,170808,24,,,1,30,,170809,24,,,1,70,,170810,24,,,1,30,,170811,24,,,1,70,,170812,24,,,1,30,,170813,24,,,1,70,,170814,24,,,1,100,,170815,24,,,1,100,,170816,24,,,1
10601,'106-Saturday-2-26-06-0000010',549,,211270,24,,,1,70,,211271,24,,,1,30,,211272,24,,,1,70,,211273,24,,,1,30,,211274,24,,,1,70,,211275,24,,,1,30,,211276,24,,,1,73,,211277,24,,,1,30,,211278,24,,,1,70,,211279,24,,,1,30,,211280,24,,,1,70,,211281,24,,,1,30,,211282,24,,,1,70,,211283,24,,,1,30,,211284,24,,,1,70,,211285,24,,,1,30,,211286,24,,,1,70,,211287,24,,,1,30,,211288,24,,,1,70,,211289,24,,,1,30,,211290,24,,,1,70,,211291,24,,,1,30,,211292,24,,,1,70,,211293,24,,,1,30,,211294,24,,,1,70,,211295,24,,,1,30,,211296,24,,,1,70,,211297,24,,,1,30,,211298,24,,,1,70,,211299,24,,,1,30,,211300,24,,,1,70,,211301,24,,,1,30,,211302,24,,,1,70,,211303,24,,,1,100,,211304,24,,,1,100,,211305,24,,,1
10601,'106-Sunday-2-26-06-0000001',635,,193072,24,,,1,70,,193073,24,,,1,30,,193074,24,,,1,70,,193075,24,,,1,30,,193076,24,,,1,69,,193077,24,,,1,34,,193078,24,,,1,70,,193079,24,,,1,30,,193080,24,,,1,70,,193081,24,,,1,30,,193082,24,,,1,70,,193083,24,,,1,30,,193084,24,,,1,70,,193085,24,,,1,30,,193086,24,,,1,70,,193087,24,,,1,30,,193088,24,,,1,70,,193089,24,,,1,30,,193090,24,,,1,70,,193091,24,,,1,30,,193092,24,,,1,70,,193093,24,,,1,27,,193094,24,,,1,70,,193095,24,,,1,30,,193096,24,,,1,70,,193097,24,,,1,30,,193098,24,,,1,70,,193099,24,,,1,30,,193100,24,,,1,70,,193101,24,,,1,100,,193102,24,,,1,100,,193103,24,,,1,100,,193104,24,,,1
10601,'106-Sunday-3-26-06-0000001',635,,211306,24,,,1,70,,211307,24,,,1,30,,211308,24,,,1,70,,211309,24,,,1,30,,211310,24,,,1,69,,211311,24,,,1,34,,211312,24,,,1,70,,211313,24,,,1,30,,211314,24,,,1,70,,211315,24,,,1,30,,211316,24,,,1,70,,211317,24,,,1,30,,211318,24,,,1,70,,211319,24,,,1,30,,211320,24,,,1,70,,211321,24,,,1,30,,211322,24,,,1,70,,211323,24,,,1,30,,211324,24,,,1,70,,211325,24,,,1,30,,211326,24,,,1,70,,211327,24,,,1,27,,211328,24,,,1,70,,211329,24,,,1,30,,211330,24,,,1,70,,211331,24,,,1,30,,211332,24,,,1,70,,211333,24,,,1,30,,211334,24,,,1,70,,211335,24,,,1,100,,211336,24,,,1,100,,211337,24,,,1,100,,211338,24,,,1
10601,'106-Sunday-6-26-06-0000001',635,,211339,24,,,1,70,,211340,24,,,1,30,,211341,24,,,1,70,,211342,24,,,1,30,,211343,24,,,1,69,,211344,24,,,1,34,,211345,24,,,1,70,,211346,24,,,1,30,,211347,24,,,1,70,,211348,24,,,1,30,,211349,24,,,1,70,,211350,24,,,1,30,,211351,24,,,1,70,,211352,24,,,1,30,,211353,24,,,1,70,,211354,24,,,1,30,,211355,24,,,1,70,,211356,24,,,1,30,,211357,24,,,1,70,,211358,24,,,1,30,,211359,24,,,1,70,,211360,24,,,1,27,,211361,24,,,1,70,,211362,24,,,1,30,,211363,24,,,1,70,,211364,24,,,1,30,,211365,24,,,1,70,,211366,24,,,1,30,,211367,24,,,1,70,,211368,24,,,1,100,,211369,24,,,1,100,,211370,24,,,1,100,,211371,24,,,1
10601,'106-Sunday-7-26-06-0000001',635,,211372,24,,,1,70,,211373,24,,,1,30,,211374,24,,,1,70,,211375,24,,,1,30,,211376,24,,,1,69,,211377,24,,,1,34,,211378,24,,,1,70,,211379,24,,,1,30,,211380,24,,,1,70,,211381,24,,,1,30,,211382,24,,,1,70,,211383,24,,,1,30,,211384,24,,,1,70,,211385,24,,,1,30,,211386,24,,,1,70,,211387,24,,,1,30,,211388,24,,,1,70,,211389,24,,,1,30,,211390,24,,,1,70,,211391,24,,,1,30,,211392,24,,,1,70,,211393,24,,,1,27,,211394,24,,,1,70,,211395,24,,,1,30,,211396,24,,,1,70,,211397,24,,,1,30,,211398,24,,,1,70,,211399,24,,,1,30,,211400,24,,,1,70,,211401,24,,,1,100,,211402,24,,,1,100,,211403,24,,,1,100,,211404,24,,,1
24015000,'150X-Weekday-1-26-06-1111100',1519,,187132,20,,,1,20,,187133,20,,,1,20,,187134,20,,,1,60,,187135,20,,,1,20,,187136,20,,,1,20,,187137,20,,,1,60,,187138,20,,,1,20,,187139,20,,,1,20,,187140,20,,,1
24015000,'150X-Weekday-2-26-06-1111100',1519,,203036,20,,,1,20,,203037,20,,,1,20,,203038,20,,,1,60,,203039,20,,,1,20,,203040,20,,,1,20,,203041,20,,,1,60,,203042,20,,,1,20,,203043,20,,,1,20,,203044,20,,,1
