52100,'521-Weekday-1-26-06-1111100',544,,176815,4,,,1,72,,176848,4,,,1,17,,176856,4,,,1,15,,176816,4,,,1,55,,176819,4,,,1,15,,176817,4,,,1,15,,176818,4,,,1,15,,176820,4,,,1,55,,176821,4,,,1,15,,176822,4,,,1,15,,176823,4,,,1,15,,176849,4,,,1,68,,176850,4,,,1,30,,176834,4,,,1,70,,176824,4,,,1,30,,176825,4,,,1,70,,176826,4,,,1,30,,176827,4,,,1,70,,176828,4,,,1,30,,176829,4,,,1,70,,176830,4,,,1,30,,176831,4,,,1,70,,176832,4,,,1,30,,176833,4,,,1,69,,176851,4,,,1,15,,176835,4,,,1,15,,176836,4,,,1,55,,176837,4,,,1,15,,176838,4,,,1,15,,176839,4,,,1,15,,176840,4,,,1,55,,176841,4,,,1,15,,176842,4,,,1,15,,176843,4,,,1,15,,176844,4,,,1,59,,176858,4,,,1,17,,176859,4,,,1,26,,176857,4,,,1,72,,176847,4,,,1,29,,176845,4,,,1,70,,176852,4,,,1,30,,176853,4,,,1,70,,176854,4,,,1,30,,176855,4,,,1,70,,176846,4,,,1
52100,'521-Weekday-2-26-06-1111100',544,,196686,4,,,1,72,,196719,4,,,1,17,,196727,4,,,1,15,,196687,4,,,1,55,,196690,4,,,1,15,,196688,4,,,1,15,,196689,4,,,1,15,,196691,4,,,1,55,,196692,4,,,1,15,,196693,4,,,1,15,,196694,4,,,1,15,,196720,4,,,1,68,,196721,4,,,1,30,,196705,4,,,1,70,,196695,4,,,1,30,,196696,4,,,1,70,,196697,4,,,1,30,,196698,4,,,1,70,,196699,4,,,1,30,,196700,4,,,1,70,,196701,4,,,1,30,,196702,4,,,1,70,,196703,4,,,1,30,,196704,4,,,1,69,,196722,4,,,1,15,,196706,4,,,1,15,,196707,4,,,1,55,,196708,4,,,1,15,,196709,4,,,1,15,,196710,4,,,1,15,,196711,4,,,1,55,,196712,4,,,1,15,,196713,4,,,1,15,,196714,4,,,1,15,,196715,4,,,1,59,,196729,4,,,1,17,,196730,4,,,1,26,,196728,4,,,1,72,,196718,4,,,1,29,,196716,4,,,1,70,,196723,4,,,1,30,,196724,4,,,1,70,,196725,4,,,1,30,,196726,4,,,1,70,,196717,4,,,1
52100,'521-Saturday-1-26-06-0000010',811,,176879,4,,,1,28,,176880,4,,,1,68,,176881,4,,,1,30,,176882,4,,,1,70,,176860,4,,,1,30,,176861,4,,,1,70,,176862,4,,,1,30,,176863,4,,,1,70,,176864,4,,,1,30,,176865,4,,,1,70,,176866,4,,,1,30,,176867,4,,,1,70,,176868,4,,,1,30,,176869,4,,,1,70,,176870,4,,,1,30,,176871,4,,,1,70,,176873,4,,,1,31,,176874,4,,,1,71,,176875,4,,,1,30,,176872,4,,,1,70,,176876,4,,,1,30,,176877,4,,,1,70,,176878,4,,,1
52100,'521-Saturday-2-26-06-0000010',811,,217055,4,,,1,28,,217056,4,,,1,68,,217057,4,,,1,30,,217058,4,,,1,70,,217036,4,,,1,30,,217037,4,,,1,70,,217038,4,,,1,30,,217039,4,,,1,70,,217040,4,,,1,30,,217041,4,,,1,70,,217042,4,,,1,30,,217043,4,,,1,70,,217044,4,,,1,30,,217045,4,,,1,70,,217046,4,,,1,30,,217047,4,,,1,70,,217049,4,,,1,31,,217050,4,,,1,71,,217051,4,,,1,30,,217048,4,,,1,70,,217052,4,,,1,30,,217053,4,,,1,70,,217054,4,,,1
52100,'521-Sunday-2-26-06-0000001',1007,,196731,4,,,1,30,,196732,4,,,1,70,,196733,4,,,1,30,,196734,4,,,1,70,,196735,4,,,1,30,,196736,4,,,1,70,,196737,4,,,1,30,,196738,4,,,1,70,,196739,4,,,1,30,,196740,4,,,1,73,,196741,4,,,1,27,,196742,4,,,1,70,,196743,4,,,1,30,,196744,4,,,1,71,,196745,4,,,1,30,,196746,4,,,1,70,,196747,4,,,1,30,,196748,4,,,1,70,,196749,4,,,1
52100,'521-Sunday-3-26-06-0000001',1007,,217059,4,,,1,30,,217060,4,,,1,70,,217061,4,,,1,30,,217062,4,,,1,70,,217063,4,,,1,30,,217064,4,,,1,70,,217065,4,,,1,30,,217066,4,,,1,70,,217067,4,,,1,30,,217068,4,,,1,73,,217069,4,,,1,27,,217070,4,,,1,70,,217071,4,,,1,30,,217072,4,,,1,71,,217073,4,,,1,30,,217074,4,,,1,70,,217075,4,,,1,30,,217076,4,,,1,70,,217077,4,,,1
52100,'521-Sunday-6-26-06-0000001',1007,,217078,4,,,1,30,,217079,4,,,1,70,,217080,4,,,1,30,,217081,4,,,1,70,,217082,4,,,1,30,,217083,4,,,1,70,,217084,4,,,1,30,,217085,4,,,1,70,,217086,4,,,1,30,,217087,4,,,1,73,,217088,4,,,1,27,,217089,4,,,1,70,,217090,4,,,1,30,,217091,4,,,1,71,,217092,4,,,1,30,,217093,4,,,1,70,,217094,4,,,1,30,,217095,4,,,1,70,,217096,4,,,1
52100,'521-Sunday-7-26-06-0000001',1007,,217097,4,,,1,30,,217098,4,,,1,70,,217099,4,,,1,30,,217100,4,,,1,70,,217101,4,,,1,30,,217102,4,,,1,70,,217103,4,,,1,30,,217104,4,,,1,70,,217105,4,,,1,30,,217106,4,,,1,73,,217107,4,,,1,27,,217108,4,,,1,70,,217109,4,,,1,30,,217110,4,,,1,71,,217111,4,,,1,30,,217112,4,,,1,70,,217113,4,,,1,30,,217114,4,,,1,70,,217115,4,,,1
71801,'718-Weekday-1-26-06-1111100',527,,181065,4,,,1,75,,181066,4,,,1,30,,181064,4,,,1,20,,181067,4,,,1,60,,181068,4,,,1,22,,181069,4,,,1,20,,181070,4,,,1,60,,181071,4,,,1,20,,181072,4,,,1,21,,181073,4,,,1,64,,181074,4,,,1,29,,181075,4,,,1,70,,181076,4,,,1,30,,181077,4,,,1,70,,181078,4,,,1,30,,181079,4,,,1,70,,181080,4,,,1,30,,181081,4,,,1,70,,181082,4,,,1,30,,181083,4,,,1,70,,181084,4,,,1,30,,181085,4,,,1,70,,181086,4,,,1,13,,181087,4,,,1,18,,181088,4,,,1,61,,181089,4,,,1,20,,181090,4,,,1,20,,181091,4,,,1,60,,181092,4,,,1,17,,181093,4,,,1,20,,181094,4,,,1,66,,181095,4,,,1,27,,181096,4,,,1,72,,181097,4,,,1,31,,181098,4,,,1,70,,181099,4,,,1,30,,181100,4,,,1,70,,181101,4,,,1,30,,181102,4,,,1
71801,'718-Weekday-2-26-06-1111100',527,,199123,4,,,1,75,,199124,4,,,1,30,,199122,4,,,1,20,,199125,4,,,1,60,,199126,4,,,1,22,,199127,4,,,1,20,,199128,4,,,1,60,,199129,4,,,1,20,,199130,4,,,1,21,,199131,4,,,1,64,,199132,4,,,1,29,,199133,4,,,1,70,,199134,4,,,1,30,,199135,4,,,1,70,,199136,4,,,1,30,,199137,4,,,1,70,,199138,4,,,1,30,,199139,4,,,1,70,,199140,4,,,1,30,,199141,4,,,1,70,,199142,4,,,1,30,,199143,4,,,1,70,,199144,4,,,1,13,,199145,4,,,1,18,,199146,4,,,1,61,,199147,4,,,1,20,,199148,4,,,1,20,,199149,4,,,1,60,,199150,4,,,1,17,,199151,4,,,1,20,,199152,4,,,1,66,,199153,4,,,1,27,,199154,4,,,1,72,,199155,4,,,1,31,,199156,4,,,1,70,,199157,4,,,1,30,,199158,4,,,1,70,,199159,4,,,1,30,,199160,4,,,1
71801,'718-Saturday-1-26-06-0000010',750,,181127,4,,,1,70,,181103,4,,,1,30,,181104,4,,,1,73,,181105,4,,,1,32,,181106,4,,,1,70,,181107,4,,,1,30,,181108,4,,,1,70,,181109,4,,,1,30,,181110,4,,,1,70,,181111,4,,,1,30,,181112,4,,,1,70,,181113,4,,,1,30,,181114,4,,,1,70,,181115,4,,,1,30,,181116,4,,,1,70,,181117,4,,,1,30,,181118,4,,,1,70,,181119,4,,,1,30,,181120,4,,,1,69,,181121,4,,,1,30,,181122,4,,,1,70,,181123,4,,,1,30,,181124,4,,,1,100,,181125,4,,,1,100,,181126,4,,,1
71801,'718-Saturday-2-26-06-0000010',750,,220707,4,,,1,70,,220683,4,,,1,30,,220684,4,,,1,73,,220685,4,,,1,32,,220686,4,,,1,70,,220687,4,,,1,30,,220688,4,,,1,70,,220689,4,,,1,30,,220690,4,,,1,70,,220691,4,,,1,30,,220692,4,,,1,70,,220693,4,,,1,30,,220694,4,,,1,70,,220695,4,,,1,30,,220696,4,,,1,70,,220697,4,,,1,30,,220698,4,,,1,70,,220699,4,,,1,30,,220700,4,,,1,69,,220701,4,,,1,30,,220702,4,,,1,70,,220703,4,,,1,30,,220704,4,,,1,100,,220705,4,,,1,100,,220706,4,,,1
71801,'718-Sunday-2-26-06-0000001',831,,199161,4,,,1,70,,199162,4,,,1,35,,199163,4,,,1,70,,199164,4,,,1,30,,199165,4,,,1,70,,199166,4,,,1,30,,199167,4,,,1,70,,199168,4,,,1,30,,199169,4,,,1,70,,199170,4,,,1,30,,199171,4,,,1,70,,199172,4,,,1,30,,199173,4,,,1,70,,199174,4,,,1,30,,199175,4,,,1,70,,199176,4,,,1,30,,199177,4,,,1,70,,199178,4,,,1,30,,199179,4,,,1,70,,199180,4,,,1,30,,199181,4,,,1,70,,199182,4,,,1,100,,199183,4,,,1,100,,199184,4,,,1
71801,'718-Sunday-3-26-06-0000001',831,,220708,4,,,1,70,,220709,4,,,1,35,,220710,4,,,1,70,,220711,4,,,1,30,,220712,4,,,1,70,,220713,4,,,1,30,,220714,4,,,1,70,,220715,4,,,1,30,,220716,4,,,1,70,,220717,4,,,1,30,,220718,4,,,1,70,,220719,4,,,1,30,,220720,4,,,1,70,,220721,4,,,1,30,,220722,4,,,1,70,,220723,4,,,1,30,,220724,4,,,1,70,,220725,4,,,1,30,,220726,4,,,1,70,,220727,4,,,1,30,,220728,4,,,1,70,,220729,4,,,1,100,,220730,4,,,1,100,,220731,4,,,1
71801,'718-Sunday-6-26-06-0000001',831,,220732,4,,,1,70,,220733,4,,,1,35,,220734,4,,,1,70,,220735,4,,,1,30,,220736,4,,,1,70,,220737,4,,,1,30,,220738,4,,,1,70,,220739,4,,,1,30,,220740,4,,,1,70,,220741,4,,,1,30,,220742,4,,,1,70,,220743,4,,,1,30,,220744,4,,,1,70,,220745,4,,,1,30,,220746,4,,,1,70,,220747,4,,,1,30,,220748,4,,,1,70,,220749,4,,,1,30,,220750,4,,,1,70,,220751,4,,,1,30,,220752,4,,,1,70,,220753,4,,,1,100,,220754,4,,,1,100,,220755,4,,,1
71801,'718-Sunday-7-26-06-0000001',831,,220756,4,,,1,70,,220757,4,,,1,35,,220758,4,,,1,70,,220759,4,,,1,30,,220760,4,,,1,70,,220761,4,,,1,30,,220762,4,,,1,70,,220763,4,,,1,30,,220764,4,,,1,70,,220765,4,,,1,30,,220766,4,,,1,70,,220767,4,,,1,30,,220768,4,,,1,70,,220769,4,,,1,30,,220770,4,,,1,70,,220771,4,,,1,30,,220772,4,,,1,70,,220773,4,,,1,30,,220774,4,,,1,70,,220775,4,,,1,30,,220776,4,,,1,70,,220777,4,,,1,100,,220778,4,,,1,100,,220779,4,,,1
71901,'719-Weekday-1-26-06-1111100',534,,181313,4,,,1,20,,181363,4,,,1,60,,181314,4,,,1,21,,181364,4,,,1,20,,181315,4,,,1,60,,181365,4,,,1,20,,181316,4,,,1,20,,181366,4,,,1,63,,181369,4,,,1,24,,181317,4,,,1,60,,181318,4,,,1,20,,181319,4,,,1,20,,181320,4,,,1,60,,181321,4,,,1,20,,181322,4,,,1,20,,181323,4,,,1,60,,181324,4,,,1,20,,181325,4,,,1,20,,181326,4,,,1,60,,181327,4,,,1,20,,181328,4,,,1,20,,181329,4,,,1,60,,181330,4,,,1,20,,181331,4,,,1,20,,181332,4,,,1,60,,181333,4,,,1,20,,181334,4,,,1,20,,181335,4,,,1,61,,181336,4,,,1,12,,181356,4,,,1,12,,181338,4,,,1,12,,181361,4,,,1,12,,181340,4,,,1,52,,181368,4,,,1,12,,181367,4,,,1,12,,181359,4,,,1,12,,181342,4,,,1,12,,181360,4,,,1,52,,181345,4,,,1,12,,181357,4,,,1,12,,181347,4,,,1,12,,181362,4,,,1,12,,181349,4,,,1,54,,181350,4,,,1,19,,181351,4,,,1,20,,181352,4,,,1,60,,181353,4,,,1,20,,181354,4,,,1,20,,181355,4,,,1,60,,181348,4,,,1,20,,181346,4,,,1,20,,181344,4,,,1,60,,181343,4,,,1,20,,181358,4,,,1,30,,181341,4,,,1,99,,181339,4,,,1,100,,181337,4,,,1
71901,'719-Weekday-2-26-06-1111100',534,,199280,4,,,1,20,,199330,4,,,1,60,,199281,4,,,1,21,,199331,4,,,1,20,,199282,4,,,1,60,,199332,4,,,1,20,,199283,4,,,1,20,,199333,4,,,1,63,,199336,4,,,1,24,,199284,4,,,1,60,,199285,4,,,1,20,,199286,4,,,1,20,,199287,4,,,1,60,,199288,4,,,1,20,,199289,4,,,1,20,,199290,4,,,1,60,,199291,4,,,1,20,,199292,4,,,1,20,,199293,4,,,1,60,,199294,4,,,1,20,,199295,4,,,1,20,,199296,4,,,1,60,,199297,4,,,1,20,,199298,4,,,1,20,,199299,4,,,1,60,,199300,4,,,1,20,,199301,4,,,1,20,,199302,4,,,1,61,,199303,4,,,1,12,,199323,4,,,1,12,,199305,4,,,1,12,,199328,4,,,1,12,,199307,4,,,1,52,,199335,4,,,1,12,,199334,4,,,1,12,,199326,4,,,1,12,,199309,4,,,1,12,,199327,4,,,1,52,,199312,4,,,1,12,,199324,4,,,1,12,,199314,4,,,1,12,,199329,4,,,1,12,,199316,4,,,1,54,,199317,4,,,1,19,,199318,4,,,1,20,,199319,4,,,1,60,,199320,4,,,1,20,,199321,4,,,1,20,,199322,4,,,1,60,,199315,4,,,1,20,,199313,4,,,1,20,,199311,4,,,1,60,,199310,4,,,1,20,,199325,4,,,1,30,,199308,4,,,1,99,,199306,4,,,1,100,,199304,4,,,1
71901,'719-Saturday-1-26-06-0000010',541,,181383,4,,,1,70,,181386,4,,,1,30,,181381,4,,,1,70,,181384,4,,,1,30,,181387,4,,,1,70,,181401,4,,,1,30,,181371,4,,,1,71,,181391,4,,,1,30,,181373,4,,,1,70,,181372,4,,,1,30,,181389,4,,,1,70,,181374,4,,,1,30,,181390,4,,,1,70,,181388,4,,,1,30,,181385,4,,,1,70,,181402,4,,,1,30,,181399,4,,,1,70,,181404,4,,,1,30,,181403,4,,,1,70,,181400,4,,,1,30,,181398,4,,,1,70,,181393,4,,,1,30,,181395,4,,,1,70,,181397,4,,,1,30,,181396,4,,,1,70,,181394,4,,,1,30,,181376,4,,,1,70,,181377,4,,,1,30,,181378,4,,,1,70,,181392,4,,,1,30,,181379,4,,,1,70,,181375,4,,,1,30,,181380,4,,,1,70,,181370,4,,,1,30,,181406,4,,,1,70,,181405,4,,,1,30,,181382,4,,,1
71901,'719-Saturday-2-26-06-0000010',541,,220914,4,,,1,70,,220917,4,,,1,30,,220912,4,,,1,70,,220915,4,,,1,30,,220918,4,,,1,70,,220932,4,,,1,30,,220902,4,,,1,71,,220922,4,,,1,30,,220904,4,,,1,70,,220903,4,,,1,30,,220920,4,,,1,70,,220905,4,,,1,30,,220921,4,,,1,70,,220919,4,,,1,30,,220916,4,,,1,70,,220933,4,,,1,30,,220930,4,,,1,70,,220935,4,,,1,30,,220934,4,,,1,70,,220931,4,,,1,30,,220929,4,,,1,70,,220924,4,,,1,30,,220926,4,,,1,70,,220928,4,,,1,30,,220927,4,,,1,70,,220925,4,,,1,30,,220907,4,,,1,70,,220908,4,,,1,30,,220909,4,,,1,70,,220923,4,,,1,30,,220910,4,,,1,70,,220906,4,,,1,30,,220911,4,,,1,70,,220901,4,,,1,30,,220937,4,,,1,70,,220936,4,,,1,30,,220913,4,,,1
71901,'719-Sunday-3-26-06-0000001',641,,199350,4,,,1,100,,199353,4,,,1,100,,199343,4,,,1,100,,199346,4,,,1,100,,199349,4,,,1,70,,199351,4,,,1,30,,199352,4,,,1,70,,199340,4,,,1,30,,199341,4,,,1,70,,199344,4,,,1,30,,199338,4,,,1,70,,199362,4,,,1,30,,199360,4,,,1,70,,199355,4,,,1,30,,199359,4,,,1,70,,199358,4,,,1,30,,199357,4,,,1,70,,199361,4,,,1,30,,199356,4,,,1,70,,199347,4,,,1,30,,199345,4,,,1,70,,199342,4,,,1,45,,199339,4,,,1,100,,199337,4,,,1,100,,199348,4,,,1,100,,199354,4,,,1,100,,199363,4,,,1
71901,'719-Sunday-4-26-06-0000001',641,,220951,4,,,1,100,,220954,4,,,1,100,,220944,4,,,1,100,,220947,4,,,1,100,,220950,4,,,1,70,,220952,4,,,1,30,,220953,4,,,1,70,,220941,4,,,1,30,,220942,4,,,1,70,,220945,4,,,1,30,,220939,4,,,1,70,,220963,4,,,1,30,,220961,4,,,1,70,,220956,4,,,1,30,,220960,4,,,1,70,,220959,4,,,1,30,,220958,4,,,1,70,,220962,4,,,1,30,,220957,4,,,1,70,,220948,4,,,1,30,,220946,4,,,1,70,,220943,4,,,1,45,,220940,4,,,1,100,,220938,4,,,1,100,,220949,4,,,1,100,,220955,4,,,1,100,,220964,4,,,1
71901,'719-Sunday-7-26-06-0000001',641,,220978,4,,,1,100,,220981,4,,,1,100,,220971,4,,,1,100,,220974,4,,,1,100,,220977,4,,,1,70,,220979,4,,,1,30,,220980,4,,,1,70,,220968,4,,,1,30,,220969,4,,,1,70,,220972,4,,,1,30,,220966,4,,,1,70,,220990,4,,,1,30,,220988,4,,,1,70,,220983,4,,,1,30,,220987,4,,,1,70,,220986,4,,,1,30,,220985,4,,,1,70,,220989,4,,,1,30,,220984,4,,,1,70,,220975,4,,,1,30,,220973,4,,,1,70,,220970,4,,,1,45,,220967,4,,,1,100,,220965,4,,,1,100,,220976,4,,,1,100,,220982,4,,,1,100,,220991,4,,,1
71901,'719-Sunday-8-26-06-0000001',641,,221005,4,,,1,100,,221008,4,,,1,100,,220998,4,,,1,100,,221001,4,,,1,100,,221004,4,,,1,70,,221006,4,,,1,30,,221007,4,,,1,70,,220995,4,,,1,30,,220996,4,,,1,70,,220999,4,,,1,30,,220993,4,,,1,70,,221017,4,,,1,30,,221015,4,,,1,70,,221010,4,,,1,30,,221014,4,,,1,70,,221013,4,,,1,30,,221012,4,,,1,70,,221016,4,,,1,30,,221011,4,,,1,70,,221002,4,,,1,30,,221000,4,,,1,70,,220997,4,,,1,45,,220994,4,,,1,100,,220992,4,,,1,100,,221003,4,,,1,100,,221009,4,,,1,100,,221018,4,,,1
72101,'721-Weekday-1-26-06-1111100',603,,181666,4,,,1,20,,181667,4,,,1,21,,181668,4,,,1,64,,181669,4,,,1,24,,181670,4,,,1,24,,181671,4,,,1,64,,181672,4,,,1,24,,181673,4,,,1,58,,181725,4,,,1,17,,181674,4,,,1,20,,181675,4,,,1,20,,181676,4,,,1,60,,181677,4,,,1,20,,181678,4,,,1,20,,181679,4,,,1,60,,181680,4,,,1,20,,181681,4,,,1,20,,181682,4,,,1,60,,181683,4,,,1,20,,181684,4,,,1,20,,181685,4,,,1,60,,181686,4,,,1,20,,181687,4,,,1,20,,181688,4,,,1,60,,181689,4,,,1,20,,181690,4,,,1,20,,181691,4,,,1,53,,181692,4,,,1,12,,181693,4,,,1,12,,181694,4,,,1,12,,181695,4,,,1,52,,181696,4,,,1,12,,181697,4,,,1,12,,181698,4,,,1,12,,181699,4,,,1,12,,181700,4,,,1,52,,181701,4,,,1,12,,181702,4,,,1,12,,181703,4,,,1,12,,181704,4,,,1,12,,181705,4,,,1,52,,181706,4,,,1,22,,181707,4,,,1,19,,181708,4,,,1,60,,181709,4,,,1,20,,181710,4,,,1,20,,181711,4,,,1,60,,181712,4,,,1,20,,181713,4,,,1,20,,181714,4,,,1,60,,181715,4,,,1,20,,181716,4,,,1,20,,181717,4,,,1,70,,181718,4,,,1,30,,181719,4,,,1,70,,181720,4,,,1,30,,181721,4,,,1,70,,181722,4,,,1,30,,181723,4,,,1,70,,181724,4,,,1
72101,'721-Weekday-5-26-06-1111100',603,,199459,4,,,1,20,,199460,4,,,1,21,,199461,4,,,1,64,,199462,4,,,1,24,,199463,4,,,1,24,,199464,4,,,1,64,,199465,4,,,1,24,,199466,4,,,1,58,,199518,4,,,1,17,,199467,4,,,1,20,,199468,4,,,1,20,,199469,4,,,1,60,,199470,4,,,1,20,,199471,4,,,1,20,,199472,4,,,1,60,,199473,4,,,1,20,,199474,4,,,1,20,,199475,4,,,1,60,,199476,4,,,1,20,,199477,4,,,1,20,,199478,4,,,1,60,,199479,4,,,1,20,,199480,4,,,1,20,,199481,4,,,1,60,,199482,4,,,1,20,,199483,4,,,1,20,,199484,4,,,1,53,,199485,4,,,1,12,,199486,4,,,1,12,,199487,4,,,1,12,,199488,4,,,1,52,,199489,4,,,1,12,,199490,4,,,1,12,,199491,4,,,1,12,,199492,4,,,1,12,,199493,4,,,1,52,,199494,4,,,1,12,,199495,4,,,1,12,,199496,4,,,1,12,,199497,4,,,1,12,,199498,4,,,1,52,,199499,4,,,1,22,,199500,4,,,1,19,,199501,4,,,1,60,,199502,4,,,1,20,,199503,4,,,1,20,,199504,4,,,1,60,,199505,4,,,1,20,,199506,4,,,1,20,,199507,4,,,1,60,,199508,4,,,1,20,,199509,4,,,1,20,,199510,4,,,1,70,,199511,4,,,1,30,,199512,4,,,1,70,,199513,4,,,1,30,,199514,4,,,1,70,,199515,4,,,1,30,,199516,4,,,1,70,,199517,4,,,1
72101,'721-Saturday-1-26-06-0000010',559,,181793,4,,,1,70,,181790,4,,,1,30,,181797,4,,,1,70,,181800,4,,,1,30,,181803,4,,,1,65,,181787,4,,,1,20,,181788,4,,,1,60,,181807,4,,,1,20,,181808,4,,,1,20,,181809,4,,,1,60,,181810,4,,,1,20,,181811,4,,,1,20,,181812,4,,,1,60,,181813,4,,,1,20,,181814,4,,,1,20,,181815,4,,,1,60,,181816,4,,,1,20,,181817,4,,,1,20,,181818,4,,,1,60,,181819,4,,,1,20,,181820,4,,,1,20,,181821,4,,,1,60,,181822,4,,,1,20,,181823,4,,,1,20,,181824,4,,,1,60,,181825,4,,,1,20,,181826,4,,,1,20,,181827,4,,,1,60,,181828,4,,,1,20,,181829,4,,,1,20,,181830,4,,,1,60,,181831,4,,,1,20,,181832,4,,,1,20,,181833,4,,,1,60,,181834,4,,,1,20,,181805,4,,,1,20,,181806,4,,,1,70,,181792,4,,,1,30,,181802,4,,,1,70,,181804,4,,,1,30,,181796,4,,,1,70,,181789,4,,,1,30,,181795,4,,,1,70,,181801,4,,,1,30,,181794,4,,,1,70,,181799,4,,,1,30,,181791,4,,,1,70,,181798,4,,,1
72101,'721-Saturday-2-26-06-0000010',559,,221179,4,,,1,70,,221176,4,,,1,30,,221183,4,,,1,70,,221186,4,,,1,30,,221189,4,,,1,65,,221173,4,,,1,20,,221174,4,,,1,60,,221193,4,,,1,20,,221194,4,,,1,20,,221195,4,,,1,60,,221196,4,,,1,20,,221197,4,,,1,20,,221198,4,,,1,60,,221199,4,,,1,20,,221200,4,,,1,20,,221201,4,,,1,60,,221202,4,,,1,20,,221203,4,,,1,20,,221204,4,,,1,60,,221205,4,,,1,20,,221206,4,,,1,20,,221207,4,,,1,60,,221208,4,,,1,20,,221209,4,,,1,20,,221210,4,,,1,60,,221211,4,,,1,20,,221212,4,,,1,20,,221213,4,,,1,60,,221214,4,,,1,20,,221215,4,,,1,20,,221216,4,,,1,60,,221217,4,,,1,20,,221218,4,,,1,20,,221219,4,,,1,60,,221220,4,,,1,20,,221191,4,,,1,20,,221192,4,,,1,70,,221178,4,,,1,30,,221188,4,,,1,70,,221190,4,,,1,30,,221182,4,,,1,70,,221175,4,,,1,30,,221181,4,,,1,70,,221187,4,,,1,30,,221180,4,,,1,70,,221185,4,,,1,30,,221177,4,,,1,70,,221184,4,,,1
72101,'721-Sunday-2-26-06-0000001',620,,199538,4,,,1,30,,199537,4,,,1,70,,199533,4,,,1,30,,199532,4,,,1,70,,199534,4,,,1,28,,199531,4,,,1,69,,199536,4,,,1,30,,199535,4,,,1,70,,199524,4,,,1,30,,199541,4,,,1,70,,199519,4,,,1,30,,199551,4,,,1,70,,199523,4,,,1,27,,199522,4,,,1,70,,199552,4,,,1,30,,199520,4,,,1,70,,199521,4,,,1,30,,199544,4,,,1,70,,199548,4,,,1,30,,199546,4,,,1,70,,199543,4,,,1,30,,199540,4,,,1,71,,199550,4,,,1,30,,199549,4,,,1,70,,199547,4,,,1,30,,199545,4,,,1,70,,199539,4,,,1,30,,199542,4,,,1,70,,199525,4,,,1,30,,199528,4,,,1,70,,199527,4,,,1,85,,199526,4,,,1,100,,199530,4,,,1,100,,199529,4,,,1
72101,'721-Sunday-3-26-06-0000001',620,,221240,4,,,1,30,,221239,4,,,1,70,,221235,4,,,1,30,,221234,4,,,1,70,,221236,4,,,1,28,,221233,4,,,1,69,,221238,4,,,1,30,,221237,4,,,1,70,,221226,4,,,1,30,,221243,4,,,1,70,,221221,4,,,1,30,,221253,4,,,1,70,,221225,4,,,1,27,,221224,4,,,1,70,,221254,4,,,1,30,,221222,4,,,1,70,,221223,4,,,1,30,,221246,4,,,1,70,,221250,4,,,1,30,,221248,4,,,1,70,,221245,4,,,1,30,,221242,4,,,1,71,,221252,4,,,1,30,,221251,4,,,1,70,,221249,4,,,1,30,,221247,4,,,1,70,,221241,4,,,1,30,,221244,4,,,1,70,,221227,4,,,1,30,,221230,4,,,1,70,,221229,4,,,1,85,,221228,4,,,1,100,,221232,4,,,1,100,,221231,4,,,1
72101,'721-Sunday-6-26-06-0000001',620,,221274,4,,,1,30,,221273,4,,,1,70,,221269,4,,,1,30,,221268,4,,,1,70,,221270,4,,,1,28,,221267,4,,,1,69,,221272,4,,,1,30,,221271,4,,,1,70,,221260,4,,,1,30,,221277,4,,,1,70,,221255,4,,,1,30,,221287,4,,,1,70,,221259,4,,,1,27,,221258,4,,,1,70,,221288,4,,,1,30,,221256,4,,,1,70,,221257,4,,,1,30,,221280,4,,,1,70,,221284,4,,,1,30,,221282,4,,,1,70,,221279,4,,,1,30,,221276,4,,,1,71,,221286,4,,,1,30,,221285,4,,,1,70,,221283,4,,,1,30,,221281,4,,,1,70,,221275,4,,,1,30,,221278,4,,,1,70,,221261,4,,,1,30,,221264,4,,,1,70,,221263,4,,,1,85,,221262,4,,,1,100,,221266,4,,,1,100,,221265,4,,,1
72101,'721-Sunday-7-26-06-0000001',620,,221308,4,,,1,30,,221307,4,,,1,70,,221303,4,,,1,30,,221302,4,,,1,70,,221304,4,,,1,28,,221301,4,,,1,69,,221306,4,,,1,30,,221305,4,,,1,70,,221294,4,,,1,30,,221311,4,,,1,70,,221289,4,,,1,30,,221321,4,,,1,70,,221293,4,,,1,27,,221292,4,,,1,70,,221322,4,,,1,30,,221290,4,,,1,70,,221291,4,,,1,30,,221314,4,,,1,70,,221318,4,,,1,30,,221316,4,,,1,70,,221313,4,,,1,30,,221310,4,,,1,71,,221320,4,,,1,30,,221319,4,,,1,70,,221317,4,,,1,30,,221315,4,,,1,70,,221309,4,,,1,30,,221312,4,,,1,70,,221295,4,,,1,30,,221298,4,,,1,70,,221297,4,,,1,85,,221296,4,,,1,100,,221300,4,,,1,100,,221299,4,,,1
72201,'722-Weekday-1-26-06-1111100',555,,182043,4,0,25,1,60,,182044,4,0,25,1,21,,182045,4,0,25,1,64,,182046,4,0,25,1,24,,182047,4,0,25,1,24,,182048,4,0,25,1,64,,182049,4,0,25,1,24,,182050,4,0,25,1,19,,182095,4,0,25,1,58,,182096,4,0,25,1,20,,182097,4,0,25,1,20,,182051,4,0,25,1,60,,182052,4,0,25,1,20,,182053,4,0,25,1,20,,182054,4,0,25,1,60,,182055,4,0,25,1,20,,182056,4,0,25,1,20,,182057,4,0,25,1,60,,182058,4,0,25,1,20,,182059,4,0,25,1,20,,182060,4,0,25,1,60,,182061,4,0,25,1,20,,182062,4,0,25,1,20,,182063,4,0,25,1,60,,182064,4,0,25,1,20,,182065,4,0,25,1,20,,182098,4,0,25,1,53,,182086,4,,,1,12,,182066,4,0,25,1,13,,182087,4,,,1,12,,182099,4,0,25,1,12,,182088,4,,,1,52,,182100,4,0,25,1,12,,182089,4,,,1,12,,182067,4,0,25,1,12,,182090,4,,,1,12,,182068,4,0,25,1,52,,182091,4,,,1,12,,182069,4,0,25,1,11,,182092,4,,,1,12,,182094,4,0,25,1,12,,182101,4,,,1,59,,182070,4,0,25,1,19,,182071,4,0,25,1,20,,182072,4,0,25,1,60,,182073,4,0,25,1,20,,182074,4,0,25,1,20,,182075,4,0,25,1,60,,182076,4,0,25,1,20,,182077,4,0,25,1,20,,182078,4,0,25,1,60,,182079,4,0,25,1,20,,182080,4,0,25,1,20,,182081,4,0,25,1,70,,182082,4,0,25,1,30,,182083,4,0,25,1,70,,182084,4,0,25,1,30,,182085,4,0,25,1,70,,182093,4,,,1
72201,'722-Weekday-2-26-06-1111100',555,,199644,4,0,25,1,60,,199645,4,0,25,1,21,,199646,4,0,25,1,64,,199647,4,0,25,1,24,,199648,4,0,25,1,24,,199649,4,0,25,1,64,,199650,4,0,25,1,24,,199651,4,0,25,1,19,,199696,4,0,25,1,58,,199697,4,0,25,1,20,,199698,4,0,25,1,20,,199652,4,0,25,1,60,,199653,4,0,25,1,20,,199654,4,0,25,1,20,,199655,4,0,25,1,60,,199656,4,0,25,1,20,,199657,4,0,25,1,20,,199658,4,0,25,1,60,,199659,4,0,25,1,20,,199660,4,0,25,1,20,,199661,4,0,25,1,60,,199662,4,0,25,1,20,,199663,4,0,25,1,20,,199664,4,0,25,1,60,,199665,4,0,25,1,20,,199666,4,0,25,1,20,,199699,4,0,25,1,53,,199687,4,,,1,12,,199667,4,0,25,1,13,,199688,4,,,1,12,,199700,4,0,25,1,12,,199689,4,,,1,52,,199701,4,0,25,1,12,,199690,4,,,1,12,,199668,4,0,25,1,12,,199691,4,,,1,12,,199669,4,0,25,1,52,,199692,4,,,1,12,,199670,4,0,25,1,11,,199693,4,,,1,12,,199695,4,0,25,1,12,,199702,4,,,1,59,,199671,4,0,25,1,19,,199672,4,0,25,1,20,,199673,4,0,25,1,60,,199674,4,0,25,1,20,,199675,4,0,25,1,20,,199676,4,0,25,1,60,,199677,4,0,25,1,20,,199678,4,0,25,1,20,,199679,4,0,25,1,60,,199680,4,0,25,1,20,,199681,4,0,25,1,20,,199682,4,0,25,1,70,,199683,4,0,25,1,30,,199684,4,0,25,1,70,,199685,4,0,25,1,30,,199686,4,0,25,1,70,,199694,4,,,1
72201,'722-Saturday-1-26-06-0000010',616,,182104,4,0,25,1,30,,182148,4,0,25,1,70,,182107,4,0,25,1,30,,182109,4,0,25,1,70,,182126,4,0,25,1,20,,182123,4,0,25,1,20,,182106,4,0,25,1,59,,182145,4,0,25,1,20,,182102,4,0,25,1,20,,182140,4,0,25,1,60,,182124,4,0,25,1,20,,182127,4,0,25,1,20,,182146,4,0,25,1,60,,182125,4,0,25,1,20,,182103,4,0,25,1,20,,182115,4,0,25,1,60,,182114,4,0,25,1,20,,182113,4,0,25,1,20,,182116,4,0,25,1,60,,182108,4,0,25,1,20,,182131,4,0,25,1,20,,182121,4,0,25,1,60,,182117,4,0,25,1,20,,182105,4,0,25,1,20,,182119,4,0,25,1,60,,182147,4,0,25,1,20,,182137,4,0,25,1,20,,182143,4,0,25,1,60,,182128,4,0,25,1,20,,182139,4,0,25,1,20,,182133,4,0,25,1,61,,182112,4,0,25,1,20,,182130,4,0,25,1,20,,182118,4,0,25,1,60,,182132,4,0,25,1,20,,182144,4,0,25,1,20,,182135,4,0,25,1,60,,182129,4,0,25,1,30,,182120,4,0,25,1,70,,182122,4,0,25,1,30,,182136,4,0,25,1,70,,182141,4,0,25,1,30,,182110,4,0,25,1,70,,182138,4,0,25,1,30,,182111,4,0,25,1,70,,182142,4,0,25,1,30,,182134,4,0,25,1,70,,182149,4,,,1,30,,182150,4,,,1
72201,'722-Saturday-2-26-06-0000010',616,,221473,4,0,25,1,30,,221517,4,0,25,1,70,,221476,4,0,25,1,30,,221478,4,0,25,1,70,,221495,4,0,25,1,20,,221492,4,0,25,1,20,,221475,4,0,25,1,59,,221514,4,0,25,1,20,,221471,4,0,25,1,20,,221509,4,0,25,1,60,,221493,4,0,25,1,20,,221496,4,0,25,1,20,,221515,4,0,25,1,60,,221494,4,0,25,1,20,,221472,4,0,25,1,20,,221484,4,0,25,1,60,,221483,4,0,25,1,20,,221482,4,0,25,1,20,,221485,4,0,25,1,60,,221477,4,0,25,1,20,,221500,4,0,25,1,20,,221490,4,0,25,1,60,,221486,4,0,25,1,20,,221474,4,0,25,1,20,,221488,4,0,25,1,60,,221516,4,0,25,1,20,,221506,4,0,25,1,20,,221512,4,0,25,1,60,,221497,4,0,25,1,20,,221508,4,0,25,1,20,,221502,4,0,25,1,61,,221481,4,0,25,1,20,,221499,4,0,25,1,20,,221487,4,0,25,1,60,,221501,4,0,25,1,20,,221513,4,0,25,1,20,,221504,4,0,25,1,60,,221498,4,0,25,1,30,,221489,4,0,25,1,70,,221491,4,0,25,1,30,,221505,4,0,25,1,70,,221510,4,0,25,1,30,,221479,4,0,25,1,70,,221507,4,0,25,1,30,,221480,4,0,25,1,70,,221511,4,0,25,1,30,,221503,4,0,25,1,70,,221518,4,,,1,30,,221519,4,,,1
72201,'722-Sunday-3-26-06-0000001',608,,199732,4,0,25,1,30,,199725,4,0,25,1,70,,199707,4,0,25,1,30,,199721,4,0,25,1,70,,199719,4,0,25,1,30,,199705,4,0,25,1,70,,199718,4,0,25,1,30,,199704,4,0,25,1,70,,199708,4,0,25,1,30,,199710,4,0,25,1,70,,199728,4,0,25,1,30,,199730,4,0,25,1,70,,199712,4,0,25,1,30,,199715,4,0,25,1,70,,199717,4,0,25,1,30,,199723,4,0,25,1,70,,199714,4,0,25,1,30,,199703,4,0,25,1,70,,199706,4,0,25,1,30,,199709,4,0,25,1,70,,199713,4,0,25,1,30,,199731,4,0,25,1,71,,199720,4,0,25,1,30,,199727,4,0,25,1,70,,199724,4,0,25,1,30,,199726,4,0,25,1,70,,199711,4,0,25,1,30,,199716,4,0,25,1,70,,199729,4,0,25,1,30,,199722,4,0,25,1,70,,199735,4,0,25,1,100,,199734,4,0,25,1,100,,199736,4,0,25,1,99,,199733,4,,,1
72201,'722-Sunday-4-26-06-0000001',608,,221549,4,0,25,1,30,,221542,4,0,25,1,70,,221524,4,0,25,1,30,,221538,4,0,25,1,70,,221536,4,0,25,1,30,,221522,4,0,25,1,70,,221535,4,0,25,1,30,,221521,4,0,25,1,70,,221525,4,0,25,1,30,,221527,4,0,25,1,70,,221545,4,0,25,1,30,,221547,4,0,25,1,70,,221529,4,0,25,1,30,,221532,4,0,25,1,70,,221534,4,0,25,1,30,,221540,4,0,25,1,70,,221531,4,0,25,1,30,,221520,4,0,25,1,70,,221523,4,0,25,1,30,,221526,4,0,25,1,70,,221530,4,0,25,1,30,,221548,4,0,25,1,71,,221537,4,0,25,1,30,,221544,4,0,25,1,70,,221541,4,0,25,1,30,,221543,4,0,25,1,70,,221528,4,0,25,1,30,,221533,4,0,25,1,70,,221546,4,0,25,1,30,,221539,4,0,25,1,70,,221552,4,0,25,1,100,,221551,4,0,25,1,100,,221553,4,0,25,1,99,,221550,4,,,1
72201,'722-Sunday-7-26-06-0000001',608,,221583,4,0,25,1,30,,221576,4,0,25,1,70,,221558,4,0,25,1,30,,221572,4,0,25,1,70,,221570,4,0,25,1,30,,221556,4,0,25,1,70,,221569,4,0,25,1,30,,221555,4,0,25,1,70,,221559,4,0,25,1,30,,221561,4,0,25,1,70,,221579,4,0,25,1,30,,221581,4,0,25,1,70,,221563,4,0,25,1,30,,221566,4,0,25,1,70,,221568,4,0,25,1,30,,221574,4,0,25,1,70,,221565,4,0,25,1,30,,221554,4,0,25,1,70,,221557,4,0,25,1,30,,221560,4,0,25,1,70,,221564,4,0,25,1,30,,221582,4,0,25,1,71,,221571,4,0,25,1,30,,221578,4,0,25,1,70,,221575,4,0,25,1,30,,221577,4,0,25,1,70,,221562,4,0,25,1,30,,221567,4,0,25,1,70,,221580,4,0,25,1,30,,221573,4,0,25,1,70,,221586,4,0,25,1,100,,221585,4,0,25,1,100,,221587,4,0,25,1,99,,221584,4,,,1
72201,'722-Sunday-8-26-06-0000001',608,,221617,4,0,25,1,30,,221610,4,0,25,1,70,,221592,4,0,25,1,30,,221606,4,0,25,1,70,,221604,4,0,25,1,30,,221590,4,0,25,1,70,,221603,4,0,25,1,30,,221589,4,0,25,1,70,,221593,4,0,25,1,30,,221595,4,0,25,1,70,,221613,4,0,25,1,30,,221615,4,0,25,1,70,,221597,4,0,25,1,30,,221600,4,0,25,1,70,,221602,4,0,25,1,30,,221608,4,0,25,1,70,,221599,4,0,25,1,30,,221588,4,0,25,1,70,,221591,4,0,25,1,30,,221594,4,0,25,1,70,,221598,4,0,25,1,30,,221616,4,0,25,1,71,,221605,4,0,25,1,30,,221612,4,0,25,1,70,,221609,4,0,25,1,30,,221611,4,0,25,1,70,,221596,4,0,25,1,30,,221601,4,0,25,1,70,,221614,4,0,25,1,30,,221607,4,0,25,1,70,,221620,4,0,25,1,100,,221619,4,0,25,1,100,,221621,4,0,25,1,99,,221618,4,,,1
72901,'729-Weekday-1-26-06-1111100',531,,182353,4,,,1,70,,182354,4,,,1,20,,182355,4,,,1,20,,182356,4,,,1,60,,182357,4,,,1,20,,182358,4,,,1,20,,182359,4,,,1,60,,182360,4,,,1,20,,182351,4,,,1,20,,182352,4,,,1,61,,182339,4,,,1,30,,182340,4,,,1,70,,182341,4,,,1,30,,182342,4,,,1,70,,182343,4,,,1,30,,182344,4,,,1,70,,182338,4,,,1,30,,182345,4,,,1,70,,182346,4,,,1,30,,182347,4,,,1,70,,182348,4,,,1,30,,182349,4,,,1,25,,182350,4,,,1,59,,182361,4,,,1,20,,182362,4,,,1,20,,182363,4,,,1,60,,182364,4,,,1,20,,182365,4,,,1,20,,182366,4,,,1,60,,182367,4,,,1,20,,182368,4,,,1,19,,182369,4,,,1,70,,182370,4,,,1,30,,182371,4,,,1,70,,182372,4,,,1,30,,182373,4,,,1,70,,182374,4,,,1,30,,182375,4,,,1,70,,182376,4,,,1,30,,182377,4,,,1
72901,'729-Weekday-2-26-06-1111100',531,,199870,4,,,1,70,,199871,4,,,1,20,,199872,4,,,1,20,,199873,4,,,1,60,,199874,4,,,1,20,,199875,4,,,1,20,,199876,4,,,1,60,,199877,4,,,1,20,,199868,4,,,1,20,,199869,4,,,1,61,,199856,4,,,1,30,,199857,4,,,1,70,,199858,4,,,1,30,,199859,4,,,1,70,,199860,4,,,1,30,,199861,4,,,1,70,,199855,4,,,1,30,,199862,4,,,1,70,,199863,4,,,1,30,,199864,4,,,1,70,,199865,4,,,1,30,,199866,4,,,1,25,,199867,4,,,1,59,,199878,4,,,1,20,,199879,4,,,1,20,,199880,4,,,1,60,,199881,4,,,1,20,,199882,4,,,1,20,,199883,4,,,1,60,,199884,4,,,1,20,,199885,4,,,1,19,,199886,4,,,1,70,,199887,4,,,1,30,,199888,4,,,1,70,,199889,4,,,1,30,,199890,4,,,1,70,,199891,4,,,1,30,,199892,4,,,1,70,,199893,4,,,1,30,,199894,4,,,1
