5600,'056-Weekday-1-26-06-1111100',524,,168120,18,,,1,30,,168121,18,,,1,65,,168122,18,,,1,23,,168123,18,,,1,17,,168124,18,,,1,55,,168125,18,,,1,15,,168126,18,,,1,15,,168127,18,,,1,15,,168118,18,,,1,55,,168128,18,,,1,15,,168129,18,,,1,15,,168130,18,,,1,15,,168131,18,,,1,55,,168132,18,,,1,15,,168133,18,,,1,15,,168134,18,,,1,15,,168135,18,,,1,55,,168136,18,,,1,15,,168137,18,,,1,15,,168138,18,,,1,15,,168139,18,,,1,55,,168140,18,,,1,15,,168141,18,,,1,15,,168142,18,,,1,15,,168143,18,,,1,55,,168144,18,,,1,15,,168145,18,,,1,15,,168146,18,,,1,15,,168147,18,,,1,55,,168148,18,,,1,15,,168149,18,,,1,15,,168150,18,,,1,15,,168151,18,,,1,55,,168152,18,,,1,15,,168153,18,,,1,15,,168154,18,,,1,14,,168155,18,,,1,54,,168156,18,,,1,15,,168157,18,,,1,12,,168158,18,,,1,12,,168159,18,,,1,52,,168160,18,,,1,12,,168161,18,,,1,12,,168162,18,,,1,12,,168163,18,,,1,12,,168164,18,,,1,52,,168165,18,,,1,12,,168166,18,,,1,12,,168167,18,,,1,12,,168168,18,,,1,12,,168169,18,,,1,52,,168170,18,,,1,12,,168171,18,,,1,12,,168172,18,,,1,12,,168173,18,,,1,12,,168174,18,,,1,55,,168175,18,,,1,30,,168176,18,,,1,69,,168177,18,,,1,30,,168178,18,,,1,70,,168179,18,,,1,30,,168180,18,,,1,70,,168181,18,,,1,29,,168182,18,,,1,70,,168183,18,,,1,100,,168184,18,,,1,100,,168185,18,,,1
5600,'056-Weekday-4-26-06-1111100',524,,192183,18,,,1,30,,192184,18,,,1,65,,192185,18,,,1,23,,192186,18,,,1,17,,192187,18,,,1,55,,192188,18,,,1,15,,192189,18,,,1,15,,192190,18,,,1,15,,192181,18,,,1,55,,192191,18,,,1,15,,192192,18,,,1,15,,192193,18,,,1,15,,192194,18,,,1,55,,192195,18,,,1,15,,192196,18,,,1,15,,192197,18,,,1,15,,192198,18,,,1,55,,192199,18,,,1,15,,192200,18,,,1,15,,192201,18,,,1,15,,192202,18,,,1,55,,192203,18,,,1,15,,192204,18,,,1,15,,192205,18,,,1,15,,192206,18,,,1,55,,192207,18,,,1,15,,192208,18,,,1,15,,192209,18,,,1,15,,192210,18,,,1,55,,192211,18,,,1,15,,192212,18,,,1,15,,192213,18,,,1,15,,192214,18,,,1,55,,192215,18,,,1,15,,192216,18,,,1,15,,192217,18,,,1,14,,192218,18,,,1,54,,192219,18,,,1,15,,192220,18,,,1,12,,192221,18,,,1,12,,192222,18,,,1,52,,192223,18,,,1,12,,192224,18,,,1,12,,192225,18,,,1,12,,192226,18,,,1,12,,192227,18,,,1,52,,192228,18,,,1,12,,192229,18,,,1,12,,192230,18,,,1,12,,192231,18,,,1,12,,192232,18,,,1,52,,192233,18,,,1,12,,192234,18,,,1,12,,192235,18,,,1,12,,192236,18,,,1,12,,192237,18,,,1,55,,192238,18,,,1,30,,192239,18,,,1,69,,192240,18,,,1,30,,192241,18,,,1,70,,192242,18,,,1,30,,192243,18,,,1,70,,192244,18,,,1,29,,192245,18,,,1,70,,192246,18,,,1,100,,192247,18,,,1,100,,192248,18,,,1
5600,'056-Saturday-1-26-06-0000010',538,,168300,18,,,1,70,,168256,18,,,1,30,,168301,18,,,1,70,,168257,18,,,1,30,,168302,18,,,1,70,,168258,18,,,1,15,,168303,18,,,1,15,,168259,18,,,1,15,,168260,18,,,1,56,,168304,18,,,1,15,,168261,18,,,1,15,,168262,18,,,1,14,,168305,18,,,1,54,,168263,18,,,1,15,,168264,18,,,1,15,,168265,18,,,1,15,,168306,18,,,1,55,,168266,18,,,1,15,,168267,18,,,1,15,,168268,18,,,1,15,,168307,18,,,1,55,,168269,18,,,1,15,,168270,18,,,1,15,,168271,18,,,1,15,,168308,18,,,1,55,,168272,18,,,1,15,,168273,18,,,1,15,,168274,18,,,1,15,,168309,18,,,1,55,,168275,18,,,1,15,,168276,18,,,1,15,,168278,18,,,1,15,,168310,18,,,1,55,,168279,18,,,1,15,,168280,18,,,1,15,,168277,18,,,1,15,,168311,18,,,1,55,,168289,18,,,1,15,,168290,18,,,1,15,,168291,18,,,1,15,,168312,18,,,1,55,,168292,18,,,1,14,,168293,18,,,1,16,,168294,18,,,1,15,,168313,18,,,1,55,,168295,18,,,1,15,,168296,18,,,1,15,,168297,18,,,1,15,,168314,18,,,1,55,,168298,18,,,1,15,,168299,18,,,1,22,,168286,18,,,1,60,,168315,18,,,1,20,,168281,18,,,1,20,,168287,18,,,1,60,,168316,18,,,1,20,,168282,18,,,1,20,,168288,18,,,1,60,,168317,18,,,1,20,,168283,18,,,1,30,,168318,18,,,1,70,,168285,18,,,1,30,,168319,18,,,1,70,,168284,18,,,1
5600,'056-Saturday-2-26-06-0000010',538,,209506,18,,,1,70,,209462,18,,,1,30,,209507,18,,,1,70,,209463,18,,,1,30,,209508,18,,,1,70,,209464,18,,,1,15,,209509,18,,,1,15,,209465,18,,,1,15,,209466,18,,,1,56,,209510,18,,,1,15,,209467,18,,,1,15,,209468,18,,,1,14,,209511,18,,,1,54,,209469,18,,,1,15,,209470,18,,,1,15,,209471,18,,,1,15,,209512,18,,,1,55,,209472,18,,,1,15,,209473,18,,,1,15,,209474,18,,,1,15,,209513,18,,,1,55,,209475,18,,,1,15,,209476,18,,,1,15,,209477,18,,,1,15,,209514,18,,,1,55,,209478,18,,,1,15,,209479,18,,,1,15,,209480,18,,,1,15,,209515,18,,,1,55,,209481,18,,,1,15,,209482,18,,,1,15,,209484,18,,,1,15,,209516,18,,,1,55,,209485,18,,,1,15,,209486,18,,,1,15,,209483,18,,,1,15,,209517,18,,,1,55,,209495,18,,,1,15,,209496,18,,,1,15,,209497,18,,,1,15,,209518,18,,,1,55,,209498,18,,,1,14,,209499,18,,,1,16,,209500,18,,,1,15,,209519,18,,,1,55,,209501,18,,,1,15,,209502,18,,,1,15,,209503,18,,,1,15,,209520,18,,,1,55,,209504,18,,,1,15,,209505,18,,,1,22,,209492,18,,,1,60,,209521,18,,,1,20,,209487,18,,,1,20,,209493,18,,,1,60,,209522,18,,,1,20,,209488,18,,,1,20,,209494,18,,,1,60,,209523,18,,,1,20,,209489,18,,,1,30,,209524,18,,,1,70,,209491,18,,,1,30,,209525,18,,,1,70,,209490,18,,,1
5600,'056-Sunday-2-26-06-0000001',525,,192282,18,,,1,30,,192283,18,,,1,70,,192249,18,,,1,30,,192284,18,,,1,70,,192250,18,,,1,30,,192285,18,,,1,69,,192251,18,,,1,27,,192280,18,,,1,58,,192286,18,,,1,21,,192252,18,,,1,19,,192281,18,,,1,60,,192287,18,,,1,20,,192253,18,,,1,20,,192276,18,,,1,60,,192288,18,,,1,20,,192254,18,,,1,20,,192255,18,,,1,60,,192289,18,,,1,20,,192256,18,,,1,20,,192257,18,,,1,60,,192290,18,,,1,20,,192258,18,,,1,20,,192259,18,,,1,60,,192291,18,,,1,20,,192260,18,,,1,20,,192261,18,,,1,60,,192292,18,,,1,20,,192262,18,,,1,20,,192263,18,,,1,60,,192293,18,,,1,20,,192264,18,,,1,20,,192265,18,,,1,60,,192294,18,,,1,19,,192266,18,,,1,19,,192267,18,,,1,59,,192295,18,,,1,20,,192268,18,,,1,20,,192269,18,,,1,60,,192296,18,,,1,20,,192270,18,,,1,20,,192277,18,,,1,60,,192297,18,,,1,20,,192271,18,,,1,20,,192278,18,,,1,60,,192298,18,,,1,20,,192273,18,,,1,20,,192279,18,,,1,60,,192299,18,,,1,20,,192274,18,,,1,25,,192300,18,,,1,70,,192272,18,,,1,30,,192301,18,,,1,70,,192275,18,,,1
5600,'056-Sunday-3-26-06-0000001',525,,209559,18,,,1,30,,209560,18,,,1,70,,209526,18,,,1,30,,209561,18,,,1,70,,209527,18,,,1,30,,209562,18,,,1,69,,209528,18,,,1,27,,209557,18,,,1,58,,209563,18,,,1,21,,209529,18,,,1,19,,209558,18,,,1,60,,209564,18,,,1,20,,209530,18,,,1,20,,209553,18,,,1,60,,209565,18,,,1,20,,209531,18,,,1,20,,209532,18,,,1,60,,209566,18,,,1,20,,209533,18,,,1,20,,209534,18,,,1,60,,209567,18,,,1,20,,209535,18,,,1,20,,209536,18,,,1,60,,209568,18,,,1,20,,209537,18,,,1,20,,209538,18,,,1,60,,209569,18,,,1,20,,209539,18,,,1,20,,209540,18,,,1,60,,209570,18,,,1,20,,209541,18,,,1,20,,209542,18,,,1,60,,209571,18,,,1,19,,209543,18,,,1,19,,209544,18,,,1,59,,209572,18,,,1,20,,209545,18,,,1,20,,209546,18,,,1,60,,209573,18,,,1,20,,209547,18,,,1,20,,209554,18,,,1,60,,209574,18,,,1,20,,209548,18,,,1,20,,209555,18,,,1,60,,209575,18,,,1,20,,209550,18,,,1,20,,209556,18,,,1,60,,209576,18,,,1,20,,209551,18,,,1,25,,209577,18,,,1,70,,209549,18,,,1,30,,209578,18,,,1,70,,209552,18,,,1
5600,'056-Sunday-6-26-06-0000001',525,,209612,18,,,1,30,,209613,18,,,1,70,,209579,18,,,1,30,,209614,18,,,1,70,,209580,18,,,1,30,,209615,18,,,1,69,,209581,18,,,1,27,,209610,18,,,1,58,,209616,18,,,1,21,,209582,18,,,1,19,,209611,18,,,1,60,,209617,18,,,1,20,,209583,18,,,1,20,,209606,18,,,1,60,,209618,18,,,1,20,,209584,18,,,1,20,,209585,18,,,1,60,,209619,18,,,1,20,,209586,18,,,1,20,,209587,18,,,1,60,,209620,18,,,1,20,,209588,18,,,1,20,,209589,18,,,1,60,,209621,18,,,1,20,,209590,18,,,1,20,,209591,18,,,1,60,,209622,18,,,1,20,,209592,18,,,1,20,,209593,18,,,1,60,,209623,18,,,1,20,,209594,18,,,1,20,,209595,18,,,1,60,,209624,18,,,1,19,,209596,18,,,1,19,,209597,18,,,1,59,,209625,18,,,1,20,,209598,18,,,1,20,,209599,18,,,1,60,,209626,18,,,1,20,,209600,18,,,1,20,,209607,18,,,1,60,,209627,18,,,1,20,,209601,18,,,1,20,,209608,18,,,1,60,,209628,18,,,1,20,,209603,18,,,1,20,,209609,18,,,1,60,,209629,18,,,1,20,,209604,18,,,1,25,,209630,18,,,1,70,,209602,18,,,1,30,,209631,18,,,1,70,,209605,18,,,1
5600,'056-Sunday-7-26-06-0000001',525,,209665,18,,,1,30,,209666,18,,,1,70,,209632,18,,,1,30,,209667,18,,,1,70,,209633,18,,,1,30,,209668,18,,,1,69,,209634,18,,,1,27,,209663,18,,,1,58,,209669,18,,,1,21,,209635,18,,,1,19,,209664,18,,,1,60,,209670,18,,,1,20,,209636,18,,,1,20,,209659,18,,,1,60,,209671,18,,,1,20,,209637,18,,,1,20,,209638,18,,,1,60,,209672,18,,,1,20,,209639,18,,,1,20,,209640,18,,,1,60,,209673,18,,,1,20,,209641,18,,,1,20,,209642,18,,,1,60,,209674,18,,,1,20,,209643,18,,,1,20,,209644,18,,,1,60,,209675,18,,,1,20,,209645,18,,,1,20,,209646,18,,,1,60,,209676,18,,,1,20,,209647,18,,,1,20,,209648,18,,,1,60,,209677,18,,,1,19,,209649,18,,,1,19,,209650,18,,,1,59,,209678,18,,,1,20,,209651,18,,,1,20,,209652,18,,,1,60,,209679,18,,,1,20,,209653,18,,,1,20,,209660,18,,,1,60,,209680,18,,,1,20,,209654,18,,,1,20,,209661,18,,,1,60,,209681,18,,,1,20,,209656,18,,,1,20,,209662,18,,,1,60,,209682,18,,,1,20,,209657,18,,,1,25,,209683,18,,,1,70,,209655,18,,,1,30,,209684,18,,,1,70,,209658,18,,,1
70301,'703-Weekday-1-26-06-1111100',536,,178304,12,,,1,70,,178305,12,,,1,31,,178339,12,,,1,73,,178306,12,,,1,30,,178307,12,,,1,70,,178340,12,,,1,30,,178308,12,,,1,61,,178341,12,,,1,21,,178309,12,,,1,19,,178310,12,,,1,60,,178311,12,,,1,20,,178312,12,,,1,20,,178313,12,,,1,60,,178314,12,,,1,20,,178315,12,,,1,20,,178316,12,,,1,60,,178317,12,,,1,20,,178318,12,,,1,20,,178319,12,,,1,60,,178320,12,,,1,20,,178321,12,,,1,20,,178322,12,,,1,60,,178323,12,,,1,20,,178324,12,,,1,20,,178348,12,,,1,61,,178325,12,,,1,18,,178326,12,,,1,15,,178327,12,,,1,15,,178328,12,,,1,55,,178329,12,,,1,15,,178330,12,,,1,15,,178331,12,,,1,15,,178332,12,,,1,55,,178333,12,,,1,15,,178334,12,,,1,15,,178335,12,,,1,70,,178336,12,,,1,29,,178337,12,,,1,68,,178338,12,,,1,25,,178347,12,,,1,25,,178342,12,,,1,70,,178343,12,,,1,30,,178344,12,,,1,70,,178345,12,,,1,30,,178346,12,,,1
70301,'703-Weekday-2-26-06-1111100',536,,197605,12,,,1,70,,197606,12,,,1,31,,197640,12,,,1,73,,197607,12,,,1,30,,197608,12,,,1,70,,197641,12,,,1,30,,197609,12,,,1,61,,197642,12,,,1,21,,197610,12,,,1,19,,197611,12,,,1,60,,197612,12,,,1,20,,197613,12,,,1,20,,197614,12,,,1,60,,197615,12,,,1,20,,197616,12,,,1,20,,197617,12,,,1,60,,197618,12,,,1,20,,197619,12,,,1,20,,197620,12,,,1,60,,197621,12,,,1,20,,197622,12,,,1,20,,197623,12,,,1,60,,197624,12,,,1,20,,197625,12,,,1,20,,197649,12,,,1,61,,197626,12,,,1,18,,197627,12,,,1,15,,197628,12,,,1,15,,197629,12,,,1,55,,197630,12,,,1,15,,197631,12,,,1,15,,197632,12,,,1,15,,197633,12,,,1,55,,197634,12,,,1,15,,197635,12,,,1,15,,197636,12,,,1,70,,197637,12,,,1,29,,197638,12,,,1,68,,197639,12,,,1,25,,197648,12,,,1,25,,197643,12,,,1,70,,197644,12,,,1,30,,197645,12,,,1,70,,197646,12,,,1,30,,197647,12,,,1
70301,'703-Saturday-1-26-06-0000010',823,,178349,12,,,1,30,,178350,12,,,1,70,,178351,12,,,1,31,,178352,12,,,1,70,,178353,12,,,1,30,,178354,12,,,1,70,,178355,12,,,1,30,,178356,12,,,1,70,,178357,12,,,1,30,,178358,12,,,1,70,,178359,12,,,1,30,,178360,12,,,1,70,,178361,12,,,1,30,,178362,12,,,1,70,,178363,12,,,1,30,,178364,12,,,1,70,,178365,12,,,1,30,,178366,12,,,1,69,,178367,12,,,1,30,,178368,12,,,1,70,,178369,12,,,1,30,,178370,12,,,1,70,,178371,12,,,1
70301,'703-Saturday-2-26-06-0000010',823,,218321,12,,,1,30,,218322,12,,,1,70,,218323,12,,,1,31,,218324,12,,,1,70,,218325,12,,,1,30,,218326,12,,,1,70,,218327,12,,,1,30,,218328,12,,,1,70,,218329,12,,,1,30,,218330,12,,,1,70,,218331,12,,,1,30,,218332,12,,,1,70,,218333,12,,,1,30,,218334,12,,,1,70,,218335,12,,,1,30,,218336,12,,,1,70,,218337,12,,,1,30,,218338,12,,,1,69,,218339,12,,,1,30,,218340,12,,,1,70,,218341,12,,,1,30,,218342,12,,,1,70,,218343,12,,,1
70301,'703-Sunday-2-26-06-0000001',1039,,197659,12,,,1,70,,197660,12,,,1,30,,197661,12,,,1,70,,197662,12,,,1,30,,197663,12,,,1,70,,197664,12,,,1,30,,197665,12,,,1,70,,197666,12,,,1,30,,197667,12,,,1,70,,197658,12,,,1,30,,197650,12,,,1,70,,197651,12,,,1,30,,197652,12,,,1,69,,197653,12,,,1,28,,197654,12,,,1,70,,197655,12,,,1,30,,197656,12,,,1,73,,197657,12,,,1
70301,'703-Sunday-3-26-06-0000001',1039,,218353,12,,,1,70,,218354,12,,,1,30,,218355,12,,,1,70,,218356,12,,,1,30,,218357,12,,,1,70,,218358,12,,,1,30,,218359,12,,,1,70,,218360,12,,,1,30,,218361,12,,,1,70,,218352,12,,,1,30,,218344,12,,,1,70,,218345,12,,,1,30,,218346,12,,,1,69,,218347,12,,,1,28,,218348,12,,,1,70,,218349,12,,,1,30,,218350,12,,,1,73,,218351,12,,,1
70301,'703-Sunday-6-26-06-0000001',1039,,218371,12,,,1,70,,218372,12,,,1,30,,218373,12,,,1,70,,218374,12,,,1,30,,218375,12,,,1,70,,218376,12,,,1,30,,218377,12,,,1,70,,218378,12,,,1,30,,218379,12,,,1,70,,218370,12,,,1,30,,218362,12,,,1,70,,218363,12,,,1,30,,218364,12,,,1,69,,218365,12,,,1,28,,218366,12,,,1,70,,218367,12,,,1,30,,218368,12,,,1,73,,218369,12,,,1
70301,'703-Sunday-7-26-06-0000001',1039,,218389,12,,,1,70,,218390,12,,,1,30,,218391,12,,,1,70,,218392,12,,,1,30,,218393,12,,,1,70,,218394,12,,,1,30,,218395,12,,,1,70,,218396,12,,,1,30,,218397,12,,,1,70,,218388,12,,,1,30,,218380,12,,,1,70,,218381,12,,,1,30,,218382,12,,,1,69,,218383,12,,,1,28,,218384,12,,,1,70,,218385,12,,,1,30,,218386,12,,,1,73,,218387,12,,,1
