7101,'071-Weekday-5-26-06-1111100',2003,,210127,6,,,1,7,,210131,6,,,1,8,,210126,6,,,1,7,,210130,6,,,1,8,,210125,6,,,1,7,,210129,6,,,1,8,,210124,6,,,1,7,,210128,6,,,1,48,,210132,6,,,1,7,,210149,6,,,1,8,,210133,6,,,1,7,,210150,6,,,1,8,,210134,6,,,1,7,,210151,6,,,1,8,,210135,6,,,1,7,,210152,6,,,1,48,,210136,6,,,1,7,,210153,6,,,1,8,,210137,6,,,1,7,,210154,6,,,1,8,,210138,6,,,1,7,,210155,6,,,1,8,,210139,6,,,1,7,,210156,6,,,1,48,,210140,6,,,1,7,,210157,6,,,1,8,,210141,6,,,1,7,,210158,6,,,1,8,,210142,6,,,1,7,,210159,6,,,1,8,,210143,6,,,1,7,,210160,6,,,1,48,,210144,6,,,1,7,,210161,6,,,1,8,,210145,6,,,1,7,,210162,6,,,1,8,,210146,6,,,1,7,,210148,6,,,1,8,,210147,6,,,1
7101,'071-Saturday-3-26-06-0000010',510,,210314,6,,,1,8,,210313,6,,,1,7,,210307,6,,,1,8,,210302,6,,,1,7,,210308,6,,,1,8,,210303,6,,,1,7,,210309,6,,,1,48,,210304,6,,,1,7,,210310,6,,,1,8,,210305,6,,,1,7,,210311,6,,,1,8,,210306,6,,,1,7,,210312,6,,,1,8,,210200,6,,,1,7,,210253,6,,,1,48,,210201,6,,,1,7,,210254,6,,,1,8,,210202,6,,,1,7,,210255,6,,,1,8,,210203,6,,,1,7,,210256,6,,,1,8,,210204,6,,,1,7,,210257,6,,,1,48,,210205,6,,,1,7,,210258,6,,,1,8,,210206,6,,,1,7,,210259,6,,,1,8,,210207,6,,,1,7,,210260,6,,,1,8,,210208,6,,,1,7,,210261,6,,,1,48,,210209,6,,,1,7,,210262,6,,,1,8,,210210,6,,,1,7,,210263,6,,,1,8,,210211,6,,,1,7,,210264,6,,,1,8,,210212,6,,,1,7,,210265,6,,,1,48,,210213,6,,,1,7,,210266,6,,,1,8,,210214,6,,,1,7,,210267,6,,,1,8,,210215,6,,,1,7,,210164,6,,,1,8,,210216,6,,,1,7,,210165,6,,,1,48,,210217,6,,,1,7,,210166,6,,,1,8,,210218,6,,,1,7,,210167,6,,,1,8,,210219,6,,,1,7,,210168,6,,,1,8,,210220,6,,,1,7,,210169,6,,,1,48,,210221,6,,,1,7,,210170,6,,,1,8,,210222,6,,,1,7,,210171,6,,,1,8,,210223,6,,,1,7,,210172,6,,,1,8,,210224,6,,,1,7,,210173,6,,,1,48,,210225,6,,,1,7,,210174,6,,,1,8,,210226,6,,,1,7,,210175,6,,,1,8,,210227,6,,,1,7,,210176,6,,,1,8,,210228,6,,,1,7,,210177,6,,,1,48,,210229,6,,,1,7,,210178,6,,,1,8,,210230,6,,,1,7,,210179,6,,,1,8,,210231,6,,,1,7,,210180,6,,,1,8,,210232,6,,,1,7,,210181,6,,,1,48,,210233,6,,,1,7,,210182,6,,,1,8,,210234,6,,,1,7,,210183,6,,,1,8,,210235,6,,,1,7,,210184,6,,,1,8,,210236,6,,,1,7,,210185,6,,,1,48,,210237,6,,,1,7,,210186,6,,,1,8,,210238,6,,,1,7,,210187,6,,,1,8,,210239,6,,,1,7,,210188,6,,,1,8,,210240,6,,,1,7,,210189,6,,,1,48,,210241,6,,,1,7,,210190,6,,,1,8,,210242,6,,,1,7,,210191,6,,,1,8,,210243,6,,,1,7,,210192,6,,,1,8,,210244,6,,,1,7,,210193,6,,,1,48,,210245,6,,,1,7,,210194,6,,,1,8,,210246,6,,,1,7,,210195,6,,,1,8,,210247,6,,,1,7,,210196,6,,,1,8,,210248,6,,,1,7,,210197,6,,,1,48,,210249,6,,,1,7,,210198,6,,,1,8,,210250,6,,,1,7,,210199,6,,,1,8,,210251,6,,,1,7,,210163,6,,,1,8,,210252,6,,,1,11,,210300,6,,,1,52,,210301,6,,,1,12,,210268,6,,,1,10,,210269,6,,,1,10,,210270,6,,,1,10,,210271,6,,,1,50,,210272,6,,,1,10,,210273,6,,,1,10,,210274,6,,,1,10,,210275,6,,,1,10,,210276,6,,,1,10,,210277,6,,,1,50,,210278,6,,,1,10,,210279,6,,,1,10,,210280,6,,,1,10,,210281,6,,,1,10,,210282,6,,,1,10,,210283,6,,,1,50,,210284,6,,,1,10,,210285,6,,,1,10,,210286,6,,,1,10,,210287,6,,,1,10,,210288,6,,,1,10,,210289,6,,,1,50,,210290,6,,,1,10,,210291,6,,,1,10,,210292,6,,,1,10,,210293,6,,,1,10,,210294,6,,,1,10,,210295,6,,,1,50,,210296,6,,,1,10,,210297,6,,,1,10,,210298,6,,,1,10,,210299,6,,,1
7101,'071-Sunday-6-26-06-0000001',536,,210341,6,,,1,7,,210315,6,,,1,8,,210324,6,,,1,7,,210316,6,,,1,48,,210325,6,,,1,7,,210317,6,,,1,8,,210326,6,,,1,7,,210318,6,,,1,8,,210327,6,,,1,7,,210319,6,,,1,8,,210328,6,,,1,7,,210320,6,,,1,48,,210329,6,,,1,7,,210321,6,,,1,8,,210330,6,,,1,7,,210322,6,,,1,8,,210331,6,,,1,7,,210323,6,,,1,8,,210336,6,,,1,7,,210332,6,,,1,48,,210337,6,,,1,7,,210333,6,,,1,8,,210338,6,,,1,7,,210334,6,,,1,8,,210339,6,,,1,7,,210335,6,,,1,8,,210340,6,,,1
51100,'511-Weekday-1-26-06-1111100',2533,,175215,24,0,28 31,1,70,,175216,24,0,28 31,1,30,,175217,24,0,28 31,1,70,,175218,24,0,28 31,1
51100,'511-Weekday-2-26-06-1111100',2533,,195714,24,0,28 31,1,70,,195715,24,0,28 31,1,30,,195716,24,0,28 31,1,70,,195717,24,0,28 31,1
51100,'511-Saturday-1-26-06-0000010',2532,,175219,24,0,28 31,1,70,,175220,24,0,28 31,1,30,,175221,24,0,28 31,1,70,,175222,24,0,28 31,1
51100,'511-Saturday-2-26-06-0000010',2532,,215377,24,0,28 31,1,70,,215378,24,0,28 31,1,30,,215379,24,0,28 31,1,70,,215380,24,0,28 31,1
51100,'511-Sunday-2-26-06-0000001',2531,,195718,24,0,28 31,1,70,,195719,24,0,28 31,1,30,,195720,24,0,28 31,1,70,,195721,24,0,28 31,1
51100,'511-Sunday-3-26-06-0000001',2531,,215381,24,0,28 31,1,70,,215382,24,0,28 31,1,30,,215383,24,0,28 31,1,70,,215384,24,0,28 31,1
51100,'511-Sunday-6-26-06-0000001',2531,,215385,24,0,28 31,1,70,,215386,24,0,28 31,1,30,,215387,24,0,28 31,1,70,,215388,24,0,28 31,1
51100,'511-Sunday-7-26-06-0000001',2531,,215389,24,0,28 31,1,70,,215390,24,0,28 31,1,30,,215391,24,0,28 31,1,70,,215392,24,0,28 31,1
52300,'523-Weekday-1-26-06-1111100',600,,176988,49,,,1,30,,176989,49,,,1,77,,176990,49,,,1,17,,176991,49,,,1,15,,176992,49,,,1,15,,176993,49,,,1,55,,176994,49,,,1,15,,176995,49,,,1,15,,176996,49,,,1,15,,176997,49,,,1,54,,177041,49,,,1,18,,176998,49,,,1,19,,176999,49,,,1,60,,177000,49,,,1,20,,177001,49,,,1,20,,177002,49,,,1,60,,177003,49,,,1,20,,177004,49,,,1,20,,177005,49,,,1,60,,177006,49,,,1,20,,177007,49,,,1,20,,177008,49,,,1,60,,177009,49,,,1,20,,177010,49,,,1,20,,177011,49,,,1,60,,177012,49,,,1,20,,177013,49,,,1,20,,177014,49,,,1,61,,177015,49,,,1,23,,177016,49,,,1,16,,177017,49,,,1,55,,177018,49,,,1,15,,177019,49,,,1,15,,177020,49,,,1,15,,177021,49,,,1,55,,177022,49,,,1,15,,177023,49,,,1,15,,177024,49,,,1,15,,177025,49,,,1,55,,177026,49,,,1,15,,177027,49,,,1,15,,177028,49,,,1,12,,177029,49,,,1,17,,177030,49,,,1,70,,177031,49,,,1,30,,177032,49,,,1,70,,177033,49,,,1,30,,177034,49,,,1,70,,177035,49,,,1,30,,177036,49,,,1,68,,177037,49,,,1,29,,177038,49,,,1,100,,177039,49,,,1,100,,177040,49,,,1
52300,'523-Weekday-2-26-06-1111100',600,,196813,49,,,1,30,,196814,49,,,1,77,,196815,49,,,1,17,,196816,49,,,1,15,,196817,49,,,1,15,,196818,49,,,1,55,,196819,49,,,1,15,,196820,49,,,1,15,,196821,49,,,1,15,,196822,49,,,1,54,,196866,49,,,1,18,,196823,49,,,1,19,,196824,49,,,1,60,,196825,49,,,1,20,,196826,49,,,1,20,,196827,49,,,1,60,,196828,49,,,1,20,,196829,49,,,1,20,,196830,49,,,1,60,,196831,49,,,1,20,,196832,49,,,1,20,,196833,49,,,1,60,,196834,49,,,1,20,,196835,49,,,1,20,,196836,49,,,1,60,,196837,49,,,1,20,,196838,49,,,1,20,,196839,49,,,1,61,,196840,49,,,1,23,,196841,49,,,1,16,,196842,49,,,1,55,,196843,49,,,1,15,,196844,49,,,1,15,,196845,49,,,1,15,,196846,49,,,1,55,,196847,49,,,1,15,,196848,49,,,1,15,,196849,49,,,1,15,,196850,49,,,1,55,,196851,49,,,1,15,,196852,49,,,1,15,,196853,49,,,1,12,,196854,49,,,1,17,,196855,49,,,1,70,,196856,49,,,1,30,,196857,49,,,1,70,,196858,49,,,1,30,,196859,49,,,1,70,,196860,49,,,1,30,,196861,49,,,1,68,,196862,49,,,1,29,,196863,49,,,1,100,,196864,49,,,1,100,,196865,49,,,1
52300,'523-Saturday-1-26-06-0000010',617,,177042,49,,,1,100,,177043,49,,,1,100,,177044,49,,,1,20,,177045,49,,,1,20,,177075,49,,,1,63,,177046,49,,,1,21,,177047,49,,,1,60,,177076,49,,,1,20,,177048,49,,,1,20,,177049,49,,,1,60,,177077,49,,,1,20,,177050,49,,,1,20,,177051,49,,,1,60,,177078,49,,,1,20,,177052,49,,,1,20,,177053,49,,,1,60,,177079,49,,,1,20,,177054,49,,,1,20,,177055,49,,,1,60,,177080,49,,,1,20,,177056,49,,,1,20,,177057,49,,,1,60,,177081,49,,,1,20,,177058,49,,,1,20,,177059,49,,,1,60,,177082,49,,,1,20,,177060,49,,,1,20,,177061,49,,,1,60,,177083,49,,,1,18,,177062,49,,,1,19,,177063,49,,,1,20,,177084,49,,,1,60,,177064,49,,,1,20,,177065,49,,,1,20,,177085,49,,,1,60,,177066,49,,,1,20,,177067,49,,,1,20,,177086,49,,,1,60,,177068,49,,,1,20,,177069,49,,,1,20,,177087,49,,,1,60,,177070,49,,,1,20,,177071,49,,,1,20,,177088,49,,,1,60,,177072,49,,,1,20,,177089,49,,,1,100,,177073,49,,,1,100,,177074,49,,,1
52300,'523-Saturday-2-26-06-0000010',617,,217196,49,,,1,100,,217197,49,,,1,100,,217198,49,,,1,20,,217199,49,,,1,20,,217229,49,,,1,63,,217200,49,,,1,21,,217201,49,,,1,60,,217230,49,,,1,20,,217202,49,,,1,20,,217203,49,,,1,60,,217231,49,,,1,20,,217204,49,,,1,20,,217205,49,,,1,60,,217232,49,,,1,20,,217206,49,,,1,20,,217207,49,,,1,60,,217233,49,,,1,20,,217208,49,,,1,20,,217209,49,,,1,60,,217234,49,,,1,20,,217210,49,,,1,20,,217211,49,,,1,60,,217235,49,,,1,20,,217212,49,,,1,20,,217213,49,,,1,60,,217236,49,,,1,20,,217214,49,,,1,20,,217215,49,,,1,60,,217237,49,,,1,18,,217216,49,,,1,19,,217217,49,,,1,20,,217238,49,,,1,60,,217218,49,,,1,20,,217219,49,,,1,20,,217239,49,,,1,60,,217220,49,,,1,20,,217221,49,,,1,20,,217240,49,,,1,60,,217222,49,,,1,20,,217223,49,,,1,20,,217241,49,,,1,60,,217224,49,,,1,20,,217225,49,,,1,20,,217242,49,,,1,60,,217226,49,,,1,20,,217243,49,,,1,100,,217227,49,,,1,100,,217228,49,,,1
52300,'523-Sunday-2-26-06-0000001',717,,196867,49,,,1,100,,196868,49,,,1,103,,196869,49,,,1,100,,196870,49,,,1,20,,196871,49,,,1,60,,196872,49,,,1,20,,196873,49,,,1,20,,196874,49,,,1,60,,196875,49,,,1,20,,196876,49,,,1,20,,196877,49,,,1,60,,196878,49,,,1,20,,196879,49,,,1,20,,196880,49,,,1,60,,196881,49,,,1,20,,196882,49,,,1,20,,196883,49,,,1,60,,196884,49,,,1,20,,196885,49,,,1,20,,196886,49,,,1,60,,196887,49,,,1,20,,196888,49,,,1,20,,196892,49,,,1,60,,196889,49,,,1,19,,196893,49,,,1,19,,196890,49,,,1,20,,196896,49,,,1,60,,196897,49,,,1,20,,196898,49,,,1,20,,196899,49,,,1,70,,196900,49,,,1,30,,196901,49,,,1,70,,196902,49,,,1,30,,196903,49,,,1,70,,196904,49,,,1,30,,196894,49,,,1,100,,196895,49,,,1,100,,196891,49,,,1,100,,196905,49,,,1
52300,'523-Sunday-3-26-06-0000001',717,,217244,49,,,1,100,,217245,49,,,1,103,,217246,49,,,1,100,,217247,49,,,1,20,,217248,49,,,1,60,,217249,49,,,1,20,,217250,49,,,1,20,,217251,49,,,1,60,,217252,49,,,1,20,,217253,49,,,1,20,,217254,49,,,1,60,,217255,49,,,1,20,,217256,49,,,1,20,,217257,49,,,1,60,,217258,49,,,1,20,,217259,49,,,1,20,,217260,49,,,1,60,,217261,49,,,1,20,,217262,49,,,1,20,,217263,49,,,1,60,,217264,49,,,1,20,,217265,49,,,1,20,,217269,49,,,1,60,,217266,49,,,1,19,,217270,49,,,1,19,,217267,49,,,1,20,,217273,49,,,1,60,,217274,49,,,1,20,,217275,49,,,1,20,,217276,49,,,1,70,,217277,49,,,1,30,,217278,49,,,1,70,,217279,49,,,1,30,,217280,49,,,1,70,,217281,49,,,1,30,,217271,49,,,1,100,,217272,49,,,1,100,,217268,49,,,1,100,,217282,49,,,1
52300,'523-Sunday-6-26-06-0000001',717,,217283,49,,,1,100,,217284,49,,,1,103,,217285,49,,,1,100,,217286,49,,,1,20,,217287,49,,,1,60,,217288,49,,,1,20,,217289,49,,,1,20,,217290,49,,,1,60,,217291,49,,,1,20,,217292,49,,,1,20,,217293,49,,,1,60,,217294,49,,,1,20,,217295,49,,,1,20,,217296,49,,,1,60,,217297,49,,,1,20,,217298,49,,,1,20,,217299,49,,,1,60,,217300,49,,,1,20,,217301,49,,,1,20,,217302,49,,,1,60,,217303,49,,,1,20,,217304,49,,,1,20,,217308,49,,,1,60,,217305,49,,,1,19,,217309,49,,,1,19,,217306,49,,,1,20,,217312,49,,,1,60,,217313,49,,,1,20,,217314,49,,,1,20,,217315,49,,,1,70,,217316,49,,,1,30,,217317,49,,,1,70,,217318,49,,,1,30,,217319,49,,,1,70,,217320,49,,,1,30,,217310,49,,,1,100,,217311,49,,,1,100,,217307,49,,,1,100,,217321,49,,,1
52300,'523-Sunday-7-26-06-0000001',717,,217322,49,,,1,100,,217323,49,,,1,103,,217324,49,,,1,100,,217325,49,,,1,20,,217326,49,,,1,60,,217327,49,,,1,20,,217328,49,,,1,20,,217329,49,,,1,60,,217330,49,,,1,20,,217331,49,,,1,20,,217332,49,,,1,60,,217333,49,,,1,20,,217334,49,,,1,20,,217335,49,,,1,60,,217336,49,,,1,20,,217337,49,,,1,20,,217338,49,,,1,60,,217339,49,,,1,20,,217340,49,,,1,20,,217341,49,,,1,60,,217342,49,,,1,20,,217343,49,,,1,20,,217347,49,,,1,60,,217344,49,,,1,19,,217348,49,,,1,19,,217345,49,,,1,20,,217351,49,,,1,60,,217352,49,,,1,20,,217353,49,,,1,20,,217354,49,,,1,70,,217355,49,,,1,30,,217356,49,,,1,70,,217357,49,,,1,30,,217358,49,,,1,70,,217359,49,,,1,30,,217349,49,,,1,100,,217350,49,,,1,100,,217346,49,,,1,100,,217360,49,,,1
24050001,'500X-Weekday-1-26-06-1111100',603,,187193,7,,,1,30,,187191,7,,,1,70,,187192,7,,,1,7,,187194,7,,,1,8,,187202,7,,,1,7,,187195,7,,,1,7,,187203,7,,,1,8,,187196,7,,,1,8,,187204,7,,,1,9,,187197,7,,,1,48,,187205,7,,,1,7,,187198,7,,,1,8,,187206,7,,,1,7,,187199,7,,,1,8,,187207,7,,,1,7,,187200,7,,,1,8,,187208,7,,,1,9,,187201,7,,,1,54,,187236,7,,,1,14,,187209,7,,,1,31,,187210,7,,,1,71,,187211,7,,,1,30,,187212,7,,,1,70,,187213,7,,,1,30,,187214,7,,,1,70,,187215,7,,,1,30,,187216,7,,,1,70,,187217,7,,,1,30,,187218,7,,,1,69,,187219,7,,,1,24,,187220,7,,,1,66,,187221,7,,,1,25,,187222,7,,,1,64,,187223,7,,,1,24,,187224,7,,,1,24,,187225,7,,,1,64,,187226,7,,,1,24,,187227,7,,,1,64,,187228,7,,,1,29,,187229,7,,,1,68,,187230,7,,,1,30,,187231,7,,,1,70,,187232,7,,,1,30,,187233,7,,,1,70,,187234,7,,,1,30,,187235,7,,,1
24050001,'500X-Weekday-2-26-06-1111100',603,,203097,7,,,1,30,,203095,7,,,1,70,,203096,7,,,1,7,,203098,7,,,1,8,,203106,7,,,1,7,,203099,7,,,1,7,,203107,7,,,1,8,,203100,7,,,1,8,,203108,7,,,1,9,,203101,7,,,1,48,,203109,7,,,1,7,,203102,7,,,1,8,,203110,7,,,1,7,,203103,7,,,1,8,,203111,7,,,1,7,,203104,7,,,1,8,,203112,7,,,1,9,,203105,7,,,1,54,,203140,7,,,1,14,,203113,7,,,1,31,,203114,7,,,1,71,,203115,7,,,1,30,,203116,7,,,1,70,,203117,7,,,1,30,,203118,7,,,1,70,,203119,7,,,1,30,,203120,7,,,1,70,,203121,7,,,1,30,,203122,7,,,1,69,,203123,7,,,1,24,,203124,7,,,1,66,,203125,7,,,1,25,,203126,7,,,1,64,,203127,7,,,1,24,,203128,7,,,1,24,,203129,7,,,1,64,,203130,7,,,1,24,,203131,7,,,1,64,,203132,7,,,1,29,,203133,7,,,1,68,,203134,7,,,1,30,,203135,7,,,1,70,,203136,7,,,1,30,,203137,7,,,1,70,,203138,7,,,1,30,,203139,7,,,1
