701,'007-Weekday-1-26-06-1111100',515,,164712,10,,,1,20,,164711,10,,,1,20,,164713,10,,,1,51,,164714,10,,,1,20,,164715,10,,,1,28,,164716,10,,,1,58,,164717,10,,,1,17,,164718,10,,,1,12,,164719,10,,,1,12,,164720,10,,,1,52,,164721,10,,,1,12,,164722,10,,,1,12,,164723,10,,,1,12,,164724,10,,,1,12,,164725,10,,,1,53,,164726,10,,,1,11,,164727,10,,,1,11,,164728,10,,,1,10,,164729,10,,,1,10,,164730,10,,,1,11,,164731,10,,,1,52,,164732,10,,,1,12,,164733,10,,,1,12,,164734,10,,,1,12,,164735,10,,,1,12,,164736,10,,,1,52,,164737,10,,,1,12,,164738,10,,,1,12,,164739,10,,,1,12,,164740,10,,,1,12,,164741,10,,,1,52,,164742,10,,,1,12,,164743,10,,,1,12,,164744,10,,,1,12,,164745,10,,,1,12,,164746,10,,,1,52,,164747,10,,,1,12,,164748,10,,,1,12,,164749,10,,,1,12,,164750,10,,,1,12,,164751,10,,,1,52,,164752,10,,,1,12,,164753,10,,,1,12,,164754,10,,,1,12,,164755,10,,,1,53,,164756,10,,,1,12,,164757,10,,,1,14,,164758,10,,,1,14,,164759,10,,,1,12,,164760,10,,,1,52,,164761,10,,,1,12,,164762,10,,,1,12,,164763,10,,,1,12,,164764,10,,,1,12,,164765,10,,,1,52,,164766,10,,,1,12,,164767,10,,,1,12,,164768,10,,,1,12,,164769,10,,,1,12,,164770,10,,,1,52,,164771,10,,,1,12,,164772,10,,,1,12,,164773,10,,,1,10,,164774,10,,,1,13,,164775,10,,,1,52,,164776,10,,,1,13,,164777,10,,,1,15,,164778,10,,,1,15,,164779,10,,,1,55,,164780,10,,,1,15,,164781,10,,,1,15,,164782,10,,,1,15,,164783,10,,,1,55,,164784,10,,,1,15,,164785,10,,,1,15,,164786,10,,,1,15,,164787,10,,,1,55,,164788,10,,,1,15,,164796,10,,,1,16,,164789,10,,,1,18,,164790,10,,,1,60,,164791,10,,,1,20,,164792,10,,,1,18,,164793,10,,,1,60,,164794,10,,,1,20,,164795,10,,,1
701,'007-Weekday-2-26-06-1111100',515,,190517,10,,,1,20,,190516,10,,,1,20,,190518,10,,,1,51,,190519,10,,,1,20,,190520,10,,,1,28,,190521,10,,,1,58,,190522,10,,,1,17,,190523,10,,,1,12,,190524,10,,,1,12,,190525,10,,,1,52,,190526,10,,,1,12,,190527,10,,,1,12,,190528,10,,,1,12,,190529,10,,,1,12,,190530,10,,,1,53,,190531,10,,,1,11,,190532,10,,,1,11,,190533,10,,,1,10,,190534,10,,,1,10,,190535,10,,,1,11,,190536,10,,,1,52,,190537,10,,,1,12,,190538,10,,,1,12,,190539,10,,,1,12,,190540,10,,,1,12,,190541,10,,,1,52,,190542,10,,,1,12,,190543,10,,,1,12,,190544,10,,,1,12,,190545,10,,,1,12,,190546,10,,,1,52,,190547,10,,,1,12,,190548,10,,,1,12,,190549,10,,,1,12,,190550,10,,,1,12,,190551,10,,,1,52,,190552,10,,,1,12,,190553,10,,,1,12,,190554,10,,,1,12,,190555,10,,,1,12,,190556,10,,,1,52,,190557,10,,,1,12,,190558,10,,,1,12,,190559,10,,,1,12,,190560,10,,,1,53,,190561,10,,,1,12,,190562,10,,,1,14,,190563,10,,,1,14,,190564,10,,,1,12,,190565,10,,,1,52,,190566,10,,,1,12,,190567,10,,,1,12,,190568,10,,,1,12,,190569,10,,,1,12,,190570,10,,,1,52,,190571,10,,,1,12,,190572,10,,,1,12,,190573,10,,,1,12,,190574,10,,,1,12,,190575,10,,,1,52,,190576,10,,,1,12,,190577,10,,,1,12,,190578,10,,,1,10,,190579,10,,,1,13,,190580,10,,,1,52,,190581,10,,,1,13,,190582,10,,,1,15,,190583,10,,,1,15,,190584,10,,,1,55,,190585,10,,,1,15,,190586,10,,,1,15,,190587,10,,,1,15,,190588,10,,,1,55,,190589,10,,,1,15,,190590,10,,,1,15,,190591,10,,,1,15,,190592,10,,,1,55,,190593,10,,,1,15,,190601,10,,,1,16,,190594,10,,,1,18,,190595,10,,,1,60,,190596,10,,,1,20,,190597,10,,,1,18,,190598,10,,,1,60,,190599,10,,,1,20,,190600,10,,,1
701,'007-Saturday-1-26-06-0000010',549,,164864,10,,,1,60,,164798,10,,,1,20,,164799,10,,,1,20,,164800,10,,,1,60,,164801,10,,,1,20,,164802,10,,,1,20,,164803,10,,,1,60,,164804,10,,,1,20,,164805,10,,,1,15,,164806,10,,,1,56,,164807,10,,,1,16,,164808,10,,,1,20,,164809,10,,,1,16,,164810,10,,,1,55,,164811,10,,,1,15,,164812,10,,,1,15,,164813,10,,,1,15,,164814,10,,,1,55,,164815,10,,,1,15,,164816,10,,,1,15,,164817,10,,,1,15,,164818,10,,,1,55,,164819,10,,,1,15,,164820,10,,,1,15,,164821,10,,,1,15,,164822,10,,,1,55,,164823,10,,,1,15,,164824,10,,,1,15,,164825,10,,,1,15,,164826,10,,,1,55,,164827,10,,,1,15,,164828,10,,,1,15,,164829,10,,,1,15,,164830,10,,,1,55,,164831,10,,,1,15,,164832,10,,,1,15,,164833,10,,,1,15,,164834,10,,,1,55,,164835,10,,,1,15,,164836,10,,,1,15,,164837,10,,,1,15,,164838,10,,,1,55,,164839,10,,,1,14,,164840,10,,,1,14,,164841,10,,,1,15,,164842,10,,,1,55,,164843,10,,,1,15,,164844,10,,,1,15,,164845,10,,,1,15,,164846,10,,,1,55,,164847,10,,,1,15,,164848,10,,,1,15,,164849,10,,,1,20,,164850,10,,,1,60,,164851,10,,,1,20,,164852,10,,,1,20,,164853,10,,,1,60,,164854,10,,,1,20,,164855,10,,,1,20,,164856,10,,,1,60,,164857,10,,,1,20,,164858,10,,,1,20,,164859,10,,,1,60,,164860,10,,,1,20,,164861,10,,,1,20,,164862,10,,,1,60,,164863,10,,,1,20,,164797,10,,,1
701,'007-Saturday-2-26-06-0000010',549,,206780,10,,,1,60,,206714,10,,,1,20,,206715,10,,,1,20,,206716,10,,,1,60,,206717,10,,,1,20,,206718,10,,,1,20,,206719,10,,,1,60,,206720,10,,,1,20,,206721,10,,,1,15,,206722,10,,,1,56,,206723,10,,,1,16,,206724,10,,,1,20,,206725,10,,,1,16,,206726,10,,,1,55,,206727,10,,,1,15,,206728,10,,,1,15,,206729,10,,,1,15,,206730,10,,,1,55,,206731,10,,,1,15,,206732,10,,,1,15,,206733,10,,,1,15,,206734,10,,,1,55,,206735,10,,,1,15,,206736,10,,,1,15,,206737,10,,,1,15,,206738,10,,,1,55,,206739,10,,,1,15,,206740,10,,,1,15,,206741,10,,,1,15,,206742,10,,,1,55,,206743,10,,,1,15,,206744,10,,,1,15,,206745,10,,,1,15,,206746,10,,,1,55,,206747,10,,,1,15,,206748,10,,,1,15,,206749,10,,,1,15,,206750,10,,,1,55,,206751,10,,,1,15,,206752,10,,,1,15,,206753,10,,,1,15,,206754,10,,,1,55,,206755,10,,,1,14,,206756,10,,,1,14,,206757,10,,,1,15,,206758,10,,,1,55,,206759,10,,,1,15,,206760,10,,,1,15,,206761,10,,,1,15,,206762,10,,,1,55,,206763,10,,,1,15,,206764,10,,,1,15,,206765,10,,,1,20,,206766,10,,,1,60,,206767,10,,,1,20,,206768,10,,,1,20,,206769,10,,,1,60,,206770,10,,,1,20,,206771,10,,,1,20,,206772,10,,,1,60,,206773,10,,,1,20,,206774,10,,,1,20,,206775,10,,,1,60,,206776,10,,,1,20,,206777,10,,,1,20,,206778,10,,,1,60,,206779,10,,,1,20,,206713,10,,,1
701,'007-Sunday-3-26-06-0000001',610,,190664,10,,,1,30,,190602,10,,,1,60,,190603,10,,,1,20,,190604,10,,,1,20,,190605,10,,,1,60,,190606,10,,,1,20,,190607,10,,,1,20,,190608,10,,,1,60,,190609,10,,,1,23,,190610,10,,,1,22,,190611,10,,,1,60,,190612,10,,,1,20,,190613,10,,,1,20,,190614,10,,,1,60,,190615,10,,,1,15,,190616,10,,,1,15,,190617,10,,,1,15,,190618,10,,,1,55,,190619,10,,,1,15,,190620,10,,,1,15,,190621,10,,,1,15,,190622,10,,,1,55,,190623,10,,,1,15,,190624,10,,,1,15,,190625,10,,,1,15,,190626,10,,,1,55,,190627,10,,,1,15,,190628,10,,,1,15,,190629,10,,,1,15,,190630,10,,,1,55,,190631,10,,,1,15,,190632,10,,,1,15,,190633,10,,,1,15,,190634,10,,,1,55,,190635,10,,,1,15,,190636,10,,,1,15,,190637,10,,,1,15,,190638,10,,,1,55,,190639,10,,,1,14,,190640,10,,,1,15,,190641,10,,,1,15,,190642,10,,,1,55,,190643,10,,,1,15,,190644,10,,,1,15,,190645,10,,,1,15,,190646,10,,,1,55,,190647,10,,,1,15,,190648,10,,,1,15,,190649,10,,,1,20,,190650,10,,,1,60,,190651,10,,,1,20,,190652,10,,,1,20,,190653,10,,,1,60,,190654,10,,,1,20,,190655,10,,,1,20,,190656,10,,,1,60,,190657,10,,,1,20,,190658,10,,,1,20,,190659,10,,,1,60,,190660,10,,,1,20,,190661,10,,,1,20,,190662,10,,,1,60,,190663,10,,,1
701,'007-Sunday-4-26-06-0000001',610,,206843,10,,,1,30,,206781,10,,,1,60,,206782,10,,,1,20,,206783,10,,,1,20,,206784,10,,,1,60,,206785,10,,,1,20,,206786,10,,,1,20,,206787,10,,,1,60,,206788,10,,,1,23,,206789,10,,,1,22,,206790,10,,,1,60,,206791,10,,,1,20,,206792,10,,,1,20,,206793,10,,,1,60,,206794,10,,,1,15,,206795,10,,,1,15,,206796,10,,,1,15,,206797,10,,,1,55,,206798,10,,,1,15,,206799,10,,,1,15,,206800,10,,,1,15,,206801,10,,,1,55,,206802,10,,,1,15,,206803,10,,,1,15,,206804,10,,,1,15,,206805,10,,,1,55,,206806,10,,,1,15,,206807,10,,,1,15,,206808,10,,,1,15,,206809,10,,,1,55,,206810,10,,,1,15,,206811,10,,,1,15,,206812,10,,,1,15,,206813,10,,,1,55,,206814,10,,,1,15,,206815,10,,,1,15,,206816,10,,,1,15,,206817,10,,,1,55,,206818,10,,,1,14,,206819,10,,,1,15,,206820,10,,,1,15,,206821,10,,,1,55,,206822,10,,,1,15,,206823,10,,,1,15,,206824,10,,,1,15,,206825,10,,,1,55,,206826,10,,,1,15,,206827,10,,,1,15,,206828,10,,,1,20,,206829,10,,,1,60,,206830,10,,,1,20,,206831,10,,,1,20,,206832,10,,,1,60,,206833,10,,,1,20,,206834,10,,,1,20,,206835,10,,,1,60,,206836,10,,,1,20,,206837,10,,,1,20,,206838,10,,,1,60,,206839,10,,,1,20,,206840,10,,,1,20,,206841,10,,,1,60,,206842,10,,,1
701,'007-Sunday-7-26-06-0000001',610,,206906,10,,,1,30,,206844,10,,,1,60,,206845,10,,,1,20,,206846,10,,,1,20,,206847,10,,,1,60,,206848,10,,,1,20,,206849,10,,,1,20,,206850,10,,,1,60,,206851,10,,,1,23,,206852,10,,,1,22,,206853,10,,,1,60,,206854,10,,,1,20,,206855,10,,,1,20,,206856,10,,,1,60,,206857,10,,,1,15,,206858,10,,,1,15,,206859,10,,,1,15,,206860,10,,,1,55,,206861,10,,,1,15,,206862,10,,,1,15,,206863,10,,,1,15,,206864,10,,,1,55,,206865,10,,,1,15,,206866,10,,,1,15,,206867,10,,,1,15,,206868,10,,,1,55,,206869,10,,,1,15,,206870,10,,,1,15,,206871,10,,,1,15,,206872,10,,,1,55,,206873,10,,,1,15,,206874,10,,,1,15,,206875,10,,,1,15,,206876,10,,,1,55,,206877,10,,,1,15,,206878,10,,,1,15,,206879,10,,,1,15,,206880,10,,,1,55,,206881,10,,,1,14,,206882,10,,,1,15,,206883,10,,,1,15,,206884,10,,,1,55,,206885,10,,,1,15,,206886,10,,,1,15,,206887,10,,,1,15,,206888,10,,,1,55,,206889,10,,,1,15,,206890,10,,,1,15,,206891,10,,,1,20,,206892,10,,,1,60,,206893,10,,,1,20,,206894,10,,,1,20,,206895,10,,,1,60,,206896,10,,,1,20,,206897,10,,,1,20,,206898,10,,,1,60,,206899,10,,,1,20,,206900,10,,,1,20,,206901,10,,,1,60,,206902,10,,,1,20,,206903,10,,,1,20,,206904,10,,,1,60,,206905,10,,,1
701,'007-Sunday-8-26-06-0000001',610,,206969,10,,,1,30,,206907,10,,,1,60,,206908,10,,,1,20,,206909,10,,,1,20,,206910,10,,,1,60,,206911,10,,,1,20,,206912,10,,,1,20,,206913,10,,,1,60,,206914,10,,,1,23,,206915,10,,,1,22,,206916,10,,,1,60,,206917,10,,,1,20,,206918,10,,,1,20,,206919,10,,,1,60,,206920,10,,,1,15,,206921,10,,,1,15,,206922,10,,,1,15,,206923,10,,,1,55,,206924,10,,,1,15,,206925,10,,,1,15,,206926,10,,,1,15,,206927,10,,,1,55,,206928,10,,,1,15,,206929,10,,,1,15,,206930,10,,,1,15,,206931,10,,,1,55,,206932,10,,,1,15,,206933,10,,,1,15,,206934,10,,,1,15,,206935,10,,,1,55,,206936,10,,,1,15,,206937,10,,,1,15,,206938,10,,,1,15,,206939,10,,,1,55,,206940,10,,,1,15,,206941,10,,,1,15,,206942,10,,,1,15,,206943,10,,,1,55,,206944,10,,,1,14,,206945,10,,,1,15,,206946,10,,,1,15,,206947,10,,,1,55,,206948,10,,,1,15,,206949,10,,,1,15,,206950,10,,,1,15,,206951,10,,,1,55,,206952,10,,,1,15,,206953,10,,,1,15,,206954,10,,,1,20,,206955,10,,,1,60,,206956,10,,,1,20,,206957,10,,,1,20,,206958,10,,,1,60,,206959,10,,,1,20,,206960,10,,,1,20,,206961,10,,,1,60,,206962,10,,,1,20,,206963,10,,,1,20,,206964,10,,,1,60,,206965,10,,,1,20,,206966,10,,,1,20,,206967,10,,,1,60,,206968,10,,,1
90200,'902-Weekday-1-26-06-1111100',540,,182966,13,,,1,70,,182967,12,,,1,33,,182968,12,,,1,70,,182969,13,,,1,30,,182970,12,,,1,70,,182971,12,,,1,30,,182972,12,,,1,71,,182973,12,,,1,30,,182974,12,,,1,64,,182975,12,,,1,20,,182976,12,,,1,20,,182977,12,,,1,60,,182978,13,,,1,20,,182979,12,,,1,20,,182980,12,,,1,60,,182981,13,,,1,20,,182982,13,,,1,20,,182983,12,,,1,60,,182984,12,,,1,20,,182985,12,,,1,20,,182986,12,,,1,60,,182987,12,,,1,20,,182988,13,,,1,16,,182989,12,,,1,56,,182990,12,,,1,17,,182991,12,,,1,15,,182992,13,,,1,15,,182993,12,,,1,55,,182994,13,,,1,15,,182995,12,,,1,15,,182996,13,,,1,15,,182997,12,,,1,55,,182998,13,,,1,15,,182999,12,,,1,15,,183000,13,,,1,17,,183001,12,,,1,61,,183002,12,,,1,28,,183003,12,,,1,69,,183004,12,,,1,30,,183005,12,,,1,70,,183006,12,,,1,30,,183007,12,,,1,70,,183008,12,,,1,30,,183009,12,,,1,79,,183010,12,,,1,100,,183011,13,,,1
90200,'902-Weekday-2-26-06-1111100',540,,200249,13,,,1,70,,200250,12,,,1,33,,200251,12,,,1,70,,200252,13,,,1,30,,200253,12,,,1,70,,200254,12,,,1,30,,200255,12,,,1,71,,200256,12,,,1,30,,200257,12,,,1,64,,200258,12,,,1,20,,200259,12,,,1,20,,200260,12,,,1,60,,200261,13,,,1,20,,200262,12,,,1,20,,200263,12,,,1,60,,200264,13,,,1,20,,200265,13,,,1,20,,200266,12,,,1,60,,200267,12,,,1,20,,200268,12,,,1,20,,200269,12,,,1,60,,200270,12,,,1,20,,200271,13,,,1,16,,200272,12,,,1,56,,200273,12,,,1,17,,200274,12,,,1,15,,200275,13,,,1,15,,200276,12,,,1,55,,200277,13,,,1,15,,200278,12,,,1,15,,200279,13,,,1,15,,200280,12,,,1,55,,200281,13,,,1,15,,200282,12,,,1,15,,200283,13,,,1,17,,200284,12,,,1,61,,200285,12,,,1,28,,200286,12,,,1,69,,200287,12,,,1,30,,200288,12,,,1,70,,200289,12,,,1,30,,200290,12,,,1,70,,200291,12,,,1,30,,200292,12,,,1,79,,200293,12,,,1,100,,200294,13,,,1
90200,'902-Saturday-1-26-06-0000010',558,,183012,13,,,1,100,,183013,12,,,1,100,,183014,12,,,1,77,,183015,13,,,1,72,,183016,13,,,1,31,,183017,12,,,1,70,,183018,12,,,1,30,,183019,12,,,1,70,,183020,12,,,1,30,,183021,12,,,1,70,,183022,12,,,1,30,,183023,13,,,1,70,,183024,12,,,1,30,,183025,12,,,1,70,,183026,12,,,1,30,,183027,12,,,1,70,,183028,12,,,1,30,,183029,12,,,1,70,,183030,12,,,1,30,,183031,12,,,1,69,,183032,12,,,1,33,,183038,12,,,1,70,,183039,12,,,1,30,,183040,12,,,1,100,,183033,12,,,1,100,,183034,12,,,1,100,,183035,12,,,1,100,,183036,12,,,1,100,,183037,12,,,1
90200,'902-Saturday-2-26-06-0000010',558,,222194,13,,,1,100,,222195,12,,,1,100,,222196,12,,,1,77,,222197,13,,,1,72,,222198,13,,,1,31,,222199,12,,,1,70,,222200,12,,,1,30,,222201,12,,,1,70,,222202,12,,,1,30,,222203,12,,,1,70,,222204,12,,,1,30,,222205,13,,,1,70,,222206,12,,,1,30,,222207,12,,,1,70,,222208,12,,,1,30,,222209,12,,,1,70,,222210,12,,,1,30,,222211,12,,,1,70,,222212,12,,,1,30,,222213,12,,,1,69,,222214,12,,,1,33,,222220,12,,,1,70,,222221,12,,,1,30,,222222,12,,,1,100,,222215,12,,,1,100,,222216,12,,,1,100,,222217,12,,,1,100,,222218,12,,,1,100,,222219,12,,,1
90200,'902-Sunday-2-26-06-0000001',600,,200295,13,,,1,100,,200296,12,,,1,100,,200297,12,,,1,100,,200320,12,,,1,100,,200321,12,,,1,45,,200322,13,,,1,70,,200298,13,,,1,30,,200299,12,,,1,70,,200300,12,,,1,30,,200301,12,,,1,70,,200302,12,,,1,30,,200303,12,,,1,70,,200304,12,,,1,30,,200305,12,,,1,70,,200306,12,,,1,30,,200307,12,,,1,70,,200308,12,,,1,30,,200309,12,,,1,69,,200310,12,,,1,30,,200311,12,,,1,70,,200312,12,,,1,30,,200313,12,,,1,70,,200314,12,,,1,100,,200315,13,,,1,100,,200316,12,,,1,100,,200317,12,,,1,100,,200318,12,,,1,100,,200319,12,,,1
90200,'902-Sunday-3-26-06-0000001',600,,222223,13,,,1,100,,222224,12,,,1,100,,222225,12,,,1,100,,222248,12,,,1,100,,222249,12,,,1,45,,222250,13,,,1,70,,222226,13,,,1,30,,222227,12,,,1,70,,222228,12,,,1,30,,222229,12,,,1,70,,222230,12,,,1,30,,222231,12,,,1,70,,222232,12,,,1,30,,222233,12,,,1,70,,222234,12,,,1,30,,222235,12,,,1,70,,222236,12,,,1,30,,222237,12,,,1,69,,222238,12,,,1,30,,222239,12,,,1,70,,222240,12,,,1,30,,222241,12,,,1,70,,222242,12,,,1,100,,222243,13,,,1,100,,222244,12,,,1,100,,222245,12,,,1,100,,222246,12,,,1,100,,222247,12,,,1
90200,'902-Sunday-6-26-06-0000001',600,,222251,13,,,1,100,,222252,12,,,1,100,,222253,12,,,1,100,,222276,12,,,1,100,,222277,12,,,1,45,,222278,13,,,1,70,,222254,13,,,1,30,,222255,12,,,1,70,,222256,12,,,1,30,,222257,12,,,1,70,,222258,12,,,1,30,,222259,12,,,1,70,,222260,12,,,1,30,,222261,12,,,1,70,,222262,12,,,1,30,,222263,12,,,1,70,,222264,12,,,1,30,,222265,12,,,1,69,,222266,12,,,1,30,,222267,12,,,1,70,,222268,12,,,1,30,,222269,12,,,1,70,,222270,12,,,1,100,,222271,13,,,1,100,,222272,12,,,1,100,,222273,12,,,1,100,,222274,12,,,1,100,,222275,12,,,1
90200,'902-Sunday-7-26-06-0000001',600,,222279,13,,,1,100,,222280,12,,,1,100,,222281,12,,,1,100,,222304,12,,,1,100,,222305,12,,,1,45,,222306,13,,,1,70,,222282,13,,,1,30,,222283,12,,,1,70,,222284,12,,,1,30,,222285,12,,,1,70,,222286,12,,,1,30,,222287,12,,,1,70,,222288,12,,,1,30,,222289,12,,,1,70,,222290,12,,,1,30,,222291,12,,,1,70,,222292,12,,,1,30,,222293,12,,,1,69,,222294,12,,,1,30,,222295,12,,,1,70,,222296,12,,,1,30,,222297,12,,,1,70,,222298,12,,,1,100,,222299,13,,,1,100,,222300,12,,,1,100,,222301,12,,,1,100,,222302,12,,,1,100,,222303,12,,,1
