401,'004-Weekday-1-26-06-1111100',503,,162473,31,,,1,15,,162379,31,,,1,15,,162380,31,,,1,15,,162381,31,,,1,56,,162382,31,,,1,15,,162383,31,,,1,17,,162420,31,,,1,21,,162419,31,,,1,53,,162418,31,,,1,12,,162470,31,,,1,12,,162471,31,,,1,12,,162463,31,,,1,12,,162464,31,,,1,52,,162465,31,,,1,12,,162466,31,,,1,12,,162467,31,,,1,12,,162468,31,,,1,12,,162469,31,,,1,53,,162417,31,,,1,11,,162453,31,,,1,12,,162416,31,,,1,12,,162415,31,,,1,12,,162449,31,,,1,52,,162450,31,,,1,12,,162384,31,,,1,12,,162385,31,,,1,12,,162386,31,,,1,12,,162387,31,,,1,53,,162388,31,,,1,13,,162389,31,,,1,12,,162390,31,,,1,12,,162391,31,,,1,52,,162392,31,,,1,12,,162393,31,,,1,12,,162394,31,,,1,12,,162395,31,,,1,12,,162421,31,,,1,52,,162422,31,,,1,12,,162423,31,,,1,12,,162424,31,,,1,12,,162425,31,,,1,12,,162457,31,,,1,52,,162458,31,,,1,12,,162459,31,,,1,12,,162460,31,,,1,12,,162461,31,,,1,12,,162462,31,,,1,53,,162456,31,,,1,12,,162426,31,,,1,14,,162472,31,,,1,9,,162427,31,,,1,8,,162428,31,,,1,10,,162429,31,,,1,50,,162430,31,,,1,10,,162431,31,,,1,10,,162432,31,,,1,10,,162433,31,,,1,10,,162434,31,,,1,10,,162435,31,,,1,50,,162436,31,,,1,10,,162437,31,,,1,10,,162438,31,,,1,10,,162439,31,,,1,10,,162440,31,,,1,10,,162454,31,,,1,54,,162455,31,,,1,13,,162441,31,,,1,15,,162442,31,,,1,12,,162443,31,,,1,52,,162444,31,,,1,15,,162445,31,,,1,15,,162446,31,,,1,15,,162447,31,,,1,55,,162448,31,,,1,15,,162451,31,,,1,15,,162452,31,,,1,15,,162396,31,,,1,55,,162397,31,,,1,15,,162399,31,,,1,15,,162400,31,,,1,15,,162401,31,,,1,55,,162398,31,,,1,13,,162402,31,,,1,14,,162403,31,,,1,20,,162404,31,,,1,60,,162405,31,,,1,20,,162406,31,,,1,20,,162407,31,,,1,58,,162408,31,,,1,19,,162409,31,,,1,29,,162410,31,,,1,70,,162411,31,,,1,30,,162412,31,,,1,70,,162413,31,,,1,30,,162414,31,,,1
401,'004-Weekday-2-26-06-1111100',503,,189692,31,,,1,15,,189598,31,,,1,15,,189599,31,,,1,15,,189600,31,,,1,56,,189601,31,,,1,15,,189602,31,,,1,17,,189639,31,,,1,21,,189638,31,,,1,53,,189637,31,,,1,12,,189689,31,,,1,12,,189690,31,,,1,12,,189682,31,,,1,12,,189683,31,,,1,52,,189684,31,,,1,12,,189685,31,,,1,12,,189686,31,,,1,12,,189687,31,,,1,12,,189688,31,,,1,53,,189636,31,,,1,11,,189672,31,,,1,12,,189635,31,,,1,12,,189634,31,,,1,12,,189668,31,,,1,52,,189669,31,,,1,12,,189603,31,,,1,12,,189604,31,,,1,12,,189605,31,,,1,12,,189606,31,,,1,53,,189607,31,,,1,13,,189608,31,,,1,12,,189609,31,,,1,12,,189610,31,,,1,52,,189611,31,,,1,12,,189612,31,,,1,12,,189613,31,,,1,12,,189614,31,,,1,12,,189640,31,,,1,52,,189641,31,,,1,12,,189642,31,,,1,12,,189643,31,,,1,12,,189644,31,,,1,12,,189676,31,,,1,52,,189677,31,,,1,12,,189678,31,,,1,12,,189679,31,,,1,12,,189680,31,,,1,12,,189681,31,,,1,53,,189675,31,,,1,12,,189645,31,,,1,14,,189691,31,,,1,9,,189646,31,,,1,8,,189647,31,,,1,10,,189648,31,,,1,50,,189649,31,,,1,10,,189650,31,,,1,10,,189651,31,,,1,10,,189652,31,,,1,10,,189653,31,,,1,10,,189654,31,,,1,50,,189655,31,,,1,10,,189656,31,,,1,10,,189657,31,,,1,10,,189658,31,,,1,10,,189659,31,,,1,10,,189673,31,,,1,54,,189674,31,,,1,13,,189660,31,,,1,15,,189661,31,,,1,12,,189662,31,,,1,52,,189663,31,,,1,15,,189664,31,,,1,15,,189665,31,,,1,15,,189666,31,,,1,55,,189667,31,,,1,15,,189670,31,,,1,15,,189671,31,,,1,15,,189615,31,,,1,55,,189616,31,,,1,15,,189618,31,,,1,15,,189619,31,,,1,15,,189620,31,,,1,55,,189617,31,,,1,13,,189621,31,,,1,14,,189622,31,,,1,20,,189623,31,,,1,60,,189624,31,,,1,20,,189625,31,,,1,20,,189626,31,,,1,58,,189627,31,,,1,19,,189628,31,,,1,29,,189629,31,,,1,70,,189630,31,,,1,30,,189631,31,,,1,70,,189632,31,,,1,30,,189633,31,,,1
401,'004-Saturday-1-26-06-0000010',539,,162475,31,,,1,20,,162476,31,,,1,60,,162477,31,,,1,20,,162478,31,,,1,20,,162479,31,,,1,60,,162480,31,,,1,20,,162481,31,,,1,20,,162482,31,,,1,60,,162483,31,,,1,15,,162484,31,,,1,15,,162485,31,,,1,56,,162486,31,,,1,24,,162487,31,,,1,15,,162488,31,,,1,15,,162489,31,,,1,55,,162490,31,,,1,15,,162491,31,,,1,15,,162492,31,,,1,15,,162494,31,,,1,55,,162493,31,,,1,15,,162496,31,,,1,15,,162497,31,,,1,15,,162499,31,,,1,55,,162500,31,,,1,15,,162502,31,,,1,15,,162504,31,,,1,15,,162506,31,,,1,55,,162508,31,,,1,15,,162510,31,,,1,15,,162512,31,,,1,15,,162514,31,,,1,55,,162516,31,,,1,15,,162518,31,,,1,15,,162520,31,,,1,15,,162522,31,,,1,55,,162525,31,,,1,15,,162527,31,,,1,15,,162528,31,,,1,15,,162531,31,,,1,55,,162533,31,,,1,15,,162534,31,,,1,15,,162536,31,,,1,15,,162538,31,,,1,55,,162540,31,,,1,15,,162542,31,,,1,16,,162544,31,,,1,55,,162546,31,,,1,15,,162474,31,,,1,15,,162548,31,,,1,16,,162550,31,,,1,55,,162552,31,,,1,15,,162554,31,,,1,15,,162556,31,,,1,15,,162558,31,,,1,55,,162560,31,,,1,15,,162562,31,,,1,16,,162563,31,,,1,15,,162564,31,,,1,55,,162565,31,,,1,15,,162566,31,,,1,15,,162567,31,,,1,15,,162568,31,,,1,55,,162569,31,,,1,15,,162570,31,,,1,15,,162571,31,,,1,18,,162572,31,,,1,60,,162573,31,,,1,20,,162574,31,,,1,20,,162575,31,,,1,57,,162576,31,,,1,18,,162577,31,,,1,20,,162578,31,,,1,70,,162579,31,,,1,30,,162584,31,,,1,70,,162580,31,,,1,30,,162581,31,,,1,70,,162582,31,,,1
401,'004-Saturday-2-26-06-0000010',539,,205060,31,,,1,20,,205061,31,,,1,60,,205062,31,,,1,20,,205063,31,,,1,20,,205064,31,,,1,60,,205065,31,,,1,20,,205066,31,,,1,20,,205067,31,,,1,60,,205068,31,,,1,15,,205069,31,,,1,15,,205070,31,,,1,56,,205071,31,,,1,24,,205072,31,,,1,15,,205073,31,,,1,15,,205074,31,,,1,55,,205075,31,,,1,15,,205076,31,,,1,15,,205077,31,,,1,15,,205079,31,,,1,55,,205078,31,,,1,15,,205081,31,,,1,15,,205082,31,,,1,15,,205084,31,,,1,55,,205085,31,,,1,15,,205087,31,,,1,15,,205089,31,,,1,15,,205091,31,,,1,55,,205093,31,,,1,15,,205095,31,,,1,15,,205097,31,,,1,15,,205099,31,,,1,55,,205101,31,,,1,15,,205103,31,,,1,15,,205105,31,,,1,15,,205107,31,,,1,55,,205110,31,,,1,15,,205112,31,,,1,15,,205113,31,,,1,15,,205116,31,,,1,55,,205118,31,,,1,15,,205119,31,,,1,15,,205121,31,,,1,15,,205123,31,,,1,55,,205125,31,,,1,15,,205127,31,,,1,16,,205129,31,,,1,55,,205131,31,,,1,15,,205059,31,,,1,15,,205133,31,,,1,16,,205135,31,,,1,55,,205137,31,,,1,15,,205139,31,,,1,15,,205141,31,,,1,15,,205143,31,,,1,55,,205145,31,,,1,15,,205147,31,,,1,16,,205148,31,,,1,15,,205149,31,,,1,55,,205150,31,,,1,15,,205151,31,,,1,15,,205152,31,,,1,15,,205153,31,,,1,55,,205154,31,,,1,15,,205155,31,,,1,15,,205156,31,,,1,18,,205157,31,,,1,60,,205158,31,,,1,20,,205159,31,,,1,20,,205160,31,,,1,57,,205161,31,,,1,18,,205162,31,,,1,20,,205163,31,,,1,70,,205164,31,,,1,30,,205169,31,,,1,70,,205165,31,,,1,30,,205166,31,,,1,70,,205167,31,,,1
401,'004-Sunday-2-26-06-0000001',549,,189693,31,,,1,60,,189694,31,,,1,20,,189695,31,,,1,20,,189696,31,,,1,60,,189697,31,,,1,20,,189698,31,,,1,20,,189699,31,,,1,60,,189700,31,,,1,20,,189701,31,,,1,20,,189702,31,,,1,64,,189703,31,,,1,21,,189704,31,,,1,20,,189705,31,,,1,55,,189706,31,,,1,15,,189766,31,,,1,15,,189707,31,,,1,15,,189708,31,,,1,55,,189709,31,,,1,15,,189710,31,,,1,15,,189711,31,,,1,15,,189712,31,,,1,55,,189713,31,,,1,15,,189714,31,,,1,15,,189715,31,,,1,15,,189716,31,,,1,55,,189717,31,,,1,15,,189718,31,,,1,15,,189719,31,,,1,15,,189720,31,,,1,55,,189721,31,,,1,15,,189722,31,,,1,15,,189723,31,,,1,15,,189724,31,,,1,55,,189725,31,,,1,15,,189726,31,,,1,15,,189727,31,,,1,15,,189728,31,,,1,55,,189729,31,,,1,15,,189730,31,,,1,15,,189731,31,,,1,11,,189732,31,,,1,55,,189733,31,,,1,14,,189734,31,,,1,15,,189735,31,,,1,15,,189736,31,,,1,55,,189737,31,,,1,15,,189738,31,,,1,15,,189739,31,,,1,15,,189740,31,,,1,55,,189741,31,,,1,15,,189742,31,,,1,15,,189743,31,,,1,15,,189744,31,,,1,55,,189745,31,,,1,15,,189746,31,,,1,15,,189747,31,,,1,15,,189748,31,,,1,55,,189749,31,,,1,15,,189750,31,,,1,15,,189751,31,,,1,15,,189752,31,,,1,55,,189753,31,,,1,15,,189765,31,,,1,16,,189755,31,,,1,20,,189756,31,,,1,63,,189757,31,,,1,20,,189754,31,,,1,20,,189758,31,,,1,56,,189759,31,,,1,24,,189760,31,,,1,71,,189761,31,,,1,29,,189762,31,,,1,70,,189763,31,,,1,30,,189764,31,,,1,70,,189767,31,,,1
401,'004-Sunday-3-26-06-0000001',549,,205170,31,,,1,60,,205171,31,,,1,20,,205172,31,,,1,20,,205173,31,,,1,60,,205174,31,,,1,20,,205175,31,,,1,20,,205176,31,,,1,60,,205177,31,,,1,20,,205178,31,,,1,20,,205179,31,,,1,64,,205180,31,,,1,21,,205181,31,,,1,20,,205182,31,,,1,55,,205183,31,,,1,15,,205243,31,,,1,15,,205184,31,,,1,15,,205185,31,,,1,55,,205186,31,,,1,15,,205187,31,,,1,15,,205188,31,,,1,15,,205189,31,,,1,55,,205190,31,,,1,15,,205191,31,,,1,15,,205192,31,,,1,15,,205193,31,,,1,55,,205194,31,,,1,15,,205195,31,,,1,15,,205196,31,,,1,15,,205197,31,,,1,55,,205198,31,,,1,15,,205199,31,,,1,15,,205200,31,,,1,15,,205201,31,,,1,55,,205202,31,,,1,15,,205203,31,,,1,15,,205204,31,,,1,15,,205205,31,,,1,55,,205206,31,,,1,15,,205207,31,,,1,15,,205208,31,,,1,11,,205209,31,,,1,55,,205210,31,,,1,14,,205211,31,,,1,15,,205212,31,,,1,15,,205213,31,,,1,55,,205214,31,,,1,15,,205215,31,,,1,15,,205216,31,,,1,15,,205217,31,,,1,55,,205218,31,,,1,15,,205219,31,,,1,15,,205220,31,,,1,15,,205221,31,,,1,55,,205222,31,,,1,15,,205223,31,,,1,15,,205224,31,,,1,15,,205225,31,,,1,55,,205226,31,,,1,15,,205227,31,,,1,15,,205228,31,,,1,15,,205229,31,,,1,55,,205230,31,,,1,15,,205242,31,,,1,16,,205232,31,,,1,20,,205233,31,,,1,63,,205234,31,,,1,20,,205231,31,,,1,20,,205235,31,,,1,56,,205236,31,,,1,24,,205237,31,,,1,71,,205238,31,,,1,29,,205239,31,,,1,70,,205240,31,,,1,30,,205241,31,,,1,70,,205244,31,,,1
401,'004-Sunday-6-26-06-0000001',549,,205245,31,,,1,60,,205246,31,,,1,20,,205247,31,,,1,20,,205248,31,,,1,60,,205249,31,,,1,20,,205250,31,,,1,20,,205251,31,,,1,60,,205252,31,,,1,20,,205253,31,,,1,20,,205254,31,,,1,64,,205255,31,,,1,21,,205256,31,,,1,20,,205257,31,,,1,55,,205258,31,,,1,15,,205318,31,,,1,15,,205259,31,,,1,15,,205260,31,,,1,55,,205261,31,,,1,15,,205262,31,,,1,15,,205263,31,,,1,15,,205264,31,,,1,55,,205265,31,,,1,15,,205266,31,,,1,15,,205267,31,,,1,15,,205268,31,,,1,55,,205269,31,,,1,15,,205270,31,,,1,15,,205271,31,,,1,15,,205272,31,,,1,55,,205273,31,,,1,15,,205274,31,,,1,15,,205275,31,,,1,15,,205276,31,,,1,55,,205277,31,,,1,15,,205278,31,,,1,15,,205279,31,,,1,15,,205280,31,,,1,55,,205281,31,,,1,15,,205282,31,,,1,15,,205283,31,,,1,11,,205284,31,,,1,55,,205285,31,,,1,14,,205286,31,,,1,15,,205287,31,,,1,15,,205288,31,,,1,55,,205289,31,,,1,15,,205290,31,,,1,15,,205291,31,,,1,15,,205292,31,,,1,55,,205293,31,,,1,15,,205294,31,,,1,15,,205295,31,,,1,15,,205296,31,,,1,55,,205297,31,,,1,15,,205298,31,,,1,15,,205299,31,,,1,15,,205300,31,,,1,55,,205301,31,,,1,15,,205302,31,,,1,15,,205303,31,,,1,15,,205304,31,,,1,55,,205305,31,,,1,15,,205317,31,,,1,16,,205307,31,,,1,20,,205308,31,,,1,63,,205309,31,,,1,20,,205306,31,,,1,20,,205310,31,,,1,56,,205311,31,,,1,24,,205312,31,,,1,71,,205313,31,,,1,29,,205314,31,,,1,70,,205315,31,,,1,30,,205316,31,,,1,70,,205319,31,,,1
401,'004-Sunday-7-26-06-0000001',549,,205320,31,,,1,60,,205321,31,,,1,20,,205322,31,,,1,20,,205323,31,,,1,60,,205324,31,,,1,20,,205325,31,,,1,20,,205326,31,,,1,60,,205327,31,,,1,20,,205328,31,,,1,20,,205329,31,,,1,64,,205330,31,,,1,21,,205331,31,,,1,20,,205332,31,,,1,55,,205333,31,,,1,15,,205393,31,,,1,15,,205334,31,,,1,15,,205335,31,,,1,55,,205336,31,,,1,15,,205337,31,,,1,15,,205338,31,,,1,15,,205339,31,,,1,55,,205340,31,,,1,15,,205341,31,,,1,15,,205342,31,,,1,15,,205343,31,,,1,55,,205344,31,,,1,15,,205345,31,,,1,15,,205346,31,,,1,15,,205347,31,,,1,55,,205348,31,,,1,15,,205349,31,,,1,15,,205350,31,,,1,15,,205351,31,,,1,55,,205352,31,,,1,15,,205353,31,,,1,15,,205354,31,,,1,15,,205355,31,,,1,55,,205356,31,,,1,15,,205357,31,,,1,15,,205358,31,,,1,11,,205359,31,,,1,55,,205360,31,,,1,14,,205361,31,,,1,15,,205362,31,,,1,15,,205363,31,,,1,55,,205364,31,,,1,15,,205365,31,,,1,15,,205366,31,,,1,15,,205367,31,,,1,55,,205368,31,,,1,15,,205369,31,,,1,15,,205370,31,,,1,15,,205371,31,,,1,55,,205372,31,,,1,15,,205373,31,,,1,15,,205374,31,,,1,15,,205375,31,,,1,55,,205376,31,,,1,15,,205377,31,,,1,15,,205378,31,,,1,15,,205379,31,,,1,55,,205380,31,,,1,15,,205392,31,,,1,16,,205382,31,,,1,20,,205383,31,,,1,63,,205384,31,,,1,20,,205381,31,,,1,20,,205385,31,,,1,56,,205386,31,,,1,24,,205387,31,,,1,71,,205388,31,,,1,29,,205389,31,,,1,70,,205390,31,,,1,30,,205391,31,,,1,70,,205394,31,,,1
801,'008-Weekday-1-26-06-1111100',538,,165532,66,,,1,20,,165533,66,,,1,60,,165534,66,,,1,23,,165535,66,,,1,67,,165536,66,,,1,19,,165537,66,,,1,16,,165607,66,,,1,15,,165606,66,,,1,55,,165538,66,,,1,15,,165539,66,,,1,15,,165540,66,,,1,15,,165604,66,,,1,55,,165541,66,,,1,15,,165542,66,,,1,15,,165543,66,,,1,15,,165544,66,,,1,55,,165545,66,,,1,15,,165546,66,,,1,15,,165547,66,,,1,15,,165548,66,,,1,55,,165549,66,,,1,15,,165550,66,,,1,15,,165551,66,,,1,15,,165552,66,,,1,55,,165553,66,,,1,15,,165554,66,,,1,15,,165555,66,,,1,15,,165556,66,,,1,55,,165557,66,,,1,15,,165558,66,,,1,15,,165559,66,,,1,15,,165560,66,,,1,55,,165561,66,,,1,15,,165562,66,,,1,15,,165563,66,,,1,15,,165564,66,,,1,54,,165565,66,,,1,14,,165566,66,,,1,14,,165567,66,,,1,14,,165568,66,,,1,54,,165569,66,,,1,13,,165570,66,,,1,12,,165571,66,,,1,12,,165572,66,,,1,12,,165573,66,,,1,52,,165574,66,,,1,12,,165575,66,,,1,12,,165576,66,,,1,12,,165577,66,,,1,12,,165578,66,,,1,52,,165579,66,,,1,14,,165580,66,,,1,14,,165581,66,,,1,12,,165582,66,,,1,51,,165583,66,,,1,11,,165584,66,,,1,12,,165585,66,,,1,14,,165586,66,,,1,15,,165587,66,,,1,55,,165588,66,,,1,15,,165589,66,,,1,15,,165590,66,,,1,15,,165591,66,,,1,55,,165592,66,,,1,15,,165593,66,,,1,15,,165594,66,,,1,15,,165595,66,,,1,54,,165596,66,,,1,13,,165597,66,,,1,12,,165598,66,,,1,18,,165605,66,,,1,60,,165599,66,,,1,20,,165600,66,,,1,20,,165601,66,,,1,58,,165602,66,,,1,18,,165603,66,,,1,15,,165526,66,,,1,70,,165527,66,,,1,30,,165528,66,,,1,70,,165529,66,,,1,30,,165530,66,,,1,70,,165531,66,,,1
801,'008-Weekday-4-26-06-1111100',538,,190825,66,,,1,20,,190826,66,,,1,60,,190827,66,,,1,23,,190828,66,,,1,67,,190829,66,,,1,19,,190830,66,,,1,16,,190900,66,,,1,15,,190899,66,,,1,55,,190831,66,,,1,15,,190832,66,,,1,15,,190833,66,,,1,15,,190897,66,,,1,55,,190834,66,,,1,15,,190835,66,,,1,15,,190836,66,,,1,15,,190837,66,,,1,55,,190838,66,,,1,15,,190839,66,,,1,15,,190840,66,,,1,15,,190841,66,,,1,55,,190842,66,,,1,15,,190843,66,,,1,15,,190844,66,,,1,15,,190845,66,,,1,55,,190846,66,,,1,15,,190847,66,,,1,15,,190848,66,,,1,15,,190849,66,,,1,55,,190850,66,,,1,15,,190851,66,,,1,15,,190852,66,,,1,15,,190853,66,,,1,55,,190854,66,,,1,15,,190855,66,,,1,15,,190856,66,,,1,15,,190857,66,,,1,54,,190858,66,,,1,14,,190859,66,,,1,14,,190860,66,,,1,14,,190861,66,,,1,54,,190862,66,,,1,13,,190863,66,,,1,12,,190864,66,,,1,12,,190865,66,,,1,12,,190866,66,,,1,52,,190867,66,,,1,12,,190868,66,,,1,12,,190869,66,,,1,12,,190870,66,,,1,12,,190871,66,,,1,52,,190872,66,,,1,14,,190873,66,,,1,14,,190874,66,,,1,12,,190875,66,,,1,51,,190876,66,,,1,11,,190877,66,,,1,12,,190878,66,,,1,14,,190879,66,,,1,15,,190880,66,,,1,55,,190881,66,,,1,15,,190882,66,,,1,15,,190883,66,,,1,15,,190884,66,,,1,55,,190885,66,,,1,15,,190886,66,,,1,15,,190887,66,,,1,15,,190888,66,,,1,54,,190889,66,,,1,13,,190890,66,,,1,12,,190891,66,,,1,18,,190898,66,,,1,60,,190892,66,,,1,20,,190893,66,,,1,20,,190894,66,,,1,58,,190895,66,,,1,18,,190896,66,,,1,15,,190819,66,,,1,70,,190820,66,,,1,30,,190821,66,,,1,70,,190822,66,,,1,30,,190823,66,,,1,70,,190824,66,,,1
801,'008-Saturday-1-26-06-0000010',611,,165690,66,,,1,20,,165691,66,,,1,20,,165692,66,,,1,60,,165693,66,,,1,20,,165694,66,,,1,20,,165695,66,,,1,60,,165696,66,,,1,20,,165697,66,,,1,20,,165698,66,,,1,63,,165699,66,,,1,19,,165700,66,,,1,18,,165701,66,,,1,56,,165702,66,,,1,15,,165703,66,,,1,15,,165704,66,,,1,15,,165705,66,,,1,55,,165706,66,,,1,15,,165707,66,,,1,15,,165708,66,,,1,15,,165709,66,,,1,55,,165710,66,,,1,15,,165711,66,,,1,15,,165712,66,,,1,15,,165713,66,,,1,55,,165714,66,,,1,15,,165715,66,,,1,15,,165716,66,,,1,15,,165717,66,,,1,55,,165718,66,,,1,15,,165719,66,,,1,15,,165720,66,,,1,15,,165721,66,,,1,55,,165722,66,,,1,15,,165723,66,,,1,15,,165724,66,,,1,15,,165725,66,,,1,55,,165726,66,,,1,15,,165727,66,,,1,15,,165728,66,,,1,15,,165729,66,,,1,54,,165730,66,,,1,15,,165731,66,,,1,14,,165732,66,,,1,13,,165733,66,,,1,57,,165734,66,,,1,16,,165735,66,,,1,16,,165736,66,,,1,16,,165737,66,,,1,55,,165738,66,,,1,15,,165739,66,,,1,15,,165740,66,,,1,15,,165742,66,,,1,55,,165743,66,,,1,15,,165744,66,,,1,15,,165741,66,,,1,15,,165745,66,,,1,55,,165746,66,,,1,15,,165747,66,,,1,15,,165748,66,,,1,15,,165750,66,,,1,55,,165751,66,,,1,15,,165752,66,,,1,15,,165749,66,,,1,21,,165753,66,,,1,61,,165754,66,,,1,21,,165755,66,,,1,60,,165756,66,,,1,20,,165757,66,,,1,26,,165758,66,,,1,70,,165759,66,,,1,30,,165760,66,,,1,70,,165761,66,,,1,30,,165762,66,,,1,70,,165763,66,,,1
801,'008-Saturday-5-26-06-0000010',611,,207258,66,,,1,20,,207259,66,,,1,20,,207260,66,,,1,60,,207261,66,,,1,20,,207262,66,,,1,20,,207263,66,,,1,60,,207264,66,,,1,20,,207265,66,,,1,20,,207266,66,,,1,63,,207267,66,,,1,19,,207268,66,,,1,18,,207269,66,,,1,56,,207270,66,,,1,15,,207271,66,,,1,15,,207272,66,,,1,15,,207273,66,,,1,55,,207274,66,,,1,15,,207275,66,,,1,15,,207276,66,,,1,15,,207277,66,,,1,55,,207278,66,,,1,15,,207279,66,,,1,15,,207280,66,,,1,15,,207281,66,,,1,55,,207282,66,,,1,15,,207283,66,,,1,15,,207284,66,,,1,15,,207285,66,,,1,55,,207286,66,,,1,15,,207287,66,,,1,15,,207288,66,,,1,15,,207289,66,,,1,55,,207290,66,,,1,15,,207291,66,,,1,15,,207292,66,,,1,15,,207293,66,,,1,55,,207294,66,,,1,15,,207295,66,,,1,15,,207296,66,,,1,15,,207297,66,,,1,54,,207298,66,,,1,15,,207299,66,,,1,14,,207300,66,,,1,13,,207301,66,,,1,57,,207302,66,,,1,16,,207303,66,,,1,16,,207304,66,,,1,16,,207305,66,,,1,55,,207306,66,,,1,15,,207307,66,,,1,15,,207308,66,,,1,15,,207310,66,,,1,55,,207311,66,,,1,15,,207312,66,,,1,15,,207309,66,,,1,15,,207313,66,,,1,55,,207314,66,,,1,15,,207315,66,,,1,15,,207316,66,,,1,15,,207318,66,,,1,55,,207319,66,,,1,15,,207320,66,,,1,15,,207317,66,,,1,21,,207321,66,,,1,61,,207322,66,,,1,21,,207323,66,,,1,60,,207324,66,,,1,20,,207325,66,,,1,26,,207326,66,,,1,70,,207327,66,,,1,30,,207328,66,,,1,70,,207329,66,,,1,30,,207330,66,,,1,70,,207331,66,,,1
801,'008-Sunday-4-26-06-0000001',621,,190901,66,,,1,20,,190902,66,,,1,60,,190903,66,,,1,20,,190904,66,,,1,20,,190905,66,,,1,60,,190906,66,,,1,20,,190907,66,,,1,20,,190908,66,,,1,60,,190909,66,,,1,20,,190910,66,,,1,20,,190911,66,,,1,16,,190912,66,,,1,55,,190913,66,,,1,15,,190914,66,,,1,15,,190963,66,,,1,15,,190915,66,,,1,55,,190916,66,,,1,15,,190917,66,,,1,15,,190918,66,,,1,15,,190919,66,,,1,55,,190920,66,,,1,15,,190921,66,,,1,15,,190922,66,,,1,15,,190923,66,,,1,55,,190924,66,,,1,15,,190925,66,,,1,15,,190926,66,,,1,15,,190927,66,,,1,55,,190928,66,,,1,15,,190929,66,,,1,15,,190930,66,,,1,15,,190931,66,,,1,55,,190932,66,,,1,15,,190933,66,,,1,15,,190934,66,,,1,15,,190935,66,,,1,55,,190936,66,,,1,15,,190937,66,,,1,15,,190938,66,,,1,15,,190939,66,,,1,55,,190940,66,,,1,13,,190941,66,,,1,14,,190942,66,,,1,15,,190943,66,,,1,56,,190944,66,,,1,15,,190945,66,,,1,15,,190946,66,,,1,15,,190947,66,,,1,55,,190948,66,,,1,15,,190949,66,,,1,14,,190950,66,,,1,15,,190951,66,,,1,56,,190972,66,,,1,20,,190971,66,,,1,20,,190970,66,,,1,60,,190969,66,,,1,20,,190965,66,,,1,20,,190968,66,,,1,60,,190967,66,,,1,20,,190966,66,,,1,21,,190952,66,,,1,60,,190953,66,,,1,20,,190954,66,,,1,20,,190962,66,,,1,60,,190955,66,,,1,17,,190956,66,,,1,20,,190964,66,,,1,70,,190957,66,,,1,30,,190958,66,,,1,70,,190959,66,,,1,30,,190960,66,,,1,70,,190961,66,,,1
801,'008-Sunday-5-26-06-0000001',621,,207332,66,,,1,20,,207333,66,,,1,60,,207334,66,,,1,20,,207335,66,,,1,20,,207336,66,,,1,60,,207337,66,,,1,20,,207338,66,,,1,20,,207339,66,,,1,60,,207340,66,,,1,20,,207341,66,,,1,20,,207342,66,,,1,16,,207343,66,,,1,55,,207344,66,,,1,15,,207345,66,,,1,15,,207394,66,,,1,15,,207346,66,,,1,55,,207347,66,,,1,15,,207348,66,,,1,15,,207349,66,,,1,15,,207350,66,,,1,55,,207351,66,,,1,15,,207352,66,,,1,15,,207353,66,,,1,15,,207354,66,,,1,55,,207355,66,,,1,15,,207356,66,,,1,15,,207357,66,,,1,15,,207358,66,,,1,55,,207359,66,,,1,15,,207360,66,,,1,15,,207361,66,,,1,15,,207362,66,,,1,55,,207363,66,,,1,15,,207364,66,,,1,15,,207365,66,,,1,15,,207366,66,,,1,55,,207367,66,,,1,15,,207368,66,,,1,15,,207369,66,,,1,15,,207370,66,,,1,55,,207371,66,,,1,13,,207372,66,,,1,14,,207373,66,,,1,15,,207374,66,,,1,56,,207375,66,,,1,15,,207376,66,,,1,15,,207377,66,,,1,15,,207378,66,,,1,55,,207379,66,,,1,15,,207380,66,,,1,14,,207381,66,,,1,15,,207382,66,,,1,56,,207403,66,,,1,20,,207402,66,,,1,20,,207401,66,,,1,60,,207400,66,,,1,20,,207396,66,,,1,20,,207399,66,,,1,60,,207398,66,,,1,20,,207397,66,,,1,21,,207383,66,,,1,60,,207384,66,,,1,20,,207385,66,,,1,20,,207393,66,,,1,60,,207386,66,,,1,17,,207387,66,,,1,20,,207395,66,,,1,70,,207388,66,,,1,30,,207389,66,,,1,70,,207390,66,,,1,30,,207391,66,,,1,70,,207392,66,,,1
801,'008-Sunday-8-26-06-0000001',621,,207404,66,,,1,20,,207405,66,,,1,60,,207406,66,,,1,20,,207407,66,,,1,20,,207408,66,,,1,60,,207409,66,,,1,20,,207410,66,,,1,20,,207411,66,,,1,60,,207412,66,,,1,20,,207413,66,,,1,20,,207414,66,,,1,16,,207415,66,,,1,55,,207416,66,,,1,15,,207417,66,,,1,15,,207466,66,,,1,15,,207418,66,,,1,55,,207419,66,,,1,15,,207420,66,,,1,15,,207421,66,,,1,15,,207422,66,,,1,55,,207423,66,,,1,15,,207424,66,,,1,15,,207425,66,,,1,15,,207426,66,,,1,55,,207427,66,,,1,15,,207428,66,,,1,15,,207429,66,,,1,15,,207430,66,,,1,55,,207431,66,,,1,15,,207432,66,,,1,15,,207433,66,,,1,15,,207434,66,,,1,55,,207435,66,,,1,15,,207436,66,,,1,15,,207437,66,,,1,15,,207438,66,,,1,55,,207439,66,,,1,15,,207440,66,,,1,15,,207441,66,,,1,15,,207442,66,,,1,55,,207443,66,,,1,13,,207444,66,,,1,14,,207445,66,,,1,15,,207446,66,,,1,56,,207447,66,,,1,15,,207448,66,,,1,15,,207449,66,,,1,15,,207450,66,,,1,55,,207451,66,,,1,15,,207452,66,,,1,14,,207453,66,,,1,15,,207454,66,,,1,56,,207475,66,,,1,20,,207474,66,,,1,20,,207473,66,,,1,60,,207472,66,,,1,20,,207468,66,,,1,20,,207471,66,,,1,60,,207470,66,,,1,20,,207469,66,,,1,21,,207455,66,,,1,60,,207456,66,,,1,20,,207457,66,,,1,20,,207465,66,,,1,60,,207458,66,,,1,17,,207459,66,,,1,20,,207467,66,,,1,70,,207460,66,,,1,30,,207461,66,,,1,70,,207462,66,,,1,30,,207463,66,,,1,70,,207464,66,,,1
801,'008-Sunday-9-26-06-0000001',621,,207476,66,,,1,20,,207477,66,,,1,60,,207478,66,,,1,20,,207479,66,,,1,20,,207480,66,,,1,60,,207481,66,,,1,20,,207482,66,,,1,20,,207483,66,,,1,60,,207484,66,,,1,20,,207485,66,,,1,20,,207486,66,,,1,16,,207487,66,,,1,55,,207488,66,,,1,15,,207489,66,,,1,15,,207538,66,,,1,15,,207490,66,,,1,55,,207491,66,,,1,15,,207492,66,,,1,15,,207493,66,,,1,15,,207494,66,,,1,55,,207495,66,,,1,15,,207496,66,,,1,15,,207497,66,,,1,15,,207498,66,,,1,55,,207499,66,,,1,15,,207500,66,,,1,15,,207501,66,,,1,15,,207502,66,,,1,55,,207503,66,,,1,15,,207504,66,,,1,15,,207505,66,,,1,15,,207506,66,,,1,55,,207507,66,,,1,15,,207508,66,,,1,15,,207509,66,,,1,15,,207510,66,,,1,55,,207511,66,,,1,15,,207512,66,,,1,15,,207513,66,,,1,15,,207514,66,,,1,55,,207515,66,,,1,13,,207516,66,,,1,14,,207517,66,,,1,15,,207518,66,,,1,56,,207519,66,,,1,15,,207520,66,,,1,15,,207521,66,,,1,15,,207522,66,,,1,55,,207523,66,,,1,15,,207524,66,,,1,14,,207525,66,,,1,15,,207526,66,,,1,56,,207547,66,,,1,20,,207546,66,,,1,20,,207545,66,,,1,60,,207544,66,,,1,20,,207540,66,,,1,20,,207543,66,,,1,60,,207542,66,,,1,20,,207541,66,,,1,21,,207527,66,,,1,60,,207528,66,,,1,20,,207529,66,,,1,20,,207537,66,,,1,60,,207530,66,,,1,17,,207531,66,,,1,20,,207539,66,,,1,70,,207532,66,,,1,30,,207533,66,,,1,70,,207534,66,,,1,30,,207535,66,,,1,70,,207536,66,,,1
