5400,'054-Weekday-1-26-09-1111100',500,,243120,5,,,1,30,,243121,5,,,1,15,,243122,5,,,1,55,,243123,5,,,1,15,,243124,5,,,1,16,,243125,5,,,1,15,,243126,5,,,1,55,,243127,5,,,1,15,,243128,5,,,1,15,,243129,5,,,1,15,,243130,5,,,1,57,,243131,5,,,1,18,,243132,5,,,1,20,,243133,5,,,1,60,,243134,5,,,1,20,,243135,5,,,1,20,,243136,5,,,1,60,,243137,5,,,1,20,,243138,5,,,1,20,,243139,5,,,1,60,,243140,5,,,1,20,,243141,5,,,1,20,,243142,5,,,1,60,,243143,5,,,1,20,,243144,5,,,1,20,,243145,5,,,1,60,,243146,5,,,1,20,,243147,5,,,1,20,,243148,5,,,1,60,,243149,5,,,1,20,,243150,5,,,1,20,,243151,5,,,1,60,,243152,5,,,1,15,,243153,5,,,1,15,,243154,5,,,1,15,,243155,5,,,1,55,,243156,5,,,1,15,,243157,5,,,1,15,,243158,5,,,1,15,,243159,5,,,1,55,,243160,5,,,1,15,,243161,5,,,1,15,,243162,5,,,1,15,,243163,5,,,1,62,,243164,5,,,1,23,,243165,5,,,1,70,,243166,5,,,1,30,,243167,5,,,1,70,,243168,5,,,1,30,,243169,5,,,1,70,,243170,5,,,1,30,,243171,5,,,1,70,,243172,5,,,1,100,,243173,5,,,1,100,,243174,5,,,1
5400,'054-Weekday-3-26-09-1111100',500,,243230,5,,,1,30,,243231,5,,,1,15,,243232,5,,,1,55,,243233,5,,,1,15,,243234,5,,,1,16,,243235,5,,,1,15,,243236,5,,,1,55,,243237,5,,,1,15,,243238,5,,,1,15,,243239,5,,,1,15,,243240,5,,,1,57,,243241,5,,,1,18,,243242,5,,,1,20,,243243,5,,,1,60,,243244,5,,,1,20,,243245,5,,,1,20,,243246,5,,,1,60,,243247,5,,,1,20,,243248,5,,,1,20,,243249,5,,,1,60,,243250,5,,,1,20,,243251,5,,,1,20,,243252,5,,,1,60,,243253,5,,,1,20,,243254,5,,,1,20,,243255,5,,,1,60,,243256,5,,,1,20,,243257,5,,,1,20,,243258,5,,,1,60,,243259,5,,,1,20,,243260,5,,,1,20,,243261,5,,,1,60,,243262,5,,,1,15,,243263,5,,,1,15,,243264,5,,,1,15,,243265,5,,,1,55,,243266,5,,,1,15,,243267,5,,,1,15,,243268,5,,,1,15,,243269,5,,,1,55,,243270,5,,,1,15,,243271,5,,,1,15,,243272,5,,,1,15,,243273,5,,,1,62,,243274,5,,,1,23,,243275,5,,,1,70,,243276,5,,,1,30,,243277,5,,,1,70,,243278,5,,,1,30,,243279,5,,,1,70,,243280,5,,,1,30,,243281,5,,,1,70,,243282,5,,,1,100,,243283,5,,,1,100,,243284,5,,,1
5400,'054-Weekday-4-26-09-1111100',500,,243285,5,,,1,30,,243286,5,,,1,15,,243287,5,,,1,55,,243288,5,,,1,15,,243289,5,,,1,16,,243290,5,,,1,15,,243291,5,,,1,55,,243292,5,,,1,15,,243293,5,,,1,15,,243294,5,,,1,15,,243295,5,,,1,57,,243296,5,,,1,18,,243297,5,,,1,20,,243298,5,,,1,60,,243299,5,,,1,20,,243300,5,,,1,20,,243301,5,,,1,60,,243302,5,,,1,20,,243303,5,,,1,20,,243304,5,,,1,60,,243305,5,,,1,20,,243306,5,,,1,20,,243307,5,,,1,60,,243308,5,,,1,20,,243309,5,,,1,20,,243310,5,,,1,60,,243311,5,,,1,20,,243312,5,,,1,20,,243313,5,,,1,60,,243314,5,,,1,20,,243315,5,,,1,20,,243316,5,,,1,60,,243317,5,,,1,15,,243318,5,,,1,15,,243319,5,,,1,15,,243320,5,,,1,55,,243321,5,,,1,15,,243322,5,,,1,15,,243323,5,,,1,15,,243324,5,,,1,55,,243325,5,,,1,15,,243326,5,,,1,15,,243327,5,,,1,15,,243328,5,,,1,62,,243329,5,,,1,23,,243330,5,,,1,70,,243331,5,,,1,30,,243332,5,,,1,70,,243333,5,,,1,30,,243334,5,,,1,70,,243335,5,,,1,30,,243336,5,,,1,70,,243337,5,,,1,100,,243338,5,,,1,100,,243339,5,,,1
5400,'054-Weekday-5-26-09-1111100',500,,243340,5,,,1,30,,243341,5,,,1,15,,243342,5,,,1,55,,243343,5,,,1,15,,243344,5,,,1,16,,243345,5,,,1,15,,243346,5,,,1,55,,243347,5,,,1,15,,243348,5,,,1,15,,243349,5,,,1,15,,243350,5,,,1,57,,243351,5,,,1,18,,243352,5,,,1,20,,243353,5,,,1,60,,243354,5,,,1,20,,243355,5,,,1,20,,243356,5,,,1,60,,243357,5,,,1,20,,243358,5,,,1,20,,243359,5,,,1,60,,243360,5,,,1,20,,243361,5,,,1,20,,243362,5,,,1,60,,243363,5,,,1,20,,243364,5,,,1,20,,243365,5,,,1,60,,243366,5,,,1,20,,243367,5,,,1,20,,243368,5,,,1,60,,243369,5,,,1,20,,243370,5,,,1,20,,243371,5,,,1,60,,243372,5,,,1,15,,243373,5,,,1,15,,243374,5,,,1,15,,243375,5,,,1,55,,243376,5,,,1,15,,243377,5,,,1,15,,243378,5,,,1,15,,243379,5,,,1,55,,243380,5,,,1,15,,243381,5,,,1,15,,243382,5,,,1,15,,243383,5,,,1,62,,243384,5,,,1,23,,243385,5,,,1,70,,243386,5,,,1,30,,243387,5,,,1,70,,243388,5,,,1,30,,243389,5,,,1,70,,243390,5,,,1,30,,243391,5,,,1,70,,243392,5,,,1,100,,243393,5,,,1,100,,243394,5,,,1
5400,'054-Weekday-6-26-09-1111100',500,,243395,5,,,1,30,,243396,5,,,1,15,,243397,5,,,1,55,,243398,5,,,1,15,,243399,5,,,1,16,,243400,5,,,1,15,,243401,5,,,1,55,,243402,5,,,1,15,,243403,5,,,1,15,,243404,5,,,1,15,,243405,5,,,1,57,,243406,5,,,1,18,,243407,5,,,1,20,,243408,5,,,1,60,,243409,5,,,1,20,,243410,5,,,1,20,,243411,5,,,1,60,,243412,5,,,1,20,,243413,5,,,1,20,,243414,5,,,1,60,,243415,5,,,1,20,,243416,5,,,1,20,,243417,5,,,1,60,,243418,5,,,1,20,,243419,5,,,1,20,,243420,5,,,1,60,,243421,5,,,1,20,,243422,5,,,1,20,,243423,5,,,1,60,,243424,5,,,1,20,,243425,5,,,1,20,,243426,5,,,1,60,,243427,5,,,1,15,,243428,5,,,1,15,,243429,5,,,1,15,,243430,5,,,1,55,,243431,5,,,1,15,,243432,5,,,1,15,,243433,5,,,1,15,,243434,5,,,1,55,,243435,5,,,1,15,,243436,5,,,1,15,,243437,5,,,1,15,,243438,5,,,1,62,,243439,5,,,1,23,,243440,5,,,1,70,,243441,5,,,1,30,,243442,5,,,1,70,,243443,5,,,1,30,,243444,5,,,1,70,,243445,5,,,1,30,,243446,5,,,1,70,,243447,5,,,1,100,,243448,5,,,1,100,,243449,5,,,1
5400,'054-Weekday-7-26-09-1111100',500,,243450,5,,,1,30,,243451,5,,,1,15,,243452,5,,,1,55,,243453,5,,,1,15,,243454,5,,,1,16,,243455,5,,,1,15,,243456,5,,,1,55,,243457,5,,,1,15,,243458,5,,,1,15,,243459,5,,,1,15,,243460,5,,,1,57,,243461,5,,,1,18,,243462,5,,,1,20,,243463,5,,,1,60,,243464,5,,,1,20,,243465,5,,,1,20,,243466,5,,,1,60,,243467,5,,,1,20,,243468,5,,,1,20,,243469,5,,,1,60,,243470,5,,,1,20,,243471,5,,,1,20,,243472,5,,,1,60,,243473,5,,,1,20,,243474,5,,,1,20,,243475,5,,,1,60,,243476,5,,,1,20,,243477,5,,,1,20,,243478,5,,,1,60,,243479,5,,,1,20,,243480,5,,,1,20,,243481,5,,,1,60,,243482,5,,,1,15,,243483,5,,,1,15,,243484,5,,,1,15,,243485,5,,,1,55,,243486,5,,,1,15,,243487,5,,,1,15,,243488,5,,,1,15,,243489,5,,,1,55,,243490,5,,,1,15,,243491,5,,,1,15,,243492,5,,,1,15,,243493,5,,,1,62,,243494,5,,,1,23,,243495,5,,,1,70,,243496,5,,,1,30,,243497,5,,,1,70,,243498,5,,,1,30,,243499,5,,,1,70,,243500,5,,,1,30,,243501,5,,,1,70,,243502,5,,,1,100,,243503,5,,,1,100,,243504,5,,,1
5400,'054-Saturday-1-26-09-0000010',555,,243505,5,,,1,70,,243506,5,,,1,30,,243507,5,,,1,70,,243508,5,,,1,30,,243509,5,,,1,70,,243510,5,,,1,20,,243511,5,,,1,61,,243512,5,,,1,20,,243513,5,,,1,20,,243514,5,,,1,60,,243515,5,,,1,20,,243516,5,,,1,20,,243517,5,,,1,60,,243518,5,,,1,20,,243519,5,,,1,20,,243520,5,,,1,60,,243521,5,,,1,20,,243522,5,,,1,20,,243523,5,,,1,60,,243524,5,,,1,20,,243525,5,,,1,20,,243526,5,,,1,60,,243527,5,,,1,20,,243528,5,,,1,20,,243529,5,,,1,60,,243530,5,,,1,20,,243531,5,,,1,20,,243532,5,,,1,60,,243533,5,,,1,20,,243534,5,,,1,20,,243535,5,,,1,59,,243536,5,,,1,20,,243537,5,,,1,20,,243538,5,,,1,60,,243539,5,,,1,20,,243540,5,,,1,20,,243541,5,,,1,60,,243542,5,,,1,20,,243543,5,,,1,20,,243544,5,,,1,60,,243545,5,,,1,20,,243546,5,,,1,20,,243547,5,,,1,60,,243548,5,,,1,20,,243549,5,,,1,30,,243550,5,,,1,100,,243551,5,,,1,100,,243552,5,,,1
5400,'054-Sunday-1-26-09-0000001',557,,243595,5,,,1,70,,243596,5,,,1,30,,243553,5,,,1,70,,243554,5,,,1,30,,243555,5,,,1,70,,243556,5,,,1,30,,243557,5,,,1,70,,243558,5,,,1,30,,243559,5,,,1,60,,243560,5,,,1,20,,243561,5,,,1,20,,243562,5,,,1,60,,243563,5,,,1,20,,243564,5,,,1,20,,243565,5,,,1,60,,243566,5,,,1,20,,243567,5,,,1,20,,243568,5,,,1,60,,243569,5,,,1,20,,243570,5,,,1,20,,243571,5,,,1,60,,243572,5,,,1,20,,243573,5,,,1,20,,243574,5,,,1,60,,243575,5,,,1,20,,243576,5,,,1,20,,243577,5,,,1,60,,243578,5,,,1,20,,243579,5,,,1,20,,243580,5,,,1,60,,243581,5,,,1,20,,243582,5,,,1,20,,243583,5,,,1,60,,243584,5,,,1,20,,243585,5,,,1,20,,243586,5,,,1,70,,243587,5,,,1,30,,243588,5,,,1,70,,243589,5,,,1,30,,243590,5,,,1,70,,243591,5,,,1,30,,243592,5,,,1,100,,243593,5,,,1,100,,243594,5,,,1
90600,'906-Weekday-1-26-09-1111100',537,,293831,5,,,1,70,,293832,5,,,1,31,,293833,5,,,1,70,,293834,5,,,1,30,,293835,5,,,1,70,,293836,5,,,1,30,,293837,5,,,1,70,,293838,5,,,1,602,,293839,5,,,1,30,,293840,5,,,1,70,,293841,5,,,1,30,,293842,5,,,1,70,,293843,5,,,1,30,,293844,5,,,1
90600,'906-Weekday-3-26-09-1111100',537,,293859,5,,,1,70,,293860,5,,,1,31,,293861,5,,,1,70,,293862,5,,,1,30,,293863,5,,,1,70,,293864,5,,,1,30,,293865,5,,,1,70,,293866,5,,,1,602,,293867,5,,,1,30,,293868,5,,,1,70,,293869,5,,,1,30,,293870,5,,,1,70,,293871,5,,,1,30,,293872,5,,,1
90600,'906-Weekday-4-26-09-1111100',537,,293873,5,,,1,70,,293874,5,,,1,31,,293875,5,,,1,70,,293876,5,,,1,30,,293877,5,,,1,70,,293878,5,,,1,30,,293879,5,,,1,70,,293880,5,,,1,602,,293881,5,,,1,30,,293882,5,,,1,70,,293883,5,,,1,30,,293884,5,,,1,70,,293885,5,,,1,30,,293886,5,,,1
90600,'906-Weekday-5-26-09-1111100',537,,293887,5,,,1,70,,293888,5,,,1,31,,293889,5,,,1,70,,293890,5,,,1,30,,293891,5,,,1,70,,293892,5,,,1,30,,293893,5,,,1,70,,293894,5,,,1,602,,293895,5,,,1,30,,293896,5,,,1,70,,293897,5,,,1,30,,293898,5,,,1,70,,293899,5,,,1,30,,293900,5,,,1
90600,'906-Weekday-6-26-09-1111100',537,,293901,5,,,1,70,,293902,5,,,1,31,,293903,5,,,1,70,,293904,5,,,1,30,,293905,5,,,1,70,,293906,5,,,1,30,,293907,5,,,1,70,,293908,5,,,1,602,,293909,5,,,1,30,,293910,5,,,1,70,,293911,5,,,1,30,,293912,5,,,1,70,,293913,5,,,1,30,,293914,5,,,1
90600,'906-Weekday-7-26-09-1111100',537,,293915,5,,,1,70,,293916,5,,,1,31,,293917,5,,,1,70,,293918,5,,,1,30,,293919,5,,,1,70,,293920,5,,,1,30,,293921,5,,,1,70,,293922,5,,,1,602,,293923,5,,,1,30,,293924,5,,,1,70,,293925,5,,,1,30,,293926,5,,,1,70,,293927,5,,,1,30,,293928,5,,,1
91400,'914-Weekday-1-26-09-1111100',543,,313271,20,,,1,70,,313272,20,,,1,33,,313306,20,,,1,60,,313273,20,,,1,20,,313311,20,,,1,20,,313274,20,,,1,60,,313275,20,,,1,20,,313276,20,,,1,19,,313312,20,,,1,71,,313277,20,,,1,30,,313278,20,,,1,70,,313279,20,,,1,30,,313280,20,,,1,70,,313281,20,,,1,30,,313282,20,,,1,70,,313283,20,,,1,30,,313284,20,,,1,70,,313285,20,,,1,30,,313286,20,,,1,70,,313287,20,,,1,30,,313288,20,,,1,72,,313289,20,,,1,30,,313307,20,,,1,55,,313290,20,,,1,15,,313310,20,,,1,15,,313291,20,,,1,15,,313292,20,,,1,55,,313293,20,,,1,15,,313294,20,,,1,15,,313308,20,,,1,15,,313309,20,,,1,70,,313295,20,,,1,28,,313296,20,,,1,70,,313297,20,,,1,30,,313298,20,,,1,70,,313299,20,,,1,30,,313300,20,,,1,70,,313301,20,,,1,30,,313302,20,,,1,67,,313305,20,,,1,100,,313303,20,,,1,100,,313304,20,,,1
91400,'914-Weekday-10-26-09-1111100',543,,312170,20,,,1,70,,312171,20,,,1,33,,312205,20,,,1,60,,312172,20,,,1,20,,312210,20,,,1,20,,312173,20,,,1,60,,312174,20,,,1,20,,312175,20,,,1,19,,312211,20,,,1,71,,312176,20,,,1,30,,312177,20,,,1,70,,312178,20,,,1,30,,312179,20,,,1,70,,312180,20,,,1,30,,312181,20,,,1,70,,312182,20,,,1,30,,312183,20,,,1,70,,312184,20,,,1,30,,312185,20,,,1,70,,312186,20,,,1,30,,312187,20,,,1,72,,312188,20,,,1,30,,312206,20,,,1,55,,312189,20,,,1,15,,312209,20,,,1,15,,312190,20,,,1,15,,312191,20,,,1,55,,312192,20,,,1,15,,312193,20,,,1,15,,312207,20,,,1,15,,312208,20,,,1,70,,312194,20,,,1,28,,312195,20,,,1,70,,312196,20,,,1,30,,312197,20,,,1,70,,312198,20,,,1,30,,312199,20,,,1,70,,312200,20,,,1,30,,312201,20,,,1,67,,312204,20,,,1,100,,312202,20,,,1,100,,312203,20,,,1
91400,'914-Weekday-11-26-09-1111100',543,,312212,20,,,1,70,,312213,20,,,1,33,,312247,20,,,1,60,,312214,20,,,1,20,,312252,20,,,1,20,,312215,20,,,1,60,,312216,20,,,1,20,,312217,20,,,1,19,,312253,20,,,1,71,,312218,20,,,1,30,,312219,20,,,1,70,,312220,20,,,1,30,,312221,20,,,1,70,,312222,20,,,1,30,,312223,20,,,1,70,,312224,20,,,1,30,,312225,20,,,1,70,,312226,20,,,1,30,,312227,20,,,1,70,,312228,20,,,1,30,,312229,20,,,1,72,,312230,20,,,1,30,,312248,20,,,1,55,,312231,20,,,1,15,,312251,20,,,1,15,,312232,20,,,1,15,,312233,20,,,1,55,,312234,20,,,1,15,,312235,20,,,1,15,,312249,20,,,1,15,,312250,20,,,1,70,,312236,20,,,1,28,,312237,20,,,1,70,,312238,20,,,1,30,,312239,20,,,1,70,,312240,20,,,1,30,,312241,20,,,1,70,,312242,20,,,1,30,,312243,20,,,1,67,,312246,20,,,1,100,,312244,20,,,1,100,,312245,20,,,1
91400,'914-Weekday-3-26-09-1111100',543,,313313,20,,,1,70,,313314,20,,,1,33,,313348,20,,,1,60,,313315,20,,,1,20,,313353,20,,,1,20,,313316,20,,,1,60,,313317,20,,,1,20,,313318,20,,,1,19,,313354,20,,,1,71,,313319,20,,,1,30,,313320,20,,,1,70,,313321,20,,,1,30,,313322,20,,,1,70,,313323,20,,,1,30,,313324,20,,,1,70,,313325,20,,,1,30,,313326,20,,,1,70,,313327,20,,,1,30,,313328,20,,,1,70,,313329,20,,,1,30,,313330,20,,,1,72,,313331,20,,,1,30,,313349,20,,,1,55,,313332,20,,,1,15,,313352,20,,,1,15,,313333,20,,,1,15,,313334,20,,,1,55,,313335,20,,,1,15,,313336,20,,,1,15,,313350,20,,,1,15,,313351,20,,,1,70,,313337,20,,,1,28,,313338,20,,,1,70,,313339,20,,,1,30,,313340,20,,,1,70,,313341,20,,,1,30,,313342,20,,,1,70,,313343,20,,,1,30,,313344,20,,,1,67,,313347,20,,,1,100,,313345,20,,,1,100,,313346,20,,,1
91400,'914-Weekday-5-26-09-1111100',543,,296693,20,,,1,70,,296694,20,,,1,33,,296728,20,,,1,60,,296695,20,,,1,20,,296733,20,,,1,20,,296696,20,,,1,60,,296697,20,,,1,20,,296698,20,,,1,19,,296734,20,,,1,71,,296699,20,,,1,30,,296700,20,,,1,70,,296701,20,,,1,30,,296702,20,,,1,70,,296703,20,,,1,30,,296704,20,,,1,70,,296705,20,,,1,30,,296706,20,,,1,70,,296707,20,,,1,30,,296708,20,,,1,70,,296709,20,,,1,30,,296710,20,,,1,72,,296711,20,,,1,30,,296729,20,,,1,55,,296712,20,,,1,15,,296732,20,,,1,15,,296713,20,,,1,15,,296714,20,,,1,55,,296715,20,,,1,15,,296716,20,,,1,15,,296730,20,,,1,15,,296731,20,,,1,70,,296717,20,,,1,28,,296718,20,,,1,70,,296719,20,,,1,30,,296720,20,,,1,70,,296721,20,,,1,30,,296722,20,,,1,70,,296723,20,,,1,30,,296724,20,,,1,67,,296727,20,,,1,100,,296725,20,,,1,100,,296726,20,,,1
91400,'914-Weekday-6-26-09-1111100',543,,296735,20,,,1,70,,296736,20,,,1,33,,296770,20,,,1,60,,296737,20,,,1,20,,296775,20,,,1,20,,296738,20,,,1,60,,296739,20,,,1,20,,296740,20,,,1,19,,296776,20,,,1,71,,296741,20,,,1,30,,296742,20,,,1,70,,296743,20,,,1,30,,296744,20,,,1,70,,296745,20,,,1,30,,296746,20,,,1,70,,296747,20,,,1,30,,296748,20,,,1,70,,296749,20,,,1,30,,296750,20,,,1,70,,296751,20,,,1,30,,296752,20,,,1,72,,296753,20,,,1,30,,296771,20,,,1,55,,296754,20,,,1,15,,296774,20,,,1,15,,296755,20,,,1,15,,296756,20,,,1,55,,296757,20,,,1,15,,296758,20,,,1,15,,296772,20,,,1,15,,296773,20,,,1,70,,296759,20,,,1,28,,296760,20,,,1,70,,296761,20,,,1,30,,296762,20,,,1,70,,296763,20,,,1,30,,296764,20,,,1,70,,296765,20,,,1,30,,296766,20,,,1,67,,296769,20,,,1,100,,296767,20,,,1,100,,296768,20,,,1
91400,'914-Weekday-8-26-09-1111100',543,,312254,20,,,1,70,,312255,20,,,1,33,,312289,20,,,1,60,,312256,20,,,1,20,,312294,20,,,1,20,,312257,20,,,1,60,,312258,20,,,1,20,,312259,20,,,1,19,,312295,20,,,1,71,,312260,20,,,1,30,,312261,20,,,1,70,,312262,20,,,1,30,,312263,20,,,1,70,,312264,20,,,1,30,,312265,20,,,1,70,,312266,20,,,1,30,,312267,20,,,1,70,,312268,20,,,1,30,,312269,20,,,1,70,,312270,20,,,1,30,,312271,20,,,1,72,,312272,20,,,1,30,,312290,20,,,1,55,,312273,20,,,1,15,,312293,20,,,1,15,,312274,20,,,1,15,,312275,20,,,1,55,,312276,20,,,1,15,,312277,20,,,1,15,,312291,20,,,1,15,,312292,20,,,1,70,,312278,20,,,1,28,,312279,20,,,1,70,,312280,20,,,1,30,,312281,20,,,1,70,,312282,20,,,1,30,,312283,20,,,1,70,,312284,20,,,1,30,,312285,20,,,1,67,,312288,20,,,1,100,,312286,20,,,1,100,,312287,20,,,1
91400,'914-Weekday-9-26-09-1111100',543,,312296,20,,,1,70,,312297,20,,,1,33,,312331,20,,,1,60,,312298,20,,,1,20,,312336,20,,,1,20,,312299,20,,,1,60,,312300,20,,,1,20,,312301,20,,,1,19,,312337,20,,,1,71,,312302,20,,,1,30,,312303,20,,,1,70,,312304,20,,,1,30,,312305,20,,,1,70,,312306,20,,,1,30,,312307,20,,,1,70,,312308,20,,,1,30,,312309,20,,,1,70,,312310,20,,,1,30,,312311,20,,,1,70,,312312,20,,,1,30,,312313,20,,,1,72,,312314,20,,,1,30,,312332,20,,,1,55,,312315,20,,,1,15,,312335,20,,,1,15,,312316,20,,,1,15,,312317,20,,,1,55,,312318,20,,,1,15,,312319,20,,,1,15,,312333,20,,,1,15,,312334,20,,,1,70,,312320,20,,,1,28,,312321,20,,,1,70,,312322,20,,,1,30,,312323,20,,,1,70,,312324,20,,,1,30,,312325,20,,,1,70,,312326,20,,,1,30,,312327,20,,,1,67,,312330,20,,,1,100,,312328,20,,,1,100,,312329,20,,,1
91400,'914-Saturday-1-26-09-0000010',713,,296819,20,,,1,100,,296820,20,,,1,30,,296821,20,,,1,73,,296822,20,,,1,30,,296823,20,,,1,70,,296824,20,,,1,30,,296825,20,,,1,70,,296826,20,,,1,30,,296827,20,,,1,70,,296828,20,,,1,30,,296829,20,,,1,70,,296830,20,,,1,30,,296831,20,,,1,70,,296832,20,,,1,30,,296833,20,,,1,70,,296834,20,,,1,30,,296835,20,,,1,70,,296836,20,,,1,30,,296837,20,,,1,69,,296838,20,,,1,30,,296839,20,,,1,70,,296840,20,,,1,30,,296841,20,,,1,100,,296842,20,,,1,100,,296843,20,,,1,100,,296844,20,,,1,100,,296845,20,,,1
91400,'914-Sunday-1-26-09-0000001',713,,296846,20,,,1,100,,296847,20,,,1,99,,296848,20,,,1,103,,296849,20,,,1,100,,296850,20,,,1,30,,296851,20,,,1,70,,296852,20,,,1,30,,296853,20,,,1,70,,296854,20,,,1,30,,296855,20,,,1,70,,296856,20,,,1,30,,296857,20,,,1,70,,296858,20,,,1,30,,296859,20,,,1,70,,296860,20,,,1,30,,296861,20,,,1,70,,296862,20,,,1,28,,296863,20,,,1,70,,296864,20,,,1,30,,296865,20,,,1,100,,296866,20,,,1,100,,296867,20,,,1
