11900,'119-Weekday-1-26-06-1111100',502,,173075,7,,,1,30,,173076,7,,,1,70,,173077,7,,,1,23,,173078,7,,,1,15,,173079,7,,,1,15,,173080,7,,,1,55,,173081,7,,,1,15,,173082,7,,,1,15,,173083,7,,,1,15,,173084,7,,,1,55,,173085,7,,,1,15,,173086,7,,,1,15,,173087,7,,,1,62,,173088,7,,,1,30,,173089,7,,,1,70,,173090,7,,,1,30,,173091,7,,,1,70,,173092,7,,,1,30,,173093,7,,,1,70,,173094,7,,,1,30,,173095,7,,,1,70,,173096,7,,,1,30,,173097,7,,,1,70,,173098,7,,,1,30,,173099,7,,,1,71,,173100,7,,,1,15,,173101,7,,,1,15,,173102,7,,,1,15,,173103,7,,,1,55,,173104,7,,,1,15,,173105,7,,,1,15,,173106,7,,,1,15,,173107,7,,,1,55,,173108,7,,,1,30,,173109,7,,,1,70,,173110,7,,,1,30,,173111,7,,,1,70,,173112,7,,,1,30,,173113,7,,,1,70,,173114,7,,,1,30,,173115,7,,,1,70,,173116,7,,,1,32,,173117,7,,,1,71,,173071,7,,,1,32,,173072,7,,,1,70,,173073,7,,,1,30,,173074,7,,,1,70,,173070,7,,,1
11900,'119-Weekday-3-26-06-1111100',502,,194392,7,,,1,30,,194393,7,,,1,70,,194394,7,,,1,23,,194395,7,,,1,15,,194396,7,,,1,15,,194397,7,,,1,55,,194398,7,,,1,15,,194399,7,,,1,15,,194400,7,,,1,15,,194401,7,,,1,55,,194402,7,,,1,15,,194403,7,,,1,15,,194404,7,,,1,62,,194405,7,,,1,30,,194406,7,,,1,70,,194407,7,,,1,30,,194408,7,,,1,70,,194409,7,,,1,30,,194410,7,,,1,70,,194411,7,,,1,30,,194412,7,,,1,70,,194413,7,,,1,30,,194414,7,,,1,70,,194415,7,,,1,30,,194416,7,,,1,71,,194417,7,,,1,15,,194418,7,,,1,15,,194419,7,,,1,15,,194420,7,,,1,55,,194421,7,,,1,15,,194422,7,,,1,15,,194423,7,,,1,15,,194424,7,,,1,55,,194425,7,,,1,30,,194426,7,,,1,70,,194427,7,,,1,30,,194428,7,,,1,70,,194429,7,,,1,30,,194430,7,,,1,70,,194431,7,,,1,30,,194432,7,,,1,70,,194433,7,,,1,32,,194434,7,,,1,71,,194388,7,,,1,32,,194389,7,,,1,70,,194390,7,,,1,30,,194391,7,,,1,70,,194387,7,,,1
11900,'119-Saturday-1-26-06-0000010',602,,173118,7,,,1,30,,173119,7,,,1,70,,173120,7,,,1,30,,173121,7,,,1,25,,173122,7,,,1,70,,173123,7,,,1,30,,173124,7,,,1,70,,173125,7,,,1,30,,173126,7,,,1,70,,173127,7,,,1,30,,173128,7,,,1,70,,173129,7,,,1,30,,173130,7,,,1,70,,173131,7,,,1,30,,173132,7,,,1,70,,173133,7,,,1,30,,173134,7,,,1,70,,173135,7,,,1,30,,173136,7,,,1,70,,173137,7,,,1,30,,173138,7,,,1,72,,173139,7,,,1,30,,173140,7,,,1,70,,173141,7,,,1,30,,173142,7,,,1,70,,173143,7,,,1,30,,173144,7,,,1,70,,173145,7,,,1,30,,173146,7,,,1,70,,173147,7,,,1,30,,173148,7,,,1,70,,173149,7,,,1,30,,173150,7,,,1,70,,173151,7,,,1,100,,173152,7,,,1
11900,'119-Saturday-2-26-06-0000010',602,,213390,7,,,1,30,,213391,7,,,1,70,,213392,7,,,1,30,,213393,7,,,1,25,,213394,7,,,1,70,,213395,7,,,1,30,,213396,7,,,1,70,,213397,7,,,1,30,,213398,7,,,1,70,,213399,7,,,1,30,,213400,7,,,1,70,,213401,7,,,1,30,,213402,7,,,1,70,,213403,7,,,1,30,,213404,7,,,1,70,,213405,7,,,1,30,,213406,7,,,1,70,,213407,7,,,1,30,,213408,7,,,1,70,,213409,7,,,1,30,,213410,7,,,1,72,,213411,7,,,1,30,,213412,7,,,1,70,,213413,7,,,1,30,,213414,7,,,1,70,,213415,7,,,1,30,,213416,7,,,1,70,,213417,7,,,1,30,,213418,7,,,1,70,,213419,7,,,1,30,,213420,7,,,1,70,,213421,7,,,1,30,,213422,7,,,1,70,,213423,7,,,1,100,,213424,7,,,1
11900,'119-Sunday-3-26-06-0000001',600,,194458,7,,,1,30,,194461,7,,,1,70,,194459,7,,,1,30,,194462,7,,,1,70,,194460,7,,,1,30,,194463,7,,,1,70,,194435,7,,,1,30,,194464,7,,,1,70,,194436,7,,,1,30,,194437,7,,,1,70,,194438,7,,,1,30,,194439,7,,,1,70,,194440,7,,,1,30,,194441,7,,,1,70,,194442,7,,,1,30,,194443,7,,,1,70,,194444,7,,,1,30,,194445,7,,,1,70,,194446,7,,,1,30,,194447,7,,,1,70,,194448,7,,,1,30,,194449,7,,,1,70,,194450,7,,,1,30,,194451,7,,,1,70,,194452,7,,,1,30,,194465,7,,,1,70,,194453,7,,,1,30,,194466,7,,,1,70,,194454,7,,,1,30,,194467,7,,,1,70,,194455,7,,,1,100,,194456,7,,,1,100,,194457,7,,,1
11900,'119-Sunday-4-26-06-0000001',600,,213448,7,,,1,30,,213451,7,,,1,70,,213449,7,,,1,30,,213452,7,,,1,70,,213450,7,,,1,30,,213453,7,,,1,70,,213425,7,,,1,30,,213454,7,,,1,70,,213426,7,,,1,30,,213427,7,,,1,70,,213428,7,,,1,30,,213429,7,,,1,70,,213430,7,,,1,30,,213431,7,,,1,70,,213432,7,,,1,30,,213433,7,,,1,70,,213434,7,,,1,30,,213435,7,,,1,70,,213436,7,,,1,30,,213437,7,,,1,70,,213438,7,,,1,30,,213439,7,,,1,70,,213440,7,,,1,30,,213441,7,,,1,70,,213442,7,,,1,30,,213455,7,,,1,70,,213443,7,,,1,30,,213456,7,,,1,70,,213444,7,,,1,30,,213457,7,,,1,70,,213445,7,,,1,100,,213446,7,,,1,100,,213447,7,,,1
11900,'119-Sunday-7-26-06-0000001',600,,213481,7,,,1,30,,213484,7,,,1,70,,213482,7,,,1,30,,213485,7,,,1,70,,213483,7,,,1,30,,213486,7,,,1,70,,213458,7,,,1,30,,213487,7,,,1,70,,213459,7,,,1,30,,213460,7,,,1,70,,213461,7,,,1,30,,213462,7,,,1,70,,213463,7,,,1,30,,213464,7,,,1,70,,213465,7,,,1,30,,213466,7,,,1,70,,213467,7,,,1,30,,213468,7,,,1,70,,213469,7,,,1,30,,213470,7,,,1,70,,213471,7,,,1,30,,213472,7,,,1,70,,213473,7,,,1,30,,213474,7,,,1,70,,213475,7,,,1,30,,213488,7,,,1,70,,213476,7,,,1,30,,213489,7,,,1,70,,213477,7,,,1,30,,213490,7,,,1,70,,213478,7,,,1,100,,213479,7,,,1,100,,213480,7,,,1
11900,'119-Sunday-8-26-06-0000001',600,,213514,7,,,1,30,,213517,7,,,1,70,,213515,7,,,1,30,,213518,7,,,1,70,,213516,7,,,1,30,,213519,7,,,1,70,,213491,7,,,1,30,,213520,7,,,1,70,,213492,7,,,1,30,,213493,7,,,1,70,,213494,7,,,1,30,,213495,7,,,1,70,,213496,7,,,1,30,,213497,7,,,1,70,,213498,7,,,1,30,,213499,7,,,1,70,,213500,7,,,1,30,,213501,7,,,1,70,,213502,7,,,1,30,,213503,7,,,1,70,,213504,7,,,1,30,,213505,7,,,1,70,,213506,7,,,1,30,,213507,7,,,1,70,,213508,7,,,1,30,,213521,7,,,1,70,,213509,7,,,1,30,,213522,7,,,1,70,,213510,7,,,1,30,,213523,7,,,1,70,,213511,7,,,1,100,,213512,7,,,1,100,,213513,7,,,1
12201,'122-Weekday-1-26-06-1111100',536,,173662,7,,,1,70,,173663,7,,,1,30,,173664,7,,,1,70,,173673,7,,,1,30,,173674,7,,,1,70,,173675,7,,,1,30,,173676,7,,,1,71,,173682,7,,,1,30,,173683,7,,,1,70,,173684,7,,,1,30,,173685,7,,,1,70,,173681,7,,,1,30,,173680,7,,,1,70,,173679,7,,,1,30,,173678,7,,,1,70,,173677,7,,,1,30,,173665,7,,,1,70,,173666,7,,,1,30,,173667,7,,,1,70,,173668,7,,,1,30,,173669,7,,,1,70,,173670,7,,,1,30,,173671,7,,,1,70,,173672,7,,,1,30,,173686,7,,,1,70,,173687,7,,,1,29,,173688,7,,,1,70,,173689,7,,,1,30,,173690,7,,,1,70,,173691,7,,,1,30,,173692,7,,,1,70,,173693,7,,,1,30,,173694,7,,,1
12201,'122-Weekday-2-26-06-1111100',536,,194700,7,,,1,70,,194701,7,,,1,30,,194702,7,,,1,70,,194711,7,,,1,30,,194712,7,,,1,70,,194713,7,,,1,30,,194714,7,,,1,71,,194720,7,,,1,30,,194721,7,,,1,70,,194722,7,,,1,30,,194723,7,,,1,70,,194719,7,,,1,30,,194718,7,,,1,70,,194717,7,,,1,30,,194716,7,,,1,70,,194715,7,,,1,30,,194703,7,,,1,70,,194704,7,,,1,30,,194705,7,,,1,70,,194706,7,,,1,30,,194707,7,,,1,70,,194708,7,,,1,30,,194709,7,,,1,70,,194710,7,,,1,30,,194724,7,,,1,70,,194725,7,,,1,29,,194726,7,,,1,70,,194727,7,,,1,30,,194728,7,,,1,70,,194729,7,,,1,30,,194730,7,,,1,70,,194731,7,,,1,30,,194732,7,,,1
12201,'122-Saturday-1-26-06-0000010',812,,173695,7,,,1,30,,173696,7,,,1,70,,173697,7,,,1,30,,173698,7,,,1,70,,173699,7,,,1,30,,173700,7,,,1,70,,173701,7,,,1,30,,173702,7,,,1,70,,173703,7,,,1,30,,173704,7,,,1,70,,173705,7,,,1,30,,173706,7,,,1,70,,173707,7,,,1,30,,173708,7,,,1,70,,173709,7,,,1,30,,173710,7,,,1,70,,173711,7,,,1,30,,173712,7,,,1,70,,173713,7,,,1,30,,173714,7,,,1,70,,173715,7,,,1,30,,173716,7,,,1,70,,173717,7,,,1
12201,'122-Saturday-2-26-06-0000010',812,,213902,7,,,1,30,,213903,7,,,1,70,,213904,7,,,1,30,,213905,7,,,1,70,,213906,7,,,1,30,,213907,7,,,1,70,,213908,7,,,1,30,,213909,7,,,1,70,,213910,7,,,1,30,,213911,7,,,1,70,,213912,7,,,1,30,,213913,7,,,1,70,,213914,7,,,1,30,,213915,7,,,1,70,,213916,7,,,1,30,,213917,7,,,1,70,,213918,7,,,1,30,,213919,7,,,1,70,,213920,7,,,1,30,,213921,7,,,1,70,,213922,7,,,1,30,,213923,7,,,1,70,,213924,7,,,1
12201,'122-Sunday-2-26-06-0000001',1006,,194733,7,,,1,30,,194743,7,,,1,70,,194734,7,,,1,30,,194744,7,,,1,70,,194735,7,,,1,30,,194745,7,,,1,70,,194736,7,,,1,30,,194746,7,,,1,70,,194737,7,,,1,30,,194747,7,,,1,70,,194738,7,,,1,30,,194748,7,,,1,70,,194739,7,,,1,30,,194749,7,,,1,70,,194740,7,,,1,30,,194750,7,,,1,70,,194741,7,,,1,30,,194751,7,,,1,70,,194742,7,,,1
12201,'122-Sunday-3-26-06-0000001',1006,,213925,7,,,1,30,,213935,7,,,1,70,,213926,7,,,1,30,,213936,7,,,1,70,,213927,7,,,1,30,,213937,7,,,1,70,,213928,7,,,1,30,,213938,7,,,1,70,,213929,7,,,1,30,,213939,7,,,1,70,,213930,7,,,1,30,,213940,7,,,1,70,,213931,7,,,1,30,,213941,7,,,1,70,,213932,7,,,1,30,,213942,7,,,1,70,,213933,7,,,1,30,,213943,7,,,1,70,,213934,7,,,1
12201,'122-Sunday-6-26-06-0000001',1006,,213944,7,,,1,30,,213954,7,,,1,70,,213945,7,,,1,30,,213955,7,,,1,70,,213946,7,,,1,30,,213956,7,,,1,70,,213947,7,,,1,30,,213957,7,,,1,70,,213948,7,,,1,30,,213958,7,,,1,70,,213949,7,,,1,30,,213959,7,,,1,70,,213950,7,,,1,30,,213960,7,,,1,70,,213951,7,,,1,30,,213961,7,,,1,70,,213952,7,,,1,30,,213962,7,,,1,70,,213953,7,,,1
12201,'122-Sunday-7-26-06-0000001',1006,,213963,7,,,1,30,,213973,7,,,1,70,,213964,7,,,1,30,,213974,7,,,1,70,,213965,7,,,1,30,,213975,7,,,1,70,,213966,7,,,1,30,,213976,7,,,1,70,,213967,7,,,1,30,,213977,7,,,1,70,,213968,7,,,1,30,,213978,7,,,1,70,,213969,7,,,1,30,,213979,7,,,1,70,,213970,7,,,1,30,,213980,7,,,1,70,,213971,7,,,1,30,,213981,7,,,1,70,,213972,7,,,1
