200,'002-Weekday-1-26-09-1111100',2510,,226921,65,0,28 37,1,30,,226922,65,0,28 37,1,70,,226923,65,0,28 37,1,30,,226924,65,0,28 37,1,70,,226925,65,0,28 37,1
200,'002-Weekday-3-26-09-1111100',2510,,227097,65,0,28 37,1,30,,227098,65,0,28 37,1,70,,227099,65,0,28 37,1,30,,227100,65,0,28 37,1,70,,227101,65,0,28 37,1
200,'002-Weekday-4-26-09-1111100',2510,,227185,65,0,28 37,1,30,,227186,65,0,28 37,1,70,,227187,65,0,28 37,1,30,,227188,65,0,28 37,1,70,,227189,65,0,28 37,1
200,'002-Weekday-5-26-09-1111100',2510,,227272,65,0,28 37,1,30,,227273,65,0,28 37,1,70,,227274,65,0,28 37,1,30,,227275,65,0,28 37,1,70,,227276,65,0,28 37,1
200,'002-Weekday-6-26-09-1111100',2510,,227359,65,0,28 37,1,30,,227360,65,0,28 37,1,70,,227361,65,0,28 37,1,30,,227362,65,0,28 37,1,70,,227363,65,0,28 37,1
200,'002-Weekday-7-26-09-1111100',2510,,227447,65,0,28 37,1,30,,227448,65,0,28 37,1,70,,227449,65,0,28 37,1,30,,227450,65,0,28 37,1,70,,227451,65,0,28 37,1
200,'002-Saturday-1-26-09-0000010',2512,,227537,65,0,28 37,1,30,,227538,65,0,28 37,1,70,,227539,65,0,28 37,1,30,,227540,65,0,28 37,1,70,,227541,65,0,28 37,1
200,'002-Sunday-1-26-09-0000001',2412,,227609,65,0,28 37,1,30,,227610,65,0,28 37,1,70,,227611,65,0,28 37,1,30,,227612,65,0,28 37,1,70,,227613,65,0,28 37,1,30,,227614,65,0,28 37,1,70,,227616,65,0,28 37,1
500,'005-Weekday-1-26-09-1111100',535,,231716,50,,,1,15,,231717,50,,,1,55,,231718,50,,,1,15,,231719,50,,,1,16,,231720,50,,,1,17,,231721,50,,,1,57,,231722,50,,,1,16,,231723,50,,,1,17,,231724,50,,,1,15,,231725,50,,,1,55,,231726,50,,,1,13,,231727,50,,,1,15,,231728,50,,,1,15,,231729,50,,,1,56,,231730,50,,,1,18,,231731,50,,,1,15,,231732,50,,,1,14,,231733,50,,,1,55,,231734,50,,,1,15,,231735,50,,,1,15,,231736,50,,,1,15,,231737,50,,,1,55,,231738,50,,,1,15,,231739,50,,,1,15,,231740,50,,,1,15,,231741,50,,,1,55,,231742,50,,,1,15,,231743,50,,,1,15,,231744,50,,,1,15,,231745,50,,,1,55,,231746,50,,,1,15,,231747,50,,,1,15,,231748,50,,,1,15,,231749,50,,,1,55,,231750,50,,,1,15,,231751,50,,,1,15,,231752,50,,,1,15,,231754,50,,,1,58,,231755,50,,,1,17,,231756,50,,,1,16,,231753,50,,,1,57,,231757,50,,,1,16,,231758,50,,,1,15,,231759,50,,,1,14,,231760,50,,,1,54,,231761,50,,,1,16,,231762,50,,,1,15,,231763,50,,,1,15,,231764,50,,,1,56,,231765,50,,,1,16,,231766,50,,,1,13,,231767,50,,,1,12,,231768,50,,,1,53,,231769,50,,,1,12,,231770,50,,,1,14,,231771,50,,,1,15,,231772,50,,,1,15,,231773,50,,,1,55,,231774,50,,,1,15,,231775,50,,,1,15,,231776,50,,,1,15,,231777,50,,,1,55,,231778,50,,,1,15,,231779,50,,,1,15,,231780,50,,,1,15,,231781,50,,,1,53,,231782,50,,,1,15,,231783,50,,,1,19,,231784,50,,,1,62,,231785,50,,,1,21,,231786,50,,,1,20,,231787,50,,,1,60,,231788,50,,,1,20,,231789,50,,,1,20,,231790,50,,,1,60,,231791,50,,,1,20,,231792,50,,,1
500,'005-Weekday-3-26-09-1111100',535,,231958,50,,,1,15,,231959,50,,,1,55,,231960,50,,,1,15,,231961,50,,,1,16,,231962,50,,,1,17,,231963,50,,,1,57,,231964,50,,,1,16,,231965,50,,,1,17,,231966,50,,,1,15,,231967,50,,,1,55,,231968,50,,,1,13,,231969,50,,,1,15,,231970,50,,,1,15,,231971,50,,,1,56,,231972,50,,,1,18,,231973,50,,,1,15,,231974,50,,,1,14,,231975,50,,,1,55,,231976,50,,,1,15,,231977,50,,,1,15,,231978,50,,,1,15,,231979,50,,,1,55,,231980,50,,,1,15,,231981,50,,,1,15,,231982,50,,,1,15,,231983,50,,,1,55,,231984,50,,,1,15,,231985,50,,,1,15,,231986,50,,,1,15,,231987,50,,,1,55,,231988,50,,,1,15,,231989,50,,,1,15,,231990,50,,,1,15,,231991,50,,,1,55,,231992,50,,,1,15,,231993,50,,,1,15,,231994,50,,,1,15,,231996,50,,,1,58,,231997,50,,,1,17,,231998,50,,,1,16,,231995,50,,,1,57,,231999,50,,,1,16,,232000,50,,,1,15,,232001,50,,,1,14,,232002,50,,,1,54,,232003,50,,,1,16,,232004,50,,,1,15,,232005,50,,,1,15,,232006,50,,,1,56,,232007,50,,,1,16,,232008,50,,,1,13,,232009,50,,,1,12,,232010,50,,,1,53,,232011,50,,,1,12,,232012,50,,,1,14,,232013,50,,,1,15,,232014,50,,,1,15,,232015,50,,,1,55,,232016,50,,,1,15,,232017,50,,,1,15,,232018,50,,,1,15,,232019,50,,,1,55,,232020,50,,,1,15,,232021,50,,,1,15,,232022,50,,,1,15,,232023,50,,,1,53,,232024,50,,,1,15,,232025,50,,,1,19,,232026,50,,,1,62,,232027,50,,,1,21,,232028,50,,,1,20,,232029,50,,,1,60,,232030,50,,,1,20,,232031,50,,,1,20,,232032,50,,,1,60,,232033,50,,,1,20,,232034,50,,,1
500,'005-Weekday-4-26-09-1111100',535,,232079,50,,,1,15,,232080,50,,,1,55,,232081,50,,,1,15,,232082,50,,,1,16,,232083,50,,,1,17,,232084,50,,,1,57,,232085,50,,,1,16,,232086,50,,,1,17,,232087,50,,,1,15,,232088,50,,,1,55,,232089,50,,,1,13,,232090,50,,,1,15,,232091,50,,,1,15,,232092,50,,,1,56,,232093,50,,,1,18,,232094,50,,,1,15,,232095,50,,,1,14,,232096,50,,,1,55,,232097,50,,,1,15,,232098,50,,,1,15,,232099,50,,,1,15,,232100,50,,,1,55,,232101,50,,,1,15,,232102,50,,,1,15,,232103,50,,,1,15,,232104,50,,,1,55,,232105,50,,,1,15,,232106,50,,,1,15,,232107,50,,,1,15,,232108,50,,,1,55,,232109,50,,,1,15,,232110,50,,,1,15,,232111,50,,,1,15,,232112,50,,,1,55,,232113,50,,,1,15,,232114,50,,,1,15,,232115,50,,,1,15,,232117,50,,,1,58,,232118,50,,,1,17,,232119,50,,,1,16,,232116,50,,,1,57,,232120,50,,,1,16,,232121,50,,,1,15,,232122,50,,,1,14,,232123,50,,,1,54,,232124,50,,,1,16,,232125,50,,,1,15,,232126,50,,,1,15,,232127,50,,,1,56,,232128,50,,,1,16,,232129,50,,,1,13,,232130,50,,,1,12,,232131,50,,,1,53,,232132,50,,,1,12,,232133,50,,,1,14,,232134,50,,,1,15,,232135,50,,,1,15,,232136,50,,,1,55,,232137,50,,,1,15,,232138,50,,,1,15,,232139,50,,,1,15,,232140,50,,,1,55,,232141,50,,,1,15,,232142,50,,,1,15,,232143,50,,,1,15,,232144,50,,,1,53,,232145,50,,,1,15,,232146,50,,,1,19,,232147,50,,,1,62,,232148,50,,,1,21,,232149,50,,,1,20,,232150,50,,,1,60,,232151,50,,,1,20,,232152,50,,,1,20,,232153,50,,,1,60,,232154,50,,,1,20,,232155,50,,,1
500,'005-Weekday-5-26-09-1111100',535,,232200,50,,,1,15,,232201,50,,,1,55,,232202,50,,,1,15,,232203,50,,,1,16,,232204,50,,,1,17,,232205,50,,,1,57,,232206,50,,,1,16,,232207,50,,,1,17,,232208,50,,,1,15,,232209,50,,,1,55,,232210,50,,,1,13,,232211,50,,,1,15,,232212,50,,,1,15,,232213,50,,,1,56,,232214,50,,,1,18,,232215,50,,,1,15,,232216,50,,,1,14,,232217,50,,,1,55,,232218,50,,,1,15,,232219,50,,,1,15,,232220,50,,,1,15,,232221,50,,,1,55,,232222,50,,,1,15,,232223,50,,,1,15,,232224,50,,,1,15,,232225,50,,,1,55,,232226,50,,,1,15,,232227,50,,,1,15,,232228,50,,,1,15,,232229,50,,,1,55,,232230,50,,,1,15,,232231,50,,,1,15,,232232,50,,,1,15,,232233,50,,,1,55,,232234,50,,,1,15,,232235,50,,,1,15,,232236,50,,,1,15,,232238,50,,,1,58,,232239,50,,,1,17,,232240,50,,,1,16,,232237,50,,,1,57,,232241,50,,,1,16,,232242,50,,,1,15,,232243,50,,,1,14,,232244,50,,,1,54,,232245,50,,,1,16,,232246,50,,,1,15,,232247,50,,,1,15,,232248,50,,,1,56,,232249,50,,,1,16,,232250,50,,,1,13,,232251,50,,,1,12,,232252,50,,,1,53,,232253,50,,,1,12,,232254,50,,,1,14,,232255,50,,,1,15,,232256,50,,,1,15,,232257,50,,,1,55,,232258,50,,,1,15,,232259,50,,,1,15,,232260,50,,,1,15,,232261,50,,,1,55,,232262,50,,,1,15,,232263,50,,,1,15,,232264,50,,,1,15,,232265,50,,,1,53,,232266,50,,,1,15,,232267,50,,,1,19,,232268,50,,,1,62,,232269,50,,,1,21,,232270,50,,,1,20,,232271,50,,,1,60,,232272,50,,,1,20,,232273,50,,,1,20,,232274,50,,,1,60,,232275,50,,,1,20,,232276,50,,,1
500,'005-Weekday-6-26-09-1111100',535,,232321,50,,,1,15,,232322,50,,,1,55,,232323,50,,,1,15,,232324,50,,,1,16,,232325,50,,,1,17,,232326,50,,,1,57,,232327,50,,,1,16,,232328,50,,,1,17,,232329,50,,,1,15,,232330,50,,,1,55,,232331,50,,,1,13,,232332,50,,,1,15,,232333,50,,,1,15,,232334,50,,,1,56,,232335,50,,,1,18,,232336,50,,,1,15,,232337,50,,,1,14,,232338,50,,,1,55,,232339,50,,,1,15,,232340,50,,,1,15,,232341,50,,,1,15,,232342,50,,,1,55,,232343,50,,,1,15,,232344,50,,,1,15,,232345,50,,,1,15,,232346,50,,,1,55,,232347,50,,,1,15,,232348,50,,,1,15,,232349,50,,,1,15,,232350,50,,,1,55,,232351,50,,,1,15,,232352,50,,,1,15,,232353,50,,,1,15,,232354,50,,,1,55,,232355,50,,,1,15,,232356,50,,,1,15,,232357,50,,,1,15,,232359,50,,,1,58,,232360,50,,,1,17,,232361,50,,,1,16,,232358,50,,,1,57,,232362,50,,,1,16,,232363,50,,,1,15,,232364,50,,,1,14,,232365,50,,,1,54,,232366,50,,,1,16,,232367,50,,,1,15,,232368,50,,,1,15,,232369,50,,,1,56,,232370,50,,,1,16,,232371,50,,,1,13,,232372,50,,,1,12,,232373,50,,,1,53,,232374,50,,,1,12,,232375,50,,,1,14,,232376,50,,,1,15,,232377,50,,,1,15,,232378,50,,,1,55,,232379,50,,,1,15,,232380,50,,,1,15,,232381,50,,,1,15,,232382,50,,,1,55,,232383,50,,,1,15,,232384,50,,,1,15,,232385,50,,,1,15,,232386,50,,,1,53,,232387,50,,,1,15,,232388,50,,,1,19,,232389,50,,,1,62,,232390,50,,,1,21,,232391,50,,,1,20,,232392,50,,,1,60,,232393,50,,,1,20,,232394,50,,,1,20,,232395,50,,,1,60,,232396,50,,,1,20,,232397,50,,,1
500,'005-Weekday-7-26-09-1111100',535,,232442,50,,,1,15,,232443,50,,,1,55,,232444,50,,,1,15,,232445,50,,,1,16,,232446,50,,,1,17,,232447,50,,,1,57,,232448,50,,,1,16,,232449,50,,,1,17,,232450,50,,,1,15,,232451,50,,,1,55,,232452,50,,,1,13,,232453,50,,,1,15,,232454,50,,,1,15,,232455,50,,,1,56,,232456,50,,,1,18,,232457,50,,,1,15,,232458,50,,,1,14,,232459,50,,,1,55,,232460,50,,,1,15,,232461,50,,,1,15,,232462,50,,,1,15,,232463,50,,,1,55,,232464,50,,,1,15,,232465,50,,,1,15,,232466,50,,,1,15,,232467,50,,,1,55,,232468,50,,,1,15,,232469,50,,,1,15,,232470,50,,,1,15,,232471,50,,,1,55,,232472,50,,,1,15,,232473,50,,,1,15,,232474,50,,,1,15,,232475,50,,,1,55,,232476,50,,,1,15,,232477,50,,,1,15,,232478,50,,,1,15,,232480,50,,,1,58,,232481,50,,,1,17,,232482,50,,,1,16,,232479,50,,,1,57,,232483,50,,,1,16,,232484,50,,,1,15,,232485,50,,,1,14,,232486,50,,,1,54,,232487,50,,,1,16,,232488,50,,,1,15,,232489,50,,,1,15,,232490,50,,,1,56,,232491,50,,,1,16,,232492,50,,,1,13,,232493,50,,,1,12,,232494,50,,,1,53,,232495,50,,,1,12,,232496,50,,,1,14,,232497,50,,,1,15,,232498,50,,,1,15,,232499,50,,,1,55,,232500,50,,,1,15,,232501,50,,,1,15,,232502,50,,,1,15,,232503,50,,,1,55,,232504,50,,,1,15,,232505,50,,,1,15,,232506,50,,,1,15,,232507,50,,,1,53,,232508,50,,,1,15,,232509,50,,,1,19,,232510,50,,,1,62,,232511,50,,,1,21,,232512,50,,,1,20,,232513,50,,,1,60,,232514,50,,,1,20,,232515,50,,,1,20,,232516,50,,,1,60,,232517,50,,,1,20,,232518,50,,,1
500,'005-Saturday-1-26-09-0000010',600,,232563,50,,,1,20,,232564,50,,,1,20,,232565,50,,,1,60,,232566,50,,,1,20,,232567,50,,,1,20,,232568,50,,,1,60,,232569,50,,,1,20,,232570,50,,,1,17,,232571,50,,,1,16,,232572,50,,,1,60,,232573,50,,,1,19,,232574,50,,,1,17,,232575,50,,,1,55,,232576,50,,,1,15,,232577,50,,,1,15,,232578,50,,,1,15,,232579,50,,,1,55,,232580,50,,,1,15,,232581,50,,,1,15,,232582,50,,,1,15,,232583,50,,,1,55,,232584,50,,,1,15,,232585,50,,,1,15,,232586,50,,,1,15,,232587,50,,,1,55,,232588,50,,,1,15,,232589,50,,,1,15,,232590,50,,,1,15,,232591,50,,,1,55,,232592,50,,,1,15,,232593,50,,,1,15,,232594,50,,,1,15,,232595,50,,,1,55,,232596,50,,,1,15,,232597,50,,,1,15,,232598,50,,,1,15,,232599,50,,,1,55,,232600,50,,,1,15,,232602,50,,,1,15,,232603,50,,,1,15,,232604,50,,,1,55,,232601,50,,,1,14,,232605,50,,,1,15,,232606,50,,,1,15,,232607,50,,,1,55,,232608,50,,,1,15,,232609,50,,,1,15,,232610,50,,,1,13,,232611,50,,,1,55,,232612,50,,,1,15,,232613,50,,,1,15,,232614,50,,,1,15,,232615,50,,,1,55,,232616,50,,,1,15,,232617,50,,,1,15,,232618,50,,,1,15,,232619,50,,,1,55,,232620,50,,,1,15,,232621,50,,,1,15,,232622,50,,,1,15,,232623,50,,,1,55,,232624,50,,,1,15,,232625,50,,,1,15,,232626,50,,,1,18,,232627,50,,,1,60,,232628,50,,,1,20,,232629,50,,,1,20,,232630,50,,,1,59,,232631,50,,,1,20,,232632,50,,,1,20,,232633,50,,,1,60,,232634,50,,,1
500,'005-Sunday-1-26-09-0000001',602,,232698,50,,,1,20,,232697,50,,,1,20,,232696,50,,,1,60,,232635,50,,,1,20,,232636,50,,,1,20,,232637,50,,,1,60,,232638,50,,,1,20,,232639,50,,,1,20,,232640,50,,,1,61,,232641,50,,,1,22,,232642,50,,,1,21,,232643,50,,,1,60,,232644,50,,,1,20,,232645,50,,,1,22,,232646,50,,,1,55,,232647,50,,,1,15,,232648,50,,,1,15,,232649,50,,,1,15,,232650,50,,,1,55,,232651,50,,,1,15,,232652,50,,,1,15,,232653,50,,,1,15,,232654,50,,,1,55,,232655,50,,,1,15,,232656,50,,,1,15,,232657,50,,,1,15,,232658,50,,,1,55,,232659,50,,,1,15,,232660,50,,,1,15,,232661,50,,,1,15,,232662,50,,,1,55,,232663,50,,,1,15,,232664,50,,,1,15,,232665,50,,,1,15,,232666,50,,,1,55,,232667,50,,,1,15,,232668,50,,,1,15,,232669,50,,,1,15,,232670,50,,,1,55,,232671,50,,,1,13,,232672,50,,,1,15,,232673,50,,,1,14,,232674,50,,,1,55,,232675,50,,,1,15,,232676,50,,,1,15,,232677,50,,,1,15,,232678,50,,,1,55,,232679,50,,,1,13,,232680,50,,,1,20,,232681,50,,,1,20,,232690,50,,,1,60,,232691,50,,,1,20,,232692,50,,,1,20,,232688,50,,,1,60,,232689,50,,,1,20,,232695,50,,,1,20,,232694,50,,,1,59,,232693,50,,,1,19,,232682,50,,,1,19,,232683,50,,,1,59,,232685,50,,,1,17,,232686,50,,,1,20,,232687,50,,,1,60,,232684,50,,,1
800,'008-Weekday-1-26-09-1111100',531,,236643,10,,,1,20,,236718,46,,,1,60,,236719,46,,,1,21,,236650,45,,,1,26,,236651,45,,,1,65,,236699,45,,,1,16,,236720,46,,,1,12,,236698,45,,,1,52,,236721,45,,,1,12,,236708,46,,,1,12,,236703,45,,,1,12,,236652,45,,,1,12,,236704,45,,,1,52,,236705,46,,,1,11,,236706,45,,,1,13,,236653,46,,,1,11,,236707,45,,,1,13,,236700,45,,,1,57,,236654,45,,,1,15,,236655,46,,,1,15,,236656,45,,,1,15,,236657,45,,,1,56,,236658,46,,,1,15,,236659,45,,,1,16,,236660,46,,,1,16,,236661,45,,,1,55,,236662,46,,,1,15,,236709,45,,,1,15,,236710,45,,,1,15,,236663,46,,,1,55,,236664,45,,,1,15,,236665,45,,,1,15,,236666,45,,,1,15,,236667,46,,,1,55,,236711,45,,,1,15,,236712,45,,,1,15,,236702,46,,,1,12,,236722,45,,,1,53,,236668,45,,,1,14,,236723,45,,,1,13,,236669,45,,,1,13,,236713,45,,,1,12,,236714,46,,,1,52,,236670,45,,,1,12,,236671,45,,,1,12,,236672,46,,,1,12,,236673,45,,,1,12,,236715,45,,,1,52,,236674,45,,,1,12,,236675,45,,,1,12,,236676,45,,,1,12,,236716,45,,,1,12,,236677,45,,,1,55,,236678,45,,,1,15,,236679,45,,,1,12,,236680,45,,,1,12,,236681,45,,,1,53,,236682,45,,,1,13,,236683,46,,,1,15,,236724,45,,,1,15,,236725,46,,,1,55,,236684,45,,,1,15,,236685,45,,,1,15,,236686,45,,,1,15,,236726,45,,,1,55,,236717,45,,,1,15,,236687,45,,,1,15,,236688,45,,,1,15,,236689,45,,,1,54,,236690,45,,,1,14,,236691,45,,,1,13,,236692,45,,,1,18,,236693,45,,,1,60,,236701,45,,,1,20,,236694,45,,,1,20,,236695,45,,,1,59,,236696,45,,,1,19,,236697,45,,,1,26,,236644,45,,,1,70,,236645,45,,,1,30,,236646,46,,,1,70,,236647,45,,,1,30,,236648,45,,,1,70,,236649,45,,,1
800,'008-Weekday-3-26-09-1111100',531,,236811,10,,,1,20,,236886,46,,,1,60,,236887,46,,,1,21,,236818,45,,,1,26,,236819,45,,,1,65,,236867,45,,,1,16,,236888,46,,,1,12,,236866,45,,,1,52,,236889,45,,,1,12,,236876,46,,,1,12,,236871,45,,,1,12,,236820,45,,,1,12,,236872,45,,,1,52,,236873,46,,,1,11,,236874,45,,,1,13,,236821,46,,,1,11,,236875,45,,,1,13,,236868,45,,,1,57,,236822,45,,,1,15,,236823,46,,,1,15,,236824,45,,,1,15,,236825,45,,,1,56,,236826,46,,,1,15,,236827,45,,,1,16,,236828,46,,,1,16,,236829,45,,,1,55,,236830,46,,,1,15,,236877,45,,,1,15,,236878,45,,,1,15,,236831,46,,,1,55,,236832,45,,,1,15,,236833,45,,,1,15,,236834,45,,,1,15,,236835,46,,,1,55,,236879,45,,,1,15,,236880,45,,,1,15,,236870,46,,,1,12,,236890,45,,,1,53,,236836,45,,,1,14,,236891,45,,,1,13,,236837,45,,,1,13,,236881,45,,,1,12,,236882,46,,,1,52,,236838,45,,,1,12,,236839,45,,,1,12,,236840,46,,,1,12,,236841,45,,,1,12,,236883,45,,,1,52,,236842,45,,,1,12,,236843,45,,,1,12,,236844,45,,,1,12,,236884,45,,,1,12,,236845,45,,,1,55,,236846,45,,,1,15,,236847,45,,,1,12,,236848,45,,,1,12,,236849,45,,,1,53,,236850,45,,,1,13,,236851,46,,,1,15,,236892,45,,,1,15,,236893,46,,,1,55,,236852,45,,,1,15,,236853,45,,,1,15,,236854,45,,,1,15,,236894,45,,,1,55,,236885,45,,,1,15,,236855,45,,,1,15,,236856,45,,,1,15,,236857,45,,,1,54,,236858,45,,,1,14,,236859,45,,,1,13,,236860,45,,,1,18,,236861,45,,,1,60,,236869,45,,,1,20,,236862,45,,,1,20,,236863,45,,,1,59,,236864,45,,,1,19,,236865,45,,,1,26,,236812,45,,,1,70,,236813,45,,,1,30,,236814,46,,,1,70,,236815,45,,,1,30,,236816,45,,,1,70,,236817,45,,,1
800,'008-Weekday-4-26-09-1111100',531,,236895,10,,,1,20,,236970,46,,,1,60,,236971,46,,,1,21,,236902,45,,,1,26,,236903,45,,,1,65,,236951,45,,,1,16,,236972,46,,,1,12,,236950,45,,,1,52,,236973,45,,,1,12,,236960,46,,,1,12,,236955,45,,,1,12,,236904,45,,,1,12,,236956,45,,,1,52,,236957,46,,,1,11,,236958,45,,,1,13,,236905,46,,,1,11,,236959,45,,,1,13,,236952,45,,,1,57,,236906,45,,,1,15,,236907,46,,,1,15,,236908,45,,,1,15,,236909,45,,,1,56,,236910,46,,,1,15,,236911,45,,,1,16,,236912,46,,,1,16,,236913,45,,,1,55,,236914,46,,,1,15,,236961,45,,,1,15,,236962,45,,,1,15,,236915,46,,,1,55,,236916,45,,,1,15,,236917,45,,,1,15,,236918,45,,,1,15,,236919,46,,,1,55,,236963,45,,,1,15,,236964,45,,,1,15,,236954,46,,,1,12,,236974,45,,,1,53,,236920,45,,,1,14,,236975,45,,,1,13,,236921,45,,,1,13,,236965,45,,,1,12,,236966,46,,,1,52,,236922,45,,,1,12,,236923,45,,,1,12,,236924,46,,,1,12,,236925,45,,,1,12,,236967,45,,,1,52,,236926,45,,,1,12,,236927,45,,,1,12,,236928,45,,,1,12,,236968,45,,,1,12,,236929,45,,,1,55,,236930,45,,,1,15,,236931,45,,,1,12,,236932,45,,,1,12,,236933,45,,,1,53,,236934,45,,,1,13,,236935,46,,,1,15,,236976,45,,,1,15,,236977,46,,,1,55,,236936,45,,,1,15,,236937,45,,,1,15,,236938,45,,,1,15,,236978,45,,,1,55,,236969,45,,,1,15,,236939,45,,,1,15,,236940,45,,,1,15,,236941,45,,,1,54,,236942,45,,,1,14,,236943,45,,,1,13,,236944,45,,,1,18,,236945,45,,,1,60,,236953,45,,,1,20,,236946,45,,,1,20,,236947,45,,,1,59,,236948,45,,,1,19,,236949,45,,,1,26,,236896,45,,,1,70,,236897,45,,,1,30,,236898,46,,,1,70,,236899,45,,,1,30,,236900,45,,,1,70,,236901,45,,,1
800,'008-Weekday-5-26-09-1111100',531,,236979,10,,,1,20,,237054,46,,,1,60,,237055,46,,,1,21,,236986,45,,,1,26,,236987,45,,,1,65,,237035,45,,,1,16,,237056,46,,,1,12,,237034,45,,,1,52,,237057,45,,,1,12,,237044,46,,,1,12,,237039,45,,,1,12,,236988,45,,,1,12,,237040,45,,,1,52,,237041,46,,,1,11,,237042,45,,,1,13,,236989,46,,,1,11,,237043,45,,,1,13,,237036,45,,,1,57,,236990,45,,,1,15,,236991,46,,,1,15,,236992,45,,,1,15,,236993,45,,,1,56,,236994,46,,,1,15,,236995,45,,,1,16,,236996,46,,,1,16,,236997,45,,,1,55,,236998,46,,,1,15,,237045,45,,,1,15,,237046,45,,,1,15,,236999,46,,,1,55,,237000,45,,,1,15,,237001,45,,,1,15,,237002,45,,,1,15,,237003,46,,,1,55,,237047,45,,,1,15,,237048,45,,,1,15,,237038,46,,,1,12,,237058,45,,,1,53,,237004,45,,,1,14,,237059,45,,,1,13,,237005,45,,,1,13,,237049,45,,,1,12,,237050,46,,,1,52,,237006,45,,,1,12,,237007,45,,,1,12,,237008,46,,,1,12,,237009,45,,,1,12,,237051,45,,,1,52,,237010,45,,,1,12,,237011,45,,,1,12,,237012,45,,,1,12,,237052,45,,,1,12,,237013,45,,,1,55,,237014,45,,,1,15,,237015,45,,,1,12,,237016,45,,,1,12,,237017,45,,,1,53,,237018,45,,,1,13,,237019,46,,,1,15,,237060,45,,,1,15,,237061,46,,,1,55,,237020,45,,,1,15,,237021,45,,,1,15,,237022,45,,,1,15,,237062,45,,,1,55,,237053,45,,,1,15,,237023,45,,,1,15,,237024,45,,,1,15,,237025,45,,,1,54,,237026,45,,,1,14,,237027,45,,,1,13,,237028,45,,,1,18,,237029,45,,,1,60,,237037,45,,,1,20,,237030,45,,,1,20,,237031,45,,,1,59,,237032,45,,,1,19,,237033,45,,,1,26,,236980,45,,,1,70,,236981,45,,,1,30,,236982,46,,,1,70,,236983,45,,,1,30,,236984,45,,,1,70,,236985,45,,,1
800,'008-Weekday-6-26-09-1111100',531,,237063,10,,,1,20,,237138,46,,,1,60,,237139,46,,,1,21,,237070,45,,,1,26,,237071,45,,,1,65,,237119,45,,,1,16,,237140,46,,,1,12,,237118,45,,,1,52,,237141,45,,,1,12,,237128,46,,,1,12,,237123,45,,,1,12,,237072,45,,,1,12,,237124,45,,,1,52,,237125,46,,,1,11,,237126,45,,,1,13,,237073,46,,,1,11,,237127,45,,,1,13,,237120,45,,,1,57,,237074,45,,,1,15,,237075,46,,,1,15,,237076,45,,,1,15,,237077,45,,,1,56,,237078,46,,,1,15,,237079,45,,,1,16,,237080,46,,,1,16,,237081,45,,,1,55,,237082,46,,,1,15,,237129,45,,,1,15,,237130,45,,,1,15,,237083,46,,,1,55,,237084,45,,,1,15,,237085,45,,,1,15,,237086,45,,,1,15,,237087,46,,,1,55,,237131,45,,,1,15,,237132,45,,,1,15,,237122,46,,,1,12,,237142,45,,,1,53,,237088,45,,,1,14,,237143,45,,,1,13,,237089,45,,,1,13,,237133,45,,,1,12,,237134,46,,,1,52,,237090,45,,,1,12,,237091,45,,,1,12,,237092,46,,,1,12,,237093,45,,,1,12,,237135,45,,,1,52,,237094,45,,,1,12,,237095,45,,,1,12,,237096,45,,,1,12,,237136,45,,,1,12,,237097,45,,,1,55,,237098,45,,,1,15,,237099,45,,,1,12,,237100,45,,,1,12,,237101,45,,,1,53,,237102,45,,,1,13,,237103,46,,,1,15,,237144,45,,,1,15,,237145,46,,,1,55,,237104,45,,,1,15,,237105,45,,,1,15,,237106,45,,,1,15,,237146,45,,,1,55,,237137,45,,,1,15,,237107,45,,,1,15,,237108,45,,,1,15,,237109,45,,,1,54,,237110,45,,,1,14,,237111,45,,,1,13,,237112,45,,,1,18,,237113,45,,,1,60,,237121,45,,,1,20,,237114,45,,,1,20,,237115,45,,,1,59,,237116,45,,,1,19,,237117,45,,,1,26,,237064,45,,,1,70,,237065,45,,,1,30,,237066,46,,,1,70,,237067,45,,,1,30,,237068,45,,,1,70,,237069,45,,,1
800,'008-Weekday-7-26-09-1111100',531,,237147,10,,,1,20,,237222,46,,,1,60,,237223,46,,,1,21,,237154,45,,,1,26,,237155,45,,,1,65,,237203,45,,,1,16,,237224,46,,,1,12,,237202,45,,,1,52,,237225,45,,,1,12,,237212,46,,,1,12,,237207,45,,,1,12,,237156,45,,,1,12,,237208,45,,,1,52,,237209,46,,,1,11,,237210,45,,,1,13,,237157,46,,,1,11,,237211,45,,,1,13,,237204,45,,,1,57,,237158,45,,,1,15,,237159,46,,,1,15,,237160,45,,,1,15,,237161,45,,,1,56,,237162,46,,,1,15,,237163,45,,,1,16,,237164,46,,,1,16,,237165,45,,,1,55,,237166,46,,,1,15,,237213,45,,,1,15,,237214,45,,,1,15,,237167,46,,,1,55,,237168,45,,,1,15,,237169,45,,,1,15,,237170,45,,,1,15,,237171,46,,,1,55,,237215,45,,,1,15,,237216,45,,,1,15,,237206,46,,,1,12,,237226,45,,,1,53,,237172,45,,,1,14,,237227,45,,,1,13,,237173,45,,,1,13,,237217,45,,,1,12,,237218,46,,,1,52,,237174,45,,,1,12,,237175,45,,,1,12,,237176,46,,,1,12,,237177,45,,,1,12,,237219,45,,,1,52,,237178,45,,,1,12,,237179,45,,,1,12,,237180,45,,,1,12,,237220,45,,,1,12,,237181,45,,,1,55,,237182,45,,,1,15,,237183,45,,,1,12,,237184,45,,,1,12,,237185,45,,,1,53,,237186,45,,,1,13,,237187,46,,,1,15,,237228,45,,,1,15,,237229,46,,,1,55,,237188,45,,,1,15,,237189,45,,,1,15,,237190,45,,,1,15,,237230,45,,,1,55,,237221,45,,,1,15,,237191,45,,,1,15,,237192,45,,,1,15,,237193,45,,,1,54,,237194,45,,,1,14,,237195,45,,,1,13,,237196,45,,,1,18,,237197,45,,,1,60,,237205,45,,,1,20,,237198,45,,,1,20,,237199,45,,,1,59,,237200,45,,,1,19,,237201,45,,,1,26,,237148,45,,,1,70,,237149,45,,,1,30,,237150,46,,,1,70,,237151,45,,,1,30,,237152,45,,,1,70,,237153,45,,,1
800,'008-Saturday-1-26-09-0000010',607,,237231,46,,,1,20,,237232,46,,,1,20,,237233,46,,,1,60,,237234,45,,,1,20,,237235,45,,,1,20,,237236,45,,,1,60,,237237,45,,,1,20,,237303,45,,,1,20,,237304,45,,,1,59,,237238,46,,,1,19,,237239,45,,,1,20,,237241,45,,,1,56,,237242,45,,,1,15,,237243,46,,,1,15,,237240,45,,,1,15,,237244,45,,,1,57,,237245,45,,,1,16,,237246,45,,,1,15,,237247,45,,,1,15,,237248,45,,,1,56,,237249,45,,,1,15,,237250,45,,,1,15,,237251,45,,,1,15,,237252,45,,,1,55,,237253,45,,,1,15,,237254,45,,,1,15,,237255,45,,,1,15,,237256,45,,,1,55,,237257,45,,,1,15,,237258,46,,,1,15,,237259,45,,,1,15,,237260,45,,,1,55,,237261,45,,,1,15,,237262,45,,,1,15,,237263,45,,,1,15,,237264,45,,,1,55,,237265,45,,,1,15,,237266,45,,,1,15,,237267,45,,,1,15,,237268,45,,,1,55,,237269,46,,,1,14,,237270,45,,,1,14,,237271,45,,,1,15,,237272,45,,,1,55,,237273,45,,,1,15,,237274,45,,,1,15,,237275,45,,,1,15,,237277,45,,,1,55,,237278,45,,,1,14,,237279,45,,,1,15,,237276,46,,,1,15,,237280,45,,,1,55,,237281,45,,,1,15,,237282,45,,,1,15,,237283,45,,,1,15,,237284,45,,,1,55,,237285,46,,,1,15,,237286,45,,,1,15,,237287,45,,,1,15,,237288,45,,,1,55,,237289,45,,,1,15,,237290,45,,,1,15,,237291,45,,,1,15,,237302,45,,,1,60,,237292,45,,,1,20,,237293,45,,,1,20,,237294,45,,,1,60,,237295,45,,,1,20,,237296,45,,,1,30,,237297,45,,,1,70,,237298,45,,,1,30,,237299,45,,,1,70,,237300,46,,,1,30,,237301,45,,,1,70,,237305,45,,,1
800,'008-Sunday-1-26-09-0000001',612,,237371,46,,,1,20,,237306,46,,,1,20,,237307,46,,,1,60,,237308,46,,,1,20,,237309,46,,,1,21,,237310,46,,,1,59,,237311,46,,,1,19,,237312,45,,,1,21,,237313,46,,,1,62,,237314,46,,,1,23,,237315,45,,,1,18,,237316,45,,,1,56,,237317,46,,,1,15,,237318,45,,,1,20,,237319,45,,,1,56,,237365,45,,,1,16,,237320,45,,,1,14,,237321,45,,,1,15,,237322,45,,,1,55,,237323,45,,,1,15,,237324,45,,,1,15,,237325,45,,,1,15,,237327,45,,,1,56,,237328,45,,,1,15,,237329,45,,,1,15,,237326,45,,,1,14,,237330,45,,,1,55,,237331,46,,,1,15,,237332,45,,,1,16,,237333,45,,,1,14,,237334,45,,,1,55,,237335,46,,,1,15,,237336,45,,,1,16,,237337,45,,,1,14,,237338,45,,,1,55,,237339,45,,,1,15,,237340,45,,,1,16,,237341,45,,,1,15,,237342,45,,,1,54,,237343,46,,,1,14,,237344,46,,,1,14,,237345,45,,,1,14,,237346,45,,,1,14,,237347,45,,,1,55,,237348,45,,,1,13,,237349,45,,,1,14,,237350,45,,,1,15,,237351,45,,,1,55,,237352,45,,,1,15,,237353,45,,,1,15,,237354,45,,,1,15,,237355,46,,,1,55,,237372,45,,,1,20,,237373,45,,,1,20,,237374,46,,,1,60,,237375,45,,,1,20,,237376,46,,,1,19,,237367,46,,,1,60,,237368,46,,,1,19,,237369,45,,,1,20,,237370,46,,,1,60,,237366,46,,,1,19,,237356,45,,,1,30,,237357,45,,,1,71,,237358,45,,,1,29,,237359,45,,,1,70,,237360,45,,,1,30,,237361,45,,,1,71,,237362,45,,,1,26,,237363,45,,,1,70,,237364,45,,,1
10200,'102-Weekday-1-26-09-1111100',546,,247535,18,,,1,70,,247536,18,,,1,34,,247556,18,,,1,70,,247557,18,,,1,30,,247558,18,,,1,70,,247559,18,,,1,30,,247573,18,,,1,70,,247560,18,,,1,30,,247561,18,,,1,70,,247562,18,,,1,30,,247563,18,,,1,70,,247564,18,,,1,30,,247565,18,,,1,70,,247566,18,,,1,30,,247567,18,,,1,70,,247568,18,,,1,30,,247569,18,,,1,70,,247574,18,,,1,30,,247537,18,,,1,55,,247538,18,,,1,17,,247570,18,,,1,15,,247539,18,,,1,15,,247540,18,,,1,55,,247541,18,,,1,15,,247571,18,,,1,15,,247542,18,,,1,15,,247543,18,,,1,55,,247544,18,,,1,15,,247572,18,,,1,15,,247545,18,,,1,15,,247546,18,,,1,70,,247547,18,,,1,27,,247548,18,,,1,70,,247549,18,,,1,30,,247550,18,,,1,70,,247551,18,,,1,30,,247552,18,,,1,70,,247553,18,,,1,30,,247554,18,,,1,70,,247555,18,,,1
10200,'102-Weekday-3-26-09-1111100',546,,247615,18,,,1,70,,247616,18,,,1,34,,247636,18,,,1,70,,247637,18,,,1,30,,247638,18,,,1,70,,247639,18,,,1,30,,247653,18,,,1,70,,247640,18,,,1,30,,247641,18,,,1,70,,247642,18,,,1,30,,247643,18,,,1,70,,247644,18,,,1,30,,247645,18,,,1,70,,247646,18,,,1,30,,247647,18,,,1,70,,247648,18,,,1,30,,247649,18,,,1,70,,247654,18,,,1,30,,247617,18,,,1,55,,247618,18,,,1,17,,247650,18,,,1,15,,247619,18,,,1,15,,247620,18,,,1,55,,247621,18,,,1,15,,247651,18,,,1,15,,247622,18,,,1,15,,247623,18,,,1,55,,247624,18,,,1,15,,247652,18,,,1,15,,247625,18,,,1,15,,247626,18,,,1,70,,247627,18,,,1,27,,247628,18,,,1,70,,247629,18,,,1,30,,247630,18,,,1,70,,247631,18,,,1,30,,247632,18,,,1,70,,247633,18,,,1,30,,247634,18,,,1,70,,247635,18,,,1
10200,'102-Weekday-4-26-09-1111100',546,,247655,18,,,1,70,,247656,18,,,1,34,,247676,18,,,1,70,,247677,18,,,1,30,,247678,18,,,1,70,,247679,18,,,1,30,,247693,18,,,1,70,,247680,18,,,1,30,,247681,18,,,1,70,,247682,18,,,1,30,,247683,18,,,1,70,,247684,18,,,1,30,,247685,18,,,1,70,,247686,18,,,1,30,,247687,18,,,1,70,,247688,18,,,1,30,,247689,18,,,1,70,,247694,18,,,1,30,,247657,18,,,1,55,,247658,18,,,1,17,,247690,18,,,1,15,,247659,18,,,1,15,,247660,18,,,1,55,,247661,18,,,1,15,,247691,18,,,1,15,,247662,18,,,1,15,,247663,18,,,1,55,,247664,18,,,1,15,,247692,18,,,1,15,,247665,18,,,1,15,,247666,18,,,1,70,,247667,18,,,1,27,,247668,18,,,1,70,,247669,18,,,1,30,,247670,18,,,1,70,,247671,18,,,1,30,,247672,18,,,1,70,,247673,18,,,1,30,,247674,18,,,1,70,,247675,18,,,1
10200,'102-Weekday-5-26-09-1111100',546,,247695,18,,,1,70,,247696,18,,,1,34,,247716,18,,,1,70,,247717,18,,,1,30,,247718,18,,,1,70,,247719,18,,,1,30,,247733,18,,,1,70,,247720,18,,,1,30,,247721,18,,,1,70,,247722,18,,,1,30,,247723,18,,,1,70,,247724,18,,,1,30,,247725,18,,,1,70,,247726,18,,,1,30,,247727,18,,,1,70,,247728,18,,,1,30,,247729,18,,,1,70,,247734,18,,,1,30,,247697,18,,,1,55,,247698,18,,,1,17,,247730,18,,,1,15,,247699,18,,,1,15,,247700,18,,,1,55,,247701,18,,,1,15,,247731,18,,,1,15,,247702,18,,,1,15,,247703,18,,,1,55,,247704,18,,,1,15,,247732,18,,,1,15,,247705,18,,,1,15,,247706,18,,,1,70,,247707,18,,,1,27,,247708,18,,,1,70,,247709,18,,,1,30,,247710,18,,,1,70,,247711,18,,,1,30,,247712,18,,,1,70,,247713,18,,,1,30,,247714,18,,,1,70,,247715,18,,,1
10200,'102-Weekday-6-26-09-1111100',546,,247735,18,,,1,70,,247736,18,,,1,34,,247756,18,,,1,70,,247757,18,,,1,30,,247758,18,,,1,70,,247759,18,,,1,30,,247773,18,,,1,70,,247760,18,,,1,30,,247761,18,,,1,70,,247762,18,,,1,30,,247763,18,,,1,70,,247764,18,,,1,30,,247765,18,,,1,70,,247766,18,,,1,30,,247767,18,,,1,70,,247768,18,,,1,30,,247769,18,,,1,70,,247774,18,,,1,30,,247737,18,,,1,55,,247738,18,,,1,17,,247770,18,,,1,15,,247739,18,,,1,15,,247740,18,,,1,55,,247741,18,,,1,15,,247771,18,,,1,15,,247742,18,,,1,15,,247743,18,,,1,55,,247744,18,,,1,15,,247772,18,,,1,15,,247745,18,,,1,15,,247746,18,,,1,70,,247747,18,,,1,27,,247748,18,,,1,70,,247749,18,,,1,30,,247750,18,,,1,70,,247751,18,,,1,30,,247752,18,,,1,70,,247753,18,,,1,30,,247754,18,,,1,70,,247755,18,,,1
10200,'102-Weekday-7-26-09-1111100',546,,247775,18,,,1,70,,247776,18,,,1,34,,247796,18,,,1,70,,247797,18,,,1,30,,247798,18,,,1,70,,247799,18,,,1,30,,247813,18,,,1,70,,247800,18,,,1,30,,247801,18,,,1,70,,247802,18,,,1,30,,247803,18,,,1,70,,247804,18,,,1,30,,247805,18,,,1,70,,247806,18,,,1,30,,247807,18,,,1,70,,247808,18,,,1,30,,247809,18,,,1,70,,247814,18,,,1,30,,247777,18,,,1,55,,247778,18,,,1,17,,247810,18,,,1,15,,247779,18,,,1,15,,247780,18,,,1,55,,247781,18,,,1,15,,247811,18,,,1,15,,247782,18,,,1,15,,247783,18,,,1,55,,247784,18,,,1,15,,247812,18,,,1,15,,247785,18,,,1,15,,247786,18,,,1,70,,247787,18,,,1,27,,247788,18,,,1,70,,247789,18,,,1,30,,247790,18,,,1,70,,247791,18,,,1,30,,247792,18,,,1,70,,247793,18,,,1,30,,247794,18,,,1,70,,247795,18,,,1
10200,'102-Saturday-1-26-09-0000010',610,,247815,18,,,1,100,,247816,18,,,1,100,,247817,18,,,1,90,,247818,18,,,1,53,,247819,18,,,1,70,,247820,18,,,1,30,,247821,18,,,1,70,,247822,18,,,1,30,,247823,18,,,1,70,,247824,18,,,1,30,,247825,18,,,1,70,,247826,18,,,1,30,,247827,18,,,1,70,,247828,18,,,1,30,,247829,18,,,1,70,,247830,18,,,1,30,,247831,18,,,1,70,,247832,18,,,1,30,,247833,18,,,1,69,,247834,18,,,1,30,,247835,18,,,1,70,,247836,18,,,1,30,,247837,18,,,1,70,,247838,18,,,1
10200,'102-Sunday-1-26-09-0000001',1020,,247839,18,,,1,30,,247840,18,,,1,70,,247841,18,,,1,30,,247842,18,,,1,70,,247843,18,,,1,30,,247844,18,,,1,70,,247845,18,,,1,30,,247846,18,,,1,70,,247847,18,,,1,30,,247848,18,,,1,70,,247849,18,,,1,30,,247850,18,,,1,70,,247851,18,,,1,30,,247852,18,,,1,70,,247853,18,,,1,28,,247854,18,,,1,70,,247855,18,,,1,30,,247856,18,,,1
11401,'114-Weekday-1-26-09-1111100',543,,255614,35,,,1,70,,255615,35,,,1,34,,255616,35,,,1,60,,255617,35,,,1,13,,255618,35,,,1,14,,255619,35,,,1,12,,255672,35,,,1,12,,255621,35,,,1,52,,255620,35,,,1,12,,255622,35,,,1,6,,255676,35,,,1,5,,255623,35,,,1,5,,255677,35,,,1,5,,255673,35,,,1,12,,255624,35,,,1,51,,255678,35,,,1,4,,255671,35,,,1,8,,255679,35,,,1,7,,255666,35,,,1,15,,255667,35,,,1,15,,255668,35,,,1,55,,255669,35,,,1,15,,255638,35,,,1,15,,255637,35,,,1,15,,255636,35,,,1,55,,255634,35,,,1,15,,255635,35,,,1,17,,255642,35,,,1,16,,255641,35,,,1,55,,255640,35,,,1,15,,255639,35,,,1,15,,255665,35,,,1,15,,255625,35,,,1,55,,255626,35,,,1,15,,255627,35,,,1,15,,255628,35,,,1,15,,255629,35,,,1,55,,255630,35,,,1,15,,255631,35,,,1,15,,255632,35,,,1,15,,255633,35,,,1,54,,255674,35,,,1,13,,255663,35,,,1,14,,255664,35,,,1,12,,255662,35,,,1,52,,255661,35,,,1,3,,255680,35,,,1,9,,255660,35,,,1,12,,255659,35,,,1,12,,255658,35,,,1,12,,255657,35,,,1,52,,255656,35,,,1,12,,255654,35,,,1,12,,255655,35,,,1,12,,255670,35,,,1,19,,255675,35,,,1,60,,255653,35,,,1,26,,255652,35,,,1,69,,255651,35,,,1,30,,255650,35,,,1,70,,255649,35,,,1,30,,255648,35,,,1,70,,255647,35,,,1,30,,255646,35,,,1,68,,255645,35,,,1,97,,255644,35,,,1,100,,255643,35,,,1
11401,'114-Weekday-3-26-09-1111100',543,,255748,35,,,1,70,,255749,35,,,1,34,,255750,35,,,1,60,,255751,35,,,1,13,,255752,35,,,1,14,,255753,35,,,1,12,,255806,35,,,1,12,,255755,35,,,1,52,,255754,35,,,1,12,,255756,35,,,1,6,,255810,35,,,1,5,,255757,35,,,1,5,,255811,35,,,1,5,,255807,35,,,1,12,,255758,35,,,1,51,,255812,35,,,1,4,,255805,35,,,1,8,,255813,35,,,1,7,,255800,35,,,1,15,,255801,35,,,1,15,,255802,35,,,1,55,,255803,35,,,1,15,,255772,35,,,1,15,,255771,35,,,1,15,,255770,35,,,1,55,,255768,35,,,1,15,,255769,35,,,1,17,,255776,35,,,1,16,,255775,35,,,1,55,,255774,35,,,1,15,,255773,35,,,1,15,,255799,35,,,1,15,,255759,35,,,1,55,,255760,35,,,1,15,,255761,35,,,1,15,,255762,35,,,1,15,,255763,35,,,1,55,,255764,35,,,1,15,,255765,35,,,1,15,,255766,35,,,1,15,,255767,35,,,1,54,,255808,35,,,1,13,,255797,35,,,1,14,,255798,35,,,1,12,,255796,35,,,1,52,,255795,35,,,1,3,,255814,35,,,1,9,,255794,35,,,1,12,,255793,35,,,1,12,,255792,35,,,1,12,,255791,35,,,1,52,,255790,35,,,1,12,,255788,35,,,1,12,,255789,35,,,1,12,,255804,35,,,1,19,,255809,35,,,1,60,,255787,35,,,1,26,,255786,35,,,1,69,,255785,35,,,1,30,,255784,35,,,1,70,,255783,35,,,1,30,,255782,35,,,1,70,,255781,35,,,1,30,,255780,35,,,1,68,,255779,35,,,1,97,,255778,35,,,1,100,,255777,35,,,1
11401,'114-Weekday-4-26-09-1111100',543,,255815,35,,,1,70,,255816,35,,,1,34,,255817,35,,,1,60,,255818,35,,,1,13,,255819,35,,,1,14,,255820,35,,,1,12,,255873,35,,,1,12,,255822,35,,,1,52,,255821,35,,,1,12,,255823,35,,,1,11,,255824,35,,,1,10,,255874,35,,,1,12,,255825,35,,,1,55,,255872,35,,,1,15,,255867,35,,,1,15,,255868,35,,,1,15,,255869,35,,,1,55,,255870,35,,,1,15,,255839,35,,,1,15,,255838,35,,,1,15,,255837,35,,,1,55,,255835,35,,,1,15,,255836,35,,,1,17,,255843,35,,,1,16,,255842,35,,,1,55,,255841,35,,,1,15,,255840,35,,,1,15,,255866,35,,,1,15,,255826,35,,,1,55,,255827,35,,,1,15,,255828,35,,,1,15,,255829,35,,,1,15,,255830,35,,,1,55,,255831,35,,,1,15,,255832,35,,,1,15,,255833,35,,,1,15,,255834,35,,,1,54,,255875,35,,,1,13,,255864,35,,,1,14,,255865,35,,,1,12,,255863,35,,,1,52,,255862,35,,,1,12,,255861,35,,,1,12,,255860,35,,,1,12,,255859,35,,,1,12,,255858,35,,,1,52,,255857,35,,,1,12,,255855,35,,,1,12,,255856,35,,,1,12,,255871,35,,,1,19,,255876,35,,,1,60,,255854,35,,,1,26,,255853,35,,,1,69,,255852,35,,,1,30,,255851,35,,,1,70,,255850,35,,,1,30,,255849,35,,,1,70,,255848,35,,,1,30,,255847,35,,,1,68,,255846,35,,,1,97,,255845,35,,,1,100,,255844,35,,,1
11401,'114-Weekday-5-26-09-1111100',543,,255877,35,,,1,70,,255878,35,,,1,34,,255879,35,,,1,60,,255880,35,,,1,13,,255881,35,,,1,14,,255882,35,,,1,12,,255935,35,,,1,12,,255884,35,,,1,52,,255883,35,,,1,12,,255885,35,,,1,11,,255886,35,,,1,10,,255936,35,,,1,12,,255887,35,,,1,55,,255934,35,,,1,15,,255929,35,,,1,15,,255930,35,,,1,15,,255931,35,,,1,55,,255932,35,,,1,15,,255901,35,,,1,15,,255900,35,,,1,15,,255899,35,,,1,55,,255897,35,,,1,15,,255898,35,,,1,17,,255905,35,,,1,16,,255904,35,,,1,55,,255903,35,,,1,15,,255902,35,,,1,15,,255928,35,,,1,15,,255888,35,,,1,55,,255889,35,,,1,15,,255890,35,,,1,15,,255891,35,,,1,15,,255892,35,,,1,55,,255893,35,,,1,15,,255894,35,,,1,15,,255895,35,,,1,15,,255896,35,,,1,54,,255937,35,,,1,13,,255926,35,,,1,14,,255927,35,,,1,12,,255925,35,,,1,52,,255924,35,,,1,12,,255923,35,,,1,12,,255922,35,,,1,12,,255921,35,,,1,12,,255920,35,,,1,52,,255919,35,,,1,12,,255917,35,,,1,12,,255918,35,,,1,12,,255933,35,,,1,19,,255938,35,,,1,60,,255916,35,,,1,26,,255915,35,,,1,69,,255914,35,,,1,30,,255913,35,,,1,70,,255912,35,,,1,30,,255911,35,,,1,70,,255910,35,,,1,30,,255909,35,,,1,68,,255908,35,,,1,97,,255907,35,,,1,100,,255906,35,,,1
11401,'114-Weekday-6-26-09-1111100',543,,255939,35,,,1,70,,255940,35,,,1,34,,255941,35,,,1,60,,255942,35,,,1,13,,255943,35,,,1,14,,255944,35,,,1,12,,255997,35,,,1,12,,255946,35,,,1,52,,255945,35,,,1,12,,255947,35,,,1,6,,256001,35,,,1,5,,255948,35,,,1,5,,256002,35,,,1,5,,255998,35,,,1,12,,255949,35,,,1,51,,256003,35,,,1,4,,255996,35,,,1,8,,256004,35,,,1,7,,255991,35,,,1,15,,255992,35,,,1,15,,255993,35,,,1,55,,255994,35,,,1,15,,255963,35,,,1,15,,255962,35,,,1,15,,255961,35,,,1,55,,255959,35,,,1,15,,255960,35,,,1,17,,255967,35,,,1,16,,255966,35,,,1,55,,255965,35,,,1,15,,255964,35,,,1,15,,255990,35,,,1,15,,255950,35,,,1,55,,255951,35,,,1,15,,255952,35,,,1,15,,255953,35,,,1,15,,255954,35,,,1,55,,255955,35,,,1,15,,255956,35,,,1,15,,255957,35,,,1,15,,255958,35,,,1,54,,255999,35,,,1,13,,255988,35,,,1,14,,255989,35,,,1,12,,255987,35,,,1,52,,255986,35,,,1,3,,256005,35,,,1,9,,255985,35,,,1,12,,255984,35,,,1,12,,255983,35,,,1,12,,255982,35,,,1,52,,255981,35,,,1,12,,255979,35,,,1,12,,255980,35,,,1,12,,255995,35,,,1,19,,256000,35,,,1,60,,255978,35,,,1,26,,255977,35,,,1,69,,255976,35,,,1,30,,255975,35,,,1,70,,255974,35,,,1,30,,255973,35,,,1,70,,255972,35,,,1,30,,255971,35,,,1,68,,255970,35,,,1,97,,255969,35,,,1,100,,255968,35,,,1
11401,'114-Weekday-7-26-09-1111100',543,,256006,35,,,1,70,,256007,35,,,1,34,,256008,35,,,1,60,,256009,35,,,1,13,,256010,35,,,1,14,,256011,35,,,1,12,,256064,35,,,1,12,,256013,35,,,1,52,,256012,35,,,1,12,,256014,35,,,1,11,,256015,35,,,1,10,,256065,35,,,1,12,,256016,35,,,1,55,,256063,35,,,1,15,,256058,35,,,1,15,,256059,35,,,1,15,,256060,35,,,1,55,,256061,35,,,1,15,,256030,35,,,1,15,,256029,35,,,1,15,,256028,35,,,1,55,,256026,35,,,1,15,,256027,35,,,1,17,,256034,35,,,1,16,,256033,35,,,1,55,,256032,35,,,1,15,,256031,35,,,1,15,,256057,35,,,1,15,,256017,35,,,1,55,,256018,35,,,1,15,,256019,35,,,1,15,,256020,35,,,1,15,,256021,35,,,1,55,,256022,35,,,1,15,,256023,35,,,1,15,,256024,35,,,1,15,,256025,35,,,1,54,,256066,35,,,1,13,,256055,35,,,1,14,,256056,35,,,1,12,,256054,35,,,1,52,,256053,35,,,1,12,,256052,35,,,1,12,,256051,35,,,1,12,,256050,35,,,1,12,,256049,35,,,1,52,,256048,35,,,1,12,,256046,35,,,1,12,,256047,35,,,1,12,,256062,35,,,1,19,,256067,35,,,1,60,,256045,35,,,1,26,,256044,35,,,1,69,,256043,35,,,1,30,,256042,35,,,1,70,,256041,35,,,1,30,,256040,35,,,1,70,,256039,35,,,1,30,,256038,35,,,1,68,,256037,35,,,1,97,,256036,35,,,1,100,,256035,35,,,1
11401,'114-Saturday-1-26-09-0000010',640,,256068,35,,,1,100,,256069,35,,,1,95,,256070,35,,,1,20,,256071,35,,,1,63,,256072,35,,,1,22,,256073,35,,,1,60,,256074,35,,,1,20,,256075,35,,,1,20,,256076,35,,,1,60,,256077,35,,,1,20,,256078,35,,,1,20,,256079,35,,,1,60,,256080,35,,,1,20,,256081,35,,,1,20,,256082,35,,,1,60,,256083,35,,,1,20,,256084,35,,,1,22,,256085,35,,,1,61,,256086,35,,,1,20,,256087,35,,,1,20,,256088,35,,,1,60,,256089,35,,,1,20,,256090,35,,,1,20,,256091,35,,,1,59,,256092,35,,,1,18,,256093,35,,,1,20,,256094,35,,,1,60,,256095,35,,,1,22,,256096,35,,,1,18,,256097,35,,,1,60,,256098,35,,,1,20,,256099,35,,,1,20,,256100,35,,,1,61,,256109,35,,,1,20,,256110,35,,,1,23,,256101,35,,,1,70,,256102,35,,,1,30,,256103,35,,,1,70,,256104,35,,,1,30,,256105,35,,,1,70,,256106,35,,,1,100,,256107,35,,,1,100,,256108,35,,,1
11401,'114-Sunday-1-26-09-0000001',643,,256143,35,,,1,100,,256144,35,,,1,100,,256145,35,,,1,105,,256146,35,,,1,100,,256139,35,,,1,60,,256148,35,,,1,20,,256149,35,,,1,20,,256115,35,,,1,60,,256116,35,,,1,20,,256117,35,,,1,20,,256127,35,,,1,60,,256128,35,,,1,20,,256129,35,,,1,20,,256130,35,,,1,60,,256131,35,,,1,20,,256132,35,,,1,20,,256133,35,,,1,60,,256134,35,,,1,20,,256135,35,,,1,20,,256136,35,,,1,60,,256137,35,,,1,20,,256126,35,,,1,20,,256122,35,,,1,60,,256140,35,,,1,19,,256141,35,,,1,19,,256142,35,,,1,59,,256114,35,,,1,19,,256113,35,,,1,20,,256112,35,,,1,60,,256118,35,,,1,20,,256123,35,,,1,25,,256119,35,,,1,70,,256120,35,,,1,30,,256121,35,,,1,70,,256124,35,,,1,30,,256125,35,,,1,70,,256111,35,,,1,100,,256138,35,,,1,100,,256147,35,,,1
