401,'004-Weekday-1-26-06-1111100',511,,162473,40,,,1,15,,162379,40,,,1,15,,162380,40,,,1,15,,162381,40,,,1,56,,162382,40,,,1,15,,162383,40,,,1,21,,162420,40,,,1,61,,162419,40,,,1,13,,162418,40,,,1,12,,162470,40,,,1,12,,162471,40,,,1,12,,162463,40,,,1,52,,162464,40,,,1,12,,162465,40,,,1,12,,162466,40,,,1,12,,162467,40,,,1,12,,162468,40,,,1,52,,162469,40,,,1,13,,162417,40,,,1,11,,162453,40,,,1,12,,162416,40,,,1,12,,162415,40,,,1,52,,162449,40,,,1,12,,162450,40,,,1,12,,162384,40,,,1,12,,162385,40,,,1,12,,162386,40,,,1,52,,162387,40,,,1,13,,162388,40,,,1,13,,162389,40,,,1,12,,162390,40,,,1,52,,162391,40,,,1,12,,162392,40,,,1,12,,162393,40,,,1,12,,162394,40,,,1,12,,162395,40,,,1,52,,162421,40,,,1,12,,162422,40,,,1,12,,162423,40,,,1,12,,162424,40,,,1,12,,162425,40,,,1,52,,162457,40,,,1,12,,162458,40,,,1,12,,162459,40,,,1,12,,162460,40,,,1,12,,162461,40,,,1,52,,162462,40,,,1,13,,162456,40,,,1,12,,162426,40,,,1,14,,162472,40,,,1,9,,162427,40,,,1,8,,162428,40,,,1,50,,162429,40,,,1,10,,162430,40,,,1,10,,162431,40,,,1,10,,162432,40,,,1,10,,162433,40,,,1,10,,162434,40,,,1,50,,162435,40,,,1,10,,162436,40,,,1,10,,162437,40,,,1,10,,162438,40,,,1,10,,162439,40,,,1,10,,162440,40,,,1,50,,162454,40,,,1,14,,162455,40,,,1,13,,162441,40,,,1,13,,162442,40,,,1,12,,162443,40,,,1,52,,162444,40,,,1,15,,162445,40,,,1,15,,162446,40,,,1,15,,162447,40,,,1,55,,162448,40,,,1,15,,162451,40,,,1,15,,162452,40,,,1,15,,162396,40,,,1,55,,162397,40,,,1,15,,162399,40,,,1,15,,162400,40,,,1,15,,162401,40,,,1,53,,162398,40,,,1,13,,162402,40,,,1,14,,162403,40,,,1,20,,162404,40,,,1,60,,162405,40,,,1,20,,162406,40,,,1,20,,162407,40,,,1,58,,162408,40,,,1,19,,162409,40,,,1,69,,162410,40,,,1,30,,162411,40,,,1,70,,162412,40,,,1,30,,162413,40,,,1,70,,162414,40,,,1
401,'004-Weekday-2-26-06-1111100',511,,189692,40,,,1,15,,189598,40,,,1,15,,189599,40,,,1,15,,189600,40,,,1,56,,189601,40,,,1,15,,189602,40,,,1,21,,189639,40,,,1,61,,189638,40,,,1,13,,189637,40,,,1,12,,189689,40,,,1,12,,189690,40,,,1,12,,189682,40,,,1,52,,189683,40,,,1,12,,189684,40,,,1,12,,189685,40,,,1,12,,189686,40,,,1,12,,189687,40,,,1,52,,189688,40,,,1,13,,189636,40,,,1,11,,189672,40,,,1,12,,189635,40,,,1,12,,189634,40,,,1,52,,189668,40,,,1,12,,189669,40,,,1,12,,189603,40,,,1,12,,189604,40,,,1,12,,189605,40,,,1,52,,189606,40,,,1,13,,189607,40,,,1,13,,189608,40,,,1,12,,189609,40,,,1,52,,189610,40,,,1,12,,189611,40,,,1,12,,189612,40,,,1,12,,189613,40,,,1,12,,189614,40,,,1,52,,189640,40,,,1,12,,189641,40,,,1,12,,189642,40,,,1,12,,189643,40,,,1,12,,189644,40,,,1,52,,189676,40,,,1,12,,189677,40,,,1,12,,189678,40,,,1,12,,189679,40,,,1,12,,189680,40,,,1,52,,189681,40,,,1,13,,189675,40,,,1,12,,189645,40,,,1,14,,189691,40,,,1,9,,189646,40,,,1,8,,189647,40,,,1,50,,189648,40,,,1,10,,189649,40,,,1,10,,189650,40,,,1,10,,189651,40,,,1,10,,189652,40,,,1,10,,189653,40,,,1,50,,189654,40,,,1,10,,189655,40,,,1,10,,189656,40,,,1,10,,189657,40,,,1,10,,189658,40,,,1,10,,189659,40,,,1,50,,189673,40,,,1,14,,189674,40,,,1,13,,189660,40,,,1,13,,189661,40,,,1,12,,189662,40,,,1,52,,189663,40,,,1,15,,189664,40,,,1,15,,189665,40,,,1,15,,189666,40,,,1,55,,189667,40,,,1,15,,189670,40,,,1,15,,189671,40,,,1,15,,189615,40,,,1,55,,189616,40,,,1,15,,189618,40,,,1,15,,189619,40,,,1,15,,189620,40,,,1,53,,189617,40,,,1,13,,189621,40,,,1,14,,189622,40,,,1,20,,189623,40,,,1,60,,189624,40,,,1,20,,189625,40,,,1,20,,189626,40,,,1,58,,189627,40,,,1,19,,189628,40,,,1,69,,189629,40,,,1,30,,189630,40,,,1,70,,189631,40,,,1,30,,189632,40,,,1,70,,189633,40,,,1
401,'004-Saturday-1-26-06-0000010',547,,162475,40,,,1,60,,162476,40,,,1,20,,162477,40,,,1,20,,162478,40,,,1,60,,162479,40,,,1,20,,162480,40,,,1,20,,162481,40,,,1,60,,162482,40,,,1,20,,162483,40,,,1,15,,162484,40,,,1,15,,162485,40,,,1,58,,162486,40,,,1,24,,162487,40,,,1,15,,162488,40,,,1,55,,162489,40,,,1,15,,162490,40,,,1,15,,162491,40,,,1,15,,162492,40,,,1,55,,162494,40,,,1,15,,162493,40,,,1,15,,162496,40,,,1,15,,162497,40,,,1,55,,162499,40,,,1,8,,162498,2,0,44 7 42,1,7,,162500,40,,,1,8,,162495,2,0,44 7 42,1,7,,162502,40,,,1,8,,162501,2,0,44 7 42,1,7,,162504,40,,,1,48,,162503,2,0,44 7 42,1,7,,162506,40,,,1,7,,162505,2,0,44 7 42,1,8,,162508,40,,,1,9,,162507,2,0,44 7 42,1,6,,162510,40,,,1,9,,162509,2,0,44 7 42,1,6,,162512,40,,,1,49,,162511,2,0,44 7 42,1,6,,162514,40,,,1,9,,162513,2,0,44 7 42,1,6,,162516,40,,,1,9,,162515,2,0,44 7 42,1,6,,162518,40,,,1,9,,162517,2,0,44 7 42,1,6,,162520,40,,,1,49,,162519,2,0,44 7 42,1,6,,162522,40,,,1,9,,162521,2,0,44 7 42,1,6,,162525,40,,,1,9,,162523,1,0,44 7 42,1,6,,162527,40,,,1,9,,162526,2,0,44 7 42,1,6,,162528,40,,,1,49,,162524,2,0,44 7 42,1,6,,162531,40,,,1,9,,162529,2,0,44 7 42,1,6,,162533,40,,,1,9,,162532,2,0,44 7 42,1,6,,162534,40,,,1,9,,162530,2,0,44 7 42,1,6,,162536,40,,,1,49,,162535,2,0,44 7 42,1,6,,162538,40,,,1,9,,162537,2,0,44 7 42,1,6,,162540,40,,,1,9,,162539,2,0,44 7 42,1,6,,162542,40,,,1,9,,162541,2,0,44 7 42,1,7,,162544,40,,,1,48,,162543,2,0,44 7 42,1,7,,162546,40,,,1,8,,162545,2,0,44 7 42,1,7,,162474,40,,,1,8,,162547,2,0,44 7 42,1,7,,162548,40,,,1,8,,162583,2,0,44 7 42,1,8,,162550,40,,,1,47,,162549,2,0,44 7 42,1,8,,162552,40,,,1,7,,162551,2,0,44 7 42,1,8,,162554,40,,,1,7,,162553,2,0,44 7 42,1,8,,162556,40,,,1,7,,162555,2,0,44 7 42,1,8,,162558,40,,,1,47,,162557,2,0,44 7 42,1,8,,162560,40,,,1,7,,162559,2,0,44 7 42,1,8,,162562,40,,,1,7,,162561,2,0,44 7 42,1,9,,162563,40,,,1,15,,162564,40,,,1,55,,162565,40,,,1,15,,162566,40,,,1,15,,162567,40,,,1,15,,162568,40,,,1,55,,162569,40,,,1,15,,162570,40,,,1,15,,162571,40,,,1,58,,162572,40,,,1,20,,162573,40,,,1,20,,162574,40,,,1,60,,162575,40,,,1,16,,162576,40,,,1,18,,162577,40,,,1,20,,162578,40,,,1,70,,162579,40,,,1,30,,162584,40,,,1,70,,162580,40,,,1,30,,162581,40,,,1,70,,162582,40,,,1
401,'004-Saturday-2-26-06-0000010',547,,205060,40,,,1,60,,205061,40,,,1,20,,205062,40,,,1,20,,205063,40,,,1,60,,205064,40,,,1,20,,205065,40,,,1,20,,205066,40,,,1,60,,205067,40,,,1,20,,205068,40,,,1,15,,205069,40,,,1,15,,205070,40,,,1,58,,205071,40,,,1,24,,205072,40,,,1,15,,205073,40,,,1,55,,205074,40,,,1,15,,205075,40,,,1,15,,205076,40,,,1,15,,205077,40,,,1,55,,205079,40,,,1,15,,205078,40,,,1,15,,205081,40,,,1,15,,205082,40,,,1,55,,205084,40,,,1,8,,205083,2,0,44 7 42,1,7,,205085,40,,,1,8,,205080,2,0,44 7 42,1,7,,205087,40,,,1,8,,205086,2,0,44 7 42,1,7,,205089,40,,,1,48,,205088,2,0,44 7 42,1,7,,205091,40,,,1,7,,205090,2,0,44 7 42,1,8,,205093,40,,,1,9,,205092,2,0,44 7 42,1,6,,205095,40,,,1,9,,205094,2,0,44 7 42,1,6,,205097,40,,,1,49,,205096,2,0,44 7 42,1,6,,205099,40,,,1,9,,205098,2,0,44 7 42,1,6,,205101,40,,,1,9,,205100,2,0,44 7 42,1,6,,205103,40,,,1,9,,205102,2,0,44 7 42,1,6,,205105,40,,,1,49,,205104,2,0,44 7 42,1,6,,205107,40,,,1,9,,205106,2,0,44 7 42,1,6,,205110,40,,,1,9,,205108,1,0,44 7 42,1,6,,205112,40,,,1,9,,205111,2,0,44 7 42,1,6,,205113,40,,,1,49,,205109,2,0,44 7 42,1,6,,205116,40,,,1,9,,205114,2,0,44 7 42,1,6,,205118,40,,,1,9,,205117,2,0,44 7 42,1,6,,205119,40,,,1,9,,205115,2,0,44 7 42,1,6,,205121,40,,,1,49,,205120,2,0,44 7 42,1,6,,205123,40,,,1,9,,205122,2,0,44 7 42,1,6,,205125,40,,,1,9,,205124,2,0,44 7 42,1,6,,205127,40,,,1,9,,205126,2,0,44 7 42,1,7,,205129,40,,,1,48,,205128,2,0,44 7 42,1,7,,205131,40,,,1,8,,205130,2,0,44 7 42,1,7,,205059,40,,,1,8,,205132,2,0,44 7 42,1,7,,205133,40,,,1,8,,205168,2,0,44 7 42,1,8,,205135,40,,,1,47,,205134,2,0,44 7 42,1,8,,205137,40,,,1,7,,205136,2,0,44 7 42,1,8,,205139,40,,,1,7,,205138,2,0,44 7 42,1,8,,205141,40,,,1,7,,205140,2,0,44 7 42,1,8,,205143,40,,,1,47,,205142,2,0,44 7 42,1,8,,205145,40,,,1,7,,205144,2,0,44 7 42,1,8,,205147,40,,,1,7,,205146,2,0,44 7 42,1,9,,205148,40,,,1,15,,205149,40,,,1,55,,205150,40,,,1,15,,205151,40,,,1,15,,205152,40,,,1,15,,205153,40,,,1,55,,205154,40,,,1,15,,205155,40,,,1,15,,205156,40,,,1,58,,205157,40,,,1,20,,205158,40,,,1,20,,205159,40,,,1,60,,205160,40,,,1,16,,205161,40,,,1,18,,205162,40,,,1,20,,205163,40,,,1,70,,205164,40,,,1,30,,205169,40,,,1,70,,205165,40,,,1,30,,205166,40,,,1,70,,205167,40,,,1
401,'004-Sunday-2-26-06-0000001',557,,189693,40,,,1,60,,189694,40,,,1,20,,189695,40,,,1,20,,189696,40,,,1,60,,189697,40,,,1,20,,189698,40,,,1,20,,189699,40,,,1,60,,189700,40,,,1,20,,189701,40,,,1,20,,189702,40,,,1,65,,189703,40,,,1,21,,189704,40,,,1,60,,189705,40,,,1,15,,189706,40,,,1,15,,189766,40,,,1,15,,189707,40,,,1,55,,189708,40,,,1,15,,189709,40,,,1,15,,189710,40,,,1,15,,189711,40,,,1,55,,189712,40,,,1,15,,189713,40,,,1,15,,189714,40,,,1,15,,189715,40,,,1,55,,189716,40,,,1,15,,189717,40,,,1,15,,189718,40,,,1,15,,189719,40,,,1,55,,189720,40,,,1,15,,189721,40,,,1,15,,189722,40,,,1,15,,189723,40,,,1,55,,189724,40,,,1,15,,189725,40,,,1,15,,189726,40,,,1,15,,189727,40,,,1,55,,189728,40,,,1,15,,189729,40,,,1,15,,189730,40,,,1,15,,189731,40,,,1,11,,189732,40,,,1,55,,189733,40,,,1,14,,189734,40,,,1,15,,189735,40,,,1,15,,189736,40,,,1,55,,189737,40,,,1,15,,189738,40,,,1,15,,189739,40,,,1,15,,189740,40,,,1,55,,189741,40,,,1,15,,189742,40,,,1,15,,189743,40,,,1,15,,189744,40,,,1,55,,189745,40,,,1,15,,189746,40,,,1,15,,189747,40,,,1,15,,189748,40,,,1,55,,189749,40,,,1,15,,189750,40,,,1,15,,189751,40,,,1,15,,189752,40,,,1,55,,189753,40,,,1,15,,189765,40,,,1,16,,189755,40,,,1,60,,189756,40,,,1,23,,189757,40,,,1,20,,189754,40,,,1,59,,189758,40,,,1,16,,189759,40,,,1,24,,189760,40,,,1,71,,189761,40,,,1,29,,189762,40,,,1,70,,189763,40,,,1,30,,189764,40,,,1,70,,189767,40,,,1
401,'004-Sunday-3-26-06-0000001',557,,205170,40,,,1,60,,205171,40,,,1,20,,205172,40,,,1,20,,205173,40,,,1,60,,205174,40,,,1,20,,205175,40,,,1,20,,205176,40,,,1,60,,205177,40,,,1,20,,205178,40,,,1,20,,205179,40,,,1,65,,205180,40,,,1,21,,205181,40,,,1,60,,205182,40,,,1,15,,205183,40,,,1,15,,205243,40,,,1,15,,205184,40,,,1,55,,205185,40,,,1,15,,205186,40,,,1,15,,205187,40,,,1,15,,205188,40,,,1,55,,205189,40,,,1,15,,205190,40,,,1,15,,205191,40,,,1,15,,205192,40,,,1,55,,205193,40,,,1,15,,205194,40,,,1,15,,205195,40,,,1,15,,205196,40,,,1,55,,205197,40,,,1,15,,205198,40,,,1,15,,205199,40,,,1,15,,205200,40,,,1,55,,205201,40,,,1,15,,205202,40,,,1,15,,205203,40,,,1,15,,205204,40,,,1,55,,205205,40,,,1,15,,205206,40,,,1,15,,205207,40,,,1,15,,205208,40,,,1,11,,205209,40,,,1,55,,205210,40,,,1,14,,205211,40,,,1,15,,205212,40,,,1,15,,205213,40,,,1,55,,205214,40,,,1,15,,205215,40,,,1,15,,205216,40,,,1,15,,205217,40,,,1,55,,205218,40,,,1,15,,205219,40,,,1,15,,205220,40,,,1,15,,205221,40,,,1,55,,205222,40,,,1,15,,205223,40,,,1,15,,205224,40,,,1,15,,205225,40,,,1,55,,205226,40,,,1,15,,205227,40,,,1,15,,205228,40,,,1,15,,205229,40,,,1,55,,205230,40,,,1,15,,205242,40,,,1,16,,205232,40,,,1,60,,205233,40,,,1,23,,205234,40,,,1,20,,205231,40,,,1,59,,205235,40,,,1,16,,205236,40,,,1,24,,205237,40,,,1,71,,205238,40,,,1,29,,205239,40,,,1,70,,205240,40,,,1,30,,205241,40,,,1,70,,205244,40,,,1
401,'004-Sunday-6-26-06-0000001',557,,205245,40,,,1,60,,205246,40,,,1,20,,205247,40,,,1,20,,205248,40,,,1,60,,205249,40,,,1,20,,205250,40,,,1,20,,205251,40,,,1,60,,205252,40,,,1,20,,205253,40,,,1,20,,205254,40,,,1,65,,205255,40,,,1,21,,205256,40,,,1,60,,205257,40,,,1,15,,205258,40,,,1,15,,205318,40,,,1,15,,205259,40,,,1,55,,205260,40,,,1,15,,205261,40,,,1,15,,205262,40,,,1,15,,205263,40,,,1,55,,205264,40,,,1,15,,205265,40,,,1,15,,205266,40,,,1,15,,205267,40,,,1,55,,205268,40,,,1,15,,205269,40,,,1,15,,205270,40,,,1,15,,205271,40,,,1,55,,205272,40,,,1,15,,205273,40,,,1,15,,205274,40,,,1,15,,205275,40,,,1,55,,205276,40,,,1,15,,205277,40,,,1,15,,205278,40,,,1,15,,205279,40,,,1,55,,205280,40,,,1,15,,205281,40,,,1,15,,205282,40,,,1,15,,205283,40,,,1,11,,205284,40,,,1,55,,205285,40,,,1,14,,205286,40,,,1,15,,205287,40,,,1,15,,205288,40,,,1,55,,205289,40,,,1,15,,205290,40,,,1,15,,205291,40,,,1,15,,205292,40,,,1,55,,205293,40,,,1,15,,205294,40,,,1,15,,205295,40,,,1,15,,205296,40,,,1,55,,205297,40,,,1,15,,205298,40,,,1,15,,205299,40,,,1,15,,205300,40,,,1,55,,205301,40,,,1,15,,205302,40,,,1,15,,205303,40,,,1,15,,205304,40,,,1,55,,205305,40,,,1,15,,205317,40,,,1,16,,205307,40,,,1,60,,205308,40,,,1,23,,205309,40,,,1,20,,205306,40,,,1,59,,205310,40,,,1,16,,205311,40,,,1,24,,205312,40,,,1,71,,205313,40,,,1,29,,205314,40,,,1,70,,205315,40,,,1,30,,205316,40,,,1,70,,205319,40,,,1
401,'004-Sunday-7-26-06-0000001',557,,205320,40,,,1,60,,205321,40,,,1,20,,205322,40,,,1,20,,205323,40,,,1,60,,205324,40,,,1,20,,205325,40,,,1,20,,205326,40,,,1,60,,205327,40,,,1,20,,205328,40,,,1,20,,205329,40,,,1,65,,205330,40,,,1,21,,205331,40,,,1,60,,205332,40,,,1,15,,205333,40,,,1,15,,205393,40,,,1,15,,205334,40,,,1,55,,205335,40,,,1,15,,205336,40,,,1,15,,205337,40,,,1,15,,205338,40,,,1,55,,205339,40,,,1,15,,205340,40,,,1,15,,205341,40,,,1,15,,205342,40,,,1,55,,205343,40,,,1,15,,205344,40,,,1,15,,205345,40,,,1,15,,205346,40,,,1,55,,205347,40,,,1,15,,205348,40,,,1,15,,205349,40,,,1,15,,205350,40,,,1,55,,205351,40,,,1,15,,205352,40,,,1,15,,205353,40,,,1,15,,205354,40,,,1,55,,205355,40,,,1,15,,205356,40,,,1,15,,205357,40,,,1,15,,205358,40,,,1,11,,205359,40,,,1,55,,205360,40,,,1,14,,205361,40,,,1,15,,205362,40,,,1,15,,205363,40,,,1,55,,205364,40,,,1,15,,205365,40,,,1,15,,205366,40,,,1,15,,205367,40,,,1,55,,205368,40,,,1,15,,205369,40,,,1,15,,205370,40,,,1,15,,205371,40,,,1,55,,205372,40,,,1,15,,205373,40,,,1,15,,205374,40,,,1,15,,205375,40,,,1,55,,205376,40,,,1,15,,205377,40,,,1,15,,205378,40,,,1,15,,205379,40,,,1,55,,205380,40,,,1,15,,205392,40,,,1,16,,205382,40,,,1,60,,205383,40,,,1,23,,205384,40,,,1,20,,205381,40,,,1,59,,205385,40,,,1,16,,205386,40,,,1,24,,205387,40,,,1,71,,205388,40,,,1,29,,205389,40,,,1,70,,205390,40,,,1,30,,205391,40,,,1,70,,205394,40,,,1
3100,'031-Weekday-1-26-06-1111100',621,,166600,13,4,,1,38,,166601,13,4,,1,70,,166602,13,4,,1,20,,166603,13,4,,1,60,,166604,13,4,,1,20,,166592,13,4,,1,20,,166591,13,4,,1,59,,166593,13,4,,1,13,,166594,13,4,,1,24,,166605,13,4,,1,70,,166595,13,4,,1,30,,166596,13,4,,1,70,,166590,13,4,,1,30,,166597,13,4,,1,70,,166598,13,4,,1,30,,166588,13,4,,1,70,,166599,13,4,,1,30,,166580,13,4,,1,70,,166587,13,4,,1,30,,166581,13,4,,1,70,,166582,13,4,,1,31,,166583,13,4,,1,70,,166586,13,4,,1,30,,166589,13,4,,1,70,,166584,13,4,,1,30,,166585,13,4,,1,74,,166607,13,4,,1,27,,166608,13,4,,1,70,,166609,13,4,,1,30,,166610,13,4,,1,70,,166611,13,4,,1,30,,166612,13,4,,1,70,,166613,13,4,,1,30,,166606,13,4,,1
3100,'031-Weekday-2-26-06-1111100',621,,191363,13,4,,1,38,,191364,13,4,,1,70,,191365,13,4,,1,20,,191366,13,4,,1,60,,191367,13,4,,1,20,,191355,13,4,,1,20,,191354,13,4,,1,59,,191356,13,4,,1,13,,191357,13,4,,1,24,,191368,13,4,,1,70,,191358,13,4,,1,30,,191359,13,4,,1,70,,191353,13,4,,1,30,,191360,13,4,,1,70,,191361,13,4,,1,30,,191351,13,4,,1,70,,191362,13,4,,1,30,,191343,13,4,,1,70,,191350,13,4,,1,30,,191344,13,4,,1,70,,191345,13,4,,1,31,,191346,13,4,,1,70,,191349,13,4,,1,30,,191352,13,4,,1,70,,191347,13,4,,1,30,,191348,13,4,,1,74,,191370,13,4,,1,27,,191371,13,4,,1,70,,191372,13,4,,1,30,,191373,13,4,,1,70,,191374,13,4,,1,30,,191375,13,4,,1,70,,191376,13,4,,1,30,,191369,13,4,,1
3101,'031-Weekday-1-26-06-1111100',554,,166649,1,,,1,70,,166622,1,,,1,30,,166623,1,,,1,68,,166624,1,,,1,30,,166625,1,,,1,70,,166626,1,,,1,30,,166627,1,,,1,70,,166628,1,,,1,30,,166629,1,,,1,70,,166630,1,,,1,30,,166631,1,,,1,70,,166632,1,,,1,30,,166633,1,,,1,70,,166634,1,,,1,30,,166635,1,,,1,70,,166636,1,,,1,30,,166637,1,,,1,57,,166638,2,,,1,20,,166639,1,,,1,20,,166640,1,,,1,60,,166641,2,,,1,20,,166642,1,,,1,20,,166643,1,,,1,60,,166644,2,,,1,20,,166645,1,,,1,20,,166646,1,,,1,60,,166647,2,,,1,20,,166648,1,,,1,22,,166619,1,,,1,70,,166620,1,,,1,30,,166616,1,,,1,70,,166617,1,,,1,30,,166618,1,,,1,70,,166615,1,,,1,30,,166614,1,,,1,70,,166621,1,,,1
3101,'031-Weekday-2-26-06-1111100',554,,191412,1,,,1,70,,191385,1,,,1,30,,191386,1,,,1,68,,191387,1,,,1,30,,191388,1,,,1,70,,191389,1,,,1,30,,191390,1,,,1,70,,191391,1,,,1,30,,191392,1,,,1,70,,191393,1,,,1,30,,191394,1,,,1,70,,191395,1,,,1,30,,191396,1,,,1,70,,191397,1,,,1,30,,191398,1,,,1,70,,191399,1,,,1,30,,191400,1,,,1,57,,191401,2,,,1,20,,191402,1,,,1,20,,191403,1,,,1,60,,191404,2,,,1,20,,191405,1,,,1,20,,191406,1,,,1,60,,191407,2,,,1,20,,191408,1,,,1,20,,191409,1,,,1,60,,191410,2,,,1,20,,191411,1,,,1,22,,191382,1,,,1,70,,191383,1,,,1,30,,191379,1,,,1,70,,191380,1,,,1,30,,191381,1,,,1,70,,191378,1,,,1,30,,191377,1,,,1,70,,191384,1,,,1
72300,'723-Weekday-1-26-06-1111100',646,,182220,17,4,,1,70,,182221,17,4,,1,30,,182222,17,4,,1,70,,182223,17,4,,1,30,,182224,17,4,,1,70,,182225,17,4,,1,31,,182226,17,4,,1,499,,182227,17,4,,1,70,,182228,17,4,,1,32,,182229,17,4,,1,70,,182230,17,4,,1,30,,182231,17,4,,1,70,,182232,17,4,,1,30,,182233,17,4,,1,70,,182234,17,4,,1
72300,'723-Weekday-2-26-06-1111100',646,,199737,17,4,,1,70,,199738,17,4,,1,30,,199739,17,4,,1,70,,199740,17,4,,1,30,,199741,17,4,,1,70,,199742,17,4,,1,31,,199743,17,4,,1,499,,199744,17,4,,1,70,,199745,17,4,,1,32,,199746,17,4,,1,70,,199747,17,4,,1,30,,199748,17,4,,1,70,,199749,17,4,,1,30,,199750,17,4,,1,70,,199751,17,4,,1
72301,'723-Weekday-1-26-06-1111100',620,,182235,1,,,1,30,,182236,1,,,1,70,,182237,1,,,1,30,,182238,1,,,1,70,,182239,1,,,1,30,,182240,1,,,1,70,,182241,1,,,1,499,,182242,2,,,1,30,,182243,2,,,1,70,,182244,1,,,1,30,,182245,2,,,1,70,,182246,1,,,1,30,,182247,2,,,1,70,,182248,1,,,1,30,,182249,2,,,1
72301,'723-Weekday-2-26-06-1111100',620,,199752,1,,,1,30,,199753,1,,,1,70,,199754,1,,,1,30,,199755,1,,,1,70,,199756,1,,,1,30,,199757,1,,,1,70,,199758,1,,,1,499,,199759,2,,,1,30,,199760,2,,,1,70,,199761,1,,,1,30,,199762,2,,,1,70,,199763,1,,,1,30,,199764,2,,,1,70,,199765,1,,,1,30,,199766,2,,,1
24092000,'920X-Weekday-1-26-06-1111100',627,,187971,8,4,,1,77,,187972,8,4,,1,30,,187973,8,4,,1,70,,187974,8,4,,1,30,,187975,8,4,,1,70,,187976,8,4,,1,30,,187977,8,4,,1,70,,187978,8,4,,1
24092000,'920X-Weekday-2-26-06-1111100',627,,203568,8,4,,1,77,,203569,8,4,,1,30,,203570,8,4,,1,70,,203571,8,4,,1,30,,203572,8,4,,1,70,,203573,8,4,,1,30,,203574,8,4,,1,70,,203575,8,4,,1
24092001,'920X-Weekday-1-26-06-1111100',1330,,187980,2,,,1,70,,187981,1,,,1,30,,187982,2,,,1,70,,187983,1,,,1,30,,187984,2,,,1,70,,187979,1,,,1,30,,187985,2,,,1,70,,187986,1,,,1,30,,187987,2,,,1
24092001,'920X-Weekday-2-26-06-1111100',1330,,203577,2,,,1,70,,203578,1,,,1,30,,203579,2,,,1,70,,203580,1,,,1,30,,203581,2,,,1,70,,203576,1,,,1,30,,203582,2,,,1,70,,203583,1,,,1,30,,203584,2,,,1
