50700,'507-Weekday-1-26-06-1111100',543,,174572,51,,,1,70,,174573,51,,,1,34,,174574,51,,,1,77,,174575,51,,,1,30,,174576,51,,,1,70,,174577,51,,,1,26,,174612,51,,,1,65,,174611,51,,,1,24,,174578,51,,,1,70,,174579,51,,,1,30,,174580,51,,,1,70,,174581,51,,,1,30,,174582,51,,,1,70,,174583,51,,,1,30,,174584,51,,,1,70,,174585,51,,,1,30,,174586,51,,,1,70,,174587,51,,,1,30,,174588,51,,,1,71,,174589,51,,,1,35,,174590,51,,,1,70,,174591,51,,,1,15,,174592,51,,,1,15,,174593,51,,,1,55,,174594,51,,,1,15,,174595,51,,,1,15,,174596,51,,,1,15,,174597,51,,,1,55,,174598,51,,,1,15,,174599,51,,,1,15,,174600,51,,,1,14,,174601,51,,,1,65,,174602,51,,,1,31,,174603,51,,,1,70,,174604,51,,,1,30,,174605,51,,,1,70,,174606,51,,,1,30,,174607,51,,,1,68,,174608,51,,,1,27,,174613,51,,,1,90,,174609,51,,,1,100,,174610,51,,,1
50700,'507-Weekday-2-26-06-1111100',543,,195309,51,,,1,70,,195310,51,,,1,34,,195311,51,,,1,77,,195312,51,,,1,30,,195313,51,,,1,70,,195314,51,,,1,26,,195349,51,,,1,65,,195348,51,,,1,24,,195315,51,,,1,70,,195316,51,,,1,30,,195317,51,,,1,70,,195318,51,,,1,30,,195319,51,,,1,70,,195320,51,,,1,30,,195321,51,,,1,70,,195322,51,,,1,30,,195323,51,,,1,70,,195324,51,,,1,30,,195325,51,,,1,71,,195326,51,,,1,35,,195327,51,,,1,70,,195328,51,,,1,15,,195329,51,,,1,15,,195330,51,,,1,55,,195331,51,,,1,15,,195332,51,,,1,15,,195333,51,,,1,15,,195334,51,,,1,55,,195335,51,,,1,15,,195336,51,,,1,15,,195337,51,,,1,14,,195338,51,,,1,65,,195339,51,,,1,31,,195340,51,,,1,70,,195341,51,,,1,30,,195342,51,,,1,70,,195343,51,,,1,30,,195344,51,,,1,68,,195345,51,,,1,27,,195350,51,,,1,90,,195346,51,,,1,100,,195347,51,,,1
50700,'507-Saturday-1-26-06-0000010',620,,174614,51,,,1,100,,174615,51,,,1,100,,174616,51,,,1,30,,174617,51,,,1,72,,174618,51,,,1,32,,174619,51,,,1,70,,174620,51,,,1,30,,174621,51,,,1,70,,174622,51,,,1,30,,174623,51,,,1,70,,174624,51,,,1,30,,174625,51,,,1,70,,174626,51,,,1,30,,174627,51,,,1,70,,174628,51,,,1,30,,174629,51,,,1,70,,174630,51,,,1,30,,174631,51,,,1,70,,174632,51,,,1,30,,174633,51,,,1,68,,174634,51,,,1,29,,174635,51,,,1,70,,174636,51,,,1,30,,174637,51,,,1,100,,174638,51,,,1,100,,174639,51,,,1,100,,174640,51,,,1,100,,174641,51,,,1,100,,174642,51,,,1
50700,'507-Saturday-2-26-06-0000010',620,,214752,51,,,1,100,,214753,51,,,1,100,,214754,51,,,1,30,,214755,51,,,1,72,,214756,51,,,1,32,,214757,51,,,1,70,,214758,51,,,1,30,,214759,51,,,1,70,,214760,51,,,1,30,,214761,51,,,1,70,,214762,51,,,1,30,,214763,51,,,1,70,,214764,51,,,1,30,,214765,51,,,1,70,,214766,51,,,1,30,,214767,51,,,1,70,,214768,51,,,1,30,,214769,51,,,1,70,,214770,51,,,1,30,,214771,51,,,1,68,,214772,51,,,1,29,,214773,51,,,1,70,,214774,51,,,1,30,,214775,51,,,1,100,,214776,51,,,1,100,,214777,51,,,1,100,,214778,51,,,1,100,,214779,51,,,1,100,,214780,51,,,1
50700,'507-Sunday-2-26-06-0000001',648,,195351,51,,,1,100,,195352,51,,,1,100,,195353,51,,,1,105,,195354,51,,,1,100,,195355,51,,,1,70,,195356,51,,,1,30,,195357,51,,,1,70,,195358,51,,,1,30,,195359,51,,,1,70,,195360,51,,,1,30,,195361,51,,,1,70,,195362,51,,,1,30,,195363,51,,,1,70,,195364,51,,,1,30,,195365,51,,,1,70,,195366,51,,,1,30,,195367,51,,,1,68,,195368,51,,,1,29,,195369,51,,,1,70,,195370,51,,,1,30,,195371,51,,,1,91,,195372,51,,,1,100,,195373,51,,,1,100,,195374,51,,,1,100,,195375,51,,,1,100,,195376,51,,,1
50700,'507-Sunday-3-26-06-0000001',648,,214781,51,,,1,100,,214782,51,,,1,100,,214783,51,,,1,105,,214784,51,,,1,100,,214785,51,,,1,70,,214786,51,,,1,30,,214787,51,,,1,70,,214788,51,,,1,30,,214789,51,,,1,70,,214790,51,,,1,30,,214791,51,,,1,70,,214792,51,,,1,30,,214793,51,,,1,70,,214794,51,,,1,30,,214795,51,,,1,70,,214796,51,,,1,30,,214797,51,,,1,68,,214798,51,,,1,29,,214799,51,,,1,70,,214800,51,,,1,30,,214801,51,,,1,91,,214802,51,,,1,100,,214803,51,,,1,100,,214804,51,,,1,100,,214805,51,,,1,100,,214806,51,,,1
50700,'507-Sunday-6-26-06-0000001',648,,214807,51,,,1,100,,214808,51,,,1,100,,214809,51,,,1,105,,214810,51,,,1,100,,214811,51,,,1,70,,214812,51,,,1,30,,214813,51,,,1,70,,214814,51,,,1,30,,214815,51,,,1,70,,214816,51,,,1,30,,214817,51,,,1,70,,214818,51,,,1,30,,214819,51,,,1,70,,214820,51,,,1,30,,214821,51,,,1,70,,214822,51,,,1,30,,214823,51,,,1,68,,214824,51,,,1,29,,214825,51,,,1,70,,214826,51,,,1,30,,214827,51,,,1,91,,214828,51,,,1,100,,214829,51,,,1,100,,214830,51,,,1,100,,214831,51,,,1,100,,214832,51,,,1
50700,'507-Sunday-7-26-06-0000001',648,,214833,51,,,1,100,,214834,51,,,1,100,,214835,51,,,1,105,,214836,51,,,1,100,,214837,51,,,1,70,,214838,51,,,1,30,,214839,51,,,1,70,,214840,51,,,1,30,,214841,51,,,1,70,,214842,51,,,1,30,,214843,51,,,1,70,,214844,51,,,1,30,,214845,51,,,1,70,,214846,51,,,1,30,,214847,51,,,1,70,,214848,51,,,1,30,,214849,51,,,1,68,,214850,51,,,1,29,,214851,51,,,1,70,,214852,51,,,1,30,,214853,51,,,1,91,,214854,51,,,1,100,,214855,51,,,1,100,,214856,51,,,1,100,,214857,51,,,1,100,,214858,51,,,1
50801,'508-Weekday-1-26-06-1111100',532,,174849,2,,,1,70,,174850,2,,,1,31,,174851,2,,,1,70,,174852,2,,,1,20,,174853,2,,,1,20,,174871,2,,,1,60,,174854,2,,,1,20,,174856,2,,,1,25,,174872,2,,,1,69,,174870,2,,,1,30,,174873,2,,,1,70,,174874,2,,,1,30,,174875,2,,,1,70,,174876,2,,,1,30,,174877,2,,,1,70,,174878,2,,,1,30,,174879,2,,,1,70,,174880,2,,,1,30,,174881,2,,,1,70,,174882,2,,,1,30,,174883,2,,,1,60,,174858,2,,,1,20,,174859,2,,,1,20,,174884,2,,,1,60,,174861,2,,,1,20,,174862,2,,,1,20,,174863,2,,,1,60,,174865,2,,,1,25,,174886,2,,,1,70,,174867,2,,,1,30,,174868,2,,,1,70,,174869,2,,,1,30,,174866,2,,,1,70,,174864,2,,,1,30,,174860,2,,,1,70,,174857,2,,,1,30,,174855,2,,,1,70,,174885,2,,,1
50801,'508-Weekday-2-26-06-1111100',532,,195502,2,,,1,70,,195503,2,,,1,31,,195504,2,,,1,70,,195505,2,,,1,20,,195506,2,,,1,20,,195524,2,,,1,60,,195507,2,,,1,20,,195509,2,,,1,25,,195525,2,,,1,69,,195523,2,,,1,30,,195526,2,,,1,70,,195527,2,,,1,30,,195528,2,,,1,70,,195529,2,,,1,30,,195530,2,,,1,70,,195531,2,,,1,30,,195532,2,,,1,70,,195533,2,,,1,30,,195534,2,,,1,70,,195535,2,,,1,30,,195536,2,,,1,60,,195511,2,,,1,20,,195512,2,,,1,20,,195537,2,,,1,60,,195514,2,,,1,20,,195515,2,,,1,20,,195516,2,,,1,60,,195518,2,,,1,25,,195539,2,,,1,70,,195520,2,,,1,30,,195521,2,,,1,70,,195522,2,,,1,30,,195519,2,,,1,70,,195517,2,,,1,30,,195513,2,,,1,70,,195510,2,,,1,30,,195508,2,,,1,70,,195538,2,,,1
50801,'508-Saturday-1-26-06-0000010',605,,174887,2,,,1,100,,174888,2,,,1,100,,174889,2,,,1,30,,174890,2,,,1,70,,174891,2,,,1,30,,174892,2,,,1,70,,174893,2,,,1,30,,174894,2,,,1,70,,174895,2,,,1,30,,174896,2,,,1,70,,174897,2,,,1,30,,174898,2,,,1,70,,174899,2,,,1,30,,174900,2,,,1,70,,174901,2,,,1,30,,174902,2,,,1,70,,174903,2,,,1,30,,174904,2,,,1,70,,174905,2,,,1,30,,174906,2,,,1,70,,174907,2,,,1,30,,174908,2,,,1,70,,174909,2,,,1,30,,174910,2,,,1,70,,174911,2,,,1
50801,'508-Saturday-2-26-06-0000010',605,,215049,2,,,1,100,,215050,2,,,1,100,,215051,2,,,1,30,,215052,2,,,1,70,,215053,2,,,1,30,,215054,2,,,1,70,,215055,2,,,1,30,,215056,2,,,1,70,,215057,2,,,1,30,,215058,2,,,1,70,,215059,2,,,1,30,,215060,2,,,1,70,,215061,2,,,1,30,,215062,2,,,1,70,,215063,2,,,1,30,,215064,2,,,1,70,,215065,2,,,1,30,,215066,2,,,1,70,,215067,2,,,1,30,,215068,2,,,1,70,,215069,2,,,1,30,,215070,2,,,1,70,,215071,2,,,1,30,,215072,2,,,1,70,,215073,2,,,1
50801,'508-Sunday-2-26-06-0000001',1007,,195540,2,,,1,30,,195541,2,,,1,70,,195542,2,,,1,30,,195543,2,,,1,70,,195544,2,,,1,30,,195545,2,,,1,70,,195546,2,,,1,30,,195547,2,,,1,70,,195548,2,,,1,30,,195549,2,,,1,70,,195550,2,,,1,30,,195551,2,,,1,70,,195552,2,,,1,30,,195553,2,,,1,70,,195554,2,,,1,30,,195555,2,,,1,70,,195556,2,,,1,30,,195557,2,,,1
50801,'508-Sunday-3-26-06-0000001',1007,,215074,2,,,1,30,,215075,2,,,1,70,,215076,2,,,1,30,,215077,2,,,1,70,,215078,2,,,1,30,,215079,2,,,1,70,,215080,2,,,1,30,,215081,2,,,1,70,,215082,2,,,1,30,,215083,2,,,1,70,,215084,2,,,1,30,,215085,2,,,1,70,,215086,2,,,1,30,,215087,2,,,1,70,,215088,2,,,1,30,,215089,2,,,1,70,,215090,2,,,1,30,,215091,2,,,1
50801,'508-Sunday-6-26-06-0000001',1007,,215092,2,,,1,30,,215093,2,,,1,70,,215094,2,,,1,30,,215095,2,,,1,70,,215096,2,,,1,30,,215097,2,,,1,70,,215098,2,,,1,30,,215099,2,,,1,70,,215100,2,,,1,30,,215101,2,,,1,70,,215102,2,,,1,30,,215103,2,,,1,70,,215104,2,,,1,30,,215105,2,,,1,70,,215106,2,,,1,30,,215107,2,,,1,70,,215108,2,,,1,30,,215109,2,,,1
50801,'508-Sunday-7-26-06-0000001',1007,,215110,2,,,1,30,,215111,2,,,1,70,,215112,2,,,1,30,,215113,2,,,1,70,,215114,2,,,1,30,,215115,2,,,1,70,,215116,2,,,1,30,,215117,2,,,1,70,,215118,2,,,1,30,,215119,2,,,1,70,,215120,2,,,1,30,,215121,2,,,1,70,,215122,2,,,1,30,,215123,2,,,1,70,,215124,2,,,1,30,,215125,2,,,1,70,,215126,2,,,1,30,,215127,2,,,1
