50101,'501-Weekday-1-26-06-1111100',622,,174069,37,,,1,34,,174070,37,,,1,76,,174071,37,,,1,20,,174072,37,,,1,60,,174097,37,,,1,20,,174073,37,,,1,20,,174074,37,,,1,59,,174075,37,,,1,16,,174077,37,,,1,74,,174078,37,,,1,35,,174079,37,,,1,75,,174080,37,,,1,34,,174081,37,,,1,74,,174082,37,,,1,34,,174099,37,,,1,74,,174083,37,,,1,74,,174084,37,,,1,34,,174085,37,,,1,75,,174086,37,,,1,23,,174098,37,,,1,22,,174076,37,,,1,62,,174101,37,,,1,22,,174102,37,,,1,61,,174103,37,,,1,20,,174104,37,,,1,20,,174105,37,,,1,60,,174106,37,,,1,20,,174107,37,,,1,19,,174087,37,,,1,20,,174088,37,,,1,66,,174089,37,,,1,31,,174090,37,,,1,71,,174091,37,,,1,31,,174092,37,,,1,71,,174093,37,,,1,71,,174094,37,,,1,28,,174100,37,,,1,100,,174096,37,,,1,100,,174095,37,,,1
50101,'501-Weekday-2-26-06-1111100',622,,194980,37,,,1,34,,194981,37,,,1,76,,194982,37,,,1,20,,194983,37,,,1,60,,195008,37,,,1,20,,194984,37,,,1,20,,194985,37,,,1,59,,194986,37,,,1,16,,194988,37,,,1,74,,194989,37,,,1,35,,194990,37,,,1,75,,194991,37,,,1,34,,194992,37,,,1,74,,194993,37,,,1,34,,195010,37,,,1,74,,194994,37,,,1,74,,194995,37,,,1,34,,194996,37,,,1,75,,194997,37,,,1,23,,195009,37,,,1,22,,194987,37,,,1,62,,195012,37,,,1,22,,195013,37,,,1,61,,195014,37,,,1,20,,195015,37,,,1,20,,195016,37,,,1,60,,195017,37,,,1,20,,195018,37,,,1,19,,194998,37,,,1,20,,194999,37,,,1,66,,195000,37,,,1,31,,195001,37,,,1,71,,195002,37,,,1,31,,195003,37,,,1,71,,195004,37,,,1,71,,195005,37,,,1,28,,195011,37,,,1,100,,195007,37,,,1,100,,195006,37,,,1
50101,'501-Saturday-1-26-06-0000010',651,,174130,37,,,1,100,,174131,37,,,1,70,,174108,37,,,1,30,,174109,37,,,1,72,,174110,37,,,1,32,,174111,37,,,1,72,,174112,37,,,1,32,,174113,37,,,1,72,,174114,37,,,1,72,,174115,37,,,1,32,,174116,37,,,1,72,,174117,37,,,1,32,,174118,37,,,1,72,,174119,37,,,1,32,,174120,37,,,1,72,,174121,37,,,1,32,,174122,37,,,1,72,,174123,37,,,1,32,,174124,37,,,1,72,,174125,37,,,1,32,,174126,37,,,1,72,,174128,37,,,1,32,,174127,37,,,1,72,,174129,37,,,1
50101,'501-Saturday-2-26-06-0000010',651,,214351,37,,,1,100,,214352,37,,,1,70,,214329,37,,,1,30,,214330,37,,,1,72,,214331,37,,,1,32,,214332,37,,,1,72,,214333,37,,,1,32,,214334,37,,,1,72,,214335,37,,,1,72,,214336,37,,,1,32,,214337,37,,,1,72,,214338,37,,,1,32,,214339,37,,,1,72,,214340,37,,,1,32,,214341,37,,,1,72,,214342,37,,,1,32,,214343,37,,,1,72,,214344,37,,,1,32,,214345,37,,,1,72,,214346,37,,,1,32,,214347,37,,,1,72,,214349,37,,,1,32,,214348,37,,,1,72,,214350,37,,,1
50101,'501-Sunday-2-26-06-0000001',659,,195040,37,,,1,100,,195041,37,,,1,100,,195019,37,,,1,141,,195020,37,,,1,30,,195021,37,,,1,70,,195022,37,,,1,30,,195023,37,,,1,70,,195024,37,,,1,30,,195025,37,,,1,70,,195026,37,,,1,30,,195027,37,,,1,70,,195028,37,,,1,30,,195029,37,,,1,70,,195030,37,,,1,30,,195031,37,,,1,70,,195032,37,,,1,30,,195033,37,,,1,70,,195034,37,,,1,30,,195035,37,,,1,70,,195036,37,,,1,30,,195037,37,,,1,70,,195038,37,,,1,30,,195039,37,,,1
50101,'501-Sunday-3-26-06-0000001',659,,214374,37,,,1,100,,214375,37,,,1,100,,214353,37,,,1,141,,214354,37,,,1,30,,214355,37,,,1,70,,214356,37,,,1,30,,214357,37,,,1,70,,214358,37,,,1,30,,214359,37,,,1,70,,214360,37,,,1,30,,214361,37,,,1,70,,214362,37,,,1,30,,214363,37,,,1,70,,214364,37,,,1,30,,214365,37,,,1,70,,214366,37,,,1,30,,214367,37,,,1,70,,214368,37,,,1,30,,214369,37,,,1,70,,214370,37,,,1,30,,214371,37,,,1,70,,214372,37,,,1,30,,214373,37,,,1
50101,'501-Sunday-6-26-06-0000001',659,,214397,37,,,1,100,,214398,37,,,1,100,,214376,37,,,1,141,,214377,37,,,1,30,,214378,37,,,1,70,,214379,37,,,1,30,,214380,37,,,1,70,,214381,37,,,1,30,,214382,37,,,1,70,,214383,37,,,1,30,,214384,37,,,1,70,,214385,37,,,1,30,,214386,37,,,1,70,,214387,37,,,1,30,,214388,37,,,1,70,,214389,37,,,1,30,,214390,37,,,1,70,,214391,37,,,1,30,,214392,37,,,1,70,,214393,37,,,1,30,,214394,37,,,1,70,,214395,37,,,1,30,,214396,37,,,1
50101,'501-Sunday-7-26-06-0000001',659,,214420,37,,,1,100,,214421,37,,,1,100,,214399,37,,,1,141,,214400,37,,,1,30,,214401,37,,,1,70,,214402,37,,,1,30,,214403,37,,,1,70,,214404,37,,,1,30,,214405,37,,,1,70,,214406,37,,,1,30,,214407,37,,,1,70,,214408,37,,,1,30,,214409,37,,,1,70,,214410,37,,,1,30,,214411,37,,,1,70,,214412,37,,,1,30,,214413,37,,,1,70,,214414,37,,,1,30,,214415,37,,,1,70,,214416,37,,,1,30,,214417,37,,,1,70,,214418,37,,,1,30,,214419,37,,,1
50200,'502-Weekday-1-26-06-1111100',639,,174162,8,,,1,71,,174155,8,,,1,30,,174156,8,,,1,70,,174157,8,,,1,30,,174158,8,,,1,70,,174159,8,,,1,30,,174160,8,,,1,567,,174161,8,,,1,30,,174163,8,,,1,70,,174164,8,,,1,30,,174165,8,,,1,70,,174166,8,,,1,30,,174167,8,,,1
50200,'502-Weekday-2-26-06-1111100',639,,195049,8,,,1,71,,195042,8,,,1,30,,195043,8,,,1,70,,195044,8,,,1,30,,195045,8,,,1,70,,195046,8,,,1,30,,195047,8,,,1,567,,195048,8,,,1,30,,195050,8,,,1,70,,195051,8,,,1,30,,195052,8,,,1,70,,195053,8,,,1,30,,195054,8,,,1
51101,'511-Weekday-1-26-06-1111100',2521,,175227,16,,,1,30,,175228,16,,,1,70,,175229,16,,,1,30,,175230,16,,,1
51101,'511-Weekday-2-26-06-1111100',2521,,195722,16,,,1,30,,195723,16,,,1,70,,195724,16,,,1,30,,195725,16,,,1
51101,'511-Saturday-1-26-06-0000010',2520,,175231,16,,,1,30,,175232,16,,,1,70,,175233,16,,,1,30,,175234,16,,,1
51101,'511-Saturday-2-26-06-0000010',2520,,215393,16,,,1,30,,215394,16,,,1,70,,215395,16,,,1,30,,215396,16,,,1
51101,'511-Sunday-2-26-06-0000001',2519,,195726,16,,,1,30,,195727,16,,,1,70,,195728,16,,,1,30,,195729,16,,,1
51101,'511-Sunday-3-26-06-0000001',2519,,215397,16,,,1,30,,215398,16,,,1,70,,215399,16,,,1,30,,215400,16,,,1
51101,'511-Sunday-6-26-06-0000001',2519,,215401,16,,,1,30,,215402,16,,,1,70,,215403,16,,,1,30,,215404,16,,,1
51101,'511-Sunday-7-26-06-0000001',2519,,215405,16,,,1,30,,215406,16,,,1,70,,215407,16,,,1,30,,215408,16,,,1
