301,'003-Weekday-1-26-09-1111100',508,,229060,12,,,1,20,,229132,12,,,1,20,,229133,12,,,1,60,,229129,12,,,1,15,,229091,12,,,1,18,,229092,12,,,1,15,,229093,12,,,1,52,,229134,12,,,1,12,,229135,12,,,1,14,,229136,12,,,1,12,,229126,12,,,1,12,,229125,12,,,1,52,,229124,12,,,1,12,,229123,12,,,1,12,,229122,12,,,1,12,,229121,12,,,1,12,,229120,12,,,1,52,,229061,12,,,1,11,,229062,12,,,1,15,,229063,12,,,1,15,,229064,12,,,1,55,,229065,12,,,1,15,,229066,12,,,1,15,,229067,12,,,1,15,,229068,12,,,1,55,,229069,12,,,1,15,,229070,12,,,1,15,,229071,12,,,1,15,,229072,12,,,1,55,,229073,12,,,1,15,,229074,12,,,1,15,,229075,12,,,1,15,,229076,12,,,1,55,,229077,12,,,1,15,,229078,12,,,1,15,,229079,12,,,1,15,,229080,12,,,1,55,,229081,12,,,1,15,,229082,12,,,1,15,,229083,12,,,1,15,,229084,12,,,1,55,,229085,12,,,1,15,,229128,12,,,1,14,,229127,12,,,1,14,,229086,12,,,1,52,,229087,12,,,1,12,,229088,12,,,1,12,,229089,12,,,1,12,,229090,12,,,1,15,,229131,12,,,1,55,,229130,12,,,1,15,,229113,12,,,1,15,,229114,12,,,1,15,,229115,12,,,1,55,,229116,12,,,1,15,,229117,12,,,1,14,,229118,12,,,1,12,,229119,12,,,1,53,,229099,12,,,1,15,,229100,12,,,1,15,,229101,12,,,1,15,,229102,12,,,1,55,,229103,12,,,1,15,,229104,12,,,1,15,,229105,12,,,1,15,,229106,12,,,1,55,,229107,12,,,1,15,,229095,12,,,1,15,,229096,12,,,1,15,,229097,12,,,1,55,,229098,12,,,1,14,,229094,12,,,1,15,,229112,12,,,1,18,,229108,12,,,1,60,,229109,12,,,1,20,,229110,12,,,1,20,,229111,12,,,1
301,'003-Weekday-2-26-09-1111100',508,,229137,12,,,1,20,,229209,12,,,1,20,,229210,12,,,1,60,,229206,12,,,1,15,,229168,12,,,1,18,,229169,12,,,1,15,,229170,12,,,1,52,,229211,12,,,1,12,,229212,12,,,1,14,,229213,12,,,1,12,,229203,12,,,1,12,,229202,12,,,1,52,,229201,12,,,1,12,,229200,12,,,1,12,,229199,12,,,1,12,,229198,12,,,1,12,,229197,12,,,1,52,,229138,12,,,1,11,,229139,12,,,1,15,,229140,12,,,1,15,,229141,12,,,1,55,,229142,12,,,1,15,,229143,12,,,1,15,,229144,12,,,1,15,,229145,12,,,1,55,,229146,12,,,1,15,,229147,12,,,1,15,,229148,12,,,1,15,,229149,12,,,1,55,,229150,12,,,1,15,,229151,12,,,1,15,,229152,12,,,1,15,,229153,12,,,1,55,,229154,12,,,1,15,,229155,12,,,1,15,,229156,12,,,1,15,,229157,12,,,1,55,,229158,12,,,1,15,,229159,12,,,1,15,,229160,12,,,1,15,,229161,12,,,1,55,,229162,12,,,1,15,,229205,12,,,1,14,,229204,12,,,1,14,,229163,12,,,1,52,,229164,12,,,1,12,,229165,12,,,1,12,,229166,12,,,1,12,,229167,12,,,1,15,,229208,12,,,1,55,,229207,12,,,1,15,,229190,12,,,1,15,,229191,12,,,1,15,,229192,12,,,1,55,,229193,12,,,1,15,,229194,12,,,1,14,,229195,12,,,1,12,,229196,12,,,1,53,,229176,12,,,1,15,,229177,12,,,1,15,,229178,12,,,1,15,,229179,12,,,1,55,,229180,12,,,1,15,,229181,12,,,1,15,,229182,12,,,1,15,,229183,12,,,1,55,,229184,12,,,1,15,,229172,12,,,1,15,,229173,12,,,1,15,,229174,12,,,1,55,,229175,12,,,1,14,,229171,12,,,1,15,,229189,12,,,1,18,,229185,12,,,1,60,,229186,12,,,1,20,,229187,12,,,1,20,,229188,12,,,1
301,'003-Weekday-3-26-09-1111100',508,,229214,12,,,1,20,,229286,12,,,1,20,,229287,12,,,1,60,,229283,12,,,1,15,,229245,12,,,1,18,,229246,12,,,1,15,,229247,12,,,1,52,,229288,12,,,1,12,,229289,12,,,1,14,,229290,12,,,1,12,,229280,12,,,1,12,,229279,12,,,1,52,,229278,12,,,1,12,,229277,12,,,1,12,,229276,12,,,1,12,,229275,12,,,1,12,,229274,12,,,1,52,,229215,12,,,1,11,,229216,12,,,1,15,,229217,12,,,1,15,,229218,12,,,1,55,,229219,12,,,1,15,,229220,12,,,1,15,,229221,12,,,1,15,,229222,12,,,1,55,,229223,12,,,1,15,,229224,12,,,1,15,,229225,12,,,1,15,,229226,12,,,1,55,,229227,12,,,1,15,,229228,12,,,1,15,,229229,12,,,1,15,,229230,12,,,1,55,,229231,12,,,1,15,,229232,12,,,1,15,,229233,12,,,1,15,,229234,12,,,1,55,,229235,12,,,1,15,,229236,12,,,1,15,,229237,12,,,1,15,,229238,12,,,1,55,,229239,12,,,1,15,,229282,12,,,1,14,,229281,12,,,1,14,,229240,12,,,1,52,,229241,12,,,1,12,,229242,12,,,1,12,,229243,12,,,1,12,,229244,12,,,1,15,,229285,12,,,1,55,,229284,12,,,1,15,,229267,12,,,1,15,,229268,12,,,1,15,,229269,12,,,1,55,,229270,12,,,1,15,,229271,12,,,1,14,,229272,12,,,1,12,,229273,12,,,1,53,,229253,12,,,1,15,,229254,12,,,1,15,,229255,12,,,1,15,,229256,12,,,1,55,,229257,12,,,1,15,,229258,12,,,1,15,,229259,12,,,1,15,,229260,12,,,1,55,,229261,12,,,1,15,,229249,12,,,1,15,,229250,12,,,1,15,,229251,12,,,1,55,,229252,12,,,1,14,,229248,12,,,1,15,,229266,12,,,1,18,,229262,12,,,1,60,,229263,12,,,1,20,,229264,12,,,1,20,,229265,12,,,1
301,'003-Weekday-4-26-09-1111100',508,,229291,12,,,1,20,,229363,12,,,1,20,,229364,12,,,1,60,,229360,12,,,1,15,,229322,12,,,1,18,,229323,12,,,1,15,,229324,12,,,1,52,,229365,12,,,1,12,,229366,12,,,1,14,,229367,12,,,1,12,,229357,12,,,1,12,,229356,12,,,1,52,,229355,12,,,1,12,,229354,12,,,1,12,,229353,12,,,1,12,,229352,12,,,1,12,,229351,12,,,1,52,,229292,12,,,1,11,,229293,12,,,1,15,,229294,12,,,1,15,,229295,12,,,1,55,,229296,12,,,1,15,,229297,12,,,1,15,,229298,12,,,1,15,,229299,12,,,1,55,,229300,12,,,1,15,,229301,12,,,1,15,,229302,12,,,1,15,,229303,12,,,1,55,,229304,12,,,1,15,,229305,12,,,1,15,,229306,12,,,1,15,,229307,12,,,1,55,,229308,12,,,1,15,,229309,12,,,1,15,,229310,12,,,1,15,,229311,12,,,1,55,,229312,12,,,1,15,,229313,12,,,1,15,,229314,12,,,1,15,,229315,12,,,1,55,,229316,12,,,1,15,,229359,12,,,1,14,,229358,12,,,1,14,,229317,12,,,1,52,,229318,12,,,1,12,,229319,12,,,1,12,,229320,12,,,1,12,,229321,12,,,1,15,,229362,12,,,1,55,,229361,12,,,1,15,,229344,12,,,1,15,,229345,12,,,1,15,,229346,12,,,1,55,,229347,12,,,1,15,,229348,12,,,1,14,,229349,12,,,1,12,,229350,12,,,1,53,,229330,12,,,1,15,,229331,12,,,1,15,,229332,12,,,1,15,,229333,12,,,1,55,,229334,12,,,1,15,,229335,12,,,1,15,,229336,12,,,1,15,,229337,12,,,1,55,,229338,12,,,1,15,,229326,12,,,1,15,,229327,12,,,1,15,,229328,12,,,1,55,,229329,12,,,1,14,,229325,12,,,1,15,,229343,12,,,1,18,,229339,12,,,1,60,,229340,12,,,1,20,,229341,12,,,1,20,,229342,12,,,1
301,'003-Weekday-5-26-09-1111100',508,,229368,12,,,1,20,,229440,12,,,1,20,,229441,12,,,1,60,,229437,12,,,1,15,,229399,12,,,1,18,,229400,12,,,1,15,,229401,12,,,1,52,,229442,12,,,1,12,,229443,12,,,1,14,,229444,12,,,1,12,,229434,12,,,1,12,,229433,12,,,1,52,,229432,12,,,1,12,,229431,12,,,1,12,,229430,12,,,1,12,,229429,12,,,1,12,,229428,12,,,1,52,,229369,12,,,1,11,,229370,12,,,1,15,,229371,12,,,1,15,,229372,12,,,1,55,,229373,12,,,1,15,,229374,12,,,1,15,,229375,12,,,1,15,,229376,12,,,1,55,,229377,12,,,1,15,,229378,12,,,1,15,,229379,12,,,1,15,,229380,12,,,1,55,,229381,12,,,1,15,,229382,12,,,1,15,,229383,12,,,1,15,,229384,12,,,1,55,,229385,12,,,1,15,,229386,12,,,1,15,,229387,12,,,1,15,,229388,12,,,1,55,,229389,12,,,1,15,,229390,12,,,1,15,,229391,12,,,1,15,,229392,12,,,1,55,,229393,12,,,1,15,,229436,12,,,1,14,,229435,12,,,1,14,,229394,12,,,1,52,,229395,12,,,1,12,,229396,12,,,1,12,,229397,12,,,1,12,,229398,12,,,1,15,,229439,12,,,1,55,,229438,12,,,1,15,,229421,12,,,1,15,,229422,12,,,1,15,,229423,12,,,1,55,,229424,12,,,1,15,,229425,12,,,1,14,,229426,12,,,1,12,,229427,12,,,1,53,,229407,12,,,1,15,,229408,12,,,1,15,,229409,12,,,1,15,,229410,12,,,1,55,,229411,12,,,1,15,,229412,12,,,1,15,,229413,12,,,1,15,,229414,12,,,1,55,,229415,12,,,1,15,,229403,12,,,1,15,,229404,12,,,1,15,,229405,12,,,1,55,,229406,12,,,1,14,,229402,12,,,1,15,,229420,12,,,1,18,,229416,12,,,1,60,,229417,12,,,1,20,,229418,12,,,1,20,,229419,12,,,1
301,'003-Weekday-6-26-09-1111100',508,,229445,12,,,1,20,,229517,12,,,1,20,,229518,12,,,1,60,,229514,12,,,1,15,,229476,12,,,1,18,,229477,12,,,1,15,,229478,12,,,1,52,,229519,12,,,1,12,,229520,12,,,1,14,,229521,12,,,1,12,,229511,12,,,1,12,,229510,12,,,1,52,,229509,12,,,1,12,,229508,12,,,1,12,,229507,12,,,1,12,,229506,12,,,1,12,,229505,12,,,1,52,,229446,12,,,1,11,,229447,12,,,1,15,,229448,12,,,1,15,,229449,12,,,1,55,,229450,12,,,1,15,,229451,12,,,1,15,,229452,12,,,1,15,,229453,12,,,1,55,,229454,12,,,1,15,,229455,12,,,1,15,,229456,12,,,1,15,,229457,12,,,1,55,,229458,12,,,1,15,,229459,12,,,1,15,,229460,12,,,1,15,,229461,12,,,1,55,,229462,12,,,1,15,,229463,12,,,1,15,,229464,12,,,1,15,,229465,12,,,1,55,,229466,12,,,1,15,,229467,12,,,1,15,,229468,12,,,1,15,,229469,12,,,1,55,,229470,12,,,1,15,,229513,12,,,1,14,,229512,12,,,1,14,,229471,12,,,1,52,,229472,12,,,1,12,,229473,12,,,1,12,,229474,12,,,1,12,,229475,12,,,1,15,,229516,12,,,1,55,,229515,12,,,1,15,,229498,12,,,1,15,,229499,12,,,1,15,,229500,12,,,1,55,,229501,12,,,1,15,,229502,12,,,1,14,,229503,12,,,1,12,,229504,12,,,1,53,,229484,12,,,1,15,,229485,12,,,1,15,,229486,12,,,1,15,,229487,12,,,1,55,,229488,12,,,1,15,,229489,12,,,1,15,,229490,12,,,1,15,,229491,12,,,1,55,,229492,12,,,1,15,,229480,12,,,1,15,,229481,12,,,1,15,,229482,12,,,1,55,,229483,12,,,1,14,,229479,12,,,1,15,,229497,12,,,1,18,,229493,12,,,1,60,,229494,12,,,1,20,,229495,12,,,1,20,,229496,12,,,1
301,'003-Weekday-7-26-09-1111100',508,,229522,12,,,1,20,,229594,12,,,1,20,,229595,12,,,1,60,,229591,12,,,1,15,,229553,12,,,1,18,,229554,12,,,1,15,,229555,12,,,1,52,,229596,12,,,1,12,,229597,12,,,1,14,,229598,12,,,1,12,,229588,12,,,1,12,,229587,12,,,1,52,,229586,12,,,1,12,,229585,12,,,1,12,,229584,12,,,1,12,,229583,12,,,1,12,,229582,12,,,1,52,,229523,12,,,1,11,,229524,12,,,1,15,,229525,12,,,1,15,,229526,12,,,1,55,,229527,12,,,1,15,,229528,12,,,1,15,,229529,12,,,1,15,,229530,12,,,1,55,,229531,12,,,1,15,,229532,12,,,1,15,,229533,12,,,1,15,,229534,12,,,1,55,,229535,12,,,1,15,,229536,12,,,1,15,,229537,12,,,1,15,,229538,12,,,1,55,,229539,12,,,1,15,,229540,12,,,1,15,,229541,12,,,1,15,,229542,12,,,1,55,,229543,12,,,1,15,,229544,12,,,1,15,,229545,12,,,1,15,,229546,12,,,1,55,,229547,12,,,1,15,,229590,12,,,1,14,,229589,12,,,1,14,,229548,12,,,1,52,,229549,12,,,1,12,,229550,12,,,1,12,,229551,12,,,1,12,,229552,12,,,1,15,,229593,12,,,1,55,,229592,12,,,1,15,,229575,12,,,1,15,,229576,12,,,1,15,,229577,12,,,1,55,,229578,12,,,1,15,,229579,12,,,1,14,,229580,12,,,1,12,,229581,12,,,1,53,,229561,12,,,1,15,,229562,12,,,1,15,,229563,12,,,1,15,,229564,12,,,1,55,,229565,12,,,1,15,,229566,12,,,1,15,,229567,12,,,1,15,,229568,12,,,1,55,,229569,12,,,1,15,,229557,12,,,1,15,,229558,12,,,1,15,,229559,12,,,1,55,,229560,12,,,1,14,,229556,12,,,1,15,,229574,12,,,1,18,,229570,12,,,1,60,,229571,12,,,1,20,,229572,12,,,1,20,,229573,12,,,1
301,'003-Saturday-1-26-09-0000010',553,,229664,12,,,1,60,,229599,12,,,1,20,,229600,12,,,1,20,,229601,12,,,1,60,,229602,12,,,1,20,,229603,12,,,1,20,,229604,12,,,1,60,,229605,12,,,1,15,,229606,12,,,1,15,,229607,12,,,1,15,,229608,12,,,1,57,,229609,12,,,1,17,,229610,12,,,1,15,,229611,12,,,1,55,,229612,12,,,1,15,,229613,12,,,1,15,,229614,12,,,1,15,,229615,12,,,1,55,,229616,12,,,1,15,,229617,12,,,1,15,,229618,12,,,1,15,,229619,12,,,1,55,,229620,12,,,1,15,,229621,12,,,1,15,,229622,12,,,1,15,,229623,12,,,1,55,,229624,12,,,1,15,,229625,12,,,1,15,,229626,12,,,1,15,,229627,12,,,1,55,,229628,12,,,1,15,,229629,12,,,1,15,,229630,12,,,1,15,,229631,12,,,1,55,,229632,12,,,1,15,,229633,12,,,1,15,,229634,12,,,1,15,,229635,12,,,1,55,,229636,12,,,1,15,,229637,12,,,1,15,,229638,12,,,1,15,,229639,12,,,1,54,,229640,12,,,1,14,,229641,12,,,1,13,,229642,12,,,1,15,,229643,12,,,1,15,,229644,12,,,1,55,,229645,12,,,1,15,,229646,12,,,1,15,,229647,12,,,1,15,,229648,12,,,1,55,,229649,12,,,1,15,,229650,12,,,1,20,,229651,12,,,1,60,,229652,12,,,1,20,,229653,12,,,1,20,,229654,12,,,1,60,,229655,12,,,1,20,,229656,12,,,1,20,,229657,12,,,1,60,,229658,12,,,1,20,,229659,12,,,1,20,,229660,12,,,1,60,,229661,12,,,1,20,,229662,12,,,1,20,,229663,12,,,1
301,'003-Sunday-1-26-09-0000001',557,,229729,12,,,1,60,,229665,12,,,1,20,,229666,12,,,1,20,,229667,12,,,1,60,,229668,12,,,1,20,,229669,12,,,1,20,,229670,12,,,1,60,,229671,12,,,1,20,,229672,12,,,1,20,,229673,12,,,1,62,,229674,12,,,1,20,,229675,12,,,1,62,,229676,12,,,1,20,,229677,12,,,1,15,,229678,12,,,1,15,,229679,12,,,1,55,,229680,12,,,1,15,,229681,12,,,1,15,,229682,12,,,1,15,,229683,12,,,1,55,,229684,12,,,1,15,,229685,12,,,1,15,,229686,12,,,1,15,,229687,12,,,1,55,,229688,12,,,1,15,,229689,12,,,1,15,,229690,12,,,1,15,,229691,12,,,1,55,,229692,12,,,1,15,,229693,12,,,1,15,,229694,12,,,1,15,,229695,12,,,1,55,,229696,12,,,1,15,,229697,12,,,1,15,,229698,12,,,1,15,,229699,12,,,1,55,,229700,12,,,1,15,,229701,12,,,1,15,,229702,12,,,1,15,,229703,12,,,1,54,,229704,12,,,1,14,,229705,12,,,1,15,,229706,12,,,1,15,,229707,12,,,1,55,,229708,12,,,1,15,,229709,12,,,1,15,,229710,12,,,1,15,,229711,12,,,1,55,,229712,12,,,1,15,,229713,12,,,1,15,,229714,12,,,1,15,,229715,12,,,1,60,,229716,12,,,1,20,,229717,12,,,1,20,,229718,12,,,1,60,,229719,12,,,1,20,,229720,12,,,1,20,,229721,12,,,1,60,,229722,12,,,1,20,,229723,12,,,1,20,,229724,12,,,1,60,,229725,12,,,1,20,,229726,12,,,1,20,,229727,12,,,1,60,,229728,12,,,1
11101,'111-Weekday-1-26-09-1111100',1005,,253592,46,,,1,100,,253593,46,,,1,100,,253594,46,,,1,100,,253595,46,,,1,100,,253596,46,,,1,100,,253597,46,,,1,100,,253598,46,,,1
11101,'111-Weekday-2-26-09-1111100',1005,,253599,46,,,1,100,,253600,46,,,1,100,,253601,46,,,1,100,,253602,46,,,1,100,,253603,46,,,1,100,,253604,46,,,1,100,,253605,46,,,1
11101,'111-Weekday-3-26-09-1111100',1005,,253606,46,,,1,100,,253607,46,,,1,100,,253608,46,,,1,100,,253609,46,,,1,100,,253610,46,,,1,100,,253611,46,,,1,100,,253612,46,,,1
11101,'111-Weekday-4-26-09-1111100',1005,,253613,46,,,1,100,,253614,46,,,1,100,,253615,46,,,1,100,,253616,46,,,1,100,,253617,46,,,1,100,,253618,46,,,1,100,,253619,46,,,1
11101,'111-Weekday-5-26-09-1111100',1005,,253620,46,,,1,100,,253621,46,,,1,100,,253622,46,,,1,100,,253623,46,,,1,100,,253624,46,,,1,100,,253625,46,,,1,100,,253626,46,,,1
11101,'111-Weekday-6-26-09-1111100',1005,,253627,46,,,1,100,,253628,46,,,1,100,,253629,46,,,1,100,,253630,46,,,1,100,,253631,46,,,1,100,,253632,46,,,1,100,,253633,46,,,1
11101,'111-Weekday-7-26-09-1111100',1005,,253634,46,,,1,100,,253635,46,,,1,100,,253636,46,,,1,100,,253637,46,,,1,100,,253638,46,,,1,100,,253639,46,,,1,100,,253640,46,,,1
11101,'111-Saturday-1-26-09-0000010',948,,253641,39,,,1,100,,253643,39,,,1,100,,253644,39,,,1,100,,253645,39,,,1,100,,253646,39,,,1,100,,253647,39,,,1,100,,253642,39,,,1
