10101,'101-Weekday-1-26-06-1111100',513,,169858,31,,,1,30,,169859,31,,,1,70,,169860,31,,,1,32,,169861,31,,,1,70,,169862,31,,,1,30,,169863,31,,,1,70,,169864,31,,,1,30,,169892,31,,,1,70,,169865,31,,,1,30,,169866,31,,,1,70,,169867,31,,,1,30,,169868,31,,,1,70,,169869,31,,,1,30,,169870,31,,,1,70,,169871,31,,,1,30,,169872,31,,,1,70,,169873,31,,,1,30,,169874,31,,,1,70,,169875,31,,,1,32,,169876,31,,,1,70,,169877,31,,,1,30,,169878,31,,,1,70,,169879,31,,,1,30,,169880,31,,,1,70,,169881,31,,,1,30,,169882,31,,,1,70,,169883,31,,,1,27,,169885,31,,,1,68,,169886,31,,,1,30,,169887,31,,,1,70,,169888,31,,,1,30,,169889,31,,,1,70,,169890,31,,,1,30,,169884,31,,,1,69,,169891,31,,,1
10101,'101-Weekday-2-26-06-1111100',513,,192486,31,,,1,30,,192487,31,,,1,70,,192488,31,,,1,32,,192489,31,,,1,70,,192490,31,,,1,30,,192491,31,,,1,70,,192492,31,,,1,30,,192520,31,,,1,70,,192493,31,,,1,30,,192494,31,,,1,70,,192495,31,,,1,30,,192496,31,,,1,70,,192497,31,,,1,30,,192498,31,,,1,70,,192499,31,,,1,30,,192500,31,,,1,70,,192501,31,,,1,30,,192502,31,,,1,70,,192503,31,,,1,32,,192504,31,,,1,70,,192505,31,,,1,30,,192506,31,,,1,70,,192507,31,,,1,30,,192508,31,,,1,70,,192509,31,,,1,30,,192510,31,,,1,70,,192511,31,,,1,27,,192513,31,,,1,68,,192514,31,,,1,30,,192515,31,,,1,70,,192516,31,,,1,30,,192517,31,,,1,70,,192518,31,,,1,30,,192512,31,,,1,69,,192519,31,,,1
10101,'101-Saturday-1-26-06-0000010',633,,169893,31,,,1,100,,169894,31,,,1,90,,169895,31,,,1,29,,169896,31,,,1,70,,169897,31,,,1,30,,169898,31,,,1,70,,169899,31,,,1,30,,169900,31,,,1,70,,169901,31,,,1,30,,169902,31,,,1,70,,169903,31,,,1,30,,169904,31,,,1,70,,169905,31,,,1,30,,169906,31,,,1,70,,169907,31,,,1,30,,169908,31,,,1,70,,169909,31,,,1,30,,169910,31,,,1,70,,169911,31,,,1,30,,169912,31,,,1,69,,169913,31,,,1,30,,169914,31,,,1,70,,169915,31,,,1,30,,169916,31,,,1,80,,169917,31,,,1,100,,169918,31,,,1,100,,169919,31,,,1,100,,169920,31,,,1
10101,'101-Saturday-2-26-06-0000010',633,,210433,31,,,1,100,,210434,31,,,1,90,,210435,31,,,1,29,,210436,31,,,1,70,,210437,31,,,1,30,,210438,31,,,1,70,,210439,31,,,1,30,,210440,31,,,1,70,,210441,31,,,1,30,,210442,31,,,1,70,,210443,31,,,1,30,,210444,31,,,1,70,,210445,31,,,1,30,,210446,31,,,1,70,,210447,31,,,1,30,,210448,31,,,1,70,,210449,31,,,1,30,,210450,31,,,1,70,,210451,31,,,1,30,,210452,31,,,1,69,,210453,31,,,1,30,,210454,31,,,1,70,,210455,31,,,1,30,,210456,31,,,1,80,,210457,31,,,1,100,,210458,31,,,1,100,,210459,31,,,1,100,,210460,31,,,1
10101,'101-Sunday-2-26-06-0000001',1019,,192522,31,,,1,29,,192523,31,,,1,70,,192524,31,,,1,30,,192525,31,,,1,70,,192526,31,,,1,30,,192527,31,,,1,70,,192528,31,,,1,30,,192529,31,,,1,70,,192530,31,,,1,30,,192531,31,,,1,70,,192532,31,,,1,30,,192533,31,,,1,70,,192534,31,,,1,30,,192535,31,,,1,70,,192536,31,,,1,30,,192537,31,,,1,69,,192538,31,,,1,30,,192539,31,,,1,70,,192540,31,,,1,100,,192541,31,,,1,100,,192521,31,,,1
10101,'101-Sunday-3-26-06-0000001',1019,,210462,31,,,1,29,,210463,31,,,1,70,,210464,31,,,1,30,,210465,31,,,1,70,,210466,31,,,1,30,,210467,31,,,1,70,,210468,31,,,1,30,,210469,31,,,1,70,,210470,31,,,1,30,,210471,31,,,1,70,,210472,31,,,1,30,,210473,31,,,1,70,,210474,31,,,1,30,,210475,31,,,1,70,,210476,31,,,1,30,,210477,31,,,1,69,,210478,31,,,1,30,,210479,31,,,1,70,,210480,31,,,1,100,,210481,31,,,1,100,,210461,31,,,1
10101,'101-Sunday-6-26-06-0000001',1019,,210483,31,,,1,29,,210484,31,,,1,70,,210485,31,,,1,30,,210486,31,,,1,70,,210487,31,,,1,30,,210488,31,,,1,70,,210489,31,,,1,30,,210490,31,,,1,70,,210491,31,,,1,30,,210492,31,,,1,70,,210493,31,,,1,30,,210494,31,,,1,70,,210495,31,,,1,30,,210496,31,,,1,70,,210497,31,,,1,30,,210498,31,,,1,69,,210499,31,,,1,30,,210500,31,,,1,70,,210501,31,,,1,100,,210502,31,,,1,100,,210482,31,,,1
10101,'101-Sunday-7-26-06-0000001',1019,,210504,31,,,1,29,,210505,31,,,1,70,,210506,31,,,1,30,,210507,31,,,1,70,,210508,31,,,1,30,,210509,31,,,1,70,,210510,31,,,1,30,,210511,31,,,1,70,,210512,31,,,1,30,,210513,31,,,1,70,,210514,31,,,1,30,,210515,31,,,1,70,,210516,31,,,1,30,,210517,31,,,1,70,,210518,31,,,1,30,,210519,31,,,1,69,,210520,31,,,1,30,,210521,31,,,1,70,,210522,31,,,1,100,,210523,31,,,1,100,,210503,31,,,1
11101,'111-Weekday-1-26-06-1111100',916,,171491,7,,,1,100,,171492,7,,,1,100,,171493,7,,,1,100,,171494,7,,,1,100,,171495,7,,,1,100,,171496,7,,,1,100,,171497,7,,,1
11101,'111-Weekday-2-26-06-1111100',916,,193562,7,,,1,100,,193563,7,,,1,100,,193564,7,,,1,100,,193565,7,,,1,100,,193566,7,,,1,100,,193567,7,,,1,100,,193568,7,,,1
