5100,'051-Weekday-1-26-06-1111100',542,,166677,16,,,1,70,,166650,16,,,1,33,,166651,15,,,1,66,,166680,16,,,1,30,,166665,16,,,1,70,,166652,15,,,1,30,,166674,16,,,1,70,,166673,15,,,1,30,,166672,15,,,1,70,,166671,15,,,1,30,,166670,15,,,1,70,,166681,15,,,1,30,,166669,15,,,1,70,,166682,15,,,1,30,,166683,15,,,1,70,,166684,15,,,1,30,,166685,15,,,1,70,,166686,15,,,1,30,,166666,15,,,1,60,,166653,16,,,1,22,,166679,16,,,1,20,,166654,15,,,1,60,,166667,16,,,1,20,,166655,15,,,1,20,,166668,15,,,1,60,,166675,16,,,1,20,,166678,15,,,1,20,,166656,15,,,1,70,,166657,15,,,1,27,,166658,15,,,1,69,,166659,15,,,1,30,,166676,15,,,1,70,,166660,15,,,1,30,,166661,15,,,1,70,,166662,15,,,1,30,,166663,15,,,1,69,,166687,15,,,1,100,,166664,15,,,1
5100,'051-Weekday-2-26-06-1111100',542,,191440,16,,,1,70,,191413,16,,,1,33,,191414,15,,,1,66,,191443,16,,,1,30,,191428,16,,,1,70,,191415,15,,,1,30,,191437,16,,,1,70,,191436,15,,,1,30,,191435,15,,,1,70,,191434,15,,,1,30,,191433,15,,,1,70,,191444,15,,,1,30,,191432,15,,,1,70,,191445,15,,,1,30,,191446,15,,,1,70,,191447,15,,,1,30,,191448,15,,,1,70,,191449,15,,,1,30,,191429,15,,,1,60,,191416,16,,,1,22,,191442,16,,,1,20,,191417,15,,,1,60,,191430,16,,,1,20,,191418,15,,,1,20,,191431,15,,,1,60,,191438,16,,,1,20,,191441,15,,,1,20,,191419,15,,,1,70,,191420,15,,,1,27,,191421,15,,,1,69,,191422,15,,,1,30,,191439,15,,,1,70,,191423,15,,,1,30,,191424,15,,,1,70,,191425,15,,,1,30,,191426,15,,,1,69,,191450,15,,,1,100,,191427,15,,,1
5100,'051-Saturday-1-26-06-0000010',652,,166711,15,,,1,99,,166688,15,,,1,100,,166689,16,,,1,72,,166690,15,,,1,32,,166691,15,,,1,70,,166692,15,,,1,30,,166693,15,,,1,70,,166695,16,,,1,30,,166696,16,,,1,70,,166697,15,,,1,30,,166694,15,,,1,70,,166698,15,,,1,30,,166699,15,,,1,70,,166700,15,,,1,30,,166702,15,,,1,70,,166703,15,,,1,30,,166704,15,,,1,70,,166701,15,,,1,30,,166705,15,,,1,69,,166706,15,,,1,30,,166707,15,,,1,70,,166708,15,,,1,30,,166709,15,,,1,70,,166710,15,,,1,100,,166712,16,,,1,100,,166713,15,,,1,100,,166714,15,,,1
5100,'051-Saturday-2-26-06-0000010',652,,208181,15,,,1,99,,208158,15,,,1,100,,208159,16,,,1,72,,208160,15,,,1,32,,208161,15,,,1,70,,208162,15,,,1,30,,208163,15,,,1,70,,208165,16,,,1,30,,208166,16,,,1,70,,208167,15,,,1,30,,208164,15,,,1,70,,208168,15,,,1,30,,208169,15,,,1,70,,208170,15,,,1,30,,208172,15,,,1,70,,208173,15,,,1,30,,208174,15,,,1,70,,208171,15,,,1,30,,208175,15,,,1,69,,208176,15,,,1,30,,208177,15,,,1,70,,208178,15,,,1,30,,208179,15,,,1,70,,208180,15,,,1,100,,208182,16,,,1,100,,208183,15,,,1,100,,208184,15,,,1
5100,'051-Sunday-2-26-06-0000001',733,,191470,15,,,1,100,,191471,15,,,1,101,,191472,15,,,1,66,,191475,15,,,1,26,,191451,15,,,1,30,,191452,15,,,1,70,,191453,15,,,1,30,,191454,15,,,1,70,,191455,16,,,1,30,,191457,15,,,1,70,,191458,16,,,1,30,,191460,15,,,1,70,,191456,15,,,1,30,,191461,15,,,1,70,,191462,15,,,1,30,,191459,15,,,1,70,,191463,15,,,1,30,,191464,15,,,1,69,,191465,15,,,1,28,,191466,15,,,1,70,,191467,15,,,1,30,,191468,15,,,1,70,,191469,15,,,1,100,,191473,16,,,1,100,,191474,15,,,1,100,,191476,15,,,1
5100,'051-Sunday-3-26-06-0000001',733,,208204,15,,,1,100,,208205,15,,,1,101,,208206,15,,,1,66,,208209,15,,,1,26,,208185,15,,,1,30,,208186,15,,,1,70,,208187,15,,,1,30,,208188,15,,,1,70,,208189,16,,,1,30,,208191,15,,,1,70,,208192,16,,,1,30,,208194,15,,,1,70,,208190,15,,,1,30,,208195,15,,,1,70,,208196,15,,,1,30,,208193,15,,,1,70,,208197,15,,,1,30,,208198,15,,,1,69,,208199,15,,,1,28,,208200,15,,,1,70,,208201,15,,,1,30,,208202,15,,,1,70,,208203,15,,,1,100,,208207,16,,,1,100,,208208,15,,,1,100,,208210,15,,,1
5100,'051-Sunday-6-26-06-0000001',733,,208230,15,,,1,100,,208231,15,,,1,101,,208232,15,,,1,66,,208235,15,,,1,26,,208211,15,,,1,30,,208212,15,,,1,70,,208213,15,,,1,30,,208214,15,,,1,70,,208215,16,,,1,30,,208217,15,,,1,70,,208218,16,,,1,30,,208220,15,,,1,70,,208216,15,,,1,30,,208221,15,,,1,70,,208222,15,,,1,30,,208219,15,,,1,70,,208223,15,,,1,30,,208224,15,,,1,69,,208225,15,,,1,28,,208226,15,,,1,70,,208227,15,,,1,30,,208228,15,,,1,70,,208229,15,,,1,100,,208233,16,,,1,100,,208234,15,,,1,100,,208236,15,,,1
5100,'051-Sunday-7-26-06-0000001',733,,208256,15,,,1,100,,208257,15,,,1,101,,208258,15,,,1,66,,208261,15,,,1,26,,208237,15,,,1,30,,208238,15,,,1,70,,208239,15,,,1,30,,208240,15,,,1,70,,208241,16,,,1,30,,208243,15,,,1,70,,208244,16,,,1,30,,208246,15,,,1,70,,208242,15,,,1,30,,208247,15,,,1,70,,208248,15,,,1,30,,208245,15,,,1,70,,208249,15,,,1,30,,208250,15,,,1,69,,208251,15,,,1,28,,208252,15,,,1,70,,208253,15,,,1,30,,208254,15,,,1,70,,208255,15,,,1,100,,208259,16,,,1,100,,208260,15,,,1,100,,208262,15,,,1
90900,'909-Weekday-1-26-06-1111100',554,,183913,22,,,1,70,,183947,22,,,1,33,,183914,22,,,1,70,,183943,22,,,1,30,,183915,22,,,1,70,,183942,22,,,1,20,,183916,22,,,1,70,,183917,22,,,1,30,,183918,22,,,1,70,,183919,22,,,1,30,,183920,22,,,1,70,,183921,22,,,1,30,,183922,22,,,1,70,,183923,22,,,1,30,,183924,22,,,1,70,,183925,22,,,1,30,,183926,22,,,1,70,,183927,22,,,1,30,,183928,22,,,1,71,,183944,22,,,1,30,,183929,22,,,1,70,,183930,22,,,1,30,,183941,22,,,1,70,,183931,22,,,1,30,,183940,22,,,1,70,,183932,22,,,1,28,,183933,22,,,1,70,,183934,22,,,1,30,,183935,22,,,1,70,,183936,22,,,1,30,,183937,22,,,1,70,,183938,22,,,1,36,,183939,22,,,1,99,,183945,22,,,1,100,,183946,22,,,1
90900,'909-Weekday-2-26-06-1111100',554,,200877,22,,,1,70,,200911,22,,,1,33,,200878,22,,,1,70,,200907,22,,,1,30,,200879,22,,,1,70,,200906,22,,,1,20,,200880,22,,,1,70,,200881,22,,,1,30,,200882,22,,,1,70,,200883,22,,,1,30,,200884,22,,,1,70,,200885,22,,,1,30,,200886,22,,,1,70,,200887,22,,,1,30,,200888,22,,,1,70,,200889,22,,,1,30,,200890,22,,,1,70,,200891,22,,,1,30,,200892,22,,,1,71,,200908,22,,,1,30,,200893,22,,,1,70,,200894,22,,,1,30,,200905,22,,,1,70,,200895,22,,,1,30,,200904,22,,,1,70,,200896,22,,,1,28,,200897,22,,,1,70,,200898,22,,,1,30,,200899,22,,,1,70,,200900,22,,,1,30,,200901,22,,,1,70,,200902,22,,,1,36,,200903,22,,,1,99,,200909,22,,,1,100,,200910,22,,,1
90900,'909-Saturday-1-26-06-0000010',649,,183948,22,,,1,100,,183949,22,,,1,70,,183950,22,,,1,30,,183951,22,,,1,71,,183952,22,,,1,30,,183953,22,,,1,70,,183954,22,,,1,30,,183955,22,,,1,70,,183956,22,,,1,30,,183957,22,,,1,70,,183958,22,,,1,30,,183959,22,,,1,70,,183960,22,,,1,30,,183961,22,,,1,70,,183962,22,,,1,30,,183963,22,,,1,70,,183964,22,,,1,30,,183965,22,,,1,70,,183966,22,,,1,30,,183967,22,,,1,70,,183968,22,,,1,30,,183969,22,,,1,70,,183970,22,,,1,30,,183971,22,,,1,100,,183974,22,,,1,100,,183973,22,,,1,100,,183972,22,,,1
90900,'909-Saturday-2-26-06-0000010',649,,223046,22,,,1,100,,223047,22,,,1,70,,223048,22,,,1,30,,223049,22,,,1,71,,223050,22,,,1,30,,223051,22,,,1,70,,223052,22,,,1,30,,223053,22,,,1,70,,223054,22,,,1,30,,223055,22,,,1,70,,223056,22,,,1,30,,223057,22,,,1,70,,223058,22,,,1,30,,223059,22,,,1,70,,223060,22,,,1,30,,223061,22,,,1,70,,223062,22,,,1,30,,223063,22,,,1,70,,223064,22,,,1,30,,223065,22,,,1,70,,223066,22,,,1,30,,223067,22,,,1,70,,223068,22,,,1,30,,223069,22,,,1,100,,223072,22,,,1,100,,223071,22,,,1,100,,223070,22,,,1
90900,'909-Sunday-2-26-06-0000001',651,,200912,22,,,1,100,,200913,22,,,1,100,,200914,22,,,1,102,,200915,22,,,1,70,,200916,22,,,1,30,,200917,22,,,1,70,,200918,22,,,1,30,,200919,22,,,1,70,,200920,22,,,1,30,,200921,22,,,1,70,,200922,22,,,1,30,,200923,22,,,1,70,,200924,22,,,1,30,,200925,22,,,1,70,,200926,22,,,1,30,,200927,22,,,1,70,,200928,22,,,1,30,,200929,22,,,1,68,,200930,22,,,1,30,,200931,22,,,1,70,,200932,22,,,1,30,,200933,22,,,1,70,,200934,22,,,1,30,,200936,22,,,1,100,,200935,22,,,1
90900,'909-Sunday-3-26-06-0000001',651,,223073,22,,,1,100,,223074,22,,,1,100,,223075,22,,,1,102,,223076,22,,,1,70,,223077,22,,,1,30,,223078,22,,,1,70,,223079,22,,,1,30,,223080,22,,,1,70,,223081,22,,,1,30,,223082,22,,,1,70,,223083,22,,,1,30,,223084,22,,,1,70,,223085,22,,,1,30,,223086,22,,,1,70,,223087,22,,,1,30,,223088,22,,,1,70,,223089,22,,,1,30,,223090,22,,,1,68,,223091,22,,,1,30,,223092,22,,,1,70,,223093,22,,,1,30,,223094,22,,,1,70,,223095,22,,,1,30,,223097,22,,,1,100,,223096,22,,,1
90900,'909-Sunday-6-26-06-0000001',651,,223098,22,,,1,100,,223099,22,,,1,100,,223100,22,,,1,102,,223101,22,,,1,70,,223102,22,,,1,30,,223103,22,,,1,70,,223104,22,,,1,30,,223105,22,,,1,70,,223106,22,,,1,30,,223107,22,,,1,70,,223108,22,,,1,30,,223109,22,,,1,70,,223110,22,,,1,30,,223111,22,,,1,70,,223112,22,,,1,30,,223113,22,,,1,70,,223114,22,,,1,30,,223115,22,,,1,68,,223116,22,,,1,30,,223117,22,,,1,70,,223118,22,,,1,30,,223119,22,,,1,70,,223120,22,,,1,30,,223122,22,,,1,100,,223121,22,,,1
90900,'909-Sunday-7-26-06-0000001',651,,223123,22,,,1,100,,223124,22,,,1,100,,223125,22,,,1,102,,223126,22,,,1,70,,223127,22,,,1,30,,223128,22,,,1,70,,223129,22,,,1,30,,223130,22,,,1,70,,223131,22,,,1,30,,223132,22,,,1,70,,223133,22,,,1,30,,223134,22,,,1,70,,223135,22,,,1,30,,223136,22,,,1,70,,223137,22,,,1,30,,223138,22,,,1,70,,223139,22,,,1,30,,223140,22,,,1,68,,223141,22,,,1,30,,223142,22,,,1,70,,223143,22,,,1,30,,223144,22,,,1,70,,223145,22,,,1,30,,223147,22,,,1,100,,223146,22,,,1
