66300,'663-Weekday-1-26-09-1111100',752,,273859,16,,,1,3,,273860,16,,,1,45,,273861,16,,,1
66300,'663-Weekday-4-26-09-1111100',752,,273862,16,,,1,3,,273863,16,,,1,45,,273864,16,,,1
66300,'663-Weekday-7-26-09-1111100',752,,273865,16,,,1,3,,273866,16,,,1,45,,273867,16,,,1
66301,'663-Weekday-1-26-09-0001000',1240,,273868,18,,,1,2,,273869,18,,,1,2,,273870,18,,,1
66301,'663-Weekday-1-26-09-1110100',1534,,273871,18,,,1,2,,273872,18,,,1,2,,273873,18,,,1
66301,'663-Weekday-4-26-09-1110100',1534,,273874,18,,,1,2,,273875,18,,,1,2,,273876,18,,,1
66301,'663-Weekday-7-26-09-1110100',1534,,273877,18,,,1,2,,273878,18,,,1,2,,273879,18,,,1
66801,'668-Weekday-1-26-09-0001000',1444,,273944,7,,,1,2,,273945,7,,,1
66801,'668-Weekday-1-26-09-1110100',1520,,273946,7,,,1,3,,273947,7,,,1,3,,273948,7,,,1
66801,'668-Weekday-3-26-09-1110100',1520,,273949,7,,,1,3,,273950,7,,,1,3,,273951,7,,,1
66801,'668-Weekday-7-26-09-1110100',1520,,273952,7,,,1,3,,273953,7,,,1,3,,273954,7,,,1
71900,'719-Weekday-1-26-09-1111100',453,,284992,16,,,1,70,,284994,16,,,1,30,,284947,16,,,1,48,,284995,16,,,1,7,,285003,16,,,1,8,,285018,16,,,1,7,,285015,16,,,1,9,,284993,16,,,1,9,,284948,16,,,1,8,,285019,16,,,1,52,,285001,16,,,1,8,,285007,16,,,1,7,,284949,16,,,1,8,,285008,16,,,1,7,,285016,16,,,1,8,,285013,16,,,1,7,,284950,16,,,1,8,,285009,16,,,1,47,,284952,16,,,1,8,,285010,16,,,1,7,,284951,16,,,1,8,,285011,16,,,1,7,,285017,16,,,1,8,,285020,16,,,1,9,,285002,16,,,1,60,,284953,16,,,1,18,,284954,16,,,1,20,,284955,16,,,1,60,,284956,16,,,1,20,,284957,16,,,1,20,,284958,16,,,1,60,,284959,16,,,1,20,,284960,16,,,1,20,,284961,16,,,1,60,,284962,16,,,1,20,,284963,16,,,1,20,,284964,16,,,1,60,,284965,16,,,1,20,,284966,16,,,1,20,,284967,16,,,1,60,,284968,16,,,1,20,,284969,16,,,1,20,,284970,16,,,1,60,,284971,16,,,1,25,,284972,16,,,1,12,,285012,16,0,24,1,9,,284973,16,,,1,51,,285005,16,0,24,1,9,,284974,16,,,1,11,,285006,16,0,24,1,9,,285014,16,,,1,11,,285021,16,0,24,1,9,,285004,16,,,1,51,,285000,16,0,24,1,9,,284975,16,,,1,11,,284997,16,0,24,1,9,,284977,16,,,1,11,,284998,16,0,24,1,9,,284976,16,,,1,51,,284999,16,0,24,1,9,,284978,16,,,1,11,,285022,16,0,24,1,11,,284979,16,,,1,16,,284980,16,,,1,58,,284981,16,,,1,20,,284982,16,,,1,20,,284983,16,,,1,60,,284984,16,,,1,20,,284985,16,,,1,20,,284986,16,,,1,60,,284987,16,,,1,20,,284988,16,,,1,20,,284996,16,,,1,68,,284989,16,,,1,99,,284990,16,,,1,100,,284991,16,,,1
71900,'719-Weekday-2-26-09-1111100',453,,285068,16,,,1,70,,285070,16,,,1,30,,285023,16,,,1,48,,285071,16,,,1,7,,285079,16,,,1,8,,285094,16,,,1,7,,285091,16,,,1,9,,285069,16,,,1,9,,285024,16,,,1,8,,285095,16,,,1,52,,285077,16,,,1,8,,285083,16,,,1,7,,285025,16,,,1,8,,285084,16,,,1,7,,285092,16,,,1,8,,285089,16,,,1,7,,285026,16,,,1,8,,285085,16,,,1,47,,285028,16,,,1,8,,285086,16,,,1,7,,285027,16,,,1,8,,285087,16,,,1,7,,285093,16,,,1,8,,285096,16,,,1,9,,285078,16,,,1,60,,285029,16,,,1,18,,285030,16,,,1,20,,285031,16,,,1,60,,285032,16,,,1,20,,285033,16,,,1,20,,285034,16,,,1,60,,285035,16,,,1,20,,285036,16,,,1,20,,285037,16,,,1,60,,285038,16,,,1,20,,285039,16,,,1,20,,285040,16,,,1,60,,285041,16,,,1,20,,285042,16,,,1,20,,285043,16,,,1,60,,285044,16,,,1,20,,285045,16,,,1,20,,285046,16,,,1,60,,285047,16,,,1,25,,285048,16,,,1,12,,285088,16,0,24,1,9,,285049,16,,,1,51,,285081,16,0,24,1,9,,285050,16,,,1,11,,285082,16,0,24,1,9,,285090,16,,,1,11,,285097,16,0,24,1,9,,285080,16,,,1,51,,285076,16,0,24,1,9,,285051,16,,,1,11,,285073,16,0,24,1,9,,285053,16,,,1,11,,285074,16,0,24,1,9,,285052,16,,,1,51,,285075,16,0,24,1,9,,285054,16,,,1,11,,285098,16,0,24,1,11,,285055,16,,,1,16,,285056,16,,,1,58,,285057,16,,,1,20,,285058,16,,,1,20,,285059,16,,,1,60,,285060,16,,,1,20,,285061,16,,,1,20,,285062,16,,,1,60,,285063,16,,,1,20,,285064,16,,,1,20,,285072,16,,,1,68,,285065,16,,,1,99,,285066,16,,,1,100,,285067,16,,,1
71900,'719-Weekday-3-26-09-1111100',453,,285144,16,,,1,70,,285146,16,,,1,30,,285099,16,,,1,48,,285147,16,,,1,7,,285155,16,,,1,8,,285170,16,,,1,7,,285167,16,,,1,9,,285145,16,,,1,9,,285100,16,,,1,8,,285171,16,,,1,52,,285153,16,,,1,8,,285159,16,,,1,7,,285101,16,,,1,8,,285160,16,,,1,7,,285168,16,,,1,8,,285165,16,,,1,7,,285102,16,,,1,8,,285161,16,,,1,47,,285104,16,,,1,8,,285162,16,,,1,7,,285103,16,,,1,8,,285163,16,,,1,7,,285169,16,,,1,8,,285172,16,,,1,9,,285154,16,,,1,60,,285105,16,,,1,18,,285106,16,,,1,20,,285107,16,,,1,60,,285108,16,,,1,20,,285109,16,,,1,20,,285110,16,,,1,60,,285111,16,,,1,20,,285112,16,,,1,20,,285113,16,,,1,60,,285114,16,,,1,20,,285115,16,,,1,20,,285116,16,,,1,60,,285117,16,,,1,20,,285118,16,,,1,20,,285119,16,,,1,60,,285120,16,,,1,20,,285121,16,,,1,20,,285122,16,,,1,60,,285123,16,,,1,25,,285124,16,,,1,12,,285164,16,0,24,1,9,,285125,16,,,1,51,,285157,16,0,24,1,9,,285126,16,,,1,11,,285158,16,0,24,1,9,,285166,16,,,1,11,,285173,16,0,24,1,9,,285156,16,,,1,51,,285152,16,0,24,1,9,,285127,16,,,1,11,,285149,16,0,24,1,9,,285129,16,,,1,11,,285150,16,0,24,1,9,,285128,16,,,1,51,,285151,16,0,24,1,9,,285130,16,,,1,11,,285174,16,0,24,1,11,,285131,16,,,1,16,,285132,16,,,1,58,,285133,16,,,1,20,,285134,16,,,1,20,,285135,16,,,1,60,,285136,16,,,1,20,,285137,16,,,1,20,,285138,16,,,1,60,,285139,16,,,1,20,,285140,16,,,1,20,,285148,16,,,1,68,,285141,16,,,1,99,,285142,16,,,1,100,,285143,16,,,1
71900,'719-Weekday-4-26-09-1111100',453,,285220,16,,,1,70,,285222,16,,,1,30,,285175,16,,,1,48,,285223,16,,,1,7,,285231,16,,,1,8,,285246,16,,,1,7,,285243,16,,,1,9,,285221,16,,,1,9,,285176,16,,,1,8,,285247,16,,,1,52,,285229,16,,,1,8,,285235,16,,,1,7,,285177,16,,,1,8,,285236,16,,,1,7,,285244,16,,,1,8,,285241,16,,,1,7,,285178,16,,,1,8,,285237,16,,,1,47,,285180,16,,,1,8,,285238,16,,,1,7,,285179,16,,,1,8,,285239,16,,,1,7,,285245,16,,,1,8,,285248,16,,,1,9,,285230,16,,,1,60,,285181,16,,,1,18,,285182,16,,,1,20,,285183,16,,,1,60,,285184,16,,,1,20,,285185,16,,,1,20,,285186,16,,,1,60,,285187,16,,,1,20,,285188,16,,,1,20,,285189,16,,,1,60,,285190,16,,,1,20,,285191,16,,,1,20,,285192,16,,,1,60,,285193,16,,,1,20,,285194,16,,,1,20,,285195,16,,,1,60,,285196,16,,,1,20,,285197,16,,,1,20,,285198,16,,,1,60,,285199,16,,,1,25,,285200,16,,,1,12,,285240,16,0,24,1,9,,285201,16,,,1,51,,285233,16,0,24,1,9,,285202,16,,,1,11,,285234,16,0,24,1,9,,285242,16,,,1,11,,285249,16,0,24,1,9,,285232,16,,,1,51,,285228,16,0,24,1,9,,285203,16,,,1,11,,285225,16,0,24,1,9,,285205,16,,,1,11,,285226,16,0,24,1,9,,285204,16,,,1,51,,285227,16,0,24,1,9,,285206,16,,,1,11,,285250,16,0,24,1,11,,285207,16,,,1,16,,285208,16,,,1,58,,285209,16,,,1,20,,285210,16,,,1,20,,285211,16,,,1,60,,285212,16,,,1,20,,285213,16,,,1,20,,285214,16,,,1,60,,285215,16,,,1,20,,285216,16,,,1,20,,285224,16,,,1,68,,285217,16,,,1,99,,285218,16,,,1,100,,285219,16,,,1
71900,'719-Weekday-5-26-09-1111100',453,,285296,16,,,1,70,,285298,16,,,1,30,,285251,16,,,1,48,,285299,16,,,1,7,,285307,16,,,1,8,,285322,16,,,1,7,,285319,16,,,1,9,,285297,16,,,1,9,,285252,16,,,1,8,,285323,16,,,1,52,,285305,16,,,1,8,,285311,16,,,1,7,,285253,16,,,1,8,,285312,16,,,1,7,,285320,16,,,1,8,,285317,16,,,1,7,,285254,16,,,1,8,,285313,16,,,1,47,,285256,16,,,1,8,,285314,16,,,1,7,,285255,16,,,1,8,,285315,16,,,1,7,,285321,16,,,1,8,,285324,16,,,1,9,,285306,16,,,1,60,,285257,16,,,1,18,,285258,16,,,1,20,,285259,16,,,1,60,,285260,16,,,1,20,,285261,16,,,1,20,,285262,16,,,1,60,,285263,16,,,1,20,,285264,16,,,1,20,,285265,16,,,1,60,,285266,16,,,1,20,,285267,16,,,1,20,,285268,16,,,1,60,,285269,16,,,1,20,,285270,16,,,1,20,,285271,16,,,1,60,,285272,16,,,1,20,,285273,16,,,1,20,,285274,16,,,1,60,,285275,16,,,1,25,,285276,16,,,1,12,,285316,16,0,24,1,9,,285277,16,,,1,51,,285309,16,0,24,1,9,,285278,16,,,1,11,,285310,16,0,24,1,9,,285318,16,,,1,11,,285325,16,0,24,1,9,,285308,16,,,1,51,,285304,16,0,24,1,9,,285279,16,,,1,11,,285301,16,0,24,1,9,,285281,16,,,1,11,,285302,16,0,24,1,9,,285280,16,,,1,51,,285303,16,0,24,1,9,,285282,16,,,1,11,,285326,16,0,24,1,11,,285283,16,,,1,16,,285284,16,,,1,58,,285285,16,,,1,20,,285286,16,,,1,20,,285287,16,,,1,60,,285288,16,,,1,20,,285289,16,,,1,20,,285290,16,,,1,60,,285291,16,,,1,20,,285292,16,,,1,20,,285300,16,,,1,68,,285293,16,,,1,99,,285294,16,,,1,100,,285295,16,,,1
71900,'719-Weekday-6-26-09-1111100',453,,285372,16,,,1,70,,285374,16,,,1,30,,285327,16,,,1,48,,285375,16,,,1,7,,285383,16,,,1,8,,285398,16,,,1,7,,285395,16,,,1,9,,285373,16,,,1,9,,285328,16,,,1,8,,285399,16,,,1,52,,285381,16,,,1,8,,285387,16,,,1,7,,285329,16,,,1,8,,285388,16,,,1,7,,285396,16,,,1,8,,285393,16,,,1,7,,285330,16,,,1,8,,285389,16,,,1,47,,285332,16,,,1,8,,285390,16,,,1,7,,285331,16,,,1,8,,285391,16,,,1,7,,285397,16,,,1,8,,285400,16,,,1,9,,285382,16,,,1,60,,285333,16,,,1,18,,285334,16,,,1,20,,285335,16,,,1,60,,285336,16,,,1,20,,285337,16,,,1,20,,285338,16,,,1,60,,285339,16,,,1,20,,285340,16,,,1,20,,285341,16,,,1,60,,285342,16,,,1,20,,285343,16,,,1,20,,285344,16,,,1,60,,285345,16,,,1,20,,285346,16,,,1,20,,285347,16,,,1,60,,285348,16,,,1,20,,285349,16,,,1,20,,285350,16,,,1,60,,285351,16,,,1,25,,285352,16,,,1,12,,285392,16,0,24,1,9,,285353,16,,,1,51,,285385,16,0,24,1,9,,285354,16,,,1,11,,285386,16,0,24,1,9,,285394,16,,,1,11,,285401,16,0,24,1,9,,285384,16,,,1,51,,285380,16,0,24,1,9,,285355,16,,,1,11,,285377,16,0,24,1,9,,285357,16,,,1,11,,285378,16,0,24,1,9,,285356,16,,,1,51,,285379,16,0,24,1,9,,285358,16,,,1,11,,285402,16,0,24,1,11,,285359,16,,,1,16,,285360,16,,,1,58,,285361,16,,,1,20,,285362,16,,,1,20,,285363,16,,,1,60,,285364,16,,,1,20,,285365,16,,,1,20,,285366,16,,,1,60,,285367,16,,,1,20,,285368,16,,,1,20,,285376,16,,,1,68,,285369,16,,,1,99,,285370,16,,,1,100,,285371,16,,,1
71900,'719-Weekday-7-26-09-1111100',453,,285448,16,,,1,70,,285450,16,,,1,30,,285403,16,,,1,48,,285451,16,,,1,7,,285459,16,,,1,8,,285474,16,,,1,7,,285471,16,,,1,9,,285449,16,,,1,9,,285404,16,,,1,8,,285475,16,,,1,52,,285457,16,,,1,8,,285463,16,,,1,7,,285405,16,,,1,8,,285464,16,,,1,7,,285472,16,,,1,8,,285469,16,,,1,7,,285406,16,,,1,8,,285465,16,,,1,47,,285408,16,,,1,8,,285466,16,,,1,7,,285407,16,,,1,8,,285467,16,,,1,7,,285473,16,,,1,8,,285476,16,,,1,9,,285458,16,,,1,60,,285409,16,,,1,18,,285410,16,,,1,20,,285411,16,,,1,60,,285412,16,,,1,20,,285413,16,,,1,20,,285414,16,,,1,60,,285415,16,,,1,20,,285416,16,,,1,20,,285417,16,,,1,60,,285418,16,,,1,20,,285419,16,,,1,20,,285420,16,,,1,60,,285421,16,,,1,20,,285422,16,,,1,20,,285423,16,,,1,60,,285424,16,,,1,20,,285425,16,,,1,20,,285426,16,,,1,60,,285427,16,,,1,25,,285428,16,,,1,12,,285468,16,0,24,1,9,,285429,16,,,1,51,,285461,16,0,24,1,9,,285430,16,,,1,11,,285462,16,0,24,1,9,,285470,16,,,1,11,,285477,16,0,24,1,9,,285460,16,,,1,51,,285456,16,0,24,1,9,,285431,16,,,1,11,,285453,16,0,24,1,9,,285433,16,,,1,11,,285454,16,0,24,1,9,,285432,16,,,1,51,,285455,16,0,24,1,9,,285434,16,,,1,11,,285478,16,0,24,1,11,,285435,16,,,1,16,,285436,16,,,1,58,,285437,16,,,1,20,,285438,16,,,1,20,,285439,16,,,1,60,,285440,16,,,1,20,,285441,16,,,1,20,,285442,16,,,1,60,,285443,16,,,1,20,,285444,16,,,1,20,,285452,16,,,1,68,,285445,16,,,1,99,,285446,16,,,1,100,,285447,16,,,1
71900,'719-Saturday-1-26-09-0000010',601,,285479,16,,,1,30,,285480,16,,,1,70,,285481,16,,,1,30,,285482,16,,,1,70,,285483,16,,,1,30,,285484,16,,,1,70,,285485,16,,,1,34,,285486,16,,,1,70,,285487,16,,,1,30,,285488,16,,,1,70,,285489,16,,,1,30,,285490,16,,,1,70,,285491,16,,,1,30,,285492,16,,,1,70,,285493,16,,,1,30,,285494,16,,,1,70,,285495,16,,,1,30,,285496,16,,,1,70,,285497,16,,,1,30,,285498,16,,,1,70,,285499,16,,,1,30,,285500,16,,,1,70,,285501,16,,,1,29,,285502,16,,,1,70,,285503,16,,,1,30,,285504,16,,,1,70,,285505,16,,,1,30,,285506,16,,,1,70,,285507,16,,,1,30,,285508,16,,,1,70,,285509,16,,,1,30,,285510,16,,,1,70,,285511,16,,,1,30,,285512,16,,,1,70,,285513,16,,,1,30,,285514,16,,,1,70,,285515,16,,,1
71900,'719-Sunday-1-26-09-0000001',602,,285516,16,,,1,100,,285517,16,,,1,100,,285518,16,,,1,100,,285519,16,,,1,102,,285520,16,,,1,100,,285521,16,,,1,30,,285522,16,,,1,70,,285523,16,,,1,30,,285524,16,,,1,70,,285525,16,,,1,30,,285526,16,,,1,70,,285527,16,,,1,30,,285528,16,,,1,70,,285529,16,,,1,30,,285530,16,,,1,70,,285531,16,,,1,30,,285532,16,,,1,70,,285533,16,,,1,29,,285534,16,,,1,70,,285535,16,,,1,30,,285536,16,,,1,70,,285537,16,,,1,30,,285538,16,,,1,85,,285539,16,,,1,100,,285540,16,,,1,100,,285541,16,,,1,100,,285542,16,,,1,100,,285543,16,,,1
