51501,'515-Weekday-1-26-09-1101100',800,,266291,19,,,1
51501,'515-Weekday-1-26-09-1111100',542,,266292,19,,,1,70,,266293,19,,,1,32,,266294,19,,,1,59,,266295,19,,,1,15,,266296,19,,,1,15,,266339,19,,,1,15,,266297,19,,,1,55,,266298,19,,,1,15,,266299,19,,,1,15,,266340,19,,,1,15,,266300,19,,,1,55,,266320,19,,,1,19,,266301,19,,,1,20,,266302,19,,,1,60,,266319,19,,,1,20,,266303,19,,,1,20,,266304,19,,,1,60,,266318,19,,,1,20,,266305,19,,,1,20,,266306,19,,,1,60,,266317,19,,,1,20,,266307,19,,,1,20,,266308,19,,,1,60,,266316,19,,,1,20,,266309,19,,,1,20,,266310,19,,,1,60,,266315,19,,,1,20,,266311,19,,,1,20,,266312,19,,,1,60,,266313,19,,,1,21,,266314,19,,,1,19,,266325,19,,,1,15,,266341,19,,,1,55,,266326,19,,,1,15,,266327,19,,,1,15,,266328,19,,,1,15,,266342,19,,,1,55,,266329,19,,,1,15,,266330,19,,,1,15,,266331,19,,,1,70,,266323,19,,,1,29,,266324,19,,,1,65,,266332,19,,,1,30,,266333,19,,,1,70,,266334,19,,,1,30,,266335,19,,,1,70,,266336,19,,,1,30,,266337,19,,,1,69,,266338,19,,,1,100,,266322,19,,,1,100,,266321,19,,,1
51501,'515-Weekday-2-26-09-1101100',800,,266343,19,,,1
51501,'515-Weekday-2-26-09-1111100',542,,266344,19,,,1,70,,266345,19,,,1,32,,266346,19,,,1,59,,266347,19,,,1,15,,266348,19,,,1,15,,266391,19,,,1,15,,266349,19,,,1,55,,266350,19,,,1,15,,266351,19,,,1,15,,266392,19,,,1,15,,266352,19,,,1,55,,266372,19,,,1,19,,266353,19,,,1,20,,266354,19,,,1,60,,266371,19,,,1,20,,266355,19,,,1,20,,266356,19,,,1,60,,266370,19,,,1,20,,266357,19,,,1,20,,266358,19,,,1,60,,266369,19,,,1,20,,266359,19,,,1,20,,266360,19,,,1,60,,266368,19,,,1,20,,266361,19,,,1,20,,266362,19,,,1,60,,266367,19,,,1,20,,266363,19,,,1,20,,266364,19,,,1,60,,266365,19,,,1,21,,266366,19,,,1,19,,266377,19,,,1,15,,266393,19,,,1,55,,266378,19,,,1,15,,266379,19,,,1,15,,266380,19,,,1,15,,266394,19,,,1,55,,266381,19,,,1,15,,266382,19,,,1,15,,266383,19,,,1,70,,266375,19,,,1,29,,266376,19,,,1,65,,266384,19,,,1,30,,266385,19,,,1,70,,266386,19,,,1,30,,266387,19,,,1,70,,266388,19,,,1,30,,266389,19,,,1,69,,266390,19,,,1,100,,266374,19,,,1,100,,266373,19,,,1
51501,'515-Weekday-3-26-09-1111100',542,,266395,19,,,1,70,,266396,19,,,1,32,,266397,19,,,1,59,,266398,19,,,1,15,,266399,19,,,1,15,,266442,19,,,1,15,,266400,19,,,1,55,,266401,19,,,1,15,,266402,19,,,1,15,,266443,19,,,1,15,,266403,19,,,1,55,,266423,19,,,1,19,,266404,19,,,1,20,,266405,19,,,1,60,,266422,19,,,1,20,,266406,19,,,1,20,,266407,19,,,1,60,,266421,19,,,1,20,,266408,19,,,1,20,,266409,19,,,1,60,,266420,19,,,1,20,,266410,19,,,1,20,,266411,19,,,1,60,,266419,19,,,1,20,,266412,19,,,1,20,,266413,19,,,1,60,,266418,19,,,1,20,,266414,19,,,1,20,,266415,19,,,1,60,,266416,19,,,1,21,,266417,19,,,1,19,,266428,19,,,1,15,,266444,19,,,1,55,,266429,19,,,1,15,,266430,19,,,1,15,,266431,19,,,1,15,,266445,19,,,1,55,,266432,19,,,1,15,,266433,19,,,1,15,,266434,19,,,1,70,,266426,19,,,1,29,,266427,19,,,1,65,,266435,19,,,1,30,,266436,19,,,1,70,,266437,19,,,1,30,,266438,19,,,1,70,,266439,19,,,1,30,,266440,19,,,1,69,,266441,19,,,1,100,,266425,19,,,1,100,,266424,19,,,1
51501,'515-Weekday-4-26-09-1111100',542,,266446,19,,,1,70,,266447,19,,,1,32,,266448,19,,,1,59,,266449,19,,,1,15,,266450,19,,,1,15,,266493,19,,,1,15,,266451,19,,,1,55,,266452,19,,,1,15,,266453,19,,,1,15,,266494,19,,,1,15,,266454,19,,,1,55,,266474,19,,,1,19,,266455,19,,,1,20,,266456,19,,,1,60,,266473,19,,,1,20,,266457,19,,,1,20,,266458,19,,,1,60,,266472,19,,,1,20,,266459,19,,,1,20,,266460,19,,,1,60,,266471,19,,,1,20,,266461,19,,,1,20,,266462,19,,,1,60,,266470,19,,,1,20,,266463,19,,,1,20,,266464,19,,,1,60,,266469,19,,,1,20,,266465,19,,,1,20,,266466,19,,,1,60,,266467,19,,,1,21,,266468,19,,,1,19,,266479,19,,,1,15,,266495,19,,,1,55,,266480,19,,,1,15,,266481,19,,,1,15,,266482,19,,,1,15,,266496,19,,,1,55,,266483,19,,,1,15,,266484,19,,,1,15,,266485,19,,,1,70,,266477,19,,,1,29,,266478,19,,,1,65,,266486,19,,,1,30,,266487,19,,,1,70,,266488,19,,,1,30,,266489,19,,,1,70,,266490,19,,,1,30,,266491,19,,,1,69,,266492,19,,,1,100,,266476,19,,,1,100,,266475,19,,,1
51501,'515-Weekday-5-26-09-1111100',542,,266497,19,,,1,70,,266498,19,,,1,32,,266499,19,,,1,59,,266500,19,,,1,15,,266501,19,,,1,15,,266544,19,,,1,15,,266502,19,,,1,55,,266503,19,,,1,15,,266504,19,,,1,15,,266545,19,,,1,15,,266505,19,,,1,55,,266525,19,,,1,19,,266506,19,,,1,20,,266507,19,,,1,60,,266524,19,,,1,20,,266508,19,,,1,20,,266509,19,,,1,60,,266523,19,,,1,20,,266510,19,,,1,20,,266511,19,,,1,60,,266522,19,,,1,20,,266512,19,,,1,20,,266513,19,,,1,60,,266521,19,,,1,20,,266514,19,,,1,20,,266515,19,,,1,60,,266520,19,,,1,20,,266516,19,,,1,20,,266517,19,,,1,60,,266518,19,,,1,21,,266519,19,,,1,19,,266530,19,,,1,15,,266546,19,,,1,55,,266531,19,,,1,15,,266532,19,,,1,15,,266533,19,,,1,15,,266547,19,,,1,55,,266534,19,,,1,15,,266535,19,,,1,15,,266536,19,,,1,70,,266528,19,,,1,29,,266529,19,,,1,65,,266537,19,,,1,30,,266538,19,,,1,70,,266539,19,,,1,30,,266540,19,,,1,70,,266541,19,,,1,30,,266542,19,,,1,69,,266543,19,,,1,100,,266527,19,,,1,100,,266526,19,,,1
51501,'515-Weekday-6-26-09-1101100',800,,266548,19,,,1
51501,'515-Weekday-6-26-09-1111100',542,,266549,19,,,1,70,,266550,19,,,1,32,,266551,19,,,1,59,,266552,19,,,1,15,,266553,19,,,1,15,,266596,19,,,1,15,,266554,19,,,1,55,,266555,19,,,1,15,,266556,19,,,1,15,,266597,19,,,1,15,,266557,19,,,1,55,,266577,19,,,1,19,,266558,19,,,1,20,,266559,19,,,1,60,,266576,19,,,1,20,,266560,19,,,1,20,,266561,19,,,1,60,,266575,19,,,1,20,,266562,19,,,1,20,,266563,19,,,1,60,,266574,19,,,1,20,,266564,19,,,1,20,,266565,19,,,1,60,,266573,19,,,1,20,,266566,19,,,1,20,,266567,19,,,1,60,,266572,19,,,1,20,,266568,19,,,1,20,,266569,19,,,1,60,,266570,19,,,1,21,,266571,19,,,1,19,,266582,19,,,1,15,,266598,19,,,1,55,,266583,19,,,1,15,,266584,19,,,1,15,,266585,19,,,1,15,,266599,19,,,1,55,,266586,19,,,1,15,,266587,19,,,1,15,,266588,19,,,1,70,,266580,19,,,1,29,,266581,19,,,1,65,,266589,19,,,1,30,,266590,19,,,1,70,,266591,19,,,1,30,,266592,19,,,1,70,,266593,19,,,1,30,,266594,19,,,1,69,,266595,19,,,1,100,,266579,19,,,1,100,,266578,19,,,1
51501,'515-Weekday-7-26-09-1111100',542,,266600,19,,,1,70,,266601,19,,,1,32,,266602,19,,,1,59,,266603,19,,,1,15,,266604,19,,,1,15,,266647,19,,,1,15,,266605,19,,,1,55,,266606,19,,,1,15,,266607,19,,,1,15,,266648,19,,,1,15,,266608,19,,,1,55,,266628,19,,,1,19,,266609,19,,,1,20,,266610,19,,,1,60,,266627,19,,,1,20,,266611,19,,,1,20,,266612,19,,,1,60,,266626,19,,,1,20,,266613,19,,,1,20,,266614,19,,,1,60,,266625,19,,,1,20,,266615,19,,,1,20,,266616,19,,,1,60,,266624,19,,,1,20,,266617,19,,,1,20,,266618,19,,,1,60,,266623,19,,,1,20,,266619,19,,,1,20,,266620,19,,,1,60,,266621,19,,,1,21,,266622,19,,,1,19,,266633,19,,,1,15,,266649,19,,,1,55,,266634,19,,,1,15,,266635,19,,,1,15,,266636,19,,,1,15,,266650,19,,,1,55,,266637,19,,,1,15,,266638,19,,,1,15,,266639,19,,,1,70,,266631,19,,,1,29,,266632,19,,,1,65,,266640,19,,,1,30,,266641,19,,,1,70,,266642,19,,,1,30,,266643,19,,,1,70,,266644,19,,,1,30,,266645,19,,,1,69,,266646,19,,,1,100,,266630,19,,,1,100,,266629,19,,,1
51501,'515-Saturday-1-26-09-0000010',556,,266680,19,,,1,100,,266651,19,,,1,99,,266652,19,,,1,82,,266653,19,,,1,20,,266694,19,,,1,61,,266654,19,,,1,22,,266655,19,,,1,60,,266684,19,,,1,20,,266656,19,,,1,20,,266657,19,,,1,60,,266685,19,,,1,20,,266658,19,,,1,20,,266659,19,,,1,60,,266686,19,,,1,20,,266660,19,,,1,20,,266661,19,,,1,60,,266687,19,,,1,20,,266662,19,,,1,20,,266663,19,,,1,60,,266688,19,,,1,20,,266664,19,,,1,20,,266665,19,,,1,60,,266689,19,,,1,20,,266666,19,,,1,20,,266667,19,,,1,60,,266690,19,,,1,20,,266668,19,,,1,20,,266669,19,,,1,60,,266691,19,,,1,20,,266670,19,,,1,20,,266671,19,,,1,60,,266692,19,,,1,20,,266672,19,,,1,20,,266673,19,,,1,60,,266693,19,,,1,20,,266674,19,,,1,23,,266675,19,,,1,70,,266681,19,,,1,30,,266676,19,,,1,70,,266682,19,,,1,30,,266677,19,,,1,70,,266678,19,,,1,100,,266679,19,,,1,100,,266683,19,,,1
51501,'515-Sunday-1-26-09-0000001',556,,266695,19,,,1,100,,266696,19,,,1,100,,266697,19,,,1,100,,266698,19,,,1,100,,266699,19,,,1,65,,266725,19,,,1,20,,266700,19,,,1,60,,266701,19,,,1,20,,266726,19,,,1,20,,266702,19,,,1,60,,266703,19,,,1,20,,266727,19,,,1,20,,266704,19,,,1,60,,266705,19,,,1,20,,266728,19,,,1,20,,266706,19,,,1,60,,266707,19,,,1,20,,266729,19,,,1,20,,266708,19,,,1,60,,266709,19,,,1,20,,266730,19,,,1,20,,266711,19,,,1,60,,266712,19,,,1,20,,266731,19,,,1,20,,266713,19,,,1,62,,266710,19,,,1,20,,266732,19,,,1,20,,266714,19,,,1,60,,266715,19,,,1,20,,266733,19,,,1,20,,266716,19,,,1,60,,266734,19,,,1,20,,266717,19,,,1,20,,266718,19,,,1,70,,266723,19,,,1,30,,266719,19,,,1,70,,266724,19,,,1,100,,266720,19,,,1,100,,266721,19,,,1,100,,266722,19,,,1
