24093000,'930X-Weekday-1-26-09-1111100',607,,311232,12,,,1,30,,311233,12,,,1,12,,311240,12,,,1,52,,311234,12,,,1,12,,311236,12,,,1,12,,311241,12,,,1,12,,311235,12,,,1,12,,311242,12,,,1,52,,311231,12,,,1,12,,311237,12,,,1,12,,311243,12,,,1,12,,311230,12,,,1,12,,311244,12,,,1,52,,311238,12,,,1,12,,311239,12,,,1
24093000,'930X-Weekday-3-26-09-1111100',607,,311262,12,,,1,30,,311263,12,,,1,12,,311270,12,,,1,52,,311264,12,,,1,12,,311266,12,,,1,12,,311271,12,,,1,12,,311265,12,,,1,12,,311272,12,,,1,52,,311261,12,,,1,12,,311267,12,,,1,12,,311273,12,,,1,12,,311260,12,,,1,12,,311274,12,,,1,52,,311268,12,,,1,12,,311269,12,,,1
24093000,'930X-Weekday-4-26-09-1111100',607,,311277,12,,,1,30,,311278,12,,,1,12,,311285,12,,,1,52,,311279,12,,,1,12,,311281,12,,,1,12,,311286,12,,,1,12,,311280,12,,,1,12,,311287,12,,,1,52,,311276,12,,,1,12,,311282,12,,,1,12,,311288,12,,,1,12,,311275,12,,,1,12,,311289,12,,,1,52,,311283,12,,,1,12,,311284,12,,,1
24093000,'930X-Weekday-5-26-09-1111100',607,,311292,12,,,1,30,,311293,12,,,1,12,,311300,12,,,1,52,,311294,12,,,1,12,,311296,12,,,1,12,,311301,12,,,1,12,,311295,12,,,1,12,,311302,12,,,1,52,,311291,12,,,1,12,,311297,12,,,1,12,,311303,12,,,1,12,,311290,12,,,1,12,,311304,12,,,1,52,,311298,12,,,1,12,,311299,12,,,1
24093000,'930X-Weekday-6-26-09-1111100',607,,311307,12,,,1,30,,311308,12,,,1,12,,311315,12,,,1,52,,311309,12,,,1,12,,311311,12,,,1,12,,311316,12,,,1,12,,311310,12,,,1,12,,311317,12,,,1,52,,311306,12,,,1,12,,311312,12,,,1,12,,311318,12,,,1,12,,311305,12,,,1,12,,311319,12,,,1,52,,311313,12,,,1,12,,311314,12,,,1
24093000,'930X-Weekday-7-26-09-1111100',607,,311322,12,,,1,30,,311323,12,,,1,12,,311330,12,,,1,52,,311324,12,,,1,12,,311326,12,,,1,12,,311331,12,,,1,12,,311325,12,,,1,12,,311332,12,,,1,52,,311321,12,,,1,12,,311327,12,,,1,12,,311333,12,,,1,12,,311320,12,,,1,12,,311334,12,,,1,52,,311328,12,,,1,12,,311329,12,,,1
24093001,'930X-Weekday-1-26-09-1111100',1548,,311335,24,,,1,55,,311336,24,,,1,15,,311343,24,,,1,15,,311337,24,,,1,15,,311338,24,,,1,55,,311339,24,,,1,15,,311344,24,,,1,15,,311340,24,,,1,15,,311341,24,,,1,55,,311342,24,,,1,15,,311345,24,,,1
24093001,'930X-Weekday-3-26-09-1111100',1548,,311357,24,,,1,55,,311358,24,,,1,15,,311365,24,,,1,15,,311359,24,,,1,15,,311360,24,,,1,55,,311361,24,,,1,15,,311366,24,,,1,15,,311362,24,,,1,15,,311363,24,,,1,55,,311364,24,,,1,15,,311367,24,,,1
24093001,'930X-Weekday-4-26-09-1111100',1548,,311368,24,,,1,55,,311369,24,,,1,15,,311376,24,,,1,15,,311370,24,,,1,15,,311371,24,,,1,55,,311372,24,,,1,15,,311377,24,,,1,15,,311373,24,,,1,15,,311374,24,,,1,55,,311375,24,,,1,15,,311378,24,,,1
24093001,'930X-Weekday-5-26-09-1111100',1548,,311379,24,,,1,55,,311380,24,,,1,15,,311387,24,,,1,15,,311381,24,,,1,15,,311382,24,,,1,55,,311383,24,,,1,15,,311388,24,,,1,15,,311384,24,,,1,15,,311385,24,,,1,55,,311386,24,,,1,15,,311389,24,,,1
24093001,'930X-Weekday-6-26-09-1111100',1548,,311390,24,,,1,55,,311391,24,,,1,15,,311398,24,,,1,15,,311392,24,,,1,15,,311393,24,,,1,55,,311394,24,,,1,15,,311399,24,,,1,15,,311395,24,,,1,15,,311396,24,,,1,55,,311397,24,,,1,15,,311400,24,,,1
24093001,'930X-Weekday-7-26-09-1111100',1548,,311401,24,,,1,55,,311402,24,,,1,15,,311409,24,,,1,15,,311403,24,,,1,15,,311404,24,,,1,55,,311405,24,,,1,15,,311410,24,,,1,15,,311406,24,,,1,15,,311407,24,,,1,55,,311408,24,,,1,15,,311411,24,,,1
