10700,'107-Weekday-1-26-06-1111100',549,,170850,45,,,1,70,,170851,45,,,1,33,,170852,45,,,1,57,,170853,45,,,1,15,,170854,45,,,1,15,,170855,45,,,1,15,,170856,45,,,1,55,,170857,45,,,1,15,,170858,45,,,1,15,,170859,45,,,1,15,,170860,45,,,1,58,,170861,45,,,1,20,,170862,45,,,1,20,,170863,45,,,1,60,,170864,45,,,1,20,,170865,45,,,1,20,,170866,45,,,1,60,,170867,45,,,1,20,,170868,45,,,1,20,,170869,45,,,1,60,,170870,45,,,1,20,,170871,45,,,1,20,,170872,45,,,1,60,,170873,45,,,1,20,,170874,45,,,1,20,,170875,45,,,1,60,,170876,45,,,1,20,,170877,45,,,1,20,,170878,45,,,1,63,,170899,45,,,1,18,,170893,45,,,1,15,,170879,45,,,1,55,,170894,45,,,1,15,,170880,45,,,1,15,,170895,45,,,1,15,,170881,45,,,1,55,,170896,45,,,1,15,,170882,45,,,1,15,,170892,45,,,1,15,,170900,45,,,1,60,,170897,45,,,1,19,,170898,45,,,1,17,,170884,45,,,1,67,,170885,45,,,1,30,,170886,45,,,1,70,,170887,45,,,1,30,,170888,45,,,1,70,,170889,45,,,1,30,,170890,45,,,1,70,,170891,45,,,1,30,,170883,45,,,1
10700,'107-Weekday-2-26-06-1111100',549,,193105,45,,,1,70,,193106,45,,,1,33,,193107,45,,,1,57,,193108,45,,,1,15,,193109,45,,,1,15,,193110,45,,,1,15,,193111,45,,,1,55,,193112,45,,,1,15,,193113,45,,,1,15,,193114,45,,,1,15,,193115,45,,,1,58,,193116,45,,,1,20,,193117,45,,,1,20,,193118,45,,,1,60,,193119,45,,,1,20,,193120,45,,,1,20,,193121,45,,,1,60,,193122,45,,,1,20,,193123,45,,,1,20,,193124,45,,,1,60,,193125,45,,,1,20,,193126,45,,,1,20,,193127,45,,,1,60,,193128,45,,,1,20,,193129,45,,,1,20,,193130,45,,,1,60,,193131,45,,,1,20,,193132,45,,,1,20,,193133,45,,,1,63,,193154,45,,,1,18,,193148,45,,,1,15,,193134,45,,,1,55,,193149,45,,,1,15,,193135,45,,,1,15,,193150,45,,,1,15,,193136,45,,,1,55,,193151,45,,,1,15,,193137,45,,,1,15,,193147,45,,,1,15,,193155,45,,,1,60,,193152,45,,,1,19,,193153,45,,,1,17,,193139,45,,,1,67,,193140,45,,,1,30,,193141,45,,,1,70,,193142,45,,,1,30,,193143,45,,,1,70,,193144,45,,,1,30,,193145,45,,,1,70,,193146,45,,,1,30,,193138,45,,,1
10700,'107-Saturday-1-26-06-0000010',842,,170901,45,,,1,70,,170902,45,,,1,30,,170903,45,,,1,70,,170904,45,,,1,30,,170905,45,,,1,70,,170906,45,,,1,30,,170907,45,,,1,70,,170908,45,,,1,30,,170909,45,,,1,70,,170910,45,,,1,30,,170911,45,,,1,70,,170912,45,,,1,30,,170913,45,,,1,70,,170914,45,,,1,30,,170915,45,,,1,70,,170916,45,,,1,30,,170917,45,,,1,70,,170918,45,,,1,30,,170919,45,,,1,70,,170920,45,,,1,30,,170921,45,,,1,70,,170922,45,,,1,30,,170923,45,,,1
10700,'107-Saturday-2-26-06-0000010',842,,211405,45,,,1,70,,211406,45,,,1,30,,211407,45,,,1,70,,211408,45,,,1,30,,211409,45,,,1,70,,211410,45,,,1,30,,211411,45,,,1,70,,211412,45,,,1,30,,211413,45,,,1,70,,211414,45,,,1,30,,211415,45,,,1,70,,211416,45,,,1,30,,211417,45,,,1,70,,211418,45,,,1,30,,211419,45,,,1,70,,211420,45,,,1,30,,211421,45,,,1,70,,211422,45,,,1,30,,211423,45,,,1,70,,211424,45,,,1,30,,211425,45,,,1,70,,211426,45,,,1,30,,211427,45,,,1
10700,'107-Sunday-2-26-06-0000001',1030,,193156,45,,,1,70,,193157,45,,,1,30,,193158,45,,,1,70,,193159,45,,,1,30,,193160,45,,,1,70,,193161,45,,,1,30,,193162,45,,,1,70,,193163,45,,,1,30,,193164,45,,,1,70,,193165,45,,,1,30,,193166,45,,,1,70,,193167,45,,,1,30,,193168,45,,,1,70,,193169,45,,,1,30,,193170,45,,,1,70,,193171,45,,,1,30,,193172,45,,,1,70,,193173,45,,,1,30,,193174,45,,,1
10700,'107-Sunday-3-26-06-0000001',1030,,211428,45,,,1,70,,211429,45,,,1,30,,211430,45,,,1,70,,211431,45,,,1,30,,211432,45,,,1,70,,211433,45,,,1,30,,211434,45,,,1,70,,211435,45,,,1,30,,211436,45,,,1,70,,211437,45,,,1,30,,211438,45,,,1,70,,211439,45,,,1,30,,211440,45,,,1,70,,211441,45,,,1,30,,211442,45,,,1,70,,211443,45,,,1,30,,211444,45,,,1,70,,211445,45,,,1,30,,211446,45,,,1
10700,'107-Sunday-6-26-06-0000001',1030,,211447,45,,,1,70,,211448,45,,,1,30,,211449,45,,,1,70,,211450,45,,,1,30,,211451,45,,,1,70,,211452,45,,,1,30,,211453,45,,,1,70,,211454,45,,,1,30,,211455,45,,,1,70,,211456,45,,,1,30,,211457,45,,,1,70,,211458,45,,,1,30,,211459,45,,,1,70,,211460,45,,,1,30,,211461,45,,,1,70,,211462,45,,,1,30,,211463,45,,,1,70,,211464,45,,,1,30,,211465,45,,,1
10700,'107-Sunday-7-26-06-0000001',1030,,211466,45,,,1,70,,211467,45,,,1,30,,211468,45,,,1,70,,211469,45,,,1,30,,211470,45,,,1,70,,211471,45,,,1,30,,211472,45,,,1,70,,211473,45,,,1,30,,211474,45,,,1,70,,211475,45,,,1,30,,211476,45,,,1,70,,211477,45,,,1,30,,211478,45,,,1,70,,211479,45,,,1,30,,211480,45,,,1,70,,211481,45,,,1,30,,211482,45,,,1,70,,211483,45,,,1,30,,211484,45,,,1
11700,'117-Weekday-1-26-06-1111100',550,,172724,31,,,1,70,,172725,31,,,1,33,,172753,31,,,1,70,,172754,31,,,1,30,,172755,31,,,1,70,,172756,31,,,1,30,,172726,31,,,1,69,,172727,31,,,1,30,,172728,31,,,1,70,,172729,31,,,1,30,,172730,31,,,1,70,,172731,31,,,1,30,,172732,31,,,1,70,,172733,31,,,1,30,,172734,31,,,1,70,,172735,31,,,1,30,,172736,31,,,1,70,,172737,31,,,1,30,,172738,31,,,1,72,,172739,31,,,1,30,,172740,31,,,1,70,,172741,31,,,1,30,,172742,31,,,1,70,,172743,31,,,1,30,,172744,31,,,1,70,,172745,31,,,1,27,,172746,31,,,1,70,,172747,31,,,1,30,,172748,31,,,1,70,,172749,31,,,1,30,,172750,31,,,1,70,,172751,31,,,1,30,,172752,31,,,1
11700,'117-Weekday-3-26-06-1111100',550,,194152,31,,,1,70,,194153,31,,,1,33,,194181,31,,,1,70,,194182,31,,,1,30,,194183,31,,,1,70,,194184,31,,,1,30,,194154,31,,,1,69,,194155,31,,,1,30,,194156,31,,,1,70,,194157,31,,,1,30,,194158,31,,,1,70,,194159,31,,,1,30,,194160,31,,,1,70,,194161,31,,,1,30,,194162,31,,,1,70,,194163,31,,,1,30,,194164,31,,,1,70,,194165,31,,,1,30,,194166,31,,,1,72,,194167,31,,,1,30,,194168,31,,,1,70,,194169,31,,,1,30,,194170,31,,,1,70,,194171,31,,,1,30,,194172,31,,,1,70,,194173,31,,,1,27,,194174,31,,,1,70,,194175,31,,,1,30,,194176,31,,,1,70,,194177,31,,,1,30,,194178,31,,,1,70,,194179,31,,,1,30,,194180,31,,,1
11700,'117-Saturday-1-26-06-0000010',606,,172757,31,,,1,100,,172758,31,,,1,100,,172759,31,,,1,45,,172760,31,,,1,72,,172787,31,,,1,30,,172778,31,,,1,70,,172779,31,,,1,30,,172780,31,,,1,70,,172781,31,,,1,30,,172782,31,,,1,70,,172783,31,,,1,30,,172784,31,,,1,70,,172785,31,,,1,30,,172786,31,,,1,70,,172777,31,,,1,30,,172762,31,,,1,70,,172763,31,,,1,30,,172764,31,,,1,70,,172765,31,,,1,30,,172766,31,,,1,68,,172767,31,,,1,30,,172768,31,,,1,70,,172769,31,,,1,30,,172770,31,,,1,70,,172771,31,,,1,30,,172772,31,,,1,70,,172773,31,,,1,30,,172774,31,,,1,70,,172775,31,,,1,30,,172776,31,,,1,70,,172761,31,,,1
11700,'117-Saturday-2-26-06-0000010',606,,213003,31,,,1,100,,213004,31,,,1,100,,213005,31,,,1,45,,213006,31,,,1,72,,213033,31,,,1,30,,213024,31,,,1,70,,213025,31,,,1,30,,213026,31,,,1,70,,213027,31,,,1,30,,213028,31,,,1,70,,213029,31,,,1,30,,213030,31,,,1,70,,213031,31,,,1,30,,213032,31,,,1,70,,213023,31,,,1,30,,213008,31,,,1,70,,213009,31,,,1,30,,213010,31,,,1,70,,213011,31,,,1,30,,213012,31,,,1,68,,213013,31,,,1,30,,213014,31,,,1,70,,213015,31,,,1,30,,213016,31,,,1,70,,213017,31,,,1,30,,213018,31,,,1,70,,213019,31,,,1,30,,213020,31,,,1,70,,213021,31,,,1,30,,213022,31,,,1,70,,213007,31,,,1
11700,'117-Sunday-2-26-06-0000001',630,,194185,31,,,1,100,,194186,31,,,1,100,,194187,31,,,1,101,,194188,31,,,1,100,,194189,31,,,1,70,,194190,31,,,1,30,,194191,31,,,1,70,,194192,31,,,1,30,,194193,31,,,1,70,,194194,31,,,1,30,,194195,31,,,1,70,,194196,31,,,1,30,,194197,31,,,1,70,,194198,31,,,1,30,,194199,31,,,1,70,,194200,31,,,1,30,,194201,31,,,1,70,,194202,31,,,1,29,,194203,31,,,1,70,,194204,31,,,1,30,,194205,31,,,1,70,,194206,31,,,1,100,,194207,31,,,1,100,,194208,31,,,1
11700,'117-Sunday-3-26-06-0000001',630,,213034,31,,,1,100,,213035,31,,,1,100,,213036,31,,,1,101,,213037,31,,,1,100,,213038,31,,,1,70,,213039,31,,,1,30,,213040,31,,,1,70,,213041,31,,,1,30,,213042,31,,,1,70,,213043,31,,,1,30,,213044,31,,,1,70,,213045,31,,,1,30,,213046,31,,,1,70,,213047,31,,,1,30,,213048,31,,,1,70,,213049,31,,,1,30,,213050,31,,,1,70,,213051,31,,,1,29,,213052,31,,,1,70,,213053,31,,,1,30,,213054,31,,,1,70,,213055,31,,,1,100,,213056,31,,,1,100,,213057,31,,,1
11700,'117-Sunday-6-26-06-0000001',630,,213058,31,,,1,100,,213059,31,,,1,100,,213060,31,,,1,101,,213061,31,,,1,100,,213062,31,,,1,70,,213063,31,,,1,30,,213064,31,,,1,70,,213065,31,,,1,30,,213066,31,,,1,70,,213067,31,,,1,30,,213068,31,,,1,70,,213069,31,,,1,30,,213070,31,,,1,70,,213071,31,,,1,30,,213072,31,,,1,70,,213073,31,,,1,30,,213074,31,,,1,70,,213075,31,,,1,29,,213076,31,,,1,70,,213077,31,,,1,30,,213078,31,,,1,70,,213079,31,,,1,100,,213080,31,,,1,100,,213081,31,,,1
11700,'117-Sunday-7-26-06-0000001',630,,213082,31,,,1,100,,213083,31,,,1,100,,213084,31,,,1,101,,213085,31,,,1,100,,213086,31,,,1,70,,213087,31,,,1,30,,213088,31,,,1,70,,213089,31,,,1,30,,213090,31,,,1,70,,213091,31,,,1,30,,213092,31,,,1,70,,213093,31,,,1,30,,213094,31,,,1,70,,213095,31,,,1,30,,213096,31,,,1,70,,213097,31,,,1,30,,213098,31,,,1,70,,213099,31,,,1,29,,213100,31,,,1,70,,213101,31,,,1,30,,213102,31,,,1,70,,213103,31,,,1,100,,213104,31,,,1,100,,213105,31,,,1
