52100,'521-Weekday-1-26-09-1111100',555,,269991,28,,,1,70,,270021,28,,,1,12,,270031,28,,,1,17,,270030,28,,,1,54,,269992,28,,,1,12,,270027,28,,,1,12,,269995,28,,,1,4,,270039,28,,,1,8,,269993,28,,,1,12,,269994,28,,,1,52,,269996,28,,,1,12,,270029,28,,,1,12,,269997,28,,,1,12,,269998,28,,,1,12,,269999,28,,,1,58,,270022,28,,,1,26,,270023,28,,,1,70,,270010,28,,,1,30,,270000,28,,,1,70,,270001,28,,,1,30,,270002,28,,,1,70,,270003,28,,,1,30,,270004,28,,,1,70,,270005,28,,,1,30,,270006,28,,,1,70,,270007,28,,,1,30,,270008,28,,,1,72,,270009,28,,,1,44,,270024,28,,,1,55,,270011,28,,,1,15,,270012,28,,,1,15,,270013,28,,,1,15,,270014,28,,,1,55,,270015,28,,,1,15,,270016,28,,,1,15,,270017,28,,,1,15,,270018,28,,,1,55,,270019,28,,,1,15,,270020,28,,,1,21,,270026,28,,,1,65,,270025,28,,,1,32,,270032,28,,,1,68,,270033,28,,,1,30,,270034,28,,,1,70,,270035,28,,,1,30,,270036,28,,,1,69,,270037,28,,,1,96,,270038,28,,,1,100,,270028,28,,,1
52100,'521-Weekday-3-26-09-1111100',555,,270089,28,,,1,70,,270119,28,,,1,12,,270129,28,,,1,17,,270128,28,,,1,54,,270090,28,,,1,12,,270125,28,,,1,12,,270093,28,,,1,4,,270137,28,,,1,8,,270091,28,,,1,12,,270092,28,,,1,52,,270094,28,,,1,12,,270127,28,,,1,12,,270095,28,,,1,12,,270096,28,,,1,12,,270097,28,,,1,58,,270120,28,,,1,26,,270121,28,,,1,70,,270108,28,,,1,30,,270098,28,,,1,70,,270099,28,,,1,30,,270100,28,,,1,70,,270101,28,,,1,30,,270102,28,,,1,70,,270103,28,,,1,30,,270104,28,,,1,70,,270105,28,,,1,30,,270106,28,,,1,72,,270107,28,,,1,44,,270122,28,,,1,55,,270109,28,,,1,15,,270110,28,,,1,15,,270111,28,,,1,15,,270112,28,,,1,55,,270113,28,,,1,15,,270114,28,,,1,15,,270115,28,,,1,15,,270116,28,,,1,55,,270117,28,,,1,15,,270118,28,,,1,21,,270124,28,,,1,65,,270123,28,,,1,32,,270130,28,,,1,68,,270131,28,,,1,30,,270132,28,,,1,70,,270133,28,,,1,30,,270134,28,,,1,69,,270135,28,,,1,96,,270136,28,,,1,100,,270126,28,,,1
52100,'521-Weekday-4-26-09-1111100',555,,270138,28,,,1,70,,270168,28,,,1,12,,270178,28,,,1,17,,270177,28,,,1,54,,270139,28,,,1,12,,270174,28,,,1,12,,270142,28,,,1,12,,270140,28,,,1,12,,270141,28,,,1,52,,270143,28,,,1,12,,270176,28,,,1,12,,270144,28,,,1,12,,270145,28,,,1,12,,270146,28,,,1,58,,270169,28,,,1,26,,270170,28,,,1,70,,270157,28,,,1,30,,270147,28,,,1,70,,270148,28,,,1,30,,270149,28,,,1,70,,270150,28,,,1,30,,270151,28,,,1,70,,270152,28,,,1,30,,270153,28,,,1,70,,270154,28,,,1,30,,270155,28,,,1,72,,270156,28,,,1,44,,270171,28,,,1,55,,270158,28,,,1,15,,270159,28,,,1,15,,270160,28,,,1,15,,270161,28,,,1,55,,270162,28,,,1,15,,270163,28,,,1,15,,270164,28,,,1,15,,270165,28,,,1,55,,270166,28,,,1,15,,270167,28,,,1,21,,270173,28,,,1,65,,270172,28,,,1,32,,270179,28,,,1,68,,270180,28,,,1,30,,270181,28,,,1,70,,270182,28,,,1,30,,270183,28,,,1,69,,270184,28,,,1,96,,270185,28,,,1,100,,270175,28,,,1
52100,'521-Weekday-5-26-09-1111100',555,,270186,28,,,1,70,,270216,28,,,1,12,,270226,28,,,1,17,,270225,28,,,1,54,,270187,28,,,1,12,,270222,28,,,1,12,,270190,28,,,1,12,,270188,28,,,1,12,,270189,28,,,1,52,,270191,28,,,1,12,,270224,28,,,1,12,,270192,28,,,1,12,,270193,28,,,1,12,,270194,28,,,1,58,,270217,28,,,1,26,,270218,28,,,1,70,,270205,28,,,1,30,,270195,28,,,1,70,,270196,28,,,1,30,,270197,28,,,1,70,,270198,28,,,1,30,,270199,28,,,1,70,,270200,28,,,1,30,,270201,28,,,1,70,,270202,28,,,1,30,,270203,28,,,1,72,,270204,28,,,1,44,,270219,28,,,1,55,,270206,28,,,1,15,,270207,28,,,1,15,,270208,28,,,1,15,,270209,28,,,1,55,,270210,28,,,1,15,,270211,28,,,1,15,,270212,28,,,1,15,,270213,28,,,1,55,,270214,28,,,1,15,,270215,28,,,1,21,,270221,28,,,1,65,,270220,28,,,1,32,,270227,28,,,1,68,,270228,28,,,1,30,,270229,28,,,1,70,,270230,28,,,1,30,,270231,28,,,1,69,,270232,28,,,1,96,,270233,28,,,1,100,,270223,28,,,1
52100,'521-Weekday-6-26-09-1111100',555,,270234,28,,,1,70,,270264,28,,,1,12,,270274,28,,,1,17,,270273,28,,,1,54,,270235,28,,,1,12,,270270,28,,,1,12,,270238,28,,,1,4,,270282,28,,,1,8,,270236,28,,,1,12,,270237,28,,,1,52,,270239,28,,,1,12,,270272,28,,,1,12,,270240,28,,,1,12,,270241,28,,,1,12,,270242,28,,,1,58,,270265,28,,,1,26,,270266,28,,,1,70,,270253,28,,,1,30,,270243,28,,,1,70,,270244,28,,,1,30,,270245,28,,,1,70,,270246,28,,,1,30,,270247,28,,,1,70,,270248,28,,,1,30,,270249,28,,,1,70,,270250,28,,,1,30,,270251,28,,,1,72,,270252,28,,,1,44,,270267,28,,,1,55,,270254,28,,,1,15,,270255,28,,,1,15,,270256,28,,,1,15,,270257,28,,,1,55,,270258,28,,,1,15,,270259,28,,,1,15,,270260,28,,,1,15,,270261,28,,,1,55,,270262,28,,,1,15,,270263,28,,,1,21,,270269,28,,,1,65,,270268,28,,,1,32,,270275,28,,,1,68,,270276,28,,,1,30,,270277,28,,,1,70,,270278,28,,,1,30,,270279,28,,,1,69,,270280,28,,,1,96,,270281,28,,,1,100,,270271,28,,,1
52100,'521-Weekday-7-26-09-1111100',555,,270283,28,,,1,70,,270313,28,,,1,12,,270323,28,,,1,17,,270322,28,,,1,54,,270284,28,,,1,12,,270319,28,,,1,12,,270287,28,,,1,12,,270285,28,,,1,12,,270286,28,,,1,52,,270288,28,,,1,12,,270321,28,,,1,12,,270289,28,,,1,12,,270290,28,,,1,12,,270291,28,,,1,58,,270314,28,,,1,26,,270315,28,,,1,70,,270302,28,,,1,30,,270292,28,,,1,70,,270293,28,,,1,30,,270294,28,,,1,70,,270295,28,,,1,30,,270296,28,,,1,70,,270297,28,,,1,30,,270298,28,,,1,70,,270299,28,,,1,30,,270300,28,,,1,72,,270301,28,,,1,44,,270316,28,,,1,55,,270303,28,,,1,15,,270304,28,,,1,15,,270305,28,,,1,15,,270306,28,,,1,55,,270307,28,,,1,15,,270308,28,,,1,15,,270309,28,,,1,15,,270310,28,,,1,55,,270311,28,,,1,15,,270312,28,,,1,21,,270318,28,,,1,65,,270317,28,,,1,32,,270324,28,,,1,68,,270325,28,,,1,30,,270326,28,,,1,70,,270327,28,,,1,30,,270328,28,,,1,69,,270329,28,,,1,96,,270330,28,,,1,100,,270320,28,,,1
52100,'521-Saturday-1-26-09-0000010',822,,270350,28,,,1,28,,270351,28,,,1,69,,270352,28,,,1,30,,270353,28,,,1,70,,270331,28,,,1,30,,270332,28,,,1,70,,270333,28,,,1,30,,270334,28,,,1,70,,270335,28,,,1,30,,270336,28,,,1,70,,270337,28,,,1,30,,270338,28,,,1,70,,270339,28,,,1,30,,270340,28,,,1,70,,270341,28,,,1,30,,270342,28,,,1,70,,270344,28,,,1,31,,270345,28,,,1,69,,270346,28,,,1,30,,270343,28,,,1,70,,270347,28,,,1,30,,270348,28,,,1,70,,270349,28,,,1
52100,'521-Sunday-1-26-09-0000001',1019,,270354,28,,,1,30,,270355,28,,,1,70,,270356,28,,,1,30,,270357,28,,,1,70,,270358,28,,,1,30,,270359,28,,,1,70,,270360,28,,,1,30,,270361,28,,,1,70,,270362,28,,,1,30,,270363,28,,,1,70,,270364,28,,,1,30,,270365,28,,,1,70,,270366,28,,,1,30,,270367,28,,,1,69,,270368,28,,,1,30,,270369,28,,,1,70,,270370,28,,,1,30,,270371,28,,,1,70,,270372,28,,,1
63801,'638-Weekday-1-26-09-0001000',1300,,273637,27,,,1
63801,'638-Weekday-1-26-09-1110100',1552,,273638,27,,,1
63801,'638-Weekday-1-26-09-1111100',1616,,273639,27,,,1
63801,'638-Weekday-4-26-09-1110100',1552,,273641,27,,,1
63801,'638-Weekday-7-26-09-1110100',1552,,273642,27,,,1
63801,'638-Weekday-7-26-09-1111100',1616,,273643,27,,,1
66400,'664-Weekday-1-26-09-0001000',1504,,273881,35,,,1,4,,273882,35,,,1
66400,'664-Weekday-1-26-09-1110100',1545,,273885,35,,,1,3,,273886,35,,,1
66400,'664-Weekday-7-26-09-1110100',1545,,273893,35,,,1,3,,273894,35,,,1
