10601,'106-Weekday-1-26-06-1111100',545,,170681,22,,,1,70,,170682,22,,,1,37,,170683,22,,,1,70,,170684,22,,,1,15,,170685,22,,,1,15,,170686,22,,,1,55,,170687,22,,,1,15,,170688,22,,,1,15,,170689,22,,,1,15,,170729,22,,,1,59,,170690,22,,,1,20,,170691,22,,,1,20,,170692,22,,,1,60,,170693,22,,,1,20,,170694,22,,,1,20,,170695,22,,,1,60,,170696,22,,,1,20,,170697,22,,,1,20,,170698,22,,,1,60,,170699,22,,,1,20,,170700,22,,,1,20,,170701,22,,,1,60,,170702,22,,,1,20,,170703,22,,,1,20,,170704,22,,,1,60,,170705,22,,,1,20,,170706,22,,,1,20,,170707,22,,,1,56,,170708,22,,,1,15,,170709,22,,,1,15,,170710,22,,,1,15,,170711,22,,,1,55,,170712,22,,,1,15,,170713,22,,,1,15,,170714,22,,,1,15,,170715,22,,,1,55,,170716,22,,,1,15,,170730,22,,,1,30,,170717,22,,,1,69,,170718,22,,,1,28,,170719,22,,,1,70,,170720,22,,,1,30,,170721,22,,,1,70,,170722,22,,,1,30,,170723,22,,,1,70,,170724,22,,,1,30,,170725,22,,,1,67,,170726,22,,,1,100,,170727,22,,,1,100,,170728,22,,,1
10601,'106-Weekday-4-26-06-1111100',545,,193022,22,,,1,70,,193023,22,,,1,37,,193024,22,,,1,70,,193025,22,,,1,15,,193026,22,,,1,15,,193027,22,,,1,55,,193028,22,,,1,15,,193029,22,,,1,15,,193030,22,,,1,15,,193070,22,,,1,59,,193031,22,,,1,20,,193032,22,,,1,20,,193033,22,,,1,60,,193034,22,,,1,20,,193035,22,,,1,20,,193036,22,,,1,60,,193037,22,,,1,20,,193038,22,,,1,20,,193039,22,,,1,60,,193040,22,,,1,20,,193041,22,,,1,20,,193042,22,,,1,60,,193043,22,,,1,20,,193044,22,,,1,20,,193045,22,,,1,60,,193046,22,,,1,20,,193047,22,,,1,20,,193048,22,,,1,56,,193049,22,,,1,15,,193050,22,,,1,15,,193051,22,,,1,15,,193052,22,,,1,55,,193053,22,,,1,15,,193054,22,,,1,15,,193055,22,,,1,15,,193056,22,,,1,55,,193057,22,,,1,15,,193071,22,,,1,30,,193058,22,,,1,69,,193059,22,,,1,28,,193060,22,,,1,70,,193061,22,,,1,30,,193062,22,,,1,70,,193063,22,,,1,30,,193064,22,,,1,70,,193065,22,,,1,30,,193066,22,,,1,67,,193067,22,,,1,100,,193068,22,,,1,100,,193069,22,,,1
10601,'106-Saturday-1-26-06-0000010',548,,170781,22,,,1,70,,170782,22,,,1,30,,170783,22,,,1,70,,170784,22,,,1,30,,170785,22,,,1,70,,170786,22,,,1,30,,170787,22,,,1,72,,170788,22,,,1,30,,170789,22,,,1,70,,170790,22,,,1,30,,170791,22,,,1,70,,170792,22,,,1,30,,170793,22,,,1,70,,170794,22,,,1,30,,170795,22,,,1,70,,170796,22,,,1,30,,170797,22,,,1,70,,170798,22,,,1,30,,170799,22,,,1,70,,170800,22,,,1,30,,170801,22,,,1,70,,170802,22,,,1,30,,170803,22,,,1,70,,170804,22,,,1,30,,170805,22,,,1,70,,170806,22,,,1,30,,170807,22,,,1,70,,170808,22,,,1,30,,170809,22,,,1,70,,170810,22,,,1,30,,170811,22,,,1,70,,170812,22,,,1,30,,170813,22,,,1,70,,170814,22,,,1,100,,170815,22,,,1,100,,170816,22,,,1
10601,'106-Saturday-2-26-06-0000010',548,,211270,22,,,1,70,,211271,22,,,1,30,,211272,22,,,1,70,,211273,22,,,1,30,,211274,22,,,1,70,,211275,22,,,1,30,,211276,22,,,1,72,,211277,22,,,1,30,,211278,22,,,1,70,,211279,22,,,1,30,,211280,22,,,1,70,,211281,22,,,1,30,,211282,22,,,1,70,,211283,22,,,1,30,,211284,22,,,1,70,,211285,22,,,1,30,,211286,22,,,1,70,,211287,22,,,1,30,,211288,22,,,1,70,,211289,22,,,1,30,,211290,22,,,1,70,,211291,22,,,1,30,,211292,22,,,1,70,,211293,22,,,1,30,,211294,22,,,1,70,,211295,22,,,1,30,,211296,22,,,1,70,,211297,22,,,1,30,,211298,22,,,1,70,,211299,22,,,1,30,,211300,22,,,1,70,,211301,22,,,1,30,,211302,22,,,1,70,,211303,22,,,1,100,,211304,22,,,1,100,,211305,22,,,1
10601,'106-Sunday-2-26-06-0000001',633,,193072,22,,,1,70,,193073,22,,,1,30,,193074,22,,,1,70,,193075,22,,,1,30,,193076,22,,,1,69,,193077,22,,,1,34,,193078,22,,,1,70,,193079,22,,,1,30,,193080,22,,,1,70,,193081,22,,,1,30,,193082,22,,,1,70,,193083,22,,,1,30,,193084,22,,,1,70,,193085,22,,,1,30,,193086,22,,,1,70,,193087,22,,,1,30,,193088,22,,,1,70,,193089,22,,,1,30,,193090,22,,,1,70,,193091,22,,,1,30,,193092,22,,,1,70,,193093,22,,,1,27,,193094,22,,,1,70,,193095,22,,,1,30,,193096,22,,,1,70,,193097,22,,,1,30,,193098,22,,,1,70,,193099,22,,,1,30,,193100,22,,,1,70,,193101,22,,,1,100,,193102,22,,,1,100,,193103,22,,,1,100,,193104,22,,,1
10601,'106-Sunday-3-26-06-0000001',633,,211306,22,,,1,70,,211307,22,,,1,30,,211308,22,,,1,70,,211309,22,,,1,30,,211310,22,,,1,69,,211311,22,,,1,34,,211312,22,,,1,70,,211313,22,,,1,30,,211314,22,,,1,70,,211315,22,,,1,30,,211316,22,,,1,70,,211317,22,,,1,30,,211318,22,,,1,70,,211319,22,,,1,30,,211320,22,,,1,70,,211321,22,,,1,30,,211322,22,,,1,70,,211323,22,,,1,30,,211324,22,,,1,70,,211325,22,,,1,30,,211326,22,,,1,70,,211327,22,,,1,27,,211328,22,,,1,70,,211329,22,,,1,30,,211330,22,,,1,70,,211331,22,,,1,30,,211332,22,,,1,70,,211333,22,,,1,30,,211334,22,,,1,70,,211335,22,,,1,100,,211336,22,,,1,100,,211337,22,,,1,100,,211338,22,,,1
10601,'106-Sunday-6-26-06-0000001',633,,211339,22,,,1,70,,211340,22,,,1,30,,211341,22,,,1,70,,211342,22,,,1,30,,211343,22,,,1,69,,211344,22,,,1,34,,211345,22,,,1,70,,211346,22,,,1,30,,211347,22,,,1,70,,211348,22,,,1,30,,211349,22,,,1,70,,211350,22,,,1,30,,211351,22,,,1,70,,211352,22,,,1,30,,211353,22,,,1,70,,211354,22,,,1,30,,211355,22,,,1,70,,211356,22,,,1,30,,211357,22,,,1,70,,211358,22,,,1,30,,211359,22,,,1,70,,211360,22,,,1,27,,211361,22,,,1,70,,211362,22,,,1,30,,211363,22,,,1,70,,211364,22,,,1,30,,211365,22,,,1,70,,211366,22,,,1,30,,211367,22,,,1,70,,211368,22,,,1,100,,211369,22,,,1,100,,211370,22,,,1,100,,211371,22,,,1
10601,'106-Sunday-7-26-06-0000001',633,,211372,22,,,1,70,,211373,22,,,1,30,,211374,22,,,1,70,,211375,22,,,1,30,,211376,22,,,1,69,,211377,22,,,1,34,,211378,22,,,1,70,,211379,22,,,1,30,,211380,22,,,1,70,,211381,22,,,1,30,,211382,22,,,1,70,,211383,22,,,1,30,,211384,22,,,1,70,,211385,22,,,1,30,,211386,22,,,1,70,,211387,22,,,1,30,,211388,22,,,1,70,,211389,22,,,1,30,,211390,22,,,1,70,,211391,22,,,1,30,,211392,22,,,1,70,,211393,22,,,1,27,,211394,22,,,1,70,,211395,22,,,1,30,,211396,22,,,1,70,,211397,22,,,1,30,,211398,22,,,1,70,,211399,22,,,1,30,,211400,22,,,1,70,,211401,22,,,1,100,,211402,22,,,1,100,,211403,22,,,1,100,,211404,22,,,1
24015000,'150X-Weekday-1-26-06-1111100',1516,,187132,18,,,1,20,,187133,18,,,1,20,,187134,18,,,1,60,,187135,18,,,1,20,,187136,18,,,1,20,,187137,18,,,1,60,,187138,18,,,1,20,,187139,18,,,1,20,,187140,18,,,1
24015000,'150X-Weekday-2-26-06-1111100',1516,,203036,18,,,1,20,,203037,18,,,1,20,,203038,18,,,1,60,,203039,18,,,1,20,,203040,18,,,1,20,,203041,18,,,1,60,,203042,18,,,1,20,,203043,18,,,1,20,,203044,18,,,1
