11700,'117-Weekday-1-26-06-1111100',540,,172724,18,,,1,70,,172725,18,,,1,31,,172753,18,,,1,70,,172754,18,,,1,30,,172755,18,,,1,70,,172756,18,,,1,30,,172726,18,,,1,69,,172727,18,,,1,30,,172728,18,,,1,70,,172729,18,,,1,30,,172730,18,,,1,70,,172731,18,,,1,30,,172732,18,,,1,70,,172733,18,,,1,30,,172734,18,,,1,70,,172735,18,,,1,30,,172736,18,,,1,70,,172737,18,,,1,30,,172738,18,,,1,71,,172739,18,,,1,30,,172740,18,,,1,70,,172741,18,,,1,30,,172742,18,,,1,70,,172743,18,,,1,30,,172744,18,,,1,70,,172745,18,,,1,29,,172746,18,,,1,70,,172747,18,,,1,30,,172748,18,,,1,70,,172749,18,,,1,30,,172750,18,,,1,70,,172751,18,,,1,30,,172752,18,,,1
11700,'117-Weekday-3-26-06-1111100',540,,194152,18,,,1,70,,194153,18,,,1,31,,194181,18,,,1,70,,194182,18,,,1,30,,194183,18,,,1,70,,194184,18,,,1,30,,194154,18,,,1,69,,194155,18,,,1,30,,194156,18,,,1,70,,194157,18,,,1,30,,194158,18,,,1,70,,194159,18,,,1,30,,194160,18,,,1,70,,194161,18,,,1,30,,194162,18,,,1,70,,194163,18,,,1,30,,194164,18,,,1,70,,194165,18,,,1,30,,194166,18,,,1,71,,194167,18,,,1,30,,194168,18,,,1,70,,194169,18,,,1,30,,194170,18,,,1,70,,194171,18,,,1,30,,194172,18,,,1,70,,194173,18,,,1,29,,194174,18,,,1,70,,194175,18,,,1,30,,194176,18,,,1,70,,194177,18,,,1,30,,194178,18,,,1,70,,194179,18,,,1,30,,194180,18,,,1
11700,'117-Saturday-1-26-06-0000010',555,,172757,18,,,1,100,,172758,18,,,1,100,,172759,18,,,1,85,,172760,18,,,1,70,,172787,18,,,1,30,,172778,18,,,1,70,,172779,18,,,1,30,,172780,18,,,1,70,,172781,18,,,1,30,,172782,18,,,1,70,,172783,18,,,1,30,,172784,18,,,1,70,,172785,18,,,1,30,,172786,18,,,1,70,,172777,18,,,1,30,,172762,18,,,1,70,,172763,18,,,1,30,,172764,18,,,1,70,,172765,18,,,1,30,,172766,18,,,1,70,,172767,18,,,1,30,,172768,18,,,1,70,,172769,18,,,1,30,,172770,18,,,1,70,,172771,18,,,1,30,,172772,18,,,1,70,,172773,18,,,1,30,,172774,18,,,1,70,,172775,18,,,1,30,,172776,18,,,1,70,,172761,18,,,1
11700,'117-Saturday-2-26-06-0000010',555,,213003,18,,,1,100,,213004,18,,,1,100,,213005,18,,,1,85,,213006,18,,,1,70,,213033,18,,,1,30,,213024,18,,,1,70,,213025,18,,,1,30,,213026,18,,,1,70,,213027,18,,,1,30,,213028,18,,,1,70,,213029,18,,,1,30,,213030,18,,,1,70,,213031,18,,,1,30,,213032,18,,,1,70,,213023,18,,,1,30,,213008,18,,,1,70,,213009,18,,,1,30,,213010,18,,,1,70,,213011,18,,,1,30,,213012,18,,,1,70,,213013,18,,,1,30,,213014,18,,,1,70,,213015,18,,,1,30,,213016,18,,,1,70,,213017,18,,,1,30,,213018,18,,,1,70,,213019,18,,,1,30,,213020,18,,,1,70,,213021,18,,,1,30,,213022,18,,,1,70,,213007,18,,,1
11700,'117-Sunday-2-26-06-0000001',617,,194185,18,,,1,100,,194186,18,,,1,100,,194187,18,,,1,100,,194188,18,,,1,100,,194189,18,,,1,30,,194190,18,,,1,70,,194191,18,,,1,30,,194192,18,,,1,70,,194193,18,,,1,30,,194194,18,,,1,70,,194195,18,,,1,30,,194196,18,,,1,70,,194197,18,,,1,30,,194198,18,,,1,70,,194199,18,,,1,30,,194200,18,,,1,70,,194201,18,,,1,30,,194202,18,,,1,70,,194203,18,,,1,30,,194204,18,,,1,70,,194205,18,,,1,30,,194206,18,,,1,100,,194207,18,,,1,100,,194208,18,,,1
11700,'117-Sunday-3-26-06-0000001',617,,213034,18,,,1,100,,213035,18,,,1,100,,213036,18,,,1,100,,213037,18,,,1,100,,213038,18,,,1,30,,213039,18,,,1,70,,213040,18,,,1,30,,213041,18,,,1,70,,213042,18,,,1,30,,213043,18,,,1,70,,213044,18,,,1,30,,213045,18,,,1,70,,213046,18,,,1,30,,213047,18,,,1,70,,213048,18,,,1,30,,213049,18,,,1,70,,213050,18,,,1,30,,213051,18,,,1,70,,213052,18,,,1,30,,213053,18,,,1,70,,213054,18,,,1,30,,213055,18,,,1,100,,213056,18,,,1,100,,213057,18,,,1
11700,'117-Sunday-6-26-06-0000001',617,,213058,18,,,1,100,,213059,18,,,1,100,,213060,18,,,1,100,,213061,18,,,1,100,,213062,18,,,1,30,,213063,18,,,1,70,,213064,18,,,1,30,,213065,18,,,1,70,,213066,18,,,1,30,,213067,18,,,1,70,,213068,18,,,1,30,,213069,18,,,1,70,,213070,18,,,1,30,,213071,18,,,1,70,,213072,18,,,1,30,,213073,18,,,1,70,,213074,18,,,1,30,,213075,18,,,1,70,,213076,18,,,1,30,,213077,18,,,1,70,,213078,18,,,1,30,,213079,18,,,1,100,,213080,18,,,1,100,,213081,18,,,1
11700,'117-Sunday-7-26-06-0000001',617,,213082,18,,,1,100,,213083,18,,,1,100,,213084,18,,,1,100,,213085,18,,,1,100,,213086,18,,,1,30,,213087,18,,,1,70,,213088,18,,,1,30,,213089,18,,,1,70,,213090,18,,,1,30,,213091,18,,,1,70,,213092,18,,,1,30,,213093,18,,,1,70,,213094,18,,,1,30,,213095,18,,,1,70,,213096,18,,,1,30,,213097,18,,,1,70,,213098,18,,,1,30,,213099,18,,,1,70,,213100,18,,,1,30,,213101,18,,,1,70,,213102,18,,,1,30,,213103,18,,,1,100,,213104,18,,,1,100,,213105,18,,,1
11800,'118-Weekday-1-26-06-1111100',509,,172900,24,,,1,30,,172901,24,,,1,70,,172902,24,,,1,31,,172938,24,,,1,60,,172903,24,,,1,20,,172931,24,,,1,20,,172904,24,,,1,60,,172905,24,,,1,20,,172932,24,,,1,20,,172937,24,,,1,70,,172906,24,,,1,30,,172907,24,,,1,70,,172908,24,,,1,30,,172909,24,,,1,70,,172910,24,,,1,30,,172911,24,,,1,70,,172912,24,,,1,30,,172913,24,,,1,70,,172914,24,,,1,30,,172915,24,,,1,70,,172916,24,,,1,30,,172917,24,,,1,71,,172918,24,,,1,30,,172919,24,,,1,60,,172920,24,,,1,20,,172933,24,,,1,20,,172921,24,,,1,60,,172922,24,,,1,20,,172934,24,,,1,20,,172936,24,,,1,70,,172923,24,,,1,29,,172924,24,,,1,70,,172925,24,,,1,30,,172926,24,,,1,70,,172927,24,,,1,30,,172928,24,,,1,70,,172929,24,,,1,30,,172930,24,,,1,70,,172935,24,,,1
11800,'118-Weekday-3-26-06-1111100',509,,194267,24,,,1,30,,194268,24,,,1,70,,194269,24,,,1,31,,194305,24,,,1,60,,194270,24,,,1,20,,194298,24,,,1,20,,194271,24,,,1,60,,194272,24,,,1,20,,194299,24,,,1,20,,194304,24,,,1,70,,194273,24,,,1,30,,194274,24,,,1,70,,194275,24,,,1,30,,194276,24,,,1,70,,194277,24,,,1,30,,194278,24,,,1,70,,194279,24,,,1,30,,194280,24,,,1,70,,194281,24,,,1,30,,194282,24,,,1,70,,194283,24,,,1,30,,194284,24,,,1,71,,194285,24,,,1,30,,194286,24,,,1,60,,194287,24,,,1,20,,194300,24,,,1,20,,194288,24,,,1,60,,194289,24,,,1,20,,194301,24,,,1,20,,194303,24,,,1,70,,194290,24,,,1,29,,194291,24,,,1,70,,194292,24,,,1,30,,194293,24,,,1,70,,194294,24,,,1,30,,194295,24,,,1,70,,194296,24,,,1,30,,194297,24,,,1,70,,194302,24,,,1
11800,'118-Saturday-1-26-06-0000010',626,,172939,24,,,1,100,,172940,24,,,1,100,,172941,24,,,1,31,,172942,24,,,1,70,,172943,24,,,1,30,,172944,24,,,1,70,,172945,24,,,1,30,,172946,24,,,1,70,,172947,24,,,1,30,,172948,24,,,1,70,,172949,24,,,1,30,,172950,24,,,1,70,,172951,24,,,1,30,,172952,24,,,1,70,,172953,24,,,1,30,,172954,24,,,1,70,,172955,24,,,1,30,,172956,24,,,1,70,,172957,24,,,1,30,,172958,24,,,1,70,,172959,24,,,1,30,,172960,24,,,1,70,,172961,24,,,1,30,,172962,24,,,1,70,,172963,24,,,1
11800,'118-Saturday-2-26-06-0000010',626,,213211,24,,,1,100,,213212,24,,,1,100,,213213,24,,,1,31,,213214,24,,,1,70,,213215,24,,,1,30,,213216,24,,,1,70,,213217,24,,,1,30,,213218,24,,,1,70,,213219,24,,,1,30,,213220,24,,,1,70,,213221,24,,,1,30,,213222,24,,,1,70,,213223,24,,,1,30,,213224,24,,,1,70,,213225,24,,,1,30,,213226,24,,,1,70,,213227,24,,,1,30,,213228,24,,,1,70,,213229,24,,,1,30,,213230,24,,,1,70,,213231,24,,,1,30,,213232,24,,,1,70,,213233,24,,,1,30,,213234,24,,,1,70,,213235,24,,,1
11800,'118-Sunday-2-26-06-0000001',648,,194326,24,,,1,100,,194306,24,,,1,100,,194307,24,,,1,102,,194308,24,,,1,100,,194309,24,,,1,85,,194310,24,,,1,70,,194311,24,,,1,30,,194312,24,,,1,70,,194313,24,,,1,30,,194314,24,,,1,70,,194315,24,,,1,30,,194316,24,,,1,70,,194317,24,,,1,30,,194318,24,,,1,70,,194319,24,,,1,30,,194320,24,,,1,69,,194321,24,,,1,29,,194322,24,,,1,70,,194323,24,,,1,30,,194324,24,,,1,70,,194325,24,,,1
11800,'118-Sunday-3-26-06-0000001',648,,213256,24,,,1,100,,213236,24,,,1,100,,213237,24,,,1,102,,213238,24,,,1,100,,213239,24,,,1,85,,213240,24,,,1,70,,213241,24,,,1,30,,213242,24,,,1,70,,213243,24,,,1,30,,213244,24,,,1,70,,213245,24,,,1,30,,213246,24,,,1,70,,213247,24,,,1,30,,213248,24,,,1,70,,213249,24,,,1,30,,213250,24,,,1,69,,213251,24,,,1,29,,213252,24,,,1,70,,213253,24,,,1,30,,213254,24,,,1,70,,213255,24,,,1
11800,'118-Sunday-6-26-06-0000001',648,,213277,24,,,1,100,,213257,24,,,1,100,,213258,24,,,1,102,,213259,24,,,1,100,,213260,24,,,1,85,,213261,24,,,1,70,,213262,24,,,1,30,,213263,24,,,1,70,,213264,24,,,1,30,,213265,24,,,1,70,,213266,24,,,1,30,,213267,24,,,1,70,,213268,24,,,1,30,,213269,24,,,1,70,,213270,24,,,1,30,,213271,24,,,1,69,,213272,24,,,1,29,,213273,24,,,1,70,,213274,24,,,1,30,,213275,24,,,1,70,,213276,24,,,1
11800,'118-Sunday-7-26-06-0000001',648,,213298,24,,,1,100,,213278,24,,,1,100,,213279,24,,,1,102,,213280,24,,,1,100,,213281,24,,,1,85,,213282,24,,,1,70,,213283,24,,,1,30,,213284,24,,,1,70,,213285,24,,,1,30,,213286,24,,,1,70,,213287,24,,,1,30,,213288,24,,,1,70,,213289,24,,,1,30,,213290,24,,,1,70,,213291,24,,,1,30,,213292,24,,,1,69,,213293,24,,,1,29,,213294,24,,,1,70,,213295,24,,,1,30,,213296,24,,,1,70,,213297,24,,,1
