91700,'917-Weekday-1-26-09-1111100',508,,298801,15,,,1,30,,298802,15,,,1,70,,298838,15,,,1,15,,298836,15,,,1,17,,298842,15,,,1,15,,298803,15,,,1,55,,298804,15,,,1,15,,298829,15,,,1,15,,298840,15,,,1,15,,298805,15,,,1,55,,298806,15,,,1,15,,298830,15,,,1,15,,298843,15,,,1,15,,298839,15,,,1,56,,298841,15,,,1,30,,298807,15,,,1,70,,298808,15,,,1,30,,298809,15,,,1,70,,298810,15,,,1,30,,298811,15,,,1,70,,298812,15,,,1,30,,298813,15,,,1,70,,298814,15,,,1,30,,298815,15,,,1,70,,298826,15,,,1,30,,298831,15,,,1,72,,298832,15,,,1,29,,298833,15,,,1,70,,298816,15,,,1,30,,298834,15,,,1,70,,298835,15,,,1,30,,298828,15,,,1,70,,298817,15,,,1,28,,298818,15,,,1,72,,298819,15,,,1,29,,298820,15,,,1,70,,298821,15,,,1,30,,298822,15,,,1,70,,298823,15,,,1,30,,298824,15,,,1,69,,298837,15,,,1,100,,298827,15,,,1,100,,298825,15,,,1
91700,'917-Weekday-3-26-09-1111100',508,,298887,15,,,1,30,,298888,15,,,1,70,,298924,15,,,1,15,,298922,15,,,1,17,,298928,15,,,1,15,,298889,15,,,1,55,,298890,15,,,1,15,,298915,15,,,1,15,,298926,15,,,1,15,,298891,15,,,1,55,,298892,15,,,1,15,,298916,15,,,1,15,,298929,15,,,1,15,,298925,15,,,1,56,,298927,15,,,1,30,,298893,15,,,1,70,,298894,15,,,1,30,,298895,15,,,1,70,,298896,15,,,1,30,,298897,15,,,1,70,,298898,15,,,1,30,,298899,15,,,1,70,,298900,15,,,1,30,,298901,15,,,1,70,,298912,15,,,1,30,,298917,15,,,1,72,,298918,15,,,1,29,,298919,15,,,1,70,,298902,15,,,1,30,,298920,15,,,1,70,,298921,15,,,1,30,,298914,15,,,1,70,,298903,15,,,1,28,,298904,15,,,1,72,,298905,15,,,1,29,,298906,15,,,1,70,,298907,15,,,1,30,,298908,15,,,1,70,,298909,15,,,1,30,,298910,15,,,1,69,,298923,15,,,1,100,,298913,15,,,1,100,,298911,15,,,1
91700,'917-Weekday-4-26-09-1111100',508,,298930,15,,,1,30,,298931,15,,,1,70,,298967,15,,,1,15,,298965,15,,,1,17,,298971,15,,,1,15,,298932,15,,,1,55,,298933,15,,,1,15,,298958,15,,,1,15,,298969,15,,,1,15,,298934,15,,,1,55,,298935,15,,,1,15,,298959,15,,,1,15,,298972,15,,,1,15,,298968,15,,,1,56,,298970,15,,,1,30,,298936,15,,,1,70,,298937,15,,,1,30,,298938,15,,,1,70,,298939,15,,,1,30,,298940,15,,,1,70,,298941,15,,,1,30,,298942,15,,,1,70,,298943,15,,,1,30,,298944,15,,,1,70,,298955,15,,,1,30,,298960,15,,,1,72,,298961,15,,,1,29,,298962,15,,,1,70,,298945,15,,,1,30,,298963,15,,,1,70,,298964,15,,,1,30,,298957,15,,,1,70,,298946,15,,,1,28,,298947,15,,,1,72,,298948,15,,,1,29,,298949,15,,,1,70,,298950,15,,,1,30,,298951,15,,,1,70,,298952,15,,,1,30,,298953,15,,,1,69,,298966,15,,,1,100,,298956,15,,,1,100,,298954,15,,,1
91700,'917-Weekday-5-26-09-1111100',508,,298973,15,,,1,30,,298974,15,,,1,70,,299010,15,,,1,15,,299008,15,,,1,17,,299014,15,,,1,15,,298975,15,,,1,55,,298976,15,,,1,15,,299001,15,,,1,15,,299012,15,,,1,15,,298977,15,,,1,55,,298978,15,,,1,15,,299002,15,,,1,15,,299015,15,,,1,15,,299011,15,,,1,56,,299013,15,,,1,30,,298979,15,,,1,70,,298980,15,,,1,30,,298981,15,,,1,70,,298982,15,,,1,30,,298983,15,,,1,70,,298984,15,,,1,30,,298985,15,,,1,70,,298986,15,,,1,30,,298987,15,,,1,70,,298998,15,,,1,30,,299003,15,,,1,72,,299004,15,,,1,29,,299005,15,,,1,70,,298988,15,,,1,30,,299006,15,,,1,70,,299007,15,,,1,30,,299000,15,,,1,70,,298989,15,,,1,28,,298990,15,,,1,72,,298991,15,,,1,29,,298992,15,,,1,70,,298993,15,,,1,30,,298994,15,,,1,70,,298995,15,,,1,30,,298996,15,,,1,69,,299009,15,,,1,100,,298999,15,,,1,100,,298997,15,,,1
91700,'917-Weekday-6-26-09-1111100',508,,299016,15,,,1,30,,299017,15,,,1,70,,299053,15,,,1,15,,299051,15,,,1,17,,299057,15,,,1,15,,299018,15,,,1,55,,299019,15,,,1,15,,299044,15,,,1,15,,299055,15,,,1,15,,299020,15,,,1,55,,299021,15,,,1,15,,299045,15,,,1,15,,299058,15,,,1,15,,299054,15,,,1,56,,299056,15,,,1,30,,299022,15,,,1,70,,299023,15,,,1,30,,299024,15,,,1,70,,299025,15,,,1,30,,299026,15,,,1,70,,299027,15,,,1,30,,299028,15,,,1,70,,299029,15,,,1,30,,299030,15,,,1,70,,299041,15,,,1,30,,299046,15,,,1,72,,299047,15,,,1,29,,299048,15,,,1,70,,299031,15,,,1,30,,299049,15,,,1,70,,299050,15,,,1,30,,299043,15,,,1,70,,299032,15,,,1,28,,299033,15,,,1,72,,299034,15,,,1,29,,299035,15,,,1,70,,299036,15,,,1,30,,299037,15,,,1,70,,299038,15,,,1,30,,299039,15,,,1,69,,299052,15,,,1,100,,299042,15,,,1,100,,299040,15,,,1
91700,'917-Weekday-7-26-09-1111100',508,,299059,15,,,1,30,,299060,15,,,1,70,,299096,15,,,1,15,,299094,15,,,1,17,,299100,15,,,1,15,,299061,15,,,1,55,,299062,15,,,1,15,,299087,15,,,1,15,,299098,15,,,1,15,,299063,15,,,1,55,,299064,15,,,1,15,,299088,15,,,1,15,,299101,15,,,1,15,,299097,15,,,1,56,,299099,15,,,1,30,,299065,15,,,1,70,,299066,15,,,1,30,,299067,15,,,1,70,,299068,15,,,1,30,,299069,15,,,1,70,,299070,15,,,1,30,,299071,15,,,1,70,,299072,15,,,1,30,,299073,15,,,1,70,,299084,15,,,1,30,,299089,15,,,1,72,,299090,15,,,1,29,,299091,15,,,1,70,,299074,15,,,1,30,,299092,15,,,1,70,,299093,15,,,1,30,,299086,15,,,1,70,,299075,15,,,1,28,,299076,15,,,1,72,,299077,15,,,1,29,,299078,15,,,1,70,,299079,15,,,1,30,,299080,15,,,1,70,,299081,15,,,1,30,,299082,15,,,1,69,,299095,15,,,1,100,,299085,15,,,1,100,,299083,15,,,1
91700,'917-Saturday-1-26-09-0000010',556,,299102,15,,,1,100,,299103,15,,,1,100,,299127,15,,,1,70,,299128,15,,,1,27,,299129,15,,,1,68,,299105,15,,,1,30,,299106,15,,,1,70,,299107,15,,,1,30,,299108,15,,,1,70,,299109,15,,,1,30,,299110,15,,,1,70,,299111,15,,,1,30,,299112,15,,,1,70,,299113,15,,,1,30,,299114,15,,,1,70,,299115,15,,,1,30,,299116,15,,,1,70,,299117,15,,,1,30,,299118,15,,,1,70,,299119,15,,,1,31,,299123,15,,,1,71,,299124,15,,,1,30,,299125,15,,,1,70,,299104,15,,,1,30,,299120,15,,,1,70,,299126,15,,,1,100,,299122,15,,,1,100,,299121,15,,,1
91700,'917-Sunday-1-26-09-0000001',555,,299130,15,,,1,100,,299131,15,,,1,100,,299132,15,,,1,97,,299133,15,,,1,101,,299134,15,,,1,70,,299135,15,,,1,30,,299136,15,,,1,70,,299137,15,,,1,30,,299138,15,,,1,70,,299139,15,,,1,30,,299140,15,,,1,70,,299141,15,,,1,30,,299142,15,,,1,70,,299143,15,,,1,30,,299144,15,,,1,70,,299145,15,,,1,30,,299146,15,,,1,70,,299147,15,,,1,32,,299148,15,,,1,70,,299149,15,,,1,30,,299150,15,,,1,70,,299151,15,,,1,30,,299152,15,,,1,100,,299153,15,,,1,100,,299154,15,,,1
24093001,'930X-Weekday-1-26-09-1111100',1540,,311335,9,,,1,15,,311336,9,,,1,55,,311343,9,,,1,15,,311337,9,,,1,15,,311338,9,,,1,15,,311339,9,,,1,55,,311344,9,,,1,15,,311340,9,,,1,15,,311341,9,,,1,15,,311342,9,,,1,55,,311345,9,,,1
24093001,'930X-Weekday-3-26-09-1111100',1540,,311357,9,,,1,15,,311358,9,,,1,55,,311365,9,,,1,15,,311359,9,,,1,15,,311360,9,,,1,15,,311361,9,,,1,55,,311366,9,,,1,15,,311362,9,,,1,15,,311363,9,,,1,15,,311364,9,,,1,55,,311367,9,,,1
24093001,'930X-Weekday-4-26-09-1111100',1540,,311368,9,,,1,15,,311369,9,,,1,55,,311376,9,,,1,15,,311370,9,,,1,15,,311371,9,,,1,15,,311372,9,,,1,55,,311377,9,,,1,15,,311373,9,,,1,15,,311374,9,,,1,15,,311375,9,,,1,55,,311378,9,,,1
24093001,'930X-Weekday-5-26-09-1111100',1540,,311379,9,,,1,15,,311380,9,,,1,55,,311387,9,,,1,15,,311381,9,,,1,15,,311382,9,,,1,15,,311383,9,,,1,55,,311388,9,,,1,15,,311384,9,,,1,15,,311385,9,,,1,15,,311386,9,,,1,55,,311389,9,,,1
24093001,'930X-Weekday-6-26-09-1111100',1540,,311390,9,,,1,15,,311391,9,,,1,55,,311398,9,,,1,15,,311392,9,,,1,15,,311393,9,,,1,15,,311394,9,,,1,55,,311399,9,,,1,15,,311395,9,,,1,15,,311396,9,,,1,15,,311397,9,,,1,55,,311400,9,,,1
24093001,'930X-Weekday-7-26-09-1111100',1540,,311401,9,,,1,15,,311402,9,,,1,55,,311409,9,,,1,15,,311403,9,,,1,15,,311404,9,,,1,15,,311405,9,,,1,55,,311410,9,,,1,15,,311406,9,,,1,15,,311407,9,,,1,15,,311408,9,,,1,55,,311411,9,,,1
