61301,'613-Weekday-1-26-09-0001000',1255,,273264,33,,,1,198,,273265,33,,,1
61301,'613-Weekday-1-26-09-1110100',1533,,273266,33,,,1,20,,273267,33,,,1
61301,'613-Weekday-4-26-09-1110100',1533,,273269,33,,,1
61301,'613-Weekday-7-26-09-1110100',1533,,273270,33,,,1,20,,273271,33,,,1
61800,'618-Weekday-1-26-09-0001000',1258,,273319,36,,,1
61800,'618-Weekday-1-26-09-1110100',1549,,273320,36,,,1
61800,'618-Weekday-4-26-09-1110100',1549,,273321,36,,,1
61800,'618-Weekday-7-26-09-1110100',1549,,273322,36,,,1
24015000,'150X-Weekday-1-26-09-1111100',1539,,308254,42,,,1,20,,308255,42,,,1,62,,308256,42,,,1,22,,308257,42,,,1,60,,308258,42,,,1,19,,308259,42,,,1,18,,308260,42,,,1,19,,308261,42,,,1,60,,308262,42,,,1
24015000,'150X-Weekday-3-26-09-1111100',1539,,308272,42,,,1,20,,308273,42,,,1,62,,308274,42,,,1,22,,308275,42,,,1,60,,308276,42,,,1,19,,308277,42,,,1,18,,308278,42,,,1,19,,308279,42,,,1,60,,308280,42,,,1
24015000,'150X-Weekday-4-26-09-1111100',1539,,308281,42,,,1,20,,308282,42,,,1,62,,308283,42,,,1,22,,308284,42,,,1,60,,308285,42,,,1,19,,308286,42,,,1,18,,308287,42,,,1,19,,308288,42,,,1,60,,308289,42,,,1
24015000,'150X-Weekday-5-26-09-1111100',1539,,308290,42,,,1,20,,308291,42,,,1,62,,308292,42,,,1,22,,308293,42,,,1,60,,308294,42,,,1,19,,308295,42,,,1,18,,308296,42,,,1,19,,308297,42,,,1,60,,308298,42,,,1
24015000,'150X-Weekday-6-26-09-1111100',1539,,308299,42,,,1,20,,308300,42,,,1,62,,308301,42,,,1,22,,308302,42,,,1,60,,308303,42,,,1,19,,308304,42,,,1,18,,308305,42,,,1,19,,308306,42,,,1,60,,308307,42,,,1
24015000,'150X-Weekday-7-26-09-1111100',1539,,308308,42,,,1,20,,308309,42,,,1,62,,308310,42,,,1,22,,308311,42,,,1,60,,308312,42,,,1,19,,308313,42,,,1,18,,308314,42,,,1,19,,308315,42,,,1,60,,308316,42,,,1
