90800,'908-Weekday-1-26-09-1111100',609,,294728,8,,,1,31,,294729,8,,,1,70,,294730,8,,,1,30,,294731,8,,,1,70,,294732,8,,,1,30,,294733,8,,,1,700,,294734,8,,,1,70,,294735,8,,,1,30,,294736,8,,,1,70,,294737,8,,,1,30,,294738,8,,,1,70,,294739,8,,,1
90800,'908-Weekday-3-26-09-1111100',609,,294752,8,,,1,31,,294753,8,,,1,70,,294754,8,,,1,30,,294755,8,,,1,70,,294756,8,,,1,30,,294757,8,,,1,700,,294758,8,,,1,70,,294759,8,,,1,30,,294760,8,,,1,70,,294761,8,,,1,30,,294762,8,,,1,70,,294763,8,,,1
90800,'908-Weekday-4-26-09-1111100',609,,294764,8,,,1,31,,294765,8,,,1,70,,294766,8,,,1,30,,294767,8,,,1,70,,294768,8,,,1,30,,294769,8,,,1,700,,294770,8,,,1,70,,294771,8,,,1,30,,294772,8,,,1,70,,294773,8,,,1,30,,294774,8,,,1,70,,294775,8,,,1
90800,'908-Weekday-5-26-09-1111100',609,,294776,8,,,1,31,,294777,8,,,1,70,,294778,8,,,1,30,,294779,8,,,1,70,,294780,8,,,1,30,,294781,8,,,1,700,,294782,8,,,1,70,,294783,8,,,1,30,,294784,8,,,1,70,,294785,8,,,1,30,,294786,8,,,1,70,,294787,8,,,1
90800,'908-Weekday-6-26-09-1111100',609,,294788,8,,,1,31,,294789,8,,,1,70,,294790,8,,,1,30,,294791,8,,,1,70,,294792,8,,,1,30,,294793,8,,,1,700,,294794,8,,,1,70,,294795,8,,,1,30,,294796,8,,,1,70,,294797,8,,,1,30,,294798,8,,,1,70,,294799,8,,,1
90800,'908-Weekday-7-26-09-1111100',609,,294800,8,,,1,31,,294801,8,,,1,70,,294802,8,,,1,30,,294803,8,,,1,70,,294804,8,,,1,30,,294805,8,,,1,700,,294806,8,,,1,70,,294807,8,,,1,30,,294808,8,,,1,70,,294809,8,,,1,30,,294810,8,,,1,70,,294811,8,,,1
92500,'925-Weekday-1-26-09-1111100',824,,302960,24,,,1,102,,302958,24,,,1,100,,302955,24,,,1,100,,302959,24,,,1,100,,302953,24,,,1,100,,302957,24,,,1,100,,302954,24,,,1,100,,302956,24,,,1
92500,'925-Weekday-3-26-09-1111100',824,,302976,24,,,1,102,,302974,24,,,1,100,,302971,24,,,1,100,,302975,24,,,1,100,,302969,24,,,1,100,,302973,24,,,1,100,,302970,24,,,1,100,,302972,24,,,1
92500,'925-Weekday-4-26-09-1111100',824,,302984,24,,,1,102,,302982,24,,,1,100,,302979,24,,,1,100,,302983,24,,,1,100,,302977,24,,,1,100,,302981,24,,,1,100,,302978,24,,,1,100,,302980,24,,,1
92500,'925-Weekday-5-26-09-1111100',824,,302992,24,,,1,102,,302990,24,,,1,100,,302987,24,,,1,100,,302991,24,,,1,100,,302985,24,,,1,100,,302989,24,,,1,100,,302986,24,,,1,100,,302988,24,,,1
92500,'925-Weekday-6-26-09-1111100',824,,303000,24,,,1,102,,302998,24,,,1,100,,302995,24,,,1,100,,302999,24,,,1,100,,302993,24,,,1,100,,302997,24,,,1,100,,302994,24,,,1,100,,302996,24,,,1
92500,'925-Weekday-7-26-09-1111100',824,,303008,24,,,1,102,,303006,24,,,1,100,,303003,24,,,1,100,,303007,24,,,1,100,,303001,24,,,1,100,,303005,24,,,1,100,,303002,24,,,1,100,,303004,24,,,1
