5200,'052-Weekday-1-26-06-1111100',603,,166832,28,,,1,32,,166833,28,,,1,74,,166834,28,,,1,21,,166835,28,,,1,20,,166836,28,,,1,60,,166837,28,,,1,20,,166838,28,,,1,23,,166839,28,,,1,63,,166840,28,,,1,30,,166841,28,,,1,70,,166842,28,,,1,30,,166843,28,,,1,70,,166844,28,,,1,30,,166845,28,,,1,70,,166846,28,,,1,30,,166847,28,,,1,70,,166848,28,,,1,30,,166849,28,,,1,70,,166850,28,,,1,32,,166851,28,,,1,68,,166852,28,,,1,17,,166853,28,,,1,16,,166854,28,,,1,55,,166855,28,,,1,15,,166856,28,,,1,12,,166857,28,,,1,13,,166858,28,,,1,13,,166859,28,,,1,55,,166860,28,,,1,15,,166861,28,,,1,15,,166862,28,,,1,70,,166863,28,,,1,29,,166864,28,,,1,68,,166865,28,,,1,30,,166866,28,,,1,70,,166867,28,,,1,30,,166868,28,,,1,70,,166869,28,,,1,30,,166870,28,,,1,69,,166871,28,,,1,29,,166872,28,,,1,100,,166873,28,,,1,100,,166874,28,,,1
5200,'052-Weekday-2-26-06-1111100',603,,191540,28,,,1,32,,191541,28,,,1,74,,191542,28,,,1,21,,191543,28,,,1,20,,191544,28,,,1,60,,191545,28,,,1,20,,191546,28,,,1,23,,191547,28,,,1,63,,191548,28,,,1,30,,191549,28,,,1,70,,191550,28,,,1,30,,191551,28,,,1,70,,191552,28,,,1,30,,191553,28,,,1,70,,191554,28,,,1,30,,191555,28,,,1,70,,191556,28,,,1,30,,191557,28,,,1,70,,191558,28,,,1,32,,191559,28,,,1,68,,191560,28,,,1,17,,191561,28,,,1,16,,191562,28,,,1,55,,191563,28,,,1,15,,191564,28,,,1,12,,191565,28,,,1,13,,191566,28,,,1,13,,191567,28,,,1,55,,191568,28,,,1,15,,191569,28,,,1,15,,191570,28,,,1,70,,191571,28,,,1,29,,191572,28,,,1,68,,191573,28,,,1,30,,191574,28,,,1,70,,191575,28,,,1,30,,191576,28,,,1,70,,191577,28,,,1,30,,191578,28,,,1,69,,191579,28,,,1,29,,191580,28,,,1,100,,191581,28,,,1,100,,191582,28,,,1
5200,'052-Saturday-1-26-06-0000010',644,,166875,28,,,1,100,,166876,28,,,1,82,,166877,28,,,1,22,,166878,28,,,1,70,,166879,28,,,1,32,,166880,28,,,1,70,,166881,28,,,1,30,,166882,28,,,1,70,,166883,28,,,1,30,,166884,28,,,1,70,,166885,28,,,1,30,,166886,28,,,1,70,,166887,28,,,1,30,,166888,28,,,1,70,,166889,28,,,1,30,,166890,28,,,1,70,,166892,28,,,1,30,,166893,28,,,1,70,,166894,28,,,1,30,,166891,28,,,1,74,,166895,28,,,1,29,,166896,28,,,1,70,,166897,28,,,1,30,,166898,28,,,1,70,,166899,28,,,1,30,,166900,28,,,1,95,,166901,28,,,1,100,,166902,28,,,1,100,,166903,28,,,1,100,,166904,28,,,1
5200,'052-Saturday-2-26-06-0000010',644,,208369,28,,,1,100,,208370,28,,,1,82,,208371,28,,,1,22,,208372,28,,,1,70,,208373,28,,,1,32,,208374,28,,,1,70,,208375,28,,,1,30,,208376,28,,,1,70,,208377,28,,,1,30,,208378,28,,,1,70,,208379,28,,,1,30,,208380,28,,,1,70,,208381,28,,,1,30,,208382,28,,,1,70,,208383,28,,,1,30,,208384,28,,,1,70,,208386,28,,,1,30,,208387,28,,,1,70,,208388,28,,,1,30,,208385,28,,,1,74,,208389,28,,,1,29,,208390,28,,,1,70,,208391,28,,,1,30,,208392,28,,,1,70,,208393,28,,,1,30,,208394,28,,,1,95,,208395,28,,,1,100,,208396,28,,,1,100,,208397,28,,,1,100,,208398,28,,,1
5200,'052-Sunday-3-26-06-0000001',746,,191583,28,,,1,100,,191584,28,,,1,103,,191585,28,,,1,100,,191586,28,,,1,70,,191587,28,,,1,30,,191589,28,,,1,70,,191590,28,,,1,30,,191591,28,,,1,70,,191588,28,,,1,30,,191592,28,,,1,70,,191594,28,,,1,30,,191595,28,,,1,70,,191596,28,,,1,30,,191593,28,,,1,70,,191597,28,,,1,30,,191598,28,,,1,72,,191599,28,,,1,30,,191600,28,,,1,70,,191601,28,,,1,30,,191602,28,,,1,70,,191606,28,,,1,30,,191603,28,,,1,100,,191604,28,,,1,100,,191605,28,,,1,100,,191607,28,,,1
5200,'052-Sunday-4-26-06-0000001',746,,208399,28,,,1,100,,208400,28,,,1,103,,208401,28,,,1,100,,208402,28,,,1,70,,208403,28,,,1,30,,208405,28,,,1,70,,208406,28,,,1,30,,208407,28,,,1,70,,208404,28,,,1,30,,208408,28,,,1,70,,208410,28,,,1,30,,208411,28,,,1,70,,208412,28,,,1,30,,208409,28,,,1,70,,208413,28,,,1,30,,208414,28,,,1,72,,208415,28,,,1,30,,208416,28,,,1,70,,208417,28,,,1,30,,208418,28,,,1,70,,208422,28,,,1,30,,208419,28,,,1,100,,208420,28,,,1,100,,208421,28,,,1,100,,208423,28,,,1
5200,'052-Sunday-7-26-06-0000001',746,,208424,28,,,1,100,,208425,28,,,1,103,,208426,28,,,1,100,,208427,28,,,1,70,,208428,28,,,1,30,,208430,28,,,1,70,,208431,28,,,1,30,,208432,28,,,1,70,,208429,28,,,1,30,,208433,28,,,1,70,,208435,28,,,1,30,,208436,28,,,1,70,,208437,28,,,1,30,,208434,28,,,1,70,,208438,28,,,1,30,,208439,28,,,1,72,,208440,28,,,1,30,,208441,28,,,1,70,,208442,28,,,1,30,,208443,28,,,1,70,,208447,28,,,1,30,,208444,28,,,1,100,,208445,28,,,1,100,,208446,28,,,1,100,,208448,28,,,1
5200,'052-Sunday-8-26-06-0000001',746,,208449,28,,,1,100,,208450,28,,,1,103,,208451,28,,,1,100,,208452,28,,,1,70,,208453,28,,,1,30,,208455,28,,,1,70,,208456,28,,,1,30,,208457,28,,,1,70,,208454,28,,,1,30,,208458,28,,,1,70,,208460,28,,,1,30,,208461,28,,,1,70,,208462,28,,,1,30,,208459,28,,,1,70,,208463,28,,,1,30,,208464,28,,,1,72,,208465,28,,,1,30,,208466,28,,,1,70,,208467,28,,,1,30,,208468,28,,,1,70,,208472,28,,,1,30,,208469,28,,,1,100,,208470,28,,,1,100,,208471,28,,,1,100,,208473,28,,,1
11101,'111-Weekday-1-26-06-1111100',1030,,171491,74,0,17,1,100,,171492,74,0,17,1,100,,171493,74,0,17,1,100,,171494,74,0,17,1,100,,171495,74,0,17,1,103,,171496,74,0,17,1,100,,171497,74,0,17,1
11101,'111-Weekday-2-26-06-1111100',1030,,193562,74,0,17,1,100,,193563,74,0,17,1,100,,193564,74,0,17,1,100,,193565,74,0,17,1,100,,193566,74,0,17,1,103,,193567,74,0,17,1,100,,193568,74,0,17,1
11101,'111-Saturday-1-26-06-0000010',1013,,171498,67,0,17,1,100,,171500,67,0,17,1,100,,171501,67,0,17,1,100,,171502,67,0,17,1,100,,171503,67,0,17,1,100,,171504,67,0,17,1,100,,171499,67,0,17,1
11101,'111-Saturday-2-26-06-0000010',1013,,212036,67,0,17,1,100,,212038,67,0,17,1,100,,212039,67,0,17,1,100,,212040,67,0,17,1,100,,212041,67,0,17,1,100,,212042,67,0,17,1,100,,212037,67,0,17,1
90400,'904-Weekday-1-26-06-1111100',555,,183484,46,,,1,70,,183485,46,,,1,78,,183486,46,,,1,30,,183487,46,,,1,75,,183488,46,,,1,34,,183489,46,,,1,63,,183517,46,,,1,23,,183490,46,,,1,30,,183491,46,,,1,70,,183492,46,,,1,30,,183493,46,,,1,70,,183494,46,,,1,30,,183495,46,,,1,70,,183496,46,,,1,30,,183497,46,,,1,70,,183498,46,,,1,30,,183499,46,,,1,70,,183500,46,,,1,30,,183501,46,,,1,73,,183502,46,,,1,70,,183503,46,,,1,30,,183504,46,,,1,70,,183505,46,,,1,30,,183506,46,,,1,70,,183507,46,,,1,29,,183508,46,,,1,26,,183509,46,,,1,70,,183510,46,,,1,30,,183511,46,,,1,70,,183512,46,,,1,30,,183513,46,,,1,70,,183514,46,,,1,30,,183515,46,,,1,67,,183518,46,,,1,100,,183516,46,,,1
90400,'904-Weekday-2-26-06-1111100',555,,200556,46,,,1,70,,200557,46,,,1,78,,200558,46,,,1,30,,200559,46,,,1,75,,200560,46,,,1,34,,200561,46,,,1,63,,200589,46,,,1,23,,200562,46,,,1,30,,200563,46,,,1,70,,200564,46,,,1,30,,200565,46,,,1,70,,200566,46,,,1,30,,200567,46,,,1,70,,200568,46,,,1,30,,200569,46,,,1,70,,200570,46,,,1,30,,200571,46,,,1,70,,200572,46,,,1,30,,200573,46,,,1,73,,200574,46,,,1,70,,200575,46,,,1,30,,200576,46,,,1,70,,200577,46,,,1,30,,200578,46,,,1,70,,200579,46,,,1,29,,200580,46,,,1,26,,200581,46,,,1,70,,200582,46,,,1,30,,200583,46,,,1,70,,200584,46,,,1,30,,200585,46,,,1,70,,200586,46,,,1,30,,200587,46,,,1,67,,200590,46,,,1,100,,200588,46,,,1
90400,'904-Saturday-1-26-06-0000010',656,,183545,46,,,1,100,,183519,46,,,1,100,,183520,46,,,1,71,,183521,46,,,1,30,,183522,46,,,1,70,,183523,46,,,1,30,,183524,46,,,1,70,,183525,46,,,1,30,,183526,46,,,1,70,,183527,46,,,1,30,,183528,46,,,1,70,,183529,46,,,1,30,,183530,46,,,1,70,,183531,46,,,1,30,,183532,46,,,1,70,,183533,46,,,1,30,,183534,46,,,1,70,,183535,46,,,1,30,,183536,46,,,1,68,,183538,46,,,1,30,,183539,46,,,1,70,,183540,46,,,1,30,,183537,46,,,1,70,,183541,46,,,1,100,,183542,46,,,1,100,,183543,46,,,1,100,,183544,46,,,1
90400,'904-Saturday-2-26-06-0000010',656,,222718,46,,,1,100,,222692,46,,,1,100,,222693,46,,,1,71,,222694,46,,,1,30,,222695,46,,,1,70,,222696,46,,,1,30,,222697,46,,,1,70,,222698,46,,,1,30,,222699,46,,,1,70,,222700,46,,,1,30,,222701,46,,,1,70,,222702,46,,,1,30,,222703,46,,,1,70,,222704,46,,,1,30,,222705,46,,,1,70,,222706,46,,,1,30,,222707,46,,,1,70,,222708,46,,,1,30,,222709,46,,,1,68,,222711,46,,,1,30,,222712,46,,,1,70,,222713,46,,,1,30,,222710,46,,,1,70,,222714,46,,,1,100,,222715,46,,,1,100,,222716,46,,,1,100,,222717,46,,,1
90400,'904-Sunday-2-26-06-0000001',721,,200591,46,,,1,100,,200592,46,,,1,105,,200593,46,,,1,101,,200612,46,,,1,30,,200594,46,,,1,70,,200595,46,,,1,30,,200596,46,,,1,70,,200597,46,,,1,30,,200599,46,,,1,70,,200600,46,,,1,30,,200601,46,,,1,70,,200598,46,,,1,30,,200602,46,,,1,70,,200603,46,,,1,30,,200604,46,,,1,70,,200605,46,,,1,30,,200606,46,,,1,68,,200607,46,,,1,30,,200608,46,,,1,70,,200609,46,,,1,30,,200610,46,,,1,70,,200611,46,,,1
90400,'904-Sunday-3-26-06-0000001',721,,222719,46,,,1,100,,222720,46,,,1,105,,222721,46,,,1,101,,222740,46,,,1,30,,222722,46,,,1,70,,222723,46,,,1,30,,222724,46,,,1,70,,222725,46,,,1,30,,222727,46,,,1,70,,222728,46,,,1,30,,222729,46,,,1,70,,222726,46,,,1,30,,222730,46,,,1,70,,222731,46,,,1,30,,222732,46,,,1,70,,222733,46,,,1,30,,222734,46,,,1,68,,222735,46,,,1,30,,222736,46,,,1,70,,222737,46,,,1,30,,222738,46,,,1,70,,222739,46,,,1
90400,'904-Sunday-6-26-06-0000001',721,,222741,46,,,1,100,,222742,46,,,1,105,,222743,46,,,1,101,,222762,46,,,1,30,,222744,46,,,1,70,,222745,46,,,1,30,,222746,46,,,1,70,,222747,46,,,1,30,,222749,46,,,1,70,,222750,46,,,1,30,,222751,46,,,1,70,,222748,46,,,1,30,,222752,46,,,1,70,,222753,46,,,1,30,,222754,46,,,1,70,,222755,46,,,1,30,,222756,46,,,1,68,,222757,46,,,1,30,,222758,46,,,1,70,,222759,46,,,1,30,,222760,46,,,1,70,,222761,46,,,1
90400,'904-Sunday-7-26-06-0000001',721,,222763,46,,,1,100,,222764,46,,,1,105,,222765,46,,,1,101,,222784,46,,,1,30,,222766,46,,,1,70,,222767,46,,,1,30,,222768,46,,,1,70,,222769,46,,,1,30,,222771,46,,,1,70,,222772,46,,,1,30,,222773,46,,,1,70,,222770,46,,,1,30,,222774,46,,,1,70,,222775,46,,,1,30,,222776,46,,,1,70,,222777,46,,,1,30,,222778,46,,,1,68,,222779,46,,,1,30,,222780,46,,,1,70,,222781,46,,,1,30,,222782,46,,,1,70,,222783,46,,,1
90501,'905-Weekday-1-26-06-1111100',602,,183666,44,,,1,30,,183667,44,,,1,71,,183668,44,,,1,30,,183669,44,,,1,70,,183670,44,,,1,30,,183671,44,,,1,70,,183672,44,,,1,29,,183673,44,,,1,527,,183674,44,,,1,72,,183675,44,,,1,70,,183676,44,,,1,30,,183677,44,,,1,70,,183678,44,,,1,30,,183679,44,,,1,70,,183680,44,,,1,29,,183681,44,,,1
90501,'905-Weekday-2-26-06-1111100',602,,200684,44,,,1,30,,200685,44,,,1,71,,200686,44,,,1,30,,200687,44,,,1,70,,200688,44,,,1,30,,200689,44,,,1,70,,200690,44,,,1,29,,200691,44,,,1,527,,200692,44,,,1,72,,200693,44,,,1,70,,200694,44,,,1,30,,200695,44,,,1,70,,200696,44,,,1,30,,200697,44,,,1,70,,200698,44,,,1,29,,200699,44,,,1
90600,'906-Weekday-1-26-06-1111100',600,,183682,43,,,1,31,,183683,43,,,1,74,,183684,43,,,1,30,,183685,43,,,1,70,,183686,43,,,1,30,,183687,43,,,1,70,,183688,43,,,1,30,,183689,43,,,1,602,,183690,43,,,1,70,,183691,43,,,1,30,,183692,43,,,1,70,,183693,43,,,1,30,,183694,43,,,1,70,,183695,43,,,1
90600,'906-Weekday-2-26-06-1111100',600,,200700,43,,,1,31,,200701,43,,,1,74,,200702,43,,,1,30,,200703,43,,,1,70,,200704,43,,,1,30,,200705,43,,,1,70,,200706,43,,,1,30,,200707,43,,,1,602,,200708,43,,,1,70,,200709,43,,,1,30,,200710,43,,,1,70,,200711,43,,,1,30,,200712,43,,,1,70,,200713,43,,,1
90800,'908-Weekday-1-26-06-1111100',624,,183889,28,,,1,32,,183890,28,,,1,70,,183891,28,,,1,30,,183892,28,,,1,70,,183893,28,,,1,30,,183894,28,,,1,702,,183895,28,,,1,70,,183896,28,,,1,30,,183897,28,,,1,70,,183898,28,,,1,30,,183899,28,,,1,70,,183900,28,,,1
90800,'908-Weekday-2-26-06-1111100',624,,200853,28,,,1,32,,200854,28,,,1,70,,200855,28,,,1,30,,200856,28,,,1,70,,200857,28,,,1,30,,200858,28,,,1,702,,200859,28,,,1,70,,200860,28,,,1,30,,200861,28,,,1,70,,200862,28,,,1,30,,200863,28,,,1,70,,200864,28,,,1
