10800,'108-Weekday-1-26-09-1110100',1503,,251710,15,,,1
10800,'108-Weekday-1-26-09-1111100',540,,251711,15,,,1,60,,251712,15,,,1,20,,251713,15,,,1,22,,251766,15,,,1,10,,251714,15,,,1,50,,251768,15,,,1,10,,251715,15,,,1,10,,251716,15,,,1,10,,251718,15,,,1,10,,251717,15,,,1,10,,251720,15,,,1,50,,251721,15,,,1,2,,251775,15,,,1,8,,251719,15,,,1,16,,251769,15,,,1,17,,251770,15,,,1,57,,251722,15,,,1,20,,251723,15,,,1,20,,251724,15,,,1,60,,251725,15,,,1,20,,251726,15,,,1,20,,251727,15,,,1,60,,251728,15,,,1,20,,251729,15,,,1,20,,251730,15,,,1,60,,251731,15,,,1,20,,251732,15,,,1,20,,251733,15,,,1,60,,251734,15,,,1,20,,251735,15,,,1,20,,251736,15,,,1,60,,251737,15,,,1,20,,251738,15,,,1,20,,251776,15,,,1,10,,251777,15,,,1,50,,251778,15,,,1,10,,251779,15,,,1,10,,251739,15,,,1,10,,251740,15,,,1,10,,251741,15,,,1,10,,251771,15,,,1,50,,251742,15,,,1,10,,251743,15,,,1,10,,251772,15,,,1,10,,251744,15,,,1,10,,251745,15,,,1,10,,251773,15,,,1,50,,251746,15,,,1,10,,251747,15,,,1,10,,251749,15,,,1,10,,251748,15,,,1,17,,251774,15,,,1,58,,251750,15,,,1,20,,251751,15,,,1,19,,251752,15,,,1,60,,251753,15,,,1,20,,251754,15,,,1,20,,251755,15,,,1,60,,251756,15,,,1,20,,251757,15,,,1,20,,251758,15,,,1,60,,251759,15,,,1,20,,251760,15,,,1,20,,251761,15,,,1,60,,251767,15,,,1,30,,251762,15,,,1,70,,251763,15,,,1,30,,251764,15,,,1,70,,251765,15,,,1
10800,'108-Weekday-3-26-09-1111100',540,,251850,15,,,1,60,,251851,15,,,1,20,,251852,15,,,1,22,,251905,15,,,1,10,,251853,15,,,1,50,,251907,15,,,1,10,,251854,15,,,1,10,,251855,15,,,1,10,,251857,15,,,1,10,,251856,15,,,1,10,,251859,15,,,1,50,,251860,15,,,1,10,,251858,15,,,1,16,,251908,15,,,1,17,,251909,15,,,1,57,,251861,15,,,1,20,,251862,15,,,1,20,,251863,15,,,1,60,,251864,15,,,1,20,,251865,15,,,1,20,,251866,15,,,1,60,,251867,15,,,1,20,,251868,15,,,1,20,,251869,15,,,1,60,,251870,15,,,1,20,,251871,15,,,1,20,,251872,15,,,1,60,,251873,15,,,1,20,,251874,15,,,1,20,,251875,15,,,1,60,,251876,15,,,1,20,,251877,15,,,1,20,,251914,15,,,1,10,,251915,15,,,1,50,,251916,15,,,1,10,,251917,15,,,1,10,,251878,15,,,1,10,,251879,15,,,1,10,,251880,15,,,1,10,,251910,15,,,1,50,,251881,15,,,1,10,,251882,15,,,1,10,,251911,15,,,1,10,,251883,15,,,1,10,,251884,15,,,1,10,,251912,15,,,1,50,,251885,15,,,1,10,,251886,15,,,1,10,,251888,15,,,1,10,,251887,15,,,1,17,,251913,15,,,1,58,,251889,15,,,1,20,,251890,15,,,1,19,,251891,15,,,1,60,,251892,15,,,1,20,,251893,15,,,1,20,,251894,15,,,1,60,,251895,15,,,1,20,,251896,15,,,1,20,,251897,15,,,1,60,,251898,15,,,1,20,,251899,15,,,1,20,,251900,15,,,1,60,,251906,15,,,1,30,,251901,15,,,1,70,,251902,15,,,1,30,,251903,15,,,1,70,,251904,15,,,1
10800,'108-Weekday-4-26-09-1111100',540,,251918,15,,,1,60,,251919,15,,,1,20,,251920,15,,,1,22,,251973,15,,,1,10,,251921,15,,,1,50,,251975,15,,,1,10,,251922,15,,,1,10,,251923,15,,,1,10,,251925,15,,,1,10,,251924,15,,,1,10,,251927,15,,,1,50,,251928,15,,,1,10,,251926,15,,,1,16,,251976,15,,,1,17,,251977,15,,,1,57,,251929,15,,,1,20,,251930,15,,,1,20,,251931,15,,,1,60,,251932,15,,,1,20,,251933,15,,,1,20,,251934,15,,,1,60,,251935,15,,,1,20,,251936,15,,,1,20,,251937,15,,,1,60,,251938,15,,,1,20,,251939,15,,,1,20,,251940,15,,,1,60,,251941,15,,,1,20,,251942,15,,,1,20,,251943,15,,,1,60,,251944,15,,,1,20,,251945,15,,,1,20,,251982,15,,,1,10,,251983,15,,,1,50,,251984,15,,,1,10,,251985,15,,,1,10,,251946,15,,,1,10,,251947,15,,,1,10,,251948,15,,,1,10,,251978,15,,,1,50,,251949,15,,,1,10,,251950,15,,,1,10,,251979,15,,,1,10,,251951,15,,,1,10,,251952,15,,,1,10,,251980,15,,,1,50,,251953,15,,,1,10,,251954,15,,,1,10,,251956,15,,,1,10,,251955,15,,,1,17,,251981,15,,,1,58,,251957,15,,,1,20,,251958,15,,,1,19,,251959,15,,,1,60,,251960,15,,,1,20,,251961,15,,,1,20,,251962,15,,,1,60,,251963,15,,,1,20,,251964,15,,,1,20,,251965,15,,,1,60,,251966,15,,,1,20,,251967,15,,,1,20,,251968,15,,,1,60,,251974,15,,,1,30,,251969,15,,,1,70,,251970,15,,,1,30,,251971,15,,,1,70,,251972,15,,,1
10800,'108-Weekday-5-26-09-1111100',540,,251986,15,,,1,60,,251987,15,,,1,20,,251988,15,,,1,22,,252041,15,,,1,10,,251989,15,,,1,50,,252043,15,,,1,10,,251990,15,,,1,10,,251991,15,,,1,10,,251993,15,,,1,10,,251992,15,,,1,10,,251995,15,,,1,50,,251996,15,,,1,10,,251994,15,,,1,16,,252044,15,,,1,17,,252045,15,,,1,57,,251997,15,,,1,20,,251998,15,,,1,20,,251999,15,,,1,60,,252000,15,,,1,20,,252001,15,,,1,20,,252002,15,,,1,60,,252003,15,,,1,20,,252004,15,,,1,20,,252005,15,,,1,60,,252006,15,,,1,20,,252007,15,,,1,20,,252008,15,,,1,60,,252009,15,,,1,20,,252010,15,,,1,20,,252011,15,,,1,60,,252012,15,,,1,20,,252013,15,,,1,20,,252050,15,,,1,10,,252051,15,,,1,50,,252052,15,,,1,10,,252053,15,,,1,10,,252014,15,,,1,10,,252015,15,,,1,10,,252016,15,,,1,10,,252046,15,,,1,50,,252017,15,,,1,10,,252018,15,,,1,10,,252047,15,,,1,10,,252019,15,,,1,10,,252020,15,,,1,10,,252048,15,,,1,50,,252021,15,,,1,10,,252022,15,,,1,10,,252024,15,,,1,10,,252023,15,,,1,17,,252049,15,,,1,58,,252025,15,,,1,20,,252026,15,,,1,19,,252027,15,,,1,60,,252028,15,,,1,20,,252029,15,,,1,20,,252030,15,,,1,60,,252031,15,,,1,20,,252032,15,,,1,20,,252033,15,,,1,60,,252034,15,,,1,20,,252035,15,,,1,20,,252036,15,,,1,60,,252042,15,,,1,30,,252037,15,,,1,70,,252038,15,,,1,30,,252039,15,,,1,70,,252040,15,,,1
10800,'108-Weekday-6-26-09-1110100',1503,,252054,15,,,1
10800,'108-Weekday-6-26-09-1111100',540,,252055,15,,,1,60,,252056,15,,,1,20,,252057,15,,,1,22,,252110,15,,,1,10,,252058,15,,,1,50,,252112,15,,,1,10,,252059,15,,,1,10,,252060,15,,,1,10,,252062,15,,,1,10,,252061,15,,,1,10,,252064,15,,,1,50,,252065,15,,,1,2,,252119,15,,,1,8,,252063,15,,,1,16,,252113,15,,,1,17,,252114,15,,,1,57,,252066,15,,,1,20,,252067,15,,,1,20,,252068,15,,,1,60,,252069,15,,,1,20,,252070,15,,,1,20,,252071,15,,,1,60,,252072,15,,,1,20,,252073,15,,,1,20,,252074,15,,,1,60,,252075,15,,,1,20,,252076,15,,,1,20,,252077,15,,,1,60,,252078,15,,,1,20,,252079,15,,,1,20,,252080,15,,,1,60,,252081,15,,,1,20,,252082,15,,,1,20,,252120,15,,,1,10,,252121,15,,,1,50,,252122,15,,,1,10,,252123,15,,,1,10,,252083,15,,,1,10,,252084,15,,,1,10,,252085,15,,,1,10,,252115,15,,,1,50,,252086,15,,,1,10,,252087,15,,,1,10,,252116,15,,,1,10,,252088,15,,,1,10,,252089,15,,,1,10,,252117,15,,,1,50,,252090,15,,,1,10,,252091,15,,,1,10,,252093,15,,,1,10,,252092,15,,,1,17,,252118,15,,,1,58,,252094,15,,,1,20,,252095,15,,,1,19,,252096,15,,,1,60,,252097,15,,,1,20,,252098,15,,,1,20,,252099,15,,,1,60,,252100,15,,,1,20,,252101,15,,,1,20,,252102,15,,,1,60,,252103,15,,,1,20,,252104,15,,,1,20,,252105,15,,,1,60,,252111,15,,,1,30,,252106,15,,,1,70,,252107,15,,,1,30,,252108,15,,,1,70,,252109,15,,,1
10800,'108-Weekday-7-26-09-1111100',540,,252124,15,,,1,60,,252125,15,,,1,20,,252126,15,,,1,22,,252179,15,,,1,10,,252127,15,,,1,50,,252181,15,,,1,10,,252128,15,,,1,10,,252129,15,,,1,10,,252131,15,,,1,10,,252130,15,,,1,10,,252133,15,,,1,50,,252134,15,,,1,10,,252132,15,,,1,16,,252182,15,,,1,17,,252183,15,,,1,57,,252135,15,,,1,20,,252136,15,,,1,20,,252137,15,,,1,60,,252138,15,,,1,20,,252139,15,,,1,20,,252140,15,,,1,60,,252141,15,,,1,20,,252142,15,,,1,20,,252143,15,,,1,60,,252144,15,,,1,20,,252145,15,,,1,20,,252146,15,,,1,60,,252147,15,,,1,20,,252148,15,,,1,20,,252149,15,,,1,60,,252150,15,,,1,20,,252151,15,,,1,20,,252188,15,,,1,10,,252189,15,,,1,50,,252190,15,,,1,10,,252191,15,,,1,10,,252152,15,,,1,10,,252153,15,,,1,10,,252154,15,,,1,10,,252184,15,,,1,50,,252155,15,,,1,10,,252156,15,,,1,10,,252185,15,,,1,10,,252157,15,,,1,10,,252158,15,,,1,10,,252186,15,,,1,50,,252159,15,,,1,10,,252160,15,,,1,10,,252162,15,,,1,10,,252161,15,,,1,17,,252187,15,,,1,58,,252163,15,,,1,20,,252164,15,,,1,19,,252165,15,,,1,60,,252166,15,,,1,20,,252167,15,,,1,20,,252168,15,,,1,60,,252169,15,,,1,20,,252170,15,,,1,20,,252171,15,,,1,60,,252172,15,,,1,20,,252173,15,,,1,20,,252174,15,,,1,60,,252180,15,,,1,30,,252175,15,,,1,70,,252176,15,,,1,30,,252177,15,,,1,70,,252178,15,,,1
10800,'108-Saturday-1-26-09-0000010',545,,252192,15,,,1,70,,252193,15,,,1,30,,252194,15,,,1,70,,252195,15,,,1,30,,252196,15,,,1,70,,252197,15,,,1,27,,252198,15,,,1,69,,252199,15,,,1,30,,252200,15,,,1,70,,252201,15,,,1,30,,252202,15,,,1,70,,252203,15,,,1,30,,252204,15,,,1,70,,252205,15,,,1,30,,252206,15,,,1,70,,252207,15,,,1,30,,252208,15,,,1,70,,252209,15,,,1,30,,252210,15,,,1,70,,252211,15,,,1,30,,252212,15,,,1,70,,252213,15,,,1,32,,252214,15,,,1,71,,252215,15,,,1,30,,252216,15,,,1,70,,252217,15,,,1,30,,252218,15,,,1,70,,252219,15,,,1,30,,252220,15,,,1,70,,252221,15,,,1,30,,252222,15,,,1,70,,252223,15,,,1,30,,252224,15,,,1,70,,252225,15,,,1,28,,252226,15,,,1,70,,252227,15,,,1,30,,252228,15,,,1
10800,'108-Sunday-1-26-09-0000001',600,,252229,15,,,1,27,,252230,15,,,1,30,,252231,15,,,1,70,,252232,15,,,1,30,,252233,15,,,1,70,,252234,15,,,1,30,,252235,15,,,1,70,,252236,15,,,1,30,,252237,15,,,1,70,,252238,15,,,1,30,,252239,15,,,1,70,,252240,15,,,1,30,,252241,15,,,1,70,,252242,15,,,1,30,,252243,15,,,1,70,,252244,15,,,1,30,,252245,15,,,1,70,,252246,15,,,1,30,,252247,15,,,1,70,,252248,15,,,1,30,,252249,15,,,1,69,,252250,15,,,1,31,,252251,15,,,1,70,,252252,15,,,1,30,,252253,15,,,1,70,,252254,15,,,1,30,,252255,15,,,1,70,,252256,15,,,1,30,,252257,15,,,1,70,,252258,15,,,1,30,,252259,15,,,1,70,,252260,15,,,1,30,,252261,15,,,1,70,,252262,15,,,1,30,,252263,15,,,1,73,,252264,15,,,1,70,,252265,15,,,1
62700,'627-Weekday-1-26-09-1111100',1530,,273530,26,,,1
62700,'627-Weekday-7-26-09-1111100',1530,,273532,26,,,1
