10900,'109-Weekday-1-26-06-1111100',524,,171303,40,,,1,30,,171304,40,,,1,70,,171305,40,,,1,32,,171343,40,,,1,60,,171306,40,,,1,20,,171338,40,,,1,20,,171307,40,,,1,60,,171308,40,,,1,20,,171339,40,,,1,20,,171309,40,,,1,69,,171310,40,,,1,30,,171311,40,,,1,70,,171312,40,,,1,30,,171313,40,,,1,70,,171314,40,,,1,30,,171315,40,,,1,70,,171316,40,,,1,30,,171317,40,,,1,70,,171318,40,,,1,30,,171319,40,,,1,70,,171320,40,,,1,30,,171321,40,,,1,74,,171322,40,,,1,20,,171323,40,,,1,60,,171340,40,,,1,20,,171324,40,,,1,20,,171325,40,,,1,60,,171341,40,,,1,20,,171326,40,,,1,30,,171327,40,,,1,70,,171328,40,,,1,25,,171329,40,,,1,70,,171330,40,,,1,30,,171331,40,,,1,70,,171332,40,,,1,30,,171333,40,,,1,70,,171334,40,,,1,30,,171335,40,,,1,70,,171342,40,,,1,100,,171336,40,,,1,100,,171337,40,,,1
10900,'109-Weekday-2-26-06-1111100',524,,193438,40,,,1,30,,193439,40,,,1,70,,193440,40,,,1,32,,193478,40,,,1,60,,193441,40,,,1,20,,193473,40,,,1,20,,193442,40,,,1,60,,193443,40,,,1,20,,193474,40,,,1,20,,193444,40,,,1,69,,193445,40,,,1,30,,193446,40,,,1,70,,193447,40,,,1,30,,193448,40,,,1,70,,193449,40,,,1,30,,193450,40,,,1,70,,193451,40,,,1,30,,193452,40,,,1,70,,193453,40,,,1,30,,193454,40,,,1,70,,193455,40,,,1,30,,193456,40,,,1,74,,193457,40,,,1,20,,193458,40,,,1,60,,193475,40,,,1,20,,193459,40,,,1,20,,193460,40,,,1,60,,193476,40,,,1,20,,193461,40,,,1,30,,193462,40,,,1,70,,193463,40,,,1,25,,193464,40,,,1,70,,193465,40,,,1,30,,193466,40,,,1,70,,193467,40,,,1,30,,193468,40,,,1,70,,193469,40,,,1,30,,193470,40,,,1,70,,193477,40,,,1,100,,193471,40,,,1,100,,193472,40,,,1
10900,'109-Saturday-1-26-06-0000010',814,,171344,40,,,1,30,,171345,40,,,1,72,,171346,40,,,1,31,,171347,40,,,1,70,,171348,40,,,1,30,,171349,40,,,1,70,,171350,40,,,1,30,,171351,40,,,1,70,,171352,40,,,1,30,,171353,40,,,1,70,,171354,40,,,1,30,,171355,40,,,1,70,,171356,40,,,1,30,,171357,40,,,1,70,,171358,40,,,1,30,,171359,40,,,1,70,,171360,40,,,1,30,,171361,40,,,1,69,,171362,40,,,1,30,,171363,40,,,1,70,,171364,40,,,1,30,,171365,40,,,1,70,,171366,40,,,1,30,,171367,40,,,1,70,,171368,40,,,1,30,,171369,40,,,1,70,,171370,40,,,1,30,,171371,40,,,1,70,,171372,40,,,1
10900,'109-Saturday-2-26-06-0000010',814,,211864,40,,,1,30,,211865,40,,,1,72,,211866,40,,,1,31,,211867,40,,,1,70,,211868,40,,,1,30,,211869,40,,,1,70,,211870,40,,,1,30,,211871,40,,,1,70,,211872,40,,,1,30,,211873,40,,,1,70,,211874,40,,,1,30,,211875,40,,,1,70,,211876,40,,,1,30,,211877,40,,,1,70,,211878,40,,,1,30,,211879,40,,,1,70,,211880,40,,,1,30,,211881,40,,,1,69,,211882,40,,,1,30,,211883,40,,,1,70,,211884,40,,,1,30,,211885,40,,,1,70,,211886,40,,,1,30,,211887,40,,,1,70,,211888,40,,,1,30,,211889,40,,,1,70,,211890,40,,,1,30,,211891,40,,,1,70,,211892,40,,,1
10900,'109-Sunday-2-26-06-0000001',1027,,193479,40,,,1,30,,193480,40,,,1,70,,193481,40,,,1,30,,193482,40,,,1,70,,193483,40,,,1,30,,193484,40,,,1,70,,193485,40,,,1,30,,193486,40,,,1,70,,193487,40,,,1,30,,193488,40,,,1,70,,193489,40,,,1,30,,193490,40,,,1,70,,193491,40,,,1,30,,193492,40,,,1,69,,193493,40,,,1,30,,193494,40,,,1,70,,193495,40,,,1,30,,193496,40,,,1
10900,'109-Sunday-3-26-06-0000001',1027,,211893,40,,,1,30,,211894,40,,,1,70,,211895,40,,,1,30,,211896,40,,,1,70,,211897,40,,,1,30,,211898,40,,,1,70,,211899,40,,,1,30,,211900,40,,,1,70,,211901,40,,,1,30,,211902,40,,,1,70,,211903,40,,,1,30,,211904,40,,,1,70,,211905,40,,,1,30,,211906,40,,,1,69,,211907,40,,,1,30,,211908,40,,,1,70,,211909,40,,,1,30,,211910,40,,,1
10900,'109-Sunday-6-26-06-0000001',1027,,211911,40,,,1,30,,211912,40,,,1,70,,211913,40,,,1,30,,211914,40,,,1,70,,211915,40,,,1,30,,211916,40,,,1,70,,211917,40,,,1,30,,211918,40,,,1,70,,211919,40,,,1,30,,211920,40,,,1,70,,211921,40,,,1,30,,211922,40,,,1,70,,211923,40,,,1,30,,211924,40,,,1,69,,211925,40,,,1,30,,211926,40,,,1,70,,211927,40,,,1,30,,211928,40,,,1
10900,'109-Sunday-7-26-06-0000001',1027,,211929,40,,,1,30,,211930,40,,,1,70,,211931,40,,,1,30,,211932,40,,,1,70,,211933,40,,,1,30,,211934,40,,,1,70,,211935,40,,,1,30,,211936,40,,,1,70,,211937,40,,,1,30,,211938,40,,,1,70,,211939,40,,,1,30,,211940,40,,,1,70,,211941,40,,,1,30,,211942,40,,,1,69,,211943,40,,,1,30,,211944,40,,,1,70,,211945,40,,,1,30,,211946,40,,,1
24014000,'140X-Weekday-1-26-06-1111100',1543,,187116,41,,,1,60,,187117,41,,,1,20,,187118,41,,,1,20,,187119,41,,,1,60,,187120,41,,,1,20,,187121,41,,,1,19,,187122,41,,,1,17,,187123,41,,,1
24014000,'140X-Weekday-2-26-06-1111100',1543,,203020,41,,,1,60,,203021,41,,,1,20,,203022,41,,,1,20,,203023,41,,,1,60,,203024,41,,,1,20,,203025,41,,,1,19,,203026,41,,,1,17,,203027,41,,,1
