50700,'507-Weekday-1-26-06-1111100',547,,174572,56,4,,1,70,,174573,56,4,,1,34,,174574,56,4,,1,77,,174575,56,4,,1,30,,174576,56,4,,1,70,,174577,56,4,,1,26,,174612,56,4,,1,65,,174611,56,4,,1,24,,174578,56,4,,1,70,,174579,56,4,,1,30,,174580,56,4,,1,70,,174581,56,4,,1,30,,174582,56,4,,1,70,,174583,56,4,,1,30,,174584,56,4,,1,70,,174585,56,4,,1,30,,174586,56,4,,1,70,,174587,56,4,,1,30,,174588,56,4,,1,71,,174589,56,4,,1,35,,174590,56,4,,1,70,,174591,56,4,,1,15,,174592,56,4,,1,15,,174593,56,4,,1,55,,174594,56,4,,1,15,,174595,56,4,,1,15,,174596,56,4,,1,15,,174597,56,4,,1,55,,174598,56,4,,1,15,,174599,56,4,,1,15,,174600,56,4,,1,14,,174601,56,4,,1,65,,174602,56,4,,1,31,,174603,56,4,,1,70,,174604,56,4,,1,30,,174605,56,4,,1,70,,174606,56,4,,1,30,,174607,56,4,,1,68,,174608,56,4,,1,27,,174613,56,4,,1,90,,174609,56,4,,1,100,,174610,56,4,,1
50700,'507-Weekday-2-26-06-1111100',547,,195309,56,4,,1,70,,195310,56,4,,1,34,,195311,56,4,,1,77,,195312,56,4,,1,30,,195313,56,4,,1,70,,195314,56,4,,1,26,,195349,56,4,,1,65,,195348,56,4,,1,24,,195315,56,4,,1,70,,195316,56,4,,1,30,,195317,56,4,,1,70,,195318,56,4,,1,30,,195319,56,4,,1,70,,195320,56,4,,1,30,,195321,56,4,,1,70,,195322,56,4,,1,30,,195323,56,4,,1,70,,195324,56,4,,1,30,,195325,56,4,,1,71,,195326,56,4,,1,35,,195327,56,4,,1,70,,195328,56,4,,1,15,,195329,56,4,,1,15,,195330,56,4,,1,55,,195331,56,4,,1,15,,195332,56,4,,1,15,,195333,56,4,,1,15,,195334,56,4,,1,55,,195335,56,4,,1,15,,195336,56,4,,1,15,,195337,56,4,,1,14,,195338,56,4,,1,65,,195339,56,4,,1,31,,195340,56,4,,1,70,,195341,56,4,,1,30,,195342,56,4,,1,70,,195343,56,4,,1,30,,195344,56,4,,1,68,,195345,56,4,,1,27,,195350,56,4,,1,90,,195346,56,4,,1,100,,195347,56,4,,1
50700,'507-Saturday-1-26-06-0000010',624,,174614,56,4,,1,100,,174615,56,4,,1,100,,174616,56,4,,1,30,,174617,56,4,,1,72,,174618,56,4,,1,32,,174619,56,4,,1,70,,174620,56,4,,1,30,,174621,56,4,,1,70,,174622,56,4,,1,30,,174623,56,4,,1,70,,174624,56,4,,1,30,,174625,56,4,,1,70,,174626,56,4,,1,30,,174627,56,4,,1,70,,174628,56,4,,1,30,,174629,56,4,,1,70,,174630,56,4,,1,30,,174631,56,4,,1,70,,174632,56,4,,1,30,,174633,56,4,,1,68,,174634,56,4,,1,29,,174635,56,4,,1,70,,174636,56,4,,1,30,,174637,56,4,,1,100,,174638,56,4,,1,100,,174639,56,4,,1,100,,174640,56,4,,1,100,,174641,56,4,,1,100,,174642,56,4,,1
50700,'507-Saturday-2-26-06-0000010',624,,214752,56,4,,1,100,,214753,56,4,,1,100,,214754,56,4,,1,30,,214755,56,4,,1,72,,214756,56,4,,1,32,,214757,56,4,,1,70,,214758,56,4,,1,30,,214759,56,4,,1,70,,214760,56,4,,1,30,,214761,56,4,,1,70,,214762,56,4,,1,30,,214763,56,4,,1,70,,214764,56,4,,1,30,,214765,56,4,,1,70,,214766,56,4,,1,30,,214767,56,4,,1,70,,214768,56,4,,1,30,,214769,56,4,,1,70,,214770,56,4,,1,30,,214771,56,4,,1,68,,214772,56,4,,1,29,,214773,56,4,,1,70,,214774,56,4,,1,30,,214775,56,4,,1,100,,214776,56,4,,1,100,,214777,56,4,,1,100,,214778,56,4,,1,100,,214779,56,4,,1,100,,214780,56,4,,1
50700,'507-Sunday-2-26-06-0000001',652,,195351,56,4,,1,100,,195352,56,4,,1,100,,195353,56,4,,1,105,,195354,56,4,,1,100,,195355,56,4,,1,70,,195356,56,4,,1,30,,195357,56,4,,1,70,,195358,56,4,,1,30,,195359,56,4,,1,70,,195360,56,4,,1,30,,195361,56,4,,1,70,,195362,56,4,,1,30,,195363,56,4,,1,70,,195364,56,4,,1,30,,195365,56,4,,1,70,,195366,56,4,,1,30,,195367,56,4,,1,68,,195368,56,4,,1,29,,195369,56,4,,1,70,,195370,56,4,,1,30,,195371,56,4,,1,91,,195372,56,4,,1,100,,195373,56,4,,1,100,,195374,56,4,,1,100,,195375,56,4,,1,100,,195376,56,4,,1
50700,'507-Sunday-3-26-06-0000001',652,,214781,56,4,,1,100,,214782,56,4,,1,100,,214783,56,4,,1,105,,214784,56,4,,1,100,,214785,56,4,,1,70,,214786,56,4,,1,30,,214787,56,4,,1,70,,214788,56,4,,1,30,,214789,56,4,,1,70,,214790,56,4,,1,30,,214791,56,4,,1,70,,214792,56,4,,1,30,,214793,56,4,,1,70,,214794,56,4,,1,30,,214795,56,4,,1,70,,214796,56,4,,1,30,,214797,56,4,,1,68,,214798,56,4,,1,29,,214799,56,4,,1,70,,214800,56,4,,1,30,,214801,56,4,,1,91,,214802,56,4,,1,100,,214803,56,4,,1,100,,214804,56,4,,1,100,,214805,56,4,,1,100,,214806,56,4,,1
50700,'507-Sunday-6-26-06-0000001',652,,214807,56,4,,1,100,,214808,56,4,,1,100,,214809,56,4,,1,105,,214810,56,4,,1,100,,214811,56,4,,1,70,,214812,56,4,,1,30,,214813,56,4,,1,70,,214814,56,4,,1,30,,214815,56,4,,1,70,,214816,56,4,,1,30,,214817,56,4,,1,70,,214818,56,4,,1,30,,214819,56,4,,1,70,,214820,56,4,,1,30,,214821,56,4,,1,70,,214822,56,4,,1,30,,214823,56,4,,1,68,,214824,56,4,,1,29,,214825,56,4,,1,70,,214826,56,4,,1,30,,214827,56,4,,1,91,,214828,56,4,,1,100,,214829,56,4,,1,100,,214830,56,4,,1,100,,214831,56,4,,1,100,,214832,56,4,,1
50700,'507-Sunday-7-26-06-0000001',652,,214833,56,4,,1,100,,214834,56,4,,1,100,,214835,56,4,,1,105,,214836,56,4,,1,100,,214837,56,4,,1,70,,214838,56,4,,1,30,,214839,56,4,,1,70,,214840,56,4,,1,30,,214841,56,4,,1,70,,214842,56,4,,1,30,,214843,56,4,,1,70,,214844,56,4,,1,30,,214845,56,4,,1,70,,214846,56,4,,1,30,,214847,56,4,,1,70,,214848,56,4,,1,30,,214849,56,4,,1,68,,214850,56,4,,1,29,,214851,56,4,,1,70,,214852,56,4,,1,30,,214853,56,4,,1,91,,214854,56,4,,1,100,,214855,56,4,,1,100,,214856,56,4,,1,100,,214857,56,4,,1,100,,214858,56,4,,1
50701,'507-Weekday-1-26-06-1111100',517,,174674,1,,,1,30,,174675,1,,,1,70,,174676,1,,,1,19,,174710,1,,,1,15,,174677,1,,,1,62,,174706,1,,,1,15,,174679,1,,,1,15,,174707,1,,,1,15,,174681,1,,,1,55,,174708,1,,,1,15,,174682,1,,,1,26,,174678,1,,,1,65,,174680,1,,,1,24,,174684,1,,,1,70,,174685,1,,,1,30,,174686,1,,,1,70,,174687,1,,,1,30,,174688,1,,,1,70,,174689,1,,,1,30,,174669,1,,,1,70,,174670,1,,,1,30,,174671,1,,,1,70,,174672,1,,,1,30,,174673,1,,,1,71,,174683,1,,,1,35,,174690,1,,,1,70,,174691,1,,,1,30,,174692,1,,,1,70,,174693,1,,,1,30,,174694,1,,,1,70,,174695,1,,,1,29,,174696,1,,,1,65,,174697,1,,,1,31,,174698,1,,,1,70,,174699,1,,,1,30,,174700,1,,,1,70,,174701,1,,,1,30,,174702,1,,,1,68,,174703,1,,,1,27,,174709,1,,,1,90,,174704,1,,,1,100,,174705,1,,,1
50701,'507-Weekday-2-26-06-1111100',517,,195382,1,,,1,30,,195383,1,,,1,70,,195384,1,,,1,19,,195418,1,,,1,15,,195385,1,,,1,62,,195414,1,,,1,15,,195387,1,,,1,15,,195415,1,,,1,15,,195389,1,,,1,55,,195416,1,,,1,15,,195390,1,,,1,26,,195386,1,,,1,65,,195388,1,,,1,24,,195392,1,,,1,70,,195393,1,,,1,30,,195394,1,,,1,70,,195395,1,,,1,30,,195396,1,,,1,70,,195397,1,,,1,30,,195377,1,,,1,70,,195378,1,,,1,30,,195379,1,,,1,70,,195380,1,,,1,30,,195381,1,,,1,71,,195391,1,,,1,35,,195398,1,,,1,70,,195399,1,,,1,30,,195400,1,,,1,70,,195401,1,,,1,30,,195402,1,,,1,70,,195403,1,,,1,29,,195404,1,,,1,65,,195405,1,,,1,31,,195406,1,,,1,70,,195407,1,,,1,30,,195408,1,,,1,70,,195409,1,,,1,30,,195410,1,,,1,68,,195411,1,,,1,27,,195417,1,,,1,90,,195412,1,,,1,100,,195413,1,,,1
50701,'507-Saturday-1-26-06-0000010',524,,174712,1,,,1,100,,174714,1,,,1,100,,174715,1,,,1,30,,174713,1,,,1,70,,174716,1,,,1,30,,174717,1,,,1,72,,174718,1,,,1,32,,174719,1,,,1,70,,174720,1,,,1,30,,174721,1,,,1,70,,174722,1,,,1,30,,174723,1,,,1,70,,174724,1,,,1,30,,174725,1,,,1,70,,174726,1,,,1,30,,174727,1,,,1,70,,174728,1,,,1,30,,174729,1,,,1,70,,174730,1,,,1,30,,174731,1,,,1,70,,174732,1,,,1,30,,174733,1,,,1,68,,174734,1,,,1,29,,174735,1,,,1,70,,174736,1,,,1,30,,174737,1,,,1,100,,174738,1,,,1,100,,174739,1,,,1,100,,174740,1,,,1,100,,174741,1,,,1,100,,174711,1,0,48,1
50701,'507-Saturday-2-26-06-0000010',524,,214860,1,,,1,100,,214862,1,,,1,100,,214863,1,,,1,30,,214861,1,,,1,70,,214864,1,,,1,30,,214865,1,,,1,72,,214866,1,,,1,32,,214867,1,,,1,70,,214868,1,,,1,30,,214869,1,,,1,70,,214870,1,,,1,30,,214871,1,,,1,70,,214872,1,,,1,30,,214873,1,,,1,70,,214874,1,,,1,30,,214875,1,,,1,70,,214876,1,,,1,30,,214877,1,,,1,70,,214878,1,,,1,30,,214879,1,,,1,70,,214880,1,,,1,30,,214881,1,,,1,68,,214882,1,,,1,29,,214883,1,,,1,70,,214884,1,,,1,30,,214885,1,,,1,100,,214886,1,,,1,100,,214887,1,,,1,100,,214888,1,,,1,100,,214889,1,,,1,100,,214859,1,0,48,1
50701,'507-Sunday-2-26-06-0000001',552,,195444,1,,,1,100,,195419,1,,,1,100,,195420,1,,,1,100,,195421,1,,,1,105,,195422,1,,,1,70,,195445,1,,,1,30,,195423,1,,,1,70,,195424,1,,,1,30,,195425,1,,,1,70,,195426,1,,,1,30,,195427,1,,,1,70,,195428,1,,,1,30,,195429,1,,,1,70,,195430,1,,,1,30,,195431,1,,,1,70,,195432,1,,,1,30,,195433,1,,,1,70,,195434,1,,,1,30,,195435,1,,,1,68,,195436,1,,,1,29,,195437,1,,,1,70,,195438,1,,,1,30,,195439,1,,,1,91,,195440,1,,,1,100,,195441,1,,,1,100,,195442,1,,,1,100,,195443,1,,,1,100,,195446,1,0,48,1
50701,'507-Sunday-3-26-06-0000001',552,,214915,1,,,1,100,,214890,1,,,1,100,,214891,1,,,1,100,,214892,1,,,1,105,,214893,1,,,1,70,,214916,1,,,1,30,,214894,1,,,1,70,,214895,1,,,1,30,,214896,1,,,1,70,,214897,1,,,1,30,,214898,1,,,1,70,,214899,1,,,1,30,,214900,1,,,1,70,,214901,1,,,1,30,,214902,1,,,1,70,,214903,1,,,1,30,,214904,1,,,1,70,,214905,1,,,1,30,,214906,1,,,1,68,,214907,1,,,1,29,,214908,1,,,1,70,,214909,1,,,1,30,,214910,1,,,1,91,,214911,1,,,1,100,,214912,1,,,1,100,,214913,1,,,1,100,,214914,1,,,1,100,,214917,1,0,48,1
50701,'507-Sunday-6-26-06-0000001',552,,214943,1,,,1,100,,214918,1,,,1,100,,214919,1,,,1,100,,214920,1,,,1,105,,214921,1,,,1,70,,214944,1,,,1,30,,214922,1,,,1,70,,214923,1,,,1,30,,214924,1,,,1,70,,214925,1,,,1,30,,214926,1,,,1,70,,214927,1,,,1,30,,214928,1,,,1,70,,214929,1,,,1,30,,214930,1,,,1,70,,214931,1,,,1,30,,214932,1,,,1,70,,214933,1,,,1,30,,214934,1,,,1,68,,214935,1,,,1,29,,214936,1,,,1,70,,214937,1,,,1,30,,214938,1,,,1,91,,214939,1,,,1,100,,214940,1,,,1,100,,214941,1,,,1,100,,214942,1,,,1,100,,214945,1,0,48,1
50701,'507-Sunday-7-26-06-0000001',552,,214971,1,,,1,100,,214946,1,,,1,100,,214947,1,,,1,100,,214948,1,,,1,105,,214949,1,,,1,70,,214972,1,,,1,30,,214950,1,,,1,70,,214951,1,,,1,30,,214952,1,,,1,70,,214953,1,,,1,30,,214954,1,,,1,70,,214955,1,,,1,30,,214956,1,,,1,70,,214957,1,,,1,30,,214958,1,,,1,70,,214959,1,,,1,30,,214960,1,,,1,70,,214961,1,,,1,30,,214962,1,,,1,68,,214963,1,,,1,29,,214964,1,,,1,70,,214965,1,,,1,30,,214966,1,,,1,91,,214967,1,,,1,100,,214968,1,,,1,100,,214969,1,,,1,100,,214970,1,,,1,100,,214973,1,0,48,1
