5401,'054-Weekday-1-26-06-1111100',541,,167715,52,,,1,70,,167716,52,,,1,15,,167759,52,,,1,14,,167717,52,,,1,65,,167718,52,,,1,21,,167719,52,,,1,14,,167720,52,,,1,19,,167721,52,,,1,56,,167722,52,,,1,16,,167723,52,,,1,16,,167724,52,,,1,54,,167725,52,,,1,15,,167726,52,,,1,29,,167727,52,,,1,72,,167728,52,,,1,27,,167729,52,,,1,71,,167730,52,,,1,30,,167731,52,,,1,70,,167732,52,,,1,30,,167733,52,,,1,70,,167734,52,,,1,30,,167735,52,,,1,70,,167736,52,,,1,30,,167737,52,,,1,72,,167738,52,,,1,33,,167739,52,,,1,62,,167714,52,,,1,16,,167740,52,,,1,17,,167741,52,,,1,56,,167742,52,,,1,16,,167743,52,,,1,16,,167744,52,,,1,16,,167745,52,,,1,54,,167746,52,,,1,19,,167747,52,,,1,20,,167748,52,,,1,64,,167749,52,,,1,26,,167750,52,,,1,79,,167751,52,,,1,30,,167752,52,,,1,70,,167753,52,,,1,30,,167754,52,,,1,69,,167755,52,,,1,29,,167756,52,,,1,97,,167757,52,,,1,100,,167758,52,,,1
5401,'054-Weekday-2-26-06-1111100',541,,191910,52,,,1,70,,191911,52,,,1,15,,191954,52,,,1,14,,191912,52,,,1,65,,191913,52,,,1,21,,191914,52,,,1,14,,191915,52,,,1,19,,191916,52,,,1,56,,191917,52,,,1,16,,191918,52,,,1,16,,191919,52,,,1,54,,191920,52,,,1,15,,191921,52,,,1,29,,191922,52,,,1,72,,191923,52,,,1,27,,191924,52,,,1,71,,191925,52,,,1,30,,191926,52,,,1,70,,191927,52,,,1,30,,191928,52,,,1,70,,191929,52,,,1,30,,191930,52,,,1,70,,191931,52,,,1,30,,191932,52,,,1,72,,191933,52,,,1,33,,191934,52,,,1,62,,191909,52,,,1,16,,191935,52,,,1,17,,191936,52,,,1,56,,191937,52,,,1,16,,191938,52,,,1,16,,191939,52,,,1,16,,191940,52,,,1,54,,191941,52,,,1,19,,191942,52,,,1,20,,191943,52,,,1,64,,191944,52,,,1,26,,191945,52,,,1,79,,191946,52,,,1,30,,191947,52,,,1,70,,191948,52,,,1,30,,191949,52,,,1,69,,191950,52,,,1,29,,191951,52,,,1,97,,191952,52,,,1,100,,191953,52,,,1
5401,'054-Saturday-1-26-06-0000010',641,,167760,52,,,1,70,,167761,52,,,1,30,,167762,52,,,1,70,,167763,52,,,1,30,,167764,52,,,1,64,,167765,52,,,1,24,,167766,52,,,1,24,,167767,52,,,1,60,,167768,52,,,1,20,,167769,52,,,1,20,,167770,52,,,1,60,,167771,52,,,1,20,,167772,52,,,1,20,,167773,52,,,1,60,,167774,52,,,1,20,,167775,52,,,1,20,,167776,52,,,1,60,,167777,52,,,1,20,,167778,52,,,1,20,,167779,52,,,1,60,,167780,52,,,1,20,,167781,52,,,1,20,,167782,52,,,1,60,,167783,52,,,1,20,,167784,52,,,1,20,,167785,52,,,1,60,,167786,52,,,1,20,,167787,52,,,1,20,,167788,52,,,1,60,,167789,52,,,1,21,,167790,52,,,1,21,,167791,52,,,1,60,,167792,52,,,1,20,,167793,52,,,1,20,,167794,52,,,1,60,,167795,52,,,1,20,,167796,52,,,1,20,,167797,52,,,1,60,,167798,52,,,1,20,,167799,52,,,1,20,,167800,52,,,1,60,,167801,52,,,1,20,,167802,52,,,1,20,,167803,52,,,1,60,,167804,52,,,1,30,,167805,52,,,1,100,,167806,52,,,1,100,,167807,52,,,1
5401,'054-Saturday-2-26-06-0000010',641,,208970,52,,,1,70,,208971,52,,,1,30,,208972,52,,,1,70,,208973,52,,,1,30,,208974,52,,,1,64,,208975,52,,,1,24,,208976,52,,,1,24,,208977,52,,,1,60,,208978,52,,,1,20,,208979,52,,,1,20,,208980,52,,,1,60,,208981,52,,,1,20,,208982,52,,,1,20,,208983,52,,,1,60,,208984,52,,,1,20,,208985,52,,,1,20,,208986,52,,,1,60,,208987,52,,,1,20,,208988,52,,,1,20,,208989,52,,,1,60,,208990,52,,,1,20,,208991,52,,,1,20,,208992,52,,,1,60,,208993,52,,,1,20,,208994,52,,,1,20,,208995,52,,,1,60,,208996,52,,,1,20,,208997,52,,,1,20,,208998,52,,,1,60,,208999,52,,,1,21,,209000,52,,,1,21,,209001,52,,,1,60,,209002,52,,,1,20,,209003,52,,,1,20,,209004,52,,,1,60,,209005,52,,,1,20,,209006,52,,,1,20,,209007,52,,,1,60,,209008,52,,,1,20,,209009,52,,,1,20,,209010,52,,,1,60,,209011,52,,,1,20,,209012,52,,,1,20,,209013,52,,,1,60,,209014,52,,,1,30,,209015,52,,,1,100,,209016,52,,,1,100,,209017,52,,,1
5401,'054-Sunday-2-26-06-0000001',743,,191955,52,,,1,70,,191956,52,,,1,30,,191957,52,,,1,70,,191958,52,,,1,33,,191959,52,,,1,70,,191960,52,,,1,30,,191961,52,,,1,65,,191962,52,,,1,20,,191963,52,,,1,20,,191964,52,,,1,60,,191965,52,,,1,20,,191966,52,,,1,20,,191967,52,,,1,60,,191968,52,,,1,20,,191969,52,,,1,20,,191970,52,,,1,60,,191971,52,,,1,20,,191972,52,,,1,20,,191973,52,,,1,60,,191974,52,,,1,20,,191975,52,,,1,20,,191976,52,,,1,60,,191977,52,,,1,20,,191978,52,,,1,20,,191979,52,,,1,61,,191980,52,,,1,19,,191981,52,,,1,21,,191982,52,,,1,60,,191983,52,,,1,20,,191984,52,,,1,20,,191985,52,,,1,60,,191986,52,,,1,20,,191987,52,,,1,20,,191988,52,,,1,65,,191989,52,,,1,30,,191990,52,,,1,70,,191991,52,,,1,30,,191992,52,,,1,70,,191993,52,,,1,30,,191994,52,,,1,100,,191995,52,,,1,100,,191996,52,,,1
5401,'054-Sunday-3-26-06-0000001',743,,209018,52,,,1,70,,209019,52,,,1,30,,209020,52,,,1,70,,209021,52,,,1,33,,209022,52,,,1,70,,209023,52,,,1,30,,209024,52,,,1,65,,209025,52,,,1,20,,209026,52,,,1,20,,209027,52,,,1,60,,209028,52,,,1,20,,209029,52,,,1,20,,209030,52,,,1,60,,209031,52,,,1,20,,209032,52,,,1,20,,209033,52,,,1,60,,209034,52,,,1,20,,209035,52,,,1,20,,209036,52,,,1,60,,209037,52,,,1,20,,209038,52,,,1,20,,209039,52,,,1,60,,209040,52,,,1,20,,209041,52,,,1,20,,209042,52,,,1,61,,209043,52,,,1,19,,209044,52,,,1,21,,209045,52,,,1,60,,209046,52,,,1,20,,209047,52,,,1,20,,209048,52,,,1,60,,209049,52,,,1,20,,209050,52,,,1,20,,209051,52,,,1,65,,209052,52,,,1,30,,209053,52,,,1,70,,209054,52,,,1,30,,209055,52,,,1,70,,209056,52,,,1,30,,209057,52,,,1,100,,209058,52,,,1,100,,209059,52,,,1
5401,'054-Sunday-6-26-06-0000001',743,,209060,52,,,1,70,,209061,52,,,1,30,,209062,52,,,1,70,,209063,52,,,1,33,,209064,52,,,1,70,,209065,52,,,1,30,,209066,52,,,1,65,,209067,52,,,1,20,,209068,52,,,1,20,,209069,52,,,1,60,,209070,52,,,1,20,,209071,52,,,1,20,,209072,52,,,1,60,,209073,52,,,1,20,,209074,52,,,1,20,,209075,52,,,1,60,,209076,52,,,1,20,,209077,52,,,1,20,,209078,52,,,1,60,,209079,52,,,1,20,,209080,52,,,1,20,,209081,52,,,1,60,,209082,52,,,1,20,,209083,52,,,1,20,,209084,52,,,1,61,,209085,52,,,1,19,,209086,52,,,1,21,,209087,52,,,1,60,,209088,52,,,1,20,,209089,52,,,1,20,,209090,52,,,1,60,,209091,52,,,1,20,,209092,52,,,1,20,,209093,52,,,1,65,,209094,52,,,1,30,,209095,52,,,1,70,,209096,52,,,1,30,,209097,52,,,1,70,,209098,52,,,1,30,,209099,52,,,1,100,,209100,52,,,1,100,,209101,52,,,1
5401,'054-Sunday-7-26-06-0000001',743,,209102,52,,,1,70,,209103,52,,,1,30,,209104,52,,,1,70,,209105,52,,,1,33,,209106,52,,,1,70,,209107,52,,,1,30,,209108,52,,,1,65,,209109,52,,,1,20,,209110,52,,,1,20,,209111,52,,,1,60,,209112,52,,,1,20,,209113,52,,,1,20,,209114,52,,,1,60,,209115,52,,,1,20,,209116,52,,,1,20,,209117,52,,,1,60,,209118,52,,,1,20,,209119,52,,,1,20,,209120,52,,,1,60,,209121,52,,,1,20,,209122,52,,,1,20,,209123,52,,,1,60,,209124,52,,,1,20,,209125,52,,,1,20,,209126,52,,,1,61,,209127,52,,,1,19,,209128,52,,,1,21,,209129,52,,,1,60,,209130,52,,,1,20,,209131,52,,,1,20,,209132,52,,,1,60,,209133,52,,,1,20,,209134,52,,,1,20,,209135,52,,,1,65,,209136,52,,,1,30,,209137,52,,,1,70,,209138,52,,,1,30,,209139,52,,,1,70,,209140,52,,,1,30,,209141,52,,,1,100,,209142,52,,,1,100,,209143,52,,,1
90701,'907-Weekday-1-26-06-1111100',546,,183798,31,,,1,70,,183799,31,,,1,28,,183800,31,,,1,56,,183801,31,,,1,15,,183802,31,,,1,15,,183803,31,,,1,15,,183804,31,,,1,55,,183805,31,,,1,15,,183806,31,,,1,15,,183807,31,,,1,15,,183808,31,,,1,70,,183809,31,,,1,30,,183810,31,,,1,70,,183811,31,,,1,30,,183812,31,,,1,70,,183813,31,,,1,30,,183814,31,,,1,70,,183815,31,,,1,30,,183816,31,,,1,70,,183817,31,,,1,30,,183818,31,,,1,70,,183819,31,,,1,30,,183820,31,,,1,72,,183821,31,,,1,22,,183822,31,,,1,17,,183823,31,,,1,55,,183824,31,,,1,15,,183825,31,,,1,15,,183826,31,,,1,15,,183827,31,,,1,55,,183828,31,,,1,15,,183829,31,,,1,15,,183830,31,,,1,15,,183831,31,,,1,67,,183832,31,,,1,22,,183833,31,,,1,70,,183834,31,,,1,30,,183835,31,,,1,70,,183836,31,,,1,30,,183837,31,,,1,70,,183838,31,,,1,30,,183839,31,,,1,72,,183840,31,,,1,100,,183841,31,,,1,100,,183842,31,,,1
90701,'907-Weekday-2-26-06-1111100',546,,200789,31,,,1,70,,200790,31,,,1,28,,200791,31,,,1,56,,200792,31,,,1,15,,200793,31,,,1,15,,200794,31,,,1,15,,200795,31,,,1,55,,200796,31,,,1,15,,200797,31,,,1,15,,200798,31,,,1,15,,200799,31,,,1,70,,200800,31,,,1,30,,200801,31,,,1,70,,200802,31,,,1,30,,200803,31,,,1,70,,200804,31,,,1,30,,200805,31,,,1,70,,200806,31,,,1,30,,200807,31,,,1,70,,200808,31,,,1,30,,200809,31,,,1,70,,200810,31,,,1,30,,200811,31,,,1,72,,200812,31,,,1,22,,200813,31,,,1,17,,200814,31,,,1,55,,200815,31,,,1,15,,200816,31,,,1,15,,200817,31,,,1,15,,200818,31,,,1,55,,200819,31,,,1,15,,200820,31,,,1,15,,200821,31,,,1,15,,200822,31,,,1,67,,200823,31,,,1,22,,200824,31,,,1,70,,200825,31,,,1,30,,200826,31,,,1,70,,200827,31,,,1,30,,200828,31,,,1,70,,200829,31,,,1,30,,200830,31,,,1,72,,200831,31,,,1,100,,200832,31,,,1,100,,200833,31,,,1
90701,'907-Saturday-1-26-06-0000010',648,,183843,31,,,1,100,,183844,31,,,1,100,,183845,31,,,1,67,,183846,31,,,1,30,,183847,31,,,1,70,,183848,31,,,1,30,,183849,31,,,1,70,,183850,31,,,1,30,,183851,31,,,1,70,,183852,31,,,1,30,,183853,31,,,1,70,,183854,31,,,1,30,,183855,31,,,1,70,,183856,31,,,1,30,,183857,31,,,1,70,,183858,31,,,1,30,,183859,31,,,1,70,,183860,31,,,1,30,,183861,31,,,1,71,,183862,31,,,1,30,,183863,31,,,1,70,,183864,31,,,1,30,,183865,31,,,1,70,,183866,31,,,1,100,,183867,31,,,1,100,,183868,31,,,1,100,,183869,31,,,1
90701,'907-Saturday-2-26-06-0000010',648,,222962,31,,,1,100,,222963,31,,,1,100,,222964,31,,,1,67,,222965,31,,,1,30,,222966,31,,,1,70,,222967,31,,,1,30,,222968,31,,,1,70,,222969,31,,,1,30,,222970,31,,,1,70,,222971,31,,,1,30,,222972,31,,,1,70,,222973,31,,,1,30,,222974,31,,,1,70,,222975,31,,,1,30,,222976,31,,,1,70,,222977,31,,,1,30,,222978,31,,,1,70,,222979,31,,,1,30,,222980,31,,,1,71,,222981,31,,,1,30,,222982,31,,,1,70,,222983,31,,,1,30,,222984,31,,,1,70,,222985,31,,,1,100,,222986,31,,,1,100,,222987,31,,,1,100,,222988,31,,,1
90701,'907-Sunday-2-26-06-0000001',1049,,200834,31,,,1,70,,200835,31,,,1,30,,200836,31,,,1,70,,200837,31,,,1,30,,200838,31,,,1,70,,200839,31,,,1,30,,200840,31,,,1,70,,200841,31,,,1,30,,200842,31,,,1,70,,200843,31,,,1,30,,200844,31,,,1,70,,200845,31,,,1,30,,200846,31,,,1,70,,200847,31,,,1,30,,200848,31,,,1,70,,200849,31,,,1,30,,200850,31,,,1,70,,200851,31,,,1,30,,200852,31,,,1
90701,'907-Sunday-3-26-06-0000001',1049,,222989,31,,,1,70,,222990,31,,,1,30,,222991,31,,,1,70,,222992,31,,,1,30,,222993,31,,,1,70,,222994,31,,,1,30,,222995,31,,,1,70,,222996,31,,,1,30,,222997,31,,,1,70,,222998,31,,,1,30,,222999,31,,,1,70,,223000,31,,,1,30,,223001,31,,,1,70,,223002,31,,,1,30,,223003,31,,,1,70,,223004,31,,,1,30,,223005,31,,,1,70,,223006,31,,,1,30,,223007,31,,,1
90701,'907-Sunday-6-26-06-0000001',1049,,223008,31,,,1,70,,223009,31,,,1,30,,223010,31,,,1,70,,223011,31,,,1,30,,223012,31,,,1,70,,223013,31,,,1,30,,223014,31,,,1,70,,223015,31,,,1,30,,223016,31,,,1,70,,223017,31,,,1,30,,223018,31,,,1,70,,223019,31,,,1,30,,223020,31,,,1,70,,223021,31,,,1,30,,223022,31,,,1,70,,223023,31,,,1,30,,223024,31,,,1,70,,223025,31,,,1,30,,223026,31,,,1
90701,'907-Sunday-7-26-06-0000001',1049,,223027,31,,,1,70,,223028,31,,,1,30,,223029,31,,,1,70,,223030,31,,,1,30,,223031,31,,,1,70,,223032,31,,,1,30,,223033,31,,,1,70,,223034,31,,,1,30,,223035,31,,,1,70,,223036,31,,,1,30,,223037,31,,,1,70,,223038,31,,,1,30,,223039,31,,,1,70,,223040,31,,,1,30,,223041,31,,,1,70,,223042,31,,,1,30,,223043,31,,,1,70,,223044,31,,,1,30,,223045,31,,,1
