200,'002-Weekday-1-26-09-1111100',452,,226854,12,0,34,1,60,,226855,12,0,34,1,20,,226856,12,0,34,1,20,,226857,12,0,34,1,60,,226858,12,0,34,1,10,,226938,12,0,34,1,12,,226939,12,0,34,1,10,,226940,12,0,34,1,10,,226928,12,0,34,1,50,,226927,12,0,34,1,10,,226929,12,0,34,1,10,,226930,12,0,34,1,10,,226931,12,0,34,1,10,,226932,12,0,34,1,10,,226933,12,0,34,1,46,,226941,12,0,31,1,4,,226934,12,0,34,1,10,,226935,12,0,34,1,10,,226936,12,0,34,1,10,,226937,12,0,34,1,10,,226926,12,0,34,1,10,,226859,12,0,34,1,53,,226860,12,0,34,1,15,,226861,12,0,34,1,15,,226862,12,0,34,1,15,,226863,12,0,34,1,55,,226864,12,0,34,1,15,,226865,12,0,34,1,15,,226866,12,0,34,1,15,,226867,12,0,34,1,55,,226868,12,0,34,1,15,,226869,12,0,34,1,15,,226870,12,0,34,1,15,,226871,12,0,34,1,55,,226872,12,0,34,1,15,,226873,12,0,34,1,15,,226874,12,0,34,1,15,,226875,12,0,34,1,55,,226876,12,0,34,1,15,,226877,12,0,34,1,15,,226878,12,0,34,1,15,,226879,12,0,34,1,55,,226880,12,0,34,1,15,,226881,12,0,34,1,12,,226882,12,0,34,1,12,,226883,12,0,34,1,13,,226884,12,0,34,1,53,,226885,12,0,34,1,12,,226886,12,0,34,1,12,,226887,12,0,34,1,12,,226888,12,0,34,1,52,,226889,12,0,34,1,12,,226890,12,0,34,1,12,,226891,12,0,34,1,12,,226892,12,0,34,1,15,,226893,12,0,34,1,55,,226894,12,0,34,1,16,,226895,12,0,34,1,16,,226896,12,0,34,1,16,,226897,12,0,34,1,55,,226898,12,0,34,1,15,,226899,12,0,34,1,13,,226900,12,0,34,1,15,,226901,12,0,34,1,55,,226902,12,0,34,1,15,,226903,12,0,34,1,15,,226904,12,0,34,1,15,,226905,12,0,34,1,55,,226906,12,0,34,1,15,,226907,12,0,34,1,15,,226908,12,0,34,1,15,,226909,12,0,34,1,55,,226910,12,0,34,1,15,,226911,12,0,34,1,15,,226912,12,0,34,1,15,,226913,12,0,34,1,54,,226914,12,0,34,1,15,,226915,12,0,34,1,18,,226916,12,0,34,1,20,,226917,12,0,34,1,60,,226918,12,0,34,1,19,,226919,12,0,34,1,70,,226920,12,0,34,1,29,,226921,12,0,28 37,1,70,,226922,12,0,28 37,1,30,,226923,12,0,28 37,1,70,,226924,12,0,28 37,1,30,,226925,12,0,28 37,1
200,'002-Weekday-2-26-09-1111100',452,,226942,12,0,34,1,60,,226943,12,0,34,1,20,,226944,12,0,34,1,20,,226945,12,0,34,1,60,,226946,12,0,34,1,10,,227026,12,0,34,1,12,,227027,12,0,34,1,10,,227028,12,0,34,1,10,,227016,12,0,34,1,50,,227015,12,0,34,1,10,,227017,12,0,34,1,10,,227018,12,0,34,1,10,,227019,12,0,34,1,10,,227020,12,0,34,1,10,,227021,12,0,34,1,46,,227029,12,0,31,1,4,,227022,12,0,34,1,10,,227023,12,0,34,1,10,,227024,12,0,34,1,10,,227025,12,0,34,1,10,,227014,12,0,34,1,10,,226947,12,0,34,1,53,,226948,12,0,34,1,15,,226949,12,0,34,1,15,,226950,12,0,34,1,15,,226951,12,0,34,1,55,,226952,12,0,34,1,15,,226953,12,0,34,1,15,,226954,12,0,34,1,15,,226955,12,0,34,1,55,,226956,12,0,34,1,15,,226957,12,0,34,1,15,,226958,12,0,34,1,15,,226959,12,0,34,1,55,,226960,12,0,34,1,15,,226961,12,0,34,1,15,,226962,12,0,34,1,15,,226963,12,0,34,1,55,,226964,12,0,34,1,15,,226965,12,0,34,1,15,,226966,12,0,34,1,15,,226967,12,0,34,1,55,,226968,12,0,34,1,15,,226969,12,0,34,1,12,,226970,12,0,34,1,12,,226971,12,0,34,1,13,,226972,12,0,34,1,53,,226973,12,0,34,1,12,,226974,12,0,34,1,12,,226975,12,0,34,1,12,,226976,12,0,34,1,52,,226977,12,0,34,1,12,,226978,12,0,34,1,12,,226979,12,0,34,1,12,,226980,12,0,34,1,15,,226981,12,0,34,1,55,,226982,12,0,34,1,16,,226983,12,0,34,1,16,,226984,12,0,34,1,16,,226985,12,0,34,1,55,,226986,12,0,34,1,15,,226987,12,0,34,1,13,,226988,12,0,34,1,15,,226989,12,0,34,1,55,,226990,12,0,34,1,15,,226991,12,0,34,1,15,,226992,12,0,34,1,15,,226993,12,0,34,1,55,,226994,12,0,34,1,15,,226995,12,0,34,1,15,,226996,12,0,34,1,15,,226997,12,0,34,1,55,,226998,12,0,34,1,15,,226999,12,0,34,1,15,,227000,12,0,34,1,15,,227001,12,0,34,1,54,,227002,12,0,34,1,15,,227003,12,0,34,1,18,,227004,12,0,34,1,20,,227005,12,0,34,1,60,,227006,12,0,34,1,19,,227007,12,0,34,1,70,,227008,12,0,34,1,29,,227009,12,0,28 37,1,70,,227010,12,0,28 37,1,30,,227011,12,0,28 37,1,70,,227012,12,0,28 37,1,30,,227013,12,0,28 37,1
200,'002-Weekday-3-26-09-1111100',452,,227030,12,0,34,1,60,,227031,12,0,34,1,20,,227032,12,0,34,1,20,,227033,12,0,34,1,60,,227034,12,0,34,1,10,,227114,12,0,34,1,12,,227115,12,0,34,1,10,,227116,12,0,34,1,10,,227104,12,0,34,1,50,,227103,12,0,34,1,10,,227105,12,0,34,1,10,,227106,12,0,34,1,10,,227107,12,0,34,1,10,,227108,12,0,34,1,10,,227109,12,0,34,1,46,,227117,12,0,31,1,4,,227110,12,0,34,1,10,,227111,12,0,34,1,10,,227112,12,0,34,1,10,,227113,12,0,34,1,10,,227102,12,0,34,1,10,,227035,12,0,34,1,53,,227036,12,0,34,1,15,,227037,12,0,34,1,15,,227038,12,0,34,1,15,,227039,12,0,34,1,55,,227040,12,0,34,1,15,,227041,12,0,34,1,15,,227042,12,0,34,1,15,,227043,12,0,34,1,55,,227044,12,0,34,1,15,,227045,12,0,34,1,15,,227046,12,0,34,1,15,,227047,12,0,34,1,55,,227048,12,0,34,1,15,,227049,12,0,34,1,15,,227050,12,0,34,1,15,,227051,12,0,34,1,55,,227052,12,0,34,1,15,,227053,12,0,34,1,15,,227054,12,0,34,1,15,,227055,12,0,34,1,55,,227056,12,0,34,1,15,,227057,12,0,34,1,12,,227058,12,0,34,1,12,,227059,12,0,34,1,13,,227060,12,0,34,1,53,,227061,12,0,34,1,12,,227062,12,0,34,1,12,,227063,12,0,34,1,12,,227064,12,0,34,1,52,,227065,12,0,34,1,12,,227066,12,0,34,1,12,,227067,12,0,34,1,12,,227068,12,0,34,1,15,,227069,12,0,34,1,55,,227070,12,0,34,1,16,,227071,12,0,34,1,16,,227072,12,0,34,1,16,,227073,12,0,34,1,55,,227074,12,0,34,1,15,,227075,12,0,34,1,13,,227076,12,0,34,1,15,,227077,12,0,34,1,55,,227078,12,0,34,1,15,,227079,12,0,34,1,15,,227080,12,0,34,1,15,,227081,12,0,34,1,55,,227082,12,0,34,1,15,,227083,12,0,34,1,15,,227084,12,0,34,1,15,,227085,12,0,34,1,55,,227086,12,0,34,1,15,,227087,12,0,34,1,15,,227088,12,0,34,1,15,,227089,12,0,34,1,54,,227090,12,0,34,1,15,,227091,12,0,34,1,18,,227092,12,0,34,1,20,,227093,12,0,34,1,60,,227094,12,0,34,1,19,,227095,12,0,34,1,70,,227096,12,0,34,1,29,,227097,12,0,28 37,1,70,,227098,12,0,28 37,1,30,,227099,12,0,28 37,1,70,,227100,12,0,28 37,1,30,,227101,12,0,28 37,1
200,'002-Weekday-4-26-09-1111100',452,,227118,12,0,34,1,60,,227119,12,0,34,1,20,,227120,12,0,34,1,20,,227121,12,0,34,1,60,,227122,12,0,34,1,10,,227202,12,0,34,1,12,,227203,12,0,34,1,10,,227204,12,0,34,1,10,,227192,12,0,34,1,50,,227191,12,0,34,1,10,,227193,12,0,34,1,10,,227194,12,0,34,1,10,,227195,12,0,34,1,10,,227196,12,0,34,1,10,,227197,12,0,34,1,50,,227198,12,0,34,1,10,,227199,12,0,34,1,10,,227200,12,0,34,1,10,,227201,12,0,34,1,10,,227190,12,0,34,1,10,,227123,12,0,34,1,53,,227124,12,0,34,1,15,,227125,12,0,34,1,15,,227126,12,0,34,1,15,,227127,12,0,34,1,55,,227128,12,0,34,1,15,,227129,12,0,34,1,15,,227130,12,0,34,1,15,,227131,12,0,34,1,55,,227132,12,0,34,1,15,,227133,12,0,34,1,15,,227134,12,0,34,1,15,,227135,12,0,34,1,55,,227136,12,0,34,1,15,,227137,12,0,34,1,15,,227138,12,0,34,1,15,,227139,12,0,34,1,55,,227140,12,0,34,1,15,,227141,12,0,34,1,15,,227142,12,0,34,1,15,,227143,12,0,34,1,55,,227144,12,0,34,1,15,,227145,12,0,34,1,12,,227146,12,0,34,1,12,,227147,12,0,34,1,13,,227148,12,0,34,1,53,,227149,12,0,34,1,12,,227150,12,0,34,1,12,,227151,12,0,34,1,12,,227152,12,0,34,1,52,,227153,12,0,34,1,12,,227154,12,0,34,1,12,,227155,12,0,34,1,12,,227156,12,0,34,1,15,,227157,12,0,34,1,55,,227158,12,0,34,1,16,,227159,12,0,34,1,16,,227160,12,0,34,1,16,,227161,12,0,34,1,55,,227162,12,0,34,1,15,,227163,12,0,34,1,13,,227164,12,0,34,1,15,,227165,12,0,34,1,55,,227166,12,0,34,1,15,,227167,12,0,34,1,15,,227168,12,0,34,1,15,,227169,12,0,34,1,55,,227170,12,0,34,1,15,,227171,12,0,34,1,15,,227172,12,0,34,1,15,,227173,12,0,34,1,55,,227174,12,0,34,1,15,,227175,12,0,34,1,15,,227176,12,0,34,1,15,,227177,12,0,34,1,54,,227178,12,0,34,1,15,,227179,12,0,34,1,18,,227180,12,0,34,1,20,,227181,12,0,34,1,60,,227182,12,0,34,1,19,,227183,12,0,34,1,70,,227184,12,0,34,1,29,,227185,12,0,28 37,1,70,,227186,12,0,28 37,1,30,,227187,12,0,28 37,1,70,,227188,12,0,28 37,1,30,,227189,12,0,28 37,1
200,'002-Weekday-5-26-09-1111100',452,,227205,12,0,34,1,60,,227206,12,0,34,1,20,,227207,12,0,34,1,20,,227208,12,0,34,1,60,,227209,12,0,34,1,10,,227289,12,0,34,1,12,,227290,12,0,34,1,10,,227291,12,0,34,1,10,,227279,12,0,34,1,50,,227278,12,0,34,1,10,,227280,12,0,34,1,10,,227281,12,0,34,1,10,,227282,12,0,34,1,10,,227283,12,0,34,1,10,,227284,12,0,34,1,50,,227285,12,0,34,1,10,,227286,12,0,34,1,10,,227287,12,0,34,1,10,,227288,12,0,34,1,10,,227277,12,0,34,1,10,,227210,12,0,34,1,53,,227211,12,0,34,1,15,,227212,12,0,34,1,15,,227213,12,0,34,1,15,,227214,12,0,34,1,55,,227215,12,0,34,1,15,,227216,12,0,34,1,15,,227217,12,0,34,1,15,,227218,12,0,34,1,55,,227219,12,0,34,1,15,,227220,12,0,34,1,15,,227221,12,0,34,1,15,,227222,12,0,34,1,55,,227223,12,0,34,1,15,,227224,12,0,34,1,15,,227225,12,0,34,1,15,,227226,12,0,34,1,55,,227227,12,0,34,1,15,,227228,12,0,34,1,15,,227229,12,0,34,1,15,,227230,12,0,34,1,55,,227231,12,0,34,1,15,,227232,12,0,34,1,12,,227233,12,0,34,1,12,,227234,12,0,34,1,13,,227235,12,0,34,1,53,,227236,12,0,34,1,12,,227237,12,0,34,1,12,,227238,12,0,34,1,12,,227239,12,0,34,1,52,,227240,12,0,34,1,12,,227241,12,0,34,1,12,,227242,12,0,34,1,12,,227243,12,0,34,1,15,,227244,12,0,34,1,55,,227245,12,0,34,1,16,,227246,12,0,34,1,16,,227247,12,0,34,1,16,,227248,12,0,34,1,55,,227249,12,0,34,1,15,,227250,12,0,34,1,13,,227251,12,0,34,1,15,,227252,12,0,34,1,55,,227253,12,0,34,1,15,,227254,12,0,34,1,15,,227255,12,0,34,1,15,,227256,12,0,34,1,55,,227257,12,0,34,1,15,,227258,12,0,34,1,15,,227259,12,0,34,1,15,,227260,12,0,34,1,55,,227261,12,0,34,1,15,,227262,12,0,34,1,15,,227263,12,0,34,1,15,,227264,12,0,34,1,54,,227265,12,0,34,1,15,,227266,12,0,34,1,18,,227267,12,0,34,1,20,,227268,12,0,34,1,60,,227269,12,0,34,1,19,,227270,12,0,34,1,70,,227271,12,0,34,1,29,,227272,12,0,28 37,1,70,,227273,12,0,28 37,1,30,,227274,12,0,28 37,1,70,,227275,12,0,28 37,1,30,,227276,12,0,28 37,1
200,'002-Weekday-6-26-09-1111100',452,,227292,12,0,34,1,60,,227293,12,0,34,1,20,,227294,12,0,34,1,20,,227295,12,0,34,1,60,,227296,12,0,34,1,10,,227376,12,0,34,1,12,,227377,12,0,34,1,10,,227378,12,0,34,1,10,,227366,12,0,34,1,50,,227365,12,0,34,1,10,,227367,12,0,34,1,10,,227368,12,0,34,1,10,,227369,12,0,34,1,10,,227370,12,0,34,1,10,,227371,12,0,34,1,46,,227379,12,0,31,1,4,,227372,12,0,34,1,10,,227373,12,0,34,1,10,,227374,12,0,34,1,10,,227375,12,0,34,1,10,,227364,12,0,34,1,10,,227297,12,0,34,1,53,,227298,12,0,34,1,15,,227299,12,0,34,1,15,,227300,12,0,34,1,15,,227301,12,0,34,1,55,,227302,12,0,34,1,15,,227303,12,0,34,1,15,,227304,12,0,34,1,15,,227305,12,0,34,1,55,,227306,12,0,34,1,15,,227307,12,0,34,1,15,,227308,12,0,34,1,15,,227309,12,0,34,1,55,,227310,12,0,34,1,15,,227311,12,0,34,1,15,,227312,12,0,34,1,15,,227313,12,0,34,1,55,,227314,12,0,34,1,15,,227315,12,0,34,1,15,,227316,12,0,34,1,15,,227317,12,0,34,1,55,,227318,12,0,34,1,15,,227319,12,0,34,1,12,,227320,12,0,34,1,12,,227321,12,0,34,1,13,,227322,12,0,34,1,53,,227323,12,0,34,1,12,,227324,12,0,34,1,12,,227325,12,0,34,1,12,,227326,12,0,34,1,52,,227327,12,0,34,1,12,,227328,12,0,34,1,12,,227329,12,0,34,1,12,,227330,12,0,34,1,15,,227331,12,0,34,1,55,,227332,12,0,34,1,16,,227333,12,0,34,1,16,,227334,12,0,34,1,16,,227335,12,0,34,1,55,,227336,12,0,34,1,15,,227337,12,0,34,1,13,,227338,12,0,34,1,15,,227339,12,0,34,1,55,,227340,12,0,34,1,15,,227341,12,0,34,1,15,,227342,12,0,34,1,15,,227343,12,0,34,1,55,,227344,12,0,34,1,15,,227345,12,0,34,1,15,,227346,12,0,34,1,15,,227347,12,0,34,1,55,,227348,12,0,34,1,15,,227349,12,0,34,1,15,,227350,12,0,34,1,15,,227351,12,0,34,1,54,,227352,12,0,34,1,15,,227353,12,0,34,1,18,,227354,12,0,34,1,20,,227355,12,0,34,1,60,,227356,12,0,34,1,19,,227357,12,0,34,1,70,,227358,12,0,34,1,29,,227359,12,0,28 37,1,70,,227360,12,0,28 37,1,30,,227361,12,0,28 37,1,70,,227362,12,0,28 37,1,30,,227363,12,0,28 37,1
200,'002-Weekday-7-26-09-1111100',452,,227380,12,0,34,1,60,,227381,12,0,34,1,20,,227382,12,0,34,1,20,,227383,12,0,34,1,60,,227384,12,0,34,1,10,,227464,12,0,34,1,12,,227465,12,0,34,1,10,,227466,12,0,34,1,10,,227454,12,0,34,1,50,,227453,12,0,34,1,10,,227455,12,0,34,1,10,,227456,12,0,34,1,10,,227457,12,0,34,1,10,,227458,12,0,34,1,10,,227459,12,0,34,1,50,,227460,12,0,34,1,10,,227461,12,0,34,1,10,,227462,12,0,34,1,10,,227463,12,0,34,1,10,,227452,12,0,34,1,10,,227385,12,0,34,1,53,,227386,12,0,34,1,15,,227387,12,0,34,1,15,,227388,12,0,34,1,15,,227389,12,0,34,1,55,,227390,12,0,34,1,15,,227391,12,0,34,1,15,,227392,12,0,34,1,15,,227393,12,0,34,1,55,,227394,12,0,34,1,15,,227395,12,0,34,1,15,,227396,12,0,34,1,15,,227397,12,0,34,1,55,,227398,12,0,34,1,15,,227399,12,0,34,1,15,,227400,12,0,34,1,15,,227401,12,0,34,1,55,,227402,12,0,34,1,15,,227403,12,0,34,1,15,,227404,12,0,34,1,15,,227405,12,0,34,1,55,,227406,12,0,34,1,15,,227407,12,0,34,1,12,,227408,12,0,34,1,12,,227409,12,0,34,1,13,,227410,12,0,34,1,53,,227411,12,0,34,1,12,,227412,12,0,34,1,12,,227413,12,0,34,1,12,,227414,12,0,34,1,52,,227415,12,0,34,1,12,,227416,12,0,34,1,12,,227417,12,0,34,1,12,,227418,12,0,34,1,15,,227419,12,0,34,1,55,,227420,12,0,34,1,16,,227421,12,0,34,1,16,,227422,12,0,34,1,16,,227423,12,0,34,1,55,,227424,12,0,34,1,15,,227425,12,0,34,1,13,,227426,12,0,34,1,15,,227427,12,0,34,1,55,,227428,12,0,34,1,15,,227429,12,0,34,1,15,,227430,12,0,34,1,15,,227431,12,0,34,1,55,,227432,12,0,34,1,15,,227433,12,0,34,1,15,,227434,12,0,34,1,15,,227435,12,0,34,1,55,,227436,12,0,34,1,15,,227437,12,0,34,1,15,,227438,12,0,34,1,15,,227439,12,0,34,1,54,,227440,12,0,34,1,15,,227441,12,0,34,1,18,,227442,12,0,34,1,20,,227443,12,0,34,1,60,,227444,12,0,34,1,19,,227445,12,0,34,1,70,,227446,12,0,34,1,29,,227447,12,0,28 37,1,70,,227448,12,0,28 37,1,30,,227449,12,0,28 37,1,70,,227450,12,0,28 37,1,30,,227451,12,0,28 37,1
200,'002-Saturday-1-26-09-0000010',515,,227542,12,0,34,1,20,,227467,12,0,34,1,20,,227468,12,0,34,1,60,,227469,12,0,34,1,20,,227470,12,0,34,1,20,,227471,12,0,34,1,60,,227472,12,0,34,1,20,,227473,12,0,34,1,20,,227474,12,0,34,1,55,,227475,12,0,34,1,15,,227476,12,0,34,1,15,,227477,12,0,34,1,14,,227478,12,0,34,1,57,,227479,12,0,34,1,15,,227480,12,0,34,1,15,,227481,12,0,34,1,15,,227482,12,0,34,1,55,,227483,12,0,34,1,15,,227484,12,0,34,1,15,,227485,12,0,34,1,15,,227486,12,0,34,1,55,,227487,12,0,34,1,15,,227488,12,0,34,1,15,,227489,12,0,34,1,15,,227490,12,0,34,1,55,,227491,12,0,34,1,15,,227492,12,0,34,1,15,,227493,12,0,34,1,15,,227494,12,0,34,1,55,,227495,12,0,34,1,15,,227496,12,0,34,1,15,,227497,12,0,34,1,15,,227498,12,0,34,1,55,,227499,12,0,34,1,15,,227500,12,0,34,1,15,,227501,12,0,34,1,15,,227502,12,0,34,1,55,,227503,12,0,34,1,15,,227504,12,0,34,1,15,,227506,12,0,34,1,15,,227507,12,0,34,1,55,,227508,12,0,34,1,15,,227505,12,0,34,1,16,,227509,12,0,34,1,14,,227510,12,0,34,1,56,,227511,12,0,34,1,15,,227512,12,0,34,1,15,,227513,12,0,34,1,15,,227514,12,0,34,1,55,,227515,12,0,34,1,15,,227516,12,0,34,1,15,,227517,12,0,34,1,15,,227518,12,0,34,1,55,,227519,12,0,34,1,15,,227520,12,0,34,1,15,,227521,12,0,34,1,15,,227522,12,0,34,1,55,,227523,12,0,34,1,15,,227524,12,0,34,1,15,,227525,12,0,34,1,15,,227526,12,0,34,1,55,,227527,12,0,34,1,15,,227528,12,0,34,1,15,,227529,12,0,34,1,15,,227530,12,0,34,1,61,,227531,12,0,34,1,20,,227532,12,0,34,1,20,,227533,12,0,34,1,60,,227534,12,0,34,1,19,,227535,12,0,34,1,70,,227536,12,0,34,1,28,,227537,12,0,28 37,1,70,,227538,12,0,28 37,1,30,,227539,12,0,28 37,1,70,,227540,12,0,28 37,1,30,,227541,12,0,28 37,1
200,'002-Sunday-1-26-09-0000001',516,,227615,12,0,34,1,20,,227543,12,0,34,1,20,,227544,12,0,34,1,60,,227545,12,0,34,1,20,,227546,12,0,34,1,20,,227547,12,0,34,1,60,,227548,12,0,34,1,20,,227549,12,0,34,1,20,,227550,12,0,34,1,60,,227551,12,0,34,1,19,,227552,12,0,34,1,18,,227553,12,0,34,1,60,,227554,12,0,34,1,22,,227555,12,0,34,1,21,,227556,12,0,34,1,55,,227557,12,0,34,1,15,,227558,12,0,34,1,15,,227559,12,0,34,1,15,,227560,12,0,34,1,55,,227561,12,0,34,1,15,,227562,12,0,34,1,15,,227563,12,0,34,1,15,,227564,12,0,34,1,55,,227565,12,0,34,1,15,,227566,12,0,34,1,15,,227567,12,0,34,1,15,,227568,12,0,34,1,55,,227569,12,0,34,1,15,,227570,12,0,34,1,15,,227571,12,0,34,1,15,,227572,12,0,34,1,55,,227573,12,0,34,1,15,,227574,12,0,34,1,15,,227575,12,0,34,1,15,,227576,12,0,34,1,55,,227577,12,0,34,1,15,,227578,12,0,34,1,15,,227579,12,0,34,1,15,,227580,12,0,34,1,55,,227581,12,0,34,1,15,,227583,12,0,34,1,15,,227584,12,0,34,1,15,,227585,12,0,34,1,56,,227582,12,0,34,1,15,,227586,12,0,34,1,15,,227587,12,0,34,1,15,,227588,12,0,34,1,55,,227589,12,0,34,1,15,,227590,12,0,34,1,15,,227591,12,0,34,1,15,,227592,12,0,34,1,55,,227593,12,0,34,1,15,,227594,12,0,34,1,15,,227595,12,0,34,1,15,,227596,12,0,34,1,55,,227597,12,0,34,1,15,,227598,12,0,34,1,15,,227599,12,0,34,1,15,,227600,12,0,34,1,57,,227601,12,0,34,1,15,,227602,12,0,34,1,15,,227603,12,0,34,1,15,,227604,12,0,34,1,58,,227605,12,0,34,1,20,,227606,12,0,34,1,20,,227607,12,0,34,1,60,,227608,12,0,34,1,20,,227609,12,0,28 37,1,70,,227610,12,0,28 37,1,30,,227611,12,0,28 37,1,70,,227612,12,0,28 37,1,30,,227613,12,0,28 37,1,70,,227614,12,0,28 37,1,30,,227616,12,0,28 37,1
68200,'682-Weekday-1-26-09-1111100',800,,274062,20,0,53 54,1,5,,274063,20,,,1,22,,274064,20,,,1
68200,'682-Weekday-4-26-09-1111100',800,,274065,20,0,53 54,1,5,,274066,20,,,1,22,,274067,20,,,1
68200,'682-Weekday-7-26-09-1111100',800,,274068,20,0,53 54,1,5,,274069,20,,,1,22,,274070,20,,,1
90400,'904-Weekday-1-26-09-1111100',543,,292953,23,,,1,70,,292954,23,,,1,33,,292955,23,,,1,60,,292956,23,,,1,20,,292988,23,,,1,21,,292957,23,,,1,63,,292992,23,,,1,1,,292958,23,,,1,4,,292993,23,,,1,7,,292994,23,,,1,9,,292987,23,,,1,19,,292991,23,,,1,65,,292959,23,,,1,30,,292960,23,,,1,70,,292961,23,,,1,30,,292962,23,,,1,70,,292963,23,,,1,30,,292964,23,,,1,70,,292965,23,,,1,30,,292966,23,,,1,70,,292967,23,,,1,30,,292968,23,,,1,70,,292969,23,,,1,30,,292970,23,,,1,60,,292971,23,,,1,22,,292986,23,,,1,20,,292972,23,,,1,60,,292973,23,,,1,20,,292989,23,,,1,20,,292974,23,,,1,60,,292975,23,,,1,20,,292990,23,,,1,30,,292976,23,,,1,70,,292977,23,,,1,27,,292978,23,,,1,70,,292979,23,,,1,30,,292980,23,,,1,70,,292981,23,,,1,30,,292982,23,,,1,70,,292983,23,,,1,30,,292985,23,,,1,99,,292984,23,,,1
90400,'904-Weekday-2-26-09-1111100',543,,292995,23,,,1,70,,292996,23,,,1,33,,292997,23,,,1,60,,292998,23,,,1,20,,293030,23,,,1,21,,292999,23,,,1,63,,293034,23,,,1,1,,293000,23,,,1,4,,293035,23,,,1,7,,293036,23,,,1,9,,293029,23,,,1,19,,293033,23,,,1,65,,293001,23,,,1,30,,293002,23,,,1,70,,293003,23,,,1,30,,293004,23,,,1,70,,293005,23,,,1,30,,293006,23,,,1,70,,293007,23,,,1,30,,293008,23,,,1,70,,293009,23,,,1,30,,293010,23,,,1,70,,293011,23,,,1,30,,293012,23,,,1,60,,293013,23,,,1,22,,293028,23,,,1,20,,293014,23,,,1,60,,293015,23,,,1,20,,293031,23,,,1,20,,293016,23,,,1,60,,293017,23,,,1,20,,293032,23,,,1,30,,293018,23,,,1,70,,293019,23,,,1,27,,293020,23,,,1,70,,293021,23,,,1,30,,293022,23,,,1,70,,293023,23,,,1,30,,293024,23,,,1,70,,293025,23,,,1,30,,293027,23,,,1,99,,293026,23,,,1
90400,'904-Weekday-3-26-09-1111100',543,,293037,23,,,1,70,,293038,23,,,1,33,,293039,23,,,1,60,,293040,23,,,1,20,,293072,23,,,1,21,,293041,23,,,1,63,,293076,23,,,1,1,,293042,23,,,1,4,,293077,23,,,1,7,,293078,23,,,1,9,,293071,23,,,1,19,,293075,23,,,1,65,,293043,23,,,1,30,,293044,23,,,1,70,,293045,23,,,1,30,,293046,23,,,1,70,,293047,23,,,1,30,,293048,23,,,1,70,,293049,23,,,1,30,,293050,23,,,1,70,,293051,23,,,1,30,,293052,23,,,1,70,,293053,23,,,1,30,,293054,23,,,1,60,,293055,23,,,1,22,,293070,23,,,1,20,,293056,23,,,1,60,,293057,23,,,1,20,,293073,23,,,1,20,,293058,23,,,1,60,,293059,23,,,1,20,,293074,23,,,1,30,,293060,23,,,1,70,,293061,23,,,1,27,,293062,23,,,1,70,,293063,23,,,1,30,,293064,23,,,1,70,,293065,23,,,1,30,,293066,23,,,1,70,,293067,23,,,1,30,,293069,23,,,1,99,,293068,23,,,1
90400,'904-Weekday-4-26-09-1111100',543,,293079,23,,,1,70,,293080,23,,,1,33,,293081,23,,,1,60,,293082,23,,,1,20,,293114,23,,,1,21,,293083,23,,,1,63,,293118,23,,,1,1,,293084,23,,,1,4,,293119,23,,,1,7,,293120,23,,,1,9,,293113,23,,,1,19,,293117,23,,,1,65,,293085,23,,,1,30,,293086,23,,,1,70,,293087,23,,,1,30,,293088,23,,,1,70,,293089,23,,,1,30,,293090,23,,,1,70,,293091,23,,,1,30,,293092,23,,,1,70,,293093,23,,,1,30,,293094,23,,,1,70,,293095,23,,,1,30,,293096,23,,,1,60,,293097,23,,,1,22,,293112,23,,,1,20,,293098,23,,,1,60,,293099,23,,,1,20,,293115,23,,,1,20,,293100,23,,,1,60,,293101,23,,,1,20,,293116,23,,,1,30,,293102,23,,,1,70,,293103,23,,,1,27,,293104,23,,,1,70,,293105,23,,,1,30,,293106,23,,,1,70,,293107,23,,,1,30,,293108,23,,,1,70,,293109,23,,,1,30,,293111,23,,,1,99,,293110,23,,,1
90400,'904-Weekday-5-26-09-1111100',543,,293121,23,,,1,70,,293122,23,,,1,33,,293123,23,,,1,60,,293124,23,,,1,20,,293156,23,,,1,21,,293125,23,,,1,63,,293160,23,,,1,1,,293126,23,,,1,4,,293161,23,,,1,7,,293162,23,,,1,9,,293155,23,,,1,19,,293159,23,,,1,65,,293127,23,,,1,30,,293128,23,,,1,70,,293129,23,,,1,30,,293130,23,,,1,70,,293131,23,,,1,30,,293132,23,,,1,70,,293133,23,,,1,30,,293134,23,,,1,70,,293135,23,,,1,30,,293136,23,,,1,70,,293137,23,,,1,30,,293138,23,,,1,60,,293139,23,,,1,22,,293154,23,,,1,20,,293140,23,,,1,60,,293141,23,,,1,20,,293157,23,,,1,20,,293142,23,,,1,60,,293143,23,,,1,20,,293158,23,,,1,30,,293144,23,,,1,70,,293145,23,,,1,27,,293146,23,,,1,70,,293147,23,,,1,30,,293148,23,,,1,70,,293149,23,,,1,30,,293150,23,,,1,70,,293151,23,,,1,30,,293153,23,,,1,99,,293152,23,,,1
90400,'904-Weekday-6-26-09-1111100',543,,293163,23,,,1,70,,293164,23,,,1,33,,293165,23,,,1,60,,293166,23,,,1,20,,293198,23,,,1,21,,293167,23,,,1,63,,293202,23,,,1,1,,293168,23,,,1,4,,293203,23,,,1,7,,293204,23,,,1,9,,293197,23,,,1,19,,293201,23,,,1,65,,293169,23,,,1,30,,293170,23,,,1,70,,293171,23,,,1,30,,293172,23,,,1,70,,293173,23,,,1,30,,293174,23,,,1,70,,293175,23,,,1,30,,293176,23,,,1,70,,293177,23,,,1,30,,293178,23,,,1,70,,293179,23,,,1,30,,293180,23,,,1,60,,293181,23,,,1,22,,293196,23,,,1,20,,293182,23,,,1,60,,293183,23,,,1,20,,293199,23,,,1,20,,293184,23,,,1,60,,293185,23,,,1,20,,293200,23,,,1,30,,293186,23,,,1,70,,293187,23,,,1,27,,293188,23,,,1,70,,293189,23,,,1,30,,293190,23,,,1,70,,293191,23,,,1,30,,293192,23,,,1,70,,293193,23,,,1,30,,293195,23,,,1,99,,293194,23,,,1
90400,'904-Weekday-7-26-09-1111100',543,,293205,23,,,1,70,,293206,23,,,1,33,,293207,23,,,1,60,,293208,23,,,1,20,,293240,23,,,1,21,,293209,23,,,1,63,,293244,23,,,1,1,,293210,23,,,1,4,,293245,23,,,1,7,,293246,23,,,1,9,,293239,23,,,1,19,,293243,23,,,1,65,,293211,23,,,1,30,,293212,23,,,1,70,,293213,23,,,1,30,,293214,23,,,1,70,,293215,23,,,1,30,,293216,23,,,1,70,,293217,23,,,1,30,,293218,23,,,1,70,,293219,23,,,1,30,,293220,23,,,1,70,,293221,23,,,1,30,,293222,23,,,1,60,,293223,23,,,1,22,,293238,23,,,1,20,,293224,23,,,1,60,,293225,23,,,1,20,,293241,23,,,1,20,,293226,23,,,1,60,,293227,23,,,1,20,,293242,23,,,1,30,,293228,23,,,1,70,,293229,23,,,1,27,,293230,23,,,1,70,,293231,23,,,1,30,,293232,23,,,1,70,,293233,23,,,1,30,,293234,23,,,1,70,,293235,23,,,1,30,,293237,23,,,1,99,,293236,23,,,1
90400,'904-Saturday-1-26-09-0000010',645,,293259,23,,,1,100,,293247,23,,,1,100,,293248,23,,,1,69,,293249,23,,,1,30,,293250,23,,,1,70,,293251,23,,,1,30,,293252,23,,,1,70,,293253,23,,,1,30,,293254,23,,,1,70,,293255,23,,,1,32,,293260,23,,,1,70,,293261,23,,,1,30,,293262,23,,,1,70,,293263,23,,,1,30,,293264,23,,,1,70,,293265,23,,,1,30,,293266,23,,,1,70,,293267,23,,,1,30,,293268,23,,,1,69,,293269,23,,,1,30,,293270,23,,,1,70,,293271,23,,,1,30,,293272,23,,,1,70,,293273,23,,,1,97,,293256,23,,,1,100,,293257,23,,,1,100,,293258,23,,,1
90400,'904-Sunday-1-26-09-0000001',711,,293274,23,,,1,100,,293275,23,,,1,102,,293276,23,,,1,101,,293294,23,,,1,30,,293277,23,,,1,70,,293278,23,,,1,30,,293279,23,,,1,70,,293280,23,,,1,30,,293282,23,,,1,70,,293283,23,,,1,30,,293284,23,,,1,70,,293281,23,,,1,30,,293285,23,,,1,70,,293286,23,,,1,30,,293287,23,,,1,70,,293288,23,,,1,30,,293289,23,,,1,69,,293290,23,,,1,30,,293291,23,,,1,70,,293292,23,,,1,30,,293293,23,,,1,70,,293295,23,,,1
