50700,'507-Weekday-1-26-09-1111100',535,,263528,40,,,1,70,,263529,40,,,1,31,,263530,40,,,1,77,,263531,40,,,1,30,,263532,40,,,1,70,,263533,40,,,1,26,,263568,40,,,1,65,,263567,40,,,1,24,,263534,40,,,1,30,,263535,40,,,1,70,,263536,40,,,1,30,,263537,40,,,1,70,,263538,40,,,1,30,,263539,40,,,1,70,,263540,40,,,1,30,,263541,40,,,1,70,,263542,40,,,1,30,,263543,40,,,1,70,,263544,40,,,1,31,,263545,40,,,1,75,,263546,40,,,1,66,,263570,40,,,1,4,,263547,40,,,1,15,,263548,40,,,1,15,,263549,40,,,1,15,,263550,40,,,1,55,,263551,40,,,1,15,,263552,40,,,1,15,,263553,40,,,1,15,,263554,40,,,1,55,,263555,40,,,1,15,,263556,40,,,1,14,,263557,40,,,1,25,,263558,40,,,1,71,,263559,40,,,1,30,,263560,40,,,1,70,,263561,40,,,1,30,,263562,40,,,1,70,,263563,40,,,1,30,,263564,40,,,1,67,,263569,40,,,1,90,,263565,40,,,1,100,,263566,40,,,1
50700,'507-Weekday-2-26-09-1111100',535,,263571,40,,,1,70,,263572,40,,,1,31,,263573,40,,,1,77,,263574,40,,,1,30,,263575,40,,,1,70,,263576,40,,,1,26,,263611,40,,,1,65,,263610,40,,,1,24,,263577,40,,,1,30,,263578,40,,,1,70,,263579,40,,,1,30,,263580,40,,,1,70,,263581,40,,,1,30,,263582,40,,,1,70,,263583,40,,,1,30,,263584,40,,,1,70,,263585,40,,,1,30,,263586,40,,,1,70,,263587,40,,,1,31,,263588,40,,,1,75,,263589,40,,,1,66,,263613,40,,,1,4,,263590,40,,,1,15,,263591,40,,,1,15,,263592,40,,,1,15,,263593,40,,,1,55,,263594,40,,,1,15,,263595,40,,,1,15,,263596,40,,,1,15,,263597,40,,,1,55,,263598,40,,,1,15,,263599,40,,,1,14,,263600,40,,,1,25,,263601,40,,,1,71,,263602,40,,,1,30,,263603,40,,,1,70,,263604,40,,,1,30,,263605,40,,,1,70,,263606,40,,,1,30,,263607,40,,,1,67,,263612,40,,,1,90,,263608,40,,,1,100,,263609,40,,,1
50700,'507-Weekday-3-26-09-1111100',535,,263614,40,,,1,70,,263615,40,,,1,31,,263616,40,,,1,77,,263617,40,,,1,30,,263618,40,,,1,70,,263619,40,,,1,26,,263654,40,,,1,65,,263653,40,,,1,24,,263620,40,,,1,30,,263621,40,,,1,70,,263622,40,,,1,30,,263623,40,,,1,70,,263624,40,,,1,30,,263625,40,,,1,70,,263626,40,,,1,30,,263627,40,,,1,70,,263628,40,,,1,30,,263629,40,,,1,70,,263630,40,,,1,31,,263631,40,,,1,75,,263632,40,,,1,66,,263656,40,,,1,4,,263633,40,,,1,15,,263634,40,,,1,15,,263635,40,,,1,15,,263636,40,,,1,55,,263637,40,,,1,15,,263638,40,,,1,15,,263639,40,,,1,15,,263640,40,,,1,55,,263641,40,,,1,15,,263642,40,,,1,14,,263643,40,,,1,25,,263644,40,,,1,71,,263645,40,,,1,30,,263646,40,,,1,70,,263647,40,,,1,30,,263648,40,,,1,70,,263649,40,,,1,30,,263650,40,,,1,67,,263655,40,,,1,90,,263651,40,,,1,100,,263652,40,,,1
50700,'507-Weekday-4-26-09-1111100',535,,263657,40,,,1,70,,263658,40,,,1,31,,263659,40,,,1,77,,263660,40,,,1,30,,263661,40,,,1,70,,263662,40,,,1,26,,263697,40,,,1,65,,263696,40,,,1,24,,263663,40,,,1,30,,263664,40,,,1,70,,263665,40,,,1,30,,263666,40,,,1,70,,263667,40,,,1,30,,263668,40,,,1,70,,263669,40,,,1,30,,263670,40,,,1,70,,263671,40,,,1,30,,263672,40,,,1,70,,263673,40,,,1,31,,263674,40,,,1,75,,263675,40,,,1,70,,263676,40,,,1,15,,263677,40,,,1,15,,263678,40,,,1,15,,263679,40,,,1,55,,263680,40,,,1,15,,263681,40,,,1,15,,263682,40,,,1,15,,263683,40,,,1,55,,263684,40,,,1,15,,263685,40,,,1,14,,263686,40,,,1,25,,263687,40,,,1,71,,263688,40,,,1,30,,263689,40,,,1,70,,263690,40,,,1,30,,263691,40,,,1,70,,263692,40,,,1,30,,263693,40,,,1,67,,263698,40,,,1,90,,263694,40,,,1,100,,263695,40,,,1
50700,'507-Weekday-5-26-09-1111100',535,,263699,40,,,1,70,,263700,40,,,1,31,,263701,40,,,1,77,,263702,40,,,1,30,,263703,40,,,1,70,,263704,40,,,1,26,,263739,40,,,1,65,,263738,40,,,1,24,,263705,40,,,1,30,,263706,40,,,1,70,,263707,40,,,1,30,,263708,40,,,1,70,,263709,40,,,1,30,,263710,40,,,1,70,,263711,40,,,1,30,,263712,40,,,1,70,,263713,40,,,1,30,,263714,40,,,1,70,,263715,40,,,1,31,,263716,40,,,1,75,,263717,40,,,1,70,,263718,40,,,1,15,,263719,40,,,1,15,,263720,40,,,1,15,,263721,40,,,1,55,,263722,40,,,1,15,,263723,40,,,1,15,,263724,40,,,1,15,,263725,40,,,1,55,,263726,40,,,1,15,,263727,40,,,1,14,,263728,40,,,1,25,,263729,40,,,1,71,,263730,40,,,1,30,,263731,40,,,1,70,,263732,40,,,1,30,,263733,40,,,1,70,,263734,40,,,1,30,,263735,40,,,1,67,,263740,40,,,1,90,,263736,40,,,1,100,,263737,40,,,1
50700,'507-Weekday-6-26-09-1111100',535,,263741,40,,,1,70,,263742,40,,,1,31,,263743,40,,,1,77,,263744,40,,,1,30,,263745,40,,,1,70,,263746,40,,,1,26,,263781,40,,,1,65,,263780,40,,,1,24,,263747,40,,,1,30,,263748,40,,,1,70,,263749,40,,,1,30,,263750,40,,,1,70,,263751,40,,,1,30,,263752,40,,,1,70,,263753,40,,,1,30,,263754,40,,,1,70,,263755,40,,,1,30,,263756,40,,,1,70,,263757,40,,,1,31,,263758,40,,,1,75,,263759,40,,,1,66,,263783,40,,,1,4,,263760,40,,,1,15,,263761,40,,,1,15,,263762,40,,,1,15,,263763,40,,,1,55,,263764,40,,,1,15,,263765,40,,,1,15,,263766,40,,,1,15,,263767,40,,,1,55,,263768,40,,,1,15,,263769,40,,,1,14,,263770,40,,,1,25,,263771,40,,,1,71,,263772,40,,,1,30,,263773,40,,,1,70,,263774,40,,,1,30,,263775,40,,,1,70,,263776,40,,,1,30,,263777,40,,,1,67,,263782,40,,,1,90,,263778,40,,,1,100,,263779,40,,,1
50700,'507-Weekday-7-26-09-1111100',535,,263784,40,,,1,70,,263785,40,,,1,31,,263786,40,,,1,77,,263787,40,,,1,30,,263788,40,,,1,70,,263789,40,,,1,26,,263824,40,,,1,65,,263823,40,,,1,24,,263790,40,,,1,30,,263791,40,,,1,70,,263792,40,,,1,30,,263793,40,,,1,70,,263794,40,,,1,30,,263795,40,,,1,70,,263796,40,,,1,30,,263797,40,,,1,70,,263798,40,,,1,30,,263799,40,,,1,70,,263800,40,,,1,31,,263801,40,,,1,75,,263802,40,,,1,70,,263803,40,,,1,15,,263804,40,,,1,15,,263805,40,,,1,15,,263806,40,,,1,55,,263807,40,,,1,15,,263808,40,,,1,15,,263809,40,,,1,15,,263810,40,,,1,55,,263811,40,,,1,15,,263812,40,,,1,14,,263813,40,,,1,25,,263814,40,,,1,71,,263815,40,,,1,30,,263816,40,,,1,70,,263817,40,,,1,30,,263818,40,,,1,70,,263819,40,,,1,30,,263820,40,,,1,67,,263825,40,,,1,90,,263821,40,,,1,100,,263822,40,,,1
50700,'507-Saturday-1-26-09-0000010',611,,263826,40,,,1,100,,263827,40,,,1,100,,263828,40,,,1,30,,263829,40,,,1,71,,263830,40,,,1,32,,263831,40,,,1,70,,263832,40,,,1,30,,263833,40,,,1,70,,263834,40,,,1,30,,263835,40,,,1,70,,263836,40,,,1,30,,263837,40,,,1,70,,263838,40,,,1,30,,263839,40,,,1,70,,263840,40,,,1,30,,263841,40,,,1,70,,263842,40,,,1,30,,263843,40,,,1,70,,263844,40,,,1,30,,263845,40,,,1,69,,263846,40,,,1,29,,263847,40,,,1,70,,263848,40,,,1,30,,263849,40,,,1,100,,263850,40,,,1,100,,263851,40,,,1,100,,263852,40,,,1,100,,263853,40,,,1,100,,263854,40,,,1
50700,'507-Sunday-1-26-09-0000001',640,,263855,40,,,1,100,,263856,40,,,1,100,,263857,40,,,1,103,,263858,40,,,1,100,,263859,40,,,1,70,,263860,40,,,1,30,,263861,40,,,1,70,,263862,40,,,1,30,,263863,40,,,1,70,,263864,40,,,1,30,,263865,40,,,1,70,,263866,40,,,1,30,,263867,40,,,1,70,,263868,40,,,1,30,,263869,40,,,1,70,,263870,40,,,1,30,,263871,40,,,1,69,,263872,40,,,1,29,,263873,40,,,1,70,,263874,40,,,1,30,,263875,40,,,1,91,,263876,40,,,1,100,,263877,40,,,1,100,,263878,40,,,1,100,,263879,40,,,1,100,,263880,40,,,1
63001,'630-Weekday-1-26-09-1110100',1547,,273546,16,,,1
63001,'630-Weekday-3-26-09-1110100',1547,,273547,16,,,1
63001,'630-Weekday-4-26-09-1110100',1547,,273548,16,,,1
63001,'630-Weekday-7-26-09-1110100',1547,,273549,16,,,1
63501,'635-Weekday-1-26-09-1111100',1609,,273610,26,,,1
63501,'635-Weekday-3-26-09-1111100',1609,,273611,26,,,1
63501,'635-Weekday-7-26-09-1111100',1609,,273612,26,,,1
