91300,'913-Weekday-1-26-06-1111100',554,,184238,43,0,44 7 42,1,70,,184239,43,0,44 7 42,1,34,,184278,43,0,44 7 42,1,60,,184266,43,0,44 7 42,1,20,,184270,43,0,44 7 42,1,20,,184269,43,0,44 7 42,1,60,,184268,43,0,44 7 42,1,20,,184267,43,0,44 7 42,1,18,,184281,43,0,44 7 42,1,57,,184240,43,0,44 7 42,1,20,,184241,43,0,44 7 42,1,20,,184242,43,0,44 7 42,1,60,,184243,43,0,44 7 42,1,20,,184244,43,0,44 7 42,1,20,,184245,43,0,44 7 42,1,60,,184246,43,0,44 7 42,1,20,,184247,43,0,44 7 42,1,20,,184248,43,0,44 7 42,1,60,,184249,43,0,44 7 42,1,20,,184250,43,0,44 7 42,1,20,,184251,43,0,44 7 42,1,60,,184252,43,0,44 7 42,1,20,,184253,43,0,44 7 42,1,20,,184254,43,0,44 7 42,1,60,,184255,43,0,44 7 42,1,20,,184256,43,0,44 7 42,1,20,,184257,43,0,44 7 42,1,62,,184237,43,0,44 7 42,1,23,,184271,43,0,44 7 42,1,20,,184272,43,0,44 7 42,1,60,,184273,43,0,44 7 42,1,20,,184274,43,0,44 7 42,1,20,,184275,43,0,44 7 42,1,65,,184280,43,0,44 7 42,1,25,,184277,43,0,44 7 42,1,70,,184276,43,0,44 7 42,1,27,,184258,43,0,44 7 42,1,67,,184259,43,0,44 7 42,1,30,,184260,43,0,44 7 42,1,70,,184261,43,0,44 7 42,1,30,,184262,43,0,44 7 42,1,70,,184263,43,0,44 7 42,1,30,,184264,43,0,44 7 42,1,68,,184282,43,0,44 7 42,1,28,,184265,43,0,44 7 42,1,100,,184279,43,0,44 7 42,1
91300,'913-Weekday-5-26-06-1111100',554,,201102,43,0,44 7 42,1,70,,201103,43,0,44 7 42,1,34,,201142,43,0,44 7 42,1,60,,201130,43,0,44 7 42,1,20,,201134,43,0,44 7 42,1,20,,201133,43,0,44 7 42,1,60,,201132,43,0,44 7 42,1,20,,201131,43,0,44 7 42,1,18,,201145,43,0,44 7 42,1,57,,201104,43,0,44 7 42,1,20,,201105,43,0,44 7 42,1,20,,201106,43,0,44 7 42,1,60,,201107,43,0,44 7 42,1,20,,201108,43,0,44 7 42,1,20,,201109,43,0,44 7 42,1,60,,201110,43,0,44 7 42,1,20,,201111,43,0,44 7 42,1,20,,201112,43,0,44 7 42,1,60,,201113,43,0,44 7 42,1,20,,201114,43,0,44 7 42,1,20,,201115,43,0,44 7 42,1,60,,201116,43,0,44 7 42,1,20,,201117,43,0,44 7 42,1,20,,201118,43,0,44 7 42,1,60,,201119,43,0,44 7 42,1,20,,201120,43,0,44 7 42,1,20,,201121,43,0,44 7 42,1,62,,201101,43,0,44 7 42,1,23,,201135,43,0,44 7 42,1,20,,201136,43,0,44 7 42,1,60,,201137,43,0,44 7 42,1,20,,201138,43,0,44 7 42,1,20,,201139,43,0,44 7 42,1,65,,201144,43,0,44 7 42,1,25,,201141,43,0,44 7 42,1,70,,201140,43,0,44 7 42,1,27,,201122,43,0,44 7 42,1,67,,201123,43,0,44 7 42,1,30,,201124,43,0,44 7 42,1,70,,201125,43,0,44 7 42,1,30,,201126,43,0,44 7 42,1,70,,201127,43,0,44 7 42,1,30,,201128,43,0,44 7 42,1,68,,201146,43,0,44 7 42,1,28,,201129,43,0,44 7 42,1,100,,201143,43,0,44 7 42,1
91300,'913-Saturday-1-26-06-0000010',616,,184283,43,0,44 7 42,1,100,,184284,43,0,44 7 42,1,100,,184285,43,0,44 7 42,1,30,,184286,43,0,44 7 42,1,73,,184287,43,0,44 7 42,1,32,,184288,43,0,44 7 42,1,70,,184289,43,0,44 7 42,1,30,,184290,43,0,44 7 42,1,70,,184291,43,0,44 7 42,1,30,,184292,43,0,44 7 42,1,70,,184293,43,0,44 7 42,1,30,,184294,43,0,44 7 42,1,70,,184295,43,0,44 7 42,1,30,,184296,43,0,44 7 42,1,70,,184297,43,0,44 7 42,1,30,,184298,43,0,44 7 42,1,70,,184299,43,0,44 7 42,1,30,,184300,43,0,44 7 42,1,70,,184301,43,0,44 7 42,1,30,,184302,43,0,44 7 42,1,68,,184303,43,0,44 7 42,1,30,,184304,43,0,44 7 42,1,70,,184305,43,0,44 7 42,1,30,,184306,43,0,44 7 42,1,70,,184307,43,0,44 7 42,1,100,,184308,43,0,44 7 42,1,100,,184309,43,0,44 7 42,1,100,,184310,43,0,44 7 42,1,100,,184311,43,0,44 7 42,1,100,,184312,43,0,44 7 42,1
91300,'913-Saturday-2-26-06-0000010',616,,223407,43,0,44 7 42,1,100,,223408,43,0,44 7 42,1,100,,223409,43,0,44 7 42,1,30,,223410,43,0,44 7 42,1,73,,223411,43,0,44 7 42,1,32,,223412,43,0,44 7 42,1,70,,223413,43,0,44 7 42,1,30,,223414,43,0,44 7 42,1,70,,223415,43,0,44 7 42,1,30,,223416,43,0,44 7 42,1,70,,223417,43,0,44 7 42,1,30,,223418,43,0,44 7 42,1,70,,223419,43,0,44 7 42,1,30,,223420,43,0,44 7 42,1,70,,223421,43,0,44 7 42,1,30,,223422,43,0,44 7 42,1,70,,223423,43,0,44 7 42,1,30,,223424,43,0,44 7 42,1,70,,223425,43,0,44 7 42,1,30,,223426,43,0,44 7 42,1,68,,223427,43,0,44 7 42,1,30,,223428,43,0,44 7 42,1,70,,223429,43,0,44 7 42,1,30,,223430,43,0,44 7 42,1,70,,223431,43,0,44 7 42,1,100,,223432,43,0,44 7 42,1,100,,223433,43,0,44 7 42,1,100,,223434,43,0,44 7 42,1,100,,223435,43,0,44 7 42,1,100,,223436,43,0,44 7 42,1
91300,'913-Sunday-3-26-06-0000001',623,,201147,43,0,44 7 42,1,100,,201148,43,0,44 7 42,1,100,,201149,43,0,44 7 42,1,104,,201150,43,0,44 7 42,1,100,,201151,43,0,44 7 42,1,30,,201152,43,0,44 7 42,1,70,,201153,43,0,44 7 42,1,30,,201154,43,0,44 7 42,1,70,,201155,43,0,44 7 42,1,30,,201156,43,0,44 7 42,1,70,,201157,43,0,44 7 42,1,30,,201158,43,0,44 7 42,1,70,,201159,43,0,44 7 42,1,30,,201160,43,0,44 7 42,1,70,,201161,43,0,44 7 42,1,30,,201162,43,0,44 7 42,1,70,,201163,43,0,44 7 42,1,30,,201164,43,0,44 7 42,1,68,,201165,43,0,44 7 42,1,30,,201166,43,0,44 7 42,1,70,,201167,43,0,44 7 42,1,30,,201168,43,0,44 7 42,1,70,,201169,43,0,44 7 42,1,100,,201170,43,0,44 7 42,1,100,,201171,43,0,44 7 42,1,100,,201172,43,0,44 7 42,1
91300,'913-Sunday-4-26-06-0000001',623,,223437,43,0,44 7 42,1,100,,223438,43,0,44 7 42,1,100,,223439,43,0,44 7 42,1,104,,223440,43,0,44 7 42,1,100,,223441,43,0,44 7 42,1,30,,223442,43,0,44 7 42,1,70,,223443,43,0,44 7 42,1,30,,223444,43,0,44 7 42,1,70,,223445,43,0,44 7 42,1,30,,223446,43,0,44 7 42,1,70,,223447,43,0,44 7 42,1,30,,223448,43,0,44 7 42,1,70,,223449,43,0,44 7 42,1,30,,223450,43,0,44 7 42,1,70,,223451,43,0,44 7 42,1,30,,223452,43,0,44 7 42,1,70,,223453,43,0,44 7 42,1,30,,223454,43,0,44 7 42,1,68,,223455,43,0,44 7 42,1,30,,223456,43,0,44 7 42,1,70,,223457,43,0,44 7 42,1,30,,223458,43,0,44 7 42,1,70,,223459,43,0,44 7 42,1,100,,223460,43,0,44 7 42,1,100,,223461,43,0,44 7 42,1,100,,223462,43,0,44 7 42,1
91300,'913-Sunday-7-26-06-0000001',623,,223463,43,0,44 7 42,1,100,,223464,43,0,44 7 42,1,100,,223465,43,0,44 7 42,1,104,,223466,43,0,44 7 42,1,100,,223467,43,0,44 7 42,1,30,,223468,43,0,44 7 42,1,70,,223469,43,0,44 7 42,1,30,,223470,43,0,44 7 42,1,70,,223471,43,0,44 7 42,1,30,,223472,43,0,44 7 42,1,70,,223473,43,0,44 7 42,1,30,,223474,43,0,44 7 42,1,70,,223475,43,0,44 7 42,1,30,,223476,43,0,44 7 42,1,70,,223477,43,0,44 7 42,1,30,,223478,43,0,44 7 42,1,70,,223479,43,0,44 7 42,1,30,,223480,43,0,44 7 42,1,68,,223481,43,0,44 7 42,1,30,,223482,43,0,44 7 42,1,70,,223483,43,0,44 7 42,1,30,,223484,43,0,44 7 42,1,70,,223485,43,0,44 7 42,1,100,,223486,43,0,44 7 42,1,100,,223487,43,0,44 7 42,1,100,,223488,43,0,44 7 42,1
91300,'913-Sunday-8-26-06-0000001',623,,223489,43,0,44 7 42,1,100,,223490,43,0,44 7 42,1,100,,223491,43,0,44 7 42,1,104,,223492,43,0,44 7 42,1,100,,223493,43,0,44 7 42,1,30,,223494,43,0,44 7 42,1,70,,223495,43,0,44 7 42,1,30,,223496,43,0,44 7 42,1,70,,223497,43,0,44 7 42,1,30,,223498,43,0,44 7 42,1,70,,223499,43,0,44 7 42,1,30,,223500,43,0,44 7 42,1,70,,223501,43,0,44 7 42,1,30,,223502,43,0,44 7 42,1,70,,223503,43,0,44 7 42,1,30,,223504,43,0,44 7 42,1,70,,223505,43,0,44 7 42,1,30,,223506,43,0,44 7 42,1,68,,223507,43,0,44 7 42,1,30,,223508,43,0,44 7 42,1,70,,223509,43,0,44 7 42,1,30,,223510,43,0,44 7 42,1,70,,223511,43,0,44 7 42,1,100,,223512,43,0,44 7 42,1,100,,223513,43,0,44 7 42,1,100,,223514,43,0,44 7 42,1
91600,'916-Weekday-1-26-06-1111100',610,,184762,45,,,1,30,,184763,45,,,1,17,,184801,45,,,1,55,,184764,45,,,1,15,,184795,45,,,1,15,,184765,45,,,1,15,,184766,45,,,1,55,,184796,45,,,1,17,,184802,45,,,1,23,,184803,45,,,1,69,,184767,45,,,1,31,,184768,45,,,1,70,,184769,45,,,1,30,,184770,45,,,1,70,,184771,45,,,1,30,,184772,45,,,1,70,,184773,45,,,1,30,,184774,45,,,1,70,,184775,45,,,1,30,,184776,45,,,1,70,,184777,45,,,1,30,,184778,45,,,1,70,,184800,45,,,1,22,,184779,45,,,1,60,,184797,45,,,1,20,,184780,45,,,1,20,,184781,45,,,1,60,,184798,45,,,1,20,,184782,45,,,1,20,,184799,45,,,1,60,,184783,45,,,1,15,,184804,45,,,1,18,,184784,45,,,1,67,,184785,45,,,1,30,,184786,45,,,1,70,,184787,45,,,1,30,,184788,45,,,1,70,,184789,45,,,1,30,,184790,45,,,1,69,,184791,45,,,1,27,,184792,45,,,1,100,,184793,45,,,1,100,,184794,45,,,1
91600,'916-Weekday-2-26-06-1111100',610,,201447,45,,,1,30,,201448,45,,,1,17,,201486,45,,,1,55,,201449,45,,,1,15,,201480,45,,,1,15,,201450,45,,,1,15,,201451,45,,,1,55,,201481,45,,,1,17,,201487,45,,,1,23,,201488,45,,,1,69,,201452,45,,,1,31,,201453,45,,,1,70,,201454,45,,,1,30,,201455,45,,,1,70,,201456,45,,,1,30,,201457,45,,,1,70,,201458,45,,,1,30,,201459,45,,,1,70,,201460,45,,,1,30,,201461,45,,,1,70,,201462,45,,,1,30,,201463,45,,,1,70,,201485,45,,,1,22,,201464,45,,,1,60,,201482,45,,,1,20,,201465,45,,,1,20,,201466,45,,,1,60,,201483,45,,,1,20,,201467,45,,,1,20,,201484,45,,,1,60,,201468,45,,,1,15,,201489,45,,,1,18,,201469,45,,,1,67,,201470,45,,,1,30,,201471,45,,,1,70,,201472,45,,,1,30,,201473,45,,,1,70,,201474,45,,,1,30,,201475,45,,,1,69,,201476,45,,,1,27,,201477,45,,,1,100,,201478,45,,,1,100,,201479,45,,,1
91600,'916-Saturday-1-26-06-0000010',629,,184805,45,,,1,100,,184806,45,,,1,100,,184807,45,,,1,71,,184808,45,,,1,30,,184809,45,,,1,72,,184810,45,,,1,30,,184811,45,,,1,70,,184812,45,,,1,30,,184813,45,,,1,70,,184814,45,,,1,30,,184815,45,,,1,70,,184816,45,,,1,30,,184817,45,,,1,70,,184818,45,,,1,30,,184819,45,,,1,70,,184820,45,,,1,30,,184821,45,,,1,70,,184822,45,,,1,30,,184823,45,,,1,70,,184824,45,,,1,28,,184825,45,,,1,70,,184826,45,,,1,30,,184827,45,,,1,70,,184828,45,,,1,30,,184829,45,,,1,100,,184830,45,,,1,100,,184831,45,,,1,100,,184832,45,,,1,100,,184833,45,,,1
91600,'916-Saturday-2-26-06-0000010',629,,223950,45,,,1,100,,223951,45,,,1,100,,223952,45,,,1,71,,223953,45,,,1,30,,223954,45,,,1,72,,223955,45,,,1,30,,223956,45,,,1,70,,223957,45,,,1,30,,223958,45,,,1,70,,223959,45,,,1,30,,223960,45,,,1,70,,223961,45,,,1,30,,223962,45,,,1,70,,223963,45,,,1,30,,223964,45,,,1,70,,223965,45,,,1,30,,223966,45,,,1,70,,223967,45,,,1,30,,223968,45,,,1,70,,223969,45,,,1,28,,223970,45,,,1,70,,223971,45,,,1,30,,223972,45,,,1,70,,223973,45,,,1,30,,223974,45,,,1,100,,223975,45,,,1,100,,223976,45,,,1,100,,223977,45,,,1,100,,223978,45,,,1
91600,'916-Sunday-2-26-06-0000001',630,,201490,45,,,1,100,,201491,45,,,1,100,,201492,45,,,1,98,,201493,45,,,1,102,,201494,45,,,1,70,,201495,45,,,1,30,,201496,45,,,1,70,,201497,45,,,1,30,,201498,45,,,1,70,,201499,45,,,1,30,,201500,45,,,1,70,,201501,45,,,1,30,,201502,45,,,1,70,,201503,45,,,1,30,,201504,45,,,1,70,,201505,45,,,1,30,,201506,45,,,1,70,,201507,45,,,1,26,,201508,45,,,1,28,,201509,45,,,1,70,,201510,45,,,1,30,,201511,45,,,1,77,,201512,45,,,1,100,,201513,45,,,1,100,,201514,45,,,1,100,,201515,45,,,1,100,,201516,45,,,1
91600,'916-Sunday-3-26-06-0000001',630,,223979,45,,,1,100,,223980,45,,,1,100,,223981,45,,,1,98,,223982,45,,,1,102,,223983,45,,,1,70,,223984,45,,,1,30,,223985,45,,,1,70,,223986,45,,,1,30,,223987,45,,,1,70,,223988,45,,,1,30,,223989,45,,,1,70,,223990,45,,,1,30,,223991,45,,,1,70,,223992,45,,,1,30,,223993,45,,,1,70,,223994,45,,,1,30,,223995,45,,,1,70,,223996,45,,,1,26,,223997,45,,,1,28,,223998,45,,,1,70,,223999,45,,,1,30,,224000,45,,,1,77,,224001,45,,,1,100,,224002,45,,,1,100,,224003,45,,,1,100,,224004,45,,,1,100,,224005,45,,,1
91600,'916-Sunday-6-26-06-0000001',630,,224006,45,,,1,100,,224007,45,,,1,100,,224008,45,,,1,98,,224009,45,,,1,102,,224010,45,,,1,70,,224011,45,,,1,30,,224012,45,,,1,70,,224013,45,,,1,30,,224014,45,,,1,70,,224015,45,,,1,30,,224016,45,,,1,70,,224017,45,,,1,30,,224018,45,,,1,70,,224019,45,,,1,30,,224020,45,,,1,70,,224021,45,,,1,30,,224022,45,,,1,70,,224023,45,,,1,26,,224024,45,,,1,28,,224025,45,,,1,70,,224026,45,,,1,30,,224027,45,,,1,77,,224028,45,,,1,100,,224029,45,,,1,100,,224030,45,,,1,100,,224031,45,,,1,100,,224032,45,,,1
91600,'916-Sunday-7-26-06-0000001',630,,224033,45,,,1,100,,224034,45,,,1,100,,224035,45,,,1,98,,224036,45,,,1,102,,224037,45,,,1,70,,224038,45,,,1,30,,224039,45,,,1,70,,224040,45,,,1,30,,224041,45,,,1,70,,224042,45,,,1,30,,224043,45,,,1,70,,224044,45,,,1,30,,224045,45,,,1,70,,224046,45,,,1,30,,224047,45,,,1,70,,224048,45,,,1,30,,224049,45,,,1,70,,224050,45,,,1,26,,224051,45,,,1,28,,224052,45,,,1,70,,224053,45,,,1,30,,224054,45,,,1,77,,224055,45,,,1,100,,224056,45,,,1,100,,224057,45,,,1,100,,224058,45,,,1,100,,224059,45,,,1
91800,'918-Weekday-1-26-06-1111100',516,,185145,26,0,13 41 7 42,1,30,,185146,26,0,13 41 7 42,1,70,,185147,26,0,13 41 7 42,1,32,,185148,26,0,13 41 7 42,1,61,,185149,26,0,13 41 7 42,1,20,,185150,26,0,13 41 7 42,1,20,,185151,26,0,13 41 7 42,1,60,,185152,26,0,13 41 7 42,1,20,,185153,26,0,13 41 7 42,1,20,,185154,26,0,13 41 7 42,1,62,,185185,26,0,13 41 7 42,1,26,,185184,26,0,13 41 7 42,1,70,,185155,26,0,13 41 7 42,1,30,,185156,26,0,13 41 7 42,1,70,,185157,26,0,13 41 7 42,1,30,,185158,26,0,13 41 7 42,1,70,,185159,26,0,13 41 7 42,1,30,,185160,26,0,13 41 7 42,1,70,,185161,26,0,13 41 7 42,1,30,,185162,26,0,13 41 7 42,1,70,,185163,26,0,13 41 7 42,1,30,,185164,26,0,13 41 7 42,1,71,,185165,26,0,13 41 7 42,1,32,,185166,26,0,13 41 7 42,1,60,,185167,26,0,13 41 7 42,1,20,,185168,26,0,13 41 7 42,1,20,,185169,26,0,13 41 7 42,1,60,,185170,26,0,13 41 7 42,1,20,,185171,26,0,13 41 7 42,1,20,,185172,26,0,13 41 7 42,1,60,,185173,26,0,13 41 7 42,1,20,,185186,26,0,13 41 7 42,1,21,,185174,26,0,13 41 7 42,1,65,,185175,26,0,13 41 7 42,1,30,,185176,26,0,13 41 7 42,1,70,,185177,26,0,13 41 7 42,1,30,,185178,26,0,13 41 7 42,1,70,,185179,26,0,13 41 7 42,1,30,,185180,26,0,13 41 7 42,1,70,,185187,26,0,13 41 7 42,1,42,,185181,26,0,13 41 7 42,1,100,,185182,26,0,13 41 7 42,1,100,,185183,26,0,13 41 7 42,1
91800,'918-Weekday-2-26-06-1111100',516,,201715,26,0,13 41 7 42,1,30,,201716,26,0,13 41 7 42,1,70,,201717,26,0,13 41 7 42,1,32,,201718,26,0,13 41 7 42,1,61,,201719,26,0,13 41 7 42,1,20,,201720,26,0,13 41 7 42,1,20,,201721,26,0,13 41 7 42,1,60,,201722,26,0,13 41 7 42,1,20,,201723,26,0,13 41 7 42,1,20,,201724,26,0,13 41 7 42,1,62,,201755,26,0,13 41 7 42,1,26,,201754,26,0,13 41 7 42,1,70,,201725,26,0,13 41 7 42,1,30,,201726,26,0,13 41 7 42,1,70,,201727,26,0,13 41 7 42,1,30,,201728,26,0,13 41 7 42,1,70,,201729,26,0,13 41 7 42,1,30,,201730,26,0,13 41 7 42,1,70,,201731,26,0,13 41 7 42,1,30,,201732,26,0,13 41 7 42,1,70,,201733,26,0,13 41 7 42,1,30,,201734,26,0,13 41 7 42,1,71,,201735,26,0,13 41 7 42,1,32,,201736,26,0,13 41 7 42,1,60,,201737,26,0,13 41 7 42,1,20,,201738,26,0,13 41 7 42,1,20,,201739,26,0,13 41 7 42,1,60,,201740,26,0,13 41 7 42,1,20,,201741,26,0,13 41 7 42,1,20,,201742,26,0,13 41 7 42,1,60,,201743,26,0,13 41 7 42,1,20,,201756,26,0,13 41 7 42,1,21,,201744,26,0,13 41 7 42,1,65,,201745,26,0,13 41 7 42,1,30,,201746,26,0,13 41 7 42,1,70,,201747,26,0,13 41 7 42,1,30,,201748,26,0,13 41 7 42,1,70,,201749,26,0,13 41 7 42,1,30,,201750,26,0,13 41 7 42,1,70,,201757,26,0,13 41 7 42,1,42,,201751,26,0,13 41 7 42,1,100,,201752,26,0,13 41 7 42,1,100,,201753,26,0,13 41 7 42,1
91800,'918-Saturday-1-26-06-0000010',557,,185188,26,0,13 41 7 42,1,100,,185189,26,0,13 41 7 42,1,100,,185190,26,0,13 41 7 42,1,100,,185191,26,0,13 41 7 42,1,72,,185192,26,0,13 41 7 42,1,30,,185193,26,0,13 41 7 42,1,70,,185194,26,0,13 41 7 42,1,30,,185195,26,0,13 41 7 42,1,70,,185196,26,0,13 41 7 42,1,30,,185197,26,0,13 41 7 42,1,70,,185198,26,0,13 41 7 42,1,30,,185199,26,0,13 41 7 42,1,70,,185200,26,0,13 41 7 42,1,30,,185201,26,0,13 41 7 42,1,70,,185202,26,0,13 41 7 42,1,30,,185203,26,0,13 41 7 42,1,70,,185204,26,0,13 41 7 42,1,30,,185205,26,0,13 41 7 42,1,70,,185206,26,0,13 41 7 42,1,30,,185207,26,0,13 41 7 42,1,71,,185208,26,0,13 41 7 42,1,70,,185209,26,0,13 41 7 42,1,30,,185210,26,0,13 41 7 42,1,70,,185211,26,0,13 41 7 42,1,30,,185212,26,0,13 41 7 42,1,70,,185213,26,0,13 41 7 42,1,100,,185214,26,0,13 41 7 42,1,100,,185215,26,0,13 41 7 42,1,100,,185216,26,0,13 41 7 42,1,100,,185217,26,0,13 41 7 42,1
91800,'918-Saturday-2-26-06-0000010',557,,224374,26,0,13 41 7 42,1,100,,224375,26,0,13 41 7 42,1,100,,224376,26,0,13 41 7 42,1,100,,224377,26,0,13 41 7 42,1,72,,224378,26,0,13 41 7 42,1,30,,224379,26,0,13 41 7 42,1,70,,224380,26,0,13 41 7 42,1,30,,224381,26,0,13 41 7 42,1,70,,224382,26,0,13 41 7 42,1,30,,224383,26,0,13 41 7 42,1,70,,224384,26,0,13 41 7 42,1,30,,224385,26,0,13 41 7 42,1,70,,224386,26,0,13 41 7 42,1,30,,224387,26,0,13 41 7 42,1,70,,224388,26,0,13 41 7 42,1,30,,224389,26,0,13 41 7 42,1,70,,224390,26,0,13 41 7 42,1,30,,224391,26,0,13 41 7 42,1,70,,224392,26,0,13 41 7 42,1,30,,224393,26,0,13 41 7 42,1,71,,224394,26,0,13 41 7 42,1,70,,224395,26,0,13 41 7 42,1,30,,224396,26,0,13 41 7 42,1,70,,224397,26,0,13 41 7 42,1,30,,224398,26,0,13 41 7 42,1,70,,224399,26,0,13 41 7 42,1,100,,224400,26,0,13 41 7 42,1,100,,224401,26,0,13 41 7 42,1,100,,224402,26,0,13 41 7 42,1,100,,224403,26,0,13 41 7 42,1
91800,'918-Sunday-2-26-06-0000001',609,,201758,26,0,13 41 7 42,1,100,,201759,26,0,13 41 7 42,1,100,,201760,26,0,13 41 7 42,1,102,,201761,26,0,13 41 7 42,1,101,,201762,26,0,13 41 7 42,1,46,,201763,26,0,13 41 7 42,1,70,,201764,26,0,13 41 7 42,1,30,,201765,26,0,13 41 7 42,1,70,,201766,26,0,13 41 7 42,1,30,,201767,26,0,13 41 7 42,1,70,,201768,26,0,13 41 7 42,1,30,,201769,26,0,13 41 7 42,1,70,,201770,26,0,13 41 7 42,1,30,,201771,26,0,13 41 7 42,1,70,,201772,26,0,13 41 7 42,1,30,,201773,26,0,13 41 7 42,1,70,,201774,26,0,13 41 7 42,1,30,,201775,26,0,13 41 7 42,1,68,,201776,26,0,13 41 7 42,1,30,,201777,26,0,13 41 7 42,1,70,,201778,26,0,13 41 7 42,1,75,,201779,26,0,13 41 7 42,1,30,,201780,26,0,13 41 7 42,1,86,,201781,26,0,13 41 7 42,1,100,,201782,26,0,13 41 7 42,1,100,,201783,26,0,13 41 7 42,1,100,,201784,26,0,13 41 7 42,1,100,,201785,26,0,13 41 7 42,1
91800,'918-Sunday-3-26-06-0000001',609,,224404,26,0,13 41 7 42,1,100,,224405,26,0,13 41 7 42,1,100,,224406,26,0,13 41 7 42,1,102,,224407,26,0,13 41 7 42,1,101,,224408,26,0,13 41 7 42,1,46,,224409,26,0,13 41 7 42,1,70,,224410,26,0,13 41 7 42,1,30,,224411,26,0,13 41 7 42,1,70,,224412,26,0,13 41 7 42,1,30,,224413,26,0,13 41 7 42,1,70,,224414,26,0,13 41 7 42,1,30,,224415,26,0,13 41 7 42,1,70,,224416,26,0,13 41 7 42,1,30,,224417,26,0,13 41 7 42,1,70,,224418,26,0,13 41 7 42,1,30,,224419,26,0,13 41 7 42,1,70,,224420,26,0,13 41 7 42,1,30,,224421,26,0,13 41 7 42,1,68,,224422,26,0,13 41 7 42,1,30,,224423,26,0,13 41 7 42,1,70,,224424,26,0,13 41 7 42,1,75,,224425,26,0,13 41 7 42,1,30,,224426,26,0,13 41 7 42,1,86,,224427,26,0,13 41 7 42,1,100,,224428,26,0,13 41 7 42,1,100,,224429,26,0,13 41 7 42,1,100,,224430,26,0,13 41 7 42,1,100,,224431,26,0,13 41 7 42,1
91800,'918-Sunday-6-26-06-0000001',609,,224432,26,0,13 41 7 42,1,100,,224433,26,0,13 41 7 42,1,100,,224434,26,0,13 41 7 42,1,102,,224435,26,0,13 41 7 42,1,101,,224436,26,0,13 41 7 42,1,46,,224437,26,0,13 41 7 42,1,70,,224438,26,0,13 41 7 42,1,30,,224439,26,0,13 41 7 42,1,70,,224440,26,0,13 41 7 42,1,30,,224441,26,0,13 41 7 42,1,70,,224442,26,0,13 41 7 42,1,30,,224443,26,0,13 41 7 42,1,70,,224444,26,0,13 41 7 42,1,30,,224445,26,0,13 41 7 42,1,70,,224446,26,0,13 41 7 42,1,30,,224447,26,0,13 41 7 42,1,70,,224448,26,0,13 41 7 42,1,30,,224449,26,0,13 41 7 42,1,68,,224450,26,0,13 41 7 42,1,30,,224451,26,0,13 41 7 42,1,70,,224452,26,0,13 41 7 42,1,75,,224453,26,0,13 41 7 42,1,30,,224454,26,0,13 41 7 42,1,86,,224455,26,0,13 41 7 42,1,100,,224456,26,0,13 41 7 42,1,100,,224457,26,0,13 41 7 42,1,100,,224458,26,0,13 41 7 42,1,100,,224459,26,0,13 41 7 42,1
91800,'918-Sunday-7-26-06-0000001',609,,224460,26,0,13 41 7 42,1,100,,224461,26,0,13 41 7 42,1,100,,224462,26,0,13 41 7 42,1,102,,224463,26,0,13 41 7 42,1,101,,224464,26,0,13 41 7 42,1,46,,224465,26,0,13 41 7 42,1,70,,224466,26,0,13 41 7 42,1,30,,224467,26,0,13 41 7 42,1,70,,224468,26,0,13 41 7 42,1,30,,224469,26,0,13 41 7 42,1,70,,224470,26,0,13 41 7 42,1,30,,224471,26,0,13 41 7 42,1,70,,224472,26,0,13 41 7 42,1,30,,224473,26,0,13 41 7 42,1,70,,224474,26,0,13 41 7 42,1,30,,224475,26,0,13 41 7 42,1,70,,224476,26,0,13 41 7 42,1,30,,224477,26,0,13 41 7 42,1,68,,224478,26,0,13 41 7 42,1,30,,224479,26,0,13 41 7 42,1,70,,224480,26,0,13 41 7 42,1,75,,224481,26,0,13 41 7 42,1,30,,224482,26,0,13 41 7 42,1,86,,224483,26,0,13 41 7 42,1,100,,224484,26,0,13 41 7 42,1,100,,224485,26,0,13 41 7 42,1,100,,224486,26,0,13 41 7 42,1,100,,224487,26,0,13 41 7 42,1
91801,'918-Weekday-1-26-06-1111100',529,,185246,29,0,18 41 7 42,1,30,,185247,29,0,18 41 7 42,1,70,,185248,29,0,18 41 7 42,1,29,,185249,29,0,18 41 7 42,1,60,,185250,29,0,18 41 7 42,1,20,,185251,29,0,18 41 7 42,1,20,,185252,29,0,18 41 7 42,1,60,,185253,29,0,18 41 7 42,1,20,,185254,29,0,18 41 7 42,1,20,,185255,29,0,18 41 7 42,1,63,,185256,29,0,18 41 7 42,1,28,,185257,29,0,18 41 7 42,1,70,,185258,29,0,18 41 7 42,1,30,,185259,29,0,18 41 7 42,1,70,,185260,29,0,18 41 7 42,1,30,,185261,29,0,18 41 7 42,1,70,,185262,29,0,18 41 7 42,1,30,,185263,29,0,18 41 7 42,1,70,,185264,29,0,18 41 7 42,1,30,,185265,29,0,18 41 7 42,1,70,,185266,29,0,18 41 7 42,1,30,,185267,29,0,18 41 7 42,1,74,,185268,29,0,18 41 7 42,1,25,,185269,29,0,18 41 7 42,1,60,,185270,29,0,18 41 7 42,1,20,,185271,29,0,18 41 7 42,1,20,,185272,29,0,18 41 7 42,1,60,,185273,29,0,18 41 7 42,1,20,,185274,29,0,18 41 7 42,1,20,,185275,29,0,18 41 7 42,1,60,,185276,29,0,18 41 7 42,1,24,,185277,29,0,18 41 7 42,1,22,,185278,29,0,18 41 7 42,1,70,,185279,29,0,18 41 7 42,1,30,,185280,29,0,18 41 7 42,1,70,,185281,29,0,18 41 7 42,1,30,,185282,29,0,18 41 7 42,1,70,,185283,29,0,18 41 7 42,1,30,,185284,29,0,18 41 7 42,1,68,,185285,29,0,18 41 7 42,1,89,,185286,29,0,18 41 7 42,1,100,,185287,29,0,18 41 7 42,1,100,,185288,29,0,18 41 7 42,1
91801,'918-Weekday-2-26-06-1111100',529,,201786,29,0,18 41 7 42,1,30,,201787,29,0,18 41 7 42,1,70,,201788,29,0,18 41 7 42,1,29,,201789,29,0,18 41 7 42,1,60,,201790,29,0,18 41 7 42,1,20,,201791,29,0,18 41 7 42,1,20,,201792,29,0,18 41 7 42,1,60,,201793,29,0,18 41 7 42,1,20,,201794,29,0,18 41 7 42,1,20,,201795,29,0,18 41 7 42,1,63,,201796,29,0,18 41 7 42,1,28,,201797,29,0,18 41 7 42,1,70,,201798,29,0,18 41 7 42,1,30,,201799,29,0,18 41 7 42,1,70,,201800,29,0,18 41 7 42,1,30,,201801,29,0,18 41 7 42,1,70,,201802,29,0,18 41 7 42,1,30,,201803,29,0,18 41 7 42,1,70,,201804,29,0,18 41 7 42,1,30,,201805,29,0,18 41 7 42,1,70,,201806,29,0,18 41 7 42,1,30,,201807,29,0,18 41 7 42,1,74,,201808,29,0,18 41 7 42,1,25,,201809,29,0,18 41 7 42,1,60,,201810,29,0,18 41 7 42,1,20,,201811,29,0,18 41 7 42,1,20,,201812,29,0,18 41 7 42,1,60,,201813,29,0,18 41 7 42,1,20,,201814,29,0,18 41 7 42,1,20,,201815,29,0,18 41 7 42,1,60,,201816,29,0,18 41 7 42,1,24,,201817,29,0,18 41 7 42,1,22,,201818,29,0,18 41 7 42,1,70,,201819,29,0,18 41 7 42,1,30,,201820,29,0,18 41 7 42,1,70,,201821,29,0,18 41 7 42,1,30,,201822,29,0,18 41 7 42,1,70,,201823,29,0,18 41 7 42,1,30,,201824,29,0,18 41 7 42,1,68,,201825,29,0,18 41 7 42,1,89,,201826,29,0,18 41 7 42,1,100,,201827,29,0,18 41 7 42,1,100,,201828,29,0,18 41 7 42,1
91801,'918-Saturday-1-26-06-0000010',542,,185289,29,0,18 41 7 42,1,100,,185290,29,0,18 41 7 42,1,100,,185291,29,0,18 41 7 42,1,100,,185292,29,0,18 41 7 42,1,71,,185293,29,0,18 41 7 42,1,30,,185294,29,0,18 41 7 42,1,70,,185295,29,0,18 41 7 42,1,30,,185296,29,0,18 41 7 42,1,70,,185297,29,0,18 41 7 42,1,30,,185298,29,0,18 41 7 42,1,70,,185299,29,0,18 41 7 42,1,30,,185300,29,0,18 41 7 42,1,70,,185301,29,0,18 41 7 42,1,30,,185302,29,0,18 41 7 42,1,70,,185303,29,0,18 41 7 42,1,30,,185304,29,0,18 41 7 42,1,70,,185305,29,0,18 41 7 42,1,30,,185306,29,0,18 41 7 42,1,70,,185307,29,0,18 41 7 42,1,30,,185308,29,0,18 41 7 42,1,70,,185309,29,0,18 41 7 42,1,31,,185310,29,0,18 41 7 42,1,70,,185311,29,0,18 41 7 42,1,30,,185312,29,0,18 41 7 42,1,70,,185313,29,0,18 41 7 42,1,30,,185314,29,0,18 41 7 42,1,100,,185315,29,0,18 41 7 42,1,100,,185316,29,0,18 41 7 42,1,100,,185317,29,0,18 41 7 42,1,100,,185318,29,0,18 41 7 42,1
91801,'918-Saturday-2-26-06-0000010',542,,224488,29,0,18 41 7 42,1,100,,224489,29,0,18 41 7 42,1,100,,224490,29,0,18 41 7 42,1,100,,224491,29,0,18 41 7 42,1,71,,224492,29,0,18 41 7 42,1,30,,224493,29,0,18 41 7 42,1,70,,224494,29,0,18 41 7 42,1,30,,224495,29,0,18 41 7 42,1,70,,224496,29,0,18 41 7 42,1,30,,224497,29,0,18 41 7 42,1,70,,224498,29,0,18 41 7 42,1,30,,224499,29,0,18 41 7 42,1,70,,224500,29,0,18 41 7 42,1,30,,224501,29,0,18 41 7 42,1,70,,224502,29,0,18 41 7 42,1,30,,224503,29,0,18 41 7 42,1,70,,224504,29,0,18 41 7 42,1,30,,224505,29,0,18 41 7 42,1,70,,224506,29,0,18 41 7 42,1,30,,224507,29,0,18 41 7 42,1,70,,224508,29,0,18 41 7 42,1,31,,224509,29,0,18 41 7 42,1,70,,224510,29,0,18 41 7 42,1,30,,224511,29,0,18 41 7 42,1,70,,224512,29,0,18 41 7 42,1,30,,224513,29,0,18 41 7 42,1,100,,224514,29,0,18 41 7 42,1,100,,224515,29,0,18 41 7 42,1,100,,224516,29,0,18 41 7 42,1,100,,224517,29,0,18 41 7 42,1
91801,'918-Sunday-2-26-06-0000001',539,,201829,29,0,18 41 7 42,1,100,,201830,29,0,18 41 7 42,1,100,,201831,29,0,18 41 7 42,1,100,,201832,29,0,18 41 7 42,1,103,,201833,29,0,18 41 7 42,1,101,,201834,29,0,18 41 7 42,1,70,,201835,29,0,18 41 7 42,1,30,,201836,29,0,18 41 7 42,1,70,,201837,29,0,18 41 7 42,1,30,,201838,29,0,18 41 7 42,1,70,,201839,29,0,18 41 7 42,1,30,,201840,29,0,18 41 7 42,1,70,,201841,29,0,18 41 7 42,1,30,,201842,29,0,18 41 7 42,1,70,,201843,29,0,18 41 7 42,1,30,,201844,29,0,18 41 7 42,1,70,,201845,29,0,18 41 7 42,1,30,,201846,29,0,18 41 7 42,1,70,,201847,29,0,18 41 7 42,1,29,,201848,29,0,18 41 7 42,1,70,,201849,29,0,18 41 7 42,1,30,,201850,29,0,18 41 7 42,1,72,,201851,29,0,18 41 7 42,1,34,,201852,29,0,18 41 7 42,1,100,,201853,29,0,18 41 7 42,1,100,,201854,29,0,18 41 7 42,1,100,,201855,29,0,18 41 7 42,1,100,,201856,29,0,18 41 7 42,1,100,,201857,29,0,18 41 7 42,1
91801,'918-Sunday-3-26-06-0000001',539,,224518,29,0,18 41 7 42,1,100,,224519,29,0,18 41 7 42,1,100,,224520,29,0,18 41 7 42,1,100,,224521,29,0,18 41 7 42,1,103,,224522,29,0,18 41 7 42,1,101,,224523,29,0,18 41 7 42,1,70,,224524,29,0,18 41 7 42,1,30,,224525,29,0,18 41 7 42,1,70,,224526,29,0,18 41 7 42,1,30,,224527,29,0,18 41 7 42,1,70,,224528,29,0,18 41 7 42,1,30,,224529,29,0,18 41 7 42,1,70,,224530,29,0,18 41 7 42,1,30,,224531,29,0,18 41 7 42,1,70,,224532,29,0,18 41 7 42,1,30,,224533,29,0,18 41 7 42,1,70,,224534,29,0,18 41 7 42,1,30,,224535,29,0,18 41 7 42,1,70,,224536,29,0,18 41 7 42,1,29,,224537,29,0,18 41 7 42,1,70,,224538,29,0,18 41 7 42,1,30,,224539,29,0,18 41 7 42,1,72,,224540,29,0,18 41 7 42,1,34,,224541,29,0,18 41 7 42,1,100,,224542,29,0,18 41 7 42,1,100,,224543,29,0,18 41 7 42,1,100,,224544,29,0,18 41 7 42,1,100,,224545,29,0,18 41 7 42,1,100,,224546,29,0,18 41 7 42,1
91801,'918-Sunday-6-26-06-0000001',539,,224547,29,0,18 41 7 42,1,100,,224548,29,0,18 41 7 42,1,100,,224549,29,0,18 41 7 42,1,100,,224550,29,0,18 41 7 42,1,103,,224551,29,0,18 41 7 42,1,101,,224552,29,0,18 41 7 42,1,70,,224553,29,0,18 41 7 42,1,30,,224554,29,0,18 41 7 42,1,70,,224555,29,0,18 41 7 42,1,30,,224556,29,0,18 41 7 42,1,70,,224557,29,0,18 41 7 42,1,30,,224558,29,0,18 41 7 42,1,70,,224559,29,0,18 41 7 42,1,30,,224560,29,0,18 41 7 42,1,70,,224561,29,0,18 41 7 42,1,30,,224562,29,0,18 41 7 42,1,70,,224563,29,0,18 41 7 42,1,30,,224564,29,0,18 41 7 42,1,70,,224565,29,0,18 41 7 42,1,29,,224566,29,0,18 41 7 42,1,70,,224567,29,0,18 41 7 42,1,30,,224568,29,0,18 41 7 42,1,72,,224569,29,0,18 41 7 42,1,34,,224570,29,0,18 41 7 42,1,100,,224571,29,0,18 41 7 42,1,100,,224572,29,0,18 41 7 42,1,100,,224573,29,0,18 41 7 42,1,100,,224574,29,0,18 41 7 42,1,100,,224575,29,0,18 41 7 42,1
91801,'918-Sunday-7-26-06-0000001',539,,224576,29,0,18 41 7 42,1,100,,224577,29,0,18 41 7 42,1,100,,224578,29,0,18 41 7 42,1,100,,224579,29,0,18 41 7 42,1,103,,224580,29,0,18 41 7 42,1,101,,224581,29,0,18 41 7 42,1,70,,224582,29,0,18 41 7 42,1,30,,224583,29,0,18 41 7 42,1,70,,224584,29,0,18 41 7 42,1,30,,224585,29,0,18 41 7 42,1,70,,224586,29,0,18 41 7 42,1,30,,224587,29,0,18 41 7 42,1,70,,224588,29,0,18 41 7 42,1,30,,224589,29,0,18 41 7 42,1,70,,224590,29,0,18 41 7 42,1,30,,224591,29,0,18 41 7 42,1,70,,224592,29,0,18 41 7 42,1,30,,224593,29,0,18 41 7 42,1,70,,224594,29,0,18 41 7 42,1,29,,224595,29,0,18 41 7 42,1,70,,224596,29,0,18 41 7 42,1,30,,224597,29,0,18 41 7 42,1,72,,224598,29,0,18 41 7 42,1,34,,224599,29,0,18 41 7 42,1,100,,224600,29,0,18 41 7 42,1,100,,224601,29,0,18 41 7 42,1,100,,224602,29,0,18 41 7 42,1,100,,224603,29,0,18 41 7 42,1,100,,224604,29,0,18 41 7 42,1
92300,'923-Weekday-1-26-06-1111100',627,,185950,20,,,1,29,,185951,20,,,1,70,,185952,20,,,1,30,,185953,20,,,1,70,,185954,20,,,1,30,,185955,20,,,1,70,,185956,20,,,1,30,,185966,20,,,1,70,,185967,20,,,1,30,,185968,20,,,1,70,,185969,20,,,1,30,,185970,20,,,1,70,,185971,20,,,1,30,,185972,20,,,1,70,,185973,20,,,1,30,,185974,20,,,1,70,,185975,20,,,1,32,,185964,20,,,1,72,,185958,20,,,1,70,,185959,20,,,1,30,,185960,20,,,1,70,,185957,20,,,1,30,,185961,20,,,1,70,,185962,20,,,1,30,,185963,20,,,1,27,,185965,20,,,1,68,,185976,20,,,1,30,,185977,20,,,1,70,,185978,20,,,1,30,,185979,20,,,1,70,,185980,20,,,1,30,,185981,20,,,1,70,,185982,20,,,1
92300,'923-Weekday-2-26-06-1111100',627,,202286,20,,,1,29,,202287,20,,,1,70,,202288,20,,,1,30,,202289,20,,,1,70,,202290,20,,,1,30,,202291,20,,,1,70,,202292,20,,,1,30,,202302,20,,,1,70,,202303,20,,,1,30,,202304,20,,,1,70,,202305,20,,,1,30,,202306,20,,,1,70,,202307,20,,,1,30,,202308,20,,,1,70,,202309,20,,,1,30,,202310,20,,,1,70,,202311,20,,,1,32,,202300,20,,,1,72,,202294,20,,,1,70,,202295,20,,,1,30,,202296,20,,,1,70,,202293,20,,,1,30,,202297,20,,,1,70,,202298,20,,,1,30,,202299,20,,,1,27,,202301,20,,,1,68,,202312,20,,,1,30,,202313,20,,,1,70,,202314,20,,,1,30,,202315,20,,,1,70,,202316,20,,,1,30,,202317,20,,,1,70,,202318,20,,,1
92300,'923-Saturday-1-26-06-0000010',829,,185983,20,,,1,30,,185984,20,,,1,73,,185985,20,,,1,70,,185986,20,,,1,30,,185987,20,,,1,70,,185988,20,,,1,30,,185989,20,,,1,70,,185990,20,,,1,30,,185991,20,,,1,70,,185992,20,,,1,30,,185993,20,,,1,70,,185994,20,,,1,30,,185995,20,,,1,70,,185996,20,,,1,30,,185997,20,,,1,70,,185998,20,,,1,30,,185999,20,,,1,70,,186000,20,,,1,30,,186001,20,,,1,70,,186002,20,,,1,30,,186003,20,,,1,70,,186004,20,,,1,30,,186005,20,,,1
92300,'923-Saturday-2-26-06-0000010',829,,225223,20,,,1,30,,225224,20,,,1,73,,225225,20,,,1,70,,225226,20,,,1,30,,225227,20,,,1,70,,225228,20,,,1,30,,225229,20,,,1,70,,225230,20,,,1,30,,225231,20,,,1,70,,225232,20,,,1,30,,225233,20,,,1,70,,225234,20,,,1,30,,225235,20,,,1,70,,225236,20,,,1,30,,225237,20,,,1,70,,225238,20,,,1,30,,225239,20,,,1,70,,225240,20,,,1,30,,225241,20,,,1,70,,225242,20,,,1,30,,225243,20,,,1,70,,225244,20,,,1,30,,225245,20,,,1
92300,'923-Sunday-2-26-06-0000001',1031,,202319,20,,,1,70,,202320,20,,,1,30,,202321,20,,,1,70,,202322,20,,,1,30,,202323,20,,,1,70,,202324,20,,,1,30,,202325,20,,,1,70,,202326,20,,,1,30,,202327,20,,,1,70,,202328,20,,,1,30,,202329,20,,,1,70,,202330,20,,,1,30,,202331,20,,,1,71,,202332,20,,,1,30,,202333,20,,,1,70,,202334,20,,,1,30,,202335,20,,,1,70,,202336,20,,,1,30,,202337,20,,,1
92300,'923-Sunday-3-26-06-0000001',1031,,225246,20,,,1,70,,225247,20,,,1,30,,225248,20,,,1,70,,225249,20,,,1,30,,225250,20,,,1,70,,225251,20,,,1,30,,225252,20,,,1,70,,225253,20,,,1,30,,225254,20,,,1,70,,225255,20,,,1,30,,225256,20,,,1,70,,225257,20,,,1,30,,225258,20,,,1,71,,225259,20,,,1,30,,225260,20,,,1,70,,225261,20,,,1,30,,225262,20,,,1,70,,225263,20,,,1,30,,225264,20,,,1
92300,'923-Sunday-6-26-06-0000001',1031,,225265,20,,,1,70,,225266,20,,,1,30,,225267,20,,,1,70,,225268,20,,,1,30,,225269,20,,,1,70,,225270,20,,,1,30,,225271,20,,,1,70,,225272,20,,,1,30,,225273,20,,,1,70,,225274,20,,,1,30,,225275,20,,,1,70,,225276,20,,,1,30,,225277,20,,,1,71,,225278,20,,,1,30,,225279,20,,,1,70,,225280,20,,,1,30,,225281,20,,,1,70,,225282,20,,,1,30,,225283,20,,,1
92300,'923-Sunday-7-26-06-0000001',1031,,225284,20,,,1,70,,225285,20,,,1,30,,225286,20,,,1,70,,225287,20,,,1,30,,225288,20,,,1,70,,225289,20,,,1,30,,225290,20,,,1,70,,225291,20,,,1,30,,225292,20,,,1,70,,225293,20,,,1,30,,225294,20,,,1,70,,225295,20,,,1,30,,225296,20,,,1,71,,225297,20,,,1,30,,225298,20,,,1,70,,225299,20,,,1,30,,225300,20,,,1,70,,225301,20,,,1,30,,225302,20,,,1
