900,'009-Weekday-1-26-09-1111100',514,,238112,36,,,1,15,,238113,36,,,1,15,,238114,36,,,1,15,,238115,36,,,1,55,,238116,36,,,1,15,,238117,36,,,1,19,,238118,36,,,1,58,,238119,36,,,1,12,,238111,36,,,1,16,,238120,36,,,1,17,,238122,36,,,1,55,,238124,36,,,1,15,,238126,36,,,1,14,,238128,36,,,1,13,,238130,36,,,1,5,,238220,15,,,1,47,,238131,36,,,1,8,,238221,15,,,1,7,,238132,36,,,1,8,,238222,15,,,1,7,,238133,36,,,1,8,,238223,15,,,1,7,,238134,36,,,1,8,,238224,15,,,1,47,,238135,36,,,1,8,,238225,15,,,1,7,,238136,36,,,1,8,,238226,15,,,1,7,,238137,36,,,1,8,,238227,15,,,1,7,,238138,36,,,1,8,,238228,15,,,1,47,,238139,36,,,1,8,,238229,15,,,1,7,,238140,36,,,1,8,,238230,15,,,1,7,,238141,36,,,1,8,,238231,15,,,1,7,,238142,36,,,1,8,,238232,15,,,1,47,,238143,36,,,1,8,,238233,15,,,1,7,,238144,36,,,1,8,,238145,15,,,1,7,,238146,36,,,1,8,,238147,15,,,1,7,,238148,36,,,1,8,,238149,15,,,1,47,,238150,36,,,1,8,,238151,15,,,1,7,,238152,36,,,1,8,,238153,15,,,1,7,,238154,36,,,1,8,,238155,15,,,1,7,,238156,36,,,1,8,,238157,15,,,1,47,,238158,36,,,1,8,,238159,15,,,1,7,,238160,36,,,1,8,,238161,15,,,1,7,,238162,36,,,1,8,,238163,15,,,1,7,,238164,36,,,1,8,,238165,15,,,1,48,,238166,36,,,1,10,,238167,15,,,1,7,,238168,36,,,1,10,,238169,15,,,1,8,,238170,36,,,1,1,,238234,15,,,1,8,,238171,15,,,1,7,,238172,36,,,1,48,,238173,15,,,1,7,,238174,36,,,1,8,,238175,15,,,1,7,,238176,36,,,1,8,,238177,15,,,1,7,,238178,36,,,1,8,,238179,15,,,1,7,,238180,36,,,1,48,,238181,15,,,1,7,,238182,36,,,1,8,,238183,15,,,1,7,,238184,36,,,1,8,,238218,15,,,1,7,,238185,36,,,1,8,,238219,15,,,1,7,,238186,36,,,1,52,,238187,36,,,1,13,,238188,36,,,1,14,,238189,36,,,1,13,,238190,36,,,1,12,,238191,36,,,1,54,,238192,36,,,1,15,,238193,36,,,1,16,,238194,36,,,1,16,,238195,36,,,1,55,,238196,36,,,1,15,,238197,36,,,1,15,,238198,36,,,1,15,,238199,36,,,1,55,,238200,36,,,1,15,,238201,36,,,1,15,,238202,36,,,1,15,,238203,36,,,1,55,,238204,36,,,1,14,,238205,36,,,1,19,,238206,36,,,1,60,,238207,36,,,1,18,,238208,36,,,1,20,,238209,36,,,1,60,,238210,36,,,1,20,,238217,36,,,1,20,,238211,36,,,1,69,,238212,40,0,28 29 30,1,30,,238213,40,0,28 29 30,1,70,,238214,40,0,28 29 30,1,30,,238215,40,0,28 29 30,1,70,,238216,40,0,28 29 30,1
900,'009-Weekday-2-26-09-1111100',514,,238236,36,,,1,15,,238237,36,,,1,15,,238238,36,,,1,15,,238239,36,,,1,55,,238240,36,,,1,15,,238241,36,,,1,19,,238242,36,,,1,58,,238243,36,,,1,12,,238235,36,,,1,16,,238244,36,,,1,17,,238246,36,,,1,55,,238248,36,,,1,15,,238250,36,,,1,14,,238252,36,,,1,13,,238254,36,,,1,5,,238344,15,,,1,47,,238255,36,,,1,8,,238345,15,,,1,7,,238256,36,,,1,8,,238346,15,,,1,7,,238257,36,,,1,8,,238347,15,,,1,7,,238258,36,,,1,8,,238348,15,,,1,47,,238259,36,,,1,8,,238349,15,,,1,7,,238260,36,,,1,8,,238350,15,,,1,7,,238261,36,,,1,8,,238351,15,,,1,7,,238262,36,,,1,8,,238352,15,,,1,47,,238263,36,,,1,8,,238353,15,,,1,7,,238264,36,,,1,8,,238354,15,,,1,7,,238265,36,,,1,8,,238355,15,,,1,7,,238266,36,,,1,8,,238356,15,,,1,47,,238267,36,,,1,8,,238357,15,,,1,7,,238268,36,,,1,8,,238269,15,,,1,7,,238270,36,,,1,8,,238271,15,,,1,7,,238272,36,,,1,8,,238273,15,,,1,47,,238274,36,,,1,8,,238275,15,,,1,7,,238276,36,,,1,8,,238277,15,,,1,7,,238278,36,,,1,8,,238279,15,,,1,7,,238280,36,,,1,8,,238281,15,,,1,47,,238282,36,,,1,8,,238283,15,,,1,7,,238284,36,,,1,8,,238285,15,,,1,7,,238286,36,,,1,8,,238287,15,,,1,7,,238288,36,,,1,8,,238289,15,,,1,48,,238290,36,,,1,10,,238291,15,,,1,7,,238292,36,,,1,10,,238293,15,,,1,8,,238294,36,,,1,1,,238358,15,,,1,8,,238295,15,,,1,7,,238296,36,,,1,48,,238297,15,,,1,7,,238298,36,,,1,8,,238299,15,,,1,7,,238300,36,,,1,8,,238301,15,,,1,7,,238302,36,,,1,8,,238303,15,,,1,7,,238304,36,,,1,48,,238305,15,,,1,7,,238306,36,,,1,8,,238307,15,,,1,7,,238308,36,,,1,8,,238342,15,,,1,7,,238309,36,,,1,8,,238343,15,,,1,7,,238310,36,,,1,52,,238311,36,,,1,13,,238312,36,,,1,14,,238313,36,,,1,13,,238314,36,,,1,12,,238315,36,,,1,54,,238316,36,,,1,15,,238317,36,,,1,16,,238318,36,,,1,16,,238319,36,,,1,55,,238320,36,,,1,15,,238321,36,,,1,15,,238322,36,,,1,15,,238323,36,,,1,55,,238324,36,,,1,15,,238325,36,,,1,15,,238326,36,,,1,15,,238327,36,,,1,55,,238328,36,,,1,14,,238329,36,,,1,19,,238330,36,,,1,60,,238331,36,,,1,18,,238332,36,,,1,20,,238333,36,,,1,60,,238334,36,,,1,20,,238341,36,,,1,20,,238335,36,,,1,69,,238336,40,0,28 29 30,1,30,,238337,40,0,28 29 30,1,70,,238338,40,0,28 29 30,1,30,,238339,40,0,28 29 30,1,70,,238340,40,0,28 29 30,1
900,'009-Weekday-3-26-09-1111100',514,,238360,36,,,1,15,,238361,36,,,1,15,,238362,36,,,1,15,,238363,36,,,1,55,,238364,36,,,1,15,,238365,36,,,1,19,,238366,36,,,1,58,,238367,36,,,1,12,,238359,36,,,1,16,,238368,36,,,1,17,,238370,36,,,1,55,,238372,36,,,1,15,,238374,36,,,1,14,,238376,36,,,1,13,,238378,36,,,1,5,,238468,15,,,1,47,,238379,36,,,1,8,,238469,15,,,1,7,,238380,36,,,1,8,,238470,15,,,1,7,,238381,36,,,1,8,,238471,15,,,1,7,,238382,36,,,1,8,,238472,15,,,1,47,,238383,36,,,1,8,,238473,15,,,1,7,,238384,36,,,1,8,,238474,15,,,1,7,,238385,36,,,1,8,,238475,15,,,1,7,,238386,36,,,1,8,,238476,15,,,1,47,,238387,36,,,1,8,,238477,15,,,1,7,,238388,36,,,1,8,,238478,15,,,1,7,,238389,36,,,1,8,,238479,15,,,1,7,,238390,36,,,1,8,,238480,15,,,1,47,,238391,36,,,1,8,,238481,15,,,1,7,,238392,36,,,1,8,,238393,15,,,1,7,,238394,36,,,1,8,,238395,15,,,1,7,,238396,36,,,1,8,,238397,15,,,1,47,,238398,36,,,1,8,,238399,15,,,1,7,,238400,36,,,1,8,,238401,15,,,1,7,,238402,36,,,1,8,,238403,15,,,1,7,,238404,36,,,1,8,,238405,15,,,1,47,,238406,36,,,1,8,,238407,15,,,1,7,,238408,36,,,1,8,,238409,15,,,1,7,,238410,36,,,1,8,,238411,15,,,1,7,,238412,36,,,1,8,,238413,15,,,1,48,,238414,36,,,1,10,,238415,15,,,1,7,,238416,36,,,1,10,,238417,15,,,1,8,,238418,36,,,1,9,,238419,15,,,1,7,,238420,36,,,1,48,,238421,15,,,1,7,,238422,36,,,1,8,,238423,15,,,1,7,,238424,36,,,1,8,,238425,15,,,1,7,,238426,36,,,1,8,,238427,15,,,1,7,,238428,36,,,1,48,,238429,15,,,1,7,,238430,36,,,1,8,,238431,15,,,1,7,,238432,36,,,1,8,,238466,15,,,1,7,,238433,36,,,1,8,,238467,15,,,1,7,,238434,36,,,1,52,,238435,36,,,1,13,,238436,36,,,1,14,,238437,36,,,1,13,,238438,36,,,1,12,,238439,36,,,1,54,,238440,36,,,1,15,,238441,36,,,1,16,,238442,36,,,1,16,,238443,36,,,1,55,,238444,36,,,1,15,,238445,36,,,1,15,,238446,36,,,1,15,,238447,36,,,1,55,,238448,36,,,1,15,,238449,36,,,1,15,,238450,36,,,1,15,,238451,36,,,1,55,,238452,36,,,1,14,,238453,36,,,1,19,,238454,36,,,1,60,,238455,36,,,1,18,,238456,36,,,1,20,,238457,36,,,1,60,,238458,36,,,1,20,,238465,36,,,1,20,,238459,36,,,1,69,,238460,40,0,28 29 30,1,30,,238461,40,0,28 29 30,1,70,,238462,40,0,28 29 30,1,30,,238463,40,0,28 29 30,1,70,,238464,40,0,28 29 30,1
900,'009-Weekday-4-26-09-1111100',514,,238483,36,,,1,15,,238484,36,,,1,15,,238485,36,,,1,15,,238486,36,,,1,55,,238487,36,,,1,15,,238488,36,,,1,19,,238489,36,,,1,58,,238490,36,,,1,12,,238482,36,,,1,16,,238491,36,,,1,17,,238493,36,,,1,55,,238495,36,,,1,15,,238497,36,,,1,14,,238499,36,,,1,13,,238501,36,,,1,5,,238591,15,,,1,47,,238502,36,,,1,8,,238592,15,,,1,7,,238503,36,,,1,8,,238593,15,,,1,7,,238504,36,,,1,8,,238594,15,,,1,7,,238505,36,,,1,8,,238595,15,,,1,47,,238506,36,,,1,8,,238596,15,,,1,7,,238507,36,,,1,8,,238597,15,,,1,7,,238508,36,,,1,8,,238598,15,,,1,7,,238509,36,,,1,8,,238599,15,,,1,47,,238510,36,,,1,8,,238600,15,,,1,7,,238511,36,,,1,8,,238601,15,,,1,7,,238512,36,,,1,8,,238602,15,,,1,7,,238513,36,,,1,8,,238603,15,,,1,47,,238514,36,,,1,8,,238604,15,,,1,7,,238515,36,,,1,8,,238516,15,,,1,7,,238517,36,,,1,8,,238518,15,,,1,7,,238519,36,,,1,8,,238520,15,,,1,47,,238521,36,,,1,8,,238522,15,,,1,7,,238523,36,,,1,8,,238524,15,,,1,7,,238525,36,,,1,8,,238526,15,,,1,7,,238527,36,,,1,8,,238528,15,,,1,47,,238529,36,,,1,8,,238530,15,,,1,7,,238531,36,,,1,8,,238532,15,,,1,7,,238533,36,,,1,8,,238534,15,,,1,7,,238535,36,,,1,8,,238536,15,,,1,48,,238537,36,,,1,10,,238538,15,,,1,7,,238539,36,,,1,10,,238540,15,,,1,8,,238541,36,,,1,9,,238542,15,,,1,7,,238543,36,,,1,48,,238544,15,,,1,7,,238545,36,,,1,8,,238546,15,,,1,7,,238547,36,,,1,8,,238548,15,,,1,7,,238549,36,,,1,8,,238550,15,,,1,7,,238551,36,,,1,48,,238552,15,,,1,7,,238553,36,,,1,8,,238554,15,,,1,7,,238555,36,,,1,8,,238589,15,,,1,7,,238556,36,,,1,8,,238590,15,,,1,7,,238557,36,,,1,52,,238558,36,,,1,13,,238559,36,,,1,14,,238560,36,,,1,13,,238561,36,,,1,12,,238562,36,,,1,54,,238563,36,,,1,15,,238564,36,,,1,16,,238565,36,,,1,16,,238566,36,,,1,55,,238567,36,,,1,15,,238568,36,,,1,15,,238569,36,,,1,15,,238570,36,,,1,55,,238571,36,,,1,15,,238572,36,,,1,15,,238573,36,,,1,15,,238574,36,,,1,55,,238575,36,,,1,14,,238576,36,,,1,19,,238577,36,,,1,60,,238578,36,,,1,18,,238579,36,,,1,20,,238580,36,,,1,60,,238581,36,,,1,20,,238588,36,,,1,20,,238582,36,,,1,69,,238583,40,0,28 29 30,1,30,,238584,40,0,28 29 30,1,70,,238585,40,0,28 29 30,1,30,,238586,40,0,28 29 30,1,70,,238587,40,0,28 29 30,1
900,'009-Weekday-5-26-09-1111100',514,,238606,36,,,1,15,,238607,36,,,1,15,,238608,36,,,1,15,,238609,36,,,1,55,,238610,36,,,1,15,,238611,36,,,1,19,,238612,36,,,1,58,,238613,36,,,1,12,,238605,36,,,1,16,,238614,36,,,1,17,,238616,36,,,1,55,,238618,36,,,1,15,,238620,36,,,1,14,,238622,36,,,1,13,,238624,36,,,1,5,,238714,15,,,1,47,,238625,36,,,1,8,,238715,15,,,1,7,,238626,36,,,1,8,,238716,15,,,1,7,,238627,36,,,1,8,,238717,15,,,1,7,,238628,36,,,1,8,,238718,15,,,1,47,,238629,36,,,1,8,,238719,15,,,1,7,,238630,36,,,1,8,,238720,15,,,1,7,,238631,36,,,1,8,,238721,15,,,1,7,,238632,36,,,1,8,,238722,15,,,1,47,,238633,36,,,1,8,,238723,15,,,1,7,,238634,36,,,1,8,,238724,15,,,1,7,,238635,36,,,1,8,,238725,15,,,1,7,,238636,36,,,1,8,,238726,15,,,1,47,,238637,36,,,1,8,,238727,15,,,1,7,,238638,36,,,1,8,,238639,15,,,1,7,,238640,36,,,1,8,,238641,15,,,1,7,,238642,36,,,1,8,,238643,15,,,1,47,,238644,36,,,1,8,,238645,15,,,1,7,,238646,36,,,1,8,,238647,15,,,1,7,,238648,36,,,1,8,,238649,15,,,1,7,,238650,36,,,1,8,,238651,15,,,1,47,,238652,36,,,1,8,,238653,15,,,1,7,,238654,36,,,1,8,,238655,15,,,1,7,,238656,36,,,1,8,,238657,15,,,1,7,,238658,36,,,1,8,,238659,15,,,1,48,,238660,36,,,1,10,,238661,15,,,1,7,,238662,36,,,1,10,,238663,15,,,1,8,,238664,36,,,1,9,,238665,15,,,1,7,,238666,36,,,1,48,,238667,15,,,1,7,,238668,36,,,1,8,,238669,15,,,1,7,,238670,36,,,1,8,,238671,15,,,1,7,,238672,36,,,1,8,,238673,15,,,1,7,,238674,36,,,1,48,,238675,15,,,1,7,,238676,36,,,1,8,,238677,15,,,1,7,,238678,36,,,1,8,,238712,15,,,1,7,,238679,36,,,1,8,,238713,15,,,1,7,,238680,36,,,1,52,,238681,36,,,1,13,,238682,36,,,1,14,,238683,36,,,1,13,,238684,36,,,1,12,,238685,36,,,1,54,,238686,36,,,1,15,,238687,36,,,1,16,,238688,36,,,1,16,,238689,36,,,1,55,,238690,36,,,1,15,,238691,36,,,1,15,,238692,36,,,1,15,,238693,36,,,1,55,,238694,36,,,1,15,,238695,36,,,1,15,,238696,36,,,1,15,,238697,36,,,1,55,,238698,36,,,1,14,,238699,36,,,1,19,,238700,36,,,1,60,,238701,36,,,1,18,,238702,36,,,1,20,,238703,36,,,1,60,,238704,36,,,1,20,,238711,36,,,1,20,,238705,36,,,1,69,,238706,40,0,28 29 30,1,30,,238707,40,0,28 29 30,1,70,,238708,40,0,28 29 30,1,30,,238709,40,0,28 29 30,1,70,,238710,40,0,28 29 30,1
900,'009-Weekday-6-26-09-1111100',514,,238729,36,,,1,15,,238730,36,,,1,15,,238731,36,,,1,15,,238732,36,,,1,55,,238733,36,,,1,15,,238734,36,,,1,19,,238735,36,,,1,58,,238736,36,,,1,12,,238728,36,,,1,16,,238737,36,,,1,17,,238739,36,,,1,55,,238741,36,,,1,15,,238743,36,,,1,14,,238745,36,,,1,13,,238747,36,,,1,5,,238837,15,,,1,47,,238748,36,,,1,8,,238838,15,,,1,7,,238749,36,,,1,8,,238839,15,,,1,7,,238750,36,,,1,8,,238840,15,,,1,7,,238751,36,,,1,8,,238841,15,,,1,47,,238752,36,,,1,8,,238842,15,,,1,7,,238753,36,,,1,8,,238843,15,,,1,7,,238754,36,,,1,8,,238844,15,,,1,7,,238755,36,,,1,8,,238845,15,,,1,47,,238756,36,,,1,8,,238846,15,,,1,7,,238757,36,,,1,8,,238847,15,,,1,7,,238758,36,,,1,8,,238848,15,,,1,7,,238759,36,,,1,8,,238849,15,,,1,47,,238760,36,,,1,8,,238850,15,,,1,7,,238761,36,,,1,8,,238762,15,,,1,7,,238763,36,,,1,8,,238764,15,,,1,7,,238765,36,,,1,8,,238766,15,,,1,47,,238767,36,,,1,8,,238768,15,,,1,7,,238769,36,,,1,8,,238770,15,,,1,7,,238771,36,,,1,8,,238772,15,,,1,7,,238773,36,,,1,8,,238774,15,,,1,47,,238775,36,,,1,8,,238776,15,,,1,7,,238777,36,,,1,8,,238778,15,,,1,7,,238779,36,,,1,8,,238780,15,,,1,7,,238781,36,,,1,8,,238782,15,,,1,48,,238783,36,,,1,10,,238784,15,,,1,7,,238785,36,,,1,10,,238786,15,,,1,8,,238787,36,,,1,1,,238851,15,,,1,8,,238788,15,,,1,7,,238789,36,,,1,48,,238790,15,,,1,7,,238791,36,,,1,8,,238792,15,,,1,7,,238793,36,,,1,8,,238794,15,,,1,7,,238795,36,,,1,8,,238796,15,,,1,7,,238797,36,,,1,48,,238798,15,,,1,7,,238799,36,,,1,8,,238800,15,,,1,7,,238801,36,,,1,8,,238835,15,,,1,7,,238802,36,,,1,8,,238836,15,,,1,7,,238803,36,,,1,52,,238804,36,,,1,13,,238805,36,,,1,14,,238806,36,,,1,13,,238807,36,,,1,12,,238808,36,,,1,54,,238809,36,,,1,15,,238810,36,,,1,16,,238811,36,,,1,16,,238812,36,,,1,55,,238813,36,,,1,15,,238814,36,,,1,15,,238815,36,,,1,15,,238816,36,,,1,55,,238817,36,,,1,15,,238818,36,,,1,15,,238819,36,,,1,15,,238820,36,,,1,55,,238821,36,,,1,14,,238822,36,,,1,19,,238823,36,,,1,60,,238824,36,,,1,18,,238825,36,,,1,20,,238826,36,,,1,60,,238827,36,,,1,20,,238834,36,,,1,20,,238828,36,,,1,69,,238829,40,0,28 29 30,1,30,,238830,40,0,28 29 30,1,70,,238831,40,0,28 29 30,1,30,,238832,40,0,28 29 30,1,70,,238833,40,0,28 29 30,1
900,'009-Weekday-7-26-09-1111100',514,,238853,36,,,1,15,,238854,36,,,1,15,,238855,36,,,1,15,,238856,36,,,1,55,,238857,36,,,1,15,,238858,36,,,1,19,,238859,36,,,1,58,,238860,36,,,1,12,,238852,36,,,1,16,,238861,36,,,1,17,,238863,36,,,1,55,,238865,36,,,1,15,,238867,36,,,1,14,,238869,36,,,1,13,,238871,36,,,1,5,,238961,15,,,1,47,,238872,36,,,1,8,,238962,15,,,1,7,,238873,36,,,1,8,,238963,15,,,1,7,,238874,36,,,1,8,,238964,15,,,1,7,,238875,36,,,1,8,,238965,15,,,1,47,,238876,36,,,1,8,,238966,15,,,1,7,,238877,36,,,1,8,,238967,15,,,1,7,,238878,36,,,1,8,,238968,15,,,1,7,,238879,36,,,1,8,,238969,15,,,1,47,,238880,36,,,1,8,,238970,15,,,1,7,,238881,36,,,1,8,,238971,15,,,1,7,,238882,36,,,1,8,,238972,15,,,1,7,,238883,36,,,1,8,,238973,15,,,1,47,,238884,36,,,1,8,,238974,15,,,1,7,,238885,36,,,1,8,,238886,15,,,1,7,,238887,36,,,1,8,,238888,15,,,1,7,,238889,36,,,1,8,,238890,15,,,1,47,,238891,36,,,1,8,,238892,15,,,1,7,,238893,36,,,1,8,,238894,15,,,1,7,,238895,36,,,1,8,,238896,15,,,1,7,,238897,36,,,1,8,,238898,15,,,1,47,,238899,36,,,1,8,,238900,15,,,1,7,,238901,36,,,1,8,,238902,15,,,1,7,,238903,36,,,1,8,,238904,15,,,1,7,,238905,36,,,1,8,,238906,15,,,1,48,,238907,36,,,1,10,,238908,15,,,1,7,,238909,36,,,1,10,,238910,15,,,1,8,,238911,36,,,1,9,,238912,15,,,1,7,,238913,36,,,1,48,,238914,15,,,1,7,,238915,36,,,1,8,,238916,15,,,1,7,,238917,36,,,1,8,,238918,15,,,1,7,,238919,36,,,1,8,,238920,15,,,1,7,,238921,36,,,1,48,,238922,15,,,1,7,,238923,36,,,1,8,,238924,15,,,1,7,,238925,36,,,1,8,,238959,15,,,1,7,,238926,36,,,1,8,,238960,15,,,1,7,,238927,36,,,1,52,,238928,36,,,1,13,,238929,36,,,1,14,,238930,36,,,1,13,,238931,36,,,1,12,,238932,36,,,1,54,,238933,36,,,1,15,,238934,36,,,1,16,,238935,36,,,1,16,,238936,36,,,1,55,,238937,36,,,1,15,,238938,36,,,1,15,,238939,36,,,1,15,,238940,36,,,1,55,,238941,36,,,1,15,,238942,36,,,1,15,,238943,36,,,1,15,,238944,36,,,1,55,,238945,36,,,1,14,,238946,36,,,1,19,,238947,36,,,1,60,,238948,36,,,1,18,,238949,36,,,1,20,,238950,36,,,1,60,,238951,36,,,1,20,,238958,36,,,1,20,,238952,36,,,1,69,,238953,40,0,28 29 30,1,30,,238954,40,0,28 29 30,1,70,,238955,40,0,28 29 30,1,30,,238956,40,0,28 29 30,1,70,,238957,40,0,28 29 30,1
900,'009-Saturday-1-26-09-0000010',548,,239041,36,,,1,61,,238975,36,,,1,20,,238976,36,,,1,21,,238977,36,,,1,60,,238978,36,,,1,21,,238979,36,,,1,21,,239042,36,,,1,61,,239043,36,,,1,20,,239044,36,,,1,15,,239045,36,,,1,54,,239046,36,,,1,18,,239047,36,,,1,16,,239048,36,,,1,18,,239049,36,,,1,59,,239050,36,,,1,16,,239051,36,,,1,15,,238980,36,,,1,15,,238981,36,,,1,55,,238982,36,,,1,15,,238983,36,,,1,15,,238984,36,,,1,56,,238985,36,,,1,15,,238986,36,,,1,18,,238987,36,,,1,15,,238988,36,,,1,55,,238989,36,,,1,15,,238990,36,,,1,15,,238991,36,,,1,15,,238993,36,,,1,55,,238994,36,,,1,15,,238995,36,,,1,15,,238992,36,,,1,15,,238996,36,,,1,55,,238997,36,,,1,15,,238998,36,,,1,15,,238999,36,,,1,15,,239000,36,,,1,55,,239001,36,,,1,15,,239002,36,,,1,15,,239003,36,,,1,15,,239004,36,,,1,54,,239005,36,,,1,13,,239006,36,,,1,13,,239007,36,,,1,16,,239008,36,,,1,15,,239009,36,,,1,55,,239010,36,,,1,14,,239011,36,,,1,15,,239012,36,,,1,15,,239013,36,,,1,55,,239014,36,,,1,15,,239015,36,,,1,15,,239016,36,,,1,15,,239017,36,,,1,55,,239018,36,,,1,15,,239019,36,,,1,15,,239020,36,,,1,15,,239021,36,,,1,55,,239022,36,,,1,15,,239023,36,,,1,15,,239024,36,,,1,15,,239025,36,,,1,55,,239026,36,,,1,14,,239028,36,,,1,15,,239029,36,,,1,15,,239030,36,,,1,55,,239027,36,,,1,17,,239031,36,,,1,18,,239032,36,,,1,59,,239033,36,,,1,17,,239034,36,,,1,18,,239035,36,,,1,70,,239036,40,0,28 29 30,1,30,,239037,40,0,28 29 30,1,70,,239038,40,0,28 29 30,1,30,,239039,40,0,28 29 30,1,70,,239040,40,0,28 29 30,1
900,'009-Sunday-1-26-09-0000001',554,,239052,36,,,1,60,,239053,36,,,1,20,,239054,36,,,1,20,,239055,36,,,1,60,,239056,36,,,1,20,,239057,36,,,1,20,,239125,36,,,1,60,,239126,36,,,1,17,,239127,36,,,1,15,,239120,36,,,1,55,,239121,36,,,1,19,,239122,36,,,1,15,,239123,36,,,1,15,,239124,36,,,1,55,,239119,36,,,1,17,,239118,36,,,1,18,,239117,36,,,1,15,,239116,36,,,1,55,,239058,36,,,1,14,,239060,36,,,1,15,,239061,36,,,1,14,,239062,36,,,1,54,,239059,36,,,1,15,,239063,36,,,1,16,,239064,36,,,1,15,,239065,36,,,1,55,,239066,36,,,1,15,,239067,36,,,1,15,,239068,36,,,1,15,,239069,36,,,1,55,,239070,36,,,1,15,,239071,36,,,1,15,,239072,36,,,1,15,,239073,36,,,1,57,,239074,36,,,1,15,,239075,36,,,1,15,,239076,36,,,1,15,,239077,36,,,1,55,,239078,36,,,1,15,,239079,36,,,1,15,,239080,36,,,1,15,,239081,36,,,1,54,,239082,36,,,1,15,,239083,36,,,1,15,,239084,36,,,1,15,,239085,36,,,1,57,,239086,36,,,1,20,,239087,36,,,1,15,,239088,36,,,1,55,,239089,36,,,1,15,,239090,36,,,1,15,,239091,36,,,1,15,,239092,36,,,1,55,,239093,36,,,1,15,,239094,36,,,1,15,,239096,36,,,1,15,,239097,36,,,1,55,,239098,36,,,1,15,,239095,36,,,1,15,,239099,36,,,1,15,,239100,36,,,1,55,,239101,36,,,1,16,,239102,36,,,1,16,,239103,36,,,1,16,,239104,36,,,1,55,,239105,36,,,1,17,,239115,36,,,1,21,,239106,36,,,1,61,,239107,36,,,1,18,,239108,36,,,1,20,,239109,36,,,1,70,,239110,40,0,28 29 30,1,30,,239111,40,0,28 29 30,1,70,,239112,40,0,28 29 30,1,30,,239113,40,0,28 29 30,1,70,,239114,40,0,28 29 30,1
10300,'103-Weekday-1-26-09-1111100',521,,248206,9,,,1,30,,248208,9,,,1,70,,248203,9,,,1,31,,248205,9,,,1,70,,248204,9,,,1,24,,248223,9,0,15 16,1,6,,248207,9,,,1,70,,248209,9,,,1,31,,248173,9,,,1,59,,248174,9,,,1,20,,248217,9,,,1,20,,248175,9,,,1,60,,248176,9,,,1,20,,248218,9,,,1,20,,248177,9,,,1,60,,248178,9,,,1,20,,248219,9,,,1,20,,248179,9,,,1,60,,248180,9,,,1,20,,248220,9,,,1,20,,248181,9,,,1,60,,248182,9,,,1,20,,248221,9,,,1,20,,248183,9,,,1,60,,248184,9,,,1,20,,248222,9,,,1,21,,248185,9,,,1,57,,248202,9,0,15 16,1,15,,248197,9,,,1,15,,248190,9,0,15 16,1,15,,248193,9,,,1,55,,248189,9,0,15 16,1,15,,248194,9,,,1,15,,248188,9,0,15 16,1,15,,248195,9,,,1,55,,248187,9,0,15 16,1,15,,248196,9,,,1,15,,248186,9,0,15 16,1,15,,248216,9,,,1,69,,248192,9,,,1,29,,248191,9,,,1,70,,248211,9,,,1,30,,248212,9,,,1,70,,248213,9,,,1,30,,248214,9,,,1,70,,248215,9,,,1,29,,248210,9,,,1,70,,248198,9,,,1,30,,248199,9,,,1,70,,248200,9,,,1,30,,248201,9,,,1
10300,'103-Weekday-2-26-09-1111100',521,,248257,9,,,1,30,,248259,9,,,1,70,,248254,9,,,1,31,,248256,9,,,1,70,,248255,9,,,1,30,,248258,9,,,1,70,,248260,9,,,1,31,,248224,9,,,1,59,,248225,9,,,1,20,,248268,9,,,1,20,,248226,9,,,1,60,,248227,9,,,1,20,,248269,9,,,1,20,,248228,9,,,1,60,,248229,9,,,1,20,,248270,9,,,1,20,,248230,9,,,1,60,,248231,9,,,1,20,,248271,9,,,1,20,,248232,9,,,1,60,,248233,9,,,1,20,,248272,9,,,1,20,,248234,9,,,1,60,,248235,9,,,1,20,,248273,9,,,1,21,,248236,9,,,1,57,,248253,9,0,15 16,1,15,,248248,9,,,1,15,,248241,9,0,15 16,1,15,,248244,9,,,1,55,,248240,9,0,15 16,1,15,,248245,9,,,1,15,,248239,9,0,15 16,1,15,,248246,9,,,1,55,,248238,9,0,15 16,1,15,,248247,9,,,1,15,,248237,9,0,15 16,1,15,,248267,9,,,1,69,,248243,9,,,1,29,,248242,9,,,1,70,,248262,9,,,1,30,,248263,9,,,1,70,,248264,9,,,1,30,,248265,9,,,1,70,,248266,9,,,1,29,,248261,9,,,1,70,,248249,9,,,1,30,,248250,9,,,1,70,,248251,9,,,1,30,,248252,9,,,1
10300,'103-Weekday-3-26-09-1111100',521,,248308,9,,,1,30,,248310,9,,,1,70,,248305,9,,,1,31,,248307,9,,,1,70,,248306,9,,,1,24,,248325,9,0,15 16,1,6,,248309,9,,,1,70,,248311,9,,,1,31,,248275,9,,,1,59,,248276,9,,,1,20,,248319,9,,,1,20,,248277,9,,,1,60,,248278,9,,,1,20,,248320,9,,,1,20,,248279,9,,,1,60,,248280,9,,,1,20,,248321,9,,,1,20,,248281,9,,,1,60,,248282,9,,,1,20,,248322,9,,,1,20,,248283,9,,,1,60,,248284,9,,,1,20,,248323,9,,,1,20,,248285,9,,,1,60,,248286,9,,,1,20,,248324,9,,,1,21,,248287,9,,,1,57,,248304,9,0,15 16,1,15,,248299,9,,,1,15,,248292,9,0,15 16,1,15,,248295,9,,,1,55,,248291,9,0,15 16,1,15,,248296,9,,,1,15,,248290,9,0,15 16,1,15,,248297,9,,,1,55,,248289,9,0,15 16,1,15,,248298,9,,,1,15,,248288,9,0,15 16,1,15,,248318,9,,,1,69,,248294,9,,,1,29,,248293,9,,,1,70,,248313,9,,,1,30,,248314,9,,,1,70,,248315,9,,,1,30,,248316,9,,,1,70,,248317,9,,,1,29,,248312,9,,,1,70,,248300,9,,,1,30,,248301,9,,,1,70,,248302,9,,,1,30,,248303,9,,,1
10300,'103-Weekday-4-26-09-1111100',521,,248359,9,,,1,30,,248361,9,,,1,70,,248356,9,,,1,31,,248358,9,,,1,70,,248357,9,,,1,30,,248360,9,,,1,70,,248362,9,,,1,31,,248326,9,,,1,59,,248327,9,,,1,20,,248370,9,,,1,20,,248328,9,,,1,60,,248329,9,,,1,20,,248371,9,,,1,20,,248330,9,,,1,60,,248331,9,,,1,20,,248372,9,,,1,20,,248332,9,,,1,60,,248333,9,,,1,20,,248373,9,,,1,20,,248334,9,,,1,60,,248335,9,,,1,20,,248374,9,,,1,20,,248336,9,,,1,60,,248337,9,,,1,20,,248375,9,,,1,21,,248338,9,,,1,57,,248355,9,0,15 16,1,15,,248350,9,,,1,15,,248343,9,0,15 16,1,15,,248346,9,,,1,55,,248342,9,0,15 16,1,15,,248347,9,,,1,15,,248341,9,0,15 16,1,15,,248348,9,,,1,55,,248340,9,0,15 16,1,15,,248349,9,,,1,15,,248339,9,0,15 16,1,15,,248369,9,,,1,69,,248345,9,,,1,29,,248344,9,,,1,70,,248364,9,,,1,30,,248365,9,,,1,70,,248366,9,,,1,30,,248367,9,,,1,70,,248368,9,,,1,29,,248363,9,,,1,70,,248351,9,,,1,30,,248352,9,,,1,70,,248353,9,,,1,30,,248354,9,,,1
10300,'103-Weekday-5-26-09-1111100',521,,248409,9,,,1,30,,248411,9,,,1,70,,248406,9,,,1,31,,248408,9,,,1,70,,248407,9,,,1,30,,248410,9,,,1,70,,248412,9,,,1,31,,248376,9,,,1,59,,248377,9,,,1,20,,248420,9,,,1,20,,248378,9,,,1,60,,248379,9,,,1,20,,248421,9,,,1,20,,248380,9,,,1,60,,248381,9,,,1,20,,248422,9,,,1,20,,248382,9,,,1,60,,248383,9,,,1,20,,248423,9,,,1,20,,248384,9,,,1,60,,248385,9,,,1,20,,248424,9,,,1,20,,248386,9,,,1,60,,248387,9,,,1,20,,248425,9,,,1,21,,248388,9,,,1,57,,248405,9,0,15 16,1,15,,248400,9,,,1,15,,248393,9,0,15 16,1,15,,248396,9,,,1,55,,248392,9,0,15 16,1,15,,248397,9,,,1,15,,248391,9,0,15 16,1,15,,248398,9,,,1,55,,248390,9,0,15 16,1,15,,248399,9,,,1,15,,248389,9,0,15 16,1,15,,248419,9,,,1,69,,248395,9,,,1,29,,248394,9,,,1,70,,248414,9,,,1,30,,248415,9,,,1,70,,248416,9,,,1,30,,248417,9,,,1,70,,248418,9,,,1,29,,248413,9,,,1,70,,248401,9,,,1,30,,248402,9,,,1,70,,248403,9,,,1,30,,248404,9,,,1
10300,'103-Weekday-6-26-09-1111100',521,,248460,9,,,1,30,,248462,9,,,1,70,,248457,9,,,1,31,,248459,9,,,1,70,,248458,9,,,1,24,,248477,9,0,15 16,1,6,,248461,9,,,1,70,,248463,9,,,1,31,,248427,9,,,1,59,,248428,9,,,1,20,,248471,9,,,1,20,,248429,9,,,1,60,,248430,9,,,1,20,,248472,9,,,1,20,,248431,9,,,1,60,,248432,9,,,1,20,,248473,9,,,1,20,,248433,9,,,1,60,,248434,9,,,1,20,,248474,9,,,1,20,,248435,9,,,1,60,,248436,9,,,1,20,,248475,9,,,1,20,,248437,9,,,1,60,,248438,9,,,1,20,,248476,9,,,1,21,,248439,9,,,1,57,,248456,9,0,15 16,1,15,,248451,9,,,1,15,,248444,9,0,15 16,1,15,,248447,9,,,1,55,,248443,9,0,15 16,1,15,,248448,9,,,1,15,,248442,9,0,15 16,1,15,,248449,9,,,1,55,,248441,9,0,15 16,1,15,,248450,9,,,1,15,,248440,9,0,15 16,1,15,,248470,9,,,1,69,,248446,9,,,1,29,,248445,9,,,1,70,,248465,9,,,1,30,,248466,9,,,1,70,,248467,9,,,1,30,,248468,9,,,1,70,,248469,9,,,1,29,,248464,9,,,1,70,,248452,9,,,1,30,,248453,9,,,1,70,,248454,9,,,1,30,,248455,9,,,1
10300,'103-Weekday-7-26-09-1111100',521,,248511,9,,,1,30,,248513,9,,,1,70,,248508,9,,,1,31,,248510,9,,,1,70,,248509,9,,,1,30,,248512,9,,,1,70,,248514,9,,,1,31,,248478,9,,,1,59,,248479,9,,,1,20,,248522,9,,,1,20,,248480,9,,,1,60,,248481,9,,,1,20,,248523,9,,,1,20,,248482,9,,,1,60,,248483,9,,,1,20,,248524,9,,,1,20,,248484,9,,,1,60,,248485,9,,,1,20,,248525,9,,,1,20,,248486,9,,,1,60,,248487,9,,,1,20,,248526,9,,,1,20,,248488,9,,,1,60,,248489,9,,,1,20,,248527,9,,,1,21,,248490,9,,,1,57,,248507,9,0,15 16,1,15,,248502,9,,,1,15,,248495,9,0,15 16,1,15,,248498,9,,,1,55,,248494,9,0,15 16,1,15,,248499,9,,,1,15,,248493,9,0,15 16,1,15,,248500,9,,,1,55,,248492,9,0,15 16,1,15,,248501,9,,,1,15,,248491,9,0,15 16,1,15,,248521,9,,,1,69,,248497,9,,,1,29,,248496,9,,,1,70,,248516,9,,,1,30,,248517,9,,,1,70,,248518,9,,,1,30,,248519,9,,,1,70,,248520,9,,,1,29,,248515,9,,,1,70,,248503,9,,,1,30,,248504,9,,,1,70,,248505,9,,,1,30,,248506,9,,,1
10300,'103-Saturday-1-26-09-0000010',625,,248564,9,,,1,30,,248528,9,,,1,70,,248529,9,,,1,30,,248530,9,,,1,70,,248531,9,,,1,31,,248532,9,,,1,72,,248533,9,,,1,73,,248534,9,,,1,30,,248535,9,,,1,70,,248536,9,,,1,30,,248537,9,,,1,70,,248538,9,,,1,30,,248539,9,,,1,70,,248540,9,,,1,30,,248541,9,,,1,70,,248542,9,,,1,30,,248543,9,,,1,70,,248544,9,,,1,30,,248545,9,,,1,70,,248546,9,,,1,30,,248547,9,,,1,70,,248548,9,,,1,28,,248549,9,,,1,29,,248550,9,,,1,70,,248551,9,,,1,30,,248552,9,,,1,70,,248553,9,,,1,30,,248554,9,,,1,70,,248555,9,,,1,30,,248556,9,,,1,70,,248557,9,,,1,30,,248558,9,,,1,70,,248559,9,,,1,30,,248560,9,,,1,70,,248561,9,,,1,30,,248562,9,,,1,70,,248563,9,,,1
10300,'103-Sunday-1-26-09-0000001',620,,248565,9,,,1,30,,248566,9,,,1,70,,248567,9,,,1,30,,248568,9,,,1,70,,248569,9,,,1,31,,248570,9,,,1,70,,248601,9,,,1,34,,248571,9,,,1,70,,248572,9,,,1,30,,248573,9,,,1,70,,248574,9,,,1,30,,248575,9,,,1,70,,248576,9,,,1,30,,248577,9,,,1,70,,248578,9,,,1,30,,248579,9,,,1,70,,248580,9,,,1,30,,248581,9,,,1,70,,248582,9,,,1,30,,248583,9,,,1,70,,248584,9,,,1,30,,248585,9,,,1,67,,248586,9,,,1,27,,248587,9,,,1,70,,248588,9,,,1,30,,248589,9,,,1,70,,248590,9,,,1,30,,248591,9,,,1,70,,248592,9,,,1,30,,248593,9,,,1,70,,248594,9,,,1,30,,248595,9,,,1,70,,248596,9,,,1,30,,248597,9,,,1,70,,248598,9,,,1,30,,248599,9,,,1,70,,248600,9,,,1
