5601,'056-Weekday-1-26-06-1111100',459,,168374,12,,,1,70,,168375,12,,,1,15,,168376,12,,,1,15,,168377,12,,,1,55,,168378,12,,,1,15,,168379,12,,,1,8,,168446,12,0,11,1,8,,168380,12,,,1,7,,168445,12,0,11,1,48,,168381,12,,,1,7,,168444,12,0,11,1,8,,168373,12,,,1,7,,168382,12,0,11,1,8,,168383,12,,,1,7,,168384,12,0,11,1,8,,168385,12,,,1,7,,168386,12,0,11,1,48,,168387,12,,,1,7,,168388,12,0,11,1,8,,168389,12,,,1,7,,168390,12,0,11,1,8,,168391,12,,,1,7,,168392,12,0,11,1,8,,168393,12,,,1,55,,168394,12,,,1,15,,168395,12,,,1,15,,168396,12,,,1,15,,168397,12,,,1,55,,168398,12,,,1,15,,168399,12,,,1,15,,168400,12,,,1,15,,168401,12,,,1,55,,168402,12,,,1,15,,168403,12,,,1,15,,168404,12,,,1,15,,168405,12,,,1,55,,168406,12,,,1,15,,168407,12,,,1,15,,168408,12,,,1,15,,168409,12,,,1,55,,168410,12,,,1,15,,168411,12,,,1,15,,168412,12,,,1,15,,168413,12,,,1,55,,168414,12,,,1,15,,168415,12,,,1,15,,168416,12,,,1,15,,168417,12,,,1,12,,168418,12,,,1,53,,168419,12,,,1,12,,168420,12,,,1,12,,168421,12,,,1,12,,168422,12,,,1,12,,168423,12,,,1,52,,168424,12,,,1,12,,168425,12,,,1,12,,168426,12,,,1,12,,168427,12,,,1,12,,168428,12,,,1,52,,168429,12,,,1,12,,168430,12,,,1,12,,168431,12,,,1,12,,168432,12,,,1,69,,168433,12,,,1,29,,168434,12,,,1,70,,168435,12,,,1,30,,168436,12,,,1,70,,168437,12,,,1,30,,168438,12,,,1,70,,168439,12,,,1,30,,168440,12,,,1,73,,168441,12,,,1,100,,168442,12,,,1,100,,168443,12,,,1
5601,'056-Weekday-4-26-06-1111100',459,,192303,12,,,1,70,,192304,12,,,1,15,,192305,12,,,1,15,,192306,12,,,1,55,,192307,12,,,1,15,,192308,12,,,1,8,,192375,12,0,11,1,8,,192309,12,,,1,7,,192374,12,0,11,1,48,,192310,12,,,1,7,,192373,12,0,11,1,8,,192302,12,,,1,7,,192311,12,0,11,1,8,,192312,12,,,1,7,,192313,12,0,11,1,8,,192314,12,,,1,7,,192315,12,0,11,1,48,,192316,12,,,1,7,,192317,12,0,11,1,8,,192318,12,,,1,7,,192319,12,0,11,1,8,,192320,12,,,1,7,,192321,12,0,11,1,8,,192322,12,,,1,55,,192323,12,,,1,15,,192324,12,,,1,15,,192325,12,,,1,15,,192326,12,,,1,55,,192327,12,,,1,15,,192328,12,,,1,15,,192329,12,,,1,15,,192330,12,,,1,55,,192331,12,,,1,15,,192332,12,,,1,15,,192333,12,,,1,15,,192334,12,,,1,55,,192335,12,,,1,15,,192336,12,,,1,15,,192337,12,,,1,15,,192338,12,,,1,55,,192339,12,,,1,15,,192340,12,,,1,15,,192341,12,,,1,15,,192342,12,,,1,55,,192343,12,,,1,15,,192344,12,,,1,15,,192345,12,,,1,15,,192346,12,,,1,12,,192347,12,,,1,53,,192348,12,,,1,12,,192349,12,,,1,12,,192350,12,,,1,12,,192351,12,,,1,12,,192352,12,,,1,52,,192353,12,,,1,12,,192354,12,,,1,12,,192355,12,,,1,12,,192356,12,,,1,12,,192357,12,,,1,52,,192358,12,,,1,12,,192359,12,,,1,12,,192360,12,,,1,12,,192361,12,,,1,69,,192362,12,,,1,29,,192363,12,,,1,70,,192364,12,,,1,30,,192365,12,,,1,70,,192366,12,,,1,30,,192367,12,,,1,70,,192368,12,,,1,30,,192369,12,,,1,73,,192370,12,,,1,100,,192371,12,,,1,100,,192372,12,,,1
5601,'056-Saturday-1-26-06-0000010',521,,168567,12,,,1,30,,168522,12,,,1,70,,168568,12,,,1,30,,168523,12,,,1,70,,168569,12,,,1,30,,168524,12,,,1,55,,168525,12,,,1,15,,168570,12,,,1,15,,168526,12,,,1,15,,168527,12,,,1,55,,168528,12,,,1,15,,168571,12,,,1,15,,168529,12,,,1,15,,168530,12,,,1,55,,168531,12,,,1,15,,168572,12,,,1,15,,168532,12,,,1,15,,168533,12,,,1,55,,168534,12,,,1,15,,168573,12,,,1,15,,168535,12,,,1,15,,168536,12,,,1,55,,168537,12,,,1,15,,168574,12,,,1,15,,168538,12,,,1,15,,168539,12,,,1,55,,168540,12,,,1,15,,168575,12,,,1,15,,168541,12,,,1,15,,168542,12,,,1,55,,168543,12,,,1,15,,168576,12,,,1,15,,168544,12,,,1,15,,168545,12,,,1,55,,168546,12,,,1,15,,168577,12,,,1,15,,168555,12,,,1,15,,168556,12,,,1,55,,168557,12,,,1,15,,168578,12,,,1,15,,168558,12,,,1,15,,168559,12,,,1,55,,168560,12,,,1,15,,168579,12,,,1,15,,168561,12,,,1,15,,168562,12,,,1,55,,168563,12,,,1,15,,168580,12,,,1,15,,168564,12,,,1,15,,168565,12,,,1,60,,168566,12,,,1,20,,168552,12,,,1,20,,168547,12,,,1,60,,168581,12,,,1,20,,168553,12,,,1,20,,168548,12,,,1,60,,168582,12,,,1,20,,168554,12,,,1,20,,168549,12,,,1,60,,168583,12,,,1,30,,168584,12,,,1,70,,168550,12,,,1,30,,168585,12,,,1,70,,168551,12,,,1
5601,'056-Saturday-2-26-06-0000010',521,,209730,12,,,1,30,,209685,12,,,1,70,,209731,12,,,1,30,,209686,12,,,1,70,,209732,12,,,1,30,,209687,12,,,1,55,,209688,12,,,1,15,,209733,12,,,1,15,,209689,12,,,1,15,,209690,12,,,1,55,,209691,12,,,1,15,,209734,12,,,1,15,,209692,12,,,1,15,,209693,12,,,1,55,,209694,12,,,1,15,,209735,12,,,1,15,,209695,12,,,1,15,,209696,12,,,1,55,,209697,12,,,1,15,,209736,12,,,1,15,,209698,12,,,1,15,,209699,12,,,1,55,,209700,12,,,1,15,,209737,12,,,1,15,,209701,12,,,1,15,,209702,12,,,1,55,,209703,12,,,1,15,,209738,12,,,1,15,,209704,12,,,1,15,,209705,12,,,1,55,,209706,12,,,1,15,,209739,12,,,1,15,,209707,12,,,1,15,,209708,12,,,1,55,,209709,12,,,1,15,,209740,12,,,1,15,,209718,12,,,1,15,,209719,12,,,1,55,,209720,12,,,1,15,,209741,12,,,1,15,,209721,12,,,1,15,,209722,12,,,1,55,,209723,12,,,1,15,,209742,12,,,1,15,,209724,12,,,1,15,,209725,12,,,1,55,,209726,12,,,1,15,,209743,12,,,1,15,,209727,12,,,1,15,,209728,12,,,1,60,,209729,12,,,1,20,,209715,12,,,1,20,,209710,12,,,1,60,,209744,12,,,1,20,,209716,12,,,1,20,,209711,12,,,1,60,,209745,12,,,1,20,,209717,12,,,1,20,,209712,12,,,1,60,,209746,12,,,1,30,,209747,12,,,1,70,,209713,12,,,1,30,,209748,12,,,1,70,,209714,12,,,1
5601,'056-Sunday-2-26-06-0000001',532,,192409,12,,,1,70,,192376,12,,,1,30,,192410,12,,,1,70,,192377,12,,,1,30,,192411,12,,,1,70,,192378,12,,,1,20,,192407,12,,,1,20,,192412,12,,,1,60,,192379,12,,,1,20,,192408,12,,,1,20,,192413,12,,,1,60,,192380,12,,,1,20,,192381,12,,,1,20,,192414,12,,,1,60,,192382,12,,,1,20,,192383,12,,,1,20,,192415,12,,,1,60,,192384,12,,,1,20,,192385,12,,,1,20,,192416,12,,,1,60,,192386,12,,,1,20,,192387,12,,,1,20,,192417,12,,,1,60,,192388,12,,,1,20,,192389,12,,,1,20,,192418,12,,,1,60,,192390,12,,,1,20,,192391,12,,,1,20,,192419,12,,,1,60,,192392,12,,,1,20,,192393,12,,,1,20,,192420,12,,,1,60,,192394,12,,,1,20,,192395,12,,,1,20,,192421,12,,,1,60,,192396,12,,,1,20,,192397,12,,,1,20,,192422,12,,,1,60,,192398,12,,,1,20,,192404,12,,,1,20,,192423,12,,,1,60,,192399,12,,,1,20,,192405,12,,,1,20,,192424,12,,,1,60,,192400,12,,,1,20,,192406,12,,,1,20,,192425,12,,,1,60,,192401,12,,,1,30,,192426,12,,,1,70,,192402,12,,,1,30,,192427,12,,,1,70,,192403,12,,,1
5601,'056-Sunday-3-26-06-0000001',532,,209782,12,,,1,70,,209749,12,,,1,30,,209783,12,,,1,70,,209750,12,,,1,30,,209784,12,,,1,70,,209751,12,,,1,20,,209780,12,,,1,20,,209785,12,,,1,60,,209752,12,,,1,20,,209781,12,,,1,20,,209786,12,,,1,60,,209753,12,,,1,20,,209754,12,,,1,20,,209787,12,,,1,60,,209755,12,,,1,20,,209756,12,,,1,20,,209788,12,,,1,60,,209757,12,,,1,20,,209758,12,,,1,20,,209789,12,,,1,60,,209759,12,,,1,20,,209760,12,,,1,20,,209790,12,,,1,60,,209761,12,,,1,20,,209762,12,,,1,20,,209791,12,,,1,60,,209763,12,,,1,20,,209764,12,,,1,20,,209792,12,,,1,60,,209765,12,,,1,20,,209766,12,,,1,20,,209793,12,,,1,60,,209767,12,,,1,20,,209768,12,,,1,20,,209794,12,,,1,60,,209769,12,,,1,20,,209770,12,,,1,20,,209795,12,,,1,60,,209771,12,,,1,20,,209777,12,,,1,20,,209796,12,,,1,60,,209772,12,,,1,20,,209778,12,,,1,20,,209797,12,,,1,60,,209773,12,,,1,20,,209779,12,,,1,20,,209798,12,,,1,60,,209774,12,,,1,30,,209799,12,,,1,70,,209775,12,,,1,30,,209800,12,,,1,70,,209776,12,,,1
5601,'056-Sunday-6-26-06-0000001',532,,209834,12,,,1,70,,209801,12,,,1,30,,209835,12,,,1,70,,209802,12,,,1,30,,209836,12,,,1,70,,209803,12,,,1,20,,209832,12,,,1,20,,209837,12,,,1,60,,209804,12,,,1,20,,209833,12,,,1,20,,209838,12,,,1,60,,209805,12,,,1,20,,209806,12,,,1,20,,209839,12,,,1,60,,209807,12,,,1,20,,209808,12,,,1,20,,209840,12,,,1,60,,209809,12,,,1,20,,209810,12,,,1,20,,209841,12,,,1,60,,209811,12,,,1,20,,209812,12,,,1,20,,209842,12,,,1,60,,209813,12,,,1,20,,209814,12,,,1,20,,209843,12,,,1,60,,209815,12,,,1,20,,209816,12,,,1,20,,209844,12,,,1,60,,209817,12,,,1,20,,209818,12,,,1,20,,209845,12,,,1,60,,209819,12,,,1,20,,209820,12,,,1,20,,209846,12,,,1,60,,209821,12,,,1,20,,209822,12,,,1,20,,209847,12,,,1,60,,209823,12,,,1,20,,209829,12,,,1,20,,209848,12,,,1,60,,209824,12,,,1,20,,209830,12,,,1,20,,209849,12,,,1,60,,209825,12,,,1,20,,209831,12,,,1,20,,209850,12,,,1,60,,209826,12,,,1,30,,209851,12,,,1,70,,209827,12,,,1,30,,209852,12,,,1,70,,209828,12,,,1
5601,'056-Sunday-7-26-06-0000001',532,,209886,12,,,1,70,,209853,12,,,1,30,,209887,12,,,1,70,,209854,12,,,1,30,,209888,12,,,1,70,,209855,12,,,1,20,,209884,12,,,1,20,,209889,12,,,1,60,,209856,12,,,1,20,,209885,12,,,1,20,,209890,12,,,1,60,,209857,12,,,1,20,,209858,12,,,1,20,,209891,12,,,1,60,,209859,12,,,1,20,,209860,12,,,1,20,,209892,12,,,1,60,,209861,12,,,1,20,,209862,12,,,1,20,,209893,12,,,1,60,,209863,12,,,1,20,,209864,12,,,1,20,,209894,12,,,1,60,,209865,12,,,1,20,,209866,12,,,1,20,,209895,12,,,1,60,,209867,12,,,1,20,,209868,12,,,1,20,,209896,12,,,1,60,,209869,12,,,1,20,,209870,12,,,1,20,,209897,12,,,1,60,,209871,12,,,1,20,,209872,12,,,1,20,,209898,12,,,1,60,,209873,12,,,1,20,,209874,12,,,1,20,,209899,12,,,1,60,,209875,12,,,1,20,,209881,12,,,1,20,,209900,12,,,1,60,,209876,12,,,1,20,,209882,12,,,1,20,,209901,12,,,1,60,,209877,12,,,1,20,,209883,12,,,1,20,,209902,12,,,1,60,,209878,12,,,1,30,,209903,12,,,1,70,,209879,12,,,1,30,,209904,12,,,1,70,,209880,12,,,1
51601,'516-Weekday-1-26-06-1111100',535,,176006,23,,,1,70,,176007,23,,,1,34,,176008,23,,,1,13,,176009,23,,,1,52,,176034,23,,,1,12,,176010,23,,,1,12,,176011,23,,,1,12,,176035,23,,,1,12,,176036,23,,,1,52,,176037,23,,,1,12,,176038,23,,,1,12,,176039,23,,,1,12,,176040,23,,,1,12,,176012,23,,,1,59,,176013,23,,,1,20,,176014,23,,,1,19,,176051,23,,,1,60,,176052,23,,,1,20,,176053,23,,,1,20,,176054,23,,,1,60,,176055,23,,,1,20,,176056,23,,,1,20,,176057,23,,,1,60,,176058,23,,,1,20,,176059,23,,,1,20,,176060,23,,,1,60,,176061,23,,,1,20,,176062,23,,,1,20,,176063,23,,,1,60,,176064,23,,,1,20,,176065,23,,,1,20,,176066,23,,,1,59,,176067,23,,,1,16,,176030,23,,,1,15,,176015,23,,,1,15,,176016,23,,,1,55,,176031,23,,,1,15,,176017,23,,,1,15,,176018,23,,,1,15,,176019,23,,,1,55,,176020,23,,,1,15,,176032,23,,,1,15,,176022,23,,,1,15,,176023,23,,,1,55,,176024,23,,,1,15,,176025,23,,,1,14,,176021,23,,,1,18,,176033,23,,,1,60,,176050,23,,,1,20,,176049,23,,,1,20,,176048,23,,,1,60,,176047,23,,,1,20,,176046,23,,,1,20,,176045,23,,,1,60,,176044,23,,,1,20,,176043,23,,,1,20,,176042,23,,,1,58,,176041,23,,,1,20,,176026,23,,,1,20,,176029,23,,,1,60,,176068,23,,,1,30,,176027,23,,,1,70,,176028,23,,,1
51601,'516-Weekday-2-26-06-1111100',535,,196209,23,,,1,70,,196210,23,,,1,34,,196211,23,,,1,13,,196212,23,,,1,52,,196237,23,,,1,12,,196213,23,,,1,12,,196214,23,,,1,12,,196238,23,,,1,12,,196239,23,,,1,52,,196240,23,,,1,12,,196241,23,,,1,12,,196242,23,,,1,12,,196243,23,,,1,12,,196215,23,,,1,59,,196216,23,,,1,20,,196217,23,,,1,19,,196254,23,,,1,60,,196255,23,,,1,20,,196256,23,,,1,20,,196257,23,,,1,60,,196258,23,,,1,20,,196259,23,,,1,20,,196260,23,,,1,60,,196261,23,,,1,20,,196262,23,,,1,20,,196263,23,,,1,60,,196264,23,,,1,20,,196265,23,,,1,20,,196266,23,,,1,60,,196267,23,,,1,20,,196268,23,,,1,20,,196269,23,,,1,59,,196270,23,,,1,16,,196233,23,,,1,15,,196218,23,,,1,15,,196219,23,,,1,55,,196234,23,,,1,15,,196220,23,,,1,15,,196221,23,,,1,15,,196222,23,,,1,55,,196223,23,,,1,15,,196235,23,,,1,15,,196225,23,,,1,15,,196226,23,,,1,55,,196227,23,,,1,15,,196228,23,,,1,14,,196224,23,,,1,18,,196236,23,,,1,60,,196253,23,,,1,20,,196252,23,,,1,20,,196251,23,,,1,60,,196250,23,,,1,20,,196249,23,,,1,20,,196248,23,,,1,60,,196247,23,,,1,20,,196246,23,,,1,20,,196245,23,,,1,58,,196244,23,,,1,20,,196229,23,,,1,20,,196232,23,,,1,60,,196271,23,,,1,30,,196230,23,,,1,70,,196231,23,,,1
51601,'516-Saturday-1-26-06-0000010',625,,176103,23,,,1,20,,176069,23,,,1,60,,176117,23,,,1,20,,176097,23,,,1,20,,176070,23,,,1,60,,176118,23,,,1,17,,176098,23,,,1,19,,176071,23,,,1,15,,176104,23,,,1,55,,176119,23,,,1,16,,176072,23,,,1,15,,176073,23,,,1,15,,176120,23,,,1,55,,176105,23,,,1,15,,176074,23,,,1,15,,176075,23,,,1,15,,176121,23,,,1,55,,176106,23,,,1,15,,176076,23,,,1,15,,176077,23,,,1,15,,176122,23,,,1,55,,176107,23,,,1,15,,176078,23,,,1,15,,176079,23,,,1,15,,176123,23,,,1,55,,176108,23,,,1,15,,176080,23,,,1,15,,176081,23,,,1,15,,176124,23,,,1,55,,176109,23,,,1,15,,176082,23,,,1,15,,176083,23,,,1,15,,176125,23,,,1,55,,176110,23,,,1,15,,176084,23,,,1,15,,176085,23,,,1,15,,176126,23,,,1,55,,176111,23,,,1,15,,176086,23,,,1,15,,176088,23,,,1,15,,176127,23,,,1,55,,176112,23,,,1,14,,176089,23,,,1,14,,176090,23,,,1,17,,176128,23,,,1,53,,176113,23,,,1,15,,176087,23,,,1,15,,176091,23,,,1,17,,176129,23,,,1,55,,176132,23,,,1,15,,176114,23,,,1,18,,176092,23,,,1,60,,176099,23,,,1,20,,176093,23,,,1,20,,176130,23,,,1,60,,176100,23,,,1,20,,176094,23,,,1,20,,176131,23,,,1,60,,176101,23,,,1,30,,176095,23,,,1,70,,176115,23,,,1,30,,176102,23,,,1,70,,176116,23,,,1,30,,176096,23,,,1
51601,'516-Saturday-2-26-06-0000010',625,,216287,23,,,1,20,,216253,23,,,1,60,,216301,23,,,1,20,,216281,23,,,1,20,,216254,23,,,1,60,,216302,23,,,1,17,,216282,23,,,1,19,,216255,23,,,1,15,,216288,23,,,1,55,,216303,23,,,1,16,,216256,23,,,1,15,,216257,23,,,1,15,,216304,23,,,1,55,,216289,23,,,1,15,,216258,23,,,1,15,,216259,23,,,1,15,,216305,23,,,1,55,,216290,23,,,1,15,,216260,23,,,1,15,,216261,23,,,1,15,,216306,23,,,1,55,,216291,23,,,1,15,,216262,23,,,1,15,,216263,23,,,1,15,,216307,23,,,1,55,,216292,23,,,1,15,,216264,23,,,1,15,,216265,23,,,1,15,,216308,23,,,1,55,,216293,23,,,1,15,,216266,23,,,1,15,,216267,23,,,1,15,,216309,23,,,1,55,,216294,23,,,1,15,,216268,23,,,1,15,,216269,23,,,1,15,,216310,23,,,1,55,,216295,23,,,1,15,,216270,23,,,1,15,,216272,23,,,1,15,,216311,23,,,1,55,,216296,23,,,1,14,,216273,23,,,1,14,,216274,23,,,1,17,,216312,23,,,1,53,,216297,23,,,1,15,,216271,23,,,1,15,,216275,23,,,1,17,,216313,23,,,1,55,,216316,23,,,1,15,,216298,23,,,1,18,,216276,23,,,1,60,,216283,23,,,1,20,,216277,23,,,1,20,,216314,23,,,1,60,,216284,23,,,1,20,,216278,23,,,1,20,,216315,23,,,1,60,,216285,23,,,1,30,,216279,23,,,1,70,,216299,23,,,1,30,,216286,23,,,1,70,,216300,23,,,1,30,,216280,23,,,1
51601,'516-Sunday-3-26-06-0000001',617,,196317,23,,,1,20,,196272,23,,,1,20,,196299,23,,,1,60,,196273,23,,,1,20,,196318,23,,,1,20,,196300,23,,,1,60,,196274,23,,,1,20,,196319,23,,,1,20,,196301,23,,,1,61,,196275,23,,,1,20,,196320,23,,,1,17,,196302,23,,,1,55,,196332,23,,,1,15,,196276,23,,,1,15,,196305,23,,,1,15,,196321,23,,,1,55,,196277,23,,,1,15,,196278,23,,,1,15,,196306,23,,,1,15,,196322,23,,,1,55,,196279,23,,,1,15,,196280,23,,,1,15,,196307,23,,,1,15,,196323,23,,,1,55,,196281,23,,,1,15,,196283,23,,,1,15,,196308,23,,,1,15,,196324,23,,,1,55,,196285,23,,,1,15,,196286,23,,,1,15,,196309,23,,,1,15,,196325,23,,,1,55,,196282,23,,,1,15,,196287,23,,,1,15,,196310,23,,,1,15,,196326,23,,,1,55,,196284,23,,,1,15,,196288,23,,,1,15,,196311,23,,,1,15,,196327,23,,,1,55,,196289,23,,,1,13,,196290,23,,,1,15,,196312,23,,,1,15,,196328,23,,,1,54,,196291,23,,,1,15,,196292,23,,,1,15,,196313,23,,,1,15,,196329,23,,,1,55,,196293,23,,,1,20,,196294,23,,,1,20,,196303,23,,,1,60,,196330,23,,,1,20,,196295,23,,,1,20,,196304,23,,,1,60,,196331,23,,,1,20,,196296,23,,,1,30,,196314,23,,,1,70,,196297,23,,,1,30,,196315,23,,,1,70,,196298,23,,,1,30,,196316,23,,,1
51601,'516-Sunday-4-26-06-0000001',617,,216362,23,,,1,20,,216317,23,,,1,20,,216344,23,,,1,60,,216318,23,,,1,20,,216363,23,,,1,20,,216345,23,,,1,60,,216319,23,,,1,20,,216364,23,,,1,20,,216346,23,,,1,61,,216320,23,,,1,20,,216365,23,,,1,17,,216347,23,,,1,55,,216377,23,,,1,15,,216321,23,,,1,15,,216350,23,,,1,15,,216366,23,,,1,55,,216322,23,,,1,15,,216323,23,,,1,15,,216351,23,,,1,15,,216367,23,,,1,55,,216324,23,,,1,15,,216325,23,,,1,15,,216352,23,,,1,15,,216368,23,,,1,55,,216326,23,,,1,15,,216328,23,,,1,15,,216353,23,,,1,15,,216369,23,,,1,55,,216330,23,,,1,15,,216331,23,,,1,15,,216354,23,,,1,15,,216370,23,,,1,55,,216327,23,,,1,15,,216332,23,,,1,15,,216355,23,,,1,15,,216371,23,,,1,55,,216329,23,,,1,15,,216333,23,,,1,15,,216356,23,,,1,15,,216372,23,,,1,55,,216334,23,,,1,13,,216335,23,,,1,15,,216357,23,,,1,15,,216373,23,,,1,54,,216336,23,,,1,15,,216337,23,,,1,15,,216358,23,,,1,15,,216374,23,,,1,55,,216338,23,,,1,20,,216339,23,,,1,20,,216348,23,,,1,60,,216375,23,,,1,20,,216340,23,,,1,20,,216349,23,,,1,60,,216376,23,,,1,20,,216341,23,,,1,30,,216359,23,,,1,70,,216342,23,,,1,30,,216360,23,,,1,70,,216343,23,,,1,30,,216361,23,,,1
51601,'516-Sunday-7-26-06-0000001',617,,216423,23,,,1,20,,216378,23,,,1,20,,216405,23,,,1,60,,216379,23,,,1,20,,216424,23,,,1,20,,216406,23,,,1,60,,216380,23,,,1,20,,216425,23,,,1,20,,216407,23,,,1,61,,216381,23,,,1,20,,216426,23,,,1,17,,216408,23,,,1,55,,216438,23,,,1,15,,216382,23,,,1,15,,216411,23,,,1,15,,216427,23,,,1,55,,216383,23,,,1,15,,216384,23,,,1,15,,216412,23,,,1,15,,216428,23,,,1,55,,216385,23,,,1,15,,216386,23,,,1,15,,216413,23,,,1,15,,216429,23,,,1,55,,216387,23,,,1,15,,216389,23,,,1,15,,216414,23,,,1,15,,216430,23,,,1,55,,216391,23,,,1,15,,216392,23,,,1,15,,216415,23,,,1,15,,216431,23,,,1,55,,216388,23,,,1,15,,216393,23,,,1,15,,216416,23,,,1,15,,216432,23,,,1,55,,216390,23,,,1,15,,216394,23,,,1,15,,216417,23,,,1,15,,216433,23,,,1,55,,216395,23,,,1,13,,216396,23,,,1,15,,216418,23,,,1,15,,216434,23,,,1,54,,216397,23,,,1,15,,216398,23,,,1,15,,216419,23,,,1,15,,216435,23,,,1,55,,216399,23,,,1,20,,216400,23,,,1,20,,216409,23,,,1,60,,216436,23,,,1,20,,216401,23,,,1,20,,216410,23,,,1,60,,216437,23,,,1,20,,216402,23,,,1,30,,216420,23,,,1,70,,216403,23,,,1,30,,216421,23,,,1,70,,216404,23,,,1,30,,216422,23,,,1
51601,'516-Sunday-8-26-06-0000001',617,,216484,23,,,1,20,,216439,23,,,1,20,,216466,23,,,1,60,,216440,23,,,1,20,,216485,23,,,1,20,,216467,23,,,1,60,,216441,23,,,1,20,,216486,23,,,1,20,,216468,23,,,1,61,,216442,23,,,1,20,,216487,23,,,1,17,,216469,23,,,1,55,,216499,23,,,1,15,,216443,23,,,1,15,,216472,23,,,1,15,,216488,23,,,1,55,,216444,23,,,1,15,,216445,23,,,1,15,,216473,23,,,1,15,,216489,23,,,1,55,,216446,23,,,1,15,,216447,23,,,1,15,,216474,23,,,1,15,,216490,23,,,1,55,,216448,23,,,1,15,,216450,23,,,1,15,,216475,23,,,1,15,,216491,23,,,1,55,,216452,23,,,1,15,,216453,23,,,1,15,,216476,23,,,1,15,,216492,23,,,1,55,,216449,23,,,1,15,,216454,23,,,1,15,,216477,23,,,1,15,,216493,23,,,1,55,,216451,23,,,1,15,,216455,23,,,1,15,,216478,23,,,1,15,,216494,23,,,1,55,,216456,23,,,1,13,,216457,23,,,1,15,,216479,23,,,1,15,,216495,23,,,1,54,,216458,23,,,1,15,,216459,23,,,1,15,,216480,23,,,1,15,,216496,23,,,1,55,,216460,23,,,1,20,,216461,23,,,1,20,,216470,23,,,1,60,,216497,23,,,1,20,,216462,23,,,1,20,,216471,23,,,1,60,,216498,23,,,1,20,,216463,23,,,1,30,,216481,23,,,1,70,,216464,23,,,1,30,,216482,23,,,1,70,,216465,23,,,1,30,,216483,23,,,1
