5200,'052-Weekday-1-26-06-1111100',553,,166832,15,,,1,70,,166833,15,,,1,32,,166834,15,,,1,60,,166835,15,,,1,20,,166836,15,,,1,20,,166837,15,,,1,60,,166838,15,,,1,23,,166839,15,,,1,64,,166840,15,,,1,30,,166841,15,,,1,70,,166842,15,,,1,30,,166843,15,,,1,70,,166844,15,,,1,30,,166845,15,,,1,70,,166846,15,,,1,30,,166847,15,,,1,70,,166848,15,,,1,30,,166849,15,,,1,70,,166850,15,,,1,31,,166851,15,,,1,24,,166852,15,,,1,57,,166853,15,,,1,16,,166854,15,,,1,15,,166855,15,,,1,56,,166856,15,,,1,16,,166857,15,,,1,13,,166858,15,,,1,13,,166859,15,,,1,15,,166860,15,,,1,55,,166861,15,,,1,15,,166862,15,,,1,30,,166863,15,,,1,70,,166864,15,,,1,29,,166865,15,,,1,70,,166866,15,,,1,30,,166867,15,,,1,70,,166868,15,,,1,30,,166869,15,,,1,70,,166870,15,,,1,30,,166871,15,,,1,69,,166872,15,,,1,100,,166873,15,,,1,100,,166874,15,,,1
5200,'052-Weekday-2-26-06-1111100',553,,191540,15,,,1,70,,191541,15,,,1,32,,191542,15,,,1,60,,191543,15,,,1,20,,191544,15,,,1,20,,191545,15,,,1,60,,191546,15,,,1,23,,191547,15,,,1,64,,191548,15,,,1,30,,191549,15,,,1,70,,191550,15,,,1,30,,191551,15,,,1,70,,191552,15,,,1,30,,191553,15,,,1,70,,191554,15,,,1,30,,191555,15,,,1,70,,191556,15,,,1,30,,191557,15,,,1,70,,191558,15,,,1,31,,191559,15,,,1,24,,191560,15,,,1,57,,191561,15,,,1,16,,191562,15,,,1,15,,191563,15,,,1,56,,191564,15,,,1,16,,191565,15,,,1,13,,191566,15,,,1,13,,191567,15,,,1,15,,191568,15,,,1,55,,191569,15,,,1,15,,191570,15,,,1,30,,191571,15,,,1,70,,191572,15,,,1,29,,191573,15,,,1,70,,191574,15,,,1,30,,191575,15,,,1,70,,191576,15,,,1,30,,191577,15,,,1,70,,191578,15,,,1,30,,191579,15,,,1,69,,191580,15,,,1,100,,191581,15,,,1,100,,191582,15,,,1
5200,'052-Saturday-1-26-06-0000010',633,,166875,15,,,1,100,,166876,15,,,1,82,,166877,15,,,1,22,,166878,15,,,1,68,,166879,15,,,1,31,,166880,15,,,1,70,,166881,15,,,1,30,,166882,15,,,1,70,,166883,15,,,1,30,,166884,15,,,1,70,,166885,15,,,1,30,,166886,15,,,1,70,,166887,15,,,1,30,,166888,15,,,1,70,,166889,15,,,1,30,,166890,15,,,1,70,,166892,15,,,1,30,,166893,15,,,1,70,,166894,15,,,1,30,,166891,15,,,1,75,,166895,15,,,1,30,,166896,15,,,1,70,,166897,15,,,1,30,,166898,15,,,1,70,,166899,15,,,1,30,,166900,15,,,1,95,,166901,15,,,1,100,,166902,15,,,1,100,,166903,15,,,1,100,,166904,15,,,1
5200,'052-Saturday-2-26-06-0000010',633,,208369,15,,,1,100,,208370,15,,,1,82,,208371,15,,,1,22,,208372,15,,,1,68,,208373,15,,,1,31,,208374,15,,,1,70,,208375,15,,,1,30,,208376,15,,,1,70,,208377,15,,,1,30,,208378,15,,,1,70,,208379,15,,,1,30,,208380,15,,,1,70,,208381,15,,,1,30,,208382,15,,,1,70,,208383,15,,,1,30,,208384,15,,,1,70,,208386,15,,,1,30,,208387,15,,,1,70,,208388,15,,,1,30,,208385,15,,,1,75,,208389,15,,,1,30,,208390,15,,,1,70,,208391,15,,,1,30,,208392,15,,,1,70,,208393,15,,,1,30,,208394,15,,,1,95,,208395,15,,,1,100,,208396,15,,,1,100,,208397,15,,,1,100,,208398,15,,,1
5200,'052-Sunday-3-26-06-0000001',735,,191583,15,,,1,100,,191584,15,,,1,100,,191585,15,,,1,100,,191586,15,,,1,70,,191587,15,,,1,30,,191589,15,,,1,70,,191590,15,,,1,30,,191591,15,,,1,70,,191588,15,,,1,30,,191592,15,,,1,70,,191594,15,,,1,30,,191595,15,,,1,70,,191596,15,,,1,30,,191593,15,,,1,70,,191597,15,,,1,30,,191598,15,,,1,73,,191599,15,,,1,30,,191600,15,,,1,70,,191601,15,,,1,30,,191602,15,,,1,70,,191606,15,,,1,30,,191603,15,,,1,100,,191604,15,,,1,100,,191605,15,,,1,100,,191607,15,,,1
5200,'052-Sunday-4-26-06-0000001',735,,208399,15,,,1,100,,208400,15,,,1,100,,208401,15,,,1,100,,208402,15,,,1,70,,208403,15,,,1,30,,208405,15,,,1,70,,208406,15,,,1,30,,208407,15,,,1,70,,208404,15,,,1,30,,208408,15,,,1,70,,208410,15,,,1,30,,208411,15,,,1,70,,208412,15,,,1,30,,208409,15,,,1,70,,208413,15,,,1,30,,208414,15,,,1,73,,208415,15,,,1,30,,208416,15,,,1,70,,208417,15,,,1,30,,208418,15,,,1,70,,208422,15,,,1,30,,208419,15,,,1,100,,208420,15,,,1,100,,208421,15,,,1,100,,208423,15,,,1
5200,'052-Sunday-7-26-06-0000001',735,,208424,15,,,1,100,,208425,15,,,1,100,,208426,15,,,1,100,,208427,15,,,1,70,,208428,15,,,1,30,,208430,15,,,1,70,,208431,15,,,1,30,,208432,15,,,1,70,,208429,15,,,1,30,,208433,15,,,1,70,,208435,15,,,1,30,,208436,15,,,1,70,,208437,15,,,1,30,,208434,15,,,1,70,,208438,15,,,1,30,,208439,15,,,1,73,,208440,15,,,1,30,,208441,15,,,1,70,,208442,15,,,1,30,,208443,15,,,1,70,,208447,15,,,1,30,,208444,15,,,1,100,,208445,15,,,1,100,,208446,15,,,1,100,,208448,15,,,1
5200,'052-Sunday-8-26-06-0000001',735,,208449,15,,,1,100,,208450,15,,,1,100,,208451,15,,,1,100,,208452,15,,,1,70,,208453,15,,,1,30,,208455,15,,,1,70,,208456,15,,,1,30,,208457,15,,,1,70,,208454,15,,,1,30,,208458,15,,,1,70,,208460,15,,,1,30,,208461,15,,,1,70,,208462,15,,,1,30,,208459,15,,,1,70,,208463,15,,,1,30,,208464,15,,,1,73,,208465,15,,,1,30,,208466,15,,,1,70,,208467,15,,,1,30,,208468,15,,,1,70,,208472,15,,,1,30,,208469,15,,,1,100,,208470,15,,,1,100,,208471,15,,,1,100,,208473,15,,,1
90801,'908-Weekday-1-26-06-1111100',625,,183901,31,,,1,32,,183902,31,,,1,70,,183903,31,,,1,30,,183904,31,,,1,70,,183905,31,,,1,30,,183906,31,,,1,702,,183907,31,,,1,70,,183908,31,,,1,30,,183909,31,,,1,70,,183910,31,,,1,30,,183911,31,,,1,70,,183912,31,,,1
90801,'908-Weekday-2-26-06-1111100',625,,200865,31,,,1,32,,200866,31,,,1,70,,200867,31,,,1,30,,200868,31,,,1,70,,200869,31,,,1,30,,200870,31,,,1,702,,200871,31,,,1,70,,200872,31,,,1,30,,200873,31,,,1,70,,200874,31,,,1,30,,200875,31,,,1,70,,200876,31,,,1
90901,'909-Weekday-1-26-06-1111100',559,,184000,21,,,1,70,,184032,21,,,1,75,,184001,21,,,1,30,,184002,21,,,1,70,,184003,21,,,1,30,,184004,21,,,1,21,,184033,21,,,1,69,,184005,21,,,1,30,,184006,21,,,1,70,,184007,21,,,1,30,,184008,21,,,1,70,,184009,21,,,1,30,,184010,21,,,1,70,,184011,21,,,1,30,,184012,21,,,1,70,,184013,21,,,1,30,,184014,21,,,1,70,,184015,21,,,1,29,,184016,21,,,1,71,,184017,21,,,1,30,,184018,21,,,1,70,,184019,21,,,1,30,,184020,21,,,1,70,,184021,21,,,1,30,,184022,21,,,1,72,,184023,21,,,1,28,,184024,21,,,1,70,,184025,21,,,1,30,,184026,21,,,1,70,,184027,21,,,1,30,,184028,21,,,1,70,,184029,21,,,1,28,,184034,21,,,1,98,,184030,21,,,1,100,,184031,21,,,1
90901,'909-Weekday-2-26-06-1111100',559,,200937,21,,,1,70,,200969,21,,,1,75,,200938,21,,,1,30,,200939,21,,,1,70,,200940,21,,,1,30,,200941,21,,,1,21,,200970,21,,,1,69,,200942,21,,,1,30,,200943,21,,,1,70,,200944,21,,,1,30,,200945,21,,,1,70,,200946,21,,,1,30,,200947,21,,,1,70,,200948,21,,,1,30,,200949,21,,,1,70,,200950,21,,,1,30,,200951,21,,,1,70,,200952,21,,,1,29,,200953,21,,,1,71,,200954,21,,,1,30,,200955,21,,,1,70,,200956,21,,,1,30,,200957,21,,,1,70,,200958,21,,,1,30,,200959,21,,,1,72,,200960,21,,,1,28,,200961,21,,,1,70,,200962,21,,,1,30,,200963,21,,,1,70,,200964,21,,,1,30,,200965,21,,,1,70,,200966,21,,,1,28,,200971,21,,,1,98,,200967,21,,,1,100,,200968,21,,,1
90901,'909-Saturday-1-26-06-0000010',723,,184035,21,,,1,100,,184036,21,,,1,30,,184037,21,,,1,74,,184038,21,,,1,30,,184039,21,,,1,70,,184040,21,,,1,30,,184041,21,,,1,70,,184042,21,,,1,30,,184043,21,,,1,70,,184044,21,,,1,30,,184045,21,,,1,70,,184046,21,,,1,30,,184047,21,,,1,70,,184048,21,,,1,30,,184049,21,,,1,70,,184050,21,,,1,30,,184051,21,,,1,70,,184052,21,,,1,30,,184053,21,,,1,69,,184054,21,,,1,30,,184055,21,,,1,70,,184056,21,,,1,30,,184057,21,,,1,70,,184058,21,,,1,100,,184059,21,,,1,100,,184060,21,,,1,100,,184061,21,,,1
90901,'909-Saturday-2-26-06-0000010',723,,223148,21,,,1,100,,223149,21,,,1,30,,223150,21,,,1,74,,223151,21,,,1,30,,223152,21,,,1,70,,223153,21,,,1,30,,223154,21,,,1,70,,223155,21,,,1,30,,223156,21,,,1,70,,223157,21,,,1,30,,223158,21,,,1,70,,223159,21,,,1,30,,223160,21,,,1,70,,223161,21,,,1,30,,223162,21,,,1,70,,223163,21,,,1,30,,223164,21,,,1,70,,223165,21,,,1,30,,223166,21,,,1,69,,223167,21,,,1,30,,223168,21,,,1,70,,223169,21,,,1,30,,223170,21,,,1,70,,223171,21,,,1,100,,223172,21,,,1,100,,223173,21,,,1,100,,223174,21,,,1
90901,'909-Sunday-2-26-06-0000001',625,,200972,21,,,1,100,,200973,21,,,1,100,,200974,21,,,1,103,,200975,21,,,1,100,,200976,21,,,1,30,,200977,21,,,1,70,,200978,21,,,1,30,,200979,21,,,1,70,,200980,21,,,1,30,,200981,21,,,1,70,,200982,21,,,1,30,,200983,21,,,1,70,,200984,21,,,1,30,,200985,21,,,1,70,,200986,21,,,1,30,,200987,21,,,1,70,,200988,21,,,1,30,,200989,21,,,1,68,,200990,21,,,1,30,,200991,21,,,1,70,,200992,21,,,1,30,,200993,21,,,1,70,,200995,21,,,1,100,,200994,21,,,1
90901,'909-Sunday-3-26-06-0000001',625,,223175,21,,,1,100,,223176,21,,,1,100,,223177,21,,,1,103,,223178,21,,,1,100,,223179,21,,,1,30,,223180,21,,,1,70,,223181,21,,,1,30,,223182,21,,,1,70,,223183,21,,,1,30,,223184,21,,,1,70,,223185,21,,,1,30,,223186,21,,,1,70,,223187,21,,,1,30,,223188,21,,,1,70,,223189,21,,,1,30,,223190,21,,,1,70,,223191,21,,,1,30,,223192,21,,,1,68,,223193,21,,,1,30,,223194,21,,,1,70,,223195,21,,,1,30,,223196,21,,,1,70,,223198,21,,,1,100,,223197,21,,,1
90901,'909-Sunday-6-26-06-0000001',625,,223199,21,,,1,100,,223200,21,,,1,100,,223201,21,,,1,103,,223202,21,,,1,100,,223203,21,,,1,30,,223204,21,,,1,70,,223205,21,,,1,30,,223206,21,,,1,70,,223207,21,,,1,30,,223208,21,,,1,70,,223209,21,,,1,30,,223210,21,,,1,70,,223211,21,,,1,30,,223212,21,,,1,70,,223213,21,,,1,30,,223214,21,,,1,70,,223215,21,,,1,30,,223216,21,,,1,68,,223217,21,,,1,30,,223218,21,,,1,70,,223219,21,,,1,30,,223220,21,,,1,70,,223222,21,,,1,100,,223221,21,,,1
90901,'909-Sunday-7-26-06-0000001',625,,223223,21,,,1,100,,223224,21,,,1,100,,223225,21,,,1,103,,223226,21,,,1,100,,223227,21,,,1,30,,223228,21,,,1,70,,223229,21,,,1,30,,223230,21,,,1,70,,223231,21,,,1,30,,223232,21,,,1,70,,223233,21,,,1,30,,223234,21,,,1,70,,223235,21,,,1,30,,223236,21,,,1,70,,223237,21,,,1,30,,223238,21,,,1,70,,223239,21,,,1,30,,223240,21,,,1,68,,223241,21,,,1,30,,223242,21,,,1,70,,223243,21,,,1,30,,223244,21,,,1,70,,223246,21,,,1,100,,223245,21,,,1
91200,'912-Weekday-1-26-06-1111100',552,,184086,14,,,1,70,,184087,14,,,1,29,,184088,14,,,1,70,,184089,14,,,1,30,,184090,14,,,1,70,,184091,14,,,1,30,,184092,14,,,1,69,,184093,14,,,1,30,,184094,14,,,1,70,,184095,14,,,1,30,,184096,14,,,1,70,,184097,14,,,1,30,,184098,14,,,1,70,,184099,14,,,1,30,,184100,14,,,1,70,,184101,14,,,1,30,,184102,14,,,1,70,,184103,14,,,1,30,,184104,14,,,1,74,,184105,14,,,1,30,,184106,14,,,1,70,,184107,14,,,1,30,,184108,14,,,1,70,,184109,14,,,1,30,,184110,14,,,1,70,,184111,14,,,1,25,,184112,14,,,1,70,,184113,14,,,1,30,,184114,14,,,1,70,,184115,14,,,1,30,,184116,14,,,1,70,,184117,14,,,1,30,,184118,14,,,1,69,,184119,14,,,1
91200,'912-Weekday-2-26-06-1111100',552,,200996,14,,,1,70,,200997,14,,,1,29,,200998,14,,,1,70,,200999,14,,,1,30,,201000,14,,,1,70,,201001,14,,,1,30,,201002,14,,,1,69,,201003,14,,,1,30,,201004,14,,,1,70,,201005,14,,,1,30,,201006,14,,,1,70,,201007,14,,,1,30,,201008,14,,,1,70,,201009,14,,,1,30,,201010,14,,,1,70,,201011,14,,,1,30,,201012,14,,,1,70,,201013,14,,,1,30,,201014,14,,,1,74,,201015,14,,,1,30,,201016,14,,,1,70,,201017,14,,,1,30,,201018,14,,,1,70,,201019,14,,,1,30,,201020,14,,,1,70,,201021,14,,,1,25,,201022,14,,,1,70,,201023,14,,,1,30,,201024,14,,,1,70,,201025,14,,,1,30,,201026,14,,,1,70,,201027,14,,,1,30,,201028,14,,,1,69,,201029,14,,,1
91200,'912-Saturday-1-26-06-0000010',800,,184121,14,,,1,30,,184122,14,,,1,70,,184120,14,,,1,44,,184123,14,,,1,70,,184124,14,,,1,30,,184125,14,,,1,70,,184126,14,,,1,30,,184127,14,,,1,70,,184128,14,,,1,30,,184129,14,,,1,70,,184130,14,,,1,30,,184131,14,,,1,70,,184132,14,,,1,30,,184133,14,,,1,70,,184134,14,,,1,30,,184135,14,,,1,70,,184136,14,,,1,30,,184137,14,,,1,70,,184138,14,,,1,31,,184139,14,,,1,70,,184140,14,,,1,30,,184141,14,,,1,70,,184142,14,,,1
91200,'912-Saturday-2-26-06-0000010',800,,223248,14,,,1,30,,223249,14,,,1,70,,223247,14,,,1,44,,223250,14,,,1,70,,223251,14,,,1,30,,223252,14,,,1,70,,223253,14,,,1,30,,223254,14,,,1,70,,223255,14,,,1,30,,223256,14,,,1,70,,223257,14,,,1,30,,223258,14,,,1,70,,223259,14,,,1,30,,223260,14,,,1,70,,223261,14,,,1,30,,223262,14,,,1,70,,223263,14,,,1,30,,223264,14,,,1,70,,223265,14,,,1,31,,223266,14,,,1,70,,223267,14,,,1,30,,223268,14,,,1,70,,223269,14,,,1
91200,'912-Sunday-2-26-06-0000001',1014,,201031,14,,,1,30,,201032,14,,,1,70,,201030,14,,,1,30,,201033,14,,,1,70,,201034,14,,,1,30,,201035,14,,,1,70,,201036,14,,,1,30,,201037,14,,,1,70,,201038,14,,,1,30,,201039,14,,,1,70,,201040,14,,,1,30,,201041,14,,,1,70,,201042,14,,,1,30,,201043,14,,,1,70,,201044,14,,,1,30,,201045,14,,,1,70,,201046,14,,,1,30,,201047,14,,,1,70,,201048,14,,,1
91200,'912-Sunday-3-26-06-0000001',1014,,223271,14,,,1,30,,223272,14,,,1,70,,223270,14,,,1,30,,223273,14,,,1,70,,223274,14,,,1,30,,223275,14,,,1,70,,223276,14,,,1,30,,223277,14,,,1,70,,223278,14,,,1,30,,223279,14,,,1,70,,223280,14,,,1,30,,223281,14,,,1,70,,223282,14,,,1,30,,223283,14,,,1,70,,223284,14,,,1,30,,223285,14,,,1,70,,223286,14,,,1,30,,223287,14,,,1,70,,223288,14,,,1
91200,'912-Sunday-6-26-06-0000001',1014,,223290,14,,,1,30,,223291,14,,,1,70,,223289,14,,,1,30,,223292,14,,,1,70,,223293,14,,,1,30,,223294,14,,,1,70,,223295,14,,,1,30,,223296,14,,,1,70,,223297,14,,,1,30,,223298,14,,,1,70,,223299,14,,,1,30,,223300,14,,,1,70,,223301,14,,,1,30,,223302,14,,,1,70,,223303,14,,,1,30,,223304,14,,,1,70,,223305,14,,,1,30,,223306,14,,,1,70,,223307,14,,,1
91200,'912-Sunday-7-26-06-0000001',1014,,223309,14,,,1,30,,223310,14,,,1,70,,223308,14,,,1,30,,223311,14,,,1,70,,223312,14,,,1,30,,223313,14,,,1,70,,223314,14,,,1,30,,223315,14,,,1,70,,223316,14,,,1,30,,223317,14,,,1,70,,223318,14,,,1,30,,223319,14,,,1,70,,223320,14,,,1,30,,223321,14,,,1,70,,223322,14,,,1,30,,223323,14,,,1,70,,223324,14,,,1,30,,223325,14,,,1,70,,223326,14,,,1
91400,'914-Weekday-1-26-06-1111100',550,,184368,29,,,1,70,,184369,29,,,1,34,,184406,29,,,1,60,,184370,29,,,1,20,,184371,29,,,1,20,,184372,29,,,1,60,,184373,29,,,1,20,,184374,29,,,1,20,,184388,29,,,1,69,,184375,29,,,1,30,,184376,29,,,1,70,,184377,29,,,1,30,,184378,29,,,1,70,,184379,29,,,1,30,,184380,29,,,1,70,,184381,29,,,1,30,,184382,29,,,1,70,,184383,29,,,1,30,,184384,29,,,1,70,,184385,29,,,1,30,,184386,29,,,1,74,,184387,29,,,1,30,,184407,29,,,1,60,,184389,29,,,1,20,,184390,29,,,1,20,,184391,29,,,1,60,,184392,29,,,1,20,,184393,29,,,1,20,,184402,29,,,1,70,,184394,29,,,1,26,,184395,29,,,1,70,,184396,29,,,1,30,,184397,29,,,1,70,,184398,29,,,1,30,,184399,29,,,1,70,,184400,29,,,1,30,,184401,29,,,1,67,,184405,29,,,1,100,,184403,29,,,1,100,,184404,29,,,1
91400,'914-Weekday-2-26-06-1111100',550,,201173,29,,,1,70,,201174,29,,,1,34,,201211,29,,,1,60,,201175,29,,,1,20,,201176,29,,,1,20,,201177,29,,,1,60,,201178,29,,,1,20,,201179,29,,,1,20,,201193,29,,,1,69,,201180,29,,,1,30,,201181,29,,,1,70,,201182,29,,,1,30,,201183,29,,,1,70,,201184,29,,,1,30,,201185,29,,,1,70,,201186,29,,,1,30,,201187,29,,,1,70,,201188,29,,,1,30,,201189,29,,,1,70,,201190,29,,,1,30,,201191,29,,,1,74,,201192,29,,,1,30,,201212,29,,,1,60,,201194,29,,,1,20,,201195,29,,,1,20,,201196,29,,,1,60,,201197,29,,,1,20,,201198,29,,,1,20,,201207,29,,,1,70,,201199,29,,,1,26,,201200,29,,,1,70,,201201,29,,,1,30,,201202,29,,,1,70,,201203,29,,,1,30,,201204,29,,,1,70,,201205,29,,,1,30,,201206,29,,,1,67,,201210,29,,,1,100,,201208,29,,,1,100,,201209,29,,,1
91400,'914-Saturday-1-26-06-0000010',720,,184408,29,,,1,100,,184409,29,,,1,30,,184410,29,,,1,73,,184411,29,,,1,30,,184412,29,,,1,70,,184413,29,,,1,30,,184414,29,,,1,70,,184415,29,,,1,30,,184416,29,,,1,70,,184417,29,,,1,30,,184418,29,,,1,70,,184419,29,,,1,30,,184420,29,,,1,70,,184421,29,,,1,30,,184422,29,,,1,70,,184423,29,,,1,30,,184424,29,,,1,70,,184425,29,,,1,30,,184426,29,,,1,69,,184427,29,,,1,30,,184428,29,,,1,70,,184429,29,,,1,30,,184430,29,,,1,100,,184431,29,,,1,100,,184432,29,,,1,100,,184433,29,,,1,100,,184434,29,,,1
91400,'914-Saturday-2-26-06-0000010',720,,223515,29,,,1,100,,223516,29,,,1,30,,223517,29,,,1,73,,223518,29,,,1,30,,223519,29,,,1,70,,223520,29,,,1,30,,223521,29,,,1,70,,223522,29,,,1,30,,223523,29,,,1,70,,223524,29,,,1,30,,223525,29,,,1,70,,223526,29,,,1,30,,223527,29,,,1,70,,223528,29,,,1,30,,223529,29,,,1,70,,223530,29,,,1,30,,223531,29,,,1,70,,223532,29,,,1,30,,223533,29,,,1,69,,223534,29,,,1,30,,223535,29,,,1,70,,223536,29,,,1,30,,223537,29,,,1,100,,223538,29,,,1,100,,223539,29,,,1,100,,223540,29,,,1,100,,223541,29,,,1
91400,'914-Sunday-2-26-06-0000001',720,,201213,29,,,1,100,,201214,29,,,1,99,,201215,29,,,1,103,,201216,29,,,1,100,,201217,29,,,1,30,,201218,29,,,1,70,,201219,29,,,1,30,,201220,29,,,1,70,,201221,29,,,1,30,,201222,29,,,1,70,,201223,29,,,1,30,,201224,29,,,1,70,,201225,29,,,1,30,,201226,29,,,1,70,,201227,29,,,1,30,,201228,29,,,1,70,,201229,29,,,1,28,,201230,29,,,1,70,,201231,29,,,1,30,,201232,29,,,1,100,,201233,29,,,1,100,,201234,29,,,1
91400,'914-Sunday-3-26-06-0000001',720,,223542,29,,,1,100,,223543,29,,,1,99,,223544,29,,,1,103,,223545,29,,,1,100,,223546,29,,,1,30,,223547,29,,,1,70,,223548,29,,,1,30,,223549,29,,,1,70,,223550,29,,,1,30,,223551,29,,,1,70,,223552,29,,,1,30,,223553,29,,,1,70,,223554,29,,,1,30,,223555,29,,,1,70,,223556,29,,,1,30,,223557,29,,,1,70,,223558,29,,,1,28,,223559,29,,,1,70,,223560,29,,,1,30,,223561,29,,,1,100,,223562,29,,,1,100,,223563,29,,,1
91400,'914-Sunday-6-26-06-0000001',720,,223564,29,,,1,100,,223565,29,,,1,99,,223566,29,,,1,103,,223567,29,,,1,100,,223568,29,,,1,30,,223569,29,,,1,70,,223570,29,,,1,30,,223571,29,,,1,70,,223572,29,,,1,30,,223573,29,,,1,70,,223574,29,,,1,30,,223575,29,,,1,70,,223576,29,,,1,30,,223577,29,,,1,70,,223578,29,,,1,30,,223579,29,,,1,70,,223580,29,,,1,28,,223581,29,,,1,70,,223582,29,,,1,30,,223583,29,,,1,100,,223584,29,,,1,100,,223585,29,,,1
91400,'914-Sunday-7-26-06-0000001',720,,223586,29,,,1,100,,223587,29,,,1,99,,223588,29,,,1,103,,223589,29,,,1,100,,223590,29,,,1,30,,223591,29,,,1,70,,223592,29,,,1,30,,223593,29,,,1,70,,223594,29,,,1,30,,223595,29,,,1,70,,223596,29,,,1,30,,223597,29,,,1,70,,223598,29,,,1,30,,223599,29,,,1,70,,223600,29,,,1,30,,223601,29,,,1,70,,223602,29,,,1,28,,223603,29,,,1,70,,223604,29,,,1,30,,223605,29,,,1,100,,223606,29,,,1,100,,223607,29,,,1
91500,'915-Weekday-1-26-06-1111100',543,,184546,21,,,1,70,,184547,21,,,1,34,,184589,21,,,1,55,,184548,21,,,1,15,,184587,21,,,1,15,,184549,21,,,1,15,,184550,21,,,1,55,,184551,21,,,1,15,,184552,21,,,1,15,,184553,21,,,1,14,,184588,21,,,1,69,,184554,21,,,1,30,,184555,21,,,1,70,,184556,21,,,1,30,,184557,21,,,1,70,,184558,21,,,1,30,,184559,21,,,1,70,,184560,21,,,1,30,,184561,21,,,1,70,,184562,21,,,1,30,,184563,21,,,1,70,,184564,21,,,1,30,,184565,21,,,1,75,,184566,21,,,1,16,,184567,21,,,1,15,,184568,21,,,1,55,,184569,21,,,1,15,,184570,21,,,1,15,,184571,21,,,1,15,,184572,21,,,1,55,,184573,21,,,1,15,,184574,21,,,1,15,,184575,21,,,1,14,,184584,21,,,1,70,,184576,21,,,1,24,,184577,21,,,1,69,,184578,21,,,1,30,,184579,21,,,1,70,,184580,21,,,1,30,,184581,21,,,1,70,,184582,21,,,1,30,,184583,21,,,1,69,,184590,21,,,1,100,,184585,21,,,1,100,,184586,21,,,1
91500,'915-Weekday-6-26-06-1111100',543,,201297,21,,,1,70,,201298,21,,,1,34,,201340,21,,,1,55,,201299,21,,,1,15,,201338,21,,,1,15,,201300,21,,,1,15,,201301,21,,,1,55,,201302,21,,,1,15,,201303,21,,,1,15,,201304,21,,,1,14,,201339,21,,,1,69,,201305,21,,,1,30,,201306,21,,,1,70,,201307,21,,,1,30,,201308,21,,,1,70,,201309,21,,,1,30,,201310,21,,,1,70,,201311,21,,,1,30,,201312,21,,,1,70,,201313,21,,,1,30,,201314,21,,,1,70,,201315,21,,,1,30,,201316,21,,,1,75,,201317,21,,,1,16,,201318,21,,,1,15,,201319,21,,,1,55,,201320,21,,,1,15,,201321,21,,,1,15,,201322,21,,,1,15,,201323,21,,,1,55,,201324,21,,,1,15,,201325,21,,,1,15,,201326,21,,,1,14,,201335,21,,,1,70,,201327,21,,,1,24,,201328,21,,,1,69,,201329,21,,,1,30,,201330,21,,,1,70,,201331,21,,,1,30,,201332,21,,,1,70,,201333,21,,,1,30,,201334,21,,,1,69,,201341,21,,,1,100,,201336,21,,,1,100,,201337,21,,,1
91500,'915-Saturday-1-26-06-0000010',600,,184591,21,,,1,100,,184592,21,,,1,100,,184593,21,,,1,30,,184594,21,,,1,71,,184595,21,,,1,33,,184596,21,,,1,70,,184597,21,,,1,30,,184598,21,,,1,70,,184599,21,,,1,30,,184600,21,,,1,70,,184601,21,,,1,30,,184602,21,,,1,70,,184603,21,,,1,30,,184604,21,,,1,70,,184605,21,,,1,30,,184606,21,,,1,70,,184607,21,,,1,30,,184608,21,,,1,70,,184609,21,,,1,30,,184610,21,,,1,70,,184611,21,,,1,29,,184612,21,,,1,70,,184613,21,,,1,30,,184614,21,,,1,70,,184615,21,,,1,30,,184616,21,,,1,70,,184617,21,,,1,30,,184618,21,,,1,70,,184619,21,,,1,30,,184620,21,,,1,70,,184621,21,,,1,100,,184622,21,,,1,100,,184623,21,,,1
91500,'915-Saturday-3-26-06-0000010',600,,223704,21,,,1,100,,223705,21,,,1,100,,223706,21,,,1,30,,223707,21,,,1,71,,223708,21,,,1,33,,223709,21,,,1,70,,223710,21,,,1,30,,223711,21,,,1,70,,223712,21,,,1,30,,223713,21,,,1,70,,223714,21,,,1,30,,223715,21,,,1,70,,223716,21,,,1,30,,223717,21,,,1,70,,223718,21,,,1,30,,223719,21,,,1,70,,223720,21,,,1,30,,223721,21,,,1,70,,223722,21,,,1,30,,223723,21,,,1,70,,223724,21,,,1,29,,223725,21,,,1,70,,223726,21,,,1,30,,223727,21,,,1,70,,223728,21,,,1,30,,223729,21,,,1,70,,223730,21,,,1,30,,223731,21,,,1,70,,223732,21,,,1,30,,223733,21,,,1,70,,223734,21,,,1,100,,223735,21,,,1,100,,223736,21,,,1
91500,'915-Sunday-2-26-06-0000001',630,,201342,21,,,1,100,,201343,21,,,1,100,,201344,21,,,1,104,,201345,21,,,1,101,,201346,21,,,1,75,,201347,21,,,1,30,,201348,21,,,1,70,,201349,21,,,1,30,,201350,21,,,1,70,,201351,21,,,1,30,,201352,21,,,1,70,,201353,21,,,1,30,,201354,21,,,1,70,,201355,21,,,1,30,,201356,21,,,1,70,,201357,21,,,1,30,,201358,21,,,1,69,,201359,21,,,1,30,,201360,21,,,1,70,,201361,21,,,1,28,,201362,21,,,1,70,,201363,21,,,1,30,,201364,21,,,1,70,,201365,21,,,1,30,,201366,21,,,1,70,,201367,21,,,1,30,,201368,21,,,1,96,,201369,21,,,1,100,,201370,21,,,1,100,,201371,21,,,1
91500,'915-Sunday-3-26-06-0000001',630,,223737,21,,,1,100,,223738,21,,,1,100,,223739,21,,,1,104,,223740,21,,,1,101,,223741,21,,,1,75,,223742,21,,,1,30,,223743,21,,,1,70,,223744,21,,,1,30,,223745,21,,,1,70,,223746,21,,,1,30,,223747,21,,,1,70,,223748,21,,,1,30,,223749,21,,,1,70,,223750,21,,,1,30,,223751,21,,,1,70,,223752,21,,,1,30,,223753,21,,,1,69,,223754,21,,,1,30,,223755,21,,,1,70,,223756,21,,,1,28,,223757,21,,,1,70,,223758,21,,,1,30,,223759,21,,,1,70,,223760,21,,,1,30,,223761,21,,,1,70,,223762,21,,,1,30,,223763,21,,,1,96,,223764,21,,,1,100,,223765,21,,,1,100,,223766,21,,,1
91500,'915-Sunday-6-26-06-0000001',630,,223767,21,,,1,100,,223768,21,,,1,100,,223769,21,,,1,104,,223770,21,,,1,101,,223771,21,,,1,75,,223772,21,,,1,30,,223773,21,,,1,70,,223774,21,,,1,30,,223775,21,,,1,70,,223776,21,,,1,30,,223777,21,,,1,70,,223778,21,,,1,30,,223779,21,,,1,70,,223780,21,,,1,30,,223781,21,,,1,70,,223782,21,,,1,30,,223783,21,,,1,69,,223784,21,,,1,30,,223785,21,,,1,70,,223786,21,,,1,28,,223787,21,,,1,70,,223788,21,,,1,30,,223789,21,,,1,70,,223790,21,,,1,30,,223791,21,,,1,70,,223792,21,,,1,30,,223793,21,,,1,96,,223794,21,,,1,100,,223795,21,,,1,100,,223796,21,,,1
91500,'915-Sunday-7-26-06-0000001',630,,223797,21,,,1,100,,223798,21,,,1,100,,223799,21,,,1,104,,223800,21,,,1,101,,223801,21,,,1,75,,223802,21,,,1,30,,223803,21,,,1,70,,223804,21,,,1,30,,223805,21,,,1,70,,223806,21,,,1,30,,223807,21,,,1,70,,223808,21,,,1,30,,223809,21,,,1,70,,223810,21,,,1,30,,223811,21,,,1,70,,223812,21,,,1,30,,223813,21,,,1,69,,223814,21,,,1,30,,223815,21,,,1,70,,223816,21,,,1,28,,223817,21,,,1,70,,223818,21,,,1,30,,223819,21,,,1,70,,223820,21,,,1,30,,223821,21,,,1,70,,223822,21,,,1,30,,223823,21,,,1,96,,223824,21,,,1,100,,223825,21,,,1,100,,223826,21,,,1
92100,'921-Weekday-1-26-06-1111100',556,,185550,22,,,1,70,,185551,22,,,1,32,,185552,22,,,1,65,,185553,22,,,1,20,,185554,22,,,1,60,,185555,22,,,1,20,,185556,22,,,1,20,,185557,22,,,1,60,,185558,22,,,1,24,,185559,22,,,1,30,,185560,22,,,1,70,,185561,22,,,1,30,,185562,22,,,1,70,,185563,22,,,1,30,,185564,22,,,1,70,,185565,22,,,1,30,,185566,22,,,1,70,,185567,22,,,1,30,,185568,22,,,1,70,,185569,22,,,1,30,,185570,22,,,1,74,,185571,22,,,1,73,,185572,22,,,1,20,,185573,22,,,1,20,,185574,22,,,1,60,,185575,22,,,1,20,,185576,22,,,1,20,,185577,22,,,1,60,,185578,22,,,1,20,,185579,22,,,1,18,,185580,22,,,1,64,,185581,22,,,1,30,,185582,22,,,1,70,,185583,22,,,1,30,,185584,22,,,1,70,,185585,22,,,1,30,,185586,22,,,1,70,,185587,22,,,1,30,,185588,22,,,1,100,,185589,22,,,1
92100,'921-Weekday-2-26-06-1111100',556,,202004,22,,,1,70,,202005,22,,,1,32,,202006,22,,,1,65,,202007,22,,,1,20,,202008,22,,,1,60,,202009,22,,,1,20,,202010,22,,,1,20,,202011,22,,,1,60,,202012,22,,,1,24,,202013,22,,,1,30,,202014,22,,,1,70,,202015,22,,,1,30,,202016,22,,,1,70,,202017,22,,,1,30,,202018,22,,,1,70,,202019,22,,,1,30,,202020,22,,,1,70,,202021,22,,,1,30,,202022,22,,,1,70,,202023,22,,,1,30,,202024,22,,,1,74,,202025,22,,,1,73,,202026,22,,,1,20,,202027,22,,,1,20,,202028,22,,,1,60,,202029,22,,,1,20,,202030,22,,,1,20,,202031,22,,,1,60,,202032,22,,,1,20,,202033,22,,,1,18,,202034,22,,,1,64,,202035,22,,,1,30,,202036,22,,,1,70,,202037,22,,,1,30,,202038,22,,,1,70,,202039,22,,,1,30,,202040,22,,,1,70,,202041,22,,,1,30,,202042,22,,,1,100,,202043,22,,,1
92100,'921-Saturday-1-26-06-0000010',725,,185590,22,,,1,100,,185591,22,,,1,100,,185592,22,,,1,30,,185593,22,,,1,70,,185594,22,,,1,30,,185595,22,,,1,70,,185596,22,,,1,30,,185597,22,,,1,70,,185598,22,,,1,30,,185599,22,,,1,70,,185600,22,,,1,30,,185601,22,,,1,70,,185602,22,,,1,30,,185603,22,,,1,70,,185604,22,,,1,30,,185605,22,,,1,70,,185606,22,,,1,30,,185607,22,,,1,70,,185608,22,,,1,30,,185609,22,,,1,70,,185610,22,,,1,30,,185611,22,,,1,70,,185612,22,,,1,100,,185613,22,,,1,100,,185614,22,,,1,100,,185615,22,,,1,100,,185616,22,,,1
92100,'921-Saturday-2-26-06-0000010',725,,224805,22,,,1,100,,224806,22,,,1,100,,224807,22,,,1,30,,224808,22,,,1,70,,224809,22,,,1,30,,224810,22,,,1,70,,224811,22,,,1,30,,224812,22,,,1,70,,224813,22,,,1,30,,224814,22,,,1,70,,224815,22,,,1,30,,224816,22,,,1,70,,224817,22,,,1,30,,224818,22,,,1,70,,224819,22,,,1,30,,224820,22,,,1,70,,224821,22,,,1,30,,224822,22,,,1,70,,224823,22,,,1,30,,224824,22,,,1,70,,224825,22,,,1,30,,224826,22,,,1,70,,224827,22,,,1,100,,224828,22,,,1,100,,224829,22,,,1,100,,224830,22,,,1,100,,224831,22,,,1
92100,'921-Sunday-2-26-06-0000001',925,,202044,22,,,1,100,,202045,22,,,1,100,,202046,22,,,1,30,,202047,22,,,1,70,,202048,22,,,1,30,,202049,22,,,1,70,,202050,22,,,1,30,,202051,22,,,1,70,,202052,22,,,1,30,,202053,22,,,1,70,,202054,22,,,1,30,,202055,22,,,1,70,,202056,22,,,1,30,,202057,22,,,1,70,,202058,22,,,1,30,,202059,22,,,1,70,,202060,22,,,1,30,,202061,22,,,1,70,,202062,22,,,1,100,,202063,22,,,1,100,,202064,22,,,1,100,,202065,22,,,1,100,,202066,22,,,1
92100,'921-Sunday-3-26-06-0000001',925,,224832,22,,,1,100,,224833,22,,,1,100,,224834,22,,,1,30,,224835,22,,,1,70,,224836,22,,,1,30,,224837,22,,,1,70,,224838,22,,,1,30,,224839,22,,,1,70,,224840,22,,,1,30,,224841,22,,,1,70,,224842,22,,,1,30,,224843,22,,,1,70,,224844,22,,,1,30,,224845,22,,,1,70,,224846,22,,,1,30,,224847,22,,,1,70,,224848,22,,,1,30,,224849,22,,,1,70,,224850,22,,,1,100,,224851,22,,,1,100,,224852,22,,,1,100,,224853,22,,,1,100,,224854,22,,,1
92100,'921-Sunday-6-26-06-0000001',925,,224855,22,,,1,100,,224856,22,,,1,100,,224857,22,,,1,30,,224858,22,,,1,70,,224859,22,,,1,30,,224860,22,,,1,70,,224861,22,,,1,30,,224862,22,,,1,70,,224863,22,,,1,30,,224864,22,,,1,70,,224865,22,,,1,30,,224866,22,,,1,70,,224867,22,,,1,30,,224868,22,,,1,70,,224869,22,,,1,30,,224870,22,,,1,70,,224871,22,,,1,30,,224872,22,,,1,70,,224873,22,,,1,100,,224874,22,,,1,100,,224875,22,,,1,100,,224876,22,,,1,100,,224877,22,,,1
92100,'921-Sunday-7-26-06-0000001',925,,224878,22,,,1,100,,224879,22,,,1,100,,224880,22,,,1,30,,224881,22,,,1,70,,224882,22,,,1,30,,224883,22,,,1,70,,224884,22,,,1,30,,224885,22,,,1,70,,224886,22,,,1,30,,224887,22,,,1,70,,224888,22,,,1,30,,224889,22,,,1,70,,224890,22,,,1,30,,224891,22,,,1,70,,224892,22,,,1,30,,224893,22,,,1,70,,224894,22,,,1,30,,224895,22,,,1,70,,224896,22,,,1,100,,224897,22,,,1,100,,224898,22,,,1,100,,224899,22,,,1,100,,224900,22,,,1
92500,'925-Weekday-1-26-06-1111100',832,,186181,31,,,1,104,,186179,31,,,1,100,,186176,31,,,1,100,,186180,31,,,1,100,,186174,31,,,1,100,,186178,31,,,1,100,,186175,31,,,1,100,,186177,31,,,1
92500,'925-Weekday-2-26-06-1111100',832,,202449,31,,,1,104,,202447,31,,,1,100,,202444,31,,,1,100,,202448,31,,,1,100,,202442,31,,,1,100,,202446,31,,,1,100,,202443,31,,,1,100,,202445,31,,,1
