5101,'051-Weekday-1-26-09-1111100',531,,241119,14,,,1,70,,241120,14,,,1,30,,241142,14,,,1,22,,241130,14,,,1,50,,241143,14,,,1,10,,241121,14,,,1,10,,241144,14,,,1,10,,241122,14,,,1,10,,241145,14,,,1,10,,241123,14,,,1,47,,241154,14,,,1,3,,241146,14,,,1,10,,241124,14,,,1,5,,241155,14,,,1,5,,241105,14,,,1,10,,241125,14,,,1,13,,241147,14,,,1,13,,241148,14,,,1,52,,241118,14,,,1,20,,241149,14,,,1,20,,241106,14,,,1,60,,241126,14,,,1,8,,241156,14,,,1,12,,241150,14,,,1,20,,241107,14,,,1,60,,241108,14,,,1,20,,241151,14,,,1,20,,241127,14,,,1,60,,241109,14,,,1,20,,241152,14,,,1,20,,241110,14,,,1,60,,241128,14,,,1,20,,241153,14,,,1,20,,241111,14,,,1,60,,241129,14,,,1,20,,241140,14,,,1,70,,241112,14,,,1,30,,241113,14,,,1,70,,241114,14,,,1,30,,241115,14,,,1,70,,241116,14,,,1,30,,241141,14,,,1,70,,241132,14,,,1,30,,241133,14,,,1,69,,241134,14,,,1,30,,241135,14,,,1,70,,241136,14,,,1,30,,241137,14,,,1,70,,241138,14,,,1,30,,241139,14,,,1,70,,241117,14,,,1,100,,241131,14,,,1
5101,'051-Weekday-3-26-09-1111100',531,,241223,14,,,1,70,,241224,14,,,1,30,,241246,14,,,1,22,,241234,14,,,1,50,,241247,14,,,1,10,,241225,14,,,1,10,,241248,14,,,1,10,,241226,14,,,1,10,,241249,14,,,1,10,,241227,14,,,1,47,,241258,14,,,1,3,,241250,14,,,1,10,,241228,14,,,1,5,,241259,14,,,1,5,,241209,14,,,1,10,,241229,14,,,1,13,,241251,14,,,1,13,,241252,14,,,1,52,,241222,14,,,1,20,,241253,14,,,1,20,,241210,14,,,1,60,,241230,14,,,1,8,,241260,14,,,1,12,,241254,14,,,1,20,,241211,14,,,1,60,,241212,14,,,1,20,,241255,14,,,1,20,,241231,14,,,1,60,,241213,14,,,1,20,,241256,14,,,1,20,,241214,14,,,1,60,,241232,14,,,1,20,,241257,14,,,1,20,,241215,14,,,1,60,,241233,14,,,1,20,,241244,14,,,1,70,,241216,14,,,1,30,,241217,14,,,1,70,,241218,14,,,1,30,,241219,14,,,1,70,,241220,14,,,1,30,,241245,14,,,1,70,,241236,14,,,1,30,,241237,14,,,1,69,,241238,14,,,1,30,,241239,14,,,1,70,,241240,14,,,1,30,,241241,14,,,1,70,,241242,14,,,1,30,,241243,14,,,1,70,,241221,14,,,1,100,,241235,14,,,1
5101,'051-Weekday-4-26-09-1111100',531,,241275,14,,,1,70,,241276,14,,,1,30,,241298,14,,,1,22,,241286,14,,,1,50,,241299,14,,,1,10,,241277,14,,,1,10,,241300,14,,,1,10,,241278,14,,,1,10,,241301,14,,,1,10,,241279,14,,,1,50,,241302,14,,,1,10,,241280,14,,,1,10,,241261,14,,,1,10,,241281,14,,,1,13,,241303,14,,,1,13,,241304,14,,,1,52,,241274,14,,,1,20,,241305,14,,,1,20,,241262,14,,,1,60,,241282,14,,,1,8,,241310,14,,,1,12,,241306,14,,,1,20,,241263,14,,,1,60,,241264,14,,,1,20,,241307,14,,,1,20,,241283,14,,,1,60,,241265,14,,,1,20,,241308,14,,,1,20,,241266,14,,,1,60,,241284,14,,,1,20,,241309,14,,,1,20,,241267,14,,,1,60,,241285,14,,,1,20,,241296,14,,,1,70,,241268,14,,,1,30,,241269,14,,,1,70,,241270,14,,,1,30,,241271,14,,,1,70,,241272,14,,,1,30,,241297,14,,,1,70,,241288,14,,,1,30,,241289,14,,,1,69,,241290,14,,,1,30,,241291,14,,,1,70,,241292,14,,,1,30,,241293,14,,,1,70,,241294,14,,,1,30,,241295,14,,,1,70,,241273,14,,,1,100,,241287,14,,,1
5101,'051-Weekday-5-26-09-1111100',531,,241325,14,,,1,70,,241326,14,,,1,30,,241348,14,,,1,22,,241336,14,,,1,50,,241349,14,,,1,10,,241327,14,,,1,10,,241350,14,,,1,10,,241328,14,,,1,10,,241351,14,,,1,10,,241329,14,,,1,50,,241352,14,,,1,10,,241330,14,,,1,10,,241311,14,,,1,10,,241331,14,,,1,13,,241353,14,,,1,13,,241354,14,,,1,52,,241324,14,,,1,20,,241355,14,,,1,20,,241312,14,,,1,60,,241332,14,,,1,8,,241360,14,,,1,12,,241356,14,,,1,20,,241313,14,,,1,60,,241314,14,,,1,20,,241357,14,,,1,20,,241333,14,,,1,60,,241315,14,,,1,20,,241358,14,,,1,20,,241316,14,,,1,60,,241334,14,,,1,20,,241359,14,,,1,20,,241317,14,,,1,60,,241335,14,,,1,20,,241346,14,,,1,70,,241318,14,,,1,30,,241319,14,,,1,70,,241320,14,,,1,30,,241321,14,,,1,70,,241322,14,,,1,30,,241347,14,,,1,70,,241338,14,,,1,30,,241339,14,,,1,69,,241340,14,,,1,30,,241341,14,,,1,70,,241342,14,,,1,30,,241343,14,,,1,70,,241344,14,,,1,30,,241345,14,,,1,70,,241323,14,,,1,100,,241337,14,,,1
5101,'051-Weekday-6-26-09-1111100',531,,241375,14,,,1,70,,241376,14,,,1,30,,241398,14,,,1,22,,241386,14,,,1,50,,241399,14,,,1,10,,241377,14,,,1,10,,241400,14,,,1,10,,241378,14,,,1,10,,241401,14,,,1,10,,241379,14,,,1,47,,241410,14,,,1,3,,241402,14,,,1,10,,241380,14,,,1,5,,241411,14,,,1,5,,241361,14,,,1,10,,241381,14,,,1,13,,241403,14,,,1,13,,241404,14,,,1,52,,241374,14,,,1,20,,241405,14,,,1,20,,241362,14,,,1,60,,241382,14,,,1,20,,241406,14,,,1,20,,241363,14,,,1,60,,241364,14,,,1,20,,241407,14,,,1,20,,241383,14,,,1,60,,241365,14,,,1,20,,241408,14,,,1,20,,241366,14,,,1,60,,241384,14,,,1,20,,241409,14,,,1,20,,241367,14,,,1,60,,241385,14,,,1,20,,241396,14,,,1,70,,241368,14,,,1,30,,241369,14,,,1,70,,241370,14,,,1,30,,241371,14,,,1,70,,241372,14,,,1,30,,241397,14,,,1,70,,241388,14,,,1,30,,241389,14,,,1,69,,241390,14,,,1,30,,241391,14,,,1,70,,241392,14,,,1,30,,241393,14,,,1,70,,241394,14,,,1,30,,241395,14,,,1,70,,241373,14,,,1,100,,241387,14,,,1
5101,'051-Weekday-7-26-09-1111100',531,,241426,14,,,1,70,,241427,14,,,1,30,,241449,14,,,1,22,,241437,14,,,1,50,,241450,14,,,1,10,,241428,14,,,1,10,,241451,14,,,1,10,,241429,14,,,1,10,,241452,14,,,1,10,,241430,14,,,1,50,,241453,14,,,1,10,,241431,14,,,1,10,,241412,14,,,1,10,,241432,14,,,1,13,,241454,14,,,1,13,,241455,14,,,1,52,,241425,14,,,1,20,,241456,14,,,1,20,,241413,14,,,1,60,,241433,14,,,1,20,,241457,14,,,1,20,,241414,14,,,1,60,,241415,14,,,1,20,,241458,14,,,1,20,,241434,14,,,1,60,,241416,14,,,1,20,,241459,14,,,1,20,,241417,14,,,1,60,,241435,14,,,1,20,,241460,14,,,1,20,,241418,14,,,1,60,,241436,14,,,1,20,,241447,14,,,1,70,,241419,14,,,1,30,,241420,14,,,1,70,,241421,14,,,1,30,,241422,14,,,1,70,,241423,14,,,1,30,,241448,14,,,1,70,,241439,14,,,1,30,,241440,14,,,1,69,,241441,14,,,1,30,,241442,14,,,1,70,,241443,14,,,1,30,,241444,14,,,1,70,,241445,14,,,1,30,,241446,14,,,1,70,,241424,14,,,1,100,,241438,14,,,1
5101,'051-Saturday-1-26-09-0000010',610,,241461,14,,,1,100,,241462,14,,,1,100,,241463,14,,,1,30,,241464,14,,,1,70,,241465,14,,,1,30,,241466,14,,,1,70,,241467,14,,,1,30,,241468,14,,,1,70,,241469,14,,,1,30,,241470,14,,,1,70,,241471,14,,,1,30,,241472,14,,,1,70,,241473,14,,,1,30,,241474,14,,,1,70,,241475,14,,,1,30,,241476,14,,,1,70,,241477,14,,,1,30,,241478,14,,,1,70,,241479,14,,,1,30,,241480,14,,,1,69,,241481,14,,,1,30,,241482,14,,,1,70,,241483,14,,,1,30,,241484,14,,,1,70,,241485,14,,,1,100,,241486,14,,,1,100,,241487,14,,,1,100,,241488,14,,,1
5101,'051-Sunday-1-26-09-0000001',710,,241508,14,,,1,100,,241509,14,,,1,101,,241510,14,,,1,30,,241513,14,,,1,70,,241489,14,,,1,30,,241490,14,,,1,70,,241491,14,,,1,30,,241492,14,,,1,70,,241493,14,,,1,30,,241494,14,,,1,70,,241495,14,,,1,30,,241496,14,,,1,70,,241497,14,,,1,30,,241498,14,,,1,70,,241499,14,,,1,30,,241500,14,,,1,70,,241501,14,,,1,30,,241502,14,,,1,69,,241503,14,,,1,30,,241504,14,,,1,70,,241505,14,,,1,30,,241506,14,,,1,70,,241507,14,,,1,100,,241511,14,,,1,100,,241512,14,,,1,100,,241514,14,,,1
10301,'103-Weekday-1-26-09-1110100',1533,,248602,17,,,1
10301,'103-Weekday-1-26-09-1111100',552,,248603,34,,,1,70,,248604,34,,,1,18,,248605,17,,,1,15,,248640,34,,,1,55,,248606,17,,,1,15,,248641,34,,,1,15,,248607,17,,,1,15,,248642,34,,,1,55,,248608,17,,,1,15,,248643,34,,,1,15,,248609,17,,,1,9,,248646,34,,,1,64,,248610,34,,,1,19,,248611,34,,,1,20,,248612,34,,,1,60,,248613,34,,,1,20,,248647,34,,,1,20,,248614,34,,,1,60,,248615,34,,,1,20,,248648,34,,,1,20,,248616,34,,,1,60,,248617,34,,,1,20,,248649,34,,,1,20,,248618,34,,,1,60,,248619,34,,,1,20,,248650,34,,,1,20,,248620,34,,,1,60,,248621,34,,,1,20,,248651,34,,,1,20,,248622,34,,,1,64,,248644,34,,,1,24,,248639,34,,,1,70,,248638,34,,,1,30,,248637,34,,,1,70,,248636,34,,,1,30,,248635,34,,,1,70,,248645,34,,,1,27,,248623,34,,,1,69,,248624,34,,,1,30,,248625,34,,,1,70,,248626,34,,,1,30,,248627,34,,,1,70,,248628,34,,,1,30,,248629,34,,,1,69,,248630,34,,,1,29,,248631,34,,,1,73,,248632,34,,,1,30,,248633,34,,,1,70,,248634,34,,,1
10301,'103-Weekday-3-26-09-1110100',1533,,248702,17,,,1
10301,'103-Weekday-3-26-09-1111100',552,,248703,34,,,1,70,,248704,34,,,1,18,,248705,17,,,1,15,,248740,34,,,1,55,,248706,17,,,1,15,,248741,34,,,1,15,,248707,17,,,1,15,,248742,34,,,1,55,,248708,17,,,1,15,,248743,34,,,1,15,,248709,17,,,1,9,,248746,34,,,1,64,,248710,34,,,1,19,,248711,34,,,1,20,,248712,34,,,1,60,,248713,34,,,1,20,,248747,34,,,1,20,,248714,34,,,1,60,,248715,34,,,1,20,,248748,34,,,1,20,,248716,34,,,1,60,,248717,34,,,1,20,,248749,34,,,1,20,,248718,34,,,1,60,,248719,34,,,1,20,,248750,34,,,1,20,,248720,34,,,1,60,,248721,34,,,1,20,,248751,34,,,1,20,,248722,34,,,1,64,,248744,34,,,1,24,,248739,34,,,1,70,,248738,34,,,1,30,,248737,34,,,1,70,,248736,34,,,1,30,,248735,34,,,1,70,,248745,34,,,1,27,,248723,34,,,1,69,,248724,34,,,1,30,,248725,34,,,1,70,,248726,34,,,1,30,,248727,34,,,1,70,,248728,34,,,1,30,,248729,34,,,1,69,,248730,34,,,1,29,,248731,34,,,1,73,,248732,34,,,1,30,,248733,34,,,1,70,,248734,34,,,1
10301,'103-Weekday-4-26-09-1111100',552,,248753,34,,,1,70,,248754,34,,,1,18,,248755,17,,,1,15,,248790,34,,,1,55,,248756,17,,,1,15,,248791,34,,,1,15,,248757,17,,,1,15,,248792,34,,,1,55,,248758,17,,,1,15,,248793,34,,,1,15,,248759,17,,,1,9,,248796,34,,,1,64,,248760,34,,,1,19,,248761,34,,,1,20,,248762,34,,,1,60,,248763,34,,,1,20,,248797,34,,,1,20,,248764,34,,,1,60,,248765,34,,,1,20,,248798,34,,,1,20,,248766,34,,,1,60,,248767,34,,,1,20,,248799,34,,,1,20,,248768,34,,,1,60,,248769,34,,,1,20,,248800,34,,,1,20,,248770,34,,,1,60,,248771,34,,,1,20,,248801,34,,,1,20,,248772,34,,,1,64,,248794,34,,,1,24,,248789,34,,,1,70,,248788,34,,,1,30,,248787,34,,,1,70,,248786,34,,,1,30,,248785,34,,,1,70,,248795,34,,,1,27,,248773,34,,,1,69,,248774,34,,,1,30,,248775,34,,,1,70,,248776,34,,,1,30,,248777,34,,,1,70,,248778,34,,,1,30,,248779,34,,,1,69,,248780,34,,,1,29,,248781,34,,,1,73,,248782,34,,,1,30,,248783,34,,,1,70,,248784,34,,,1
10301,'103-Weekday-5-26-09-1111100',552,,248802,34,,,1,70,,248803,34,,,1,18,,248804,17,,,1,15,,248839,34,,,1,55,,248805,17,,,1,15,,248840,34,,,1,15,,248806,17,,,1,15,,248841,34,,,1,55,,248807,17,,,1,15,,248842,34,,,1,15,,248808,17,,,1,9,,248845,34,,,1,64,,248809,34,,,1,19,,248810,34,,,1,20,,248811,34,,,1,60,,248812,34,,,1,20,,248846,34,,,1,20,,248813,34,,,1,60,,248814,34,,,1,20,,248847,34,,,1,20,,248815,34,,,1,60,,248816,34,,,1,20,,248848,34,,,1,20,,248817,34,,,1,60,,248818,34,,,1,20,,248849,34,,,1,20,,248819,34,,,1,60,,248820,34,,,1,20,,248850,34,,,1,20,,248821,34,,,1,64,,248843,34,,,1,24,,248838,34,,,1,70,,248837,34,,,1,30,,248836,34,,,1,70,,248835,34,,,1,30,,248834,34,,,1,70,,248844,34,,,1,27,,248822,34,,,1,69,,248823,34,,,1,30,,248824,34,,,1,70,,248825,34,,,1,30,,248826,34,,,1,70,,248827,34,,,1,30,,248828,34,,,1,69,,248829,34,,,1,29,,248830,34,,,1,73,,248831,34,,,1,30,,248832,34,,,1,70,,248833,34,,,1
10301,'103-Weekday-6-26-09-1110100',1533,,248851,17,,,1
10301,'103-Weekday-6-26-09-1111100',552,,248852,34,,,1,70,,248853,34,,,1,18,,248854,17,,,1,15,,248889,34,,,1,55,,248855,17,,,1,15,,248890,34,,,1,15,,248856,17,,,1,15,,248891,34,,,1,55,,248857,17,,,1,15,,248892,34,,,1,15,,248858,17,,,1,9,,248895,34,,,1,64,,248859,34,,,1,19,,248860,34,,,1,20,,248861,34,,,1,60,,248862,34,,,1,20,,248896,34,,,1,20,,248863,34,,,1,60,,248864,34,,,1,20,,248897,34,,,1,20,,248865,34,,,1,60,,248866,34,,,1,20,,248898,34,,,1,20,,248867,34,,,1,60,,248868,34,,,1,20,,248899,34,,,1,20,,248869,34,,,1,60,,248870,34,,,1,20,,248900,34,,,1,20,,248871,34,,,1,64,,248893,34,,,1,24,,248888,34,,,1,70,,248887,34,,,1,30,,248886,34,,,1,70,,248885,34,,,1,30,,248884,34,,,1,70,,248894,34,,,1,27,,248872,34,,,1,69,,248873,34,,,1,30,,248874,34,,,1,70,,248875,34,,,1,30,,248876,34,,,1,70,,248877,34,,,1,30,,248878,34,,,1,69,,248879,34,,,1,29,,248880,34,,,1,73,,248881,34,,,1,30,,248882,34,,,1,70,,248883,34,,,1
10301,'103-Weekday-7-26-09-1111100',552,,248902,34,,,1,70,,248903,34,,,1,18,,248904,17,,,1,15,,248939,34,,,1,55,,248905,17,,,1,15,,248940,34,,,1,15,,248906,17,,,1,15,,248941,34,,,1,55,,248907,17,,,1,15,,248942,34,,,1,15,,248908,17,,,1,9,,248945,34,,,1,64,,248909,34,,,1,19,,248910,34,,,1,20,,248911,34,,,1,60,,248912,34,,,1,20,,248946,34,,,1,20,,248913,34,,,1,60,,248914,34,,,1,20,,248947,34,,,1,20,,248915,34,,,1,60,,248916,34,,,1,20,,248948,34,,,1,20,,248917,34,,,1,60,,248918,34,,,1,20,,248949,34,,,1,20,,248919,34,,,1,60,,248920,34,,,1,20,,248950,34,,,1,20,,248921,34,,,1,64,,248943,34,,,1,24,,248938,34,,,1,70,,248937,34,,,1,30,,248936,34,,,1,70,,248935,34,,,1,30,,248934,34,,,1,70,,248944,34,,,1,27,,248922,34,,,1,69,,248923,34,,,1,30,,248924,34,,,1,70,,248925,34,,,1,30,,248926,34,,,1,70,,248927,34,,,1,30,,248928,34,,,1,69,,248929,34,,,1,29,,248930,34,,,1,73,,248931,34,,,1,30,,248932,34,,,1,70,,248933,34,,,1
10301,'103-Saturday-1-26-09-0000010',625,,248951,34,,,1,30,,248952,34,,,1,70,,248953,34,,,1,30,,248954,34,,,1,70,,248955,34,,,1,30,,248956,34,,,1,70,,248957,34,,,1,30,,248958,34,,,1,70,,248959,34,,,1,30,,248960,34,,,1,70,,248961,34,,,1,30,,248962,34,,,1,70,,248963,34,,,1,30,,248964,34,,,1,70,,248965,34,,,1,30,,248966,34,,,1,70,,248967,34,,,1,30,,248968,34,,,1,70,,248969,34,,,1,30,,248970,34,,,1,70,,248971,34,,,1,30,,248972,34,,,1,71,,248973,34,,,1,30,,248974,34,,,1,70,,248975,34,,,1,30,,248976,34,,,1,70,,248977,34,,,1,30,,248978,34,,,1,70,,248979,34,,,1,30,,248980,34,,,1,70,,248981,34,,,1,30,,248982,34,,,1,70,,248983,34,,,1,30,,248984,34,,,1,70,,248985,34,,,1,30,,248986,34,,,1,70,,248987,34,,,1
10301,'103-Sunday-1-26-09-0000001',619,,248988,34,,,1,30,,248989,34,,,1,70,,248990,34,,,1,30,,248991,34,,,1,70,,248992,34,,,1,30,,248993,34,,,1,68,,248994,34,,,1,33,,248995,34,,,1,70,,248996,34,,,1,30,,248997,34,,,1,70,,248998,34,,,1,30,,248999,34,,,1,70,,249000,34,,,1,30,,249001,34,,,1,70,,249002,34,,,1,30,,249003,34,,,1,70,,249004,34,,,1,30,,249005,34,,,1,70,,249006,34,,,1,30,,249007,34,,,1,70,,249008,34,,,1,30,,249009,34,,,1,70,,249010,34,,,1,30,,249011,34,,,1,70,,249012,34,,,1,30,,249013,34,,,1,70,,249014,34,,,1,30,,249015,34,,,1,70,,249016,34,,,1,30,,249017,34,,,1,70,,249018,34,,,1,30,,249019,34,,,1,70,,249020,34,,,1,30,,249021,34,,,1,70,,249022,34,,,1,30,,249023,34,,,1,70,,249024,34,,,1
12401,'124-Weekday-1-26-09-1111100',544,,260645,34,,,1,70,,260683,34,,,1,35,,260640,34,,,1,57,,260668,34,,,1,15,,260669,34,,,1,15,,260670,34,,,1,15,,260671,34,,,1,53,,260680,22,,,1,2,,260672,34,,,1,7,,260681,22,,,1,8,,260673,34,,,1,15,,260674,34,,,1,15,,260675,34,,,1,68,,260641,34,,,1,29,,260642,34,,,1,70,,260643,34,,,1,30,,260644,34,,,1,70,,260661,34,,,1,30,,260667,34,,,1,70,,260666,34,,,1,30,,260665,34,,,1,70,,260664,34,,,1,30,,260655,34,,,1,70,,260663,34,,,1,30,,260662,34,,,1,71,,260682,34,,,1,16,,260679,34,,,1,15,,260678,34,,,1,55,,260646,34,,,1,15,,260647,34,,,1,15,,260648,34,,,1,15,,260649,34,,,1,55,,260650,34,,,1,15,,260651,34,,,1,15,,260652,34,,,1,15,,260653,34,,,1,55,,260639,34,,,1,31,,260676,34,,,1,71,,260677,34,,,1,30,,260654,34,,,1,70,,260660,34,,,1,30,,260659,34,,,1,70,,260658,34,,,1,30,,260657,34,,,1,70,,260656,34,,,1
12401,'124-Weekday-3-26-09-1111100',544,,260735,34,,,1,70,,260771,34,,,1,35,,260730,34,,,1,57,,260758,34,,,1,15,,260759,34,,,1,15,,260760,34,,,1,15,,260761,34,,,1,55,,260762,34,,,1,15,,260763,34,,,1,15,,260764,34,,,1,15,,260765,34,,,1,68,,260731,34,,,1,29,,260732,34,,,1,70,,260733,34,,,1,30,,260734,34,,,1,70,,260751,34,,,1,30,,260757,34,,,1,70,,260756,34,,,1,30,,260755,34,,,1,70,,260754,34,,,1,30,,260745,34,,,1,70,,260753,34,,,1,30,,260752,34,,,1,71,,260770,34,,,1,16,,260769,34,,,1,15,,260768,34,,,1,55,,260736,34,,,1,15,,260737,34,,,1,15,,260738,34,,,1,15,,260739,34,,,1,55,,260740,34,,,1,15,,260741,34,,,1,15,,260742,34,,,1,15,,260743,34,,,1,55,,260729,34,,,1,31,,260766,34,,,1,71,,260767,34,,,1,30,,260744,34,,,1,70,,260750,34,,,1,30,,260749,34,,,1,70,,260748,34,,,1,30,,260747,34,,,1,70,,260746,34,,,1
12401,'124-Weekday-4-26-09-1111100',544,,260778,34,,,1,70,,260814,34,,,1,35,,260773,34,,,1,57,,260801,34,,,1,15,,260802,34,,,1,15,,260803,34,,,1,15,,260804,34,,,1,55,,260805,34,,,1,15,,260806,34,,,1,15,,260807,34,,,1,15,,260808,34,,,1,68,,260774,34,,,1,29,,260775,34,,,1,70,,260776,34,,,1,30,,260777,34,,,1,70,,260794,34,,,1,30,,260800,34,,,1,70,,260799,34,,,1,30,,260798,34,,,1,70,,260797,34,,,1,30,,260788,34,,,1,70,,260796,34,,,1,30,,260795,34,,,1,71,,260813,34,,,1,16,,260812,34,,,1,15,,260811,34,,,1,55,,260779,34,,,1,15,,260780,34,,,1,15,,260781,34,,,1,15,,260782,34,,,1,55,,260783,34,,,1,15,,260784,34,,,1,15,,260785,34,,,1,15,,260786,34,,,1,55,,260772,34,,,1,31,,260809,34,,,1,71,,260810,34,,,1,30,,260787,34,,,1,70,,260793,34,,,1,30,,260792,34,,,1,70,,260791,34,,,1,30,,260790,34,,,1,70,,260789,34,,,1
12401,'124-Weekday-5-26-09-1111100',544,,260821,34,,,1,70,,260857,34,,,1,35,,260816,34,,,1,57,,260844,34,,,1,15,,260845,34,,,1,15,,260846,34,,,1,15,,260847,34,,,1,55,,260848,34,,,1,15,,260849,34,,,1,15,,260850,34,,,1,15,,260851,34,,,1,68,,260817,34,,,1,29,,260818,34,,,1,70,,260819,34,,,1,30,,260820,34,,,1,70,,260837,34,,,1,30,,260843,34,,,1,70,,260842,34,,,1,30,,260841,34,,,1,70,,260840,34,,,1,30,,260831,34,,,1,70,,260839,34,,,1,30,,260838,34,,,1,71,,260856,34,,,1,16,,260855,34,,,1,15,,260854,34,,,1,55,,260822,34,,,1,15,,260823,34,,,1,15,,260824,34,,,1,15,,260825,34,,,1,55,,260826,34,,,1,15,,260827,34,,,1,15,,260828,34,,,1,15,,260829,34,,,1,55,,260815,34,,,1,31,,260852,34,,,1,71,,260853,34,,,1,30,,260830,34,,,1,70,,260836,34,,,1,30,,260835,34,,,1,70,,260834,34,,,1,30,,260833,34,,,1,70,,260832,34,,,1
12401,'124-Weekday-6-26-09-1111100',544,,260864,34,,,1,70,,260902,34,,,1,35,,260859,34,,,1,57,,260887,34,,,1,15,,260888,34,,,1,15,,260889,34,,,1,15,,260890,34,,,1,53,,260899,22,,,1,2,,260891,34,,,1,7,,260900,22,,,1,8,,260892,34,,,1,15,,260893,34,,,1,15,,260894,34,,,1,68,,260860,34,,,1,29,,260861,34,,,1,70,,260862,34,,,1,30,,260863,34,,,1,70,,260880,34,,,1,30,,260886,34,,,1,70,,260885,34,,,1,30,,260884,34,,,1,70,,260883,34,,,1,30,,260874,34,,,1,70,,260882,34,,,1,30,,260881,34,,,1,71,,260901,34,,,1,16,,260898,34,,,1,15,,260897,34,,,1,55,,260865,34,,,1,15,,260866,34,,,1,15,,260867,34,,,1,15,,260868,34,,,1,55,,260869,34,,,1,15,,260870,34,,,1,15,,260871,34,,,1,15,,260872,34,,,1,55,,260858,34,,,1,31,,260895,34,,,1,71,,260896,34,,,1,30,,260873,34,,,1,70,,260879,34,,,1,30,,260878,34,,,1,70,,260877,34,,,1,30,,260876,34,,,1,70,,260875,34,,,1
12401,'124-Weekday-7-26-09-1111100',544,,260909,34,,,1,70,,260945,34,,,1,35,,260904,34,,,1,57,,260932,34,,,1,15,,260933,34,,,1,15,,260934,34,,,1,15,,260935,34,,,1,55,,260936,34,,,1,15,,260937,34,,,1,15,,260938,34,,,1,15,,260939,34,,,1,68,,260905,34,,,1,29,,260906,34,,,1,70,,260907,34,,,1,30,,260908,34,,,1,70,,260925,34,,,1,30,,260931,34,,,1,70,,260930,34,,,1,30,,260929,34,,,1,70,,260928,34,,,1,30,,260919,34,,,1,70,,260927,34,,,1,30,,260926,34,,,1,71,,260944,34,,,1,16,,260943,34,,,1,15,,260942,34,,,1,55,,260910,34,,,1,15,,260911,34,,,1,15,,260912,34,,,1,15,,260913,34,,,1,55,,260914,34,,,1,15,,260915,34,,,1,15,,260916,34,,,1,15,,260917,34,,,1,55,,260903,34,,,1,31,,260940,34,,,1,71,,260941,34,,,1,30,,260918,34,,,1,70,,260924,34,,,1,30,,260923,34,,,1,70,,260922,34,,,1,30,,260921,34,,,1,70,,260920,34,,,1
12401,'124-Saturday-1-26-09-0000010',820,,260946,34,,,1,30,,260947,34,,,1,72,,260948,34,,,1,30,,260949,34,,,1,70,,260950,34,,,1,30,,260951,34,,,1,70,,260952,34,,,1,30,,260953,34,,,1,70,,260954,34,,,1,30,,260955,34,,,1,70,,260956,34,,,1,30,,260957,34,,,1,70,,260958,34,,,1,30,,260959,34,,,1,70,,260960,34,,,1,30,,260961,34,,,1,70,,260962,34,,,1,30,,260963,34,,,1,69,,260964,34,,,1,36,,260965,34,,,1,70,,260966,34,,,1,28,,260967,34,,,1,69,,260968,34,,,1
12401,'124-Sunday-1-26-09-0000001',1010,,260969,34,,,1,30,,260970,34,,,1,70,,260971,34,,,1,29,,260972,34,,,1,70,,260973,34,,,1,30,,260974,34,,,1,70,,260975,34,,,1,30,,260976,34,,,1,70,,260977,34,,,1,30,,260978,34,,,1,70,,260979,34,,,1,30,,260980,34,,,1,70,,260981,34,,,1,30,,260982,34,,,1,69,,260983,34,,,1,31,,260984,34,,,1,70,,260985,34,,,1,30,,260986,34,,,1,71,,260987,34,,,1
24014001,'140X-Weekday-1-26-09-1111100',619,,308199,34,,,1,21,,308204,34,,,1,61,,308198,34,,,1,20,,308200,34,,,1,20,,308201,34,,,1,60,,308202,34,,,1,20,,308203,34,,,1,20,,308205,34,,,1
24014001,'140X-Weekday-3-26-09-1111100',619,,308215,34,,,1,21,,308220,34,,,1,61,,308214,34,,,1,20,,308216,34,,,1,20,,308217,34,,,1,60,,308218,34,,,1,20,,308219,34,,,1,20,,308221,34,,,1
24014001,'140X-Weekday-4-26-09-1111100',619,,308223,34,,,1,21,,308228,34,,,1,61,,308222,34,,,1,20,,308224,34,,,1,20,,308225,34,,,1,60,,308226,34,,,1,20,,308227,34,,,1,20,,308229,34,,,1
24014001,'140X-Weekday-5-26-09-1111100',619,,308231,34,,,1,21,,308236,34,,,1,61,,308230,34,,,1,20,,308232,34,,,1,20,,308233,34,,,1,60,,308234,34,,,1,20,,308235,34,,,1,20,,308237,34,,,1
24014001,'140X-Weekday-6-26-09-1111100',619,,308239,34,,,1,21,,308244,34,,,1,61,,308238,34,,,1,20,,308240,34,,,1,20,,308241,34,,,1,60,,308242,34,,,1,20,,308243,34,,,1,20,,308245,34,,,1
24014001,'140X-Weekday-7-26-09-1111100',619,,308247,34,,,1,21,,308252,34,,,1,61,,308246,34,,,1,20,,308248,34,,,1,20,,308249,34,,,1,60,,308250,34,,,1,20,,308251,34,,,1,20,,308253,34,,,1
