5101,'051-Weekday-1-26-09-1111100',538,,241119,25,,,1,70,,241120,25,,,1,34,,241142,25,,,1,62,,241130,25,,,1,10,,241143,25,,,1,10,,241121,25,,,1,10,,241144,25,,,1,10,,241122,25,,,1,10,,241145,25,,,1,50,,241123,25,,,1,7,,241154,25,,,1,3,,241146,25,,,1,10,,241124,25,,,1,5,,241155,25,,,1,5,,241105,25,,,1,10,,241125,25,,,1,13,,241147,25,,,1,50,,241148,25,,,1,11,,241118,25,,,1,20,,241149,25,,,1,20,,241106,25,,,1,60,,241126,25,,,1,8,,241156,25,,,1,12,,241150,25,,,1,21,,241107,25,,,1,61,,241108,25,,,1,20,,241151,25,,,1,60,,241127,25,,,1,20,,241109,25,,,1,20,,241152,25,,,1,60,,241110,25,,,1,20,,241128,25,,,1,20,,241153,25,,,1,60,,241111,25,,,1,20,,241129,25,,,1,20,,241140,25,,,1,70,,241112,25,,,1,30,,241113,25,,,1,71,,241114,25,,,1,30,,241115,25,,,1,70,,241116,25,,,1,30,,241141,25,,,1,70,,241132,25,,,1,27,,241133,25,,,1,69,,241134,25,,,1,30,,241135,25,,,1,70,,241136,25,,,1,30,,241137,25,,,1,70,,241138,25,,,1,30,,241139,25,,,1,70,,241117,25,,,1,100,,241131,25,,,1
5101,'051-Weekday-3-26-09-1111100',538,,241223,25,,,1,70,,241224,25,,,1,34,,241246,25,,,1,62,,241234,25,,,1,10,,241247,25,,,1,10,,241225,25,,,1,10,,241248,25,,,1,10,,241226,25,,,1,10,,241249,25,,,1,50,,241227,25,,,1,7,,241258,25,,,1,3,,241250,25,,,1,10,,241228,25,,,1,5,,241259,25,,,1,5,,241209,25,,,1,10,,241229,25,,,1,13,,241251,25,,,1,50,,241252,25,,,1,11,,241222,25,,,1,20,,241253,25,,,1,20,,241210,25,,,1,60,,241230,25,,,1,8,,241260,25,,,1,12,,241254,25,,,1,21,,241211,25,,,1,61,,241212,25,,,1,20,,241255,25,,,1,60,,241231,25,,,1,20,,241213,25,,,1,20,,241256,25,,,1,60,,241214,25,,,1,20,,241232,25,,,1,20,,241257,25,,,1,60,,241215,25,,,1,20,,241233,25,,,1,20,,241244,25,,,1,70,,241216,25,,,1,30,,241217,25,,,1,71,,241218,25,,,1,30,,241219,25,,,1,70,,241220,25,,,1,30,,241245,25,,,1,70,,241236,25,,,1,27,,241237,25,,,1,69,,241238,25,,,1,30,,241239,25,,,1,70,,241240,25,,,1,30,,241241,25,,,1,70,,241242,25,,,1,30,,241243,25,,,1,70,,241221,25,,,1,100,,241235,25,,,1
5101,'051-Weekday-4-26-09-1111100',538,,241275,25,,,1,70,,241276,25,,,1,34,,241298,25,,,1,62,,241286,25,,,1,10,,241299,25,,,1,10,,241277,25,,,1,10,,241300,25,,,1,10,,241278,25,,,1,10,,241301,25,,,1,50,,241279,25,,,1,10,,241302,25,,,1,10,,241280,25,,,1,10,,241261,25,,,1,10,,241281,25,,,1,13,,241303,25,,,1,50,,241304,25,,,1,11,,241274,25,,,1,20,,241305,25,,,1,20,,241262,25,,,1,60,,241282,25,,,1,8,,241310,25,,,1,12,,241306,25,,,1,21,,241263,25,,,1,61,,241264,25,,,1,20,,241307,25,,,1,60,,241283,25,,,1,20,,241265,25,,,1,20,,241308,25,,,1,60,,241266,25,,,1,20,,241284,25,,,1,20,,241309,25,,,1,60,,241267,25,,,1,20,,241285,25,,,1,20,,241296,25,,,1,70,,241268,25,,,1,30,,241269,25,,,1,71,,241270,25,,,1,30,,241271,25,,,1,70,,241272,25,,,1,30,,241297,25,,,1,70,,241288,25,,,1,27,,241289,25,,,1,69,,241290,25,,,1,30,,241291,25,,,1,70,,241292,25,,,1,30,,241293,25,,,1,70,,241294,25,,,1,30,,241295,25,,,1,70,,241273,25,,,1,100,,241287,25,,,1
5101,'051-Weekday-5-26-09-1111100',538,,241325,25,,,1,70,,241326,25,,,1,34,,241348,25,,,1,62,,241336,25,,,1,10,,241349,25,,,1,10,,241327,25,,,1,10,,241350,25,,,1,10,,241328,25,,,1,10,,241351,25,,,1,50,,241329,25,,,1,10,,241352,25,,,1,10,,241330,25,,,1,10,,241311,25,,,1,10,,241331,25,,,1,13,,241353,25,,,1,50,,241354,25,,,1,11,,241324,25,,,1,20,,241355,25,,,1,20,,241312,25,,,1,60,,241332,25,,,1,8,,241360,25,,,1,12,,241356,25,,,1,21,,241313,25,,,1,61,,241314,25,,,1,20,,241357,25,,,1,60,,241333,25,,,1,20,,241315,25,,,1,20,,241358,25,,,1,60,,241316,25,,,1,20,,241334,25,,,1,20,,241359,25,,,1,60,,241317,25,,,1,20,,241335,25,,,1,20,,241346,25,,,1,70,,241318,25,,,1,30,,241319,25,,,1,71,,241320,25,,,1,30,,241321,25,,,1,70,,241322,25,,,1,30,,241347,25,,,1,70,,241338,25,,,1,27,,241339,25,,,1,69,,241340,25,,,1,30,,241341,25,,,1,70,,241342,25,,,1,30,,241343,25,,,1,70,,241344,25,,,1,30,,241345,25,,,1,70,,241323,25,,,1,100,,241337,25,,,1
5101,'051-Weekday-6-26-09-1111100',538,,241375,25,,,1,70,,241376,25,,,1,34,,241398,25,,,1,62,,241386,25,,,1,10,,241399,25,,,1,10,,241377,25,,,1,10,,241400,25,,,1,10,,241378,25,,,1,10,,241401,25,,,1,50,,241379,25,,,1,7,,241410,25,,,1,3,,241402,25,,,1,10,,241380,25,,,1,5,,241411,25,,,1,5,,241361,25,,,1,10,,241381,25,,,1,13,,241403,25,,,1,50,,241404,25,,,1,11,,241374,25,,,1,20,,241405,25,,,1,20,,241362,25,,,1,60,,241382,25,,,1,20,,241406,25,,,1,21,,241363,25,,,1,61,,241364,25,,,1,20,,241407,25,,,1,60,,241383,25,,,1,20,,241365,25,,,1,20,,241408,25,,,1,60,,241366,25,,,1,20,,241384,25,,,1,20,,241409,25,,,1,60,,241367,25,,,1,20,,241385,25,,,1,20,,241396,25,,,1,70,,241368,25,,,1,30,,241369,25,,,1,71,,241370,25,,,1,30,,241371,25,,,1,70,,241372,25,,,1,30,,241397,25,,,1,70,,241388,25,,,1,27,,241389,25,,,1,69,,241390,25,,,1,30,,241391,25,,,1,70,,241392,25,,,1,30,,241393,25,,,1,70,,241394,25,,,1,30,,241395,25,,,1,70,,241373,25,,,1,100,,241387,25,,,1
5101,'051-Weekday-7-26-09-1111100',538,,241426,25,,,1,70,,241427,25,,,1,34,,241449,25,,,1,62,,241437,25,,,1,10,,241450,25,,,1,10,,241428,25,,,1,10,,241451,25,,,1,10,,241429,25,,,1,10,,241452,25,,,1,50,,241430,25,,,1,10,,241453,25,,,1,10,,241431,25,,,1,10,,241412,25,,,1,10,,241432,25,,,1,13,,241454,25,,,1,50,,241455,25,,,1,11,,241425,25,,,1,20,,241456,25,,,1,20,,241413,25,,,1,60,,241433,25,,,1,20,,241457,25,,,1,21,,241414,25,,,1,61,,241415,25,,,1,20,,241458,25,,,1,60,,241434,25,,,1,20,,241416,25,,,1,20,,241459,25,,,1,60,,241417,25,,,1,20,,241435,25,,,1,20,,241460,25,,,1,60,,241418,25,,,1,20,,241436,25,,,1,20,,241447,25,,,1,70,,241419,25,,,1,30,,241420,25,,,1,71,,241421,25,,,1,30,,241422,25,,,1,70,,241423,25,,,1,30,,241448,25,,,1,70,,241439,25,,,1,27,,241440,25,,,1,69,,241441,25,,,1,30,,241442,25,,,1,70,,241443,25,,,1,30,,241444,25,,,1,70,,241445,25,,,1,30,,241446,25,,,1,70,,241424,25,,,1,100,,241438,25,,,1
5101,'051-Saturday-1-26-09-0000010',617,,241461,25,,,1,100,,241462,25,,,1,100,,241463,25,,,1,30,,241464,25,,,1,71,,241465,25,,,1,30,,241466,25,,,1,70,,241467,25,,,1,30,,241468,25,,,1,70,,241469,25,,,1,30,,241470,25,,,1,70,,241471,25,,,1,30,,241472,25,,,1,70,,241473,25,,,1,30,,241474,25,,,1,70,,241475,25,,,1,30,,241476,25,,,1,70,,241477,25,,,1,30,,241478,25,,,1,70,,241479,25,,,1,30,,241480,25,,,1,68,,241481,25,,,1,30,,241482,25,,,1,70,,241483,25,,,1,30,,241484,25,,,1,70,,241485,25,,,1,100,,241486,25,,,1,100,,241487,25,,,1,100,,241488,25,,,1
5101,'051-Sunday-1-26-09-0000001',717,,241508,25,,,1,100,,241509,25,,,1,102,,241510,25,,,1,30,,241513,25,,,1,70,,241489,25,,,1,30,,241490,25,,,1,70,,241491,25,,,1,30,,241492,25,,,1,70,,241493,25,,,1,30,,241494,25,,,1,70,,241495,25,,,1,30,,241496,25,,,1,70,,241497,25,,,1,30,,241498,25,,,1,70,,241499,25,,,1,30,,241500,25,,,1,70,,241501,25,,,1,30,,241502,25,,,1,68,,241503,25,,,1,30,,241504,25,,,1,70,,241505,25,,,1,30,,241506,25,,,1,70,,241507,25,,,1,100,,241511,25,,,1,100,,241512,25,,,1,100,,241514,25,,,1
90301,'903-Weekday-1-26-09-1111100',521,,292513,12,,,1,30,,292514,12,,,1,61,,292515,12,,,1,21,,292516,12,,,1,22,,292517,12,,,1,60,,292518,12,,,1,20,,292519,12,,,1,20,,292520,12,,,1,60,,292521,12,,,1,20,,292522,12,,,1,20,,292523,12,,,1,59,,292524,12,,,1,20,,292525,12,,,1,20,,292526,12,,,1,60,,292527,12,,,1,20,,292528,12,,,1,20,,292529,12,,,1,60,,292530,12,,,1,20,,292531,12,,,1,20,,292532,12,,,1,60,,292533,12,,,1,20,,292534,12,,,1,20,,292535,12,,,1,60,,292536,12,,,1,20,,292537,12,,,1,20,,292538,12,,,1,60,,292539,12,,,1,20,,292540,12,,,1,15,,292541,12,,,1,56,,292542,12,,,1,15,,292543,12,,,1,15,,292544,12,,,1,15,,292545,12,,,1,55,,292546,12,,,1,15,,292547,12,,,1,15,,292548,12,,,1,15,,292549,12,,,1,55,,292564,12,,,1,20,,292550,12,,,1,20,,292551,12,,,1,70,,292552,12,,,1,28,,292553,12,,,1,70,,292554,12,,,1,30,,292555,12,,,1,70,,292556,12,,,1,30,,292557,12,,,1,70,,292558,12,,,1,30,,292559,12,,,1,69,,292563,12,,,1,100,,292560,12,,,1,100,,292561,12,,,1,100,,292562,12,,,1
90301,'903-Weekday-3-26-09-1111100',521,,292617,12,,,1,30,,292618,12,,,1,61,,292619,12,,,1,21,,292620,12,,,1,22,,292621,12,,,1,60,,292622,12,,,1,20,,292623,12,,,1,20,,292624,12,,,1,60,,292625,12,,,1,20,,292626,12,,,1,20,,292627,12,,,1,59,,292628,12,,,1,20,,292629,12,,,1,20,,292630,12,,,1,60,,292631,12,,,1,20,,292632,12,,,1,20,,292633,12,,,1,60,,292634,12,,,1,20,,292635,12,,,1,20,,292636,12,,,1,60,,292637,12,,,1,20,,292638,12,,,1,20,,292639,12,,,1,60,,292640,12,,,1,20,,292641,12,,,1,20,,292642,12,,,1,60,,292643,12,,,1,20,,292644,12,,,1,15,,292645,12,,,1,56,,292646,12,,,1,15,,292647,12,,,1,15,,292648,12,,,1,15,,292649,12,,,1,55,,292650,12,,,1,15,,292651,12,,,1,15,,292652,12,,,1,15,,292653,12,,,1,55,,292668,12,,,1,20,,292654,12,,,1,20,,292655,12,,,1,70,,292656,12,,,1,28,,292657,12,,,1,70,,292658,12,,,1,30,,292659,12,,,1,70,,292660,12,,,1,30,,292661,12,,,1,70,,292662,12,,,1,30,,292663,12,,,1,69,,292667,12,,,1,100,,292664,12,,,1,100,,292665,12,,,1,100,,292666,12,,,1
90301,'903-Weekday-4-26-09-1111100',521,,292669,12,,,1,30,,292670,12,,,1,61,,292671,12,,,1,21,,292672,12,,,1,22,,292673,12,,,1,60,,292674,12,,,1,20,,292675,12,,,1,20,,292676,12,,,1,60,,292677,12,,,1,20,,292678,12,,,1,20,,292679,12,,,1,59,,292680,12,,,1,20,,292681,12,,,1,20,,292682,12,,,1,60,,292683,12,,,1,20,,292684,12,,,1,20,,292685,12,,,1,60,,292686,12,,,1,20,,292687,12,,,1,20,,292688,12,,,1,60,,292689,12,,,1,20,,292690,12,,,1,20,,292691,12,,,1,60,,292692,12,,,1,20,,292693,12,,,1,20,,292694,12,,,1,60,,292695,12,,,1,20,,292696,12,,,1,15,,292697,12,,,1,56,,292698,12,,,1,15,,292699,12,,,1,15,,292700,12,,,1,15,,292701,12,,,1,55,,292702,12,,,1,15,,292703,12,,,1,15,,292704,12,,,1,15,,292705,12,,,1,55,,292720,12,,,1,20,,292706,12,,,1,20,,292707,12,,,1,70,,292708,12,,,1,28,,292709,12,,,1,70,,292710,12,,,1,30,,292711,12,,,1,70,,292712,12,,,1,30,,292713,12,,,1,70,,292714,12,,,1,30,,292715,12,,,1,69,,292719,12,,,1,100,,292716,12,,,1,100,,292717,12,,,1,100,,292718,12,,,1
90301,'903-Weekday-5-26-09-1111100',521,,292721,12,,,1,30,,292722,12,,,1,61,,292723,12,,,1,21,,292724,12,,,1,22,,292725,12,,,1,60,,292726,12,,,1,20,,292727,12,,,1,20,,292728,12,,,1,60,,292729,12,,,1,20,,292730,12,,,1,20,,292731,12,,,1,59,,292732,12,,,1,20,,292733,12,,,1,20,,292734,12,,,1,60,,292735,12,,,1,20,,292736,12,,,1,20,,292737,12,,,1,60,,292738,12,,,1,20,,292739,12,,,1,20,,292740,12,,,1,60,,292741,12,,,1,20,,292742,12,,,1,20,,292743,12,,,1,60,,292744,12,,,1,20,,292745,12,,,1,20,,292746,12,,,1,60,,292747,12,,,1,20,,292748,12,,,1,15,,292749,12,,,1,56,,292750,12,,,1,15,,292751,12,,,1,15,,292752,12,,,1,15,,292753,12,,,1,55,,292754,12,,,1,15,,292755,12,,,1,15,,292756,12,,,1,15,,292757,12,,,1,55,,292772,12,,,1,20,,292758,12,,,1,20,,292759,12,,,1,70,,292760,12,,,1,28,,292761,12,,,1,70,,292762,12,,,1,30,,292763,12,,,1,70,,292764,12,,,1,30,,292765,12,,,1,70,,292766,12,,,1,30,,292767,12,,,1,69,,292771,12,,,1,100,,292768,12,,,1,100,,292769,12,,,1,100,,292770,12,,,1
90301,'903-Weekday-6-26-09-1111100',521,,292773,12,,,1,30,,292774,12,,,1,61,,292775,12,,,1,21,,292776,12,,,1,22,,292777,12,,,1,60,,292778,12,,,1,20,,292779,12,,,1,20,,292780,12,,,1,60,,292781,12,,,1,20,,292782,12,,,1,20,,292783,12,,,1,59,,292784,12,,,1,20,,292785,12,,,1,20,,292786,12,,,1,60,,292787,12,,,1,20,,292788,12,,,1,20,,292789,12,,,1,60,,292790,12,,,1,20,,292791,12,,,1,20,,292792,12,,,1,60,,292793,12,,,1,20,,292794,12,,,1,20,,292795,12,,,1,60,,292796,12,,,1,20,,292797,12,,,1,20,,292798,12,,,1,60,,292799,12,,,1,20,,292800,12,,,1,15,,292801,12,,,1,56,,292802,12,,,1,15,,292803,12,,,1,15,,292804,12,,,1,15,,292805,12,,,1,55,,292806,12,,,1,15,,292807,12,,,1,15,,292808,12,,,1,15,,292809,12,,,1,55,,292824,12,,,1,20,,292810,12,,,1,20,,292811,12,,,1,70,,292812,12,,,1,28,,292813,12,,,1,70,,292814,12,,,1,30,,292815,12,,,1,70,,292816,12,,,1,30,,292817,12,,,1,70,,292818,12,,,1,30,,292819,12,,,1,69,,292823,12,,,1,100,,292820,12,,,1,100,,292821,12,,,1,100,,292822,12,,,1
90301,'903-Weekday-7-26-09-1111100',521,,292825,12,,,1,30,,292826,12,,,1,61,,292827,12,,,1,21,,292828,12,,,1,22,,292829,12,,,1,60,,292830,12,,,1,20,,292831,12,,,1,20,,292832,12,,,1,60,,292833,12,,,1,20,,292834,12,,,1,20,,292835,12,,,1,59,,292836,12,,,1,20,,292837,12,,,1,20,,292838,12,,,1,60,,292839,12,,,1,20,,292840,12,,,1,20,,292841,12,,,1,60,,292842,12,,,1,20,,292843,12,,,1,20,,292844,12,,,1,60,,292845,12,,,1,20,,292846,12,,,1,20,,292847,12,,,1,60,,292848,12,,,1,20,,292849,12,,,1,20,,292850,12,,,1,60,,292851,12,,,1,20,,292852,12,,,1,15,,292853,12,,,1,56,,292854,12,,,1,15,,292855,12,,,1,15,,292856,12,,,1,15,,292857,12,,,1,55,,292858,12,,,1,15,,292859,12,,,1,15,,292860,12,,,1,15,,292861,12,,,1,55,,292876,12,,,1,20,,292862,12,,,1,20,,292863,12,,,1,70,,292864,12,,,1,28,,292865,12,,,1,70,,292866,12,,,1,30,,292867,12,,,1,70,,292868,12,,,1,30,,292869,12,,,1,70,,292870,12,,,1,30,,292871,12,,,1,69,,292875,12,,,1,100,,292872,12,,,1,100,,292873,12,,,1,100,,292874,12,,,1
90301,'903-Saturday-1-26-09-0000010',620,,292877,12,,,1,100,,292878,12,,,1,80,,292879,12,,,1,20,,292880,12,,,1,20,,292881,12,,,1,60,,292882,12,,,1,22,,292883,12,,,1,20,,292884,12,,,1,60,,292885,12,,,1,20,,292886,12,,,1,20,,292887,12,,,1,60,,292888,12,,,1,20,,292889,12,,,1,20,,292890,12,,,1,60,,292891,12,,,1,20,,292892,12,,,1,20,,292893,12,,,1,60,,292894,12,,,1,20,,292895,12,,,1,20,,292896,12,,,1,60,,292897,12,,,1,20,,292898,12,,,1,20,,292899,12,,,1,60,,292900,12,,,1,20,,292901,12,,,1,20,,292902,12,,,1,60,,292903,12,,,1,20,,292904,12,,,1,20,,292905,12,,,1,60,,292906,12,,,1,19,,292907,12,,,1,20,,292908,12,,,1,60,,292909,12,,,1,20,,292910,12,,,1,20,,292911,12,,,1,60,,292912,12,,,1,20,,292913,12,,,1,30,,292914,12,,,1,70,,292915,12,,,1,30,,292916,12,,,1,70,,292917,12,,,1,30,,292918,12,,,1,70,,292919,12,,,1,90,,292920,12,,,1,100,,292921,12,,,1
90301,'903-Sunday-1-26-09-0000001',633,,292922,12,,,1,100,,292923,12,,,1,100,,292924,12,,,1,102,,292925,12,,,1,70,,292926,12,,,1,30,,292927,12,,,1,70,,292928,12,,,1,30,,292929,12,,,1,70,,292930,12,,,1,30,,292931,12,,,1,70,,292932,12,,,1,30,,292933,12,,,1,70,,292934,12,,,1,30,,292935,12,,,1,70,,292936,12,,,1,30,,292937,12,,,1,70,,292938,12,,,1,30,,292939,12,,,1,70,,292940,12,,,1,29,,292941,12,,,1,70,,292942,12,,,1,30,,292943,12,,,1,70,,292944,12,,,1,30,,292945,12,,,1,70,,292946,12,,,1,30,,292947,12,,,1,70,,292948,12,,,1,30,,292949,12,,,1,100,,292950,12,,,1,100,,292951,12,,,1
