10900,'109-Weekday-1-26-06-1111100',520,,171303,32,,,1,30,,171304,32,,,1,70,,171305,32,,,1,31,,171343,32,,,1,60,,171306,32,,,1,20,,171338,32,,,1,20,,171307,32,,,1,60,,171308,32,,,1,20,,171339,32,,,1,20,,171309,32,,,1,70,,171310,32,,,1,30,,171311,32,,,1,70,,171312,32,,,1,30,,171313,32,,,1,70,,171314,32,,,1,30,,171315,32,,,1,70,,171316,32,,,1,30,,171317,32,,,1,70,,171318,32,,,1,30,,171319,32,,,1,70,,171320,32,,,1,30,,171321,32,,,1,73,,171322,32,,,1,20,,171323,32,,,1,60,,171340,32,,,1,20,,171324,32,,,1,20,,171325,32,,,1,60,,171341,32,,,1,20,,171326,32,,,1,30,,171327,32,,,1,70,,171328,32,,,1,26,,171329,32,,,1,70,,171330,32,,,1,30,,171331,32,,,1,70,,171332,32,,,1,30,,171333,32,,,1,70,,171334,32,,,1,30,,171335,32,,,1,70,,171342,32,,,1,100,,171336,32,,,1,100,,171337,32,,,1
10900,'109-Weekday-2-26-06-1111100',520,,193438,32,,,1,30,,193439,32,,,1,70,,193440,32,,,1,31,,193478,32,,,1,60,,193441,32,,,1,20,,193473,32,,,1,20,,193442,32,,,1,60,,193443,32,,,1,20,,193474,32,,,1,20,,193444,32,,,1,70,,193445,32,,,1,30,,193446,32,,,1,70,,193447,32,,,1,30,,193448,32,,,1,70,,193449,32,,,1,30,,193450,32,,,1,70,,193451,32,,,1,30,,193452,32,,,1,70,,193453,32,,,1,30,,193454,32,,,1,70,,193455,32,,,1,30,,193456,32,,,1,73,,193457,32,,,1,20,,193458,32,,,1,60,,193475,32,,,1,20,,193459,32,,,1,20,,193460,32,,,1,60,,193476,32,,,1,20,,193461,32,,,1,30,,193462,32,,,1,70,,193463,32,,,1,26,,193464,32,,,1,70,,193465,32,,,1,30,,193466,32,,,1,70,,193467,32,,,1,30,,193468,32,,,1,70,,193469,32,,,1,30,,193470,32,,,1,70,,193477,32,,,1,100,,193471,32,,,1,100,,193472,32,,,1
10900,'109-Saturday-1-26-06-0000010',810,,171344,32,,,1,30,,171345,32,,,1,72,,171346,32,,,1,31,,171347,32,,,1,70,,171348,32,,,1,30,,171349,32,,,1,70,,171350,32,,,1,30,,171351,32,,,1,70,,171352,32,,,1,30,,171353,32,,,1,70,,171354,32,,,1,30,,171355,32,,,1,70,,171356,32,,,1,30,,171357,32,,,1,70,,171358,32,,,1,30,,171359,32,,,1,70,,171360,32,,,1,30,,171361,32,,,1,69,,171362,32,,,1,30,,171363,32,,,1,70,,171364,32,,,1,30,,171365,32,,,1,70,,171366,32,,,1,30,,171367,32,,,1,70,,171368,32,,,1,30,,171369,32,,,1,70,,171370,32,,,1,30,,171371,32,,,1,70,,171372,32,,,1
10900,'109-Saturday-2-26-06-0000010',810,,211864,32,,,1,30,,211865,32,,,1,72,,211866,32,,,1,31,,211867,32,,,1,70,,211868,32,,,1,30,,211869,32,,,1,70,,211870,32,,,1,30,,211871,32,,,1,70,,211872,32,,,1,30,,211873,32,,,1,70,,211874,32,,,1,30,,211875,32,,,1,70,,211876,32,,,1,30,,211877,32,,,1,70,,211878,32,,,1,30,,211879,32,,,1,70,,211880,32,,,1,30,,211881,32,,,1,69,,211882,32,,,1,30,,211883,32,,,1,70,,211884,32,,,1,30,,211885,32,,,1,70,,211886,32,,,1,30,,211887,32,,,1,70,,211888,32,,,1,30,,211889,32,,,1,70,,211890,32,,,1,30,,211891,32,,,1,70,,211892,32,,,1
10900,'109-Sunday-2-26-06-0000001',1023,,193479,32,,,1,30,,193480,32,,,1,70,,193481,32,,,1,30,,193482,32,,,1,70,,193483,32,,,1,30,,193484,32,,,1,70,,193485,32,,,1,30,,193486,32,,,1,70,,193487,32,,,1,30,,193488,32,,,1,70,,193489,32,,,1,30,,193490,32,,,1,70,,193491,32,,,1,30,,193492,32,,,1,69,,193493,32,,,1,30,,193494,32,,,1,70,,193495,32,,,1,30,,193496,32,,,1
10900,'109-Sunday-3-26-06-0000001',1023,,211893,32,,,1,30,,211894,32,,,1,70,,211895,32,,,1,30,,211896,32,,,1,70,,211897,32,,,1,30,,211898,32,,,1,70,,211899,32,,,1,30,,211900,32,,,1,70,,211901,32,,,1,30,,211902,32,,,1,70,,211903,32,,,1,30,,211904,32,,,1,70,,211905,32,,,1,30,,211906,32,,,1,69,,211907,32,,,1,30,,211908,32,,,1,70,,211909,32,,,1,30,,211910,32,,,1
10900,'109-Sunday-6-26-06-0000001',1023,,211911,32,,,1,30,,211912,32,,,1,70,,211913,32,,,1,30,,211914,32,,,1,70,,211915,32,,,1,30,,211916,32,,,1,70,,211917,32,,,1,30,,211918,32,,,1,70,,211919,32,,,1,30,,211920,32,,,1,70,,211921,32,,,1,30,,211922,32,,,1,70,,211923,32,,,1,30,,211924,32,,,1,69,,211925,32,,,1,30,,211926,32,,,1,70,,211927,32,,,1,30,,211928,32,,,1
10900,'109-Sunday-7-26-06-0000001',1023,,211929,32,,,1,30,,211930,32,,,1,70,,211931,32,,,1,30,,211932,32,,,1,70,,211933,32,,,1,30,,211934,32,,,1,70,,211935,32,,,1,30,,211936,32,,,1,70,,211937,32,,,1,30,,211938,32,,,1,70,,211939,32,,,1,30,,211940,32,,,1,70,,211941,32,,,1,30,,211942,32,,,1,69,,211943,32,,,1,30,,211944,32,,,1,70,,211945,32,,,1,30,,211946,32,,,1
24014000,'140X-Weekday-1-26-06-1111100',1531,,187116,27,,,1,20,,187117,27,,,1,60,,187118,27,,,1,20,,187119,27,,,1,20,,187120,27,,,1,60,,187121,27,,,1,20,,187122,27,,,1,17,,187123,27,,,1
24014000,'140X-Weekday-2-26-06-1111100',1531,,203020,27,,,1,20,,203021,27,,,1,60,,203022,27,,,1,20,,203023,27,,,1,20,,203024,27,,,1,60,,203025,27,,,1,20,,203026,27,,,1,17,,203027,27,,,1
