11200,'112-Weekday-1-26-09-0001000',1225,,253648,15,,,1
11200,'112-Weekday-1-26-09-1110100',1533,,253649,15,,,1
11200,'112-Weekday-1-26-09-1111100',527,,253650,15,,,1,30,,253651,15,,,1,70,,253652,15,,,1,31,,253679,15,,,1,60,,253678,15,,,1,20,,253681,15,,,1,20,,253653,15,,,1,60,,253682,15,,,1,20,,253680,15,,,1,20,,253654,15,,,1,70,,253655,15,,,1,30,,253656,15,,,1,70,,253657,15,,,1,30,,253658,15,,,1,70,,253659,15,,,1,30,,253660,15,,,1,70,,253677,15,,,1,30,,253661,15,,,1,70,,253662,15,,,1,30,,253676,15,,,1,70,,253663,15,,,1,30,,253664,15,,,1,71,,253685,15,,,1,20,,253665,15,,,1,60,,253666,15,,,1,20,,253667,15,,,1,20,,253668,15,,,1,60,,253686,15,,,1,20,,253683,15,,,1,30,,253684,15,,,1,70,,253669,15,,,1,29,,253670,15,,,1,70,,253671,15,,,1,30,,253672,15,,,1,70,,253673,15,,,1,30,,253674,15,,,1,70,,253675,15,,,1
11200,'112-Weekday-3-26-09-1110100',1533,,253724,15,,,1
11200,'112-Weekday-3-26-09-1111100',527,,253725,15,,,1,30,,253726,15,,,1,70,,253727,15,,,1,31,,253754,15,,,1,60,,253753,15,,,1,20,,253756,15,,,1,20,,253728,15,,,1,60,,253757,15,,,1,20,,253755,15,,,1,20,,253729,15,,,1,70,,253730,15,,,1,30,,253731,15,,,1,70,,253732,15,,,1,30,,253733,15,,,1,70,,253734,15,,,1,30,,253735,15,,,1,70,,253752,15,,,1,30,,253736,15,,,1,70,,253737,15,,,1,30,,253751,15,,,1,70,,253738,15,,,1,30,,253739,15,,,1,71,,253760,15,,,1,20,,253740,15,,,1,60,,253741,15,,,1,20,,253742,15,,,1,20,,253743,15,,,1,60,,253761,15,,,1,20,,253758,15,,,1,30,,253759,15,,,1,70,,253744,15,,,1,29,,253745,15,,,1,70,,253746,15,,,1,30,,253747,15,,,1,70,,253748,15,,,1,30,,253749,15,,,1,70,,253750,15,,,1
11200,'112-Weekday-4-26-09-1111100',527,,253762,15,,,1,30,,253763,15,,,1,70,,253764,15,,,1,31,,253791,15,,,1,60,,253790,15,,,1,20,,253793,15,,,1,20,,253765,15,,,1,60,,253794,15,,,1,20,,253792,15,,,1,20,,253766,15,,,1,70,,253767,15,,,1,30,,253768,15,,,1,70,,253769,15,,,1,30,,253770,15,,,1,70,,253771,15,,,1,30,,253772,15,,,1,70,,253789,15,,,1,30,,253773,15,,,1,70,,253774,15,,,1,30,,253788,15,,,1,70,,253775,15,,,1,30,,253776,15,,,1,71,,253797,15,,,1,20,,253777,15,,,1,60,,253778,15,,,1,20,,253779,15,,,1,20,,253780,15,,,1,60,,253798,15,,,1,20,,253795,15,,,1,30,,253796,15,,,1,70,,253781,15,,,1,29,,253782,15,,,1,70,,253783,15,,,1,30,,253784,15,,,1,70,,253785,15,,,1,30,,253786,15,,,1,70,,253787,15,,,1
11200,'112-Weekday-5-26-09-1111100',527,,253799,15,,,1,30,,253800,15,,,1,70,,253801,15,,,1,31,,253828,15,,,1,60,,253827,15,,,1,20,,253830,15,,,1,20,,253802,15,,,1,60,,253831,15,,,1,20,,253829,15,,,1,20,,253803,15,,,1,70,,253804,15,,,1,30,,253805,15,,,1,70,,253806,15,,,1,30,,253807,15,,,1,70,,253808,15,,,1,30,,253809,15,,,1,70,,253826,15,,,1,30,,253810,15,,,1,70,,253811,15,,,1,30,,253825,15,,,1,70,,253812,15,,,1,30,,253813,15,,,1,71,,253834,15,,,1,20,,253814,15,,,1,60,,253815,15,,,1,20,,253816,15,,,1,20,,253817,15,,,1,60,,253835,15,,,1,20,,253832,15,,,1,30,,253833,15,,,1,70,,253818,15,,,1,29,,253819,15,,,1,70,,253820,15,,,1,30,,253821,15,,,1,70,,253822,15,,,1,30,,253823,15,,,1,70,,253824,15,,,1
11200,'112-Weekday-6-26-09-1110100',1533,,253836,15,,,1
11200,'112-Weekday-6-26-09-1111100',527,,253837,15,,,1,30,,253838,15,,,1,70,,253839,15,,,1,31,,253866,15,,,1,60,,253865,15,,,1,20,,253868,15,,,1,20,,253840,15,,,1,60,,253869,15,,,1,20,,253867,15,,,1,20,,253841,15,,,1,70,,253842,15,,,1,30,,253843,15,,,1,70,,253844,15,,,1,30,,253845,15,,,1,70,,253846,15,,,1,30,,253847,15,,,1,70,,253864,15,,,1,30,,253848,15,,,1,70,,253849,15,,,1,30,,253863,15,,,1,70,,253850,15,,,1,30,,253851,15,,,1,71,,253872,15,,,1,20,,253852,15,,,1,60,,253853,15,,,1,20,,253854,15,,,1,20,,253855,15,,,1,60,,253873,15,,,1,20,,253870,15,,,1,30,,253871,15,,,1,70,,253856,15,,,1,29,,253857,15,,,1,70,,253858,15,,,1,30,,253859,15,,,1,70,,253860,15,,,1,30,,253861,15,,,1,70,,253862,15,,,1
11200,'112-Weekday-7-26-09-1111100',527,,253874,15,,,1,30,,253875,15,,,1,70,,253876,15,,,1,31,,253903,15,,,1,60,,253902,15,,,1,20,,253905,15,,,1,20,,253877,15,,,1,60,,253906,15,,,1,20,,253904,15,,,1,20,,253878,15,,,1,70,,253879,15,,,1,30,,253880,15,,,1,70,,253881,15,,,1,30,,253882,15,,,1,70,,253883,15,,,1,30,,253884,15,,,1,70,,253901,15,,,1,30,,253885,15,,,1,70,,253886,15,,,1,30,,253900,15,,,1,70,,253887,15,,,1,30,,253888,15,,,1,71,,253909,15,,,1,20,,253889,15,,,1,60,,253890,15,,,1,20,,253891,15,,,1,20,,253892,15,,,1,60,,253910,15,,,1,20,,253907,15,,,1,30,,253908,15,,,1,70,,253893,15,,,1,29,,253894,15,,,1,70,,253895,15,,,1,30,,253896,15,,,1,70,,253897,15,,,1,30,,253898,15,,,1,70,,253899,15,,,1
11200,'112-Saturday-1-26-09-0000010',759,,253911,15,,,1,70,,253912,15,,,1,30,,253913,15,,,1,70,,253914,15,,,1,30,,253915,15,,,1,70,,253916,15,,,1,30,,253917,15,,,1,70,,253918,15,,,1,30,,253919,15,,,1,70,,253920,15,,,1,30,,253921,15,,,1,70,,253922,15,,,1,30,,253923,15,,,1,70,,253924,15,,,1,30,,253925,15,,,1,70,,253926,15,,,1,30,,253927,15,,,1,70,,253928,15,,,1,30,,253929,15,,,1,70,,253930,15,,,1,30,,253931,15,,,1,70,,253932,15,,,1,30,,253933,15,,,1
11200,'112-Sunday-1-26-09-0000001',1011,,253934,15,,,1,30,,253935,15,,,1,70,,253936,15,,,1,30,,253937,15,,,1,70,,253938,15,,,1,30,,253939,15,,,1,70,,253940,15,,,1,30,,253941,15,,,1,70,,253942,15,,,1,30,,253943,15,,,1,70,,253944,15,,,1,30,,253945,15,,,1,70,,253946,15,,,1,30,,253947,15,,,1,68,,253948,15,,,1,30,,253949,15,,,1,70,,253950,15,,,1,30,,253951,15,,,1
61300,'613-Weekday-1-26-09-1111100',720,,273258,5,,,1,90,,273259,5,,,1
61300,'613-Weekday-4-26-09-1111100',720,,273261,5,,,1
61300,'613-Weekday-7-26-09-1111100',720,,273262,5,,,1,90,,273263,5,,,1
61801,'618-Weekday-1-26-09-1111100',800,,273323,5,,,1
61801,'618-Weekday-4-26-09-1111100',800,,273324,5,,,1
61801,'618-Weekday-7-26-09-1111100',800,,273325,5,,,1
24015001,'150X-Weekday-1-26-09-1111100',603,,308326,5,,,1,20,,308320,5,,,1,20,,308321,5,,,1,60,,308322,5,,,1,15,,308323,5,,,1,15,,308324,5,,,1,15,,308325,5,,,1,55,,308318,5,,,1,15,,308317,5,,,1,15,,308319,5,,,1
24015001,'150X-Weekday-3-26-09-1111100',603,,308346,5,,,1,20,,308340,5,,,1,20,,308341,5,,,1,60,,308342,5,,,1,15,,308343,5,,,1,15,,308344,5,,,1,15,,308345,5,,,1,55,,308338,5,,,1,15,,308337,5,,,1,15,,308339,5,,,1
24015001,'150X-Weekday-4-26-09-1111100',603,,308356,5,,,1,20,,308350,5,,,1,20,,308351,5,,,1,60,,308352,5,,,1,15,,308353,5,,,1,15,,308354,5,,,1,15,,308355,5,,,1,55,,308348,5,,,1,15,,308347,5,,,1,15,,308349,5,,,1
24015001,'150X-Weekday-5-26-09-1111100',603,,308366,5,,,1,20,,308360,5,,,1,20,,308361,5,,,1,60,,308362,5,,,1,15,,308363,5,,,1,15,,308364,5,,,1,15,,308365,5,,,1,55,,308358,5,,,1,15,,308357,5,,,1,15,,308359,5,,,1
24015001,'150X-Weekday-6-26-09-1111100',603,,308376,5,,,1,20,,308370,5,,,1,20,,308371,5,,,1,60,,308372,5,,,1,15,,308373,5,,,1,15,,308374,5,,,1,15,,308375,5,,,1,55,,308368,5,,,1,15,,308367,5,,,1,15,,308369,5,,,1
24015001,'150X-Weekday-7-26-09-1111100',603,,308386,5,,,1,20,,308380,5,,,1,20,,308381,5,,,1,60,,308382,5,,,1,15,,308383,5,,,1,15,,308384,5,,,1,15,,308385,5,,,1,55,,308378,5,,,1,15,,308377,5,,,1,15,,308379,5,,,1
