90100,'901-Weekday-1-26-06-1111100',513,,182595,21,,,1,20,,182596,21,,,1,20,,182597,21,,,1,58,,182598,21,,,1,12,,182599,21,,,1,11,,182600,21,,,1,15,,182601,21,,,1,10,,182602,21,,,1,50,,182603,21,,,1,10,,182604,21,,,1,10,,182605,21,,,1,10,,182606,21,,,1,10,,182607,21,,,1,10,,182608,21,,,1,50,,182609,21,,,1,10,,182610,21,,,1,10,,182611,21,,,1,10,,182612,21,,,1,10,,182613,21,,,1,53,,182614,21,,,1,14,,182615,21,,,1,15,,182616,21,,,1,15,,182617,21,,,1,55,,182618,21,,,1,15,,182619,21,,,1,15,,182620,21,,,1,15,,182621,21,,,1,55,,182622,21,,,1,15,,182623,21,,,1,15,,182624,21,,,1,15,,182625,21,,,1,55,,182626,21,,,1,15,,182627,21,,,1,15,,182628,21,,,1,15,,182629,21,,,1,55,,182630,21,,,1,15,,182631,21,,,1,15,,182632,21,,,1,15,,182633,21,,,1,55,,182634,21,,,1,15,,182635,21,,,1,15,,182636,21,,,1,15,,182637,21,,,1,56,,182638,21,,,1,17,,182639,21,,,1,14,,182640,21,,,1,15,,182641,21,,,1,55,,182642,21,,,1,15,,182643,21,,,1,15,,182644,21,,,1,15,,182645,21,,,1,55,,182646,21,,,1,15,,182647,21,,,1,16,,182648,21,,,1,14,,182649,21,,,1,61,,182650,21,,,1,19,,182651,21,,,1,16,,182652,21,,,1,60,,182653,21,,,1,20,,182654,21,,,1,20,,182655,21,,,1,60,,182656,21,,,1,20,,182594,21,,,1,20,,182657,21,,,1,60,,182658,21,,,1,20,,182659,21,,,1,19,,182660,21,,,1,65,,182661,21,,,1,29,,182662,21,,,1,70,,182663,21,,,1,30,,182664,21,,,1,70,,182665,21,,,1,30,,182666,21,,,1
90100,'901-Weekday-2-26-06-1111100',513,,200040,21,,,1,20,,200041,21,,,1,20,,200042,21,,,1,58,,200043,21,,,1,12,,200044,21,,,1,11,,200045,21,,,1,15,,200046,21,,,1,10,,200047,21,,,1,50,,200048,21,,,1,10,,200049,21,,,1,10,,200050,21,,,1,10,,200051,21,,,1,10,,200052,21,,,1,10,,200053,21,,,1,50,,200054,21,,,1,10,,200055,21,,,1,10,,200056,21,,,1,10,,200057,21,,,1,10,,200058,21,,,1,53,,200059,21,,,1,14,,200060,21,,,1,15,,200061,21,,,1,15,,200062,21,,,1,55,,200063,21,,,1,15,,200064,21,,,1,15,,200065,21,,,1,15,,200066,21,,,1,55,,200067,21,,,1,15,,200068,21,,,1,15,,200069,21,,,1,15,,200070,21,,,1,55,,200071,21,,,1,15,,200072,21,,,1,15,,200073,21,,,1,15,,200074,21,,,1,55,,200075,21,,,1,15,,200076,21,,,1,15,,200077,21,,,1,15,,200078,21,,,1,55,,200079,21,,,1,15,,200080,21,,,1,15,,200081,21,,,1,15,,200082,21,,,1,56,,200083,21,,,1,17,,200084,21,,,1,14,,200085,21,,,1,15,,200086,21,,,1,55,,200087,21,,,1,15,,200088,21,,,1,15,,200089,21,,,1,15,,200090,21,,,1,55,,200091,21,,,1,15,,200092,21,,,1,16,,200093,21,,,1,14,,200094,21,,,1,61,,200095,21,,,1,19,,200096,21,,,1,16,,200097,21,,,1,60,,200098,21,,,1,20,,200099,21,,,1,20,,200100,21,,,1,60,,200101,21,,,1,20,,200039,21,,,1,20,,200102,21,,,1,60,,200103,21,,,1,20,,200104,21,,,1,19,,200105,21,,,1,65,,200106,21,,,1,29,,200107,21,,,1,70,,200108,21,,,1,30,,200109,21,,,1,70,,200110,21,,,1,30,,200111,21,,,1
90100,'901-Saturday-1-26-06-0000010',538,,182667,21,,,1,70,,182668,21,,,1,30,,182669,21,,,1,70,,182670,21,,,1,30,,182671,21,,,1,70,,182672,21,,,1,20,,182673,21,,,1,20,,182674,21,,,1,62,,182675,21,,,1,20,,182676,21,,,1,20,,182677,21,,,1,63,,182678,21,,,1,20,,182679,21,,,1,20,,182680,21,,,1,60,,182681,21,,,1,20,,182682,21,,,1,20,,182683,21,,,1,60,,182684,21,,,1,20,,182685,21,,,1,20,,182686,21,,,1,60,,182687,21,,,1,20,,182688,21,,,1,20,,182689,21,,,1,60,,182690,21,,,1,20,,182691,21,,,1,20,,182692,21,,,1,60,,182693,21,,,1,20,,182694,21,,,1,20,,182695,21,,,1,60,,182696,21,,,1,20,,182697,21,,,1,20,,182698,21,,,1,60,,182699,21,,,1,20,,182700,21,,,1,20,,182701,21,,,1,60,,182702,21,,,1,20,,182703,21,,,1,20,,182704,21,,,1,66,,182705,21,,,1,30,,182706,21,,,1,70,,182707,21,,,1,30,,182708,21,,,1,70,,182709,21,,,1,30,,182710,21,,,1,70,,182711,21,,,1,30,,182712,21,,,1,70,,182713,21,,,1,30,,182714,21,,,1,70,,182715,21,,,1
90100,'901-Saturday-2-26-06-0000010',538,,221910,21,,,1,70,,221911,21,,,1,30,,221912,21,,,1,70,,221913,21,,,1,30,,221914,21,,,1,70,,221915,21,,,1,20,,221916,21,,,1,20,,221917,21,,,1,62,,221918,21,,,1,20,,221919,21,,,1,20,,221920,21,,,1,63,,221921,21,,,1,20,,221922,21,,,1,20,,221923,21,,,1,60,,221924,21,,,1,20,,221925,21,,,1,20,,221926,21,,,1,60,,221927,21,,,1,20,,221928,21,,,1,20,,221929,21,,,1,60,,221930,21,,,1,20,,221931,21,,,1,20,,221932,21,,,1,60,,221933,21,,,1,20,,221934,21,,,1,20,,221935,21,,,1,60,,221936,21,,,1,20,,221937,21,,,1,20,,221938,21,,,1,60,,221939,21,,,1,20,,221940,21,,,1,20,,221941,21,,,1,60,,221942,21,,,1,20,,221943,21,,,1,20,,221944,21,,,1,60,,221945,21,,,1,20,,221946,21,,,1,20,,221947,21,,,1,66,,221948,21,,,1,30,,221949,21,,,1,70,,221950,21,,,1,30,,221951,21,,,1,70,,221952,21,,,1,30,,221953,21,,,1,70,,221954,21,,,1,30,,221955,21,,,1,70,,221956,21,,,1,30,,221957,21,,,1,70,,221958,21,,,1
90100,'901-Sunday-3-26-06-0000001',557,,200112,21,,,1,100,,200113,21,,,1,100,,200114,21,,,1,101,,200115,21,,,1,71,,200116,21,,,1,30,,200117,21,,,1,70,,200118,21,,,1,30,,200119,21,,,1,70,,200120,21,,,1,30,,200121,21,,,1,70,,200122,21,,,1,30,,200123,21,,,1,70,,200124,21,,,1,30,,200125,21,,,1,70,,200126,21,,,1,30,,200127,21,,,1,70,,200128,21,,,1,30,,200129,21,,,1,70,,200130,21,,,1,30,,200131,21,,,1,70,,200132,21,,,1,30,,200133,21,,,1,70,,200134,21,,,1,30,,200135,21,,,1,70,,200136,21,,,1,30,,200137,21,,,1,70,,200138,21,,,1,30,,200139,21,,,1,100,,200140,21,,,1,100,,200141,21,,,1,100,,200142,21,,,1
90100,'901-Sunday-4-26-06-0000001',557,,221959,21,,,1,100,,221960,21,,,1,100,,221961,21,,,1,101,,221962,21,,,1,71,,221963,21,,,1,30,,221964,21,,,1,70,,221965,21,,,1,30,,221966,21,,,1,70,,221967,21,,,1,30,,221968,21,,,1,70,,221969,21,,,1,30,,221970,21,,,1,70,,221971,21,,,1,30,,221972,21,,,1,70,,221973,21,,,1,30,,221974,21,,,1,70,,221975,21,,,1,30,,221976,21,,,1,70,,221977,21,,,1,30,,221978,21,,,1,70,,221979,21,,,1,30,,221980,21,,,1,70,,221981,21,,,1,30,,221982,21,,,1,70,,221983,21,,,1,30,,221984,21,,,1,70,,221985,21,,,1,30,,221986,21,,,1,100,,221987,21,,,1,100,,221988,21,,,1,100,,221989,21,,,1
90100,'901-Sunday-7-26-06-0000001',557,,221990,21,,,1,100,,221991,21,,,1,100,,221992,21,,,1,101,,221993,21,,,1,71,,221994,21,,,1,30,,221995,21,,,1,70,,221996,21,,,1,30,,221997,21,,,1,70,,221998,21,,,1,30,,221999,21,,,1,70,,222000,21,,,1,30,,222001,21,,,1,70,,222002,21,,,1,30,,222003,21,,,1,70,,222004,21,,,1,30,,222005,21,,,1,70,,222006,21,,,1,30,,222007,21,,,1,70,,222008,21,,,1,30,,222009,21,,,1,70,,222010,21,,,1,30,,222011,21,,,1,70,,222012,21,,,1,30,,222013,21,,,1,70,,222014,21,,,1,30,,222015,21,,,1,70,,222016,21,,,1,30,,222017,21,,,1,100,,222018,21,,,1,100,,222019,21,,,1,100,,222020,21,,,1
90100,'901-Sunday-8-26-06-0000001',557,,222021,21,,,1,100,,222022,21,,,1,100,,222023,21,,,1,101,,222024,21,,,1,71,,222025,21,,,1,30,,222026,21,,,1,70,,222027,21,,,1,30,,222028,21,,,1,70,,222029,21,,,1,30,,222030,21,,,1,70,,222031,21,,,1,30,,222032,21,,,1,70,,222033,21,,,1,30,,222034,21,,,1,70,,222035,21,,,1,30,,222036,21,,,1,70,,222037,21,,,1,30,,222038,21,,,1,70,,222039,21,,,1,30,,222040,21,,,1,70,,222041,21,,,1,30,,222042,21,,,1,70,,222043,21,,,1,30,,222044,21,,,1,70,,222045,21,,,1,30,,222046,21,,,1,70,,222047,21,,,1,30,,222048,21,,,1,100,,222049,21,,,1,100,,222050,21,,,1,100,,222051,21,,,1
90200,'902-Weekday-1-26-06-1111100',543,,182966,16,,,1,70,,182967,15,,,1,33,,182968,15,,,1,70,,182969,16,,,1,30,,182970,15,,,1,70,,182971,15,,,1,30,,182972,15,,,1,71,,182973,15,,,1,30,,182974,15,,,1,64,,182975,15,,,1,20,,182976,15,,,1,20,,182977,15,,,1,60,,182978,16,,,1,20,,182979,15,,,1,20,,182980,15,,,1,60,,182981,16,,,1,20,,182982,16,,,1,20,,182983,15,,,1,60,,182984,15,,,1,20,,182985,15,,,1,20,,182986,15,,,1,60,,182987,15,,,1,20,,182988,16,,,1,16,,182989,15,,,1,56,,182990,15,,,1,18,,182991,15,,,1,15,,182992,16,,,1,15,,182993,15,,,1,55,,182994,16,,,1,15,,182995,15,,,1,15,,182996,16,,,1,15,,182997,15,,,1,55,,182998,16,,,1,15,,182999,15,,,1,15,,183000,16,,,1,17,,183001,15,,,1,61,,183002,15,,,1,26,,183003,15,,,1,69,,183004,15,,,1,30,,183005,15,,,1,70,,183006,15,,,1,30,,183007,15,,,1,70,,183008,15,,,1,30,,183009,15,,,1,79,,183010,15,,,1,100,,183011,16,,,1
90200,'902-Weekday-2-26-06-1111100',543,,200249,16,,,1,70,,200250,15,,,1,33,,200251,15,,,1,70,,200252,16,,,1,30,,200253,15,,,1,70,,200254,15,,,1,30,,200255,15,,,1,71,,200256,15,,,1,30,,200257,15,,,1,64,,200258,15,,,1,20,,200259,15,,,1,20,,200260,15,,,1,60,,200261,16,,,1,20,,200262,15,,,1,20,,200263,15,,,1,60,,200264,16,,,1,20,,200265,16,,,1,20,,200266,15,,,1,60,,200267,15,,,1,20,,200268,15,,,1,20,,200269,15,,,1,60,,200270,15,,,1,20,,200271,16,,,1,16,,200272,15,,,1,56,,200273,15,,,1,18,,200274,15,,,1,15,,200275,16,,,1,15,,200276,15,,,1,55,,200277,16,,,1,15,,200278,15,,,1,15,,200279,16,,,1,15,,200280,15,,,1,55,,200281,16,,,1,15,,200282,15,,,1,15,,200283,16,,,1,17,,200284,15,,,1,61,,200285,15,,,1,26,,200286,15,,,1,69,,200287,15,,,1,30,,200288,15,,,1,70,,200289,15,,,1,30,,200290,15,,,1,70,,200291,15,,,1,30,,200292,15,,,1,79,,200293,15,,,1,100,,200294,16,,,1
90200,'902-Saturday-1-26-06-0000010',601,,183012,16,,,1,100,,183013,15,,,1,100,,183014,15,,,1,37,,183015,16,,,1,71,,183016,16,,,1,31,,183017,15,,,1,70,,183018,15,,,1,30,,183019,15,,,1,70,,183020,15,,,1,30,,183021,15,,,1,70,,183022,15,,,1,30,,183023,16,,,1,70,,183024,15,,,1,30,,183025,15,,,1,70,,183026,15,,,1,30,,183027,15,,,1,70,,183028,15,,,1,30,,183029,15,,,1,70,,183030,15,,,1,30,,183031,15,,,1,69,,183032,15,,,1,33,,183038,15,,,1,70,,183039,15,,,1,30,,183040,15,,,1,100,,183033,15,,,1,100,,183034,15,,,1,100,,183035,15,,,1,100,,183036,15,,,1,100,,183037,15,,,1
90200,'902-Saturday-2-26-06-0000010',601,,222194,16,,,1,100,,222195,15,,,1,100,,222196,15,,,1,37,,222197,16,,,1,71,,222198,16,,,1,31,,222199,15,,,1,70,,222200,15,,,1,30,,222201,15,,,1,70,,222202,15,,,1,30,,222203,15,,,1,70,,222204,15,,,1,30,,222205,16,,,1,70,,222206,15,,,1,30,,222207,15,,,1,70,,222208,15,,,1,30,,222209,15,,,1,70,,222210,15,,,1,30,,222211,15,,,1,70,,222212,15,,,1,30,,222213,15,,,1,69,,222214,15,,,1,33,,222220,15,,,1,70,,222221,15,,,1,30,,222222,15,,,1,100,,222215,15,,,1,100,,222216,15,,,1,100,,222217,15,,,1,100,,222218,15,,,1,100,,222219,15,,,1
90200,'902-Sunday-2-26-06-0000001',603,,200295,16,,,1,100,,200296,15,,,1,100,,200297,15,,,1,99,,200320,15,,,1,100,,200321,15,,,1,45,,200322,16,,,1,70,,200298,16,,,1,30,,200299,15,,,1,70,,200300,15,,,1,30,,200301,15,,,1,70,,200302,15,,,1,30,,200303,15,,,1,70,,200304,15,,,1,30,,200305,15,,,1,70,,200306,15,,,1,30,,200307,15,,,1,70,,200308,15,,,1,30,,200309,15,,,1,70,,200310,15,,,1,30,,200311,15,,,1,70,,200312,15,,,1,30,,200313,15,,,1,70,,200314,15,,,1,100,,200315,16,,,1,100,,200316,15,,,1,100,,200317,15,,,1,100,,200318,15,,,1,100,,200319,15,,,1
90200,'902-Sunday-3-26-06-0000001',603,,222223,16,,,1,100,,222224,15,,,1,100,,222225,15,,,1,99,,222248,15,,,1,100,,222249,15,,,1,45,,222250,16,,,1,70,,222226,16,,,1,30,,222227,15,,,1,70,,222228,15,,,1,30,,222229,15,,,1,70,,222230,15,,,1,30,,222231,15,,,1,70,,222232,15,,,1,30,,222233,15,,,1,70,,222234,15,,,1,30,,222235,15,,,1,70,,222236,15,,,1,30,,222237,15,,,1,70,,222238,15,,,1,30,,222239,15,,,1,70,,222240,15,,,1,30,,222241,15,,,1,70,,222242,15,,,1,100,,222243,16,,,1,100,,222244,15,,,1,100,,222245,15,,,1,100,,222246,15,,,1,100,,222247,15,,,1
90200,'902-Sunday-6-26-06-0000001',603,,222251,16,,,1,100,,222252,15,,,1,100,,222253,15,,,1,99,,222276,15,,,1,100,,222277,15,,,1,45,,222278,16,,,1,70,,222254,16,,,1,30,,222255,15,,,1,70,,222256,15,,,1,30,,222257,15,,,1,70,,222258,15,,,1,30,,222259,15,,,1,70,,222260,15,,,1,30,,222261,15,,,1,70,,222262,15,,,1,30,,222263,15,,,1,70,,222264,15,,,1,30,,222265,15,,,1,70,,222266,15,,,1,30,,222267,15,,,1,70,,222268,15,,,1,30,,222269,15,,,1,70,,222270,15,,,1,100,,222271,16,,,1,100,,222272,15,,,1,100,,222273,15,,,1,100,,222274,15,,,1,100,,222275,15,,,1
90200,'902-Sunday-7-26-06-0000001',603,,222279,16,,,1,100,,222280,15,,,1,100,,222281,15,,,1,99,,222304,15,,,1,100,,222305,15,,,1,45,,222306,16,,,1,70,,222282,16,,,1,30,,222283,15,,,1,70,,222284,15,,,1,30,,222285,15,,,1,70,,222286,15,,,1,30,,222287,15,,,1,70,,222288,15,,,1,30,,222289,15,,,1,70,,222290,15,,,1,30,,222291,15,,,1,70,,222292,15,,,1,30,,222293,15,,,1,70,,222294,15,,,1,30,,222295,15,,,1,70,,222296,15,,,1,30,,222297,15,,,1,70,,222298,15,,,1,100,,222299,16,,,1,100,,222300,15,,,1,100,,222301,15,,,1,100,,222302,15,,,1,100,,222303,15,,,1
