10401,'104-Weekday-1-26-09-1111100',550,,249397,10,,,1,70,,249398,10,,,1,30,,249422,10,,,1,57,,249421,10,,,1,17,,249420,10,,,1,15,,249399,10,,,1,15,,249407,10,,,1,54,,249417,10,,,1,16,,249419,10,,,1,16,,249425,10,,,1,2,,249418,10,,,1,58,,249416,10,,,1,21,,249426,10,,,1,20,,249427,10,,,1,60,,249428,10,,,1,20,,249429,10,,,1,20,,249430,10,,,1,60,,249431,10,,,1,20,,249432,10,,,1,20,,249433,10,,,1,60,,249434,10,,,1,20,,249435,10,,,1,20,,249436,10,,,1,60,,249437,10,,,1,20,,249438,10,,,1,20,,249439,10,,,1,60,,249440,10,,,1,20,,249441,10,,,1,20,,249442,10,,,1,59,,249443,10,,,1,17,,249424,10,,,1,17,,249408,10,,,1,20,,249400,10,,,1,61,,249401,10,,,1,21,,249409,10,,,1,20,,249402,10,,,1,63,,249423,10,,,1,30,,249406,10,,,1,70,,249403,10,,,1,31,,249404,10,,,1,70,,249405,10,,,1,30,,249410,10,,,1,70,,249411,10,,,1,30,,249412,10,,,1,70,,249413,10,,,1,30,,249414,10,,,1,69,,249415,10,,,1
10401,'104-Weekday-2-26-09-1111100',550,,249444,10,,,1,70,,249445,10,,,1,30,,249469,10,,,1,57,,249468,10,,,1,17,,249467,10,,,1,15,,249446,10,,,1,15,,249454,10,,,1,54,,249464,10,,,1,16,,249466,10,,,1,16,,249472,10,,,1,2,,249465,10,,,1,58,,249463,10,,,1,21,,249473,10,,,1,20,,249474,10,,,1,60,,249475,10,,,1,20,,249476,10,,,1,20,,249477,10,,,1,60,,249478,10,,,1,20,,249479,10,,,1,20,,249480,10,,,1,60,,249481,10,,,1,20,,249482,10,,,1,20,,249483,10,,,1,60,,249484,10,,,1,20,,249485,10,,,1,20,,249486,10,,,1,60,,249487,10,,,1,20,,249488,10,,,1,20,,249489,10,,,1,59,,249490,10,,,1,17,,249471,10,,,1,17,,249455,10,,,1,20,,249447,10,,,1,61,,249448,10,,,1,21,,249456,10,,,1,20,,249449,10,,,1,63,,249470,10,,,1,30,,249453,10,,,1,70,,249450,10,,,1,31,,249451,10,,,1,70,,249452,10,,,1,30,,249457,10,,,1,70,,249458,10,,,1,30,,249459,10,,,1,70,,249460,10,,,1,30,,249461,10,,,1,69,,249462,10,,,1
10401,'104-Weekday-3-26-09-1111100',550,,249491,10,,,1,70,,249492,10,,,1,30,,249515,10,,,1,57,,249514,10,,,1,17,,249513,10,,,1,15,,249493,10,,,1,15,,249501,10,,,1,54,,249511,10,,,1,16,,249512,10,,,1,16,,249518,10,,,1,60,,249510,10,,,1,21,,249519,10,,,1,20,,249520,10,,,1,60,,249521,10,,,1,20,,249522,10,,,1,20,,249523,10,,,1,60,,249524,10,,,1,20,,249525,10,,,1,20,,249526,10,,,1,60,,249527,10,,,1,20,,249528,10,,,1,20,,249529,10,,,1,60,,249530,10,,,1,20,,249531,10,,,1,20,,249532,10,,,1,60,,249533,10,,,1,20,,249534,10,,,1,20,,249535,10,,,1,59,,249536,10,,,1,17,,249517,10,,,1,17,,249502,10,,,1,20,,249494,10,,,1,61,,249495,10,,,1,21,,249503,10,,,1,20,,249496,10,,,1,63,,249516,10,,,1,30,,249500,10,,,1,70,,249497,10,,,1,31,,249498,10,,,1,70,,249499,10,,,1,30,,249504,10,,,1,70,,249505,10,,,1,30,,249506,10,,,1,70,,249507,10,,,1,30,,249508,10,,,1,69,,249509,10,,,1
10401,'104-Weekday-4-26-09-1111100',550,,249537,10,,,1,70,,249538,10,,,1,30,,249561,10,,,1,57,,249560,10,,,1,17,,249559,10,,,1,15,,249539,10,,,1,15,,249547,10,,,1,54,,249557,10,,,1,16,,249558,10,,,1,16,,249564,10,,,1,60,,249556,10,,,1,21,,249565,10,,,1,20,,249566,10,,,1,60,,249567,10,,,1,20,,249568,10,,,1,20,,249569,10,,,1,60,,249570,10,,,1,20,,249571,10,,,1,20,,249572,10,,,1,60,,249573,10,,,1,20,,249574,10,,,1,20,,249575,10,,,1,60,,249576,10,,,1,20,,249577,10,,,1,20,,249578,10,,,1,60,,249579,10,,,1,20,,249580,10,,,1,20,,249581,10,,,1,59,,249582,10,,,1,17,,249563,10,,,1,17,,249548,10,,,1,20,,249540,10,,,1,61,,249541,10,,,1,21,,249549,10,,,1,20,,249542,10,,,1,63,,249562,10,,,1,30,,249546,10,,,1,70,,249543,10,,,1,31,,249544,10,,,1,70,,249545,10,,,1,30,,249550,10,,,1,70,,249551,10,,,1,30,,249552,10,,,1,70,,249553,10,,,1,30,,249554,10,,,1,69,,249555,10,,,1
10401,'104-Weekday-5-26-09-1111100',550,,249583,10,,,1,70,,249584,10,,,1,30,,249607,10,,,1,57,,249606,10,,,1,17,,249605,10,,,1,15,,249585,10,,,1,15,,249593,10,,,1,54,,249603,10,,,1,16,,249604,10,,,1,16,,249610,10,,,1,60,,249602,10,,,1,21,,249611,10,,,1,20,,249612,10,,,1,60,,249613,10,,,1,20,,249614,10,,,1,20,,249615,10,,,1,60,,249616,10,,,1,20,,249617,10,,,1,20,,249618,10,,,1,60,,249619,10,,,1,20,,249620,10,,,1,20,,249621,10,,,1,60,,249622,10,,,1,20,,249623,10,,,1,20,,249624,10,,,1,60,,249625,10,,,1,20,,249626,10,,,1,20,,249627,10,,,1,59,,249628,10,,,1,17,,249609,10,,,1,17,,249594,10,,,1,20,,249586,10,,,1,61,,249587,10,,,1,21,,249595,10,,,1,20,,249588,10,,,1,63,,249608,10,,,1,30,,249592,10,,,1,70,,249589,10,,,1,31,,249590,10,,,1,70,,249591,10,,,1,30,,249596,10,,,1,70,,249597,10,,,1,30,,249598,10,,,1,70,,249599,10,,,1,30,,249600,10,,,1,69,,249601,10,,,1
10401,'104-Weekday-6-26-09-1111100',550,,249629,10,,,1,70,,249630,10,,,1,30,,249654,10,,,1,57,,249653,10,,,1,17,,249652,10,,,1,15,,249631,10,,,1,15,,249639,10,,,1,54,,249649,10,,,1,16,,249651,10,,,1,16,,249657,10,,,1,2,,249650,10,,,1,58,,249648,10,,,1,21,,249658,10,,,1,20,,249659,10,,,1,60,,249660,10,,,1,20,,249661,10,,,1,20,,249662,10,,,1,60,,249663,10,,,1,20,,249664,10,,,1,20,,249665,10,,,1,60,,249666,10,,,1,20,,249667,10,,,1,20,,249668,10,,,1,60,,249669,10,,,1,20,,249670,10,,,1,20,,249671,10,,,1,60,,249672,10,,,1,20,,249673,10,,,1,20,,249674,10,,,1,59,,249675,10,,,1,17,,249656,10,,,1,17,,249640,10,,,1,20,,249632,10,,,1,61,,249633,10,,,1,21,,249641,10,,,1,20,,249634,10,,,1,63,,249655,10,,,1,30,,249638,10,,,1,70,,249635,10,,,1,31,,249636,10,,,1,70,,249637,10,,,1,30,,249642,10,,,1,70,,249643,10,,,1,30,,249644,10,,,1,70,,249645,10,,,1,30,,249646,10,,,1,69,,249647,10,,,1
10401,'104-Weekday-7-26-09-1111100',550,,249676,10,,,1,70,,249677,10,,,1,30,,249700,10,,,1,57,,249699,10,,,1,17,,249698,10,,,1,15,,249678,10,,,1,15,,249686,10,,,1,54,,249696,10,,,1,16,,249697,10,,,1,16,,249703,10,,,1,60,,249695,10,,,1,21,,249704,10,,,1,20,,249705,10,,,1,60,,249706,10,,,1,20,,249707,10,,,1,20,,249708,10,,,1,60,,249709,10,,,1,20,,249710,10,,,1,20,,249711,10,,,1,60,,249712,10,,,1,20,,249713,10,,,1,20,,249714,10,,,1,60,,249715,10,,,1,20,,249716,10,,,1,20,,249717,10,,,1,60,,249718,10,,,1,20,,249719,10,,,1,20,,249720,10,,,1,59,,249721,10,,,1,17,,249702,10,,,1,17,,249687,10,,,1,20,,249679,10,,,1,61,,249680,10,,,1,21,,249688,10,,,1,20,,249681,10,,,1,63,,249701,10,,,1,30,,249685,10,,,1,70,,249682,10,,,1,31,,249683,10,,,1,70,,249684,10,,,1,30,,249689,10,,,1,70,,249690,10,,,1,30,,249691,10,,,1,70,,249692,10,,,1,30,,249693,10,,,1,69,,249694,10,,,1
10401,'104-Saturday-1-26-09-0000010',812,,249722,10,,,1,30,,249723,10,,,1,71,,249724,10,,,1,30,,249725,10,,,1,70,,249726,10,,,1,30,,249727,10,,,1,70,,249728,10,,,1,30,,249729,10,,,1,70,,249730,10,,,1,30,,249731,10,,,1,70,,249732,10,,,1,30,,249733,10,,,1,70,,249734,10,,,1,30,,249735,10,,,1,70,,249736,10,,,1,30,,249737,10,,,1,70,,249738,10,,,1,30,,249739,10,,,1,70,,249740,10,,,1,30,,249741,10,,,1,70,,249742,10,,,1,30,,249743,10,,,1,70,,249744,10,,,1
10401,'104-Sunday-1-26-09-0000001',954,,249745,10,,,1,70,,249746,10,,,1,30,,249747,10,,,1,70,,249748,10,,,1,30,,249749,10,,,1,70,,249750,10,,,1,30,,249751,10,,,1,70,,249752,10,,,1,30,,249753,10,,,1,70,,249754,10,,,1,30,,249755,10,,,1,70,,249756,10,,,1,30,,249757,10,,,1,70,,249758,10,,,1,30,,249759,10,,,1,70,,249760,10,,,1,30,,249761,10,,,1,70,,249762,10,,,1,30,,249763,10,,,1
62701,'627-Weekday-1-26-09-1111100',850,,273533,36,,,1
62701,'627-Weekday-3-26-09-1111100',850,,273534,36,,,1
62701,'627-Weekday-7-26-09-1111100',850,,273535,36,,,1
