11101,'111-Weekday-1-26-06-1111100',939,,171491,24,,,1,100,,171492,24,,,1,100,,171493,24,,,1,100,,171494,24,,,1,100,,171495,24,,,1,100,,171496,24,,,1,100,,171497,24,,,1
11101,'111-Weekday-2-26-06-1111100',939,,193562,24,,,1,100,,193563,24,,,1,100,,193564,24,,,1,100,,193565,24,,,1,100,,193566,24,,,1,100,,193567,24,,,1,100,,193568,24,,,1
11101,'111-Saturday-1-26-06-0000010',922,,171498,17,,,1,100,,171500,17,,,1,100,,171501,17,,,1,100,,171502,17,,,1,100,,171503,17,,,1,100,,171504,17,,,1,100,,171499,17,,,1
11101,'111-Saturday-2-26-06-0000010',922,,212036,17,,,1,100,,212038,17,,,1,100,,212039,17,,,1,100,,212040,17,,,1,100,,212041,17,,,1,100,,212042,17,,,1,100,,212037,17,,,1
1000100,'001-Weekday-1-26-06-1111100',503,,186272,7,,,1,40,,186273,7,,,1,80,,186274,7,,,1,82,,186275,7,,,1,20,,186276,7,,,1,20,,186277,7,,,1,60,,186278,7,,,1,20,,186279,7,,,1,25,,186280,7,,,1,70,,186281,7,,,1,30,,186282,7,,,1,70,,186283,7,,,1,30,,186284,7,,,1,70,,186285,7,,,1,30,,186286,7,,,1,70,,186287,7,,,1,30,,186288,7,,,1,70,,186289,7,,,1,30,,186290,7,,,1,70,,186291,7,,,1,30,,186292,7,,,1,68,,186293,7,,,1,20,,186294,7,,,1,20,,186295,7,,,1,60,,186296,7,,,1,20,,186297,7,,,1,20,,186298,7,,,1,65,,186299,7,,,1,30,,186300,7,,,1,70,,186301,7,,,1,30,,186302,7,,,1,70,,186303,7,,,1,30,,186304,7,,,1,70,,186305,7,,,1,30,,186306,7,,,1,70,,186307,7,,,1,27,,186308,7,,,1,79,,186309,7,,,1,80,,186310,7,,,1,40,,186311,7,,,1
1000100,'001-Weekday-2-26-06-1111100',503,,202517,7,,,1,40,,202518,7,,,1,80,,202519,7,,,1,82,,202520,7,,,1,20,,202521,7,,,1,20,,202522,7,,,1,60,,202523,7,,,1,20,,202524,7,,,1,25,,202525,7,,,1,70,,202526,7,,,1,30,,202527,7,,,1,70,,202528,7,,,1,30,,202529,7,,,1,70,,202530,7,,,1,30,,202531,7,,,1,70,,202532,7,,,1,30,,202533,7,,,1,70,,202534,7,,,1,30,,202535,7,,,1,70,,202536,7,,,1,30,,202537,7,,,1,68,,202538,7,,,1,20,,202539,7,,,1,20,,202540,7,,,1,60,,202541,7,,,1,20,,202542,7,,,1,20,,202543,7,,,1,65,,202544,7,,,1,30,,202545,7,,,1,70,,202546,7,,,1,30,,202547,7,,,1,70,,202548,7,,,1,30,,202549,7,,,1,70,,202550,7,,,1,30,,202551,7,,,1,70,,202552,7,,,1,27,,202553,7,,,1,79,,202554,7,,,1,80,,202555,7,,,1,40,,202556,7,,,1
1000100,'001-Saturday-1-26-06-0000010',625,,186312,7,,,1,80,,186313,7,,,1,40,,186314,7,,,1,75,,186315,7,,,1,30,,186316,7,,,1,70,,186317,7,,,1,30,,186318,7,,,1,70,,186319,7,,,1,30,,186320,7,,,1,70,,186321,7,,,1,30,,186322,7,,,1,70,,186323,7,,,1,30,,186324,7,,,1,70,,186325,7,,,1,30,,186326,7,,,1,70,,186327,7,,,1,30,,186328,7,,,1,70,,186329,7,,,1,30,,186330,7,,,1,70,,186331,7,,,1,30,,186332,7,,,1,70,,186333,7,,,1,30,,186334,7,,,1,70,,186335,7,,,1,28,,186336,7,,,1,72,,186337,7,,,1,30,,186338,7,,,1,69,,186339,7,,,1,31,,186340,7,,,1,70,,186341,7,,,1,30,,186342,7,,,1,70,,186343,7,,,1,30,,186344,7,,,1,75,,186345,7,,,1,80,,186346,7,,,1
1000100,'001-Saturday-2-26-06-0000010',625,,225539,7,,,1,80,,225540,7,,,1,40,,225541,7,,,1,75,,225542,7,,,1,30,,225543,7,,,1,70,,225544,7,,,1,30,,225545,7,,,1,70,,225546,7,,,1,30,,225547,7,,,1,70,,225548,7,,,1,30,,225549,7,,,1,70,,225550,7,,,1,30,,225551,7,,,1,70,,225552,7,,,1,30,,225553,7,,,1,70,,225554,7,,,1,30,,225555,7,,,1,70,,225556,7,,,1,30,,225557,7,,,1,70,,225558,7,,,1,30,,225559,7,,,1,70,,225560,7,,,1,30,,225561,7,,,1,70,,225562,7,,,1,28,,225563,7,,,1,72,,225564,7,,,1,30,,225565,7,,,1,69,,225566,7,,,1,31,,225567,7,,,1,70,,225568,7,,,1,30,,225569,7,,,1,70,,225570,7,,,1,30,,225571,7,,,1,75,,225572,7,,,1,80,,225573,7,,,1
1000100,'001-Sunday-3-26-06-0000001',601,,202557,7,,,1,40,,202558,7,,,1,80,,202559,7,,,1,80,,202560,7,,,1,40,,202561,7,,,1,80,,202562,7,,,1,80,,202563,7,,,1,35,,202564,7,,,1,70,,202565,7,,,1,30,,202566,7,,,1,70,,202567,7,,,1,30,,202568,7,,,1,70,,202569,7,,,1,30,,202570,7,,,1,70,,202571,7,,,1,30,,202572,7,,,1,70,,202573,7,,,1,30,,202574,7,,,1,70,,202575,7,,,1,30,,202576,7,,,1,70,,202577,7,,,1,30,,202578,7,,,1,70,,202579,7,,,1,30,,202580,7,,,1,68,,202581,7,,,1,40,,202582,7,,,1,80,,202583,7,,,1,80,,202584,7,,,1,40,,202585,7,,,1,80,,202586,7,,,1,80,,202587,7,,,1,40,,202588,7,,,1
1000100,'001-Sunday-4-26-06-0000001',601,,225574,7,,,1,40,,225575,7,,,1,80,,225576,7,,,1,80,,225577,7,,,1,40,,225578,7,,,1,80,,225579,7,,,1,80,,225580,7,,,1,35,,225581,7,,,1,70,,225582,7,,,1,30,,225583,7,,,1,70,,225584,7,,,1,30,,225585,7,,,1,70,,225586,7,,,1,30,,225587,7,,,1,70,,225588,7,,,1,30,,225589,7,,,1,70,,225590,7,,,1,30,,225591,7,,,1,70,,225592,7,,,1,30,,225593,7,,,1,70,,225594,7,,,1,30,,225595,7,,,1,70,,225596,7,,,1,30,,225597,7,,,1,68,,225598,7,,,1,40,,225599,7,,,1,80,,225600,7,,,1,80,,225601,7,,,1,40,,225602,7,,,1,80,,225603,7,,,1,80,,225604,7,,,1,40,,225605,7,,,1
1000100,'001-Sunday-7-26-06-0000001',601,,225606,7,,,1,40,,225607,7,,,1,80,,225608,7,,,1,80,,225609,7,,,1,40,,225610,7,,,1,80,,225611,7,,,1,80,,225612,7,,,1,35,,225613,7,,,1,70,,225614,7,,,1,30,,225615,7,,,1,70,,225616,7,,,1,30,,225617,7,,,1,70,,225618,7,,,1,30,,225619,7,,,1,70,,225620,7,,,1,30,,225621,7,,,1,70,,225622,7,,,1,30,,225623,7,,,1,70,,225624,7,,,1,30,,225625,7,,,1,70,,225626,7,,,1,30,,225627,7,,,1,70,,225628,7,,,1,30,,225629,7,,,1,68,,225630,7,,,1,40,,225631,7,,,1,80,,225632,7,,,1,80,,225633,7,,,1,40,,225634,7,,,1,80,,225635,7,,,1,80,,225636,7,,,1,40,,225637,7,,,1
1000100,'001-Sunday-8-26-06-0000001',601,,225638,7,,,1,40,,225639,7,,,1,80,,225640,7,,,1,80,,225641,7,,,1,40,,225642,7,,,1,80,,225643,7,,,1,80,,225644,7,,,1,35,,225645,7,,,1,70,,225646,7,,,1,30,,225647,7,,,1,70,,225648,7,,,1,30,,225649,7,,,1,70,,225650,7,,,1,30,,225651,7,,,1,70,,225652,7,,,1,30,,225653,7,,,1,70,,225654,7,,,1,30,,225655,7,,,1,70,,225656,7,,,1,30,,225657,7,,,1,70,,225658,7,,,1,30,,225659,7,,,1,70,,225660,7,,,1,30,,225661,7,,,1,68,,225662,7,,,1,40,,225663,7,,,1,80,,225664,7,,,1,80,,225665,7,,,1,40,,225666,7,,,1,80,,225667,7,,,1,80,,225668,7,,,1,40,,225669,7,,,1
2000100,'001-Weekday-1-26-06-1111100',524,,186555,7,,,1,80,,186556,7,,,1,41,,186557,7,,,1,70,,186558,7,,,1,20,,186559,7,,,1,20,,186560,7,,,1,60,,186561,7,,,1,20,,186562,7,,,1,70,,186563,7,,,1,30,,186564,7,,,1,70,,186565,7,,,1,30,,186566,7,,,1,70,,186567,7,,,1,30,,186568,7,,,1,70,,186569,7,,,1,30,,186570,7,,,1,70,,186571,7,,,1,30,,186572,7,,,1,70,,186573,7,,,1,30,,186574,7,,,1,70,,186575,7,,,1,23,,186576,7,,,1,20,,186577,7,,,1,60,,186578,7,,,1,20,,186579,7,,,1,20,,186580,7,,,1,60,,186581,7,,,1,30,,186582,7,,,1,70,,186583,7,,,1,30,,186584,7,,,1,70,,186585,7,,,1,30,,186586,7,,,1,70,,186587,7,,,1,30,,186588,7,,,1,70,,186589,7,,,1,30,,186590,7,,,1,71,,186591,7,,,1,40,,186592,7,,,1,80,,186593,7,,,1,80,,186594,7,,,1
2000100,'001-Weekday-2-26-06-1111100',524,,202661,7,,,1,80,,202662,7,,,1,41,,202663,7,,,1,70,,202664,7,,,1,20,,202665,7,,,1,20,,202666,7,,,1,60,,202667,7,,,1,20,,202668,7,,,1,70,,202669,7,,,1,30,,202670,7,,,1,70,,202671,7,,,1,30,,202672,7,,,1,70,,202673,7,,,1,30,,202674,7,,,1,70,,202675,7,,,1,30,,202676,7,,,1,70,,202677,7,,,1,30,,202678,7,,,1,70,,202679,7,,,1,30,,202680,7,,,1,70,,202681,7,,,1,23,,202682,7,,,1,20,,202683,7,,,1,60,,202684,7,,,1,20,,202685,7,,,1,20,,202686,7,,,1,60,,202687,7,,,1,30,,202688,7,,,1,70,,202689,7,,,1,30,,202690,7,,,1,70,,202691,7,,,1,30,,202692,7,,,1,70,,202693,7,,,1,30,,202694,7,,,1,70,,202695,7,,,1,30,,202696,7,,,1,71,,202697,7,,,1,40,,202698,7,,,1,80,,202699,7,,,1,80,,202700,7,,,1
2000100,'001-Saturday-1-26-06-0000010',605,,186595,7,,,1,40,,186596,7,,,1,80,,186597,7,,,1,80,,186598,7,,,1,30,,186599,7,,,1,70,,186600,7,,,1,30,,186601,7,,,1,70,,186602,7,,,1,30,,186603,7,,,1,70,,186604,7,,,1,30,,186605,7,,,1,70,,186606,7,,,1,30,,186607,7,,,1,70,,186608,7,,,1,30,,186609,7,,,1,70,,186610,7,,,1,30,,186611,7,,,1,70,,186612,7,,,1,30,,186613,7,,,1,70,,186614,7,,,1,30,,186615,7,,,1,70,,186616,7,,,1,30,,186617,7,,,1,69,,186618,7,,,1,31,,186619,7,,,1,70,,186620,7,,,1,29,,186621,7,,,1,70,,186622,7,,,1,31,,186623,7,,,1,70,,186624,7,,,1,30,,186625,7,,,1,70,,186626,7,,,1,30,,186627,7,,,1,70,,186628,7,,,1,40,,186629,7,,,1
2000100,'001-Saturday-2-26-06-0000010',605,,225802,7,,,1,40,,225803,7,,,1,80,,225804,7,,,1,80,,225805,7,,,1,30,,225806,7,,,1,70,,225807,7,,,1,30,,225808,7,,,1,70,,225809,7,,,1,30,,225810,7,,,1,70,,225811,7,,,1,30,,225812,7,,,1,70,,225813,7,,,1,30,,225814,7,,,1,70,,225815,7,,,1,30,,225816,7,,,1,70,,225817,7,,,1,30,,225818,7,,,1,70,,225819,7,,,1,30,,225820,7,,,1,70,,225821,7,,,1,30,,225822,7,,,1,70,,225823,7,,,1,30,,225824,7,,,1,69,,225825,7,,,1,31,,225826,7,,,1,70,,225827,7,,,1,29,,225828,7,,,1,70,,225829,7,,,1,31,,225830,7,,,1,70,,225831,7,,,1,30,,225832,7,,,1,70,,225833,7,,,1,30,,225834,7,,,1,70,,225835,7,,,1,40,,225836,7,,,1
2000100,'001-Sunday-3-26-06-0000001',541,,202701,7,,,1,80,,202702,7,,,1,80,,202703,7,,,1,40,,202704,7,,,1,80,,202705,7,,,1,80,,202706,7,,,1,40,,202707,7,,,1,80,,202708,7,,,1,30,,202709,7,,,1,70,,202710,7,,,1,30,,202711,7,,,1,70,,202712,7,,,1,30,,202713,7,,,1,70,,202714,7,,,1,30,,202715,7,,,1,70,,202716,7,,,1,30,,202717,7,,,1,70,,202718,7,,,1,30,,202719,7,,,1,70,,202720,7,,,1,30,,202721,7,,,1,70,,202722,7,,,1,30,,202723,7,,,1,70,,202724,7,,,1,30,,202725,7,,,1,73,,202726,7,,,1,80,,202727,7,,,1,40,,202728,7,,,1,80,,202729,7,,,1,80,,202730,7,,,1,40,,202731,7,,,1,80,,202732,7,,,1
2000100,'001-Sunday-4-26-06-0000001',541,,225837,7,,,1,80,,225838,7,,,1,80,,225839,7,,,1,40,,225840,7,,,1,80,,225841,7,,,1,80,,225842,7,,,1,40,,225843,7,,,1,80,,225844,7,,,1,30,,225845,7,,,1,70,,225846,7,,,1,30,,225847,7,,,1,70,,225848,7,,,1,30,,225849,7,,,1,70,,225850,7,,,1,30,,225851,7,,,1,70,,225852,7,,,1,30,,225853,7,,,1,70,,225854,7,,,1,30,,225855,7,,,1,70,,225856,7,,,1,30,,225857,7,,,1,70,,225858,7,,,1,30,,225859,7,,,1,70,,225860,7,,,1,30,,225861,7,,,1,73,,225862,7,,,1,80,,225863,7,,,1,40,,225864,7,,,1,80,,225865,7,,,1,80,,225866,7,,,1,40,,225867,7,,,1,80,,225868,7,,,1
2000100,'001-Sunday-7-26-06-0000001',541,,225869,7,,,1,80,,225870,7,,,1,80,,225871,7,,,1,40,,225872,7,,,1,80,,225873,7,,,1,80,,225874,7,,,1,40,,225875,7,,,1,80,,225876,7,,,1,30,,225877,7,,,1,70,,225878,7,,,1,30,,225879,7,,,1,70,,225880,7,,,1,30,,225881,7,,,1,70,,225882,7,,,1,30,,225883,7,,,1,70,,225884,7,,,1,30,,225885,7,,,1,70,,225886,7,,,1,30,,225887,7,,,1,70,,225888,7,,,1,30,,225889,7,,,1,70,,225890,7,,,1,30,,225891,7,,,1,70,,225892,7,,,1,30,,225893,7,,,1,73,,225894,7,,,1,80,,225895,7,,,1,40,,225896,7,,,1,80,,225897,7,,,1,80,,225898,7,,,1,40,,225899,7,,,1,80,,225900,7,,,1
2000100,'001-Sunday-8-26-06-0000001',541,,225901,7,,,1,80,,225902,7,,,1,80,,225903,7,,,1,40,,225904,7,,,1,80,,225905,7,,,1,80,,225906,7,,,1,40,,225907,7,,,1,80,,225908,7,,,1,30,,225909,7,,,1,70,,225910,7,,,1,30,,225911,7,,,1,70,,225912,7,,,1,30,,225913,7,,,1,70,,225914,7,,,1,30,,225915,7,,,1,70,,225916,7,,,1,30,,225917,7,,,1,70,,225918,7,,,1,30,,225919,7,,,1,70,,225920,7,,,1,30,,225921,7,,,1,70,,225922,7,,,1,30,,225923,7,,,1,70,,225924,7,,,1,30,,225925,7,,,1,73,,225926,7,,,1,80,,225927,7,,,1,40,,225928,7,,,1,80,,225929,7,,,1,80,,225930,7,,,1,40,,225931,7,,,1,80,,225932,7,,,1
