90401,'904-Weekday-1-26-06-1111100',551,,183568,31,,,1,70,,183569,31,,,1,35,,183600,31,,,1,70,,183586,31,,,1,30,,183589,31,,,1,70,,183585,31,,,1,30,,183599,31,,,1,69,,183573,31,,,1,30,,183574,31,,,1,70,,183575,31,,,1,30,,183576,31,,,1,70,,183577,31,,,1,30,,183578,31,,,1,70,,183579,31,,,1,30,,183580,31,,,1,70,,183581,31,,,1,30,,183582,31,,,1,70,,183583,31,,,1,30,,183584,31,,,1,76,,183572,31,,,1,73,,183571,31,,,1,30,,183587,31,,,1,70,,183588,31,,,1,30,,183590,31,,,1,70,,183591,31,,,1,29,,183592,31,,,1,22,,183593,31,,,1,65,,183594,31,,,1,30,,183595,31,,,1,70,,183596,31,,,1,30,,183597,31,,,1,70,,183598,31,,,1,30,,183570,31,,,1,68,,183601,31,,,1,95,,183602,31,,,1
90401,'904-Weekday-2-26-06-1111100',551,,200613,31,,,1,70,,200614,31,,,1,35,,200645,31,,,1,70,,200631,31,,,1,30,,200634,31,,,1,70,,200630,31,,,1,30,,200644,31,,,1,69,,200618,31,,,1,30,,200619,31,,,1,70,,200620,31,,,1,30,,200621,31,,,1,70,,200622,31,,,1,30,,200623,31,,,1,70,,200624,31,,,1,30,,200625,31,,,1,70,,200626,31,,,1,30,,200627,31,,,1,70,,200628,31,,,1,30,,200629,31,,,1,76,,200617,31,,,1,73,,200616,31,,,1,30,,200632,31,,,1,70,,200633,31,,,1,30,,200635,31,,,1,70,,200636,31,,,1,29,,200637,31,,,1,22,,200638,31,,,1,65,,200639,31,,,1,30,,200640,31,,,1,70,,200641,31,,,1,30,,200642,31,,,1,70,,200643,31,,,1,30,,200615,31,,,1,68,,200646,31,,,1,95,,200647,31,,,1
90401,'904-Saturday-1-26-06-0000010',716,,183603,31,,,1,100,,183604,31,,,1,27,,183605,31,,,1,69,,183606,31,,,1,29,,183607,31,,,1,70,,183608,31,,,1,30,,183609,31,,,1,70,,183610,31,,,1,30,,183611,31,,,1,70,,183612,31,,,1,30,,183613,31,,,1,70,,183614,31,,,1,30,,183615,31,,,1,70,,183616,31,,,1,30,,183617,31,,,1,70,,183618,31,,,1,30,,183619,31,,,1,70,,183620,31,,,1,30,,183621,31,,,1,69,,183622,31,,,1,30,,183623,31,,,1,70,,183624,31,,,1,30,,183625,31,,,1,70,,183626,31,,,1,30,,183627,31,,,1,100,,183628,31,,,1,100,,183629,31,,,1
90401,'904-Saturday-2-26-06-0000010',716,,222785,31,,,1,100,,222786,31,,,1,27,,222787,31,,,1,69,,222788,31,,,1,29,,222789,31,,,1,70,,222790,31,,,1,30,,222791,31,,,1,70,,222792,31,,,1,30,,222793,31,,,1,70,,222794,31,,,1,30,,222795,31,,,1,70,,222796,31,,,1,30,,222797,31,,,1,70,,222798,31,,,1,30,,222799,31,,,1,70,,222800,31,,,1,30,,222801,31,,,1,70,,222802,31,,,1,30,,222803,31,,,1,69,,222804,31,,,1,30,,222805,31,,,1,70,,222806,31,,,1,30,,222807,31,,,1,70,,222808,31,,,1,30,,222809,31,,,1,100,,222810,31,,,1,100,,222811,31,,,1
90401,'904-Sunday-2-26-06-0000001',743,,200648,31,,,1,100,,200649,31,,,1,99,,200650,31,,,1,70,,200651,31,,,1,30,,200652,31,,,1,70,,200653,31,,,1,30,,200654,31,,,1,70,,200655,31,,,1,30,,200656,31,,,1,70,,200657,31,,,1,30,,200658,31,,,1,70,,200659,31,,,1,30,,200660,31,,,1,70,,200661,31,,,1,30,,200662,31,,,1,70,,200663,31,,,1,30,,200664,31,,,1,69,,200665,31,,,1,29,,200666,31,,,1,70,,200667,31,,,1,30,,200668,31,,,1,70,,200669,31,,,1
90401,'904-Sunday-3-26-06-0000001',743,,222812,31,,,1,100,,222813,31,,,1,99,,222814,31,,,1,70,,222815,31,,,1,30,,222816,31,,,1,70,,222817,31,,,1,30,,222818,31,,,1,70,,222819,31,,,1,30,,222820,31,,,1,70,,222821,31,,,1,30,,222822,31,,,1,70,,222823,31,,,1,30,,222824,31,,,1,70,,222825,31,,,1,30,,222826,31,,,1,70,,222827,31,,,1,30,,222828,31,,,1,69,,222829,31,,,1,29,,222830,31,,,1,70,,222831,31,,,1,30,,222832,31,,,1,70,,222833,31,,,1
90401,'904-Sunday-6-26-06-0000001',743,,222834,31,,,1,100,,222835,31,,,1,99,,222836,31,,,1,70,,222837,31,,,1,30,,222838,31,,,1,70,,222839,31,,,1,30,,222840,31,,,1,70,,222841,31,,,1,30,,222842,31,,,1,70,,222843,31,,,1,30,,222844,31,,,1,70,,222845,31,,,1,30,,222846,31,,,1,70,,222847,31,,,1,30,,222848,31,,,1,70,,222849,31,,,1,30,,222850,31,,,1,69,,222851,31,,,1,29,,222852,31,,,1,70,,222853,31,,,1,30,,222854,31,,,1,70,,222855,31,,,1
90401,'904-Sunday-7-26-06-0000001',743,,222856,31,,,1,100,,222857,31,,,1,99,,222858,31,,,1,70,,222859,31,,,1,30,,222860,31,,,1,70,,222861,31,,,1,30,,222862,31,,,1,70,,222863,31,,,1,30,,222864,31,,,1,70,,222865,31,,,1,30,,222866,31,,,1,70,,222867,31,,,1,30,,222868,31,,,1,70,,222869,31,,,1,30,,222870,31,,,1,70,,222871,31,,,1,30,,222872,31,,,1,69,,222873,31,,,1,29,,222874,31,,,1,70,,222875,31,,,1,30,,222876,31,,,1,70,,222877,31,,,1
92401,'924-Weekday-1-26-06-1111100',703,,186142,25,,,1,30,,186143,25,,,1,70,,186152,25,,,1,30,,186151,25,,,1,70,,186153,25,,,1,100,,186144,25,,,1,100,,186148,25,,,1,100,,186147,25,,,1,100,,186139,25,,,1,100,,186146,25,,,1,100,,186141,25,,,1,100,,186138,25,,,1,30,,186137,25,,,1,70,,186145,25,,,1,30,,186140,25,,,1,70,,186150,25,,,1,30,,186149,25,,,1
92401,'924-Weekday-2-26-06-1111100',703,,202421,25,,,1,30,,202422,25,,,1,70,,202431,25,,,1,30,,202430,25,,,1,70,,202432,25,,,1,100,,202423,25,,,1,100,,202427,25,,,1,100,,202426,25,,,1,100,,202418,25,,,1,100,,202425,25,,,1,100,,202420,25,,,1,100,,202417,25,,,1,30,,202416,25,,,1,70,,202424,25,,,1,30,,202419,25,,,1,70,,202429,25,,,1,30,,202428,25,,,1
92401,'924-Saturday-1-26-06-0000010',833,,186154,25,,,1,100,,186155,25,,,1,100,,186156,25,,,1,100,,186157,25,,,1,100,,186158,25,,,1,100,,186159,25,,,1,100,,186160,25,,,1,100,,186161,25,,,1,100,,186162,25,,,1,100,,186163,25,,,1,100,,186164,25,,,1
92401,'924-Saturday-2-26-06-0000010',833,,225421,25,,,1,100,,225422,25,,,1,100,,225423,25,,,1,100,,225424,25,,,1,100,,225425,25,,,1,100,,225426,25,,,1,100,,225427,25,,,1,100,,225428,25,,,1,100,,225429,25,,,1,100,,225430,25,,,1,100,,225431,25,,,1
92401,'924-Sunday-2-26-06-0000001',1033,,202433,25,,,1,100,,202434,25,,,1,100,,202435,25,,,1,100,,202436,25,,,1,100,,202437,25,,,1,100,,202438,25,,,1,100,,202439,25,,,1,100,,202440,25,,,1,100,,202441,25,,,1
92401,'924-Sunday-3-26-06-0000001',1033,,225432,25,,,1,100,,225433,25,,,1,100,,225434,25,,,1,100,,225435,25,,,1,100,,225436,25,,,1,100,,225437,25,,,1,100,,225438,25,,,1,100,,225439,25,,,1,100,,225440,25,,,1
92401,'924-Sunday-6-26-06-0000001',1033,,225441,25,,,1,100,,225442,25,,,1,100,,225443,25,,,1,100,,225444,25,,,1,100,,225445,25,,,1,100,,225446,25,,,1,100,,225447,25,,,1,100,,225448,25,,,1,100,,225449,25,,,1
92401,'924-Sunday-7-26-06-0000001',1033,,225450,25,,,1,100,,225451,25,,,1,100,,225452,25,,,1,100,,225453,25,,,1,100,,225454,25,,,1,100,,225455,25,,,1,100,,225456,25,,,1,100,,225457,25,,,1,100,,225458,25,,,1
