801,'008-Weekday-1-26-09-1111100',513,,237383,35,,,1,20,,237384,35,,,1,20,,237385,35,,,1,60,,237386,35,,,1,21,,237387,35,,,1,25,,237388,35,,,1,52,,237458,35,,,1,12,,237457,35,,,1,12,,237389,35,,,1,12,,237459,35,,,1,12,,237390,35,,,1,52,,237391,35,,,1,12,,237455,35,,,1,12,,237392,35,,,1,12,,237460,35,,,1,12,,237393,35,,,1,52,,237394,35,,,1,12,,237395,35,,,1,12,,237396,35,,,1,15,,237397,35,,,1,55,,237398,35,,,1,15,,237399,35,,,1,15,,237400,35,,,1,15,,237401,35,,,1,55,,237402,35,,,1,15,,237403,35,,,1,15,,237404,35,,,1,15,,237405,35,,,1,55,,237406,35,,,1,17,,237407,35,,,1,17,,237408,35,,,1,15,,237409,35,,,1,55,,237410,35,,,1,15,,237411,35,,,1,15,,237412,35,,,1,15,,237413,35,,,1,55,,237414,35,,,1,15,,237415,35,,,1,12,,237416,35,,,1,12,,237417,35,,,1,52,,237418,35,,,1,15,,237419,35,,,1,14,,237420,35,,,1,13,,237421,35,,,1,12,,237422,35,,,1,52,,237423,35,,,1,12,,237424,35,,,1,11,,237425,35,,,1,12,,237426,35,,,1,12,,237427,35,,,1,52,,237428,35,,,1,12,,237429,35,,,1,12,,237430,35,,,1,15,,237431,35,,,1,15,,237432,35,,,1,55,,237433,35,,,1,15,,237434,35,,,1,11,,237435,35,,,1,12,,237436,35,,,1,54,,237437,35,,,1,15,,237438,35,,,1,15,,237439,35,,,1,15,,237440,35,,,1,55,,237441,35,,,1,15,,237442,35,,,1,15,,237443,35,,,1,15,,237444,35,,,1,55,,237445,35,,,1,15,,237446,35,,,1,15,,237447,35,,,1,15,,237448,35,,,1,54,,237449,35,,,1,18,,237456,35,,,1,20,,237450,35,,,1,60,,237451,35,,,1,20,,237452,35,,,1,20,,237453,35,,,1,60,,237454,35,,,1,15,,237377,35,,,1,30,,237378,35,,,1,70,,237379,35,,,1,30,,237380,35,,,1,70,,237381,35,,,1,30,,237382,35,,,1
801,'008-Weekday-3-26-09-1111100',513,,237551,35,,,1,20,,237552,35,,,1,20,,237553,35,,,1,60,,237554,35,,,1,21,,237555,35,,,1,25,,237556,35,,,1,52,,237626,35,,,1,12,,237625,35,,,1,12,,237557,35,,,1,12,,237627,35,,,1,12,,237558,35,,,1,52,,237559,35,,,1,12,,237623,35,,,1,12,,237560,35,,,1,12,,237628,35,,,1,12,,237561,35,,,1,52,,237562,35,,,1,12,,237563,35,,,1,12,,237564,35,,,1,15,,237565,35,,,1,55,,237566,35,,,1,15,,237567,35,,,1,15,,237568,35,,,1,15,,237569,35,,,1,55,,237570,35,,,1,15,,237571,35,,,1,15,,237572,35,,,1,15,,237573,35,,,1,55,,237574,35,,,1,17,,237575,35,,,1,17,,237576,35,,,1,15,,237577,35,,,1,55,,237578,35,,,1,15,,237579,35,,,1,15,,237580,35,,,1,15,,237581,35,,,1,55,,237582,35,,,1,15,,237583,35,,,1,12,,237584,35,,,1,12,,237585,35,,,1,52,,237586,35,,,1,15,,237587,35,,,1,14,,237588,35,,,1,13,,237589,35,,,1,12,,237590,35,,,1,52,,237591,35,,,1,12,,237592,35,,,1,11,,237593,35,,,1,12,,237594,35,,,1,12,,237595,35,,,1,52,,237596,35,,,1,12,,237597,35,,,1,12,,237598,35,,,1,15,,237599,35,,,1,15,,237600,35,,,1,55,,237601,35,,,1,15,,237602,35,,,1,11,,237603,35,,,1,12,,237604,35,,,1,54,,237605,35,,,1,15,,237606,35,,,1,15,,237607,35,,,1,15,,237608,35,,,1,55,,237609,35,,,1,15,,237610,35,,,1,15,,237611,35,,,1,15,,237612,35,,,1,55,,237613,35,,,1,15,,237614,35,,,1,15,,237615,35,,,1,15,,237616,35,,,1,54,,237617,35,,,1,18,,237624,35,,,1,20,,237618,35,,,1,60,,237619,35,,,1,20,,237620,35,,,1,20,,237621,35,,,1,60,,237622,35,,,1,15,,237545,35,,,1,30,,237546,35,,,1,70,,237547,35,,,1,30,,237548,35,,,1,70,,237549,35,,,1,30,,237550,35,,,1
801,'008-Weekday-4-26-09-1111100',513,,237635,35,,,1,20,,237636,35,,,1,20,,237637,35,,,1,60,,237638,35,,,1,21,,237639,35,,,1,25,,237640,35,,,1,52,,237710,35,,,1,12,,237709,35,,,1,12,,237641,35,,,1,12,,237711,35,,,1,12,,237642,35,,,1,52,,237643,35,,,1,12,,237707,35,,,1,12,,237644,35,,,1,12,,237712,35,,,1,12,,237645,35,,,1,52,,237646,35,,,1,12,,237647,35,,,1,12,,237648,35,,,1,15,,237649,35,,,1,55,,237650,35,,,1,15,,237651,35,,,1,15,,237652,35,,,1,15,,237653,35,,,1,55,,237654,35,,,1,15,,237655,35,,,1,15,,237656,35,,,1,15,,237657,35,,,1,55,,237658,35,,,1,17,,237659,35,,,1,17,,237660,35,,,1,15,,237661,35,,,1,55,,237662,35,,,1,15,,237663,35,,,1,15,,237664,35,,,1,15,,237665,35,,,1,55,,237666,35,,,1,15,,237667,35,,,1,12,,237668,35,,,1,12,,237669,35,,,1,52,,237670,35,,,1,15,,237671,35,,,1,14,,237672,35,,,1,13,,237673,35,,,1,12,,237674,35,,,1,52,,237675,35,,,1,12,,237676,35,,,1,11,,237677,35,,,1,12,,237678,35,,,1,12,,237679,35,,,1,52,,237680,35,,,1,12,,237681,35,,,1,12,,237682,35,,,1,15,,237683,35,,,1,15,,237684,35,,,1,55,,237685,35,,,1,15,,237686,35,,,1,11,,237687,35,,,1,12,,237688,35,,,1,54,,237689,35,,,1,15,,237690,35,,,1,15,,237691,35,,,1,15,,237692,35,,,1,55,,237693,35,,,1,15,,237694,35,,,1,15,,237695,35,,,1,15,,237696,35,,,1,55,,237697,35,,,1,15,,237698,35,,,1,15,,237699,35,,,1,15,,237700,35,,,1,54,,237701,35,,,1,18,,237708,35,,,1,20,,237702,35,,,1,60,,237703,35,,,1,20,,237704,35,,,1,20,,237705,35,,,1,60,,237706,35,,,1,15,,237629,35,,,1,30,,237630,35,,,1,70,,237631,35,,,1,30,,237632,35,,,1,70,,237633,35,,,1,30,,237634,35,,,1
801,'008-Weekday-5-26-09-1111100',513,,237719,35,,,1,20,,237720,35,,,1,20,,237721,35,,,1,60,,237722,35,,,1,21,,237723,35,,,1,25,,237724,35,,,1,52,,237794,35,,,1,12,,237793,35,,,1,12,,237725,35,,,1,12,,237795,35,,,1,12,,237726,35,,,1,52,,237727,35,,,1,12,,237791,35,,,1,12,,237728,35,,,1,12,,237796,35,,,1,12,,237729,35,,,1,52,,237730,35,,,1,12,,237731,35,,,1,12,,237732,35,,,1,15,,237733,35,,,1,55,,237734,35,,,1,15,,237735,35,,,1,15,,237736,35,,,1,15,,237737,35,,,1,55,,237738,35,,,1,15,,237739,35,,,1,15,,237740,35,,,1,15,,237741,35,,,1,55,,237742,35,,,1,17,,237743,35,,,1,17,,237744,35,,,1,15,,237745,35,,,1,55,,237746,35,,,1,15,,237747,35,,,1,15,,237748,35,,,1,15,,237749,35,,,1,55,,237750,35,,,1,15,,237751,35,,,1,12,,237752,35,,,1,12,,237753,35,,,1,52,,237754,35,,,1,15,,237755,35,,,1,14,,237756,35,,,1,13,,237757,35,,,1,12,,237758,35,,,1,52,,237759,35,,,1,12,,237760,35,,,1,11,,237761,35,,,1,12,,237762,35,,,1,12,,237763,35,,,1,52,,237764,35,,,1,12,,237765,35,,,1,12,,237766,35,,,1,15,,237767,35,,,1,15,,237768,35,,,1,55,,237769,35,,,1,15,,237770,35,,,1,11,,237771,35,,,1,12,,237772,35,,,1,54,,237773,35,,,1,15,,237774,35,,,1,15,,237775,35,,,1,15,,237776,35,,,1,55,,237777,35,,,1,15,,237778,35,,,1,15,,237779,35,,,1,15,,237780,35,,,1,55,,237781,35,,,1,15,,237782,35,,,1,15,,237783,35,,,1,15,,237784,35,,,1,54,,237785,35,,,1,18,,237792,35,,,1,20,,237786,35,,,1,60,,237787,35,,,1,20,,237788,35,,,1,20,,237789,35,,,1,60,,237790,35,,,1,15,,237713,35,,,1,30,,237714,35,,,1,70,,237715,35,,,1,30,,237716,35,,,1,70,,237717,35,,,1,30,,237718,35,,,1
801,'008-Weekday-6-26-09-1111100',513,,237803,35,,,1,20,,237804,35,,,1,20,,237805,35,,,1,60,,237806,35,,,1,21,,237807,35,,,1,25,,237808,35,,,1,52,,237878,35,,,1,12,,237877,35,,,1,12,,237809,35,,,1,12,,237879,35,,,1,12,,237810,35,,,1,52,,237811,35,,,1,12,,237875,35,,,1,12,,237812,35,,,1,12,,237880,35,,,1,12,,237813,35,,,1,52,,237814,35,,,1,12,,237815,35,,,1,12,,237816,35,,,1,15,,237817,35,,,1,55,,237818,35,,,1,15,,237819,35,,,1,15,,237820,35,,,1,15,,237821,35,,,1,55,,237822,35,,,1,15,,237823,35,,,1,15,,237824,35,,,1,15,,237825,35,,,1,55,,237826,35,,,1,17,,237827,35,,,1,17,,237828,35,,,1,15,,237829,35,,,1,55,,237830,35,,,1,15,,237831,35,,,1,15,,237832,35,,,1,15,,237833,35,,,1,55,,237834,35,,,1,15,,237835,35,,,1,12,,237836,35,,,1,12,,237837,35,,,1,52,,237838,35,,,1,15,,237839,35,,,1,14,,237840,35,,,1,13,,237841,35,,,1,12,,237842,35,,,1,52,,237843,35,,,1,12,,237844,35,,,1,11,,237845,35,,,1,12,,237846,35,,,1,12,,237847,35,,,1,52,,237848,35,,,1,12,,237849,35,,,1,12,,237850,35,,,1,15,,237851,35,,,1,15,,237852,35,,,1,55,,237853,35,,,1,15,,237854,35,,,1,11,,237855,35,,,1,12,,237856,35,,,1,54,,237857,35,,,1,15,,237858,35,,,1,15,,237859,35,,,1,15,,237860,35,,,1,55,,237861,35,,,1,15,,237862,35,,,1,15,,237863,35,,,1,15,,237864,35,,,1,55,,237865,35,,,1,15,,237866,35,,,1,15,,237867,35,,,1,15,,237868,35,,,1,54,,237869,35,,,1,18,,237876,35,,,1,20,,237870,35,,,1,60,,237871,35,,,1,20,,237872,35,,,1,20,,237873,35,,,1,60,,237874,35,,,1,15,,237797,35,,,1,30,,237798,35,,,1,70,,237799,35,,,1,30,,237800,35,,,1,70,,237801,35,,,1,30,,237802,35,,,1
801,'008-Weekday-7-26-09-1111100',513,,237887,35,,,1,20,,237888,35,,,1,20,,237889,35,,,1,60,,237890,35,,,1,21,,237891,35,,,1,25,,237892,35,,,1,52,,237962,35,,,1,12,,237961,35,,,1,12,,237893,35,,,1,12,,237963,35,,,1,12,,237894,35,,,1,52,,237895,35,,,1,12,,237959,35,,,1,12,,237896,35,,,1,12,,237964,35,,,1,12,,237897,35,,,1,52,,237898,35,,,1,12,,237899,35,,,1,12,,237900,35,,,1,15,,237901,35,,,1,55,,237902,35,,,1,15,,237903,35,,,1,15,,237904,35,,,1,15,,237905,35,,,1,55,,237906,35,,,1,15,,237907,35,,,1,15,,237908,35,,,1,15,,237909,35,,,1,55,,237910,35,,,1,17,,237911,35,,,1,17,,237912,35,,,1,15,,237913,35,,,1,55,,237914,35,,,1,15,,237915,35,,,1,15,,237916,35,,,1,15,,237917,35,,,1,55,,237918,35,,,1,15,,237919,35,,,1,12,,237920,35,,,1,12,,237921,35,,,1,52,,237922,35,,,1,15,,237923,35,,,1,14,,237924,35,,,1,13,,237925,35,,,1,12,,237926,35,,,1,52,,237927,35,,,1,12,,237928,35,,,1,11,,237929,35,,,1,12,,237930,35,,,1,12,,237931,35,,,1,52,,237932,35,,,1,12,,237933,35,,,1,12,,237934,35,,,1,15,,237935,35,,,1,15,,237936,35,,,1,55,,237937,35,,,1,15,,237938,35,,,1,11,,237939,35,,,1,12,,237940,35,,,1,54,,237941,35,,,1,15,,237942,35,,,1,15,,237943,35,,,1,15,,237944,35,,,1,55,,237945,35,,,1,15,,237946,35,,,1,15,,237947,35,,,1,15,,237948,35,,,1,55,,237949,35,,,1,15,,237950,35,,,1,15,,237951,35,,,1,15,,237952,35,,,1,54,,237953,35,,,1,18,,237960,35,,,1,20,,237954,35,,,1,60,,237955,35,,,1,20,,237956,35,,,1,20,,237957,35,,,1,60,,237958,35,,,1,15,,237881,35,,,1,30,,237882,35,,,1,70,,237883,35,,,1,30,,237884,35,,,1,70,,237885,35,,,1,30,,237886,35,,,1
801,'008-Saturday-1-26-09-0000010',547,,237965,35,,,1,60,,237966,35,,,1,20,,237967,35,,,1,20,,237968,35,,,1,60,,237969,35,,,1,20,,237970,35,,,1,20,,237971,35,,,1,60,,237972,35,,,1,20,,237973,35,,,1,19,,237974,35,,,1,55,,237975,35,,,1,18,,237976,35,,,1,16,,237977,35,,,1,15,,237978,35,,,1,55,,237979,35,,,1,15,,237980,35,,,1,15,,237981,35,,,1,15,,237982,35,,,1,55,,237983,35,,,1,15,,237984,35,,,1,15,,237985,35,,,1,15,,237986,35,,,1,55,,237987,35,,,1,15,,237988,35,,,1,15,,237989,35,,,1,15,,237990,35,,,1,55,,237991,35,,,1,15,,237992,35,,,1,15,,237993,35,,,1,15,,237994,35,,,1,55,,237995,35,,,1,15,,237996,35,,,1,15,,237997,35,,,1,15,,237998,35,,,1,55,,237999,35,,,1,15,,238000,35,,,1,15,,238001,35,,,1,15,,238002,35,,,1,55,,238003,35,,,1,15,,238004,35,,,1,15,,238005,35,,,1,16,,238006,35,,,1,56,,238007,35,,,1,13,,238008,35,,,1,17,,238009,35,,,1,16,,238010,35,,,1,56,,238011,35,,,1,16,,238012,35,,,1,15,,238013,35,,,1,15,,238014,35,,,1,54,,238015,35,,,1,15,,238017,35,,,1,15,,238018,35,,,1,15,,238019,35,,,1,55,,238016,35,,,1,15,,238020,35,,,1,15,,238021,35,,,1,15,,238022,35,,,1,55,,238023,35,,,1,15,,238025,35,,,1,15,,238026,35,,,1,15,,238027,35,,,1,55,,238024,35,,,1,21,,238028,35,,,1,21,,238029,35,,,1,61,,238030,35,,,1,20,,238031,35,,,1,20,,238032,35,,,1,66,,238033,35,,,1,30,,238034,35,,,1,70,,238035,35,,,1,30,,238036,35,,,1,70,,238037,35,,,1,30,,238038,35,,,1
801,'008-Sunday-1-26-09-0000001',557,,238039,35,,,1,60,,238040,35,,,1,20,,238041,35,,,1,20,,238042,35,,,1,60,,238043,35,,,1,20,,238044,35,,,1,20,,238045,35,,,1,60,,238046,35,,,1,20,,238047,35,,,1,17,,238048,35,,,1,58,,238049,35,,,1,16,,238050,35,,,1,15,,238051,35,,,1,15,,238052,35,,,1,55,,238101,35,,,1,15,,238053,35,,,1,15,,238054,35,,,1,15,,238055,35,,,1,55,,238056,35,,,1,15,,238057,35,,,1,15,,238058,35,,,1,15,,238059,35,,,1,55,,238060,35,,,1,15,,238061,35,,,1,15,,238062,35,,,1,15,,238063,35,,,1,55,,238064,35,,,1,15,,238065,35,,,1,15,,238066,35,,,1,15,,238067,35,,,1,55,,238068,35,,,1,15,,238069,35,,,1,15,,238070,35,,,1,15,,238071,35,,,1,55,,238072,35,,,1,15,,238073,35,,,1,15,,238074,35,,,1,15,,238075,35,,,1,55,,238076,35,,,1,15,,238077,35,,,1,16,,238078,35,,,1,14,,238079,35,,,1,54,,238080,35,,,1,15,,238081,35,,,1,16,,238082,35,,,1,15,,238083,35,,,1,55,,238084,35,,,1,15,,238085,35,,,1,15,,238086,35,,,1,15,,238087,35,,,1,54,,238088,35,,,1,15,,238089,35,,,1,16,,238110,35,,,1,60,,238109,35,,,1,20,,238108,35,,,1,20,,238107,35,,,1,60,,238103,35,,,1,20,,238106,35,,,1,20,,238105,35,,,1,60,,238104,35,,,1,21,,238090,35,,,1,20,,238091,35,,,1,60,,238092,35,,,1,20,,238100,35,,,1,20,,238093,35,,,1,57,,238094,35,,,1,20,,238102,35,,,1,30,,238095,35,,,1,70,,238096,35,,,1,30,,238097,35,,,1,70,,238098,35,,,1,30,,238099,35,,,1
90201,'902-Weekday-1-26-09-1111100',525,,291681,3,,,1,30,,291683,3,,,1,70,,291684,3,,,1,31,,291685,3,,,1,70,,291723,3,,,1,13,,291720,3,,,1,12,,291687,3,,,1,52,,291688,3,,,1,12,,291689,3,,,1,12,,291690,3,,,1,12,,291691,3,,,1,12,,291692,3,,,1,52,,291693,3,,,1,12,,291727,3,,,1,12,,291726,3,,,1,18,,291721,3,,,1,59,,291725,3,,,1,20,,291694,3,,,1,20,,291695,3,,,1,60,,291696,3,,,1,20,,291697,3,,,1,20,,291698,3,,,1,60,,291699,3,,,1,20,,291700,3,,,1,20,,291701,3,,,1,60,,291702,3,,,1,20,,291703,3,,,1,20,,291704,3,,,1,60,,291705,3,,,1,20,,291706,3,,,1,20,,291722,3,,,1,60,,291724,3,,,1,18,,291707,3,,,1,24,,291708,3,,,1,64,,291719,3,,,1,24,,291709,3,,,1,24,,291710,3,,,1,64,,291728,3,,,1,24,,291729,3,,,1,64,,291718,3,,,1,25,,291711,3,,,1,66,,291712,3,,,1,30,,291713,3,,,1,70,,291714,3,,,1,30,,291715,3,,,1,70,,291716,3,,,1,30,,291682,3,,,1,69,,291717,3,,,1,100,,291686,3,,,1
90201,'902-Weekday-3-26-09-1111100',525,,291779,3,,,1,30,,291781,3,,,1,70,,291782,3,,,1,31,,291783,3,,,1,70,,291821,3,,,1,13,,291818,3,,,1,12,,291785,3,,,1,52,,291786,3,,,1,12,,291787,3,,,1,12,,291788,3,,,1,12,,291789,3,,,1,12,,291790,3,,,1,52,,291791,3,,,1,12,,291825,3,,,1,12,,291824,3,,,1,18,,291819,3,,,1,59,,291823,3,,,1,20,,291792,3,,,1,20,,291793,3,,,1,60,,291794,3,,,1,20,,291795,3,,,1,20,,291796,3,,,1,60,,291797,3,,,1,20,,291798,3,,,1,20,,291799,3,,,1,60,,291800,3,,,1,20,,291801,3,,,1,20,,291802,3,,,1,60,,291803,3,,,1,20,,291804,3,,,1,20,,291820,3,,,1,60,,291822,3,,,1,18,,291805,3,,,1,24,,291806,3,,,1,64,,291817,3,,,1,24,,291807,3,,,1,24,,291808,3,,,1,64,,291826,3,,,1,24,,291827,3,,,1,64,,291816,3,,,1,25,,291809,3,,,1,66,,291810,3,,,1,30,,291811,3,,,1,70,,291812,3,,,1,30,,291813,3,,,1,70,,291814,3,,,1,30,,291780,3,,,1,69,,291815,3,,,1,100,,291784,3,,,1
90201,'902-Weekday-4-26-09-1111100',525,,291828,3,,,1,30,,291830,3,,,1,70,,291831,3,,,1,31,,291832,3,,,1,70,,291870,3,,,1,13,,291867,3,,,1,12,,291834,3,,,1,52,,291835,3,,,1,12,,291836,3,,,1,12,,291837,3,,,1,12,,291838,3,,,1,12,,291839,3,,,1,52,,291840,3,,,1,12,,291874,3,,,1,12,,291873,3,,,1,18,,291868,3,,,1,59,,291872,3,,,1,20,,291841,3,,,1,20,,291842,3,,,1,60,,291843,3,,,1,20,,291844,3,,,1,20,,291845,3,,,1,60,,291846,3,,,1,20,,291847,3,,,1,20,,291848,3,,,1,60,,291849,3,,,1,20,,291850,3,,,1,20,,291851,3,,,1,60,,291852,3,,,1,20,,291853,3,,,1,20,,291869,3,,,1,60,,291871,3,,,1,18,,291854,3,,,1,24,,291855,3,,,1,64,,291866,3,,,1,24,,291856,3,,,1,24,,291857,3,,,1,64,,291875,3,,,1,24,,291876,3,,,1,64,,291865,3,,,1,25,,291858,3,,,1,66,,291859,3,,,1,30,,291860,3,,,1,70,,291861,3,,,1,30,,291862,3,,,1,70,,291863,3,,,1,30,,291829,3,,,1,69,,291864,3,,,1,100,,291833,3,,,1
90201,'902-Weekday-5-26-09-1111100',525,,291877,3,,,1,30,,291879,3,,,1,70,,291880,3,,,1,31,,291881,3,,,1,70,,291919,3,,,1,13,,291916,3,,,1,12,,291883,3,,,1,52,,291884,3,,,1,12,,291885,3,,,1,12,,291886,3,,,1,12,,291887,3,,,1,12,,291888,3,,,1,52,,291889,3,,,1,12,,291923,3,,,1,12,,291922,3,,,1,18,,291917,3,,,1,59,,291921,3,,,1,20,,291890,3,,,1,20,,291891,3,,,1,60,,291892,3,,,1,20,,291893,3,,,1,20,,291894,3,,,1,60,,291895,3,,,1,20,,291896,3,,,1,20,,291897,3,,,1,60,,291898,3,,,1,20,,291899,3,,,1,20,,291900,3,,,1,60,,291901,3,,,1,20,,291902,3,,,1,20,,291918,3,,,1,60,,291920,3,,,1,18,,291903,3,,,1,24,,291904,3,,,1,64,,291915,3,,,1,24,,291905,3,,,1,24,,291906,3,,,1,64,,291924,3,,,1,24,,291925,3,,,1,64,,291914,3,,,1,25,,291907,3,,,1,66,,291908,3,,,1,30,,291909,3,,,1,70,,291910,3,,,1,30,,291911,3,,,1,70,,291912,3,,,1,30,,291878,3,,,1,69,,291913,3,,,1,100,,291882,3,,,1
90201,'902-Weekday-6-26-09-1111100',525,,291926,3,,,1,30,,291928,3,,,1,70,,291929,3,,,1,31,,291930,3,,,1,70,,291968,3,,,1,13,,291965,3,,,1,12,,291932,3,,,1,52,,291933,3,,,1,12,,291934,3,,,1,12,,291935,3,,,1,12,,291936,3,,,1,12,,291937,3,,,1,52,,291938,3,,,1,12,,291972,3,,,1,12,,291971,3,,,1,18,,291966,3,,,1,59,,291970,3,,,1,20,,291939,3,,,1,20,,291940,3,,,1,60,,291941,3,,,1,20,,291942,3,,,1,20,,291943,3,,,1,60,,291944,3,,,1,20,,291945,3,,,1,20,,291946,3,,,1,60,,291947,3,,,1,20,,291948,3,,,1,20,,291949,3,,,1,60,,291950,3,,,1,20,,291951,3,,,1,20,,291967,3,,,1,60,,291969,3,,,1,18,,291952,3,,,1,24,,291953,3,,,1,64,,291964,3,,,1,24,,291954,3,,,1,24,,291955,3,,,1,64,,291973,3,,,1,24,,291974,3,,,1,64,,291963,3,,,1,25,,291956,3,,,1,66,,291957,3,,,1,30,,291958,3,,,1,70,,291959,3,,,1,30,,291960,3,,,1,70,,291961,3,,,1,30,,291927,3,,,1,69,,291962,3,,,1,100,,291931,3,,,1
90201,'902-Weekday-7-26-09-1111100',525,,291975,3,,,1,30,,291977,3,,,1,70,,291978,3,,,1,31,,291979,3,,,1,70,,292017,3,,,1,13,,292014,3,,,1,12,,291981,3,,,1,52,,291982,3,,,1,12,,291983,3,,,1,12,,291984,3,,,1,12,,291985,3,,,1,12,,291986,3,,,1,52,,291987,3,,,1,12,,292021,3,,,1,12,,292020,3,,,1,18,,292015,3,,,1,59,,292019,3,,,1,20,,291988,3,,,1,20,,291989,3,,,1,60,,291990,3,,,1,20,,291991,3,,,1,20,,291992,3,,,1,60,,291993,3,,,1,20,,291994,3,,,1,20,,291995,3,,,1,60,,291996,3,,,1,20,,291997,3,,,1,20,,291998,3,,,1,60,,291999,3,,,1,20,,292000,3,,,1,20,,292016,3,,,1,60,,292018,3,,,1,18,,292001,3,,,1,24,,292002,3,,,1,64,,292013,3,,,1,24,,292003,3,,,1,24,,292004,3,,,1,64,,292022,3,,,1,24,,292023,3,,,1,64,,292012,3,,,1,25,,292005,3,,,1,66,,292006,3,,,1,30,,292007,3,,,1,70,,292008,3,,,1,30,,292009,3,,,1,70,,292010,3,,,1,30,,291976,3,,,1,69,,292011,3,,,1,100,,291980,3,,,1
90201,'902-Saturday-1-26-09-0000010',613,,292024,3,,,1,100,,292025,3,,,1,100,,292026,3,,,1,37,,292027,3,,,1,74,,292028,3,,,1,31,,292029,3,,,1,70,,292030,3,,,1,30,,292031,3,,,1,70,,292032,3,,,1,30,,292033,3,,,1,70,,292034,3,,,1,30,,292035,3,,,1,70,,292036,3,,,1,30,,292037,3,,,1,70,,292038,3,,,1,30,,292039,3,,,1,70,,292040,3,,,1,30,,292041,3,,,1,70,,292042,3,,,1,30,,292043,3,,,1,68,,292044,3,,,1,33,,292045,3,,,1,70,,292046,3,,,1,30,,292047,3,,,1,100,,292048,3,,,1,100,,292049,3,,,1,100,,292050,3,,,1,100,,292051,3,,,1,100,,292052,3,,,1
90201,'902-Sunday-1-26-09-0000001',616,,292053,3,,,1,100,,292054,3,,,1,100,,292055,3,,,1,100,,292056,3,,,1,100,,292057,3,,,1,85,,292058,3,,,1,30,,292059,3,,,1,70,,292060,3,,,1,30,,292061,3,,,1,70,,292062,3,,,1,30,,292063,3,,,1,70,,292064,3,,,1,30,,292065,3,,,1,70,,292066,3,,,1,30,,292067,3,,,1,70,,292068,3,,,1,30,,292069,3,,,1,70,,292070,3,,,1,29,,292071,3,,,1,70,,292072,3,,,1,30,,292073,3,,,1,70,,292074,3,,,1,30,,292075,3,,,1,100,,292076,3,,,1,100,,292077,3,,,1,100,,292078,3,,,1,100,,292079,3,,,1
24011001,'110X-Weekday-1-26-09-1111100',546,,306936,10,,,1,70,,306931,10,,,1,35,,306937,10,,,1,55,,306932,10,,,1,15,,306933,10,,,1,5,,306949,10,,,1,5,,306950,10,,,1,5,,306951,10,,,1,5,,306952,10,,,1,5,,306953,10,,,1,5,,306954,10,,,1,5,,306955,10,,,1,45,,306956,10,,,1,5,,306957,10,,,1,5,,306958,10,,,1,5,,306959,10,,,1,5,,306960,10,,,1,5,,306961,10,,,1,7,,306938,10,,,1,7,,306962,10,,,1,8,,306939,10,,,1,7,,306963,10,,,1,48,,306964,10,,,1,11,,306941,10,,,1,11,,306945,10,,,1,12,,306965,10,,,1,12,,306966,10,,,1,52,,306967,10,,,1,18,,306944,10,,,1,15,,306946,10,,,1,15,,306942,10,,,1,55,,306968,10,,,1,15,,306947,10,,,1,15,,306969,10,,,1,15,,306970,10,,,1,55,,306971,10,,,1,15,,306972,10,,,1,15,,306973,10,,,1,15,,306974,10,,,1,55,,306975,10,,,1,15,,306976,10,,,1,15,,306977,10,,,1,15,,306978,10,,,1,55,,306979,10,,,1,15,,306948,10,,,1,15,,306989,10,,,1,15,,306987,10,,,1,55,,306986,10,,,1,16,,306988,10,,,1,20,,306934,10,,,1,60,,306940,10,,,1,20,,306935,10,,,1,30,,306943,10,,,1,70,,306980,10,,,1,30,,306981,10,,,1,70,,306982,10,,,1,26,,306983,10,,,1,70,,306984,10,,,1,30,,306985,10,,,1,70,,306990,10,,,1
24011001,'110X-Weekday-3-26-09-1111100',546,,307056,10,,,1,70,,307051,10,,,1,35,,307057,10,,,1,55,,307052,10,,,1,15,,307053,10,,,1,5,,307069,10,,,1,5,,307070,10,,,1,5,,307071,10,,,1,5,,307072,10,,,1,5,,307073,10,,,1,5,,307074,10,,,1,5,,307075,10,,,1,45,,307076,10,,,1,5,,307077,10,,,1,5,,307078,10,,,1,5,,307079,10,,,1,5,,307080,10,,,1,5,,307081,10,,,1,7,,307058,10,,,1,7,,307082,10,,,1,8,,307059,10,,,1,7,,307083,10,,,1,48,,307084,10,,,1,11,,307061,10,,,1,11,,307065,10,,,1,12,,307085,10,,,1,12,,307086,10,,,1,52,,307087,10,,,1,18,,307064,10,,,1,15,,307066,10,,,1,15,,307062,10,,,1,55,,307088,10,,,1,15,,307067,10,,,1,15,,307089,10,,,1,15,,307090,10,,,1,55,,307091,10,,,1,15,,307092,10,,,1,15,,307093,10,,,1,15,,307094,10,,,1,55,,307095,10,,,1,15,,307096,10,,,1,15,,307097,10,,,1,15,,307098,10,,,1,55,,307099,10,,,1,15,,307068,10,,,1,15,,307109,10,,,1,15,,307107,10,,,1,55,,307106,10,,,1,16,,307108,10,,,1,20,,307054,10,,,1,60,,307060,10,,,1,20,,307055,10,,,1,30,,307063,10,,,1,70,,307100,10,,,1,30,,307101,10,,,1,70,,307102,10,,,1,26,,307103,10,,,1,70,,307104,10,,,1,30,,307105,10,,,1,70,,307110,10,,,1
24011001,'110X-Weekday-4-26-09-1111100',546,,307116,10,,,1,70,,307111,10,,,1,35,,307117,10,,,1,55,,307112,10,,,1,15,,307113,10,,,1,5,,307129,10,,,1,5,,307130,10,,,1,5,,307131,10,,,1,5,,307132,10,,,1,5,,307133,10,,,1,5,,307134,10,,,1,5,,307135,10,,,1,45,,307136,10,,,1,5,,307137,10,,,1,5,,307138,10,,,1,5,,307139,10,,,1,5,,307140,10,,,1,5,,307141,10,,,1,7,,307118,10,,,1,7,,307142,10,,,1,8,,307119,10,,,1,7,,307143,10,,,1,48,,307144,10,,,1,11,,307121,10,,,1,11,,307125,10,,,1,12,,307145,10,,,1,12,,307146,10,,,1,52,,307147,10,,,1,18,,307124,10,,,1,15,,307126,10,,,1,15,,307122,10,,,1,55,,307148,10,,,1,15,,307127,10,,,1,15,,307149,10,,,1,15,,307150,10,,,1,55,,307151,10,,,1,15,,307152,10,,,1,15,,307153,10,,,1,15,,307154,10,,,1,55,,307155,10,,,1,15,,307156,10,,,1,15,,307157,10,,,1,15,,307158,10,,,1,55,,307159,10,,,1,15,,307128,10,,,1,15,,307169,10,,,1,15,,307167,10,,,1,55,,307166,10,,,1,16,,307168,10,,,1,20,,307114,10,,,1,60,,307120,10,,,1,20,,307115,10,,,1,30,,307123,10,,,1,70,,307160,10,,,1,30,,307161,10,,,1,70,,307162,10,,,1,26,,307163,10,,,1,70,,307164,10,,,1,30,,307165,10,,,1,70,,307170,10,,,1
24011001,'110X-Weekday-5-26-09-1111100',546,,307176,10,,,1,70,,307171,10,,,1,35,,307177,10,,,1,55,,307172,10,,,1,15,,307173,10,,,1,5,,307189,10,,,1,5,,307190,10,,,1,5,,307191,10,,,1,5,,307192,10,,,1,5,,307193,10,,,1,5,,307194,10,,,1,5,,307195,10,,,1,45,,307196,10,,,1,5,,307197,10,,,1,5,,307198,10,,,1,5,,307199,10,,,1,5,,307200,10,,,1,5,,307201,10,,,1,7,,307178,10,,,1,7,,307202,10,,,1,8,,307179,10,,,1,7,,307203,10,,,1,48,,307204,10,,,1,11,,307181,10,,,1,11,,307185,10,,,1,12,,307205,10,,,1,12,,307206,10,,,1,52,,307207,10,,,1,18,,307184,10,,,1,15,,307186,10,,,1,15,,307182,10,,,1,55,,307208,10,,,1,15,,307187,10,,,1,15,,307209,10,,,1,15,,307210,10,,,1,55,,307211,10,,,1,15,,307212,10,,,1,15,,307213,10,,,1,15,,307214,10,,,1,55,,307215,10,,,1,15,,307216,10,,,1,15,,307217,10,,,1,15,,307218,10,,,1,55,,307219,10,,,1,15,,307188,10,,,1,15,,307229,10,,,1,15,,307227,10,,,1,55,,307226,10,,,1,16,,307228,10,,,1,20,,307174,10,,,1,60,,307180,10,,,1,20,,307175,10,,,1,30,,307183,10,,,1,70,,307220,10,,,1,30,,307221,10,,,1,70,,307222,10,,,1,26,,307223,10,,,1,70,,307224,10,,,1,30,,307225,10,,,1,70,,307230,10,,,1
24011001,'110X-Weekday-6-26-09-1111100',546,,307236,10,,,1,70,,307231,10,,,1,35,,307237,10,,,1,55,,307232,10,,,1,15,,307233,10,,,1,5,,307249,10,,,1,5,,307250,10,,,1,5,,307251,10,,,1,5,,307252,10,,,1,5,,307253,10,,,1,5,,307254,10,,,1,5,,307255,10,,,1,45,,307256,10,,,1,5,,307257,10,,,1,5,,307258,10,,,1,5,,307259,10,,,1,5,,307260,10,,,1,5,,307261,10,,,1,7,,307238,10,,,1,7,,307262,10,,,1,8,,307239,10,,,1,7,,307263,10,,,1,48,,307264,10,,,1,11,,307241,10,,,1,11,,307245,10,,,1,12,,307265,10,,,1,12,,307266,10,,,1,52,,307267,10,,,1,18,,307244,10,,,1,15,,307246,10,,,1,15,,307242,10,,,1,55,,307268,10,,,1,15,,307247,10,,,1,15,,307269,10,,,1,15,,307270,10,,,1,55,,307271,10,,,1,15,,307272,10,,,1,15,,307273,10,,,1,15,,307274,10,,,1,55,,307275,10,,,1,15,,307276,10,,,1,15,,307277,10,,,1,15,,307278,10,,,1,55,,307279,10,,,1,15,,307248,10,,,1,15,,307289,10,,,1,15,,307287,10,,,1,55,,307286,10,,,1,16,,307288,10,,,1,20,,307234,10,,,1,60,,307240,10,,,1,20,,307235,10,,,1,30,,307243,10,,,1,70,,307280,10,,,1,30,,307281,10,,,1,70,,307282,10,,,1,26,,307283,10,,,1,70,,307284,10,,,1,30,,307285,10,,,1,70,,307290,10,,,1
24011001,'110X-Weekday-7-26-09-1111100',546,,307296,10,,,1,70,,307291,10,,,1,35,,307297,10,,,1,55,,307292,10,,,1,15,,307293,10,,,1,5,,307309,10,,,1,5,,307310,10,,,1,5,,307311,10,,,1,5,,307312,10,,,1,5,,307313,10,,,1,5,,307314,10,,,1,5,,307315,10,,,1,45,,307316,10,,,1,5,,307317,10,,,1,5,,307318,10,,,1,5,,307319,10,,,1,5,,307320,10,,,1,5,,307321,10,,,1,7,,307298,10,,,1,7,,307322,10,,,1,8,,307299,10,,,1,7,,307323,10,,,1,48,,307324,10,,,1,11,,307301,10,,,1,11,,307305,10,,,1,12,,307325,10,,,1,12,,307326,10,,,1,52,,307327,10,,,1,18,,307304,10,,,1,15,,307306,10,,,1,15,,307302,10,,,1,55,,307328,10,,,1,15,,307307,10,,,1,15,,307329,10,,,1,15,,307330,10,,,1,55,,307331,10,,,1,15,,307332,10,,,1,15,,307333,10,,,1,15,,307334,10,,,1,55,,307335,10,,,1,15,,307336,10,,,1,15,,307337,10,,,1,15,,307338,10,,,1,55,,307339,10,,,1,15,,307308,10,,,1,15,,307349,10,,,1,15,,307347,10,,,1,55,,307346,10,,,1,16,,307348,10,,,1,20,,307294,10,,,1,60,,307300,10,,,1,20,,307295,10,,,1,30,,307303,10,,,1,70,,307340,10,,,1,30,,307341,10,,,1,70,,307342,10,,,1,26,,307343,10,,,1,70,,307344,10,,,1,30,,307345,10,,,1,70,,307350,10,,,1
24011001,'110X-Saturday-1-26-09-0000010',817,,307351,10,,,1,20,,307352,10,,,1,20,,307353,10,,,1,62,,307354,10,,,1,20,,307355,10,,,1,20,,307356,10,,,1,60,,307357,10,,,1,20,,307358,10,,,1,20,,307359,10,,,1,60,,307360,10,,,1,20,,307361,10,,,1,20,,307362,10,,,1,60,,307363,10,,,1,20,,307364,10,,,1,20,,307365,10,,,1,60,,307366,10,,,1,20,,307367,10,,,1,20,,307368,10,,,1,60,,307369,10,,,1,20,,307370,10,,,1,20,,307371,10,,,1,60,,307372,10,,,1,20,,307373,10,,,1,20,,307374,10,,,1,60,,307375,10,,,1,20,,307376,10,,,1,20,,307377,10,,,1,58,,307378,10,,,1,20,,307379,10,,,1,20,,307380,10,,,1,60,,307381,10,,,1,20,,307382,10,,,1
24011001,'110X-Sunday-1-26-09-0000001',1019,,307399,10,,,1,30,,307398,10,,,1,70,,307397,10,,,1,30,,307396,10,,,1,70,,307395,10,,,1,30,,307394,10,,,1,70,,307393,10,,,1,30,,307392,10,,,1,70,,307391,10,,,1,30,,307390,10,,,1,70,,307389,10,,,1,30,,307388,10,,,1,70,,307387,10,,,1,30,,307386,10,,,1,70,,307385,10,,,1,30,,307384,10,,,1,70,,307383,10,,,1
