10801,'108-Weekday-1-26-09-0001000',1427,,252266,24,,,1
10801,'108-Weekday-1-26-09-1110100',1522,,252267,24,,,1
10801,'108-Weekday-1-26-09-1111100',552,,252327,24,,,1,60,,252328,24,,,1,20,,252329,24,,,1,22,,252330,24,,,1,62,,252317,24,,,1,10,,252318,24,,,1,10,,252319,24,,,1,10,,252320,24,,,1,10,,252321,24,,,1,50,,252322,24,,,1,10,,252323,24,,,1,10,,252324,24,,,1,10,,252325,24,,,1,10,,252326,24,,,1,56,,252316,24,,,1,18,,252297,24,,,1,17,,252298,24,,,1,20,,252299,24,,,1,60,,252300,24,,,1,20,,252301,24,,,1,20,,252302,24,,,1,60,,252303,24,,,1,20,,252304,24,,,1,20,,252305,24,,,1,60,,252306,24,,,1,20,,252307,24,,,1,20,,252308,24,,,1,60,,252309,24,,,1,20,,252310,24,,,1,20,,252311,24,,,1,60,,252312,24,,,1,20,,252313,24,,,1,20,,252314,24,,,1,62,,252315,24,,,1,10,,252334,24,,,1,11,,252281,24,,,1,10,,252335,24,,,1,50,,252282,24,,,1,10,,252283,24,,,1,10,,252284,24,,,1,10,,252285,24,,,1,10,,252286,24,,,1,10,,252287,24,,,1,50,,252288,24,,,1,10,,252289,24,,,1,10,,252290,24,,,1,10,,252291,24,,,1,10,,252292,24,,,1,10,,252293,24,,,1,50,,252294,24,,,1,10,,252295,24,,,1,16,,252296,24,,,1,16,,252280,24,,,1,58,,252268,24,,,1,20,,252333,24,,,1,21,,252271,24,,,1,60,,252272,24,,,1,20,,252273,24,,,1,20,,252274,24,,,1,60,,252275,24,,,1,19,,252276,24,,,1,20,,252277,24,,,1,60,,252278,24,,,1,19,,252279,24,,,1,19,,252331,24,,,1,70,,252332,24,,,1,30,,252269,24,,,1,70,,252270,24,,,1
10801,'108-Weekday-2-26-09-1110100',1522,,252336,24,,,1
10801,'108-Weekday-2-26-09-1111100',552,,252396,24,,,1,60,,252397,24,,,1,20,,252398,24,,,1,22,,252399,24,,,1,62,,252386,24,,,1,10,,252387,24,,,1,10,,252388,24,,,1,10,,252389,24,,,1,10,,252390,24,,,1,50,,252391,24,,,1,10,,252392,24,,,1,10,,252393,24,,,1,10,,252394,24,,,1,10,,252395,24,,,1,56,,252385,24,,,1,18,,252366,24,,,1,17,,252367,24,,,1,20,,252368,24,,,1,60,,252369,24,,,1,20,,252370,24,,,1,20,,252371,24,,,1,60,,252372,24,,,1,20,,252373,24,,,1,20,,252374,24,,,1,60,,252375,24,,,1,20,,252376,24,,,1,20,,252377,24,,,1,60,,252378,24,,,1,20,,252379,24,,,1,20,,252380,24,,,1,60,,252381,24,,,1,20,,252382,24,,,1,20,,252383,24,,,1,62,,252384,24,,,1,10,,252403,24,,,1,11,,252350,24,,,1,10,,252404,24,,,1,50,,252351,24,,,1,10,,252352,24,,,1,10,,252353,24,,,1,10,,252354,24,,,1,10,,252355,24,,,1,10,,252356,24,,,1,50,,252357,24,,,1,10,,252358,24,,,1,10,,252359,24,,,1,10,,252360,24,,,1,10,,252361,24,,,1,10,,252362,24,,,1,50,,252363,24,,,1,10,,252364,24,,,1,16,,252365,24,,,1,16,,252349,24,,,1,58,,252337,24,,,1,20,,252402,24,,,1,21,,252340,24,,,1,60,,252341,24,,,1,20,,252342,24,,,1,20,,252343,24,,,1,60,,252344,24,,,1,19,,252345,24,,,1,20,,252346,24,,,1,60,,252347,24,,,1,19,,252348,24,,,1,19,,252400,24,,,1,70,,252401,24,,,1,30,,252338,24,,,1,70,,252339,24,,,1
10801,'108-Weekday-3-26-09-1111100',552,,252464,24,,,1,60,,252465,24,,,1,20,,252466,24,,,1,22,,252467,24,,,1,62,,252454,24,,,1,10,,252455,24,,,1,10,,252456,24,,,1,10,,252457,24,,,1,10,,252458,24,,,1,50,,252459,24,,,1,10,,252460,24,,,1,10,,252461,24,,,1,10,,252462,24,,,1,10,,252463,24,,,1,56,,252453,24,,,1,18,,252434,24,,,1,17,,252435,24,,,1,20,,252436,24,,,1,60,,252437,24,,,1,20,,252438,24,,,1,20,,252439,24,,,1,60,,252440,24,,,1,20,,252441,24,,,1,20,,252442,24,,,1,60,,252443,24,,,1,20,,252444,24,,,1,20,,252445,24,,,1,60,,252446,24,,,1,20,,252447,24,,,1,20,,252448,24,,,1,60,,252449,24,,,1,20,,252450,24,,,1,20,,252451,24,,,1,62,,252452,24,,,1,10,,252471,24,,,1,11,,252418,24,,,1,10,,252472,24,,,1,50,,252419,24,,,1,10,,252420,24,,,1,10,,252421,24,,,1,10,,252422,24,,,1,10,,252423,24,,,1,10,,252424,24,,,1,50,,252425,24,,,1,10,,252426,24,,,1,10,,252427,24,,,1,10,,252428,24,,,1,10,,252429,24,,,1,10,,252430,24,,,1,50,,252431,24,,,1,10,,252432,24,,,1,16,,252433,24,,,1,16,,252417,24,,,1,58,,252405,24,,,1,20,,252470,24,,,1,21,,252408,24,,,1,60,,252409,24,,,1,20,,252410,24,,,1,20,,252411,24,,,1,60,,252412,24,,,1,19,,252413,24,,,1,20,,252414,24,,,1,60,,252415,24,,,1,19,,252416,24,,,1,19,,252468,24,,,1,70,,252469,24,,,1,30,,252406,24,,,1,70,,252407,24,,,1
10801,'108-Weekday-4-26-09-1111100',552,,252532,24,,,1,60,,252533,24,,,1,20,,252534,24,,,1,22,,252535,24,,,1,62,,252522,24,,,1,10,,252523,24,,,1,10,,252524,24,,,1,10,,252525,24,,,1,10,,252526,24,,,1,50,,252527,24,,,1,10,,252528,24,,,1,10,,252529,24,,,1,10,,252530,24,,,1,10,,252531,24,,,1,56,,252521,24,,,1,18,,252502,24,,,1,17,,252503,24,,,1,20,,252504,24,,,1,60,,252505,24,,,1,20,,252506,24,,,1,20,,252507,24,,,1,60,,252508,24,,,1,20,,252509,24,,,1,20,,252510,24,,,1,60,,252511,24,,,1,20,,252512,24,,,1,20,,252513,24,,,1,60,,252514,24,,,1,20,,252515,24,,,1,20,,252516,24,,,1,60,,252517,24,,,1,20,,252518,24,,,1,20,,252519,24,,,1,62,,252520,24,,,1,10,,252539,24,,,1,11,,252486,24,,,1,10,,252540,24,,,1,50,,252487,24,,,1,10,,252488,24,,,1,10,,252489,24,,,1,10,,252490,24,,,1,10,,252491,24,,,1,10,,252492,24,,,1,50,,252493,24,,,1,10,,252494,24,,,1,10,,252495,24,,,1,10,,252496,24,,,1,10,,252497,24,,,1,10,,252498,24,,,1,50,,252499,24,,,1,10,,252500,24,,,1,16,,252501,24,,,1,16,,252485,24,,,1,58,,252473,24,,,1,20,,252538,24,,,1,21,,252476,24,,,1,60,,252477,24,,,1,20,,252478,24,,,1,20,,252479,24,,,1,60,,252480,24,,,1,19,,252481,24,,,1,20,,252482,24,,,1,60,,252483,24,,,1,19,,252484,24,,,1,19,,252536,24,,,1,70,,252537,24,,,1,30,,252474,24,,,1,70,,252475,24,,,1
10801,'108-Weekday-5-26-09-1111100',552,,252600,24,,,1,60,,252601,24,,,1,20,,252602,24,,,1,22,,252603,24,,,1,62,,252590,24,,,1,10,,252591,24,,,1,10,,252592,24,,,1,10,,252593,24,,,1,10,,252594,24,,,1,50,,252595,24,,,1,10,,252596,24,,,1,10,,252597,24,,,1,10,,252598,24,,,1,10,,252599,24,,,1,56,,252589,24,,,1,18,,252570,24,,,1,17,,252571,24,,,1,20,,252572,24,,,1,60,,252573,24,,,1,20,,252574,24,,,1,20,,252575,24,,,1,60,,252576,24,,,1,20,,252577,24,,,1,20,,252578,24,,,1,60,,252579,24,,,1,20,,252580,24,,,1,20,,252581,24,,,1,60,,252582,24,,,1,20,,252583,24,,,1,20,,252584,24,,,1,60,,252585,24,,,1,20,,252586,24,,,1,20,,252587,24,,,1,62,,252588,24,,,1,10,,252607,24,,,1,11,,252554,24,,,1,10,,252608,24,,,1,50,,252555,24,,,1,10,,252556,24,,,1,10,,252557,24,,,1,10,,252558,24,,,1,10,,252559,24,,,1,10,,252560,24,,,1,50,,252561,24,,,1,10,,252562,24,,,1,10,,252563,24,,,1,10,,252564,24,,,1,10,,252565,24,,,1,10,,252566,24,,,1,50,,252567,24,,,1,10,,252568,24,,,1,16,,252569,24,,,1,16,,252553,24,,,1,58,,252541,24,,,1,20,,252606,24,,,1,21,,252544,24,,,1,60,,252545,24,,,1,20,,252546,24,,,1,20,,252547,24,,,1,60,,252548,24,,,1,19,,252549,24,,,1,20,,252550,24,,,1,60,,252551,24,,,1,19,,252552,24,,,1,19,,252604,24,,,1,70,,252605,24,,,1,30,,252542,24,,,1,70,,252543,24,,,1
10801,'108-Weekday-6-26-09-1110100',1522,,252609,24,,,1
10801,'108-Weekday-6-26-09-1111100',552,,252669,24,,,1,60,,252670,24,,,1,20,,252671,24,,,1,22,,252672,24,,,1,62,,252659,24,,,1,10,,252660,24,,,1,10,,252661,24,,,1,10,,252662,24,,,1,10,,252663,24,,,1,50,,252664,24,,,1,10,,252665,24,,,1,10,,252666,24,,,1,10,,252667,24,,,1,10,,252668,24,,,1,56,,252658,24,,,1,18,,252639,24,,,1,17,,252640,24,,,1,20,,252641,24,,,1,60,,252642,24,,,1,20,,252643,24,,,1,20,,252644,24,,,1,60,,252645,24,,,1,20,,252646,24,,,1,20,,252647,24,,,1,60,,252648,24,,,1,20,,252649,24,,,1,20,,252650,24,,,1,60,,252651,24,,,1,20,,252652,24,,,1,20,,252653,24,,,1,60,,252654,24,,,1,20,,252655,24,,,1,20,,252656,24,,,1,62,,252657,24,,,1,10,,252676,24,,,1,11,,252623,24,,,1,10,,252677,24,,,1,50,,252624,24,,,1,10,,252625,24,,,1,10,,252626,24,,,1,10,,252627,24,,,1,10,,252628,24,,,1,10,,252629,24,,,1,50,,252630,24,,,1,10,,252631,24,,,1,10,,252632,24,,,1,10,,252633,24,,,1,10,,252634,24,,,1,10,,252635,24,,,1,50,,252636,24,,,1,10,,252637,24,,,1,16,,252638,24,,,1,16,,252622,24,,,1,58,,252610,24,,,1,20,,252675,24,,,1,21,,252613,24,,,1,60,,252614,24,,,1,20,,252615,24,,,1,20,,252616,24,,,1,60,,252617,24,,,1,19,,252618,24,,,1,20,,252619,24,,,1,60,,252620,24,,,1,19,,252621,24,,,1,19,,252673,24,,,1,70,,252674,24,,,1,30,,252611,24,,,1,70,,252612,24,,,1
10801,'108-Weekday-7-26-09-1111100',552,,252737,24,,,1,60,,252738,24,,,1,20,,252739,24,,,1,22,,252740,24,,,1,62,,252727,24,,,1,10,,252728,24,,,1,10,,252729,24,,,1,10,,252730,24,,,1,10,,252731,24,,,1,50,,252732,24,,,1,10,,252733,24,,,1,10,,252734,24,,,1,10,,252735,24,,,1,10,,252736,24,,,1,56,,252726,24,,,1,18,,252707,24,,,1,17,,252708,24,,,1,20,,252709,24,,,1,60,,252710,24,,,1,20,,252711,24,,,1,20,,252712,24,,,1,60,,252713,24,,,1,20,,252714,24,,,1,20,,252715,24,,,1,60,,252716,24,,,1,20,,252717,24,,,1,20,,252718,24,,,1,60,,252719,24,,,1,20,,252720,24,,,1,20,,252721,24,,,1,60,,252722,24,,,1,20,,252723,24,,,1,20,,252724,24,,,1,62,,252725,24,,,1,10,,252744,24,,,1,11,,252691,24,,,1,10,,252745,24,,,1,50,,252692,24,,,1,10,,252693,24,,,1,10,,252694,24,,,1,10,,252695,24,,,1,10,,252696,24,,,1,10,,252697,24,,,1,50,,252698,24,,,1,10,,252699,24,,,1,10,,252700,24,,,1,10,,252701,24,,,1,10,,252702,24,,,1,10,,252703,24,,,1,50,,252704,24,,,1,10,,252705,24,,,1,16,,252706,24,,,1,16,,252690,24,,,1,58,,252678,24,,,1,20,,252743,24,,,1,21,,252681,24,,,1,60,,252682,24,,,1,20,,252683,24,,,1,20,,252684,24,,,1,60,,252685,24,,,1,19,,252686,24,,,1,20,,252687,24,,,1,60,,252688,24,,,1,19,,252689,24,,,1,19,,252741,24,,,1,70,,252742,24,,,1,30,,252679,24,,,1,70,,252680,24,,,1
10801,'108-Saturday-1-26-09-0000010',546,,252746,24,,,1,70,,252747,24,,,1,30,,252748,24,,,1,70,,252749,24,,,1,30,,252750,24,,,1,70,,252751,24,,,1,30,,252752,24,,,1,69,,252753,24,,,1,30,,252754,24,,,1,70,,252755,24,,,1,30,,252756,24,,,1,70,,252757,24,,,1,30,,252758,24,,,1,70,,252759,24,,,1,30,,252760,24,,,1,70,,252761,24,,,1,30,,252762,24,,,1,70,,252763,24,,,1,30,,252764,24,,,1,70,,252765,24,,,1,30,,252766,24,,,1,70,,252767,24,,,1,30,,252768,24,,,1,71,,252769,24,,,1,30,,252770,24,,,1,70,,252771,24,,,1,30,,252772,24,,,1,70,,252782,24,,,1,30,,252773,24,,,1,70,,252774,24,,,1,30,,252775,24,,,1,70,,252776,24,,,1,30,,252777,24,,,1,70,,252778,24,,,1,30,,252779,24,,,1,70,,252780,24,,,1,30,,252781,24,,,1
10801,'108-Sunday-1-26-09-0000001',602,,252783,24,,,1,30,,252784,24,,,1,27,,252785,24,,,1,70,,252786,24,,,1,30,,252787,24,,,1,69,,252788,24,,,1,72,,252789,24,,,1,30,,252790,24,,,1,70,,252791,24,,,1,30,,252792,24,,,1,70,,252793,24,,,1,30,,252794,24,,,1,70,,252795,24,,,1,30,,252796,24,,,1,70,,252797,24,,,1,30,,252798,24,,,1,70,,252799,24,,,1,30,,252800,24,,,1,70,,252801,24,,,1,30,,252802,24,,,1,70,,252803,24,,,1,30,,252804,24,,,1,28,,252805,24,,,1,70,,252806,24,,,1,30,,252807,24,,,1,70,,252808,24,,,1,30,,252809,24,,,1,70,,252810,24,,,1,30,,252811,24,,,1,70,,252812,24,,,1,30,,252813,24,,,1,70,,252814,24,,,1,30,,252815,24,,,1,70,,252816,24,,,1,30,,252817,24,,,1,70,,252818,24,,,1,73,,252819,24,,,1
11601,'116-Weekday-1-26-09-1111100',533,,256513,17,,,1,70,,256511,17,,,1,30,,256512,17,,,1,20,,256515,17,,,1,60,,256545,17,,,1,20,,256516,17,,,1,20,,256517,17,,,1,60,,256546,17,,,1,25,,256550,17,,,1,65,,256518,17,,,1,30,,256519,17,,,1,70,,256520,17,,,1,30,,256521,17,,,1,70,,256522,17,,,1,30,,256523,17,,,1,70,,256524,17,,,1,30,,256525,17,,,1,70,,256526,17,,,1,30,,256527,17,,,1,70,,256528,17,,,1,30,,256529,17,,,1,71,,256530,17,,,1,21,,256531,17,,,1,15,,256532,17,,,1,15,,256551,17,,,1,55,,256533,17,,,1,15,,256534,17,,,1,15,,256535,17,,,1,15,,256552,17,,,1,55,,256536,17,,,1,15,,256553,17,,,1,20,,256548,17,,,1,60,,256549,17,,,1,20,,256537,17,,,1,28,,256538,17,,,1,70,,256539,17,,,1,30,,256540,17,,,1,70,,256541,17,,,1,30,,256542,17,,,1,70,,256543,17,,,1,30,,256547,17,,,1,100,,256544,17,,,1,100,,256514,17,,,1
11601,'116-Weekday-2-26-09-1111100',533,,256556,17,,,1,70,,256554,17,,,1,30,,256555,17,,,1,20,,256558,17,,,1,60,,256588,17,,,1,20,,256559,17,,,1,20,,256560,17,,,1,60,,256589,17,,,1,25,,256593,17,,,1,65,,256561,17,,,1,30,,256562,17,,,1,70,,256563,17,,,1,30,,256564,17,,,1,70,,256565,17,,,1,30,,256566,17,,,1,70,,256567,17,,,1,30,,256568,17,,,1,70,,256569,17,,,1,30,,256570,17,,,1,70,,256571,17,,,1,30,,256572,17,,,1,71,,256573,17,,,1,21,,256574,17,,,1,15,,256575,17,,,1,15,,256594,17,,,1,55,,256576,17,,,1,15,,256577,17,,,1,15,,256578,17,,,1,15,,256595,17,,,1,55,,256579,17,,,1,15,,256596,17,,,1,20,,256591,17,,,1,60,,256592,17,,,1,20,,256580,17,,,1,28,,256581,17,,,1,70,,256582,17,,,1,30,,256583,17,,,1,70,,256584,17,,,1,30,,256585,17,,,1,70,,256586,17,,,1,30,,256590,17,,,1,100,,256587,17,,,1,100,,256557,17,,,1
11601,'116-Weekday-3-26-09-1111100',533,,256599,17,,,1,70,,256597,17,,,1,30,,256598,17,,,1,20,,256601,17,,,1,60,,256631,17,,,1,20,,256602,17,,,1,20,,256603,17,,,1,60,,256632,17,,,1,25,,256636,17,,,1,65,,256604,17,,,1,30,,256605,17,,,1,70,,256606,17,,,1,30,,256607,17,,,1,70,,256608,17,,,1,30,,256609,17,,,1,70,,256610,17,,,1,30,,256611,17,,,1,70,,256612,17,,,1,30,,256613,17,,,1,70,,256614,17,,,1,30,,256615,17,,,1,71,,256616,17,,,1,21,,256617,17,,,1,15,,256618,17,,,1,15,,256637,17,,,1,55,,256619,17,,,1,15,,256620,17,,,1,15,,256621,17,,,1,15,,256638,17,,,1,55,,256622,17,,,1,15,,256639,17,,,1,20,,256634,17,,,1,60,,256635,17,,,1,20,,256623,17,,,1,28,,256624,17,,,1,70,,256625,17,,,1,30,,256626,17,,,1,70,,256627,17,,,1,30,,256628,17,,,1,70,,256629,17,,,1,30,,256633,17,,,1,100,,256630,17,,,1,100,,256600,17,,,1
11601,'116-Weekday-4-26-09-1111100',533,,256642,17,,,1,70,,256640,17,,,1,30,,256641,17,,,1,20,,256644,17,,,1,60,,256674,17,,,1,20,,256645,17,,,1,20,,256646,17,,,1,60,,256675,17,,,1,25,,256679,17,,,1,65,,256647,17,,,1,30,,256648,17,,,1,70,,256649,17,,,1,30,,256650,17,,,1,70,,256651,17,,,1,30,,256652,17,,,1,70,,256653,17,,,1,30,,256654,17,,,1,70,,256655,17,,,1,30,,256656,17,,,1,70,,256657,17,,,1,30,,256658,17,,,1,71,,256659,17,,,1,21,,256660,17,,,1,15,,256661,17,,,1,15,,256680,17,,,1,55,,256662,17,,,1,15,,256663,17,,,1,15,,256664,17,,,1,15,,256681,17,,,1,55,,256665,17,,,1,15,,256682,17,,,1,20,,256677,17,,,1,60,,256678,17,,,1,20,,256666,17,,,1,28,,256667,17,,,1,70,,256668,17,,,1,30,,256669,17,,,1,70,,256670,17,,,1,30,,256671,17,,,1,70,,256672,17,,,1,30,,256676,17,,,1,100,,256673,17,,,1,100,,256643,17,,,1
11601,'116-Weekday-5-26-09-1111100',533,,256685,17,,,1,70,,256683,17,,,1,30,,256684,17,,,1,20,,256687,17,,,1,60,,256717,17,,,1,20,,256688,17,,,1,20,,256689,17,,,1,60,,256718,17,,,1,25,,256722,17,,,1,65,,256690,17,,,1,30,,256691,17,,,1,70,,256692,17,,,1,30,,256693,17,,,1,70,,256694,17,,,1,30,,256695,17,,,1,70,,256696,17,,,1,30,,256697,17,,,1,70,,256698,17,,,1,30,,256699,17,,,1,70,,256700,17,,,1,30,,256701,17,,,1,71,,256702,17,,,1,21,,256703,17,,,1,15,,256704,17,,,1,15,,256723,17,,,1,55,,256705,17,,,1,15,,256706,17,,,1,15,,256707,17,,,1,15,,256724,17,,,1,55,,256708,17,,,1,15,,256725,17,,,1,20,,256720,17,,,1,60,,256721,17,,,1,20,,256709,17,,,1,28,,256710,17,,,1,70,,256711,17,,,1,30,,256712,17,,,1,70,,256713,17,,,1,30,,256714,17,,,1,70,,256715,17,,,1,30,,256719,17,,,1,100,,256716,17,,,1,100,,256686,17,,,1
11601,'116-Weekday-6-26-09-1111100',533,,256728,17,,,1,70,,256726,17,,,1,30,,256727,17,,,1,20,,256730,17,,,1,60,,256760,17,,,1,20,,256731,17,,,1,20,,256732,17,,,1,60,,256761,17,,,1,25,,256765,17,,,1,65,,256733,17,,,1,30,,256734,17,,,1,70,,256735,17,,,1,30,,256736,17,,,1,70,,256737,17,,,1,30,,256738,17,,,1,70,,256739,17,,,1,30,,256740,17,,,1,70,,256741,17,,,1,30,,256742,17,,,1,70,,256743,17,,,1,30,,256744,17,,,1,71,,256745,17,,,1,21,,256746,17,,,1,15,,256747,17,,,1,15,,256766,17,,,1,55,,256748,17,,,1,15,,256749,17,,,1,15,,256750,17,,,1,15,,256767,17,,,1,55,,256751,17,,,1,15,,256768,17,,,1,20,,256763,17,,,1,60,,256764,17,,,1,20,,256752,17,,,1,28,,256753,17,,,1,70,,256754,17,,,1,30,,256755,17,,,1,70,,256756,17,,,1,30,,256757,17,,,1,70,,256758,17,,,1,30,,256762,17,,,1,100,,256759,17,,,1,100,,256729,17,,,1
11601,'116-Weekday-7-26-09-1111100',533,,256771,17,,,1,70,,256769,17,,,1,30,,256770,17,,,1,20,,256773,17,,,1,60,,256803,17,,,1,20,,256774,17,,,1,20,,256775,17,,,1,60,,256804,17,,,1,25,,256808,17,,,1,65,,256776,17,,,1,30,,256777,17,,,1,70,,256778,17,,,1,30,,256779,17,,,1,70,,256780,17,,,1,30,,256781,17,,,1,70,,256782,17,,,1,30,,256783,17,,,1,70,,256784,17,,,1,30,,256785,17,,,1,70,,256786,17,,,1,30,,256787,17,,,1,71,,256788,17,,,1,21,,256789,17,,,1,15,,256790,17,,,1,15,,256809,17,,,1,55,,256791,17,,,1,15,,256792,17,,,1,15,,256793,17,,,1,15,,256810,17,,,1,55,,256794,17,,,1,15,,256811,17,,,1,20,,256806,17,,,1,60,,256807,17,,,1,20,,256795,17,,,1,28,,256796,17,,,1,70,,256797,17,,,1,30,,256798,17,,,1,70,,256799,17,,,1,30,,256800,17,,,1,70,,256801,17,,,1,30,,256805,17,,,1,100,,256802,17,,,1,100,,256772,17,,,1
11601,'116-Saturday-1-26-09-0000010',609,,256841,17,,,1,100,,256840,17,,,1,100,,256812,17,,,1,30,,256813,17,,,1,70,,256814,17,,,1,30,,256815,17,,,1,70,,256816,17,,,1,30,,256817,17,,,1,70,,256818,17,,,1,30,,256819,17,,,1,70,,256820,17,,,1,30,,256821,17,,,1,70,,256822,17,,,1,30,,256823,17,,,1,70,,256824,17,,,1,30,,256825,17,,,1,70,,256826,17,,,1,30,,256827,17,,,1,70,,256828,17,,,1,30,,256829,17,,,1,71,,256830,17,,,1,30,,256831,17,,,1,70,,256832,17,,,1,30,,256833,17,,,1,70,,256834,17,,,1,30,,256835,17,,,1,85,,256836,17,,,1,100,,256837,17,,,1,100,,256838,17,,,1,100,,256839,17,,,1
11601,'116-Sunday-1-26-09-0000001',623,,256842,17,,,1,100,,256843,17,,,1,100,,256844,17,,,1,100,,256845,17,,,1,101,,256846,17,,,1,30,,256847,17,,,1,70,,256848,17,,,1,30,,256849,17,,,1,70,,256850,17,,,1,30,,256851,17,,,1,70,,256852,17,,,1,30,,256853,17,,,1,70,,256854,17,,,1,30,,256855,17,,,1,70,,256856,17,,,1,30,,256857,17,,,1,70,,256858,17,,,1,30,,256859,17,,,1,69,,256860,17,,,1,29,,256861,17,,,1,70,,256862,17,,,1,30,,256863,17,,,1,70,,256864,17,,,1,30,,256866,17,,,1,70,,256865,17,,,1,30,,256867,17,,,1,70,,256868,17,,,1
62701,'627-Weekday-1-26-09-1111100',840,,273533,22,,,1
62701,'627-Weekday-3-26-09-1111100',840,,273534,22,,,1
62701,'627-Weekday-7-26-09-1111100',840,,273535,22,,,1
