201,'002-Weekday-1-26-06-1111100',520,,161448,45,,,1,20,,161449,45,,,1,66,,161450,45,,,1,20,,161451,45,,,1,16,,161452,45,,,1,16,,161453,45,,,1,55,,161447,45,,,1,12,,161454,45,,,1,12,,161455,45,,,1,12,,161456,45,,,1,52,,161457,45,,,1,12,,161458,45,,,1,12,,161459,45,,,1,12,,161460,45,,,1,12,,161461,45,,,1,52,,161462,45,,,1,12,,161531,45,,,1,12,,161463,45,,,1,14,,161530,45,,,1,15,,161464,45,,,1,55,,161465,45,,,1,15,,161466,45,,,1,15,,161467,45,,,1,15,,161468,45,,,1,55,,161469,45,,,1,15,,161470,45,,,1,15,,161471,45,,,1,15,,161472,45,,,1,55,,161473,45,,,1,15,,161474,45,,,1,15,,161475,45,,,1,15,,161476,45,,,1,55,,161477,45,,,1,15,,161478,45,,,1,15,,161479,45,,,1,15,,161480,45,,,1,55,,161481,45,,,1,15,,161482,45,,,1,15,,161483,45,,,1,15,,161484,45,,,1,58,,161485,45,,,1,18,,161486,45,,,1,13,,161487,45,,,1,13,,161488,45,,,1,52,,161489,45,,,1,12,,161490,45,,,1,12,,161491,45,,,1,13,,161492,45,,,1,14,,161493,45,,,1,52,,161494,45,,,1,12,,161495,45,,,1,15,,161496,45,,,1,15,,161497,45,,,1,55,,161498,45,,,1,14,,161499,45,,,1,13,,161500,45,,,1,11,,161501,45,,,1,12,,161502,45,,,1,52,,161503,45,,,1,16,,161504,45,,,1,19,,161505,45,,,1,58,,161506,45,,,1,15,,161507,45,,,1,15,,161508,45,,,1,15,,161509,45,,,1,55,,161510,45,,,1,15,,161511,45,,,1,15,,161512,45,,,1,15,,161513,45,,,1,54,,161514,45,,,1,14,,161515,45,,,1,14,,161516,45,,,1,14,,161517,45,,,1,14,,161518,45,,,1,53,,161519,45,,,1,20,,161520,45,,,1,20,,161521,45,,,1,59,,161522,45,,,1,17,,161523,45,,,1,28,,161524,45,,,1,70,,161525,45,,,1,30,,161526,64,0,28 41 7 42,1,70,,161527,64,0,28 41 7 42,1,30,,161528,64,0,28 41 7 42,1,70,,161529,64,0,28 41 7 42,1
201,'002-Weekday-2-26-06-1111100',520,,188991,45,,,1,20,,188992,45,,,1,66,,188993,45,,,1,20,,188994,45,,,1,16,,188995,45,,,1,16,,188996,45,,,1,55,,188990,45,,,1,12,,188997,45,,,1,12,,188998,45,,,1,12,,188999,45,,,1,52,,189000,45,,,1,12,,189001,45,,,1,12,,189002,45,,,1,12,,189003,45,,,1,12,,189004,45,,,1,52,,189005,45,,,1,12,,189074,45,,,1,12,,189006,45,,,1,14,,189073,45,,,1,15,,189007,45,,,1,55,,189008,45,,,1,15,,189009,45,,,1,15,,189010,45,,,1,15,,189011,45,,,1,55,,189012,45,,,1,15,,189013,45,,,1,15,,189014,45,,,1,15,,189015,45,,,1,55,,189016,45,,,1,15,,189017,45,,,1,15,,189018,45,,,1,15,,189019,45,,,1,55,,189020,45,,,1,15,,189021,45,,,1,15,,189022,45,,,1,15,,189023,45,,,1,55,,189024,45,,,1,15,,189025,45,,,1,15,,189026,45,,,1,15,,189027,45,,,1,58,,189028,45,,,1,18,,189029,45,,,1,13,,189030,45,,,1,13,,189031,45,,,1,52,,189032,45,,,1,12,,189033,45,,,1,12,,189034,45,,,1,13,,189035,45,,,1,14,,189036,45,,,1,52,,189037,45,,,1,12,,189038,45,,,1,15,,189039,45,,,1,15,,189040,45,,,1,55,,189041,45,,,1,14,,189042,45,,,1,13,,189043,45,,,1,11,,189044,45,,,1,12,,189045,45,,,1,52,,189046,45,,,1,16,,189047,45,,,1,19,,189048,45,,,1,58,,189049,45,,,1,15,,189050,45,,,1,15,,189051,45,,,1,15,,189052,45,,,1,55,,189053,45,,,1,15,,189054,45,,,1,15,,189055,45,,,1,15,,189056,45,,,1,54,,189057,45,,,1,14,,189058,45,,,1,14,,189059,45,,,1,14,,189060,45,,,1,14,,189061,45,,,1,53,,189062,45,,,1,20,,189063,45,,,1,20,,189064,45,,,1,59,,189065,45,,,1,17,,189066,45,,,1,28,,189067,45,,,1,70,,189068,45,,,1,30,,189069,64,0,28 41 7 42,1,70,,189070,64,0,28 41 7 42,1,30,,189071,64,0,28 41 7 42,1,70,,189072,64,0,28 41 7 42,1
201,'002-Saturday-1-26-06-0000010',551,,161607,45,,,1,60,,161533,45,,,1,20,,161532,45,,,1,20,,161534,45,,,1,60,,161535,45,,,1,20,,161536,45,,,1,20,,161537,45,,,1,60,,161538,45,,,1,15,,161539,45,,,1,15,,161540,45,,,1,16,,161541,45,,,1,57,,161542,45,,,1,19,,161543,45,,,1,18,,161544,45,,,1,56,,161545,45,,,1,16,,161546,45,,,1,19,,161547,45,,,1,15,,161548,45,,,1,55,,161549,45,,,1,15,,161550,45,,,1,15,,161551,45,,,1,15,,161552,45,,,1,55,,161553,45,,,1,15,,161554,45,,,1,15,,161555,45,,,1,15,,161556,45,,,1,55,,161557,45,,,1,15,,161558,45,,,1,15,,161559,45,,,1,15,,161560,45,,,1,55,,161561,45,,,1,15,,161562,45,,,1,15,,161563,45,,,1,15,,161564,45,,,1,55,,161565,45,,,1,15,,161567,45,,,1,15,,161568,45,,,1,15,,161569,45,,,1,55,,161566,45,,,1,15,,161570,45,,,1,15,,161571,45,,,1,15,,161572,45,,,1,54,,161573,45,,,1,15,,161574,45,,,1,14,,161575,45,,,1,14,,161576,45,,,1,55,,161577,45,,,1,12,,161578,45,,,1,15,,161579,45,,,1,15,,161580,45,,,1,55,,161581,45,,,1,15,,161582,45,,,1,15,,161583,45,,,1,15,,161584,45,,,1,55,,161585,45,,,1,15,,161586,45,,,1,15,,161587,45,,,1,15,,161588,45,,,1,55,,161589,45,,,1,15,,161590,45,,,1,15,,161591,45,,,1,15,,161592,45,,,1,55,,161593,45,,,1,15,,161594,45,,,1,15,,161595,45,,,1,15,,161596,45,,,1,55,,161597,45,,,1,16,,161598,45,,,1,20,,161599,45,,,1,59,,161600,45,,,1,17,,161602,45,,,1,14,,161608,45,,,1,23,,161609,64,0,28 41 7 42,1,70,,161603,64,0,28 41 7 42,1,30,,161604,64,0,28 41 7 42,1,70,,161601,64,0,28 41 7 42,1,30,,161605,64,0,28 41 7 42,1,70,,161606,64,0,28 41 7 42,1
201,'002-Saturday-2-26-06-0000010',551,,203976,45,,,1,60,,203902,45,,,1,20,,203901,45,,,1,20,,203903,45,,,1,60,,203904,45,,,1,20,,203905,45,,,1,20,,203906,45,,,1,60,,203907,45,,,1,15,,203908,45,,,1,15,,203909,45,,,1,16,,203910,45,,,1,57,,203911,45,,,1,19,,203912,45,,,1,18,,203913,45,,,1,56,,203914,45,,,1,16,,203915,45,,,1,19,,203916,45,,,1,15,,203917,45,,,1,55,,203918,45,,,1,15,,203919,45,,,1,15,,203920,45,,,1,15,,203921,45,,,1,55,,203922,45,,,1,15,,203923,45,,,1,15,,203924,45,,,1,15,,203925,45,,,1,55,,203926,45,,,1,15,,203927,45,,,1,15,,203928,45,,,1,15,,203929,45,,,1,55,,203930,45,,,1,15,,203931,45,,,1,15,,203932,45,,,1,15,,203933,45,,,1,55,,203934,45,,,1,15,,203936,45,,,1,15,,203937,45,,,1,15,,203938,45,,,1,55,,203935,45,,,1,15,,203939,45,,,1,15,,203940,45,,,1,15,,203941,45,,,1,54,,203942,45,,,1,15,,203943,45,,,1,14,,203944,45,,,1,14,,203945,45,,,1,55,,203946,45,,,1,12,,203947,45,,,1,15,,203948,45,,,1,15,,203949,45,,,1,55,,203950,45,,,1,15,,203951,45,,,1,15,,203952,45,,,1,15,,203953,45,,,1,55,,203954,45,,,1,15,,203955,45,,,1,15,,203956,45,,,1,15,,203957,45,,,1,55,,203958,45,,,1,15,,203959,45,,,1,15,,203960,45,,,1,15,,203961,45,,,1,55,,203962,45,,,1,15,,203963,45,,,1,15,,203964,45,,,1,15,,203965,45,,,1,55,,203966,45,,,1,16,,203967,45,,,1,20,,203968,45,,,1,59,,203969,45,,,1,17,,203971,45,,,1,14,,203977,45,,,1,23,,203978,64,0,28 41 7 42,1,70,,203972,64,0,28 41 7 42,1,30,,203973,64,0,28 41 7 42,1,70,,203970,64,0,28 41 7 42,1,30,,203974,64,0,28 41 7 42,1,70,,203975,64,0,28 41 7 42,1
201,'002-Sunday-2-26-06-0000001',617,,189075,45,,,1,20,,189076,45,,,1,16,,189078,45,,,1,60,,189079,45,,,1,20,,189080,45,,,1,20,,189077,45,,,1,60,,189081,45,,,1,20,,189082,45,,,1,20,,189083,45,,,1,63,,189084,45,,,1,23,,189085,45,,,1,61,,189086,45,,,1,20,,189087,45,,,1,20,,189088,45,,,1,64,,189089,45,,,1,20,,189090,45,,,1,15,,189091,45,,,1,15,,189092,45,,,1,55,,189093,45,,,1,15,,189094,45,,,1,15,,189095,45,,,1,15,,189096,45,,,1,55,,189097,45,,,1,15,,189098,45,,,1,15,,189099,45,,,1,15,,189100,45,,,1,55,,189101,45,,,1,15,,189102,45,,,1,15,,189103,45,,,1,15,,189104,45,,,1,55,,189105,45,,,1,15,,189106,45,,,1,15,,189107,45,,,1,15,,189108,45,,,1,55,,189109,45,,,1,15,,189110,45,,,1,15,,189111,45,,,1,15,,189113,45,,,1,54,,189114,45,,,1,15,,189115,45,,,1,13,,189112,45,,,1,15,,189116,45,,,1,53,,189117,45,,,1,15,,189118,45,,,1,15,,189119,45,,,1,15,,189120,45,,,1,55,,189121,45,,,1,15,,189122,45,,,1,15,,189123,45,,,1,15,,189124,45,,,1,55,,189125,45,,,1,15,,189126,45,,,1,15,,189127,45,,,1,15,,189128,45,,,1,55,,189129,45,,,1,15,,189130,45,,,1,15,,189131,45,,,1,15,,189132,45,,,1,55,,189133,45,,,1,15,,189134,45,,,1,17,,189135,45,,,1,15,,189136,45,,,1,55,,189137,45,,,1,20,,189138,45,,,1,20,,189139,45,,,1,58,,189140,45,,,1,25,,189141,45,,,1,26,,189142,64,0,28 41 7 42,1,70,,189143,64,0,28 41 7 42,1,30,,189144,64,0,28 41 7 42,1,70,,189145,64,0,28 41 7 42,1,30,,189146,64,0,28 41 7 42,1,70,,189147,64,0,28 41 7 42,1
201,'002-Sunday-3-26-06-0000001',617,,203979,45,,,1,20,,203980,45,,,1,16,,203982,45,,,1,60,,203983,45,,,1,20,,203984,45,,,1,20,,203981,45,,,1,60,,203985,45,,,1,20,,203986,45,,,1,20,,203987,45,,,1,63,,203988,45,,,1,23,,203989,45,,,1,61,,203990,45,,,1,20,,203991,45,,,1,20,,203992,45,,,1,64,,203993,45,,,1,20,,203994,45,,,1,15,,203995,45,,,1,15,,203996,45,,,1,55,,203997,45,,,1,15,,203998,45,,,1,15,,203999,45,,,1,15,,204000,45,,,1,55,,204001,45,,,1,15,,204002,45,,,1,15,,204003,45,,,1,15,,204004,45,,,1,55,,204005,45,,,1,15,,204006,45,,,1,15,,204007,45,,,1,15,,204008,45,,,1,55,,204009,45,,,1,15,,204010,45,,,1,15,,204011,45,,,1,15,,204012,45,,,1,55,,204013,45,,,1,15,,204014,45,,,1,15,,204015,45,,,1,15,,204017,45,,,1,54,,204018,45,,,1,15,,204019,45,,,1,13,,204016,45,,,1,15,,204020,45,,,1,53,,204021,45,,,1,15,,204022,45,,,1,15,,204023,45,,,1,15,,204024,45,,,1,55,,204025,45,,,1,15,,204026,45,,,1,15,,204027,45,,,1,15,,204028,45,,,1,55,,204029,45,,,1,15,,204030,45,,,1,15,,204031,45,,,1,15,,204032,45,,,1,55,,204033,45,,,1,15,,204034,45,,,1,15,,204035,45,,,1,15,,204036,45,,,1,55,,204037,45,,,1,15,,204038,45,,,1,17,,204039,45,,,1,15,,204040,45,,,1,55,,204041,45,,,1,20,,204042,45,,,1,20,,204043,45,,,1,58,,204044,45,,,1,25,,204045,45,,,1,26,,204046,64,0,28 41 7 42,1,70,,204047,64,0,28 41 7 42,1,30,,204048,64,0,28 41 7 42,1,70,,204049,64,0,28 41 7 42,1,30,,204050,64,0,28 41 7 42,1,70,,204051,64,0,28 41 7 42,1
201,'002-Sunday-6-26-06-0000001',617,,204052,45,,,1,20,,204053,45,,,1,16,,204055,45,,,1,60,,204056,45,,,1,20,,204057,45,,,1,20,,204054,45,,,1,60,,204058,45,,,1,20,,204059,45,,,1,20,,204060,45,,,1,63,,204061,45,,,1,23,,204062,45,,,1,61,,204063,45,,,1,20,,204064,45,,,1,20,,204065,45,,,1,64,,204066,45,,,1,20,,204067,45,,,1,15,,204068,45,,,1,15,,204069,45,,,1,55,,204070,45,,,1,15,,204071,45,,,1,15,,204072,45,,,1,15,,204073,45,,,1,55,,204074,45,,,1,15,,204075,45,,,1,15,,204076,45,,,1,15,,204077,45,,,1,55,,204078,45,,,1,15,,204079,45,,,1,15,,204080,45,,,1,15,,204081,45,,,1,55,,204082,45,,,1,15,,204083,45,,,1,15,,204084,45,,,1,15,,204085,45,,,1,55,,204086,45,,,1,15,,204087,45,,,1,15,,204088,45,,,1,15,,204090,45,,,1,54,,204091,45,,,1,15,,204092,45,,,1,13,,204089,45,,,1,15,,204093,45,,,1,53,,204094,45,,,1,15,,204095,45,,,1,15,,204096,45,,,1,15,,204097,45,,,1,55,,204098,45,,,1,15,,204099,45,,,1,15,,204100,45,,,1,15,,204101,45,,,1,55,,204102,45,,,1,15,,204103,45,,,1,15,,204104,45,,,1,15,,204105,45,,,1,55,,204106,45,,,1,15,,204107,45,,,1,15,,204108,45,,,1,15,,204109,45,,,1,55,,204110,45,,,1,15,,204111,45,,,1,17,,204112,45,,,1,15,,204113,45,,,1,55,,204114,45,,,1,20,,204115,45,,,1,20,,204116,45,,,1,58,,204117,45,,,1,25,,204118,45,,,1,26,,204119,64,0,28 41 7 42,1,70,,204120,64,0,28 41 7 42,1,30,,204121,64,0,28 41 7 42,1,70,,204122,64,0,28 41 7 42,1,30,,204123,64,0,28 41 7 42,1,70,,204124,64,0,28 41 7 42,1
201,'002-Sunday-7-26-06-0000001',617,,204125,45,,,1,20,,204126,45,,,1,16,,204128,45,,,1,60,,204129,45,,,1,20,,204130,45,,,1,20,,204127,45,,,1,60,,204131,45,,,1,20,,204132,45,,,1,20,,204133,45,,,1,63,,204134,45,,,1,23,,204135,45,,,1,61,,204136,45,,,1,20,,204137,45,,,1,20,,204138,45,,,1,64,,204139,45,,,1,20,,204140,45,,,1,15,,204141,45,,,1,15,,204142,45,,,1,55,,204143,45,,,1,15,,204144,45,,,1,15,,204145,45,,,1,15,,204146,45,,,1,55,,204147,45,,,1,15,,204148,45,,,1,15,,204149,45,,,1,15,,204150,45,,,1,55,,204151,45,,,1,15,,204152,45,,,1,15,,204153,45,,,1,15,,204154,45,,,1,55,,204155,45,,,1,15,,204156,45,,,1,15,,204157,45,,,1,15,,204158,45,,,1,55,,204159,45,,,1,15,,204160,45,,,1,15,,204161,45,,,1,15,,204163,45,,,1,54,,204164,45,,,1,15,,204165,45,,,1,13,,204162,45,,,1,15,,204166,45,,,1,53,,204167,45,,,1,15,,204168,45,,,1,15,,204169,45,,,1,15,,204170,45,,,1,55,,204171,45,,,1,15,,204172,45,,,1,15,,204173,45,,,1,15,,204174,45,,,1,55,,204175,45,,,1,15,,204176,45,,,1,15,,204177,45,,,1,15,,204178,45,,,1,55,,204179,45,,,1,15,,204180,45,,,1,15,,204181,45,,,1,15,,204182,45,,,1,55,,204183,45,,,1,15,,204184,45,,,1,17,,204185,45,,,1,15,,204186,45,,,1,55,,204187,45,,,1,20,,204188,45,,,1,20,,204189,45,,,1,58,,204190,45,,,1,25,,204191,45,,,1,26,,204192,64,0,28 41 7 42,1,70,,204193,64,0,28 41 7 42,1,30,,204194,64,0,28 41 7 42,1,70,,204195,64,0,28 41 7 42,1,30,,204196,64,0,28 41 7 42,1,70,,204197,64,0,28 41 7 42,1
401,'004-Weekday-1-26-06-1111100',529,,162473,60,,,1,15,,162379,60,,,1,15,,162380,60,,,1,55,,162381,60,,,1,17,,162382,60,,,1,19,,162383,60,,,1,62,,162420,60,,,1,21,,162419,60,,,1,13,,162418,60,,,1,12,,162470,60,,,1,52,,162471,60,,,1,12,,162463,60,,,1,12,,162464,60,,,1,12,,162465,60,,,1,12,,162466,60,,,1,51,,162467,60,,,1,12,,162468,60,,,1,12,,162469,60,,,1,13,,162417,60,,,1,11,,162453,60,,,1,52,,162416,60,,,1,12,,162415,60,,,1,12,,162449,60,,,1,12,,162450,60,,,1,12,,162384,60,,,1,53,,162385,60,,,1,14,,162386,60,,,1,12,,162387,60,,,1,13,,162388,60,,,1,53,,162389,60,,,1,12,,162390,60,,,1,12,,162391,60,,,1,12,,162392,60,,,1,12,,162393,60,,,1,52,,162394,60,,,1,12,,162395,60,,,1,12,,162421,60,,,1,12,,162422,60,,,1,12,,162423,60,,,1,52,,162424,60,,,1,12,,162425,60,,,1,12,,162457,60,,,1,12,,162458,60,,,1,12,,162459,60,,,1,53,,162460,60,,,1,14,,162461,60,,,1,19,,162462,60,,,1,13,,162456,60,,,1,52,,162426,60,,,1,14,,162472,60,,,1,9,,162427,60,,,1,8,,162428,60,,,1,10,,162429,60,,,1,10,,162430,60,,,1,50,,162431,60,,,1,10,,162432,60,,,1,10,,162433,60,,,1,10,,162434,60,,,1,10,,162435,60,,,1,10,,162436,60,,,1,50,,162437,60,,,1,9,,162438,60,,,1,10,,162439,60,,,1,7,,162440,60,,,1,9,,162454,60,,,1,9,,162455,60,,,1,8,,162441,60,,,1,53,,162442,60,,,1,12,,162443,60,,,1,12,,162444,60,,,1,15,,162445,60,,,1,55,,162446,60,,,1,15,,162447,60,,,1,15,,162448,60,,,1,15,,162451,60,,,1,55,,162452,60,,,1,15,,162396,60,,,1,15,,162397,60,,,1,15,,162399,60,,,1,55,,162400,60,,,1,13,,162401,60,,,1,12,,162398,60,,,1,13,,162402,60,,,1,14,,162403,60,,,1,60,,162404,60,,,1,20,,162405,60,,,1,20,,162406,60,,,1,60,,162407,60,,,1,18,,162408,60,,,1,19,,162409,60,,,1,69,,162410,60,,,1,30,,162411,60,,,1,70,,162412,60,,,1,30,,162413,60,,,1,70,,162414,60,,,1
401,'004-Weekday-2-26-06-1111100',529,,189692,60,,,1,15,,189598,60,,,1,15,,189599,60,,,1,55,,189600,60,,,1,17,,189601,60,,,1,19,,189602,60,,,1,62,,189639,60,,,1,21,,189638,60,,,1,13,,189637,60,,,1,12,,189689,60,,,1,52,,189690,60,,,1,12,,189682,60,,,1,12,,189683,60,,,1,12,,189684,60,,,1,12,,189685,60,,,1,51,,189686,60,,,1,12,,189687,60,,,1,12,,189688,60,,,1,13,,189636,60,,,1,11,,189672,60,,,1,52,,189635,60,,,1,12,,189634,60,,,1,12,,189668,60,,,1,12,,189669,60,,,1,12,,189603,60,,,1,53,,189604,60,,,1,14,,189605,60,,,1,12,,189606,60,,,1,13,,189607,60,,,1,53,,189608,60,,,1,12,,189609,60,,,1,12,,189610,60,,,1,12,,189611,60,,,1,12,,189612,60,,,1,52,,189613,60,,,1,12,,189614,60,,,1,12,,189640,60,,,1,12,,189641,60,,,1,12,,189642,60,,,1,52,,189643,60,,,1,12,,189644,60,,,1,12,,189676,60,,,1,12,,189677,60,,,1,12,,189678,60,,,1,53,,189679,60,,,1,14,,189680,60,,,1,19,,189681,60,,,1,13,,189675,60,,,1,52,,189645,60,,,1,14,,189691,60,,,1,9,,189646,60,,,1,8,,189647,60,,,1,10,,189648,60,,,1,10,,189649,60,,,1,50,,189650,60,,,1,10,,189651,60,,,1,10,,189652,60,,,1,10,,189653,60,,,1,10,,189654,60,,,1,10,,189655,60,,,1,50,,189656,60,,,1,9,,189657,60,,,1,10,,189658,60,,,1,7,,189659,60,,,1,9,,189673,60,,,1,9,,189674,60,,,1,8,,189660,60,,,1,53,,189661,60,,,1,12,,189662,60,,,1,12,,189663,60,,,1,15,,189664,60,,,1,55,,189665,60,,,1,15,,189666,60,,,1,15,,189667,60,,,1,15,,189670,60,,,1,55,,189671,60,,,1,15,,189615,60,,,1,15,,189616,60,,,1,15,,189618,60,,,1,55,,189619,60,,,1,13,,189620,60,,,1,12,,189617,60,,,1,13,,189621,60,,,1,14,,189622,60,,,1,60,,189623,60,,,1,20,,189624,60,,,1,20,,189625,60,,,1,60,,189626,60,,,1,18,,189627,60,,,1,19,,189628,60,,,1,69,,189629,60,,,1,30,,189630,60,,,1,70,,189631,60,,,1,30,,189632,60,,,1,70,,189633,60,,,1
401,'004-Saturday-1-26-06-0000010',605,,162475,60,,,1,20,,162476,60,,,1,20,,162477,60,,,1,60,,162478,60,,,1,20,,162479,60,,,1,20,,162480,60,,,1,60,,162481,60,,,1,20,,162482,60,,,1,20,,162483,60,,,1,56,,162484,60,,,1,16,,162485,60,,,1,19,,162486,60,,,1,64,,162487,60,,,1,15,,162488,60,,,1,15,,162489,60,,,1,15,,162490,60,,,1,55,,162491,60,,,1,15,,162492,60,,,1,15,,162494,60,,,1,15,,162493,60,,,1,55,,162496,60,,,1,15,,162497,60,,,1,15,,162499,60,,,1,8,,162498,22,0,44 7 42,1,7,,162500,60,,,1,8,,162495,22,0,44 7 42,1,47,,162502,60,,,1,8,,162501,22,0,44 7 42,1,7,,162504,60,,,1,8,,162503,22,0,44 7 42,1,7,,162506,60,,,1,7,,162505,22,0,44 7 42,1,8,,162508,60,,,1,9,,162507,22,0,44 7 42,1,46,,162510,60,,,1,9,,162509,22,0,44 7 42,1,6,,162512,60,,,1,9,,162511,22,0,44 7 42,1,6,,162514,60,,,1,9,,162513,22,0,44 7 42,1,6,,162516,60,,,1,9,,162515,22,0,44 7 42,1,46,,162518,60,,,1,9,,162517,22,0,44 7 42,1,6,,162520,60,,,1,9,,162519,22,0,44 7 42,1,6,,162522,60,,,1,9,,162521,22,0,44 7 42,1,6,,162525,60,,,1,9,,162523,21,0,44 7 42,1,46,,162527,60,,,1,9,,162526,22,0,44 7 42,1,6,,162528,60,,,1,9,,162524,22,0,44 7 42,1,6,,162531,60,,,1,9,,162529,22,0,44 7 42,1,6,,162533,60,,,1,9,,162532,22,0,44 7 42,1,46,,162534,60,,,1,9,,162530,22,0,44 7 42,1,6,,162536,60,,,1,9,,162535,22,0,44 7 42,1,6,,162538,60,,,1,9,,162537,22,0,44 7 42,1,6,,162540,60,,,1,9,,162539,22,0,44 7 42,1,46,,162542,60,,,1,9,,162541,22,0,44 7 42,1,7,,162544,60,,,1,8,,162543,22,0,44 7 42,1,7,,162546,60,,,1,8,,162545,22,0,44 7 42,1,7,,162474,60,,,1,8,,162547,22,0,44 7 42,1,47,,162548,60,,,1,8,,162583,22,0,44 7 42,1,8,,162550,60,,,1,7,,162549,22,0,44 7 42,1,8,,162552,60,,,1,7,,162551,22,0,44 7 42,1,8,,162554,60,,,1,7,,162553,22,0,44 7 42,1,48,,162556,60,,,1,7,,162555,22,0,44 7 42,1,8,,162558,60,,,1,7,,162557,22,0,44 7 42,1,8,,162560,60,,,1,7,,162559,22,0,44 7 42,1,8,,162562,60,,,1,7,,162561,22,0,44 7 42,1,49,,162563,60,,,1,15,,162564,60,,,1,15,,162565,60,,,1,15,,162566,60,,,1,55,,162567,60,,,1,15,,162568,60,,,1,15,,162569,60,,,1,15,,162570,60,,,1,55,,162571,60,,,1,18,,162572,60,,,1,20,,162573,60,,,1,60,,162574,60,,,1,17,,162575,60,,,1,16,,162576,60,,,1,18,,162577,60,,,1,60,,162578,60,,,1,30,,162579,60,,,1,70,,162584,60,,,1,30,,162580,60,,,1,70,,162581,60,,,1,30,,162582,60,,,1
401,'004-Saturday-2-26-06-0000010',605,,205060,60,,,1,20,,205061,60,,,1,20,,205062,60,,,1,60,,205063,60,,,1,20,,205064,60,,,1,20,,205065,60,,,1,60,,205066,60,,,1,20,,205067,60,,,1,20,,205068,60,,,1,56,,205069,60,,,1,16,,205070,60,,,1,19,,205071,60,,,1,64,,205072,60,,,1,15,,205073,60,,,1,15,,205074,60,,,1,15,,205075,60,,,1,55,,205076,60,,,1,15,,205077,60,,,1,15,,205079,60,,,1,15,,205078,60,,,1,55,,205081,60,,,1,15,,205082,60,,,1,15,,205084,60,,,1,8,,205083,22,0,44 7 42,1,7,,205085,60,,,1,8,,205080,22,0,44 7 42,1,47,,205087,60,,,1,8,,205086,22,0,44 7 42,1,7,,205089,60,,,1,8,,205088,22,0,44 7 42,1,7,,205091,60,,,1,7,,205090,22,0,44 7 42,1,8,,205093,60,,,1,9,,205092,22,0,44 7 42,1,46,,205095,60,,,1,9,,205094,22,0,44 7 42,1,6,,205097,60,,,1,9,,205096,22,0,44 7 42,1,6,,205099,60,,,1,9,,205098,22,0,44 7 42,1,6,,205101,60,,,1,9,,205100,22,0,44 7 42,1,46,,205103,60,,,1,9,,205102,22,0,44 7 42,1,6,,205105,60,,,1,9,,205104,22,0,44 7 42,1,6,,205107,60,,,1,9,,205106,22,0,44 7 42,1,6,,205110,60,,,1,9,,205108,21,0,44 7 42,1,46,,205112,60,,,1,9,,205111,22,0,44 7 42,1,6,,205113,60,,,1,9,,205109,22,0,44 7 42,1,6,,205116,60,,,1,9,,205114,22,0,44 7 42,1,6,,205118,60,,,1,9,,205117,22,0,44 7 42,1,46,,205119,60,,,1,9,,205115,22,0,44 7 42,1,6,,205121,60,,,1,9,,205120,22,0,44 7 42,1,6,,205123,60,,,1,9,,205122,22,0,44 7 42,1,6,,205125,60,,,1,9,,205124,22,0,44 7 42,1,46,,205127,60,,,1,9,,205126,22,0,44 7 42,1,7,,205129,60,,,1,8,,205128,22,0,44 7 42,1,7,,205131,60,,,1,8,,205130,22,0,44 7 42,1,7,,205059,60,,,1,8,,205132,22,0,44 7 42,1,47,,205133,60,,,1,8,,205168,22,0,44 7 42,1,8,,205135,60,,,1,7,,205134,22,0,44 7 42,1,8,,205137,60,,,1,7,,205136,22,0,44 7 42,1,8,,205139,60,,,1,7,,205138,22,0,44 7 42,1,48,,205141,60,,,1,7,,205140,22,0,44 7 42,1,8,,205143,60,,,1,7,,205142,22,0,44 7 42,1,8,,205145,60,,,1,7,,205144,22,0,44 7 42,1,8,,205147,60,,,1,7,,205146,22,0,44 7 42,1,49,,205148,60,,,1,15,,205149,60,,,1,15,,205150,60,,,1,15,,205151,60,,,1,55,,205152,60,,,1,15,,205153,60,,,1,15,,205154,60,,,1,15,,205155,60,,,1,55,,205156,60,,,1,18,,205157,60,,,1,20,,205158,60,,,1,60,,205159,60,,,1,17,,205160,60,,,1,16,,205161,60,,,1,18,,205162,60,,,1,60,,205163,60,,,1,30,,205164,60,,,1,70,,205169,60,,,1,30,,205165,60,,,1,70,,205166,60,,,1,30,,205167,60,,,1
401,'004-Sunday-2-26-06-0000001',615,,189693,60,,,1,20,,189694,60,,,1,20,,189695,60,,,1,60,,189696,60,,,1,20,,189697,60,,,1,20,,189698,60,,,1,60,,189699,60,,,1,20,,189700,60,,,1,20,,189701,60,,,1,62,,189702,60,,,1,26,,189703,60,,,1,61,,189704,60,,,1,20,,189705,60,,,1,15,,189706,60,,,1,15,,189766,60,,,1,55,,189707,60,,,1,15,,189708,60,,,1,15,,189709,60,,,1,15,,189710,60,,,1,55,,189711,60,,,1,15,,189712,60,,,1,15,,189713,60,,,1,15,,189714,60,,,1,55,,189715,60,,,1,15,,189716,60,,,1,15,,189717,60,,,1,15,,189718,60,,,1,55,,189719,60,,,1,15,,189720,60,,,1,15,,189721,60,,,1,15,,189722,60,,,1,55,,189723,60,,,1,15,,189724,60,,,1,15,,189725,60,,,1,15,,189726,60,,,1,55,,189727,60,,,1,15,,189728,60,,,1,15,,189729,60,,,1,15,,189730,60,,,1,55,,189731,60,,,1,11,,189732,60,,,1,15,,189733,60,,,1,14,,189734,60,,,1,55,,189735,60,,,1,15,,189736,60,,,1,15,,189737,60,,,1,15,,189738,60,,,1,55,,189739,60,,,1,15,,189740,60,,,1,15,,189741,60,,,1,15,,189742,60,,,1,55,,189743,60,,,1,15,,189744,60,,,1,15,,189745,60,,,1,15,,189746,60,,,1,55,,189747,60,,,1,15,,189748,60,,,1,15,,189749,60,,,1,15,,189750,60,,,1,55,,189751,60,,,1,15,,189752,60,,,1,15,,189753,60,,,1,15,,189765,60,,,1,56,,189755,60,,,1,20,,189756,60,,,1,23,,189757,60,,,1,59,,189754,60,,,1,16,,189758,60,,,1,16,,189759,60,,,1,64,,189760,60,,,1,31,,189761,60,,,1,69,,189762,60,,,1,30,,189763,60,,,1,70,,189764,60,,,1,30,,189767,60,,,1
401,'004-Sunday-3-26-06-0000001',615,,205170,60,,,1,20,,205171,60,,,1,20,,205172,60,,,1,60,,205173,60,,,1,20,,205174,60,,,1,20,,205175,60,,,1,60,,205176,60,,,1,20,,205177,60,,,1,20,,205178,60,,,1,62,,205179,60,,,1,26,,205180,60,,,1,61,,205181,60,,,1,20,,205182,60,,,1,15,,205183,60,,,1,15,,205243,60,,,1,55,,205184,60,,,1,15,,205185,60,,,1,15,,205186,60,,,1,15,,205187,60,,,1,55,,205188,60,,,1,15,,205189,60,,,1,15,,205190,60,,,1,15,,205191,60,,,1,55,,205192,60,,,1,15,,205193,60,,,1,15,,205194,60,,,1,15,,205195,60,,,1,55,,205196,60,,,1,15,,205197,60,,,1,15,,205198,60,,,1,15,,205199,60,,,1,55,,205200,60,,,1,15,,205201,60,,,1,15,,205202,60,,,1,15,,205203,60,,,1,55,,205204,60,,,1,15,,205205,60,,,1,15,,205206,60,,,1,15,,205207,60,,,1,55,,205208,60,,,1,11,,205209,60,,,1,15,,205210,60,,,1,14,,205211,60,,,1,55,,205212,60,,,1,15,,205213,60,,,1,15,,205214,60,,,1,15,,205215,60,,,1,55,,205216,60,,,1,15,,205217,60,,,1,15,,205218,60,,,1,15,,205219,60,,,1,55,,205220,60,,,1,15,,205221,60,,,1,15,,205222,60,,,1,15,,205223,60,,,1,55,,205224,60,,,1,15,,205225,60,,,1,15,,205226,60,,,1,15,,205227,60,,,1,55,,205228,60,,,1,15,,205229,60,,,1,15,,205230,60,,,1,15,,205242,60,,,1,56,,205232,60,,,1,20,,205233,60,,,1,23,,205234,60,,,1,59,,205231,60,,,1,16,,205235,60,,,1,16,,205236,60,,,1,64,,205237,60,,,1,31,,205238,60,,,1,69,,205239,60,,,1,30,,205240,60,,,1,70,,205241,60,,,1,30,,205244,60,,,1
401,'004-Sunday-6-26-06-0000001',615,,205245,60,,,1,20,,205246,60,,,1,20,,205247,60,,,1,60,,205248,60,,,1,20,,205249,60,,,1,20,,205250,60,,,1,60,,205251,60,,,1,20,,205252,60,,,1,20,,205253,60,,,1,62,,205254,60,,,1,26,,205255,60,,,1,61,,205256,60,,,1,20,,205257,60,,,1,15,,205258,60,,,1,15,,205318,60,,,1,55,,205259,60,,,1,15,,205260,60,,,1,15,,205261,60,,,1,15,,205262,60,,,1,55,,205263,60,,,1,15,,205264,60,,,1,15,,205265,60,,,1,15,,205266,60,,,1,55,,205267,60,,,1,15,,205268,60,,,1,15,,205269,60,,,1,15,,205270,60,,,1,55,,205271,60,,,1,15,,205272,60,,,1,15,,205273,60,,,1,15,,205274,60,,,1,55,,205275,60,,,1,15,,205276,60,,,1,15,,205277,60,,,1,15,,205278,60,,,1,55,,205279,60,,,1,15,,205280,60,,,1,15,,205281,60,,,1,15,,205282,60,,,1,55,,205283,60,,,1,11,,205284,60,,,1,15,,205285,60,,,1,14,,205286,60,,,1,55,,205287,60,,,1,15,,205288,60,,,1,15,,205289,60,,,1,15,,205290,60,,,1,55,,205291,60,,,1,15,,205292,60,,,1,15,,205293,60,,,1,15,,205294,60,,,1,55,,205295,60,,,1,15,,205296,60,,,1,15,,205297,60,,,1,15,,205298,60,,,1,55,,205299,60,,,1,15,,205300,60,,,1,15,,205301,60,,,1,15,,205302,60,,,1,55,,205303,60,,,1,15,,205304,60,,,1,15,,205305,60,,,1,15,,205317,60,,,1,56,,205307,60,,,1,20,,205308,60,,,1,23,,205309,60,,,1,59,,205306,60,,,1,16,,205310,60,,,1,16,,205311,60,,,1,64,,205312,60,,,1,31,,205313,60,,,1,69,,205314,60,,,1,30,,205315,60,,,1,70,,205316,60,,,1,30,,205319,60,,,1
401,'004-Sunday-7-26-06-0000001',615,,205320,60,,,1,20,,205321,60,,,1,20,,205322,60,,,1,60,,205323,60,,,1,20,,205324,60,,,1,20,,205325,60,,,1,60,,205326,60,,,1,20,,205327,60,,,1,20,,205328,60,,,1,62,,205329,60,,,1,26,,205330,60,,,1,61,,205331,60,,,1,20,,205332,60,,,1,15,,205333,60,,,1,15,,205393,60,,,1,55,,205334,60,,,1,15,,205335,60,,,1,15,,205336,60,,,1,15,,205337,60,,,1,55,,205338,60,,,1,15,,205339,60,,,1,15,,205340,60,,,1,15,,205341,60,,,1,55,,205342,60,,,1,15,,205343,60,,,1,15,,205344,60,,,1,15,,205345,60,,,1,55,,205346,60,,,1,15,,205347,60,,,1,15,,205348,60,,,1,15,,205349,60,,,1,55,,205350,60,,,1,15,,205351,60,,,1,15,,205352,60,,,1,15,,205353,60,,,1,55,,205354,60,,,1,15,,205355,60,,,1,15,,205356,60,,,1,15,,205357,60,,,1,55,,205358,60,,,1,11,,205359,60,,,1,15,,205360,60,,,1,14,,205361,60,,,1,55,,205362,60,,,1,15,,205363,60,,,1,15,,205364,60,,,1,15,,205365,60,,,1,55,,205366,60,,,1,15,,205367,60,,,1,15,,205368,60,,,1,15,,205369,60,,,1,55,,205370,60,,,1,15,,205371,60,,,1,15,,205372,60,,,1,15,,205373,60,,,1,55,,205374,60,,,1,15,,205375,60,,,1,15,,205376,60,,,1,15,,205377,60,,,1,55,,205378,60,,,1,15,,205379,60,,,1,15,,205380,60,,,1,15,,205392,60,,,1,56,,205382,60,,,1,20,,205383,60,,,1,23,,205384,60,,,1,59,,205381,60,,,1,16,,205385,60,,,1,16,,205386,60,,,1,64,,205387,60,,,1,31,,205388,60,,,1,69,,205389,60,,,1,30,,205390,60,,,1,70,,205391,60,,,1,30,,205394,60,,,1
92400,'924-Weekday-1-26-06-1111100',712,,186100,11,,,1,4,,186100,16,,,1,26,,186101,11,,,1,4,,186101,16,,,1,66,,186102,11,,,1,4,,186102,16,,,1,26,,186103,11,,,1,4,,186103,16,,,1,66,,186104,11,,,1,4,,186104,16,,,1,96,,186105,11,,,1,4,,186105,16,,,1,96,,186106,11,,,1,4,,186106,16,,,1,96,,186107,11,,,1,4,,186107,16,,,1,96,,186108,11,,,1,4,,186108,16,,,1,96,,186109,11,,,1,4,,186109,16,,,1,96,,186110,11,,,1,4,,186110,16,,,1,96,,186111,11,,,1,4,,186111,16,,,1,26,,186112,11,,,1,4,,186112,16,,,1,66,,186113,11,,,1,4,,186113,16,,,1,26,,186114,11,,,1,4,,186114,16,,,1,66,,186115,11,,,1,4,,186115,16,,,1,26,,186116,11,,,1,4,,186116,16,,,1
92400,'924-Weekday-2-26-06-1111100',712,,202390,11,,,1,4,,202390,16,,,1,26,,202391,11,,,1,4,,202391,16,,,1,66,,202392,11,,,1,4,,202392,16,,,1,26,,202393,11,,,1,4,,202393,16,,,1,66,,202394,11,,,1,4,,202394,16,,,1,96,,202395,11,,,1,4,,202395,16,,,1,96,,202396,11,,,1,4,,202396,16,,,1,96,,202397,11,,,1,4,,202397,16,,,1,96,,202398,11,,,1,4,,202398,16,,,1,96,,202399,11,,,1,4,,202399,16,,,1,96,,202400,11,,,1,4,,202400,16,,,1,96,,202401,11,,,1,4,,202401,16,,,1,26,,202402,11,,,1,4,,202402,16,,,1,66,,202403,11,,,1,4,,202403,16,,,1,26,,202404,11,,,1,4,,202404,16,,,1,66,,202405,11,,,1,4,,202405,16,,,1,26,,202406,11,,,1,4,,202406,16,,,1
92400,'924-Saturday-1-26-06-0000010',842,,186117,11,,,1,4,,186117,16,,,1,96,,186118,11,,,1,4,,186118,16,,,1,96,,186119,11,,,1,4,,186119,16,,,1,96,,186120,11,,,1,4,,186120,16,,,1,96,,186121,11,,,1,4,,186121,16,,,1,96,,186122,11,,,1,4,,186122,16,,,1,96,,186123,11,,,1,4,,186123,16,,,1,96,,186124,11,,,1,4,,186124,16,,,1,96,,186125,11,,,1,4,,186125,16,,,1,96,,186126,11,,,1,4,,186126,16,,,1,96,,186127,11,,,1,4,,186127,16,,,1
92400,'924-Saturday-2-26-06-0000010',842,,225383,11,,,1,4,,225383,16,,,1,96,,225384,11,,,1,4,,225384,16,,,1,96,,225385,11,,,1,4,,225385,16,,,1,96,,225386,11,,,1,4,,225386,16,,,1,96,,225387,11,,,1,4,,225387,16,,,1,96,,225388,11,,,1,4,,225388,16,,,1,96,,225389,11,,,1,4,,225389,16,,,1,96,,225390,11,,,1,4,,225390,16,,,1,96,,225391,11,,,1,4,,225391,16,,,1,96,,225392,11,,,1,4,,225392,16,,,1,96,,225393,11,,,1,4,,225393,16,,,1
92400,'924-Sunday-2-26-06-0000001',1042,,202407,11,,,1,4,,202407,16,,,1,96,,202408,11,,,1,4,,202408,16,,,1,96,,202409,11,,,1,4,,202409,16,,,1,96,,202410,11,,,1,4,,202410,16,,,1,96,,202411,11,,,1,4,,202411,16,,,1,96,,202412,11,,,1,4,,202412,16,,,1,96,,202413,11,,,1,4,,202413,16,,,1,96,,202414,11,,,1,4,,202414,16,,,1,96,,202415,11,,,1,4,,202415,16,,,1
92400,'924-Sunday-3-26-06-0000001',1042,,225394,11,,,1,4,,225394,16,,,1,96,,225395,11,,,1,4,,225395,16,,,1,96,,225396,11,,,1,4,,225396,16,,,1,96,,225397,11,,,1,4,,225397,16,,,1,96,,225398,11,,,1,4,,225398,16,,,1,96,,225399,11,,,1,4,,225399,16,,,1,96,,225400,11,,,1,4,,225400,16,,,1,96,,225401,11,,,1,4,,225401,16,,,1,96,,225402,11,,,1,4,,225402,16,,,1
92400,'924-Sunday-6-26-06-0000001',1042,,225403,11,,,1,4,,225403,16,,,1,96,,225404,11,,,1,4,,225404,16,,,1,96,,225405,11,,,1,4,,225405,16,,,1,96,,225406,11,,,1,4,,225406,16,,,1,96,,225407,11,,,1,4,,225407,16,,,1,96,,225408,11,,,1,4,,225408,16,,,1,96,,225409,11,,,1,4,,225409,16,,,1,96,,225410,11,,,1,4,,225410,16,,,1,96,,225411,11,,,1,4,,225411,16,,,1
92400,'924-Sunday-7-26-06-0000001',1042,,225412,11,,,1,4,,225412,16,,,1,96,,225413,11,,,1,4,,225413,16,,,1,96,,225414,11,,,1,4,,225414,16,,,1,96,,225415,11,,,1,4,,225415,16,,,1,96,,225416,11,,,1,4,,225416,16,,,1,96,,225417,11,,,1,4,,225417,16,,,1,96,,225418,11,,,1,4,,225418,16,,,1,96,,225419,11,,,1,4,,225419,16,,,1,96,,225420,11,,,1,4,,225420,16,,,1
