900,'009-Weekday-1-26-06-1111100',511,,166057,32,,,1,15,,166058,32,,,1,15,,166059,32,,,1,15,,166060,32,,,1,55,,166061,32,,,1,15,,166062,32,,,1,18,,166063,32,,,1,58,,166064,32,,,1,12,,166056,32,,,1,15,,166065,32,,,1,15,,166067,32,,,1,15,,166069,32,,,1,55,,166071,32,,,1,15,,166073,32,,,1,15,,166075,32,,,1,12,,166076,32,,,1,51,,166077,32,,,1,15,,166078,32,,,1,15,,166079,32,,,1,19,,166080,32,,,1,55,,166081,32,,,1,13,,166082,32,,,1,15,,166083,32,,,1,15,,166084,32,,,1,55,,166085,32,,,1,15,,166086,32,,,1,15,,166087,32,,,1,15,,166088,32,,,1,55,,166089,32,,,1,8,,166090,11,,,1,7,,166091,32,,,1,8,,166092,11,,,1,7,,166093,32,,,1,8,,166094,11,,,1,7,,166095,32,,,1,48,,166096,11,,,1,7,,166097,32,,,1,8,,166098,11,,,1,7,,166099,32,,,1,8,,166100,11,,,1,7,,166101,32,,,1,8,,166102,11,,,1,7,,166103,32,,,1,48,,166104,11,,,1,7,,166105,32,,,1,8,,166106,11,,,1,7,,166107,32,,,1,8,,166108,11,,,1,7,,166109,32,,,1,8,,166110,11,,,1,7,,166111,32,,,1,49,,166112,11,,,1,8,,166113,32,,,1,7,,166114,11,,,1,9,,166115,32,,,1,6,,166116,11,,,1,9,,166117,32,,,1,6,,166118,11,,,1,9,,166119,32,,,1,47,,166120,11,,,1,8,,166121,32,,,1,7,,166122,11,,,1,8,,166123,32,,,1,7,,166124,11,,,1,8,,166125,32,,,1,7,,166126,11,,,1,8,,166127,32,,,1,47,,166128,11,,,1,8,,166129,32,,,1,7,,166163,11,,,1,8,,166130,32,,,1,7,,166164,11,,,1,8,,166131,32,,,1,15,,166132,32,,,1,55,,166133,32,,,1,15,,166134,32,,,1,13,,166135,32,,,1,12,,166136,32,,,1,54,,166137,32,,,1,15,,166138,32,,,1,16,,166139,32,,,1,16,,166140,32,,,1,55,,166141,32,,,1,15,,166142,32,,,1,15,,166143,32,,,1,15,,166144,32,,,1,55,,166145,32,,,1,15,,166146,32,,,1,15,,166147,32,,,1,15,,166148,32,,,1,54,,166149,32,,,1,13,,166150,32,,,1,19,,166151,32,,,1,20,,166152,32,,,1,60,,166153,32,,,1,20,,166154,32,,,1,20,,166155,32,,,1,60,,166162,32,,,1,20,,166156,32,,,1,69,,166157,36,0,28 29 30,1,30,,166158,36,0,28 29 30,1,70,,166159,36,0,28 29 30,1,30,,166160,36,0,28 29 30,1,70,,166161,36,0,28 29 30,1
900,'009-Weekday-2-26-06-1111100',511,,190974,32,,,1,15,,190975,32,,,1,15,,190976,32,,,1,15,,190977,32,,,1,55,,190978,32,,,1,15,,190979,32,,,1,18,,190980,32,,,1,58,,190981,32,,,1,12,,190973,32,,,1,15,,190982,32,,,1,15,,190984,32,,,1,15,,190986,32,,,1,55,,190988,32,,,1,15,,190990,32,,,1,15,,190992,32,,,1,12,,190993,32,,,1,51,,190994,32,,,1,15,,190995,32,,,1,15,,190996,32,,,1,19,,190997,32,,,1,55,,190998,32,,,1,13,,190999,32,,,1,15,,191000,32,,,1,15,,191001,32,,,1,55,,191002,32,,,1,15,,191003,32,,,1,15,,191004,32,,,1,15,,191005,32,,,1,55,,191006,32,,,1,8,,191007,11,,,1,7,,191008,32,,,1,8,,191009,11,,,1,7,,191010,32,,,1,8,,191011,11,,,1,7,,191012,32,,,1,48,,191013,11,,,1,7,,191014,32,,,1,8,,191015,11,,,1,7,,191016,32,,,1,8,,191017,11,,,1,7,,191018,32,,,1,8,,191019,11,,,1,7,,191020,32,,,1,48,,191021,11,,,1,7,,191022,32,,,1,8,,191023,11,,,1,7,,191024,32,,,1,8,,191025,11,,,1,7,,191026,32,,,1,8,,191027,11,,,1,7,,191028,32,,,1,49,,191029,11,,,1,8,,191030,32,,,1,7,,191031,11,,,1,9,,191032,32,,,1,6,,191033,11,,,1,9,,191034,32,,,1,6,,191035,11,,,1,9,,191036,32,,,1,47,,191037,11,,,1,8,,191038,32,,,1,7,,191039,11,,,1,8,,191040,32,,,1,7,,191041,11,,,1,8,,191042,32,,,1,7,,191043,11,,,1,8,,191044,32,,,1,47,,191045,11,,,1,8,,191046,32,,,1,7,,191080,11,,,1,8,,191047,32,,,1,7,,191081,11,,,1,8,,191048,32,,,1,15,,191049,32,,,1,55,,191050,32,,,1,15,,191051,32,,,1,13,,191052,32,,,1,12,,191053,32,,,1,54,,191054,32,,,1,15,,191055,32,,,1,16,,191056,32,,,1,16,,191057,32,,,1,55,,191058,32,,,1,15,,191059,32,,,1,15,,191060,32,,,1,15,,191061,32,,,1,55,,191062,32,,,1,15,,191063,32,,,1,15,,191064,32,,,1,15,,191065,32,,,1,54,,191066,32,,,1,13,,191067,32,,,1,19,,191068,32,,,1,20,,191069,32,,,1,60,,191070,32,,,1,20,,191071,32,,,1,20,,191072,32,,,1,60,,191079,32,,,1,20,,191073,32,,,1,69,,191074,36,0,28 29 30,1,30,,191075,36,0,28 29 30,1,70,,191076,36,0,28 29 30,1,30,,191077,36,0,28 29 30,1,70,,191078,36,0,28 29 30,1
900,'009-Saturday-1-26-06-0000010',544,,166231,32,,,1,61,,166165,32,,,1,20,,166166,32,,,1,21,,166167,32,,,1,60,,166168,32,,,1,21,,166169,32,,,1,21,,166232,32,,,1,61,,166233,32,,,1,20,,166234,32,,,1,15,,166235,32,,,1,14,,166236,32,,,1,56,,166237,32,,,1,16,,166238,32,,,1,20,,166239,32,,,1,59,,166240,32,,,1,16,,166241,32,,,1,15,,166170,32,,,1,15,,166171,32,,,1,55,,166172,32,,,1,15,,166173,32,,,1,15,,166174,32,,,1,15,,166175,32,,,1,56,,166176,32,,,1,17,,166177,32,,,1,15,,166178,32,,,1,15,,166179,32,,,1,55,,166180,32,,,1,15,,166181,32,,,1,15,,166183,32,,,1,15,,166184,32,,,1,55,,166185,32,,,1,15,,166182,32,,,1,15,,166186,32,,,1,15,,166187,32,,,1,55,,166188,32,,,1,15,,166189,32,,,1,15,,166190,32,,,1,15,,166191,32,,,1,55,,166192,32,,,1,15,,166193,32,,,1,15,,166194,32,,,1,15,,166195,32,,,1,54,,166196,32,,,1,13,,166197,32,,,1,14,,166198,32,,,1,15,,166199,32,,,1,55,,166200,32,,,1,14,,166201,32,,,1,15,,166202,32,,,1,15,,166203,32,,,1,55,,166204,32,,,1,15,,166205,32,,,1,15,,166206,32,,,1,15,,166207,32,,,1,55,,166208,32,,,1,15,,166209,32,,,1,15,,166210,32,,,1,15,,166211,32,,,1,55,,166212,32,,,1,15,,166213,32,,,1,15,,166214,32,,,1,15,,166215,32,,,1,55,,166216,32,,,1,15,,166218,32,,,1,15,,166219,32,,,1,15,,166220,32,,,1,55,,166217,32,,,1,17,,166221,32,,,1,18,,166222,32,,,1,59,,166223,32,,,1,17,,166224,32,,,1,18,,166225,32,,,1,70,,166226,36,0,28 29 30,1,30,,166227,36,0,28 29 30,1,70,,166228,36,0,28 29 30,1,30,,166229,36,0,28 29 30,1,70,,166230,36,0,28 29 30,1
900,'009-Saturday-3-26-06-0000010',544,,207614,32,,,1,61,,207548,32,,,1,20,,207549,32,,,1,21,,207550,32,,,1,60,,207551,32,,,1,21,,207552,32,,,1,21,,207615,32,,,1,61,,207616,32,,,1,20,,207617,32,,,1,15,,207618,32,,,1,14,,207619,32,,,1,56,,207620,32,,,1,16,,207621,32,,,1,20,,207622,32,,,1,59,,207623,32,,,1,16,,207624,32,,,1,15,,207553,32,,,1,15,,207554,32,,,1,55,,207555,32,,,1,15,,207556,32,,,1,15,,207557,32,,,1,15,,207558,32,,,1,56,,207559,32,,,1,17,,207560,32,,,1,15,,207561,32,,,1,15,,207562,32,,,1,55,,207563,32,,,1,15,,207564,32,,,1,15,,207566,32,,,1,15,,207567,32,,,1,55,,207568,32,,,1,15,,207565,32,,,1,15,,207569,32,,,1,15,,207570,32,,,1,55,,207571,32,,,1,15,,207572,32,,,1,15,,207573,32,,,1,15,,207574,32,,,1,55,,207575,32,,,1,15,,207576,32,,,1,15,,207577,32,,,1,15,,207578,32,,,1,54,,207579,32,,,1,13,,207580,32,,,1,14,,207581,32,,,1,15,,207582,32,,,1,55,,207583,32,,,1,14,,207584,32,,,1,15,,207585,32,,,1,15,,207586,32,,,1,55,,207587,32,,,1,15,,207588,32,,,1,15,,207589,32,,,1,15,,207590,32,,,1,55,,207591,32,,,1,15,,207592,32,,,1,15,,207593,32,,,1,15,,207594,32,,,1,55,,207595,32,,,1,15,,207596,32,,,1,15,,207597,32,,,1,15,,207598,32,,,1,55,,207599,32,,,1,15,,207601,32,,,1,15,,207602,32,,,1,15,,207603,32,,,1,55,,207600,32,,,1,17,,207604,32,,,1,18,,207605,32,,,1,59,,207606,32,,,1,17,,207607,32,,,1,18,,207608,32,,,1,70,,207609,36,0,28 29 30,1,30,,207610,36,0,28 29 30,1,70,,207611,36,0,28 29 30,1,30,,207612,36,0,28 29 30,1,70,,207613,36,0,28 29 30,1
900,'009-Sunday-2-26-06-0000001',551,,191082,32,,,1,60,,191083,32,,,1,20,,191084,32,,,1,20,,191085,32,,,1,60,,191086,32,,,1,20,,191087,32,,,1,20,,191155,32,,,1,60,,191156,32,,,1,17,,191157,32,,,1,15,,191150,32,,,1,15,,191151,32,,,1,58,,191152,32,,,1,15,,191153,32,,,1,15,,191154,32,,,1,55,,191149,32,,,1,17,,191148,32,,,1,18,,191147,32,,,1,15,,191146,32,,,1,55,,191088,32,,,1,14,,191090,32,,,1,15,,191091,32,,,1,14,,191092,32,,,1,54,,191089,32,,,1,15,,191093,32,,,1,16,,191094,32,,,1,15,,191095,32,,,1,55,,191096,32,,,1,15,,191097,32,,,1,15,,191098,32,,,1,15,,191099,32,,,1,55,,191100,32,,,1,15,,191101,32,,,1,15,,191102,32,,,1,15,,191103,32,,,1,55,,191104,32,,,1,15,,191105,32,,,1,15,,191106,32,,,1,15,,191107,32,,,1,55,,191108,32,,,1,15,,191109,32,,,1,15,,191110,32,,,1,16,,191111,32,,,1,55,,191112,32,,,1,15,,191113,32,,,1,15,,191114,32,,,1,15,,191115,32,,,1,57,,191116,32,,,1,20,,191117,32,,,1,15,,191118,32,,,1,15,,191119,32,,,1,55,,191120,32,,,1,15,,191121,32,,,1,15,,191122,32,,,1,15,,191123,32,,,1,55,,191124,32,,,1,15,,191126,32,,,1,15,,191127,32,,,1,15,,191128,32,,,1,55,,191125,32,,,1,15,,191129,32,,,1,15,,191130,32,,,1,15,,191131,32,,,1,56,,191132,32,,,1,16,,191133,32,,,1,16,,191134,32,,,1,55,,191135,32,,,1,17,,191145,32,,,1,21,,191136,32,,,1,21,,191137,32,,,1,58,,191138,32,,,1,20,,191139,32,,,1,70,,191140,36,0,28 29 30,1,30,,191141,36,0,28 29 30,1,70,,191142,36,0,28 29 30,1,30,,191143,36,0,28 29 30,1,70,,191144,36,0,28 29 30,1
900,'009-Sunday-3-26-06-0000001',551,,207625,32,,,1,60,,207626,32,,,1,20,,207627,32,,,1,20,,207628,32,,,1,60,,207629,32,,,1,20,,207630,32,,,1,20,,207698,32,,,1,60,,207699,32,,,1,17,,207700,32,,,1,15,,207693,32,,,1,15,,207694,32,,,1,58,,207695,32,,,1,15,,207696,32,,,1,15,,207697,32,,,1,55,,207692,32,,,1,17,,207691,32,,,1,18,,207690,32,,,1,15,,207689,32,,,1,55,,207631,32,,,1,14,,207633,32,,,1,15,,207634,32,,,1,14,,207635,32,,,1,54,,207632,32,,,1,15,,207636,32,,,1,16,,207637,32,,,1,15,,207638,32,,,1,55,,207639,32,,,1,15,,207640,32,,,1,15,,207641,32,,,1,15,,207642,32,,,1,55,,207643,32,,,1,15,,207644,32,,,1,15,,207645,32,,,1,15,,207646,32,,,1,55,,207647,32,,,1,15,,207648,32,,,1,15,,207649,32,,,1,15,,207650,32,,,1,55,,207651,32,,,1,15,,207652,32,,,1,15,,207653,32,,,1,16,,207654,32,,,1,55,,207655,32,,,1,15,,207656,32,,,1,15,,207657,32,,,1,15,,207658,32,,,1,57,,207659,32,,,1,20,,207660,32,,,1,15,,207661,32,,,1,15,,207662,32,,,1,55,,207663,32,,,1,15,,207664,32,,,1,15,,207665,32,,,1,15,,207666,32,,,1,55,,207667,32,,,1,15,,207669,32,,,1,15,,207670,32,,,1,15,,207671,32,,,1,55,,207668,32,,,1,15,,207672,32,,,1,15,,207673,32,,,1,15,,207674,32,,,1,56,,207675,32,,,1,16,,207676,32,,,1,16,,207677,32,,,1,55,,207678,32,,,1,17,,207688,32,,,1,21,,207679,32,,,1,21,,207680,32,,,1,58,,207681,32,,,1,20,,207682,32,,,1,70,,207683,36,0,28 29 30,1,30,,207684,36,0,28 29 30,1,70,,207685,36,0,28 29 30,1,30,,207686,36,0,28 29 30,1,70,,207687,36,0,28 29 30,1
900,'009-Sunday-6-26-06-0000001',551,,207701,32,,,1,60,,207702,32,,,1,20,,207703,32,,,1,20,,207704,32,,,1,60,,207705,32,,,1,20,,207706,32,,,1,20,,207774,32,,,1,60,,207775,32,,,1,17,,207776,32,,,1,15,,207769,32,,,1,15,,207770,32,,,1,58,,207771,32,,,1,15,,207772,32,,,1,15,,207773,32,,,1,55,,207768,32,,,1,17,,207767,32,,,1,18,,207766,32,,,1,15,,207765,32,,,1,55,,207707,32,,,1,14,,207709,32,,,1,15,,207710,32,,,1,14,,207711,32,,,1,54,,207708,32,,,1,15,,207712,32,,,1,16,,207713,32,,,1,15,,207714,32,,,1,55,,207715,32,,,1,15,,207716,32,,,1,15,,207717,32,,,1,15,,207718,32,,,1,55,,207719,32,,,1,15,,207720,32,,,1,15,,207721,32,,,1,15,,207722,32,,,1,55,,207723,32,,,1,15,,207724,32,,,1,15,,207725,32,,,1,15,,207726,32,,,1,55,,207727,32,,,1,15,,207728,32,,,1,15,,207729,32,,,1,16,,207730,32,,,1,55,,207731,32,,,1,15,,207732,32,,,1,15,,207733,32,,,1,15,,207734,32,,,1,57,,207735,32,,,1,20,,207736,32,,,1,15,,207737,32,,,1,15,,207738,32,,,1,55,,207739,32,,,1,15,,207740,32,,,1,15,,207741,32,,,1,15,,207742,32,,,1,55,,207743,32,,,1,15,,207745,32,,,1,15,,207746,32,,,1,15,,207747,32,,,1,55,,207744,32,,,1,15,,207748,32,,,1,15,,207749,32,,,1,15,,207750,32,,,1,56,,207751,32,,,1,16,,207752,32,,,1,16,,207753,32,,,1,55,,207754,32,,,1,17,,207764,32,,,1,21,,207755,32,,,1,21,,207756,32,,,1,58,,207757,32,,,1,20,,207758,32,,,1,70,,207759,36,0,28 29 30,1,30,,207760,36,0,28 29 30,1,70,,207761,36,0,28 29 30,1,30,,207762,36,0,28 29 30,1,70,,207763,36,0,28 29 30,1
900,'009-Sunday-7-26-06-0000001',551,,207777,32,,,1,60,,207778,32,,,1,20,,207779,32,,,1,20,,207780,32,,,1,60,,207781,32,,,1,20,,207782,32,,,1,20,,207850,32,,,1,60,,207851,32,,,1,17,,207852,32,,,1,15,,207845,32,,,1,15,,207846,32,,,1,58,,207847,32,,,1,15,,207848,32,,,1,15,,207849,32,,,1,55,,207844,32,,,1,17,,207843,32,,,1,18,,207842,32,,,1,15,,207841,32,,,1,55,,207783,32,,,1,14,,207785,32,,,1,15,,207786,32,,,1,14,,207787,32,,,1,54,,207784,32,,,1,15,,207788,32,,,1,16,,207789,32,,,1,15,,207790,32,,,1,55,,207791,32,,,1,15,,207792,32,,,1,15,,207793,32,,,1,15,,207794,32,,,1,55,,207795,32,,,1,15,,207796,32,,,1,15,,207797,32,,,1,15,,207798,32,,,1,55,,207799,32,,,1,15,,207800,32,,,1,15,,207801,32,,,1,15,,207802,32,,,1,55,,207803,32,,,1,15,,207804,32,,,1,15,,207805,32,,,1,16,,207806,32,,,1,55,,207807,32,,,1,15,,207808,32,,,1,15,,207809,32,,,1,15,,207810,32,,,1,57,,207811,32,,,1,20,,207812,32,,,1,15,,207813,32,,,1,15,,207814,32,,,1,55,,207815,32,,,1,15,,207816,32,,,1,15,,207817,32,,,1,15,,207818,32,,,1,55,,207819,32,,,1,15,,207821,32,,,1,15,,207822,32,,,1,15,,207823,32,,,1,55,,207820,32,,,1,15,,207824,32,,,1,15,,207825,32,,,1,15,,207826,32,,,1,56,,207827,32,,,1,16,,207828,32,,,1,16,,207829,32,,,1,55,,207830,32,,,1,17,,207840,32,,,1,21,,207831,32,,,1,21,,207832,32,,,1,58,,207833,32,,,1,20,,207834,32,,,1,70,,207835,36,0,28 29 30,1,30,,207836,36,0,28 29 30,1,70,,207837,36,0,28 29 30,1,30,,207838,36,0,28 29 30,1,70,,207839,36,0,28 29 30,1
10300,'103-Weekday-1-26-06-1111100',519,,170134,5,,,1,30,,170136,5,,,1,70,,170131,5,,,1,30,,170133,5,,,1,70,,170132,5,,,1,30,,170135,5,,,1,70,,170137,5,,,1,30,,170101,5,,,1,70,,170102,5,,,1,30,,170103,5,,,1,70,,170104,5,,,1,30,,170105,5,,,1,70,,170106,5,,,1,30,,170107,5,,,1,70,,170108,5,,,1,30,,170109,5,,,1,70,,170110,5,,,1,30,,170111,5,,,1,70,,170112,5,,,1,30,,170113,5,,,1,56,,170130,5,0,15 16,1,15,,170125,5,,,1,15,,170118,5,0,15 16,1,15,,170121,5,,,1,55,,170117,5,0,15 16,1,15,,170122,5,,,1,15,,170116,5,0,15 16,1,15,,170123,5,,,1,55,,170115,5,0,15 16,1,15,,170124,5,,,1,15,,170114,5,0,15 16,1,15,,170139,5,,,1,70,,170120,5,,,1,29,,170119,5,,,1,70,,170140,5,,,1,30,,170141,5,,,1,70,,170142,5,,,1,30,,170143,5,,,1,70,,170144,5,,,1,30,,170138,5,,,1,70,,170126,5,,,1,30,,170127,5,,,1,70,,170128,5,,,1,30,,170129,5,,,1
10300,'103-Weekday-2-26-06-1111100',519,,192684,5,,,1,30,,192686,5,,,1,70,,192681,5,,,1,30,,192683,5,,,1,70,,192682,5,,,1,30,,192685,5,,,1,70,,192687,5,,,1,30,,192651,5,,,1,70,,192652,5,,,1,30,,192653,5,,,1,70,,192654,5,,,1,30,,192655,5,,,1,70,,192656,5,,,1,30,,192657,5,,,1,70,,192658,5,,,1,30,,192659,5,,,1,70,,192660,5,,,1,30,,192661,5,,,1,70,,192662,5,,,1,30,,192663,5,,,1,56,,192680,5,0,15 16,1,15,,192675,5,,,1,15,,192668,5,0,15 16,1,15,,192671,5,,,1,55,,192667,5,0,15 16,1,15,,192672,5,,,1,15,,192666,5,0,15 16,1,15,,192673,5,,,1,55,,192665,5,0,15 16,1,15,,192674,5,,,1,15,,192664,5,0,15 16,1,15,,192689,5,,,1,70,,192670,5,,,1,29,,192669,5,,,1,70,,192690,5,,,1,30,,192691,5,,,1,70,,192692,5,,,1,30,,192693,5,,,1,70,,192694,5,,,1,30,,192688,5,,,1,70,,192676,5,,,1,30,,192677,5,,,1,70,,192678,5,,,1,30,,192679,5,,,1
10300,'103-Saturday-1-26-06-0000010',623,,170145,5,,,1,30,,170146,5,,,1,70,,170147,5,,,1,30,,170148,5,,,1,70,,170149,5,,,1,30,,170150,5,,,1,72,,170151,5,,,1,33,,170152,5,,,1,70,,170153,5,,,1,30,,170154,5,,,1,70,,170155,5,,,1,30,,170156,5,,,1,70,,170157,5,,,1,30,,170158,5,,,1,70,,170159,5,,,1,30,,170160,5,,,1,70,,170161,5,,,1,30,,170162,5,,,1,70,,170163,5,,,1,30,,170164,5,,,1,70,,170165,5,,,1,30,,170166,5,,,1,68,,170167,5,,,1,29,,170168,5,,,1,70,,170169,5,,,1,30,,170170,5,,,1,70,,170171,5,,,1,30,,170172,5,,,1,70,,170173,5,,,1,30,,170174,5,,,1,70,,170175,5,,,1,30,,170176,5,,,1,70,,170177,5,,,1,30,,170178,5,,,1,70,,170179,5,,,1,30,,170180,5,,,1,70,,170181,5,,,1
10300,'103-Saturday-2-26-06-0000010',623,,210682,5,,,1,30,,210683,5,,,1,70,,210684,5,,,1,30,,210685,5,,,1,70,,210686,5,,,1,30,,210687,5,,,1,72,,210688,5,,,1,33,,210689,5,,,1,70,,210690,5,,,1,30,,210691,5,,,1,70,,210692,5,,,1,30,,210693,5,,,1,70,,210694,5,,,1,30,,210695,5,,,1,70,,210696,5,,,1,30,,210697,5,,,1,70,,210698,5,,,1,30,,210699,5,,,1,70,,210700,5,,,1,30,,210701,5,,,1,70,,210702,5,,,1,30,,210703,5,,,1,68,,210704,5,,,1,29,,210705,5,,,1,70,,210706,5,,,1,30,,210707,5,,,1,70,,210708,5,,,1,30,,210709,5,,,1,70,,210710,5,,,1,30,,210711,5,,,1,70,,210712,5,,,1,30,,210713,5,,,1,70,,210714,5,,,1,30,,210715,5,,,1,70,,210716,5,,,1,30,,210717,5,,,1,70,,210718,5,,,1
10300,'103-Sunday-2-26-06-0000001',618,,192695,5,,,1,30,,192696,5,,,1,70,,192697,5,,,1,30,,192698,5,,,1,70,,192699,5,,,1,31,,192700,5,,,1,69,,192701,5,,,1,34,,192702,5,,,1,70,,192703,5,,,1,30,,192704,5,,,1,70,,192705,5,,,1,30,,192706,5,,,1,70,,192707,5,,,1,30,,192708,5,,,1,70,,192709,5,,,1,30,,192710,5,,,1,70,,192711,5,,,1,30,,192712,5,,,1,70,,192713,5,,,1,30,,192714,5,,,1,70,,192715,5,,,1,30,,192716,5,,,1,67,,192717,5,,,1,27,,192718,5,,,1,70,,192719,5,,,1,30,,192720,5,,,1,70,,192721,5,,,1,30,,192722,5,,,1,70,,192723,5,,,1,30,,192724,5,,,1,70,,192725,5,,,1,30,,192726,5,,,1,70,,192727,5,,,1,30,,192728,5,,,1,70,,192729,5,,,1,30,,192730,5,,,1,70,,192731,5,,,1
10300,'103-Sunday-3-26-06-0000001',618,,210719,5,,,1,30,,210720,5,,,1,70,,210721,5,,,1,30,,210722,5,,,1,70,,210723,5,,,1,31,,210724,5,,,1,69,,210725,5,,,1,34,,210726,5,,,1,70,,210727,5,,,1,30,,210728,5,,,1,70,,210729,5,,,1,30,,210730,5,,,1,70,,210731,5,,,1,30,,210732,5,,,1,70,,210733,5,,,1,30,,210734,5,,,1,70,,210735,5,,,1,30,,210736,5,,,1,70,,210737,5,,,1,30,,210738,5,,,1,70,,210739,5,,,1,30,,210740,5,,,1,67,,210741,5,,,1,27,,210742,5,,,1,70,,210743,5,,,1,30,,210744,5,,,1,70,,210745,5,,,1,30,,210746,5,,,1,70,,210747,5,,,1,30,,210748,5,,,1,70,,210749,5,,,1,30,,210750,5,,,1,70,,210751,5,,,1,30,,210752,5,,,1,70,,210753,5,,,1,30,,210754,5,,,1,70,,210755,5,,,1
10300,'103-Sunday-6-26-06-0000001',618,,210756,5,,,1,30,,210757,5,,,1,70,,210758,5,,,1,30,,210759,5,,,1,70,,210760,5,,,1,31,,210761,5,,,1,69,,210762,5,,,1,34,,210763,5,,,1,70,,210764,5,,,1,30,,210765,5,,,1,70,,210766,5,,,1,30,,210767,5,,,1,70,,210768,5,,,1,30,,210769,5,,,1,70,,210770,5,,,1,30,,210771,5,,,1,70,,210772,5,,,1,30,,210773,5,,,1,70,,210774,5,,,1,30,,210775,5,,,1,70,,210776,5,,,1,30,,210777,5,,,1,67,,210778,5,,,1,27,,210779,5,,,1,70,,210780,5,,,1,30,,210781,5,,,1,70,,210782,5,,,1,30,,210783,5,,,1,70,,210784,5,,,1,30,,210785,5,,,1,70,,210786,5,,,1,30,,210787,5,,,1,70,,210788,5,,,1,30,,210789,5,,,1,70,,210790,5,,,1,30,,210791,5,,,1,70,,210792,5,,,1
10300,'103-Sunday-7-26-06-0000001',618,,210793,5,,,1,30,,210794,5,,,1,70,,210795,5,,,1,30,,210796,5,,,1,70,,210797,5,,,1,31,,210798,5,,,1,69,,210799,5,,,1,34,,210800,5,,,1,70,,210801,5,,,1,30,,210802,5,,,1,70,,210803,5,,,1,30,,210804,5,,,1,70,,210805,5,,,1,30,,210806,5,,,1,70,,210807,5,,,1,30,,210808,5,,,1,70,,210809,5,,,1,30,,210810,5,,,1,70,,210811,5,,,1,30,,210812,5,,,1,70,,210813,5,,,1,30,,210814,5,,,1,67,,210815,5,,,1,27,,210816,5,,,1,70,,210817,5,,,1,30,,210818,5,,,1,70,,210819,5,,,1,30,,210820,5,,,1,70,,210821,5,,,1,30,,210822,5,,,1,70,,210823,5,,,1,30,,210824,5,,,1,70,,210825,5,,,1,30,,210826,5,,,1,70,,210827,5,,,1,30,,210828,5,,,1,70,,210829,5,,,1
