91401,'914-Weekday-1-26-09-1111100',545,,313355,18,,,1,70,,313356,18,,,1,32,,313389,18,,,1,55,,313357,18,,,1,15,,313391,18,,,1,15,,313380,18,,,1,15,,313358,18,,,1,55,,313359,18,,,1,15,,313393,18,,,1,15,,313381,18,,,1,15,,313396,18,,,1,64,,313392,18,,,1,30,,313361,18,,,1,70,,313362,18,,,1,30,,313363,18,,,1,70,,313364,18,,,1,30,,313365,18,,,1,70,,313366,18,,,1,30,,313367,18,,,1,70,,313368,18,,,1,30,,313369,18,,,1,70,,313370,18,,,1,30,,313371,18,,,1,71,,313372,18,,,1,30,,313390,18,,,1,60,,313373,18,,,1,20,,313374,18,,,1,20,,313382,18,,,1,60,,313375,18,,,1,20,,313388,18,,,1,21,,313394,18,,,1,70,,313378,18,,,1,29,,313376,18,,,1,70,,313377,18,,,1,30,,313384,18,,,1,70,,313385,18,,,1,30,,313386,18,,,1,70,,313387,18,,,1,30,,313383,18,,,1,68,,313379,18,,,1,100,,313360,18,,,1,100,,313395,18,,,1
91401,'914-Weekday-10-26-09-1111100',545,,312338,18,,,1,70,,312339,18,,,1,32,,312372,18,,,1,55,,312340,18,,,1,15,,312374,18,,,1,15,,312363,18,,,1,15,,312341,18,,,1,55,,312342,18,,,1,15,,312376,18,,,1,15,,312364,18,,,1,15,,312378,18,,,1,64,,312375,18,,,1,30,,312344,18,,,1,70,,312345,18,,,1,30,,312346,18,,,1,70,,312347,18,,,1,30,,312348,18,,,1,70,,312349,18,,,1,30,,312350,18,,,1,70,,312351,18,,,1,30,,312352,18,,,1,70,,312353,18,,,1,30,,312354,18,,,1,71,,312355,18,,,1,30,,312373,18,,,1,60,,312356,18,,,1,20,,312357,18,,,1,20,,312365,18,,,1,60,,312358,18,,,1,20,,312371,18,,,1,21,,312377,18,,,1,70,,312361,18,,,1,29,,312359,18,,,1,70,,312360,18,,,1,30,,312367,18,,,1,70,,312368,18,,,1,30,,312369,18,,,1,70,,312370,18,,,1,30,,312366,18,,,1,68,,312362,18,,,1,100,,312343,18,,,1
91401,'914-Weekday-11-26-09-1111100',545,,312379,18,,,1,70,,312380,18,,,1,32,,312413,18,,,1,55,,312381,18,,,1,15,,312415,18,,,1,15,,312404,18,,,1,15,,312382,18,,,1,55,,312383,18,,,1,15,,312417,18,,,1,15,,312405,18,,,1,15,,312419,18,,,1,64,,312416,18,,,1,30,,312385,18,,,1,70,,312386,18,,,1,30,,312387,18,,,1,70,,312388,18,,,1,30,,312389,18,,,1,70,,312390,18,,,1,30,,312391,18,,,1,70,,312392,18,,,1,30,,312393,18,,,1,70,,312394,18,,,1,30,,312395,18,,,1,71,,312396,18,,,1,30,,312414,18,,,1,60,,312397,18,,,1,20,,312398,18,,,1,20,,312406,18,,,1,60,,312399,18,,,1,20,,312412,18,,,1,21,,312418,18,,,1,70,,312402,18,,,1,29,,312400,18,,,1,70,,312401,18,,,1,30,,312408,18,,,1,70,,312409,18,,,1,30,,312410,18,,,1,70,,312411,18,,,1,30,,312407,18,,,1,68,,312403,18,,,1,100,,312384,18,,,1
91401,'914-Weekday-3-26-09-1111100',545,,313397,18,,,1,70,,313398,18,,,1,32,,313431,18,,,1,55,,313399,18,,,1,15,,313433,18,,,1,15,,313422,18,,,1,15,,313400,18,,,1,55,,313401,18,,,1,15,,313435,18,,,1,15,,313423,18,,,1,15,,313438,18,,,1,64,,313434,18,,,1,30,,313403,18,,,1,70,,313404,18,,,1,30,,313405,18,,,1,70,,313406,18,,,1,30,,313407,18,,,1,70,,313408,18,,,1,30,,313409,18,,,1,70,,313410,18,,,1,30,,313411,18,,,1,70,,313412,18,,,1,30,,313413,18,,,1,71,,313414,18,,,1,30,,313432,18,,,1,60,,313415,18,,,1,20,,313416,18,,,1,20,,313424,18,,,1,60,,313417,18,,,1,20,,313430,18,,,1,21,,313436,18,,,1,70,,313420,18,,,1,29,,313418,18,,,1,70,,313419,18,,,1,30,,313426,18,,,1,70,,313427,18,,,1,30,,313428,18,,,1,70,,313429,18,,,1,30,,313425,18,,,1,68,,313421,18,,,1,100,,313402,18,,,1,100,,313437,18,,,1
91401,'914-Weekday-5-26-09-1111100',545,,297036,18,,,1,70,,297037,18,,,1,32,,297070,18,,,1,55,,297038,18,,,1,15,,297072,18,,,1,15,,297061,18,,,1,15,,297039,18,,,1,55,,297040,18,,,1,15,,297074,18,,,1,15,,297062,18,,,1,15,,297077,18,,,1,64,,297073,18,,,1,30,,297042,18,,,1,70,,297043,18,,,1,30,,297044,18,,,1,70,,297045,18,,,1,30,,297046,18,,,1,70,,297047,18,,,1,30,,297048,18,,,1,70,,297049,18,,,1,30,,297050,18,,,1,70,,297051,18,,,1,30,,297052,18,,,1,71,,297053,18,,,1,30,,297071,18,,,1,60,,297054,18,,,1,20,,297055,18,,,1,20,,297063,18,,,1,60,,297056,18,,,1,20,,297069,18,,,1,21,,297075,18,,,1,70,,297059,18,,,1,29,,297057,18,,,1,70,,297058,18,,,1,30,,297065,18,,,1,70,,297066,18,,,1,30,,297067,18,,,1,70,,297068,18,,,1,30,,297064,18,,,1,68,,297060,18,,,1,100,,297041,18,,,1
91401,'914-Weekday-6-26-09-1111100',545,,297078,18,,,1,70,,297079,18,,,1,32,,297112,18,,,1,55,,297080,18,,,1,15,,297114,18,,,1,15,,297103,18,,,1,15,,297081,18,,,1,55,,297082,18,,,1,15,,297116,18,,,1,15,,297104,18,,,1,15,,297119,18,,,1,64,,297115,18,,,1,30,,297084,18,,,1,70,,297085,18,,,1,30,,297086,18,,,1,70,,297087,18,,,1,30,,297088,18,,,1,70,,297089,18,,,1,30,,297090,18,,,1,70,,297091,18,,,1,30,,297092,18,,,1,70,,297093,18,,,1,30,,297094,18,,,1,71,,297095,18,,,1,30,,297113,18,,,1,60,,297096,18,,,1,20,,297097,18,,,1,20,,297105,18,,,1,60,,297098,18,,,1,20,,297111,18,,,1,21,,297117,18,,,1,70,,297101,18,,,1,29,,297099,18,,,1,70,,297100,18,,,1,30,,297107,18,,,1,70,,297108,18,,,1,30,,297109,18,,,1,70,,297110,18,,,1,30,,297106,18,,,1,68,,297102,18,,,1,100,,297083,18,,,1
91401,'914-Weekday-8-26-09-1111100',545,,312420,18,,,1,70,,312421,18,,,1,32,,312454,18,,,1,55,,312422,18,,,1,15,,312456,18,,,1,15,,312445,18,,,1,15,,312423,18,,,1,55,,312424,18,,,1,15,,312458,18,,,1,15,,312446,18,,,1,15,,312460,18,,,1,64,,312457,18,,,1,30,,312426,18,,,1,70,,312427,18,,,1,30,,312428,18,,,1,70,,312429,18,,,1,30,,312430,18,,,1,70,,312431,18,,,1,30,,312432,18,,,1,70,,312433,18,,,1,30,,312434,18,,,1,70,,312435,18,,,1,30,,312436,18,,,1,71,,312437,18,,,1,30,,312455,18,,,1,60,,312438,18,,,1,20,,312439,18,,,1,20,,312447,18,,,1,60,,312440,18,,,1,20,,312453,18,,,1,21,,312459,18,,,1,70,,312443,18,,,1,29,,312441,18,,,1,70,,312442,18,,,1,30,,312449,18,,,1,70,,312450,18,,,1,30,,312451,18,,,1,70,,312452,18,,,1,30,,312448,18,,,1,68,,312444,18,,,1,100,,312425,18,,,1
91401,'914-Weekday-9-26-09-1111100',545,,312461,18,,,1,70,,312462,18,,,1,32,,312495,18,,,1,55,,312463,18,,,1,15,,312497,18,,,1,15,,312486,18,,,1,15,,312464,18,,,1,55,,312465,18,,,1,15,,312499,18,,,1,15,,312487,18,,,1,15,,312501,18,,,1,64,,312498,18,,,1,30,,312467,18,,,1,70,,312468,18,,,1,30,,312469,18,,,1,70,,312470,18,,,1,30,,312471,18,,,1,70,,312472,18,,,1,30,,312473,18,,,1,70,,312474,18,,,1,30,,312475,18,,,1,70,,312476,18,,,1,30,,312477,18,,,1,71,,312478,18,,,1,30,,312496,18,,,1,60,,312479,18,,,1,20,,312480,18,,,1,20,,312488,18,,,1,60,,312481,18,,,1,20,,312494,18,,,1,21,,312500,18,,,1,70,,312484,18,,,1,29,,312482,18,,,1,70,,312483,18,,,1,30,,312490,18,,,1,70,,312491,18,,,1,30,,312492,18,,,1,70,,312493,18,,,1,30,,312489,18,,,1,68,,312485,18,,,1,100,,312466,18,,,1
91401,'914-Saturday-1-26-09-0000010',640,,297162,18,,,1,100,,297163,18,,,1,100,,297164,18,,,1,72,,297165,18,,,1,30,,297166,18,,,1,70,,297167,18,,,1,30,,297168,18,,,1,70,,297169,18,,,1,30,,297170,18,,,1,70,,297171,18,,,1,30,,297172,18,,,1,70,,297173,18,,,1,30,,297174,18,,,1,70,,297175,18,,,1,30,,297176,18,,,1,70,,297177,18,,,1,30,,297178,18,,,1,70,,297179,18,,,1,30,,297180,18,,,1,70,,297181,18,,,1,30,,297185,18,,,1,70,,297186,18,,,1,30,,297187,18,,,1,70,,297184,18,,,1,100,,297183,18,,,1,100,,297182,18,,,1,100,,297188,18,,,1
91401,'914-Sunday-1-26-09-0000001',643,,297191,18,,,1,100,,297192,18,,,1,97,,297189,18,,,1,101,,297190,18,,,1,100,,297193,18,,,1,70,,297194,18,,,1,30,,297195,18,,,1,70,,297196,18,,,1,30,,297197,18,,,1,70,,297198,18,,,1,30,,297199,18,,,1,70,,297200,18,,,1,30,,297201,18,,,1,70,,297202,18,,,1,30,,297203,18,,,1,70,,297204,18,,,1,30,,297205,18,,,1,70,,297206,18,,,1,30,,297207,18,,,1,69,,297208,18,,,1,30,,297209,18,,,1,70,,297210,18,,,1,100,,297211,18,,,1
