65000,'650-Weekday-1-26-09-1111100',753,,273676,16,,,1,2,,273677,16,,,1
65000,'650-Weekday-3-26-09-1111100',753,,273678,16,,,1,2,,273679,16,,,1
65000,'650-Weekday-7-26-09-1111100',753,,273680,16,,,1,2,,273681,16,,,1
72400,'724-Weekday-1-26-09-1111100',607,,288504,16,,,1,31,,288505,16,,,1,70,,288506,16,,,1,30,,288507,16,,,1,70,,288508,16,,,1,30,,288509,16,,,1,669,,288510,16,,,1,30,,288511,16,,,1,70,,288512,16,,,1,30,,288513,16,,,1,70,,288514,16,,,1,30,,288515,16,,,1
72400,'724-Weekday-2-26-09-1111100',607,,288516,16,,,1,31,,288517,16,,,1,70,,288518,16,,,1,30,,288519,16,,,1,70,,288520,16,,,1,30,,288521,16,,,1,669,,288522,16,,,1,30,,288523,16,,,1,70,,288524,16,,,1,30,,288525,16,,,1,70,,288526,16,,,1,30,,288527,16,,,1
72400,'724-Weekday-3-26-09-1111100',607,,288528,16,,,1,31,,288529,16,,,1,70,,288530,16,,,1,30,,288531,16,,,1,70,,288532,16,,,1,30,,288533,16,,,1,669,,288534,16,,,1,30,,288535,16,,,1,70,,288536,16,,,1,30,,288537,16,,,1,70,,288538,16,,,1,30,,288539,16,,,1
72400,'724-Weekday-4-26-09-1111100',607,,288540,16,,,1,31,,288541,16,,,1,70,,288542,16,,,1,30,,288543,16,,,1,70,,288544,16,,,1,30,,288545,16,,,1,669,,288546,16,,,1,30,,288547,16,,,1,70,,288548,16,,,1,30,,288549,16,,,1,70,,288550,16,,,1,30,,288551,16,,,1
72400,'724-Weekday-5-26-09-1111100',607,,288552,16,,,1,31,,288553,16,,,1,70,,288554,16,,,1,30,,288555,16,,,1,70,,288556,16,,,1,30,,288557,16,,,1,669,,288558,16,,,1,30,,288559,16,,,1,70,,288560,16,,,1,30,,288561,16,,,1,70,,288562,16,,,1,30,,288563,16,,,1
72400,'724-Weekday-6-26-09-1111100',607,,288564,16,,,1,31,,288565,16,,,1,70,,288566,16,,,1,30,,288567,16,,,1,70,,288568,16,,,1,30,,288569,16,,,1,669,,288570,16,,,1,30,,288571,16,,,1,70,,288572,16,,,1,30,,288573,16,,,1,70,,288574,16,,,1,30,,288575,16,,,1
72400,'724-Weekday-7-26-09-1111100',607,,288576,16,,,1,31,,288577,16,,,1,70,,288578,16,,,1,30,,288579,16,,,1,70,,288580,16,,,1,30,,288581,16,,,1,669,,288582,16,,,1,30,,288583,16,,,1,70,,288584,16,,,1,30,,288585,16,,,1,70,,288586,16,,,1,30,,288587,16,,,1
