10601,'106-Weekday-1-26-06-1111100',541,,170681,16,,,1,70,,170682,16,,,1,34,,170683,16,,,1,70,,170684,16,,,1,15,,170685,16,,,1,15,,170686,16,,,1,55,,170687,16,,,1,15,,170688,16,,,1,15,,170689,16,,,1,15,,170729,16,,,1,60,,170690,16,,,1,20,,170691,16,,,1,20,,170692,16,,,1,60,,170693,16,,,1,20,,170694,16,,,1,20,,170695,16,,,1,60,,170696,16,,,1,20,,170697,16,,,1,20,,170698,16,,,1,60,,170699,16,,,1,20,,170700,16,,,1,20,,170701,16,,,1,60,,170702,16,,,1,20,,170703,16,,,1,20,,170704,16,,,1,60,,170705,16,,,1,20,,170706,16,,,1,20,,170707,16,,,1,55,,170708,16,,,1,15,,170709,16,,,1,15,,170710,16,,,1,15,,170711,16,,,1,55,,170712,16,,,1,15,,170713,16,,,1,15,,170714,16,,,1,15,,170715,16,,,1,55,,170716,16,,,1,15,,170730,16,,,1,30,,170717,16,,,1,70,,170718,16,,,1,29,,170719,16,,,1,70,,170720,16,,,1,30,,170721,16,,,1,70,,170722,16,,,1,30,,170723,16,,,1,70,,170724,16,,,1,30,,170725,16,,,1,68,,170726,16,,,1,100,,170727,16,,,1,100,,170728,16,,,1
10601,'106-Weekday-4-26-06-1111100',541,,193022,16,,,1,70,,193023,16,,,1,34,,193024,16,,,1,70,,193025,16,,,1,15,,193026,16,,,1,15,,193027,16,,,1,55,,193028,16,,,1,15,,193029,16,,,1,15,,193030,16,,,1,15,,193070,16,,,1,60,,193031,16,,,1,20,,193032,16,,,1,20,,193033,16,,,1,60,,193034,16,,,1,20,,193035,16,,,1,20,,193036,16,,,1,60,,193037,16,,,1,20,,193038,16,,,1,20,,193039,16,,,1,60,,193040,16,,,1,20,,193041,16,,,1,20,,193042,16,,,1,60,,193043,16,,,1,20,,193044,16,,,1,20,,193045,16,,,1,60,,193046,16,,,1,20,,193047,16,,,1,20,,193048,16,,,1,55,,193049,16,,,1,15,,193050,16,,,1,15,,193051,16,,,1,15,,193052,16,,,1,55,,193053,16,,,1,15,,193054,16,,,1,15,,193055,16,,,1,15,,193056,16,,,1,55,,193057,16,,,1,15,,193071,16,,,1,30,,193058,16,,,1,70,,193059,16,,,1,29,,193060,16,,,1,70,,193061,16,,,1,30,,193062,16,,,1,70,,193063,16,,,1,30,,193064,16,,,1,70,,193065,16,,,1,30,,193066,16,,,1,68,,193067,16,,,1,100,,193068,16,,,1,100,,193069,16,,,1
10601,'106-Saturday-1-26-06-0000010',543,,170781,16,,,1,70,,170782,16,,,1,30,,170783,16,,,1,70,,170784,16,,,1,30,,170785,16,,,1,70,,170786,16,,,1,30,,170787,16,,,1,72,,170788,16,,,1,30,,170789,16,,,1,70,,170790,16,,,1,30,,170791,16,,,1,70,,170792,16,,,1,30,,170793,16,,,1,70,,170794,16,,,1,30,,170795,16,,,1,70,,170796,16,,,1,30,,170797,16,,,1,70,,170798,16,,,1,30,,170799,16,,,1,70,,170800,16,,,1,30,,170801,16,,,1,70,,170802,16,,,1,30,,170803,16,,,1,70,,170804,16,,,1,30,,170805,16,,,1,70,,170806,16,,,1,30,,170807,16,,,1,70,,170808,16,,,1,30,,170809,16,,,1,70,,170810,16,,,1,30,,170811,16,,,1,70,,170812,16,,,1,30,,170813,16,,,1,70,,170814,16,,,1,100,,170815,16,,,1,100,,170816,16,,,1
10601,'106-Saturday-2-26-06-0000010',543,,211270,16,,,1,70,,211271,16,,,1,30,,211272,16,,,1,70,,211273,16,,,1,30,,211274,16,,,1,70,,211275,16,,,1,30,,211276,16,,,1,72,,211277,16,,,1,30,,211278,16,,,1,70,,211279,16,,,1,30,,211280,16,,,1,70,,211281,16,,,1,30,,211282,16,,,1,70,,211283,16,,,1,30,,211284,16,,,1,70,,211285,16,,,1,30,,211286,16,,,1,70,,211287,16,,,1,30,,211288,16,,,1,70,,211289,16,,,1,30,,211290,16,,,1,70,,211291,16,,,1,30,,211292,16,,,1,70,,211293,16,,,1,30,,211294,16,,,1,70,,211295,16,,,1,30,,211296,16,,,1,70,,211297,16,,,1,30,,211298,16,,,1,70,,211299,16,,,1,30,,211300,16,,,1,70,,211301,16,,,1,30,,211302,16,,,1,70,,211303,16,,,1,100,,211304,16,,,1,100,,211305,16,,,1
10601,'106-Sunday-2-26-06-0000001',628,,193072,16,,,1,30,,193073,16,,,1,70,,193074,16,,,1,30,,193075,16,,,1,70,,193076,16,,,1,29,,193077,16,,,1,74,,193078,16,,,1,70,,193079,16,,,1,30,,193080,16,,,1,70,,193081,16,,,1,30,,193082,16,,,1,70,,193083,16,,,1,30,,193084,16,,,1,70,,193085,16,,,1,30,,193086,16,,,1,70,,193087,16,,,1,30,,193088,16,,,1,70,,193089,16,,,1,30,,193090,16,,,1,70,,193091,16,,,1,30,,193092,16,,,1,70,,193093,16,,,1,27,,193094,16,,,1,30,,193095,16,,,1,70,,193096,16,,,1,30,,193097,16,,,1,70,,193098,16,,,1,30,,193099,16,,,1,70,,193100,16,,,1,30,,193101,16,,,1,100,,193102,16,,,1,100,,193103,16,,,1,100,,193104,16,,,1
10601,'106-Sunday-3-26-06-0000001',628,,211306,16,,,1,30,,211307,16,,,1,70,,211308,16,,,1,30,,211309,16,,,1,70,,211310,16,,,1,29,,211311,16,,,1,74,,211312,16,,,1,70,,211313,16,,,1,30,,211314,16,,,1,70,,211315,16,,,1,30,,211316,16,,,1,70,,211317,16,,,1,30,,211318,16,,,1,70,,211319,16,,,1,30,,211320,16,,,1,70,,211321,16,,,1,30,,211322,16,,,1,70,,211323,16,,,1,30,,211324,16,,,1,70,,211325,16,,,1,30,,211326,16,,,1,70,,211327,16,,,1,27,,211328,16,,,1,30,,211329,16,,,1,70,,211330,16,,,1,30,,211331,16,,,1,70,,211332,16,,,1,30,,211333,16,,,1,70,,211334,16,,,1,30,,211335,16,,,1,100,,211336,16,,,1,100,,211337,16,,,1,100,,211338,16,,,1
10601,'106-Sunday-6-26-06-0000001',628,,211339,16,,,1,30,,211340,16,,,1,70,,211341,16,,,1,30,,211342,16,,,1,70,,211343,16,,,1,29,,211344,16,,,1,74,,211345,16,,,1,70,,211346,16,,,1,30,,211347,16,,,1,70,,211348,16,,,1,30,,211349,16,,,1,70,,211350,16,,,1,30,,211351,16,,,1,70,,211352,16,,,1,30,,211353,16,,,1,70,,211354,16,,,1,30,,211355,16,,,1,70,,211356,16,,,1,30,,211357,16,,,1,70,,211358,16,,,1,30,,211359,16,,,1,70,,211360,16,,,1,27,,211361,16,,,1,30,,211362,16,,,1,70,,211363,16,,,1,30,,211364,16,,,1,70,,211365,16,,,1,30,,211366,16,,,1,70,,211367,16,,,1,30,,211368,16,,,1,100,,211369,16,,,1,100,,211370,16,,,1,100,,211371,16,,,1
10601,'106-Sunday-7-26-06-0000001',628,,211372,16,,,1,30,,211373,16,,,1,70,,211374,16,,,1,30,,211375,16,,,1,70,,211376,16,,,1,29,,211377,16,,,1,74,,211378,16,,,1,70,,211379,16,,,1,30,,211380,16,,,1,70,,211381,16,,,1,30,,211382,16,,,1,70,,211383,16,,,1,30,,211384,16,,,1,70,,211385,16,,,1,30,,211386,16,,,1,70,,211387,16,,,1,30,,211388,16,,,1,70,,211389,16,,,1,30,,211390,16,,,1,70,,211391,16,,,1,30,,211392,16,,,1,70,,211393,16,,,1,27,,211394,16,,,1,30,,211395,16,,,1,70,,211396,16,,,1,30,,211397,16,,,1,70,,211398,16,,,1,30,,211399,16,,,1,70,,211400,16,,,1,30,,211401,16,,,1,100,,211402,16,,,1,100,,211403,16,,,1,100,,211404,16,,,1
12700,'127-Weekday-1-26-06-1111100',831,,173897,4,,,1,100,,173898,4,,,1,100,,173899,4,,,1,100,,173900,4,,,1,100,,173901,4,,,1,100,,173902,4,,,1,100,,173903,4,,,1,100,,173904,4,,,1,100,,173905,4,,,1
12700,'127-Weekday-2-26-06-1111100',831,,194866,4,,,1,100,,194867,4,,,1,100,,194868,4,,,1,100,,194869,4,,,1,100,,194870,4,,,1,100,,194871,4,,,1,100,,194872,4,,,1,100,,194873,4,,,1,100,,194874,4,,,1
12700,'127-Saturday-1-26-06-0000010',831,,173906,4,,,1,100,,173907,4,,,1,100,,173908,4,,,1,100,,173909,4,,,1,100,,173910,4,,,1,100,,173911,4,,,1,100,,173912,4,,,1,100,,173913,4,,,1,100,,173914,4,,,1
12700,'127-Saturday-2-26-06-0000010',831,,214142,4,,,1,100,,214143,4,,,1,100,,214144,4,,,1,100,,214145,4,,,1,100,,214146,4,,,1,100,,214147,4,,,1,100,,214148,4,,,1,100,,214149,4,,,1,100,,214150,4,,,1
12700,'127-Sunday-2-26-06-0000001',801,,194875,4,0,50 51 52,1,100,,194876,4,0,50 51 52,1,100,,194877,4,0,50 51 52,1,100,,194878,4,0,50 51 52,1,100,,194879,4,0,50 51 52,1,100,,194880,4,0,50 51 52,1,100,,194881,4,0,50 51 52,1,100,,194882,4,0,50 51 52,1,100,,194883,4,0,50 51 52,1,100,,194884,4,0,50 51 52,1
12700,'127-Sunday-3-26-06-0000001',801,,214151,4,0,50 51 52,1,100,,214152,4,0,50 51 52,1,100,,214153,4,0,50 51 52,1,100,,214154,4,0,50 51 52,1,100,,214155,4,0,50 51 52,1,100,,214156,4,0,50 51 52,1,100,,214157,4,0,50 51 52,1,100,,214158,4,0,50 51 52,1,100,,214159,4,0,50 51 52,1,100,,214160,4,0,50 51 52,1
12700,'127-Sunday-6-26-06-0000001',801,,214161,4,0,50 51 52,1,100,,214162,4,0,50 51 52,1,100,,214163,4,0,50 51 52,1,100,,214164,4,0,50 51 52,1,100,,214165,4,0,50 51 52,1,100,,214166,4,0,50 51 52,1,100,,214167,4,0,50 51 52,1,100,,214168,4,0,50 51 52,1,100,,214169,4,0,50 51 52,1,100,,214170,4,0,50 51 52,1
12700,'127-Sunday-7-26-06-0000001',801,,214171,4,0,50 51 52,1,100,,214172,4,0,50 51 52,1,100,,214173,4,0,50 51 52,1,100,,214174,4,0,50 51 52,1,100,,214175,4,0,50 51 52,1,100,,214176,4,0,50 51 52,1,100,,214177,4,0,50 51 52,1,100,,214178,4,0,50 51 52,1,100,,214179,4,0,50 51 52,1,100,,214180,4,0,50 51 52,1
12801,'128-Weekday-1-26-06-1111100',924,,173970,12,,,1,100,,173971,12,,,1,100,,173972,12,,,1,100,,173973,12,,,1,100,,173974,12,,,1,100,,173975,12,,,1,100,,173976,12,,,1,100,,173977,12,,,1
12801,'128-Weekday-2-26-06-1111100',924,,194913,12,,,1,100,,194914,12,,,1,100,,194915,12,,,1,100,,194916,12,,,1,100,,194917,12,,,1,100,,194918,12,,,1,100,,194919,12,,,1,100,,194920,12,,,1
12801,'128-Saturday-1-26-06-0000010',922,,173978,12,,,1,100,,173979,12,,,1,100,,173980,12,,,1,100,,173981,12,,,1,100,,173982,12,,,1,100,,173983,12,,,1,100,,173984,12,,,1,100,,173985,12,,,1
12801,'128-Saturday-2-26-06-0000010',922,,214228,12,,,1,100,,214229,12,,,1,100,,214230,12,,,1,100,,214231,12,,,1,100,,214232,12,,,1,100,,214233,12,,,1,100,,214234,12,,,1,100,,214235,12,,,1
