51100,'511-Weekday-1-26-09-1111100',2522,,264850,18,0,28 31,1,30,,264851,18,0,28 31,1,70,,264852,18,0,28 31,1,30,,264853,18,0,28 31,1
51100,'511-Weekday-3-26-09-1111100',2522,,264858,18,0,28 31,1,30,,264859,18,0,28 31,1,70,,264860,18,0,28 31,1,30,,264861,18,0,28 31,1
51100,'511-Weekday-4-26-09-1111100',2522,,264862,18,0,28 31,1,30,,264863,18,0,28 31,1,70,,264864,18,0,28 31,1,30,,264865,18,0,28 31,1
51100,'511-Weekday-5-26-09-1111100',2522,,264866,18,0,28 31,1,30,,264867,18,0,28 31,1,70,,264868,18,0,28 31,1,30,,264869,18,0,28 31,1
51100,'511-Weekday-6-26-09-1111100',2522,,264870,18,0,28 31,1,30,,264871,18,0,28 31,1,70,,264872,18,0,28 31,1,30,,264873,18,0,28 31,1
51100,'511-Weekday-7-26-09-1111100',2522,,264874,18,0,28 31,1,30,,264875,18,0,28 31,1,70,,264876,18,0,28 31,1,30,,264877,18,0,28 31,1
51100,'511-Saturday-1-26-09-0000010',2521,,264878,18,0,28 31,1,30,,264879,18,0,28 31,1,70,,264880,18,0,28 31,1,30,,264881,18,0,28 31,1
51100,'511-Sunday-1-26-09-0000001',2520,,264882,18,0,28 31,1,30,,264883,18,0,28 31,1,70,,264884,18,0,28 31,1,30,,264885,18,0,28 31,1
63600,'636-Weekday-1-26-09-0000100',952,,273613,7,,,1
63600,'636-Weekday-1-26-09-1111000',828,,273614,7,,,1
63600,'636-Weekday-7-26-09-1111000',828,,273616,7,,,1
24050001,'500X-Weekday-1-26-09-1111100',551,,308760,4,,,1,63,,308758,4,,,1,23,,308805,4,,,1,8,,308804,4,,,1,7,,308759,4,,,1,48,,308761,4,,,1,7,,308769,4,,,1,8,,308762,4,,,1,7,,308770,4,,,1,8,,308763,4,,,1,7,,308771,4,,,1,8,,308764,4,,,1,7,,308772,4,,,1,48,,308765,4,,,1,7,,308773,4,,,1,8,,308766,4,,,1,7,,308774,4,,,1,8,,308767,4,,,1,7,,308775,4,,,1,8,,308768,4,,,1,7,,308803,4,,,1,59,,308776,4,,,1,19,,308777,4,,,1,20,,308778,4,,,1,60,,308779,4,,,1,20,,308780,4,,,1,20,,308781,4,,,1,60,,308782,4,,,1,20,,308783,4,,,1,20,,308784,4,,,1,60,,308785,4,,,1,20,,308806,4,,,1,20,,308807,4,,,1,60,,308808,4,,,1,20,,308809,4,,,1,20,,308810,4,,,1,60,,308786,4,,,1,20,,308787,4,,,1,20,,308788,4,,,1,60,,308789,4,,,1,19,,308790,4,,,1,20,,308791,4,,,1,60,,308792,4,,,1,20,,308793,4,,,1,20,,308794,4,,,1,60,,308811,4,,,1,20,,308812,4,,,1,20,,308813,4,,,1,60,,308795,4,,,1,30,,308796,4,,,1,71,,308797,4,,,1,30,,308798,4,,,1,70,,308799,4,,,1,30,,308800,4,,,1,70,,308801,4,,,1,30,,308802,4,,,1
24050001,'500X-Weekday-3-26-09-1111100',551,,308872,4,,,1,63,,308870,4,,,1,23,,308917,4,,,1,8,,308916,4,,,1,7,,308871,4,,,1,48,,308873,4,,,1,7,,308881,4,,,1,8,,308874,4,,,1,7,,308882,4,,,1,8,,308875,4,,,1,7,,308883,4,,,1,8,,308876,4,,,1,7,,308884,4,,,1,48,,308877,4,,,1,7,,308885,4,,,1,8,,308878,4,,,1,7,,308886,4,,,1,8,,308879,4,,,1,7,,308887,4,,,1,8,,308880,4,,,1,7,,308915,4,,,1,59,,308888,4,,,1,19,,308889,4,,,1,20,,308890,4,,,1,60,,308891,4,,,1,20,,308892,4,,,1,20,,308893,4,,,1,60,,308894,4,,,1,20,,308895,4,,,1,20,,308896,4,,,1,60,,308897,4,,,1,20,,308918,4,,,1,20,,308919,4,,,1,60,,308920,4,,,1,20,,308921,4,,,1,20,,308922,4,,,1,60,,308898,4,,,1,20,,308899,4,,,1,20,,308900,4,,,1,60,,308901,4,,,1,19,,308902,4,,,1,20,,308903,4,,,1,60,,308904,4,,,1,20,,308905,4,,,1,20,,308906,4,,,1,60,,308923,4,,,1,20,,308924,4,,,1,20,,308925,4,,,1,60,,308907,4,,,1,30,,308908,4,,,1,71,,308909,4,,,1,30,,308910,4,,,1,70,,308911,4,,,1,30,,308912,4,,,1,70,,308913,4,,,1,30,,308914,4,,,1
24050001,'500X-Weekday-4-26-09-1111100',551,,308928,4,,,1,63,,308926,4,,,1,23,,308973,4,,,1,8,,308972,4,,,1,7,,308927,4,,,1,48,,308929,4,,,1,7,,308937,4,,,1,8,,308930,4,,,1,7,,308938,4,,,1,8,,308931,4,,,1,7,,308939,4,,,1,8,,308932,4,,,1,7,,308940,4,,,1,48,,308933,4,,,1,7,,308941,4,,,1,8,,308934,4,,,1,7,,308942,4,,,1,8,,308935,4,,,1,7,,308943,4,,,1,8,,308936,4,,,1,7,,308971,4,,,1,59,,308944,4,,,1,19,,308945,4,,,1,20,,308946,4,,,1,60,,308947,4,,,1,20,,308948,4,,,1,20,,308949,4,,,1,60,,308950,4,,,1,20,,308951,4,,,1,20,,308952,4,,,1,60,,308953,4,,,1,20,,308974,4,,,1,20,,308975,4,,,1,60,,308976,4,,,1,20,,308977,4,,,1,20,,308978,4,,,1,60,,308954,4,,,1,20,,308955,4,,,1,20,,308956,4,,,1,60,,308957,4,,,1,19,,308958,4,,,1,20,,308959,4,,,1,60,,308960,4,,,1,20,,308961,4,,,1,20,,308962,4,,,1,60,,308979,4,,,1,20,,308980,4,,,1,20,,308981,4,,,1,60,,308963,4,,,1,30,,308964,4,,,1,71,,308965,4,,,1,30,,308966,4,,,1,70,,308967,4,,,1,30,,308968,4,,,1,70,,308969,4,,,1,30,,308970,4,,,1
24050001,'500X-Weekday-5-26-09-1111100',551,,308984,4,,,1,63,,308982,4,,,1,23,,309029,4,,,1,8,,309028,4,,,1,7,,308983,4,,,1,48,,308985,4,,,1,7,,308993,4,,,1,8,,308986,4,,,1,7,,308994,4,,,1,8,,308987,4,,,1,7,,308995,4,,,1,8,,308988,4,,,1,7,,308996,4,,,1,48,,308989,4,,,1,7,,308997,4,,,1,8,,308990,4,,,1,7,,308998,4,,,1,8,,308991,4,,,1,7,,308999,4,,,1,8,,308992,4,,,1,7,,309027,4,,,1,59,,309000,4,,,1,19,,309001,4,,,1,20,,309002,4,,,1,60,,309003,4,,,1,20,,309004,4,,,1,20,,309005,4,,,1,60,,309006,4,,,1,20,,309007,4,,,1,20,,309008,4,,,1,60,,309009,4,,,1,20,,309030,4,,,1,20,,309031,4,,,1,60,,309032,4,,,1,20,,309033,4,,,1,20,,309034,4,,,1,60,,309010,4,,,1,20,,309011,4,,,1,20,,309012,4,,,1,60,,309013,4,,,1,19,,309014,4,,,1,20,,309015,4,,,1,60,,309016,4,,,1,20,,309017,4,,,1,20,,309018,4,,,1,60,,309035,4,,,1,20,,309036,4,,,1,20,,309037,4,,,1,60,,309019,4,,,1,30,,309020,4,,,1,71,,309021,4,,,1,30,,309022,4,,,1,70,,309023,4,,,1,30,,309024,4,,,1,70,,309025,4,,,1,30,,309026,4,,,1
24050001,'500X-Weekday-6-26-09-1111100',551,,309040,4,,,1,63,,309038,4,,,1,23,,309085,4,,,1,8,,309084,4,,,1,7,,309039,4,,,1,48,,309041,4,,,1,7,,309049,4,,,1,8,,309042,4,,,1,7,,309050,4,,,1,8,,309043,4,,,1,7,,309051,4,,,1,8,,309044,4,,,1,7,,309052,4,,,1,48,,309045,4,,,1,7,,309053,4,,,1,8,,309046,4,,,1,7,,309054,4,,,1,8,,309047,4,,,1,7,,309055,4,,,1,8,,309048,4,,,1,7,,309083,4,,,1,59,,309056,4,,,1,19,,309057,4,,,1,20,,309058,4,,,1,60,,309059,4,,,1,20,,309060,4,,,1,20,,309061,4,,,1,60,,309062,4,,,1,20,,309063,4,,,1,20,,309064,4,,,1,60,,309065,4,,,1,20,,309086,4,,,1,20,,309087,4,,,1,60,,309088,4,,,1,20,,309089,4,,,1,20,,309090,4,,,1,60,,309066,4,,,1,20,,309067,4,,,1,20,,309068,4,,,1,60,,309069,4,,,1,19,,309070,4,,,1,20,,309071,4,,,1,60,,309072,4,,,1,20,,309073,4,,,1,20,,309074,4,,,1,60,,309091,4,,,1,20,,309092,4,,,1,20,,309093,4,,,1,60,,309075,4,,,1,30,,309076,4,,,1,71,,309077,4,,,1,30,,309078,4,,,1,70,,309079,4,,,1,30,,309080,4,,,1,70,,309081,4,,,1,30,,309082,4,,,1
24050001,'500X-Weekday-7-26-09-1111100',551,,309096,4,,,1,63,,309094,4,,,1,23,,309141,4,,,1,8,,309140,4,,,1,7,,309095,4,,,1,48,,309097,4,,,1,7,,309105,4,,,1,8,,309098,4,,,1,7,,309106,4,,,1,8,,309099,4,,,1,7,,309107,4,,,1,8,,309100,4,,,1,7,,309108,4,,,1,48,,309101,4,,,1,7,,309109,4,,,1,8,,309102,4,,,1,7,,309110,4,,,1,8,,309103,4,,,1,7,,309111,4,,,1,8,,309104,4,,,1,7,,309139,4,,,1,59,,309112,4,,,1,19,,309113,4,,,1,20,,309114,4,,,1,60,,309115,4,,,1,20,,309116,4,,,1,20,,309117,4,,,1,60,,309118,4,,,1,20,,309119,4,,,1,20,,309120,4,,,1,60,,309121,4,,,1,20,,309142,4,,,1,20,,309143,4,,,1,60,,309144,4,,,1,20,,309145,4,,,1,20,,309146,4,,,1,60,,309122,4,,,1,20,,309123,4,,,1,20,,309124,4,,,1,60,,309125,4,,,1,19,,309126,4,,,1,20,,309127,4,,,1,60,,309128,4,,,1,20,,309129,4,,,1,20,,309130,4,,,1,60,,309147,4,,,1,20,,309148,4,,,1,20,,309149,4,,,1,60,,309131,4,,,1,30,,309132,4,,,1,71,,309133,4,,,1,30,,309134,4,,,1,70,,309135,4,,,1,30,,309136,4,,,1,70,,309137,4,,,1,30,,309138,4,,,1
