90501,'905-Weekday-1-26-09-1111100',601,,293719,42,,,1,30,,293720,42,,,1,71,,293721,42,,,1,30,,293722,42,,,1,70,,293723,42,,,1,30,,293724,42,,,1,70,,293725,42,,,1,29,,293726,42,,,1,527,,293727,42,,,1,72,,293728,42,,,1,70,,293729,42,,,1,30,,293730,42,,,1,70,,293731,42,,,1,30,,293732,42,,,1,70,,293733,42,,,1,29,,293734,42,,,1
90501,'905-Weekday-2-26-09-1111100',601,,293735,42,,,1,30,,293736,42,,,1,71,,293737,42,,,1,30,,293738,42,,,1,70,,293739,42,,,1,30,,293740,42,,,1,70,,293741,42,,,1,29,,293742,42,,,1,527,,293743,42,,,1,72,,293744,42,,,1,70,,293745,42,,,1,30,,293746,42,,,1,70,,293747,42,,,1,30,,293748,42,,,1,70,,293749,42,,,1,29,,293750,42,,,1
90501,'905-Weekday-3-26-09-1111100',601,,293751,42,,,1,30,,293752,42,,,1,71,,293753,42,,,1,30,,293754,42,,,1,70,,293755,42,,,1,30,,293756,42,,,1,70,,293757,42,,,1,29,,293758,42,,,1,527,,293759,42,,,1,72,,293760,42,,,1,70,,293761,42,,,1,30,,293762,42,,,1,70,,293763,42,,,1,30,,293764,42,,,1,70,,293765,42,,,1,29,,293766,42,,,1
90501,'905-Weekday-4-26-09-1111100',601,,293767,42,,,1,30,,293768,42,,,1,71,,293769,42,,,1,30,,293770,42,,,1,70,,293771,42,,,1,30,,293772,42,,,1,70,,293773,42,,,1,29,,293774,42,,,1,527,,293775,42,,,1,72,,293776,42,,,1,70,,293777,42,,,1,30,,293778,42,,,1,70,,293779,42,,,1,30,,293780,42,,,1,70,,293781,42,,,1,29,,293782,42,,,1
90501,'905-Weekday-5-26-09-1111100',601,,293783,42,,,1,30,,293784,42,,,1,71,,293785,42,,,1,30,,293786,42,,,1,70,,293787,42,,,1,30,,293788,42,,,1,70,,293789,42,,,1,29,,293790,42,,,1,527,,293791,42,,,1,72,,293792,42,,,1,70,,293793,42,,,1,30,,293794,42,,,1,70,,293795,42,,,1,30,,293796,42,,,1,70,,293797,42,,,1,29,,293798,42,,,1
90501,'905-Weekday-6-26-09-1111100',601,,293799,42,,,1,30,,293800,42,,,1,71,,293801,42,,,1,30,,293802,42,,,1,70,,293803,42,,,1,30,,293804,42,,,1,70,,293805,42,,,1,29,,293806,42,,,1,527,,293807,42,,,1,72,,293808,42,,,1,70,,293809,42,,,1,30,,293810,42,,,1,70,,293811,42,,,1,30,,293812,42,,,1,70,,293813,42,,,1,29,,293814,42,,,1
90501,'905-Weekday-7-26-09-1111100',601,,293815,42,,,1,30,,293816,42,,,1,71,,293817,42,,,1,30,,293818,42,,,1,70,,293819,42,,,1,30,,293820,42,,,1,70,,293821,42,,,1,29,,293822,42,,,1,527,,293823,42,,,1,72,,293824,42,,,1,70,,293825,42,,,1,30,,293826,42,,,1,70,,293827,42,,,1,30,,293828,42,,,1,70,,293829,42,,,1,29,,293830,42,,,1
90600,'906-Weekday-1-26-09-1111100',559,,293831,41,,,1,70,,293832,41,,,1,75,,293833,41,,,1,30,,293834,41,,,1,70,,293835,41,,,1,30,,293836,41,,,1,70,,293837,41,,,1,30,,293838,41,,,1,602,,293839,41,,,1,70,,293840,41,,,1,30,,293841,41,,,1,70,,293842,41,,,1,30,,293843,41,,,1,70,,293844,41,,,1
90600,'906-Weekday-2-26-09-1111100',559,,293845,41,,,1,70,,293846,41,,,1,75,,293847,41,,,1,30,,293848,41,,,1,70,,293849,41,,,1,30,,293850,41,,,1,70,,293851,41,,,1,30,,293852,41,,,1,602,,293853,41,,,1,70,,293854,41,,,1,30,,293855,41,,,1,70,,293856,41,,,1,30,,293857,41,,,1,70,,293858,41,,,1
90600,'906-Weekday-3-26-09-1111100',559,,293859,41,,,1,70,,293860,41,,,1,75,,293861,41,,,1,30,,293862,41,,,1,70,,293863,41,,,1,30,,293864,41,,,1,70,,293865,41,,,1,30,,293866,41,,,1,602,,293867,41,,,1,70,,293868,41,,,1,30,,293869,41,,,1,70,,293870,41,,,1,30,,293871,41,,,1,70,,293872,41,,,1
90600,'906-Weekday-4-26-09-1111100',559,,293873,41,,,1,70,,293874,41,,,1,75,,293875,41,,,1,30,,293876,41,,,1,70,,293877,41,,,1,30,,293878,41,,,1,70,,293879,41,,,1,30,,293880,41,,,1,602,,293881,41,,,1,70,,293882,41,,,1,30,,293883,41,,,1,70,,293884,41,,,1,30,,293885,41,,,1,70,,293886,41,,,1
90600,'906-Weekday-5-26-09-1111100',559,,293887,41,,,1,70,,293888,41,,,1,75,,293889,41,,,1,30,,293890,41,,,1,70,,293891,41,,,1,30,,293892,41,,,1,70,,293893,41,,,1,30,,293894,41,,,1,602,,293895,41,,,1,70,,293896,41,,,1,30,,293897,41,,,1,70,,293898,41,,,1,30,,293899,41,,,1,70,,293900,41,,,1
90600,'906-Weekday-6-26-09-1111100',559,,293901,41,,,1,70,,293902,41,,,1,75,,293903,41,,,1,30,,293904,41,,,1,70,,293905,41,,,1,30,,293906,41,,,1,70,,293907,41,,,1,30,,293908,41,,,1,602,,293909,41,,,1,70,,293910,41,,,1,30,,293911,41,,,1,70,,293912,41,,,1,30,,293913,41,,,1,70,,293914,41,,,1
90600,'906-Weekday-7-26-09-1111100',559,,293915,41,,,1,70,,293916,41,,,1,75,,293917,41,,,1,30,,293918,41,,,1,70,,293919,41,,,1,30,,293920,41,,,1,70,,293921,41,,,1,30,,293922,41,,,1,602,,293923,41,,,1,70,,293924,41,,,1,30,,293925,41,,,1,70,,293926,41,,,1,30,,293927,41,,,1,70,,293928,41,,,1
