91600,'916-Weekday-1-26-06-1111100',600,,184762,34,,,1,30,,184763,34,,,1,17,,184801,34,,,1,55,,184764,34,,,1,15,,184795,34,,,1,15,,184765,34,,,1,15,,184766,34,,,1,55,,184796,34,,,1,17,,184802,34,,,1,23,,184803,34,,,1,69,,184767,34,,,1,31,,184768,34,,,1,70,,184769,34,,,1,30,,184770,34,,,1,70,,184771,34,,,1,30,,184772,34,,,1,70,,184773,34,,,1,30,,184774,34,,,1,70,,184775,34,,,1,30,,184776,34,,,1,70,,184777,34,,,1,30,,184778,34,,,1,70,,184800,34,,,1,22,,184779,34,,,1,20,,184797,34,,,1,60,,184780,34,,,1,20,,184781,34,,,1,20,,184798,34,,,1,60,,184782,34,,,1,20,,184799,34,,,1,20,,184783,34,,,1,55,,184804,34,,,1,19,,184784,34,,,1,27,,184785,34,,,1,70,,184786,34,,,1,30,,184787,34,,,1,70,,184788,34,,,1,30,,184789,34,,,1,70,,184790,34,,,1,30,,184791,34,,,1,67,,184792,34,,,1,100,,184793,34,,,1,100,,184794,34,,,1
91600,'916-Weekday-2-26-06-1111100',600,,201447,34,,,1,30,,201448,34,,,1,17,,201486,34,,,1,55,,201449,34,,,1,15,,201480,34,,,1,15,,201450,34,,,1,15,,201451,34,,,1,55,,201481,34,,,1,17,,201487,34,,,1,23,,201488,34,,,1,69,,201452,34,,,1,31,,201453,34,,,1,70,,201454,34,,,1,30,,201455,34,,,1,70,,201456,34,,,1,30,,201457,34,,,1,70,,201458,34,,,1,30,,201459,34,,,1,70,,201460,34,,,1,30,,201461,34,,,1,70,,201462,34,,,1,30,,201463,34,,,1,70,,201485,34,,,1,22,,201464,34,,,1,20,,201482,34,,,1,60,,201465,34,,,1,20,,201466,34,,,1,20,,201483,34,,,1,60,,201467,34,,,1,20,,201484,34,,,1,20,,201468,34,,,1,55,,201489,34,,,1,19,,201469,34,,,1,27,,201470,34,,,1,70,,201471,34,,,1,30,,201472,34,,,1,70,,201473,34,,,1,30,,201474,34,,,1,70,,201475,34,,,1,30,,201476,34,,,1,67,,201477,34,,,1,100,,201478,34,,,1,100,,201479,34,,,1
91600,'916-Saturday-1-26-06-0000010',620,,184805,34,,,1,100,,184806,34,,,1,100,,184807,34,,,1,30,,184808,34,,,1,70,,184809,34,,,1,32,,184810,34,,,1,70,,184811,34,,,1,30,,184812,34,,,1,70,,184813,34,,,1,30,,184814,34,,,1,70,,184815,34,,,1,30,,184816,34,,,1,70,,184817,34,,,1,30,,184818,34,,,1,70,,184819,34,,,1,30,,184820,34,,,1,70,,184821,34,,,1,30,,184822,34,,,1,70,,184823,34,,,1,30,,184824,34,,,1,69,,184825,34,,,1,30,,184826,34,,,1,70,,184827,34,,,1,30,,184828,34,,,1,70,,184829,34,,,1,100,,184830,34,,,1,100,,184831,34,,,1,100,,184832,34,,,1,100,,184833,34,,,1
91600,'916-Saturday-2-26-06-0000010',620,,223950,34,,,1,100,,223951,34,,,1,100,,223952,34,,,1,30,,223953,34,,,1,70,,223954,34,,,1,32,,223955,34,,,1,70,,223956,34,,,1,30,,223957,34,,,1,70,,223958,34,,,1,30,,223959,34,,,1,70,,223960,34,,,1,30,,223961,34,,,1,70,,223962,34,,,1,30,,223963,34,,,1,70,,223964,34,,,1,30,,223965,34,,,1,70,,223966,34,,,1,30,,223967,34,,,1,70,,223968,34,,,1,30,,223969,34,,,1,69,,223970,34,,,1,30,,223971,34,,,1,70,,223972,34,,,1,30,,223973,34,,,1,70,,223974,34,,,1,100,,223975,34,,,1,100,,223976,34,,,1,100,,223977,34,,,1,100,,223978,34,,,1
91600,'916-Sunday-2-26-06-0000001',622,,201490,34,,,1,100,,201491,34,,,1,100,,201492,34,,,1,96,,201493,34,,,1,102,,201494,34,,,1,30,,201495,34,,,1,70,,201496,34,,,1,30,,201497,34,,,1,70,,201498,34,,,1,30,,201499,34,,,1,70,,201500,34,,,1,30,,201501,34,,,1,70,,201502,34,,,1,30,,201503,34,,,1,70,,201504,34,,,1,30,,201505,34,,,1,70,,201506,34,,,1,30,,201507,34,,,1,67,,201508,34,,,1,28,,201509,34,,,1,70,,201510,34,,,1,30,,201511,34,,,1,77,,201512,34,,,1,100,,201513,34,,,1,100,,201514,34,,,1,100,,201515,34,,,1,100,,201516,34,,,1
91600,'916-Sunday-3-26-06-0000001',622,,223979,34,,,1,100,,223980,34,,,1,100,,223981,34,,,1,96,,223982,34,,,1,102,,223983,34,,,1,30,,223984,34,,,1,70,,223985,34,,,1,30,,223986,34,,,1,70,,223987,34,,,1,30,,223988,34,,,1,70,,223989,34,,,1,30,,223990,34,,,1,70,,223991,34,,,1,30,,223992,34,,,1,70,,223993,34,,,1,30,,223994,34,,,1,70,,223995,34,,,1,30,,223996,34,,,1,67,,223997,34,,,1,28,,223998,34,,,1,70,,223999,34,,,1,30,,224000,34,,,1,77,,224001,34,,,1,100,,224002,34,,,1,100,,224003,34,,,1,100,,224004,34,,,1,100,,224005,34,,,1
91600,'916-Sunday-6-26-06-0000001',622,,224006,34,,,1,100,,224007,34,,,1,100,,224008,34,,,1,96,,224009,34,,,1,102,,224010,34,,,1,30,,224011,34,,,1,70,,224012,34,,,1,30,,224013,34,,,1,70,,224014,34,,,1,30,,224015,34,,,1,70,,224016,34,,,1,30,,224017,34,,,1,70,,224018,34,,,1,30,,224019,34,,,1,70,,224020,34,,,1,30,,224021,34,,,1,70,,224022,34,,,1,30,,224023,34,,,1,67,,224024,34,,,1,28,,224025,34,,,1,70,,224026,34,,,1,30,,224027,34,,,1,77,,224028,34,,,1,100,,224029,34,,,1,100,,224030,34,,,1,100,,224031,34,,,1,100,,224032,34,,,1
91600,'916-Sunday-7-26-06-0000001',622,,224033,34,,,1,100,,224034,34,,,1,100,,224035,34,,,1,96,,224036,34,,,1,102,,224037,34,,,1,30,,224038,34,,,1,70,,224039,34,,,1,30,,224040,34,,,1,70,,224041,34,,,1,30,,224042,34,,,1,70,,224043,34,,,1,30,,224044,34,,,1,70,,224045,34,,,1,30,,224046,34,,,1,70,,224047,34,,,1,30,,224048,34,,,1,70,,224049,34,,,1,30,,224050,34,,,1,67,,224051,34,,,1,28,,224052,34,,,1,70,,224053,34,,,1,30,,224054,34,,,1,77,,224055,34,,,1,100,,224056,34,,,1,100,,224057,34,,,1,100,,224058,34,,,1,100,,224059,34,,,1
24091000,'910X-Weekday-1-26-06-1111100',551,,187956,9,,,1,70,,187958,9,,,1,15,,187959,9,,,1,15,,187960,9,,,1,55,,187961,9,,,1,15,,187957,9,,,1,15,,187953,9,,,1,15,,187952,9,,,1,55,,187951,9,,,1,15,,187962,9,,,1,15,,187954,9,,,1,15,,187955,9,,,1
24091000,'910X-Weekday-2-26-06-1111100',551,,203553,9,,,1,70,,203555,9,,,1,15,,203556,9,,,1,15,,203557,9,,,1,55,,203558,9,,,1,15,,203554,9,,,1,15,,203550,9,,,1,15,,203549,9,,,1,55,,203548,9,,,1,15,,203559,9,,,1,15,,203551,9,,,1,15,,203552,9,,,1
24091001,'910X-Weekday-1-26-06-1111100',1535,,187963,15,,,1,20,,187964,15,,,1,60,,187969,15,,,1,20,,187965,15,,,1,20,,187966,15,,,1,60,,187970,15,,,1,20,,187967,15,,,1,20,,187968,15,,,1
24091001,'910X-Weekday-2-26-06-1111100',1535,,203560,15,,,1,20,,203561,15,,,1,60,,203566,15,,,1,20,,203562,15,,,1,20,,203563,15,,,1,60,,203567,15,,,1,20,,203564,15,,,1,20,,203565,15,,,1
