90801,'908-Weekday-1-26-06-1111100',620,,183901,25,,,1,31,,183902,25,,,1,70,,183903,25,,,1,30,,183904,25,,,1,70,,183905,25,,,1,30,,183906,25,,,1,702,,183907,25,,,1,70,,183908,25,,,1,30,,183909,25,,,1,70,,183910,25,,,1,30,,183911,25,,,1,70,,183912,25,,,1
90801,'908-Weekday-2-26-06-1111100',620,,200865,25,,,1,31,,200866,25,,,1,70,,200867,25,,,1,30,,200868,25,,,1,70,,200869,25,,,1,30,,200870,25,,,1,702,,200871,25,,,1,70,,200872,25,,,1,30,,200873,25,,,1,70,,200874,25,,,1,30,,200875,25,,,1,70,,200876,25,,,1
91200,'912-Weekday-1-26-06-1111100',547,,184086,8,,,1,70,,184087,8,,,1,29,,184088,8,,,1,70,,184089,8,,,1,30,,184090,8,,,1,70,,184091,8,,,1,30,,184092,8,,,1,70,,184093,8,,,1,30,,184094,8,,,1,70,,184095,8,,,1,30,,184096,8,,,1,70,,184097,8,,,1,30,,184098,8,,,1,70,,184099,8,,,1,30,,184100,8,,,1,70,,184101,8,,,1,30,,184102,8,,,1,70,,184103,8,,,1,30,,184104,8,,,1,73,,184105,8,,,1,30,,184106,8,,,1,70,,184107,8,,,1,30,,184108,8,,,1,70,,184109,8,,,1,30,,184110,8,,,1,70,,184111,8,,,1,25,,184112,8,,,1,70,,184113,8,,,1,30,,184114,8,,,1,70,,184115,8,,,1,30,,184116,8,,,1,70,,184117,8,,,1,30,,184118,8,,,1,69,,184119,8,,,1
91200,'912-Weekday-2-26-06-1111100',547,,200996,8,,,1,70,,200997,8,,,1,29,,200998,8,,,1,70,,200999,8,,,1,30,,201000,8,,,1,70,,201001,8,,,1,30,,201002,8,,,1,70,,201003,8,,,1,30,,201004,8,,,1,70,,201005,8,,,1,30,,201006,8,,,1,70,,201007,8,,,1,30,,201008,8,,,1,70,,201009,8,,,1,30,,201010,8,,,1,70,,201011,8,,,1,30,,201012,8,,,1,70,,201013,8,,,1,30,,201014,8,,,1,73,,201015,8,,,1,30,,201016,8,,,1,70,,201017,8,,,1,30,,201018,8,,,1,70,,201019,8,,,1,30,,201020,8,,,1,70,,201021,8,,,1,25,,201022,8,,,1,70,,201023,8,,,1,30,,201024,8,,,1,70,,201025,8,,,1,30,,201026,8,,,1,70,,201027,8,,,1,30,,201028,8,,,1,69,,201029,8,,,1
91200,'912-Saturday-1-26-06-0000010',755,,184121,8,,,1,70,,184122,8,,,1,30,,184120,8,,,1,84,,184123,8,,,1,70,,184124,8,,,1,30,,184125,8,,,1,70,,184126,8,,,1,30,,184127,8,,,1,70,,184128,8,,,1,30,,184129,8,,,1,70,,184130,8,,,1,30,,184131,8,,,1,70,,184132,8,,,1,30,,184133,8,,,1,70,,184134,8,,,1,30,,184135,8,,,1,70,,184136,8,,,1,30,,184137,8,,,1,70,,184138,8,,,1,31,,184139,8,,,1,70,,184140,8,,,1,30,,184141,8,,,1,70,,184142,8,,,1
91200,'912-Saturday-2-26-06-0000010',755,,223248,8,,,1,70,,223249,8,,,1,30,,223247,8,,,1,84,,223250,8,,,1,70,,223251,8,,,1,30,,223252,8,,,1,70,,223253,8,,,1,30,,223254,8,,,1,70,,223255,8,,,1,30,,223256,8,,,1,70,,223257,8,,,1,30,,223258,8,,,1,70,,223259,8,,,1,30,,223260,8,,,1,70,,223261,8,,,1,30,,223262,8,,,1,70,,223263,8,,,1,30,,223264,8,,,1,70,,223265,8,,,1,31,,223266,8,,,1,70,,223267,8,,,1,30,,223268,8,,,1,70,,223269,8,,,1
91200,'912-Sunday-2-26-06-0000001',1009,,201031,8,,,1,30,,201032,8,,,1,70,,201030,8,,,1,30,,201033,8,,,1,70,,201034,8,,,1,30,,201035,8,,,1,70,,201036,8,,,1,30,,201037,8,,,1,70,,201038,8,,,1,30,,201039,8,,,1,70,,201040,8,,,1,30,,201041,8,,,1,70,,201042,8,,,1,30,,201043,8,,,1,70,,201044,8,,,1,30,,201045,8,,,1,70,,201046,8,,,1,30,,201047,8,,,1,70,,201048,8,,,1
91200,'912-Sunday-3-26-06-0000001',1009,,223271,8,,,1,30,,223272,8,,,1,70,,223270,8,,,1,30,,223273,8,,,1,70,,223274,8,,,1,30,,223275,8,,,1,70,,223276,8,,,1,30,,223277,8,,,1,70,,223278,8,,,1,30,,223279,8,,,1,70,,223280,8,,,1,30,,223281,8,,,1,70,,223282,8,,,1,30,,223283,8,,,1,70,,223284,8,,,1,30,,223285,8,,,1,70,,223286,8,,,1,30,,223287,8,,,1,70,,223288,8,,,1
91200,'912-Sunday-6-26-06-0000001',1009,,223290,8,,,1,30,,223291,8,,,1,70,,223289,8,,,1,30,,223292,8,,,1,70,,223293,8,,,1,30,,223294,8,,,1,70,,223295,8,,,1,30,,223296,8,,,1,70,,223297,8,,,1,30,,223298,8,,,1,70,,223299,8,,,1,30,,223300,8,,,1,70,,223301,8,,,1,30,,223302,8,,,1,70,,223303,8,,,1,30,,223304,8,,,1,70,,223305,8,,,1,30,,223306,8,,,1,70,,223307,8,,,1
91200,'912-Sunday-7-26-06-0000001',1009,,223309,8,,,1,30,,223310,8,,,1,70,,223308,8,,,1,30,,223311,8,,,1,70,,223312,8,,,1,30,,223313,8,,,1,70,,223314,8,,,1,30,,223315,8,,,1,70,,223316,8,,,1,30,,223317,8,,,1,70,,223318,8,,,1,30,,223319,8,,,1,70,,223320,8,,,1,30,,223321,8,,,1,70,,223322,8,,,1,30,,223323,8,,,1,70,,223324,8,,,1,30,,223325,8,,,1,70,,223326,8,,,1
92100,'921-Weekday-1-26-06-1111100',549,,185550,16,,,1,70,,185551,16,,,1,31,,185552,16,,,1,65,,185553,16,,,1,20,,185554,16,,,1,20,,185555,16,,,1,60,,185556,16,,,1,20,,185557,16,,,1,20,,185558,16,,,1,64,,185559,16,,,1,30,,185560,16,,,1,70,,185561,16,,,1,30,,185562,16,,,1,70,,185563,16,,,1,30,,185564,16,,,1,70,,185565,16,,,1,30,,185566,16,,,1,70,,185567,16,,,1,30,,185568,16,,,1,70,,185569,16,,,1,30,,185570,16,,,1,73,,185571,16,,,1,33,,185572,16,,,1,60,,185573,16,,,1,20,,185574,16,,,1,20,,185575,16,,,1,60,,185576,16,,,1,20,,185577,16,,,1,20,,185578,16,,,1,60,,185579,16,,,1,20,,185580,16,,,1,24,,185581,16,,,1,70,,185582,16,,,1,30,,185583,16,,,1,70,,185584,16,,,1,30,,185585,16,,,1,70,,185586,16,,,1,30,,185587,16,,,1,70,,185588,16,,,1,100,,185589,16,,,1
92100,'921-Weekday-2-26-06-1111100',549,,202004,16,,,1,70,,202005,16,,,1,31,,202006,16,,,1,65,,202007,16,,,1,20,,202008,16,,,1,20,,202009,16,,,1,60,,202010,16,,,1,20,,202011,16,,,1,20,,202012,16,,,1,64,,202013,16,,,1,30,,202014,16,,,1,70,,202015,16,,,1,30,,202016,16,,,1,70,,202017,16,,,1,30,,202018,16,,,1,70,,202019,16,,,1,30,,202020,16,,,1,70,,202021,16,,,1,30,,202022,16,,,1,70,,202023,16,,,1,30,,202024,16,,,1,73,,202025,16,,,1,33,,202026,16,,,1,60,,202027,16,,,1,20,,202028,16,,,1,20,,202029,16,,,1,60,,202030,16,,,1,20,,202031,16,,,1,20,,202032,16,,,1,60,,202033,16,,,1,20,,202034,16,,,1,24,,202035,16,,,1,70,,202036,16,,,1,30,,202037,16,,,1,70,,202038,16,,,1,30,,202039,16,,,1,70,,202040,16,,,1,30,,202041,16,,,1,70,,202042,16,,,1,100,,202043,16,,,1
92100,'921-Saturday-1-26-06-0000010',718,,185590,16,,,1,100,,185591,16,,,1,100,,185592,16,,,1,30,,185593,16,,,1,70,,185594,16,,,1,30,,185595,16,,,1,70,,185596,16,,,1,30,,185597,16,,,1,70,,185598,16,,,1,30,,185599,16,,,1,70,,185600,16,,,1,30,,185601,16,,,1,70,,185602,16,,,1,30,,185603,16,,,1,70,,185604,16,,,1,30,,185605,16,,,1,70,,185606,16,,,1,30,,185607,16,,,1,70,,185608,16,,,1,30,,185609,16,,,1,70,,185610,16,,,1,30,,185611,16,,,1,70,,185612,16,,,1,100,,185613,16,,,1,100,,185614,16,,,1,100,,185615,16,,,1,100,,185616,16,,,1
92100,'921-Saturday-2-26-06-0000010',718,,224805,16,,,1,100,,224806,16,,,1,100,,224807,16,,,1,30,,224808,16,,,1,70,,224809,16,,,1,30,,224810,16,,,1,70,,224811,16,,,1,30,,224812,16,,,1,70,,224813,16,,,1,30,,224814,16,,,1,70,,224815,16,,,1,30,,224816,16,,,1,70,,224817,16,,,1,30,,224818,16,,,1,70,,224819,16,,,1,30,,224820,16,,,1,70,,224821,16,,,1,30,,224822,16,,,1,70,,224823,16,,,1,30,,224824,16,,,1,70,,224825,16,,,1,30,,224826,16,,,1,70,,224827,16,,,1,100,,224828,16,,,1,100,,224829,16,,,1,100,,224830,16,,,1,100,,224831,16,,,1
92100,'921-Sunday-2-26-06-0000001',918,,202044,16,,,1,100,,202045,16,,,1,100,,202046,16,,,1,30,,202047,16,,,1,70,,202048,16,,,1,30,,202049,16,,,1,70,,202050,16,,,1,30,,202051,16,,,1,70,,202052,16,,,1,30,,202053,16,,,1,70,,202054,16,,,1,30,,202055,16,,,1,70,,202056,16,,,1,30,,202057,16,,,1,70,,202058,16,,,1,30,,202059,16,,,1,70,,202060,16,,,1,30,,202061,16,,,1,70,,202062,16,,,1,100,,202063,16,,,1,100,,202064,16,,,1,100,,202065,16,,,1,100,,202066,16,,,1
92100,'921-Sunday-3-26-06-0000001',918,,224832,16,,,1,100,,224833,16,,,1,100,,224834,16,,,1,30,,224835,16,,,1,70,,224836,16,,,1,30,,224837,16,,,1,70,,224838,16,,,1,30,,224839,16,,,1,70,,224840,16,,,1,30,,224841,16,,,1,70,,224842,16,,,1,30,,224843,16,,,1,70,,224844,16,,,1,30,,224845,16,,,1,70,,224846,16,,,1,30,,224847,16,,,1,70,,224848,16,,,1,30,,224849,16,,,1,70,,224850,16,,,1,100,,224851,16,,,1,100,,224852,16,,,1,100,,224853,16,,,1,100,,224854,16,,,1
92100,'921-Sunday-6-26-06-0000001',918,,224855,16,,,1,100,,224856,16,,,1,100,,224857,16,,,1,30,,224858,16,,,1,70,,224859,16,,,1,30,,224860,16,,,1,70,,224861,16,,,1,30,,224862,16,,,1,70,,224863,16,,,1,30,,224864,16,,,1,70,,224865,16,,,1,30,,224866,16,,,1,70,,224867,16,,,1,30,,224868,16,,,1,70,,224869,16,,,1,30,,224870,16,,,1,70,,224871,16,,,1,30,,224872,16,,,1,70,,224873,16,,,1,100,,224874,16,,,1,100,,224875,16,,,1,100,,224876,16,,,1,100,,224877,16,,,1
92100,'921-Sunday-7-26-06-0000001',918,,224878,16,,,1,100,,224879,16,,,1,100,,224880,16,,,1,30,,224881,16,,,1,70,,224882,16,,,1,30,,224883,16,,,1,70,,224884,16,,,1,30,,224885,16,,,1,70,,224886,16,,,1,30,,224887,16,,,1,70,,224888,16,,,1,30,,224889,16,,,1,70,,224890,16,,,1,30,,224891,16,,,1,70,,224892,16,,,1,30,,224893,16,,,1,70,,224894,16,,,1,30,,224895,16,,,1,70,,224896,16,,,1,100,,224897,16,,,1,100,,224898,16,,,1,100,,224899,16,,,1,100,,224900,16,,,1
