50601,'506-Weekday-1-26-09-1111100',534,,263178,15,,,1,69,,263139,15,,,1,31,,263140,15,,,1,73,,263141,15,,,1,16,,263142,15,,,1,15,,263179,15,,,1,15,,263143,15,,,1,55,,263144,15,,,1,15,,263145,15,,,1,15,,263181,15,,,1,15,,263182,15,,,1,55,,263146,15,,,1,29,,263147,15,,,1,70,,263148,15,,,1,30,,263149,15,,,1,70,,263150,15,,,1,30,,263151,15,,,1,70,,263152,15,,,1,30,,263153,15,,,1,70,,263154,15,,,1,30,,263155,15,,,1,70,,263156,15,,,1,30,,263157,15,,,1,71,,263158,15,,,1,35,,263159,15,,,1,70,,263160,15,,,1,15,,263161,15,,,1,15,,263180,15,,,1,15,,263162,15,,,1,55,,263163,15,,,1,15,,263164,15,,,1,15,,263183,15,,,1,15,,263184,15,,,1,55,,263165,15,,,1,28,,263166,15,,,1,65,,263167,15,,,1,29,,263168,15,,,1,70,,263169,15,,,1,30,,263170,15,,,1,70,,263171,15,,,1,30,,263172,15,,,1,70,,263173,15,,,1,28,,263174,15,,,1,69,,263175,15,,,1,100,,263176,15,,,1
50601,'506-Weekday-2-26-09-1111100',534,,263226,15,,,1,69,,263187,15,,,1,31,,263188,15,,,1,73,,263189,15,,,1,16,,263190,15,,,1,15,,263227,15,,,1,15,,263191,15,,,1,55,,263192,15,,,1,15,,263193,15,,,1,15,,263229,15,,,1,15,,263230,15,,,1,55,,263194,15,,,1,29,,263195,15,,,1,70,,263196,15,,,1,30,,263197,15,,,1,70,,263198,15,,,1,30,,263199,15,,,1,70,,263200,15,,,1,30,,263201,15,,,1,70,,263202,15,,,1,30,,263203,15,,,1,70,,263204,15,,,1,30,,263205,15,,,1,71,,263206,15,,,1,35,,263207,15,,,1,70,,263208,15,,,1,15,,263209,15,,,1,15,,263228,15,,,1,15,,263210,15,,,1,55,,263211,15,,,1,15,,263212,15,,,1,15,,263231,15,,,1,15,,263232,15,,,1,55,,263213,15,,,1,28,,263214,15,,,1,65,,263215,15,,,1,29,,263216,15,,,1,70,,263217,15,,,1,30,,263218,15,,,1,70,,263219,15,,,1,30,,263220,15,,,1,70,,263221,15,,,1,28,,263222,15,,,1,69,,263223,15,,,1,100,,263224,15,,,1
50601,'506-Weekday-3-26-09-1111100',534,,263274,15,,,1,69,,263235,15,,,1,31,,263236,15,,,1,73,,263237,15,,,1,16,,263238,15,,,1,15,,263275,15,,,1,15,,263239,15,,,1,55,,263240,15,,,1,15,,263241,15,,,1,15,,263277,15,,,1,15,,263278,15,,,1,55,,263242,15,,,1,29,,263243,15,,,1,70,,263244,15,,,1,30,,263245,15,,,1,70,,263246,15,,,1,30,,263247,15,,,1,70,,263248,15,,,1,30,,263249,15,,,1,70,,263250,15,,,1,30,,263251,15,,,1,70,,263252,15,,,1,30,,263253,15,,,1,71,,263254,15,,,1,35,,263255,15,,,1,70,,263256,15,,,1,15,,263257,15,,,1,15,,263276,15,,,1,15,,263258,15,,,1,55,,263259,15,,,1,15,,263260,15,,,1,15,,263279,15,,,1,15,,263280,15,,,1,55,,263261,15,,,1,28,,263262,15,,,1,65,,263263,15,,,1,29,,263264,15,,,1,70,,263265,15,,,1,30,,263266,15,,,1,70,,263267,15,,,1,30,,263268,15,,,1,70,,263269,15,,,1,28,,263270,15,,,1,69,,263271,15,,,1,100,,263272,15,,,1
50601,'506-Weekday-4-26-09-1111100',534,,263320,15,,,1,69,,263281,15,,,1,31,,263282,15,,,1,73,,263283,15,,,1,16,,263284,15,,,1,15,,263321,15,,,1,15,,263285,15,,,1,55,,263286,15,,,1,15,,263287,15,,,1,15,,263323,15,,,1,15,,263324,15,,,1,55,,263288,15,,,1,29,,263289,15,,,1,70,,263290,15,,,1,30,,263291,15,,,1,70,,263292,15,,,1,30,,263293,15,,,1,70,,263294,15,,,1,30,,263295,15,,,1,70,,263296,15,,,1,30,,263297,15,,,1,70,,263298,15,,,1,30,,263299,15,,,1,71,,263300,15,,,1,35,,263301,15,,,1,70,,263302,15,,,1,15,,263303,15,,,1,15,,263322,15,,,1,15,,263304,15,,,1,55,,263305,15,,,1,15,,263306,15,,,1,15,,263325,15,,,1,15,,263326,15,,,1,55,,263307,15,,,1,28,,263308,15,,,1,65,,263309,15,,,1,29,,263310,15,,,1,70,,263311,15,,,1,30,,263312,15,,,1,70,,263313,15,,,1,30,,263314,15,,,1,70,,263315,15,,,1,28,,263316,15,,,1,69,,263317,15,,,1,100,,263318,15,,,1
50601,'506-Weekday-5-26-09-1111100',534,,263366,15,,,1,69,,263327,15,,,1,31,,263328,15,,,1,73,,263329,15,,,1,16,,263330,15,,,1,15,,263367,15,,,1,15,,263331,15,,,1,55,,263332,15,,,1,15,,263333,15,,,1,15,,263369,15,,,1,15,,263370,15,,,1,55,,263334,15,,,1,29,,263335,15,,,1,70,,263336,15,,,1,30,,263337,15,,,1,70,,263338,15,,,1,30,,263339,15,,,1,70,,263340,15,,,1,30,,263341,15,,,1,70,,263342,15,,,1,30,,263343,15,,,1,70,,263344,15,,,1,30,,263345,15,,,1,71,,263346,15,,,1,35,,263347,15,,,1,70,,263348,15,,,1,15,,263349,15,,,1,15,,263368,15,,,1,15,,263350,15,,,1,55,,263351,15,,,1,15,,263352,15,,,1,15,,263371,15,,,1,15,,263372,15,,,1,55,,263353,15,,,1,28,,263354,15,,,1,65,,263355,15,,,1,29,,263356,15,,,1,70,,263357,15,,,1,30,,263358,15,,,1,70,,263359,15,,,1,30,,263360,15,,,1,70,,263361,15,,,1,28,,263362,15,,,1,69,,263363,15,,,1,100,,263364,15,,,1
50601,'506-Weekday-6-26-09-1111100',534,,263412,15,,,1,69,,263373,15,,,1,31,,263374,15,,,1,73,,263375,15,,,1,16,,263376,15,,,1,15,,263413,15,,,1,15,,263377,15,,,1,55,,263378,15,,,1,15,,263379,15,,,1,15,,263415,15,,,1,15,,263416,15,,,1,55,,263380,15,,,1,29,,263381,15,,,1,70,,263382,15,,,1,30,,263383,15,,,1,70,,263384,15,,,1,30,,263385,15,,,1,70,,263386,15,,,1,30,,263387,15,,,1,70,,263388,15,,,1,30,,263389,15,,,1,70,,263390,15,,,1,30,,263391,15,,,1,71,,263392,15,,,1,35,,263393,15,,,1,70,,263394,15,,,1,15,,263395,15,,,1,15,,263414,15,,,1,15,,263396,15,,,1,55,,263397,15,,,1,15,,263398,15,,,1,15,,263417,15,,,1,15,,263418,15,,,1,55,,263399,15,,,1,28,,263400,15,,,1,65,,263401,15,,,1,29,,263402,15,,,1,70,,263403,15,,,1,30,,263404,15,,,1,70,,263405,15,,,1,30,,263406,15,,,1,70,,263407,15,,,1,28,,263408,15,,,1,69,,263409,15,,,1,100,,263410,15,,,1
50601,'506-Weekday-7-26-09-1111100',534,,263460,15,,,1,69,,263421,15,,,1,31,,263422,15,,,1,73,,263423,15,,,1,16,,263424,15,,,1,15,,263461,15,,,1,15,,263425,15,,,1,55,,263426,15,,,1,15,,263427,15,,,1,15,,263463,15,,,1,15,,263464,15,,,1,55,,263428,15,,,1,29,,263429,15,,,1,70,,263430,15,,,1,30,,263431,15,,,1,70,,263432,15,,,1,30,,263433,15,,,1,70,,263434,15,,,1,30,,263435,15,,,1,70,,263436,15,,,1,30,,263437,15,,,1,70,,263438,15,,,1,30,,263439,15,,,1,71,,263440,15,,,1,35,,263441,15,,,1,70,,263442,15,,,1,15,,263443,15,,,1,15,,263462,15,,,1,15,,263444,15,,,1,55,,263445,15,,,1,15,,263446,15,,,1,15,,263465,15,,,1,15,,263466,15,,,1,55,,263447,15,,,1,28,,263448,15,,,1,65,,263449,15,,,1,29,,263450,15,,,1,70,,263451,15,,,1,30,,263452,15,,,1,70,,263453,15,,,1,30,,263454,15,,,1,70,,263455,15,,,1,28,,263456,15,,,1,69,,263457,15,,,1,100,,263458,15,,,1
50601,'506-Saturday-1-26-09-0000010',550,,263467,15,,,1,100,,263468,15,,,1,100,,263469,15,,,1,70,,263470,15,,,1,28,,263471,15,,,1,70,,263472,15,,,1,33,,263473,15,,,1,70,,263474,15,,,1,30,,263475,15,,,1,70,,263476,15,,,1,30,,263477,15,,,1,70,,263478,15,,,1,30,,263479,15,,,1,70,,263480,15,,,1,30,,263481,15,,,1,70,,263482,15,,,1,30,,263483,15,,,1,70,,263484,15,,,1,30,,263485,15,,,1,70,,263486,15,,,1,30,,263487,15,,,1,70,,263488,15,,,1,29,,263489,15,,,1,70,,263490,15,,,1,30,,263491,15,,,1,70,,263492,15,,,1,30,,263493,15,,,1,85,,263494,15,,,1,100,,263495,15,,,1,100,,263496,15,,,1,100,,263497,15,,,1
50601,'506-Sunday-1-26-09-0000001',554,,263499,15,,,1,98,,263500,15,,,1,100,,263501,15,,,1,100,,263502,15,,,1,99,,263503,15,,,1,70,,263504,15,,,1,30,,263505,15,,,1,70,,263506,15,,,1,30,,263507,15,,,1,70,,263508,15,,,1,30,,263509,15,,,1,70,,263510,15,,,1,30,,263511,15,,,1,70,,263512,15,,,1,30,,263513,15,,,1,70,,263514,15,,,1,30,,263515,15,,,1,70,,263516,15,,,1,30,,263517,15,,,1,70,,263518,15,,,1,31,,263519,15,,,1,70,,263520,15,,,1,30,,263521,15,,,1,85,,263522,15,,,1,100,,263523,15,,,1,100,,263524,15,,,1,100,,263525,15,,,1,100,,263526,15,,,1
63100,'631-Weekday-1-26-09-1111100',743,,273550,16,,,1
63100,'631-Weekday-3-26-09-1111100',743,,273551,16,,,1
63100,'631-Weekday-4-26-09-1111100',743,,273552,16,,,1
63100,'631-Weekday-7-26-09-1111100',743,,273553,16,,,1
63400,'634-Weekday-1-26-09-0000100',931,,273593,15,,,1
63400,'634-Weekday-1-26-09-1111000',804,,273594,15,,,1,2,,273595,15,,,1
63400,'634-Weekday-3-26-09-1111000',804,,273596,15,,,1,2,,273597,15,,,1
63400,'634-Weekday-7-26-09-1111000',804,,273598,15,,,1,2,,273599,15,,,1
