68400,'684-Weekday-1-26-09-1111100',1526,,274113,4,0,29 30,1,5,,274114,4,,,1
68400,'684-Weekday-7-26-09-1111100',1526,,274121,4,0,29 30,1,5,,274122,4,,,1
90500,'905-Weekday-1-26-09-1111100',540,,293621,5,,,1,70,,293622,5,,,1,30,,293623,5,,,1,71,,293624,5,,,1,30,,293625,5,,,1,70,,293626,5,,,1,30,,293627,5,,,1,597,,293628,5,,,1,70,,293629,5,,,1,32,,293630,5,,,1,70,,293631,5,,,1,30,,293632,5,,,1,70,,293633,5,,,1,30,,293634,5,,,1
90500,'905-Weekday-3-26-09-1111100',540,,293649,5,,,1,70,,293650,5,,,1,30,,293651,5,,,1,71,,293652,5,,,1,30,,293653,5,,,1,70,,293654,5,,,1,30,,293655,5,,,1,597,,293656,5,,,1,70,,293657,5,,,1,32,,293658,5,,,1,70,,293659,5,,,1,30,,293660,5,,,1,70,,293661,5,,,1,30,,293662,5,,,1
90500,'905-Weekday-4-26-09-1111100',540,,293663,5,,,1,70,,293664,5,,,1,30,,293665,5,,,1,71,,293666,5,,,1,30,,293667,5,,,1,70,,293668,5,,,1,30,,293669,5,,,1,597,,293670,5,,,1,70,,293671,5,,,1,32,,293672,5,,,1,70,,293673,5,,,1,30,,293674,5,,,1,70,,293675,5,,,1,30,,293676,5,,,1
90500,'905-Weekday-5-26-09-1111100',540,,293677,5,,,1,70,,293678,5,,,1,30,,293679,5,,,1,71,,293680,5,,,1,30,,293681,5,,,1,70,,293682,5,,,1,30,,293683,5,,,1,597,,293684,5,,,1,70,,293685,5,,,1,32,,293686,5,,,1,70,,293687,5,,,1,30,,293688,5,,,1,70,,293689,5,,,1,30,,293690,5,,,1
90500,'905-Weekday-6-26-09-1111100',540,,293691,5,,,1,70,,293692,5,,,1,30,,293693,5,,,1,71,,293694,5,,,1,30,,293695,5,,,1,70,,293696,5,,,1,30,,293697,5,,,1,597,,293698,5,,,1,70,,293699,5,,,1,32,,293700,5,,,1,70,,293701,5,,,1,30,,293702,5,,,1,70,,293703,5,,,1,30,,293704,5,,,1
90500,'905-Weekday-7-26-09-1111100',540,,293705,5,,,1,70,,293706,5,,,1,30,,293707,5,,,1,71,,293708,5,,,1,30,,293709,5,,,1,70,,293710,5,,,1,30,,293711,5,,,1,597,,293712,5,,,1,70,,293713,5,,,1,32,,293714,5,,,1,70,,293715,5,,,1,30,,293716,5,,,1,70,,293717,5,,,1,30,,293718,5,,,1
90601,'906-Weekday-1-26-09-1111100',618,,293929,5,,,1,30,,293930,5,,,1,70,,293931,5,,,1,30,,293932,5,,,1,70,,293933,5,,,1,30,,293934,5,,,1,670,,293935,5,,,1,30,,293936,5,,,1,70,,293937,5,,,1,30,,293938,5,,,1,70,,293939,5,,,1,30,,293940,5,,,1
90601,'906-Weekday-3-26-09-1111100',618,,293953,5,,,1,30,,293954,5,,,1,70,,293955,5,,,1,30,,293956,5,,,1,70,,293957,5,,,1,30,,293958,5,,,1,670,,293959,5,,,1,30,,293960,5,,,1,70,,293961,5,,,1,30,,293962,5,,,1,70,,293963,5,,,1,30,,293964,5,,,1
90601,'906-Weekday-4-26-09-1111100',618,,293965,5,,,1,30,,293966,5,,,1,70,,293967,5,,,1,30,,293968,5,,,1,70,,293969,5,,,1,30,,293970,5,,,1,670,,293971,5,,,1,30,,293972,5,,,1,70,,293973,5,,,1,30,,293974,5,,,1,70,,293975,5,,,1,30,,293976,5,,,1
90601,'906-Weekday-5-26-09-1111100',618,,293977,5,,,1,30,,293978,5,,,1,70,,293979,5,,,1,30,,293980,5,,,1,70,,293981,5,,,1,30,,293982,5,,,1,670,,293983,5,,,1,30,,293984,5,,,1,70,,293985,5,,,1,30,,293986,5,,,1,70,,293987,5,,,1,30,,293988,5,,,1
90601,'906-Weekday-6-26-09-1111100',618,,293989,5,,,1,30,,293990,5,,,1,70,,293991,5,,,1,30,,293992,5,,,1,70,,293993,5,,,1,30,,293994,5,,,1,670,,293995,5,,,1,30,,293996,5,,,1,70,,293997,5,,,1,30,,293998,5,,,1,70,,293999,5,,,1,30,,294000,5,,,1
90601,'906-Weekday-7-26-09-1111100',618,,294001,5,,,1,30,,294002,5,,,1,70,,294003,5,,,1,30,,294004,5,,,1,70,,294005,5,,,1,30,,294006,5,,,1,670,,294007,5,,,1,30,,294008,5,,,1,70,,294009,5,,,1,30,,294010,5,,,1,70,,294011,5,,,1,30,,294012,5,,,1
