67301,'673-Weekday-1-26-09-0001000',1426,,273995,4,,,1,1,,273996,4,,,1
67301,'673-Weekday-1-26-09-1110100',1520,,273997,4,,,1,1,,273998,4,,,1
67301,'673-Weekday-7-26-09-1110100',1520,,274001,4,,,1,1,,274002,4,,,1
67401,'674-Weekday-1-26-09-0001000',1153,,274006,2,,,1,5,,274007,2,0,44 7 42,1
67401,'674-Weekday-1-26-09-1110100',1522,,274008,2,0,44 7 42,1,1,,274009,2,,,1
67401,'674-Weekday-4-26-09-1110100',1522,,274010,2,0,44 7 42,1,1,,274011,2,,,1
67401,'674-Weekday-7-26-09-1110100',1522,,274012,2,0,44 7 42,1,1,,274013,2,,,1
90401,'904-Weekday-1-26-09-1111100',557,,293296,41,,,1,71,,293308,41,,,1,76,,293312,41,,,1,20,,293309,41,,,1,20,,293311,41,,,1,60,,293310,41,,,1,20,,293317,41,,,1,20,,293316,41,,,1,63,,293315,41,,,1,29,,293314,41,,,1,70,,293302,41,,,1,30,,293298,41,,,1,70,,293307,41,,,1,30,,293306,41,,,1,70,,293305,41,,,1,30,,293297,41,,,1,70,,293303,41,,,1,30,,293304,41,,,1,70,,293299,41,,,1,30,,293300,41,,,1,67,,293301,41,,,1,25,,293318,41,,,1,22,,293319,41,,,1,9,,293313,41,,,1,51,,293320,41,,,1,20,,293321,41,,,1,20,,293322,41,,,1,60,,293323,41,,,1,20,,293324,41,,,1,13,,293325,41,,,1,70,,293326,41,,,1,28,,293327,41,,,1,64,,293328,41,,,1,31,,293329,41,,,1,70,,293330,41,,,1,30,,293331,41,,,1,70,,293332,41,,,1,30,,293333,41,,,1,69,,293334,41,,,1,98,,293335,41,,,1
90401,'904-Weekday-3-26-09-1111100',557,,293376,41,,,1,71,,293388,41,,,1,76,,293392,41,,,1,20,,293389,41,,,1,20,,293391,41,,,1,60,,293390,41,,,1,20,,293396,41,,,1,20,,293395,41,,,1,63,,293394,41,,,1,29,,293393,41,,,1,70,,293382,41,,,1,30,,293378,41,,,1,70,,293387,41,,,1,30,,293386,41,,,1,70,,293385,41,,,1,30,,293377,41,,,1,70,,293383,41,,,1,30,,293384,41,,,1,70,,293379,41,,,1,30,,293380,41,,,1,67,,293381,41,,,1,25,,293397,41,,,1,22,,293398,41,,,1,60,,293399,41,,,1,20,,293400,41,,,1,20,,293401,41,,,1,60,,293402,41,,,1,20,,293403,41,,,1,13,,293404,41,,,1,70,,293405,41,,,1,28,,293406,41,,,1,64,,293407,41,,,1,31,,293408,41,,,1,70,,293409,41,,,1,30,,293410,41,,,1,70,,293411,41,,,1,30,,293412,41,,,1,69,,293413,41,,,1,98,,293414,41,,,1
90401,'904-Weekday-4-26-09-1111100',557,,293415,41,,,1,71,,293427,41,,,1,76,,293431,41,,,1,20,,293428,41,,,1,20,,293430,41,,,1,60,,293429,41,,,1,20,,293435,41,,,1,20,,293434,41,,,1,63,,293433,41,,,1,29,,293432,41,,,1,70,,293421,41,,,1,30,,293417,41,,,1,70,,293426,41,,,1,30,,293425,41,,,1,70,,293424,41,,,1,30,,293416,41,,,1,70,,293422,41,,,1,30,,293423,41,,,1,70,,293418,41,,,1,30,,293419,41,,,1,67,,293420,41,,,1,25,,293436,41,,,1,22,,293437,41,,,1,60,,293438,41,,,1,20,,293439,41,,,1,20,,293440,41,,,1,60,,293441,41,,,1,20,,293442,41,,,1,13,,293443,41,,,1,70,,293444,41,,,1,28,,293445,41,,,1,64,,293446,41,,,1,31,,293447,41,,,1,70,,293448,41,,,1,30,,293449,41,,,1,70,,293450,41,,,1,30,,293451,41,,,1,69,,293452,41,,,1,98,,293453,41,,,1
90401,'904-Weekday-5-26-09-1111100',557,,293454,41,,,1,71,,293466,41,,,1,76,,293470,41,,,1,20,,293467,41,,,1,20,,293469,41,,,1,60,,293468,41,,,1,20,,293474,41,,,1,20,,293473,41,,,1,63,,293472,41,,,1,29,,293471,41,,,1,70,,293460,41,,,1,30,,293456,41,,,1,70,,293465,41,,,1,30,,293464,41,,,1,70,,293463,41,,,1,30,,293455,41,,,1,70,,293461,41,,,1,30,,293462,41,,,1,70,,293457,41,,,1,30,,293458,41,,,1,67,,293459,41,,,1,25,,293475,41,,,1,22,,293476,41,,,1,60,,293477,41,,,1,20,,293478,41,,,1,20,,293479,41,,,1,60,,293480,41,,,1,20,,293481,41,,,1,13,,293482,41,,,1,70,,293483,41,,,1,28,,293484,41,,,1,64,,293485,41,,,1,31,,293486,41,,,1,70,,293487,41,,,1,30,,293488,41,,,1,70,,293489,41,,,1,30,,293490,41,,,1,69,,293491,41,,,1,98,,293492,41,,,1
90401,'904-Weekday-6-26-09-1111100',557,,293493,41,,,1,71,,293505,41,,,1,76,,293509,41,,,1,20,,293506,41,,,1,20,,293508,41,,,1,60,,293507,41,,,1,20,,293514,41,,,1,20,,293513,41,,,1,63,,293512,41,,,1,29,,293511,41,,,1,70,,293499,41,,,1,30,,293495,41,,,1,70,,293504,41,,,1,30,,293503,41,,,1,70,,293502,41,,,1,30,,293494,41,,,1,70,,293500,41,,,1,30,,293501,41,,,1,70,,293496,41,,,1,30,,293497,41,,,1,67,,293498,41,,,1,25,,293515,41,,,1,22,,293516,41,,,1,9,,293510,41,,,1,51,,293517,41,,,1,20,,293518,41,,,1,20,,293519,41,,,1,60,,293520,41,,,1,20,,293521,41,,,1,13,,293522,41,,,1,70,,293523,41,,,1,28,,293524,41,,,1,64,,293525,41,,,1,31,,293526,41,,,1,70,,293527,41,,,1,30,,293528,41,,,1,70,,293529,41,,,1,30,,293530,41,,,1,69,,293531,41,,,1,98,,293532,41,,,1
90401,'904-Weekday-7-26-09-1111100',557,,293533,41,,,1,71,,293545,41,,,1,76,,293549,41,,,1,20,,293546,41,,,1,20,,293548,41,,,1,60,,293547,41,,,1,20,,293553,41,,,1,20,,293552,41,,,1,63,,293551,41,,,1,29,,293550,41,,,1,70,,293539,41,,,1,30,,293535,41,,,1,70,,293544,41,,,1,30,,293543,41,,,1,70,,293542,41,,,1,30,,293534,41,,,1,70,,293540,41,,,1,30,,293541,41,,,1,70,,293536,41,,,1,30,,293537,41,,,1,67,,293538,41,,,1,25,,293554,41,,,1,22,,293555,41,,,1,60,,293556,41,,,1,20,,293557,41,,,1,20,,293558,41,,,1,60,,293559,41,,,1,20,,293560,41,,,1,13,,293561,41,,,1,70,,293562,41,,,1,28,,293563,41,,,1,64,,293564,41,,,1,31,,293565,41,,,1,70,,293566,41,,,1,30,,293567,41,,,1,70,,293568,41,,,1,30,,293569,41,,,1,69,,293570,41,,,1,98,,293571,41,,,1
90401,'904-Saturday-1-26-09-0000010',722,,293572,41,,,1,100,,293573,41,,,1,27,,293574,41,,,1,70,,293575,41,,,1,29,,293576,41,,,1,70,,293577,41,,,1,30,,293578,41,,,1,70,,293579,41,,,1,30,,293580,41,,,1,70,,293581,41,,,1,30,,293582,41,,,1,70,,293583,41,,,1,30,,293584,41,,,1,70,,293585,41,,,1,30,,293586,41,,,1,70,,293587,41,,,1,30,,293588,41,,,1,70,,293589,41,,,1,30,,293590,41,,,1,68,,293591,41,,,1,30,,293592,41,,,1,70,,293593,41,,,1,30,,293594,41,,,1,70,,293595,41,,,1,30,,293596,41,,,1,100,,293597,41,,,1,100,,293598,41,,,1
90401,'904-Sunday-1-26-09-0000001',749,,293599,41,,,1,100,,293600,41,,,1,99,,293601,41,,,1,70,,293602,41,,,1,30,,293603,41,,,1,70,,293604,41,,,1,30,,293605,41,,,1,70,,293606,41,,,1,30,,293607,41,,,1,70,,293608,41,,,1,30,,293609,41,,,1,70,,293610,41,,,1,30,,293611,41,,,1,70,,293612,41,,,1,30,,293613,41,,,1,70,,293614,41,,,1,30,,293615,41,,,1,69,,293616,41,,,1,29,,293617,41,,,1,70,,293618,41,,,1,30,,293619,41,,,1,70,,293620,41,,,1
