50400,'504-Weekday-1-26-06-1111100',545,,174202,22,,,1,70,,174203,22,,,1,32,,174204,22,,,1,70,,174205,22,,,1,30,,174206,22,,,1,70,,174207,22,,,1,30,,174208,22,,,1,102,,174209,22,,,1,100,,174210,22,,,1,100,,174211,22,,,1,100,,174212,22,,,1,100,,174213,22,,,1,100,,174214,22,,,1,85,,174215,22,,,1,70,,174216,22,,,1,31,,174217,22,,,1,70,,174218,22,,,1,30,,174219,22,,,1,98,,174220,22,,,1,96,,174221,22,,,1,100,,174222,22,,,1,100,,174223,22,,,1
50400,'504-Weekday-2-26-06-1111100',545,,195089,22,,,1,70,,195090,22,,,1,32,,195091,22,,,1,70,,195092,22,,,1,30,,195093,22,,,1,70,,195094,22,,,1,30,,195095,22,,,1,102,,195096,22,,,1,100,,195097,22,,,1,100,,195098,22,,,1,100,,195099,22,,,1,100,,195100,22,,,1,100,,195101,22,,,1,85,,195102,22,,,1,70,,195103,22,,,1,31,,195104,22,,,1,70,,195105,22,,,1,30,,195106,22,,,1,98,,195107,22,,,1,96,,195108,22,,,1,100,,195109,22,,,1,100,,195110,22,,,1
50400,'504-Saturday-1-26-06-0000010',757,,174224,22,,,1,100,,174225,22,,,1,100,,174226,22,,,1,100,,174227,22,,,1,100,,174228,22,,,1,100,,174229,22,,,1,100,,174230,22,,,1,100,,174231,22,,,1,100,,174232,22,,,1,100,,174233,22,,,1,100,,174234,22,,,1,100,,174235,22,,,1,100,,174236,22,,,1
50400,'504-Saturday-2-26-06-0000010',757,,214422,22,,,1,100,,214423,22,,,1,100,,214424,22,,,1,100,,214425,22,,,1,100,,214426,22,,,1,100,,214427,22,,,1,100,,214428,22,,,1,100,,214429,22,,,1,100,,214430,22,,,1,100,,214431,22,,,1,100,,214432,22,,,1,100,,214433,22,,,1,100,,214434,22,,,1
50400,'504-Sunday-2-26-06-0000001',754,,195111,22,,,1,99,,195112,22,,,1,99,,195113,22,,,1,100,,195114,22,,,1,100,,195115,22,,,1,100,,195116,22,,,1,100,,195117,22,,,1,100,,195118,22,,,1,100,,195119,22,,,1,101,,195120,22,,,1,101,,195121,22,,,1,100,,195122,22,,,1
50400,'504-Sunday-3-26-06-0000001',754,,214435,22,,,1,99,,214436,22,,,1,99,,214437,22,,,1,100,,214438,22,,,1,100,,214439,22,,,1,100,,214440,22,,,1,100,,214441,22,,,1,100,,214442,22,,,1,100,,214443,22,,,1,101,,214444,22,,,1,101,,214445,22,,,1,100,,214446,22,,,1
50400,'504-Sunday-6-26-06-0000001',754,,214447,22,,,1,99,,214448,22,,,1,99,,214449,22,,,1,100,,214450,22,,,1,100,,214451,22,,,1,100,,214452,22,,,1,100,,214453,22,,,1,100,,214454,22,,,1,100,,214455,22,,,1,101,,214456,22,,,1,101,,214457,22,,,1,100,,214458,22,,,1
50400,'504-Sunday-7-26-06-0000001',754,,214459,22,,,1,99,,214460,22,,,1,99,,214461,22,,,1,100,,214462,22,,,1,100,,214463,22,,,1,100,,214464,22,,,1,100,,214465,22,,,1,100,,214466,22,,,1,100,,214467,22,,,1,101,,214468,22,,,1,101,,214469,22,,,1,100,,214470,22,,,1
50401,'504-Weekday-1-26-06-1111100',535,,174249,7,,,1,70,,174250,7,,,1,31,,174251,7,,,1,70,,174252,7,,,1,30,,174253,7,,,1,70,,174254,7,,,1,30,,174255,7,,,1,69,,174256,7,,,1,100,,174257,7,,,1,100,,174258,7,,,1,100,,174259,7,,,1,100,,174260,7,,,1,100,,174261,7,,,1,45,,174262,7,,,1,71,,174263,7,,,1,32,,174264,7,,,1,70,,174265,7,,,1,30,,174266,7,,,1,100,,174267,7,,,1,99,,174268,7,,,1,100,,174269,7,,,1,100,,174270,7,,,1,100,,174271,7,,,1
50401,'504-Weekday-2-26-06-1111100',535,,195123,7,,,1,70,,195124,7,,,1,31,,195125,7,,,1,70,,195126,7,,,1,30,,195127,7,,,1,70,,195128,7,,,1,30,,195129,7,,,1,69,,195130,7,,,1,100,,195131,7,,,1,100,,195132,7,,,1,100,,195133,7,,,1,100,,195134,7,,,1,100,,195135,7,,,1,45,,195136,7,,,1,71,,195137,7,,,1,32,,195138,7,,,1,70,,195139,7,,,1,30,,195140,7,,,1,100,,195141,7,,,1,99,,195142,7,,,1,100,,195143,7,,,1,100,,195144,7,,,1,100,,195145,7,,,1
50401,'504-Saturday-1-26-06-0000010',718,,174272,7,,,1,100,,174273,7,,,1,100,,174274,7,,,1,100,,174275,7,,,1,100,,174276,7,,,1,100,,174277,7,,,1,100,,174278,7,,,1,100,,174279,7,,,1,100,,174280,7,,,1,100,,174281,7,,,1,100,,174282,7,,,1,100,,174283,7,,,1,100,,174284,7,,,1
50401,'504-Saturday-2-26-06-0000010',718,,214471,7,,,1,100,,214472,7,,,1,100,,214473,7,,,1,100,,214474,7,,,1,100,,214475,7,,,1,100,,214476,7,,,1,100,,214477,7,,,1,100,,214478,7,,,1,100,,214479,7,,,1,100,,214480,7,,,1,100,,214481,7,,,1,100,,214482,7,,,1,100,,214483,7,,,1
50401,'504-Sunday-2-26-06-0000001',814,,195146,7,,,1,100,,195147,7,,,1,100,,195148,7,,,1,100,,195149,7,,,1,100,,195150,7,,,1,100,,195151,7,,,1,100,,195152,7,,,1,100,,195153,7,,,1,100,,195154,7,,,1,100,,195155,7,,,1,100,,195156,7,,,1,100,,195157,7,,,1
50401,'504-Sunday-3-26-06-0000001',814,,214484,7,,,1,100,,214485,7,,,1,100,,214486,7,,,1,100,,214487,7,,,1,100,,214488,7,,,1,100,,214489,7,,,1,100,,214490,7,,,1,100,,214491,7,,,1,100,,214492,7,,,1,100,,214493,7,,,1,100,,214494,7,,,1,100,,214495,7,,,1
50401,'504-Sunday-6-26-06-0000001',814,,214496,7,,,1,100,,214497,7,,,1,100,,214498,7,,,1,100,,214499,7,,,1,100,,214500,7,,,1,100,,214501,7,,,1,100,,214502,7,,,1,100,,214503,7,,,1,100,,214504,7,,,1,100,,214505,7,,,1,100,,214506,7,,,1,100,,214507,7,,,1
50401,'504-Sunday-7-26-06-0000001',814,,214508,7,,,1,100,,214509,7,,,1,100,,214510,7,,,1,100,,214511,7,,,1,100,,214512,7,,,1,100,,214513,7,,,1,100,,214514,7,,,1,100,,214515,7,,,1,100,,214516,7,,,1,100,,214517,7,,,1,100,,214518,7,,,1,100,,214519,7,,,1
