5601,'056-Weekday-1-26-06-1111100',529,,168374,39,,,1,30,,168375,39,,,1,55,,168376,39,,,1,15,,168377,39,,,1,18,,168378,39,,,1,57,,168379,39,,,1,8,,168446,39,0,11,1,8,,168380,39,,,1,7,,168445,39,0,11,1,8,,168381,39,,,1,7,,168444,39,0,11,1,8,,168373,39,,,1,7,,168382,39,0,11,1,48,,168383,39,,,1,7,,168384,39,0,11,1,8,,168385,39,,,1,7,,168386,39,0,11,1,8,,168387,39,,,1,7,,168388,39,0,11,1,8,,168389,39,,,1,7,,168390,39,0,11,1,48,,168391,39,,,1,7,,168392,39,0,11,1,9,,168393,39,,,1,15,,168394,39,,,1,15,,168395,39,,,1,55,,168396,39,,,1,15,,168397,39,,,1,15,,168398,39,,,1,15,,168399,39,,,1,55,,168400,39,,,1,15,,168401,39,,,1,15,,168402,39,,,1,15,,168403,39,,,1,55,,168404,39,,,1,15,,168405,39,,,1,15,,168406,39,,,1,15,,168407,39,,,1,55,,168408,39,,,1,15,,168409,39,,,1,15,,168410,39,,,1,15,,168411,39,,,1,55,,168412,39,,,1,15,,168413,39,,,1,15,,168414,39,,,1,15,,168415,39,,,1,56,,168416,39,,,1,17,,168417,39,,,1,14,,168418,39,,,1,13,,168419,39,,,1,52,,168420,39,,,1,12,,168421,39,,,1,12,,168422,39,,,1,12,,168423,39,,,1,12,,168424,39,,,1,52,,168425,39,,,1,12,,168426,39,,,1,12,,168427,39,,,1,12,,168428,39,,,1,12,,168429,39,,,1,52,,168430,39,,,1,12,,168431,39,,,1,12,,168432,39,,,1,25,,168433,39,,,1,68,,168434,39,,,1,30,,168435,39,,,1,70,,168436,39,,,1,30,,168437,39,,,1,70,,168438,39,,,1,30,,168439,39,,,1,66,,168440,39,,,1,31,,168441,39,,,1,100,,168442,39,,,1,100,,168443,39,,,1
5601,'056-Weekday-4-26-06-1111100',529,,192303,39,,,1,30,,192304,39,,,1,55,,192305,39,,,1,15,,192306,39,,,1,18,,192307,39,,,1,57,,192308,39,,,1,8,,192375,39,0,11,1,8,,192309,39,,,1,7,,192374,39,0,11,1,8,,192310,39,,,1,7,,192373,39,0,11,1,8,,192302,39,,,1,7,,192311,39,0,11,1,48,,192312,39,,,1,7,,192313,39,0,11,1,8,,192314,39,,,1,7,,192315,39,0,11,1,8,,192316,39,,,1,7,,192317,39,0,11,1,8,,192318,39,,,1,7,,192319,39,0,11,1,48,,192320,39,,,1,7,,192321,39,0,11,1,9,,192322,39,,,1,15,,192323,39,,,1,15,,192324,39,,,1,55,,192325,39,,,1,15,,192326,39,,,1,15,,192327,39,,,1,15,,192328,39,,,1,55,,192329,39,,,1,15,,192330,39,,,1,15,,192331,39,,,1,15,,192332,39,,,1,55,,192333,39,,,1,15,,192334,39,,,1,15,,192335,39,,,1,15,,192336,39,,,1,55,,192337,39,,,1,15,,192338,39,,,1,15,,192339,39,,,1,15,,192340,39,,,1,55,,192341,39,,,1,15,,192342,39,,,1,15,,192343,39,,,1,15,,192344,39,,,1,56,,192345,39,,,1,17,,192346,39,,,1,14,,192347,39,,,1,13,,192348,39,,,1,52,,192349,39,,,1,12,,192350,39,,,1,12,,192351,39,,,1,12,,192352,39,,,1,12,,192353,39,,,1,52,,192354,39,,,1,12,,192355,39,,,1,12,,192356,39,,,1,12,,192357,39,,,1,12,,192358,39,,,1,52,,192359,39,,,1,12,,192360,39,,,1,12,,192361,39,,,1,25,,192362,39,,,1,68,,192363,39,,,1,30,,192364,39,,,1,70,,192365,39,,,1,30,,192366,39,,,1,70,,192367,39,,,1,30,,192368,39,,,1,66,,192369,39,,,1,31,,192370,39,,,1,100,,192371,39,,,1,100,,192372,39,,,1
5601,'056-Saturday-1-26-06-0000010',551,,168567,39,,,1,70,,168522,39,,,1,30,,168568,39,,,1,70,,168523,39,,,1,30,,168569,39,,,1,70,,168524,39,,,1,15,,168525,39,,,1,15,,168570,39,,,1,57,,168526,39,,,1,19,,168527,39,,,1,17,,168528,39,,,1,15,,168571,39,,,1,55,,168529,39,,,1,15,,168530,39,,,1,15,,168531,39,,,1,15,,168572,39,,,1,55,,168532,39,,,1,15,,168533,39,,,1,15,,168534,39,,,1,15,,168573,39,,,1,55,,168535,39,,,1,15,,168536,39,,,1,15,,168537,39,,,1,15,,168574,39,,,1,55,,168538,39,,,1,15,,168539,39,,,1,15,,168540,39,,,1,15,,168575,39,,,1,55,,168541,39,,,1,15,,168542,39,,,1,15,,168543,39,,,1,15,,168576,39,,,1,55,,168544,39,,,1,15,,168545,39,,,1,15,,168546,39,,,1,15,,168577,39,,,1,55,,168555,39,,,1,15,,168556,39,,,1,15,,168557,39,,,1,15,,168578,39,,,1,53,,168558,39,,,1,12,,168559,39,,,1,14,,168560,39,,,1,15,,168579,39,,,1,55,,168561,39,,,1,15,,168562,39,,,1,15,,168563,39,,,1,15,,168580,39,,,1,55,,168564,39,,,1,15,,168565,39,,,1,20,,168566,39,,,1,60,,168552,39,,,1,20,,168547,39,,,1,20,,168581,39,,,1,60,,168553,39,,,1,20,,168548,39,,,1,20,,168582,39,,,1,60,,168554,39,,,1,20,,168549,39,,,1,20,,168583,39,,,1,70,,168584,39,,,1,30,,168550,39,,,1,70,,168585,39,,,1,30,,168551,39,,,1
5601,'056-Saturday-2-26-06-0000010',551,,209730,39,,,1,70,,209685,39,,,1,30,,209731,39,,,1,70,,209686,39,,,1,30,,209732,39,,,1,70,,209687,39,,,1,15,,209688,39,,,1,15,,209733,39,,,1,57,,209689,39,,,1,19,,209690,39,,,1,17,,209691,39,,,1,15,,209734,39,,,1,55,,209692,39,,,1,15,,209693,39,,,1,15,,209694,39,,,1,15,,209735,39,,,1,55,,209695,39,,,1,15,,209696,39,,,1,15,,209697,39,,,1,15,,209736,39,,,1,55,,209698,39,,,1,15,,209699,39,,,1,15,,209700,39,,,1,15,,209737,39,,,1,55,,209701,39,,,1,15,,209702,39,,,1,15,,209703,39,,,1,15,,209738,39,,,1,55,,209704,39,,,1,15,,209705,39,,,1,15,,209706,39,,,1,15,,209739,39,,,1,55,,209707,39,,,1,15,,209708,39,,,1,15,,209709,39,,,1,15,,209740,39,,,1,55,,209718,39,,,1,15,,209719,39,,,1,15,,209720,39,,,1,15,,209741,39,,,1,53,,209721,39,,,1,12,,209722,39,,,1,14,,209723,39,,,1,15,,209742,39,,,1,55,,209724,39,,,1,15,,209725,39,,,1,15,,209726,39,,,1,15,,209743,39,,,1,55,,209727,39,,,1,15,,209728,39,,,1,20,,209729,39,,,1,60,,209715,39,,,1,20,,209710,39,,,1,20,,209744,39,,,1,60,,209716,39,,,1,20,,209711,39,,,1,20,,209745,39,,,1,60,,209717,39,,,1,20,,209712,39,,,1,20,,209746,39,,,1,70,,209747,39,,,1,30,,209713,39,,,1,70,,209748,39,,,1,30,,209714,39,,,1
5601,'056-Sunday-2-26-06-0000001',602,,192409,39,,,1,30,,192376,39,,,1,70,,192410,39,,,1,30,,192377,39,,,1,70,,192411,39,,,1,30,,192378,39,,,1,20,,192407,39,,,1,63,,192412,39,,,1,23,,192379,39,,,1,20,,192408,39,,,1,60,,192413,39,,,1,20,,192380,39,,,1,20,,192381,39,,,1,60,,192414,39,,,1,20,,192382,39,,,1,20,,192383,39,,,1,60,,192415,39,,,1,20,,192384,39,,,1,20,,192385,39,,,1,60,,192416,39,,,1,20,,192386,39,,,1,20,,192387,39,,,1,60,,192417,39,,,1,20,,192388,39,,,1,20,,192389,39,,,1,60,,192418,39,,,1,20,,192390,39,,,1,20,,192391,39,,,1,60,,192419,39,,,1,20,,192392,39,,,1,20,,192393,39,,,1,57,,192420,39,,,1,17,,192394,39,,,1,20,,192395,39,,,1,60,,192421,39,,,1,20,,192396,39,,,1,20,,192397,39,,,1,60,,192422,39,,,1,20,,192398,39,,,1,20,,192404,39,,,1,60,,192423,39,,,1,20,,192399,39,,,1,20,,192405,39,,,1,60,,192424,39,,,1,20,,192400,39,,,1,20,,192406,39,,,1,60,,192425,39,,,1,20,,192401,39,,,1,70,,192426,39,,,1,30,,192402,39,,,1,70,,192427,39,,,1,30,,192403,39,,,1
5601,'056-Sunday-3-26-06-0000001',602,,209782,39,,,1,30,,209749,39,,,1,70,,209783,39,,,1,30,,209750,39,,,1,70,,209784,39,,,1,30,,209751,39,,,1,20,,209780,39,,,1,63,,209785,39,,,1,23,,209752,39,,,1,20,,209781,39,,,1,60,,209786,39,,,1,20,,209753,39,,,1,20,,209754,39,,,1,60,,209787,39,,,1,20,,209755,39,,,1,20,,209756,39,,,1,60,,209788,39,,,1,20,,209757,39,,,1,20,,209758,39,,,1,60,,209789,39,,,1,20,,209759,39,,,1,20,,209760,39,,,1,60,,209790,39,,,1,20,,209761,39,,,1,20,,209762,39,,,1,60,,209791,39,,,1,20,,209763,39,,,1,20,,209764,39,,,1,60,,209792,39,,,1,20,,209765,39,,,1,20,,209766,39,,,1,57,,209793,39,,,1,17,,209767,39,,,1,20,,209768,39,,,1,60,,209794,39,,,1,20,,209769,39,,,1,20,,209770,39,,,1,60,,209795,39,,,1,20,,209771,39,,,1,20,,209777,39,,,1,60,,209796,39,,,1,20,,209772,39,,,1,20,,209778,39,,,1,60,,209797,39,,,1,20,,209773,39,,,1,20,,209779,39,,,1,60,,209798,39,,,1,20,,209774,39,,,1,70,,209799,39,,,1,30,,209775,39,,,1,70,,209800,39,,,1,30,,209776,39,,,1
5601,'056-Sunday-6-26-06-0000001',602,,209834,39,,,1,30,,209801,39,,,1,70,,209835,39,,,1,30,,209802,39,,,1,70,,209836,39,,,1,30,,209803,39,,,1,20,,209832,39,,,1,63,,209837,39,,,1,23,,209804,39,,,1,20,,209833,39,,,1,60,,209838,39,,,1,20,,209805,39,,,1,20,,209806,39,,,1,60,,209839,39,,,1,20,,209807,39,,,1,20,,209808,39,,,1,60,,209840,39,,,1,20,,209809,39,,,1,20,,209810,39,,,1,60,,209841,39,,,1,20,,209811,39,,,1,20,,209812,39,,,1,60,,209842,39,,,1,20,,209813,39,,,1,20,,209814,39,,,1,60,,209843,39,,,1,20,,209815,39,,,1,20,,209816,39,,,1,60,,209844,39,,,1,20,,209817,39,,,1,20,,209818,39,,,1,57,,209845,39,,,1,17,,209819,39,,,1,20,,209820,39,,,1,60,,209846,39,,,1,20,,209821,39,,,1,20,,209822,39,,,1,60,,209847,39,,,1,20,,209823,39,,,1,20,,209829,39,,,1,60,,209848,39,,,1,20,,209824,39,,,1,20,,209830,39,,,1,60,,209849,39,,,1,20,,209825,39,,,1,20,,209831,39,,,1,60,,209850,39,,,1,20,,209826,39,,,1,70,,209851,39,,,1,30,,209827,39,,,1,70,,209852,39,,,1,30,,209828,39,,,1
5601,'056-Sunday-7-26-06-0000001',602,,209886,39,,,1,30,,209853,39,,,1,70,,209887,39,,,1,30,,209854,39,,,1,70,,209888,39,,,1,30,,209855,39,,,1,20,,209884,39,,,1,63,,209889,39,,,1,23,,209856,39,,,1,20,,209885,39,,,1,60,,209890,39,,,1,20,,209857,39,,,1,20,,209858,39,,,1,60,,209891,39,,,1,20,,209859,39,,,1,20,,209860,39,,,1,60,,209892,39,,,1,20,,209861,39,,,1,20,,209862,39,,,1,60,,209893,39,,,1,20,,209863,39,,,1,20,,209864,39,,,1,60,,209894,39,,,1,20,,209865,39,,,1,20,,209866,39,,,1,60,,209895,39,,,1,20,,209867,39,,,1,20,,209868,39,,,1,60,,209896,39,,,1,20,,209869,39,,,1,20,,209870,39,,,1,57,,209897,39,,,1,17,,209871,39,,,1,20,,209872,39,,,1,60,,209898,39,,,1,20,,209873,39,,,1,20,,209874,39,,,1,60,,209899,39,,,1,20,,209875,39,,,1,20,,209881,39,,,1,60,,209900,39,,,1,20,,209876,39,,,1,20,,209882,39,,,1,60,,209901,39,,,1,20,,209877,39,,,1,20,,209883,39,,,1,60,,209902,39,,,1,20,,209878,39,,,1,70,,209903,39,,,1,30,,209879,39,,,1,70,,209904,39,,,1,30,,209880,39,,,1
70601,'706-Weekday-1-26-06-1111100',602,,178904,22,,,1,28,,178905,22,,,1,72,,178906,22,,,1,30,,178907,22,,,1,70,,178908,22,,,1,30,,178909,22,,,1,68,,178910,22,,,1,27,,178911,22,,,1,30,,178912,22,,,1,70,,178913,22,,,1,30,,178914,22,,,1,70,,178915,22,,,1,30,,178916,22,,,1,70,,178917,22,,,1,30,,178918,22,,,1,70,,178919,22,,,1,30,,178920,22,,,1,70,,178921,22,,,1,30,,178922,22,,,1,72,,178923,22,,,1,20,,178924,22,,,1,60,,178925,22,,,1,20,,178926,22,,,1,20,,178927,22,,,1,60,,178928,22,,,1,20,,178929,22,,,1,20,,178930,22,,,1,60,,178931,22,,,1,20,,178932,22,,,1,27,,178933,22,,,1,70,,178934,22,,,1,30,,178935,22,,,1,70,,178936,22,,,1,30,,178937,22,,,1,70,,178938,22,,,1,30,,178939,22,,,1,70,,178940,22,,,1
70601,'706-Weekday-2-26-06-1111100',602,,197968,22,,,1,28,,197969,22,,,1,72,,197970,22,,,1,30,,197971,22,,,1,70,,197972,22,,,1,30,,197973,22,,,1,68,,197974,22,,,1,27,,197975,22,,,1,30,,197976,22,,,1,70,,197977,22,,,1,30,,197978,22,,,1,70,,197979,22,,,1,30,,197980,22,,,1,70,,197981,22,,,1,30,,197982,22,,,1,70,,197983,22,,,1,30,,197984,22,,,1,70,,197985,22,,,1,30,,197986,22,,,1,72,,197987,22,,,1,20,,197988,22,,,1,60,,197989,22,,,1,20,,197990,22,,,1,20,,197991,22,,,1,60,,197992,22,,,1,20,,197993,22,,,1,20,,197994,22,,,1,60,,197995,22,,,1,20,,197996,22,,,1,27,,197997,22,,,1,70,,197998,22,,,1,30,,197999,22,,,1,70,,198000,22,,,1,30,,198001,22,,,1,70,,198002,22,,,1,30,,198003,22,,,1,70,,198004,22,,,1
70601,'706-Saturday-1-26-06-0000010',703,,178941,22,,,1,100,,178942,22,,,1,30,,178943,22,,,1,70,,178944,22,,,1,31,,178945,22,,,1,70,,178946,22,,,1,30,,178947,22,,,1,70,,178948,22,,,1,30,,178949,22,,,1,70,,178950,22,,,1,30,,178951,22,,,1,70,,178952,22,,,1,30,,178953,22,,,1,70,,178954,22,,,1,30,,178955,22,,,1,70,,178956,22,,,1,30,,178957,22,,,1,70,,178958,22,,,1,30,,178959,22,,,1,70,,178960,22,,,1,30,,178961,22,,,1,70,,178962,22,,,1,30,,178963,22,,,1,70,,178964,22,,,1,30,,178965,22,,,1,70,,178966,22,,,1,100,,178967,22,,,1,100,,178968,22,,,1
70601,'706-Saturday-2-26-06-0000010',703,,218886,22,,,1,100,,218887,22,,,1,30,,218888,22,,,1,70,,218889,22,,,1,31,,218890,22,,,1,70,,218891,22,,,1,30,,218892,22,,,1,70,,218893,22,,,1,30,,218894,22,,,1,70,,218895,22,,,1,30,,218896,22,,,1,70,,218897,22,,,1,30,,218898,22,,,1,70,,218899,22,,,1,30,,218900,22,,,1,70,,218901,22,,,1,30,,218902,22,,,1,70,,218903,22,,,1,30,,218904,22,,,1,70,,218905,22,,,1,30,,218906,22,,,1,70,,218907,22,,,1,30,,218908,22,,,1,70,,218909,22,,,1,30,,218910,22,,,1,70,,218911,22,,,1,100,,218912,22,,,1,100,,218913,22,,,1
70601,'706-Sunday-3-26-06-0000001',707,,198005,22,,,1,100,,198006,22,,,1,100,,198007,22,,,1,101,,198008,22,,,1,30,,198009,22,,,1,70,,198010,22,,,1,30,,198012,22,,,1,70,,198013,22,,,1,30,,198014,22,,,1,70,,198011,22,,,1,30,,198015,22,,,1,70,,198016,22,,,1,30,,198017,22,,,1,70,,198018,22,,,1,30,,198019,22,,,1,70,,198020,22,,,1,30,,198021,22,,,1,70,,198022,22,,,1,29,,198024,22,,,1,70,,198025,22,,,1,30,,198026,22,,,1,70,,198023,22,,,1,100,,198027,22,,,1,100,,198028,22,,,1
70601,'706-Sunday-4-26-06-0000001',707,,218914,22,,,1,100,,218915,22,,,1,100,,218916,22,,,1,101,,218917,22,,,1,30,,218918,22,,,1,70,,218919,22,,,1,30,,218921,22,,,1,70,,218922,22,,,1,30,,218923,22,,,1,70,,218920,22,,,1,30,,218924,22,,,1,70,,218925,22,,,1,30,,218926,22,,,1,70,,218927,22,,,1,30,,218928,22,,,1,70,,218929,22,,,1,30,,218930,22,,,1,70,,218931,22,,,1,29,,218933,22,,,1,70,,218934,22,,,1,30,,218935,22,,,1,70,,218932,22,,,1,100,,218936,22,,,1,100,,218937,22,,,1
70601,'706-Sunday-7-26-06-0000001',707,,218938,22,,,1,100,,218939,22,,,1,100,,218940,22,,,1,101,,218941,22,,,1,30,,218942,22,,,1,70,,218943,22,,,1,30,,218945,22,,,1,70,,218946,22,,,1,30,,218947,22,,,1,70,,218944,22,,,1,30,,218948,22,,,1,70,,218949,22,,,1,30,,218950,22,,,1,70,,218951,22,,,1,30,,218952,22,,,1,70,,218953,22,,,1,30,,218954,22,,,1,70,,218955,22,,,1,29,,218957,22,,,1,70,,218958,22,,,1,30,,218959,22,,,1,70,,218956,22,,,1,100,,218960,22,,,1,100,,218961,22,,,1
70601,'706-Sunday-8-26-06-0000001',707,,218962,22,,,1,100,,218963,22,,,1,100,,218964,22,,,1,101,,218965,22,,,1,30,,218966,22,,,1,70,,218967,22,,,1,30,,218969,22,,,1,70,,218970,22,,,1,30,,218971,22,,,1,70,,218968,22,,,1,30,,218972,22,,,1,70,,218973,22,,,1,30,,218974,22,,,1,70,,218975,22,,,1,30,,218976,22,,,1,70,,218977,22,,,1,30,,218978,22,,,1,70,,218979,22,,,1,29,,218981,22,,,1,70,,218982,22,,,1,30,,218983,22,,,1,70,,218980,22,,,1,100,,218984,22,,,1,100,,218985,22,,,1
