65001,'650-Weekday-1-26-09-1111100',1528,,273682,23,,,1
65001,'650-Weekday-3-26-09-1111100',1528,,273683,23,,,1
65001,'650-Weekday-7-26-09-1111100',1528,,273684,23,,,1
72401,'724-Weekday-1-26-09-1111100',633,,288588,33,,,1,73,,288589,33,,,1,34,,288590,33,,,1,70,,288591,33,,,1,30,,288592,33,,,1,69,,288593,33,,,1,626,,288594,33,,,1,70,,288595,33,,,1,30,,288596,33,,,1,70,,288597,33,,,1,30,,288598,33,,,1,70,,288599,33,,,1,30,,288600,33,,,1
72401,'724-Weekday-2-26-09-1111100',633,,288601,33,,,1,73,,288602,33,,,1,34,,288603,33,,,1,70,,288604,33,,,1,30,,288605,33,,,1,69,,288606,33,,,1,626,,288607,33,,,1,70,,288608,33,,,1,30,,288609,33,,,1,70,,288610,33,,,1,30,,288611,33,,,1,70,,288612,33,,,1,30,,288613,33,,,1
72401,'724-Weekday-3-26-09-1111100',633,,288614,33,,,1,73,,288615,33,,,1,34,,288616,33,,,1,70,,288617,33,,,1,30,,288618,33,,,1,69,,288619,33,,,1,626,,288620,33,,,1,70,,288621,33,,,1,30,,288622,33,,,1,70,,288623,33,,,1,30,,288624,33,,,1,70,,288625,33,,,1,30,,288626,33,,,1
72401,'724-Weekday-4-26-09-1111100',633,,288627,33,,,1,73,,288628,33,,,1,34,,288629,33,,,1,70,,288630,33,,,1,30,,288631,33,,,1,69,,288632,33,,,1,626,,288633,33,,,1,70,,288634,33,,,1,30,,288635,33,,,1,70,,288636,33,,,1,30,,288637,33,,,1,70,,288638,33,,,1,30,,288639,33,,,1
72401,'724-Weekday-5-26-09-1111100',633,,288640,33,,,1,73,,288641,33,,,1,34,,288642,33,,,1,70,,288643,33,,,1,30,,288644,33,,,1,69,,288645,33,,,1,626,,288646,33,,,1,70,,288647,33,,,1,30,,288648,33,,,1,70,,288649,33,,,1,30,,288650,33,,,1,70,,288651,33,,,1,30,,288652,33,,,1
72401,'724-Weekday-6-26-09-1111100',633,,288653,33,,,1,73,,288654,33,,,1,34,,288655,33,,,1,70,,288656,33,,,1,30,,288657,33,,,1,69,,288658,33,,,1,626,,288659,33,,,1,70,,288660,33,,,1,30,,288661,33,,,1,70,,288662,33,,,1,30,,288663,33,,,1,70,,288664,33,,,1,30,,288665,33,,,1
72401,'724-Weekday-7-26-09-1111100',633,,288666,33,,,1,73,,288667,33,,,1,34,,288668,33,,,1,70,,288669,33,,,1,30,,288670,33,,,1,69,,288671,33,,,1,626,,288672,33,,,1,70,,288673,33,,,1,30,,288674,33,,,1,70,,288675,33,,,1,30,,288676,33,,,1,70,,288677,33,,,1,30,,288678,33,,,1
