400,'004-Weekday-1-26-06-1111100',503,,162095,22,,,1,15,,162096,22,,,1,15,,162097,22,,,1,15,,162098,22,,,1,55,,162131,22,,,1,15,,162132,22,,,1,16,,162133,22,,,1,19,,162169,22,,,1,54,,162170,22,,,1,12,,162140,22,,,1,12,,162168,22,,,1,12,,162167,22,,,1,12,,162166,22,,,1,52,,162165,22,,,1,12,,162187,22,,,1,12,,162186,22,,,1,12,,162188,22,,,1,12,,162155,22,,,1,51,,162141,22,,,1,11,,162190,22,,,1,12,,162142,22,,,1,12,,162130,22,,,1,12,,162099,22,,,1,52,,162100,22,,,1,12,,162101,22,,,1,12,,162102,22,,,1,12,,162103,22,,,1,12,,162104,22,,,1,52,,162105,22,,,1,12,,162106,22,,,1,12,,162107,22,,,1,12,,162108,22,,,1,12,,162109,22,,,1,52,,162110,22,,,1,12,,162134,22,,,1,12,,162135,22,,,1,12,,162136,22,,,1,12,,162137,22,,,1,52,,162138,22,,,1,12,,162139,22,,,1,12,,162158,22,,,1,12,,162159,22,,,1,12,,162160,22,,,1,52,,162161,22,,,1,12,,162162,22,,,1,12,,162163,22,,,1,12,,162164,22,,,1,9,,162171,22,,,1,50,,162172,22,,,1,10,,162173,22,,,1,10,,162174,22,,,1,10,,162175,22,,,1,10,,162176,22,,,1,10,,162177,22,,,1,50,,162178,22,,,1,10,,162179,22,,,1,10,,162180,22,,,1,10,,162181,22,,,1,10,,162182,22,,,1,10,,162183,22,,,1,50,,162184,22,,,1,10,,162185,22,,,1,10,,162143,22,,,1,10,,162144,22,,,1,10,,162156,22,,,1,11,,162157,22,,,1,52,,162145,22,,,1,15,,162129,22,,,1,14,,162146,22,,,1,13,,162147,22,,,1,11,,162148,22,,,1,55,,162149,22,,,1,15,,162150,22,,,1,15,,162151,22,,,1,15,,162152,22,,,1,55,,162153,22,,,1,15,,162111,22,,,1,15,,162154,22,,,1,15,,162112,22,,,1,55,,162113,22,,,1,15,,162114,22,,,1,15,,162115,22,,,1,15,,162116,22,,,1,51,,162117,22,,,1,14,,162118,22,,,1,19,,162119,22,,,1,60,,162120,22,,,1,20,,162121,22,,,1,20,,162122,22,,,1,60,,162189,22,,,1,19,,162123,22,,,1,27,,162124,22,,,1,70,,162125,22,,,1,30,,162126,22,,,1,70,,162127,22,,,1,30,,162128,22,,,1
400,'004-Weekday-2-26-06-1111100',503,,189427,22,,,1,15,,189428,22,,,1,15,,189429,22,,,1,15,,189430,22,,,1,55,,189463,22,,,1,15,,189464,22,,,1,16,,189465,22,,,1,19,,189501,22,,,1,54,,189502,22,,,1,12,,189472,22,,,1,12,,189500,22,,,1,12,,189499,22,,,1,12,,189498,22,,,1,52,,189497,22,,,1,12,,189519,22,,,1,12,,189518,22,,,1,12,,189520,22,,,1,12,,189487,22,,,1,51,,189473,22,,,1,11,,189522,22,,,1,12,,189474,22,,,1,12,,189462,22,,,1,12,,189431,22,,,1,52,,189432,22,,,1,12,,189433,22,,,1,12,,189434,22,,,1,12,,189435,22,,,1,12,,189436,22,,,1,52,,189437,22,,,1,12,,189438,22,,,1,12,,189439,22,,,1,12,,189440,22,,,1,12,,189441,22,,,1,52,,189442,22,,,1,12,,189466,22,,,1,12,,189467,22,,,1,12,,189468,22,,,1,12,,189469,22,,,1,52,,189470,22,,,1,12,,189471,22,,,1,12,,189490,22,,,1,12,,189491,22,,,1,12,,189492,22,,,1,52,,189493,22,,,1,12,,189494,22,,,1,12,,189495,22,,,1,12,,189496,22,,,1,9,,189503,22,,,1,50,,189504,22,,,1,10,,189505,22,,,1,10,,189506,22,,,1,10,,189507,22,,,1,10,,189508,22,,,1,10,,189509,22,,,1,50,,189510,22,,,1,10,,189511,22,,,1,10,,189512,22,,,1,10,,189513,22,,,1,10,,189514,22,,,1,10,,189515,22,,,1,50,,189516,22,,,1,10,,189517,22,,,1,10,,189475,22,,,1,10,,189476,22,,,1,10,,189488,22,,,1,11,,189489,22,,,1,52,,189477,22,,,1,15,,189461,22,,,1,14,,189478,22,,,1,13,,189479,22,,,1,11,,189480,22,,,1,55,,189481,22,,,1,15,,189482,22,,,1,15,,189483,22,,,1,15,,189484,22,,,1,55,,189485,22,,,1,15,,189443,22,,,1,15,,189486,22,,,1,15,,189444,22,,,1,55,,189445,22,,,1,15,,189446,22,,,1,15,,189447,22,,,1,15,,189448,22,,,1,51,,189449,22,,,1,14,,189450,22,,,1,19,,189451,22,,,1,60,,189452,22,,,1,20,,189453,22,,,1,20,,189454,22,,,1,60,,189521,22,,,1,19,,189455,22,,,1,27,,189456,22,,,1,70,,189457,22,,,1,30,,189458,22,,,1,70,,189459,22,,,1,30,,189460,22,,,1
400,'004-Saturday-1-26-06-0000010',541,,162303,22,,,1,60,,162192,22,,,1,20,,162193,22,,,1,20,,162194,22,,,1,60,,162195,22,,,1,20,,162196,22,,,1,20,,162197,22,,,1,60,,162198,22,,,1,15,,162199,22,,,1,15,,162200,22,,,1,15,,162201,22,,,1,55,,162202,22,,,1,17,,162203,22,,,1,19,,162204,22,,,1,15,,162205,22,,,1,55,,162206,22,,,1,15,,162207,22,,,1,15,,162208,22,,,1,15,,162209,22,,,1,55,,162210,22,,,1,15,,162211,22,,,1,15,,162212,22,,,1,15,,162213,22,,,1,55,,162214,22,,,1,15,,162215,22,,,1,15,,162216,22,,,1,15,,162217,22,,,1,55,,162218,22,,,1,7,,162219,15,0,47,1,8,,162220,22,,,1,7,,162221,15,0,47,1,8,,162222,22,,,1,7,,162223,15,0,47,1,8,,162224,22,,,1,7,,162225,15,0,47,1,48,,162226,22,,,1,7,,162227,15,0,47,1,8,,162228,22,,,1,7,,162229,15,0,47,1,8,,162230,22,,,1,7,,162231,15,0,47,1,8,,162232,22,,,1,7,,162233,15,0,47,1,48,,162234,22,,,1,7,,162235,15,0,47,1,8,,162236,22,,,1,7,,162237,15,0,47,1,8,,162238,22,,,1,7,,162239,15,0,47,1,8,,162240,22,,,1,7,,162241,15,0,47,1,48,,162242,22,,,1,7,,162243,15,0,47,1,8,,162244,22,,,1,6,,162245,15,0,47,1,9,,162246,22,,,1,6,,162247,15,0,47,1,9,,162248,22,,,1,6,,162249,15,0,47,1,49,,162250,22,,,1,6,,162251,15,0,47,1,8,,162252,22,,,1,7,,162253,15,0,47,1,7,,162255,22,,,1,8,,162256,15,0,47,1,7,,162191,22,,,1,8,,162257,15,0,47,1,47,,162254,22,,,1,8,,162258,15,0,47,1,7,,162259,22,,,1,8,,162260,15,0,47,1,7,,162261,22,,,1,8,,162262,15,0,47,1,7,,162263,22,,,1,8,,162264,15,0,47,1,47,,162265,22,,,1,8,,162266,15,0,47,1,7,,162267,22,,,1,8,,162268,15,0,47,1,7,,162269,22,,,1,8,,162270,15,0,47,1,7,,162271,22,,,1,8,,162272,15,0,47,1,47,,162273,22,,,1,8,,162274,15,0,47,1,7,,162275,22,,,1,8,,162276,15,0,47,1,7,,162277,22,,,1,6,,162278,15,0,47,1,9,,162279,22,,,1,6,,162280,15,0,47,1,49,,162281,22,,,1,6,,162282,15,0,47,1,9,,162283,22,,,1,6,,162284,15,0,47,1,9,,162285,22,,,1,6,,162286,15,0,47,1,9,,162287,22,,,1,6,,162288,15,0,47,1,49,,162290,22,,,1,15,,162291,22,,,1,15,,162292,22,,,1,20,,162289,22,,,1,60,,162293,22,,,1,20,,162294,22,,,1,20,,162295,22,,,1,59,,162296,22,,,1,28,,162297,22,,,1,70,,162298,22,,,1,30,,162299,22,,,1,70,,162300,22,,,1,30,,162301,22,,,1,70,,162302,22,,,1
400,'004-Saturday-2-26-06-0000010',541,,204833,22,,,1,60,,204722,22,,,1,20,,204723,22,,,1,20,,204724,22,,,1,60,,204725,22,,,1,20,,204726,22,,,1,20,,204727,22,,,1,60,,204728,22,,,1,15,,204729,22,,,1,15,,204730,22,,,1,15,,204731,22,,,1,55,,204732,22,,,1,17,,204733,22,,,1,19,,204734,22,,,1,15,,204735,22,,,1,55,,204736,22,,,1,15,,204737,22,,,1,15,,204738,22,,,1,15,,204739,22,,,1,55,,204740,22,,,1,15,,204741,22,,,1,15,,204742,22,,,1,15,,204743,22,,,1,55,,204744,22,,,1,15,,204745,22,,,1,15,,204746,22,,,1,15,,204747,22,,,1,55,,204748,22,,,1,7,,204749,15,0,47,1,8,,204750,22,,,1,7,,204751,15,0,47,1,8,,204752,22,,,1,7,,204753,15,0,47,1,8,,204754,22,,,1,7,,204755,15,0,47,1,48,,204756,22,,,1,7,,204757,15,0,47,1,8,,204758,22,,,1,7,,204759,15,0,47,1,8,,204760,22,,,1,7,,204761,15,0,47,1,8,,204762,22,,,1,7,,204763,15,0,47,1,48,,204764,22,,,1,7,,204765,15,0,47,1,8,,204766,22,,,1,7,,204767,15,0,47,1,8,,204768,22,,,1,7,,204769,15,0,47,1,8,,204770,22,,,1,7,,204771,15,0,47,1,48,,204772,22,,,1,7,,204773,15,0,47,1,8,,204774,22,,,1,6,,204775,15,0,47,1,9,,204776,22,,,1,6,,204777,15,0,47,1,9,,204778,22,,,1,6,,204779,15,0,47,1,49,,204780,22,,,1,6,,204781,15,0,47,1,8,,204782,22,,,1,7,,204783,15,0,47,1,7,,204785,22,,,1,8,,204786,15,0,47,1,7,,204721,22,,,1,8,,204787,15,0,47,1,47,,204784,22,,,1,8,,204788,15,0,47,1,7,,204789,22,,,1,8,,204790,15,0,47,1,7,,204791,22,,,1,8,,204792,15,0,47,1,7,,204793,22,,,1,8,,204794,15,0,47,1,47,,204795,22,,,1,8,,204796,15,0,47,1,7,,204797,22,,,1,8,,204798,15,0,47,1,7,,204799,22,,,1,8,,204800,15,0,47,1,7,,204801,22,,,1,8,,204802,15,0,47,1,47,,204803,22,,,1,8,,204804,15,0,47,1,7,,204805,22,,,1,8,,204806,15,0,47,1,7,,204807,22,,,1,6,,204808,15,0,47,1,9,,204809,22,,,1,6,,204810,15,0,47,1,49,,204811,22,,,1,6,,204812,15,0,47,1,9,,204813,22,,,1,6,,204814,15,0,47,1,9,,204815,22,,,1,6,,204816,15,0,47,1,9,,204817,22,,,1,6,,204818,15,0,47,1,49,,204820,22,,,1,15,,204821,22,,,1,15,,204822,22,,,1,20,,204819,22,,,1,60,,204823,22,,,1,20,,204824,22,,,1,20,,204825,22,,,1,59,,204826,22,,,1,28,,204827,22,,,1,70,,204828,22,,,1,30,,204829,22,,,1,70,,204830,22,,,1,30,,204831,22,,,1,70,,204832,22,,,1
400,'004-Sunday-2-26-06-0000001',549,,189523,22,,,1,60,,189524,22,,,1,20,,189525,22,,,1,20,,189526,22,,,1,60,,189527,22,,,1,20,,189528,22,,,1,20,,189529,22,,,1,60,,189530,22,,,1,19,,189531,22,,,1,18,,189532,22,,,1,55,,189595,22,,,1,16,,189533,22,,,1,19,,189534,22,,,1,18,,189535,22,,,1,55,,189536,22,,,1,15,,189537,22,,,1,15,,189538,22,,,1,15,,189539,22,,,1,55,,189540,22,,,1,15,,189541,22,,,1,15,,189542,22,,,1,15,,189543,22,,,1,55,,189544,22,,,1,15,,189545,22,,,1,15,,189546,22,,,1,15,,189547,22,,,1,55,,189548,22,,,1,15,,189549,22,,,1,15,,189550,22,,,1,15,,189551,22,,,1,55,,189552,22,,,1,15,,189553,22,,,1,15,,189554,22,,,1,15,,189555,22,,,1,55,,189556,22,,,1,15,,189557,22,,,1,15,,189558,22,,,1,15,,189559,22,,,1,55,,189560,22,,,1,15,,189561,22,,,1,15,,189562,22,,,1,16,,189563,22,,,1,56,,189564,22,,,1,13,,189565,22,,,1,13,,189566,22,,,1,15,,189567,22,,,1,55,,189568,22,,,1,15,,189569,22,,,1,15,,189570,22,,,1,15,,189571,22,,,1,55,,189572,22,,,1,15,,189573,22,,,1,15,,189574,22,,,1,15,,189575,22,,,1,55,,189576,22,,,1,15,,189577,22,,,1,15,,189578,22,,,1,15,,189579,22,,,1,55,,189580,22,,,1,15,,189581,22,,,1,15,,189582,22,,,1,15,,189594,22,,,1,55,,189583,22,,,1,20,,189584,22,,,1,20,,189585,22,,,1,60,,189587,22,,,1,20,,189588,22,,,1,20,,189589,22,,,1,69,,189586,22,,,1,26,,189590,22,,,1,70,,189591,22,,,1,30,,189592,22,,,1,70,,189593,22,,,1,30,,189597,22,,,1,70,,189596,22,,,1
400,'004-Sunday-3-26-06-0000001',549,,204834,22,,,1,60,,204835,22,,,1,20,,204836,22,,,1,20,,204837,22,,,1,60,,204838,22,,,1,20,,204839,22,,,1,20,,204840,22,,,1,60,,204841,22,,,1,19,,204842,22,,,1,18,,204843,22,,,1,55,,204906,22,,,1,16,,204844,22,,,1,19,,204845,22,,,1,18,,204846,22,,,1,55,,204847,22,,,1,15,,204848,22,,,1,15,,204849,22,,,1,15,,204850,22,,,1,55,,204851,22,,,1,15,,204852,22,,,1,15,,204853,22,,,1,15,,204854,22,,,1,55,,204855,22,,,1,15,,204856,22,,,1,15,,204857,22,,,1,15,,204858,22,,,1,55,,204859,22,,,1,15,,204860,22,,,1,15,,204861,22,,,1,15,,204862,22,,,1,55,,204863,22,,,1,15,,204864,22,,,1,15,,204865,22,,,1,15,,204866,22,,,1,55,,204867,22,,,1,15,,204868,22,,,1,15,,204869,22,,,1,15,,204870,22,,,1,55,,204871,22,,,1,15,,204872,22,,,1,15,,204873,22,,,1,16,,204874,22,,,1,56,,204875,22,,,1,13,,204876,22,,,1,13,,204877,22,,,1,15,,204878,22,,,1,55,,204879,22,,,1,15,,204880,22,,,1,15,,204881,22,,,1,15,,204882,22,,,1,55,,204883,22,,,1,15,,204884,22,,,1,15,,204885,22,,,1,15,,204886,22,,,1,55,,204887,22,,,1,15,,204888,22,,,1,15,,204889,22,,,1,15,,204890,22,,,1,55,,204891,22,,,1,15,,204892,22,,,1,15,,204893,22,,,1,15,,204905,22,,,1,55,,204894,22,,,1,20,,204895,22,,,1,20,,204896,22,,,1,60,,204898,22,,,1,20,,204899,22,,,1,20,,204900,22,,,1,69,,204897,22,,,1,26,,204901,22,,,1,70,,204902,22,,,1,30,,204903,22,,,1,70,,204904,22,,,1,30,,204908,22,,,1,70,,204907,22,,,1
400,'004-Sunday-6-26-06-0000001',549,,204909,22,,,1,60,,204910,22,,,1,20,,204911,22,,,1,20,,204912,22,,,1,60,,204913,22,,,1,20,,204914,22,,,1,20,,204915,22,,,1,60,,204916,22,,,1,19,,204917,22,,,1,18,,204918,22,,,1,55,,204981,22,,,1,16,,204919,22,,,1,19,,204920,22,,,1,18,,204921,22,,,1,55,,204922,22,,,1,15,,204923,22,,,1,15,,204924,22,,,1,15,,204925,22,,,1,55,,204926,22,,,1,15,,204927,22,,,1,15,,204928,22,,,1,15,,204929,22,,,1,55,,204930,22,,,1,15,,204931,22,,,1,15,,204932,22,,,1,15,,204933,22,,,1,55,,204934,22,,,1,15,,204935,22,,,1,15,,204936,22,,,1,15,,204937,22,,,1,55,,204938,22,,,1,15,,204939,22,,,1,15,,204940,22,,,1,15,,204941,22,,,1,55,,204942,22,,,1,15,,204943,22,,,1,15,,204944,22,,,1,15,,204945,22,,,1,55,,204946,22,,,1,15,,204947,22,,,1,15,,204948,22,,,1,16,,204949,22,,,1,56,,204950,22,,,1,13,,204951,22,,,1,13,,204952,22,,,1,15,,204953,22,,,1,55,,204954,22,,,1,15,,204955,22,,,1,15,,204956,22,,,1,15,,204957,22,,,1,55,,204958,22,,,1,15,,204959,22,,,1,15,,204960,22,,,1,15,,204961,22,,,1,55,,204962,22,,,1,15,,204963,22,,,1,15,,204964,22,,,1,15,,204965,22,,,1,55,,204966,22,,,1,15,,204967,22,,,1,15,,204968,22,,,1,15,,204980,22,,,1,55,,204969,22,,,1,20,,204970,22,,,1,20,,204971,22,,,1,60,,204973,22,,,1,20,,204974,22,,,1,20,,204975,22,,,1,69,,204972,22,,,1,26,,204976,22,,,1,70,,204977,22,,,1,30,,204978,22,,,1,70,,204979,22,,,1,30,,204983,22,,,1,70,,204982,22,,,1
400,'004-Sunday-7-26-06-0000001',549,,204984,22,,,1,60,,204985,22,,,1,20,,204986,22,,,1,20,,204987,22,,,1,60,,204988,22,,,1,20,,204989,22,,,1,20,,204990,22,,,1,60,,204991,22,,,1,19,,204992,22,,,1,18,,204993,22,,,1,55,,205056,22,,,1,16,,204994,22,,,1,19,,204995,22,,,1,18,,204996,22,,,1,55,,204997,22,,,1,15,,204998,22,,,1,15,,204999,22,,,1,15,,205000,22,,,1,55,,205001,22,,,1,15,,205002,22,,,1,15,,205003,22,,,1,15,,205004,22,,,1,55,,205005,22,,,1,15,,205006,22,,,1,15,,205007,22,,,1,15,,205008,22,,,1,55,,205009,22,,,1,15,,205010,22,,,1,15,,205011,22,,,1,15,,205012,22,,,1,55,,205013,22,,,1,15,,205014,22,,,1,15,,205015,22,,,1,15,,205016,22,,,1,55,,205017,22,,,1,15,,205018,22,,,1,15,,205019,22,,,1,15,,205020,22,,,1,55,,205021,22,,,1,15,,205022,22,,,1,15,,205023,22,,,1,16,,205024,22,,,1,56,,205025,22,,,1,13,,205026,22,,,1,13,,205027,22,,,1,15,,205028,22,,,1,55,,205029,22,,,1,15,,205030,22,,,1,15,,205031,22,,,1,15,,205032,22,,,1,55,,205033,22,,,1,15,,205034,22,,,1,15,,205035,22,,,1,15,,205036,22,,,1,55,,205037,22,,,1,15,,205038,22,,,1,15,,205039,22,,,1,15,,205040,22,,,1,55,,205041,22,,,1,15,,205042,22,,,1,15,,205043,22,,,1,15,,205055,22,,,1,55,,205044,22,,,1,20,,205045,22,,,1,20,,205046,22,,,1,60,,205048,22,,,1,20,,205049,22,,,1,20,,205050,22,,,1,69,,205047,22,,,1,26,,205051,22,,,1,70,,205052,22,,,1,30,,205053,22,,,1,70,,205054,22,,,1,30,,205058,22,,,1,70,,205057,22,,,1
70200,'702-Weekday-1-26-06-1111100',544,,178059,15,,,1,70,,178060,15,,,1,33,,178061,15,,,1,70,,178062,15,,,1,30,,178091,15,,,1,60,,178063,15,,,1,20,,178092,15,,,1,20,,178064,15,,,1,59,,178065,15,,,1,29,,178066,15,,,1,70,,178067,15,,,1,30,,178068,15,,,1,70,,178069,15,,,1,30,,178070,15,,,1,70,,178071,15,,,1,30,,178072,15,,,1,70,,178073,15,,,1,30,,178074,15,,,1,70,,178075,15,,,1,25,,178093,15,,,1,25,,178076,15,,,1,73,,178077,15,,,1,30,,178078,15,,,1,70,,178079,15,,,1,30,,178080,15,,,1,70,,178081,15,,,1,30,,178082,15,,,1,70,,178083,15,,,1,27,,178084,15,,,1,70,,178085,15,,,1,30,,178086,15,,,1,70,,178087,15,,,1,30,,178088,15,,,1,70,,178089,15,,,1,30,,178090,15,,,1
70200,'702-Weekday-2-26-06-1111100',544,,197433,15,,,1,70,,197434,15,,,1,33,,197435,15,,,1,70,,197436,15,,,1,30,,197465,15,,,1,60,,197437,15,,,1,20,,197466,15,,,1,20,,197438,15,,,1,59,,197439,15,,,1,29,,197440,15,,,1,70,,197441,15,,,1,30,,197442,15,,,1,70,,197443,15,,,1,30,,197444,15,,,1,70,,197445,15,,,1,30,,197446,15,,,1,70,,197447,15,,,1,30,,197448,15,,,1,70,,197449,15,,,1,25,,197467,15,,,1,25,,197450,15,,,1,73,,197451,15,,,1,30,,197452,15,,,1,70,,197453,15,,,1,30,,197454,15,,,1,70,,197455,15,,,1,30,,197456,15,,,1,70,,197457,15,,,1,27,,197458,15,,,1,70,,197459,15,,,1,30,,197460,15,,,1,70,,197461,15,,,1,30,,197462,15,,,1,70,,197463,15,,,1,30,,197464,15,,,1
70200,'702-Saturday-1-26-06-0000010',805,,178094,15,,,1,30,,178095,15,,,1,70,,178096,15,,,1,31,,178097,15,,,1,70,,178098,15,,,1,30,,178099,15,,,1,70,,178100,15,,,1,30,,178101,15,,,1,70,,178102,15,,,1,30,,178103,15,,,1,70,,178104,15,,,1,30,,178105,15,,,1,70,,178106,15,,,1,30,,178107,15,,,1,70,,178108,15,,,1,30,,178109,15,,,1,70,,178110,15,,,1,30,,178111,15,,,1,70,,178112,15,,,1,30,,178113,15,,,1,70,,178114,15,,,1,30,,178115,15,,,1,70,,178116,15,,,1,30,,178117,15,,,1,100,,178118,15,,,1
70200,'702-Saturday-2-26-06-0000010',805,,218077,15,,,1,30,,218078,15,,,1,70,,218079,15,,,1,31,,218080,15,,,1,70,,218081,15,,,1,30,,218082,15,,,1,70,,218083,15,,,1,30,,218084,15,,,1,70,,218085,15,,,1,30,,218086,15,,,1,70,,218087,15,,,1,30,,218088,15,,,1,70,,218089,15,,,1,30,,218090,15,,,1,70,,218091,15,,,1,30,,218092,15,,,1,70,,218093,15,,,1,30,,218094,15,,,1,70,,218095,15,,,1,30,,218096,15,,,1,70,,218097,15,,,1,30,,218098,15,,,1,70,,218099,15,,,1,30,,218100,15,,,1,100,,218101,15,,,1
70200,'702-Sunday-2-26-06-0000001',915,,197468,15,,,1,100,,197469,15,,,1,30,,197470,15,,,1,70,,197471,15,,,1,30,,197472,15,,,1,70,,197473,15,,,1,30,,197474,15,,,1,70,,197475,15,,,1,30,,197476,15,,,1,70,,197477,15,,,1,30,,197478,15,,,1,70,,197479,15,,,1,30,,197480,15,,,1,70,,197481,15,,,1,30,,197482,15,,,1,70,,197483,15,,,1,30,,197484,15,,,1,70,,197485,15,,,1,30,,197486,15,,,1,70,,197487,15,,,1
70200,'702-Sunday-3-26-06-0000001',915,,218102,15,,,1,100,,218103,15,,,1,30,,218104,15,,,1,70,,218105,15,,,1,30,,218106,15,,,1,70,,218107,15,,,1,30,,218108,15,,,1,70,,218109,15,,,1,30,,218110,15,,,1,70,,218111,15,,,1,30,,218112,15,,,1,70,,218113,15,,,1,30,,218114,15,,,1,70,,218115,15,,,1,30,,218116,15,,,1,70,,218117,15,,,1,30,,218118,15,,,1,70,,218119,15,,,1,30,,218120,15,,,1,70,,218121,15,,,1
70200,'702-Sunday-6-26-06-0000001',915,,218122,15,,,1,100,,218123,15,,,1,30,,218124,15,,,1,70,,218125,15,,,1,30,,218126,15,,,1,70,,218127,15,,,1,30,,218128,15,,,1,70,,218129,15,,,1,30,,218130,15,,,1,70,,218131,15,,,1,30,,218132,15,,,1,70,,218133,15,,,1,30,,218134,15,,,1,70,,218135,15,,,1,30,,218136,15,,,1,70,,218137,15,,,1,30,,218138,15,,,1,70,,218139,15,,,1,30,,218140,15,,,1,70,,218141,15,,,1
70200,'702-Sunday-7-26-06-0000001',915,,218142,15,,,1,100,,218143,15,,,1,30,,218144,15,,,1,70,,218145,15,,,1,30,,218146,15,,,1,70,,218147,15,,,1,30,,218148,15,,,1,70,,218149,15,,,1,30,,218150,15,,,1,70,,218151,15,,,1,30,,218152,15,,,1,70,,218153,15,,,1,30,,218154,15,,,1,70,,218155,15,,,1,30,,218156,15,,,1,70,,218157,15,,,1,30,,218158,15,,,1,70,,218159,15,,,1,30,,218160,15,,,1,70,,218161,15,,,1
70300,'703-Weekday-1-26-06-1111100',551,,178221,28,,,1,70,,178222,28,,,1,34,,178225,28,,,1,55,,178223,28,,,1,15,,178224,28,,,1,15,,178250,28,,,1,15,,178252,28,,,1,55,,178253,28,,,1,15,,178254,28,,,1,15,,178255,28,,,1,67,,178256,28,,,1,18,,178226,28,,,1,20,,178227,28,,,1,60,,178228,28,,,1,20,,178229,28,,,1,20,,178230,28,,,1,60,,178231,28,,,1,20,,178232,28,,,1,20,,178233,28,,,1,60,,178234,28,,,1,20,,178235,28,,,1,20,,178236,28,,,1,60,,178237,28,,,1,20,,178238,28,,,1,20,,178239,28,,,1,60,,178240,28,,,1,20,,178241,28,,,1,20,,178249,28,,,1,71,,178242,28,,,1,31,,178243,28,,,1,70,,178244,28,,,1,30,,178245,28,,,1,70,,178246,28,,,1,30,,178247,28,,,1,70,,178257,28,,,1,26,,178251,28,,,1,66,,178248,28,,,1,28,,178258,28,,,1,70,,178259,28,,,1,30,,178260,28,,,1,70,,178261,28,,,1,30,,178262,28,,,1,69,,178263,28,,,1
70300,'703-Weekday-2-26-06-1111100',551,,197544,28,,,1,70,,197545,28,,,1,34,,197548,28,,,1,55,,197546,28,,,1,15,,197547,28,,,1,15,,197573,28,,,1,15,,197575,28,,,1,55,,197576,28,,,1,15,,197577,28,,,1,15,,197578,28,,,1,67,,197579,28,,,1,18,,197549,28,,,1,20,,197550,28,,,1,60,,197551,28,,,1,20,,197552,28,,,1,20,,197553,28,,,1,60,,197554,28,,,1,20,,197555,28,,,1,20,,197556,28,,,1,60,,197557,28,,,1,20,,197558,28,,,1,20,,197559,28,,,1,60,,197560,28,,,1,20,,197561,28,,,1,20,,197562,28,,,1,60,,197563,28,,,1,20,,197564,28,,,1,20,,197572,28,,,1,71,,197565,28,,,1,31,,197566,28,,,1,70,,197567,28,,,1,30,,197568,28,,,1,70,,197569,28,,,1,30,,197570,28,,,1,70,,197580,28,,,1,26,,197574,28,,,1,66,,197571,28,,,1,28,,197581,28,,,1,70,,197582,28,,,1,30,,197583,28,,,1,70,,197584,28,,,1,30,,197585,28,,,1,69,,197586,28,,,1
70300,'703-Saturday-1-26-06-0000010',827,,178264,28,,,1,29,,178265,28,,,1,71,,178266,28,,,1,30,,178267,28,,,1,70,,178268,28,,,1,30,,178269,28,,,1,70,,178270,28,,,1,30,,178271,28,,,1,70,,178272,28,,,1,30,,178273,28,,,1,70,,178274,28,,,1,30,,178275,28,,,1,70,,178276,28,,,1,30,,178277,28,,,1,70,,178278,28,,,1,30,,178279,28,,,1,70,,178280,28,,,1,32,,178281,28,,,1,69,,178282,28,,,1,30,,178283,28,,,1,70,,178284,28,,,1,30,,178285,28,,,1
70300,'703-Saturday-2-26-06-0000010',827,,218245,28,,,1,29,,218246,28,,,1,71,,218247,28,,,1,30,,218248,28,,,1,70,,218249,28,,,1,30,,218250,28,,,1,70,,218251,28,,,1,30,,218252,28,,,1,70,,218253,28,,,1,30,,218254,28,,,1,70,,218255,28,,,1,30,,218256,28,,,1,70,,218257,28,,,1,30,,218258,28,,,1,70,,218259,28,,,1,30,,218260,28,,,1,70,,218261,28,,,1,32,,218262,28,,,1,69,,218263,28,,,1,30,,218264,28,,,1,70,,218265,28,,,1,30,,218266,28,,,1
70300,'703-Sunday-2-26-06-0000001',1049,,197604,28,,,1,70,,197595,28,,,1,30,,197596,28,,,1,70,,197597,28,,,1,30,,197598,28,,,1,70,,197599,28,,,1,30,,197600,28,,,1,70,,197601,28,,,1,30,,197602,28,,,1,70,,197603,28,,,1,30,,197587,28,,,1,70,,197588,28,,,1,30,,197589,28,,,1,68,,197590,28,,,1,30,,197591,28,,,1,70,,197592,28,,,1,30,,197593,28,,,1,71,,197594,28,,,1
70300,'703-Sunday-3-26-06-0000001',1049,,218284,28,,,1,70,,218275,28,,,1,30,,218276,28,,,1,70,,218277,28,,,1,30,,218278,28,,,1,70,,218279,28,,,1,30,,218280,28,,,1,70,,218281,28,,,1,30,,218282,28,,,1,70,,218283,28,,,1,30,,218267,28,,,1,70,,218268,28,,,1,30,,218269,28,,,1,68,,218270,28,,,1,30,,218271,28,,,1,70,,218272,28,,,1,30,,218273,28,,,1,71,,218274,28,,,1
70300,'703-Sunday-6-26-06-0000001',1049,,218302,28,,,1,70,,218293,28,,,1,30,,218294,28,,,1,70,,218295,28,,,1,30,,218296,28,,,1,70,,218297,28,,,1,30,,218298,28,,,1,70,,218299,28,,,1,30,,218300,28,,,1,70,,218301,28,,,1,30,,218285,28,,,1,70,,218286,28,,,1,30,,218287,28,,,1,68,,218288,28,,,1,30,,218289,28,,,1,70,,218290,28,,,1,30,,218291,28,,,1,71,,218292,28,,,1
70300,'703-Sunday-7-26-06-0000001',1049,,218320,28,,,1,70,,218311,28,,,1,30,,218312,28,,,1,70,,218313,28,,,1,30,,218314,28,,,1,70,,218315,28,,,1,30,,218316,28,,,1,70,,218317,28,,,1,30,,218318,28,,,1,70,,218319,28,,,1,30,,218303,28,,,1,70,,218304,28,,,1,30,,218305,28,,,1,68,,218306,28,,,1,30,,218307,28,,,1,70,,218308,28,,,1,30,,218309,28,,,1,71,,218310,28,,,1
72400,'724-Weekday-1-26-06-1111100',634,,182250,49,,,1,75,,182251,49,,,1,30,,182252,49,,,1,70,,182253,49,,,1,30,,182254,49,,,1,70,,182255,49,,,1,624,,182256,49,,,1,70,,182257,49,,,1,30,,182258,49,,,1,70,,182259,49,,,1,30,,182260,49,,,1,70,,182261,49,,,1
72400,'724-Weekday-2-26-06-1111100',634,,199767,49,,,1,75,,199768,49,,,1,30,,199769,49,,,1,70,,199770,49,,,1,30,,199771,49,,,1,70,,199772,49,,,1,624,,199773,49,,,1,70,,199774,49,,,1,30,,199775,49,,,1,70,,199776,49,,,1,30,,199777,49,,,1,70,,199778,49,,,1
