10700,'107-Weekday-1-26-09-1111100',527,,250769,10,,,1,30,,250770,10,,,1,70,,250771,10,,,1,16,,250772,10,,,1,15,,250773,10,,,1,55,,250774,10,,,1,15,,250775,10,,,1,15,,250776,10,,,1,15,,250777,10,,,1,55,,250778,10,,,1,17,,250826,10,,,1,18,,250779,10,,,1,61,,250780,10,,,1,20,,250781,10,,,1,20,,250782,10,,,1,60,,250783,10,,,1,20,,250784,10,,,1,20,,250785,10,,,1,60,,250786,10,,,1,20,,250787,10,,,1,20,,250788,10,,,1,60,,250789,10,,,1,20,,250790,10,,,1,20,,250791,10,,,1,60,,250792,10,,,1,20,,250793,10,,,1,20,,250794,10,,,1,60,,250795,10,,,1,20,,250796,10,,,1,20,,250817,10,,,1,10,,250811,10,,,1,50,,250819,10,,,1,10,,250797,10,,,1,10,,250812,10,,,1,2,,250827,10,,,1,8,,250820,10,,,1,10,,250798,10,,,1,10,,250813,10,,,1,50,,250821,10,,,1,10,,250799,10,,,1,10,,250814,10,,,1,10,,250822,10,,,1,10,,250800,10,,,1,10,,250810,10,,,1,50,,250823,10,,,1,10,,250818,10,,,1,20,,250815,10,,,1,20,,250816,10,,,1,60,,250802,10,,,1,29,,250803,10,,,1,70,,250804,10,,,1,30,,250805,10,,,1,70,,250806,10,,,1,30,,250807,10,,,1,70,,250808,10,,,1,30,,250809,10,,,1,70,,250801,10,,,1,100,,250824,10,,,1,100,,250825,10,,,1
10700,'107-Weekday-2-26-09-1111100',527,,250828,10,,,1,30,,250829,10,,,1,70,,250830,10,,,1,16,,250831,10,,,1,15,,250832,10,,,1,55,,250833,10,,,1,15,,250834,10,,,1,15,,250835,10,,,1,15,,250836,10,,,1,55,,250837,10,,,1,17,,250885,10,,,1,18,,250838,10,,,1,61,,250839,10,,,1,20,,250840,10,,,1,20,,250841,10,,,1,60,,250842,10,,,1,20,,250843,10,,,1,20,,250844,10,,,1,60,,250845,10,,,1,20,,250846,10,,,1,20,,250847,10,,,1,60,,250848,10,,,1,20,,250849,10,,,1,20,,250850,10,,,1,60,,250851,10,,,1,20,,250852,10,,,1,20,,250853,10,,,1,60,,250854,10,,,1,20,,250855,10,,,1,20,,250876,10,,,1,10,,250870,10,,,1,50,,250878,10,,,1,10,,250856,10,,,1,10,,250871,10,,,1,2,,250886,10,,,1,8,,250879,10,,,1,10,,250857,10,,,1,10,,250872,10,,,1,50,,250880,10,,,1,10,,250858,10,,,1,10,,250873,10,,,1,10,,250881,10,,,1,10,,250859,10,,,1,10,,250869,10,,,1,50,,250882,10,,,1,10,,250877,10,,,1,20,,250874,10,,,1,20,,250875,10,,,1,60,,250861,10,,,1,29,,250862,10,,,1,70,,250863,10,,,1,30,,250864,10,,,1,70,,250865,10,,,1,30,,250866,10,,,1,70,,250867,10,,,1,30,,250868,10,,,1,70,,250860,10,,,1,100,,250883,10,,,1,100,,250884,10,,,1
10700,'107-Weekday-3-26-09-1111100',527,,250887,10,,,1,30,,250888,10,,,1,70,,250889,10,,,1,16,,250890,10,,,1,15,,250891,10,,,1,55,,250892,10,,,1,15,,250893,10,,,1,15,,250894,10,,,1,15,,250895,10,,,1,55,,250896,10,,,1,17,,250944,10,,,1,18,,250897,10,,,1,61,,250898,10,,,1,20,,250899,10,,,1,20,,250900,10,,,1,60,,250901,10,,,1,20,,250902,10,,,1,20,,250903,10,,,1,60,,250904,10,,,1,20,,250905,10,,,1,20,,250906,10,,,1,60,,250907,10,,,1,20,,250908,10,,,1,20,,250909,10,,,1,60,,250910,10,,,1,20,,250911,10,,,1,20,,250912,10,,,1,60,,250913,10,,,1,20,,250914,10,,,1,20,,250935,10,,,1,10,,250929,10,,,1,50,,250937,10,,,1,10,,250915,10,,,1,10,,250930,10,,,1,2,,250945,10,,,1,8,,250938,10,,,1,10,,250916,10,,,1,10,,250931,10,,,1,50,,250939,10,,,1,10,,250917,10,,,1,10,,250932,10,,,1,10,,250940,10,,,1,10,,250918,10,,,1,10,,250928,10,,,1,50,,250941,10,,,1,10,,250936,10,,,1,20,,250933,10,,,1,20,,250934,10,,,1,60,,250920,10,,,1,29,,250921,10,,,1,70,,250922,10,,,1,30,,250923,10,,,1,70,,250924,10,,,1,30,,250925,10,,,1,70,,250926,10,,,1,30,,250927,10,,,1,70,,250919,10,,,1,100,,250942,10,,,1,100,,250943,10,,,1
10700,'107-Weekday-4-26-09-1111100',527,,250946,10,,,1,30,,250947,10,,,1,70,,250948,10,,,1,16,,250949,10,,,1,15,,250950,10,,,1,55,,250951,10,,,1,15,,250952,10,,,1,15,,250953,10,,,1,15,,250954,10,,,1,55,,250955,10,,,1,17,,251003,10,,,1,18,,250956,10,,,1,61,,250957,10,,,1,20,,250958,10,,,1,20,,250959,10,,,1,60,,250960,10,,,1,20,,250961,10,,,1,20,,250962,10,,,1,60,,250963,10,,,1,20,,250964,10,,,1,20,,250965,10,,,1,60,,250966,10,,,1,20,,250967,10,,,1,20,,250968,10,,,1,60,,250969,10,,,1,20,,250970,10,,,1,20,,250971,10,,,1,60,,250972,10,,,1,20,,250973,10,,,1,20,,250994,10,,,1,10,,250988,10,,,1,50,,250996,10,,,1,10,,250974,10,,,1,10,,250989,10,,,1,10,,250997,10,,,1,10,,250975,10,,,1,10,,250990,10,,,1,50,,250998,10,,,1,10,,250976,10,,,1,10,,250991,10,,,1,10,,250999,10,,,1,10,,250977,10,,,1,10,,250987,10,,,1,50,,251000,10,,,1,10,,250995,10,,,1,20,,250992,10,,,1,20,,250993,10,,,1,60,,250979,10,,,1,29,,250980,10,,,1,70,,250981,10,,,1,30,,250982,10,,,1,70,,250983,10,,,1,30,,250984,10,,,1,70,,250985,10,,,1,30,,250986,10,,,1,70,,250978,10,,,1,100,,251001,10,,,1,100,,251002,10,,,1
10700,'107-Weekday-5-26-09-1111100',527,,251004,10,,,1,30,,251005,10,,,1,70,,251006,10,,,1,16,,251007,10,,,1,15,,251008,10,,,1,55,,251009,10,,,1,15,,251010,10,,,1,15,,251011,10,,,1,15,,251012,10,,,1,55,,251013,10,,,1,17,,251061,10,,,1,18,,251014,10,,,1,61,,251015,10,,,1,20,,251016,10,,,1,20,,251017,10,,,1,60,,251018,10,,,1,20,,251019,10,,,1,20,,251020,10,,,1,60,,251021,10,,,1,20,,251022,10,,,1,20,,251023,10,,,1,60,,251024,10,,,1,20,,251025,10,,,1,20,,251026,10,,,1,60,,251027,10,,,1,20,,251028,10,,,1,20,,251029,10,,,1,60,,251030,10,,,1,20,,251031,10,,,1,20,,251052,10,,,1,10,,251046,10,,,1,50,,251054,10,,,1,10,,251032,10,,,1,10,,251047,10,,,1,10,,251055,10,,,1,10,,251033,10,,,1,10,,251048,10,,,1,50,,251056,10,,,1,10,,251034,10,,,1,10,,251049,10,,,1,10,,251057,10,,,1,10,,251035,10,,,1,10,,251045,10,,,1,50,,251058,10,,,1,10,,251053,10,,,1,20,,251050,10,,,1,20,,251051,10,,,1,60,,251037,10,,,1,29,,251038,10,,,1,70,,251039,10,,,1,30,,251040,10,,,1,70,,251041,10,,,1,30,,251042,10,,,1,70,,251043,10,,,1,30,,251044,10,,,1,70,,251036,10,,,1,100,,251059,10,,,1,100,,251060,10,,,1
10700,'107-Weekday-6-26-09-1111100',527,,251062,10,,,1,30,,251063,10,,,1,70,,251064,10,,,1,16,,251065,10,,,1,15,,251066,10,,,1,55,,251067,10,,,1,15,,251068,10,,,1,15,,251069,10,,,1,15,,251070,10,,,1,55,,251071,10,,,1,17,,251119,10,,,1,18,,251072,10,,,1,61,,251073,10,,,1,20,,251074,10,,,1,20,,251075,10,,,1,60,,251076,10,,,1,20,,251077,10,,,1,20,,251078,10,,,1,60,,251079,10,,,1,20,,251080,10,,,1,20,,251081,10,,,1,60,,251082,10,,,1,20,,251083,10,,,1,20,,251084,10,,,1,60,,251085,10,,,1,20,,251086,10,,,1,20,,251087,10,,,1,60,,251088,10,,,1,20,,251089,10,,,1,20,,251110,10,,,1,10,,251104,10,,,1,50,,251112,10,,,1,10,,251090,10,,,1,10,,251105,10,,,1,2,,251120,10,,,1,8,,251113,10,,,1,10,,251091,10,,,1,10,,251106,10,,,1,50,,251114,10,,,1,10,,251092,10,,,1,10,,251107,10,,,1,10,,251115,10,,,1,10,,251093,10,,,1,10,,251103,10,,,1,50,,251116,10,,,1,10,,251111,10,,,1,20,,251108,10,,,1,20,,251109,10,,,1,60,,251095,10,,,1,29,,251096,10,,,1,70,,251097,10,,,1,30,,251098,10,,,1,70,,251099,10,,,1,30,,251100,10,,,1,70,,251101,10,,,1,30,,251102,10,,,1,70,,251094,10,,,1,100,,251117,10,,,1,100,,251118,10,,,1
10700,'107-Weekday-7-26-09-1111100',527,,251121,10,,,1,30,,251122,10,,,1,70,,251123,10,,,1,16,,251124,10,,,1,15,,251125,10,,,1,55,,251126,10,,,1,15,,251127,10,,,1,15,,251128,10,,,1,15,,251129,10,,,1,55,,251130,10,,,1,17,,251178,10,,,1,18,,251131,10,,,1,61,,251132,10,,,1,20,,251133,10,,,1,20,,251134,10,,,1,60,,251135,10,,,1,20,,251136,10,,,1,20,,251137,10,,,1,60,,251138,10,,,1,20,,251139,10,,,1,20,,251140,10,,,1,60,,251141,10,,,1,20,,251142,10,,,1,20,,251143,10,,,1,60,,251144,10,,,1,20,,251145,10,,,1,20,,251146,10,,,1,60,,251147,10,,,1,20,,251148,10,,,1,20,,251169,10,,,1,10,,251163,10,,,1,50,,251171,10,,,1,10,,251149,10,,,1,10,,251164,10,,,1,10,,251172,10,,,1,10,,251150,10,,,1,10,,251165,10,,,1,50,,251173,10,,,1,10,,251151,10,,,1,10,,251166,10,,,1,10,,251174,10,,,1,10,,251152,10,,,1,10,,251162,10,,,1,50,,251175,10,,,1,10,,251170,10,,,1,20,,251167,10,,,1,20,,251168,10,,,1,60,,251154,10,,,1,29,,251155,10,,,1,70,,251156,10,,,1,30,,251157,10,,,1,70,,251158,10,,,1,30,,251159,10,,,1,70,,251160,10,,,1,30,,251161,10,,,1,70,,251153,10,,,1,100,,251176,10,,,1,100,,251177,10,,,1
10700,'107-Saturday-1-26-09-0000010',620,,251197,10,,,1,100,,251196,10,,,1,100,,251206,10,,,1,28,,251179,10,,,1,70,,251180,10,,,1,30,,251181,10,,,1,70,,251182,10,,,1,30,,251183,10,,,1,70,,251184,10,,,1,30,,251185,10,,,1,70,,251186,10,,,1,30,,251187,10,,,1,70,,251188,10,,,1,30,,251189,10,,,1,70,,251190,10,,,1,30,,251191,10,,,1,70,,251192,10,,,1,30,,251198,10,,,1,71,,251199,10,,,1,31,,251200,10,,,1,70,,251201,10,,,1,30,,251193,10,,,1,70,,251194,10,,,1,30,,251195,10,,,1,70,,251208,10,,,1,100,,251202,10,,,1,100,,251203,10,,,1,100,,251204,10,,,1,100,,251205,10,,,1,100,,251207,10,,,1
10700,'107-Sunday-1-26-09-0000001',606,,251225,10,,,1,100,,251224,10,,,1,100,,251223,10,,,1,101,,251222,10,,,1,100,,251209,10,,,1,30,,251210,10,,,1,70,,251211,10,,,1,30,,251212,10,,,1,70,,251213,10,,,1,30,,251214,10,,,1,70,,251215,10,,,1,30,,251216,10,,,1,70,,251217,10,,,1,30,,251218,10,,,1,70,,251219,10,,,1,30,,251220,10,,,1,70,,251221,10,,,1,30,,251226,10,,,1,71,,251227,10,,,1,30,,251228,10,,,1,70,,251229,10,,,1,30,,251230,10,,,1,70,,251231,10,,,1,100,,251232,10,,,1,100,,251233,10,,,1,100,,251234,10,,,1,100,,251235,10,,,1,100,,251236,10,,,1
62000,'620-Weekday-1-26-09-0001000',1204,,273326,3,0,62 63,1
62000,'620-Weekday-1-26-09-1110100',1512,,273327,3,0,62 63,1
62000,'620-Weekday-1-26-09-1111100',1534,,273328,3,0,62 63,1,6,,273329,3,0,62 63,1
62000,'620-Weekday-3-26-09-1111100',1534,,273330,3,0,62 63,1,6,,273331,3,0,62 63,1
62000,'620-Weekday-4-26-09-1110100',1512,,273332,3,0,62 63,1
62000,'620-Weekday-7-26-09-1110100',1512,,273333,3,0,62 63,1
62000,'620-Weekday-7-26-09-1111100',1534,,273334,3,0,62 63,1,6,,273335,3,0,62 63,1
62100,'621-Weekday-1-26-09-0001000',1204,,273345,3,,,1
62100,'621-Weekday-1-26-09-1110100',1508,,273346,3,,,1,4,,273347,3,,,1
62100,'621-Weekday-1-26-09-1111100',1536,,273348,3,,,1
62100,'621-Weekday-3-26-09-1111100',1536,,273349,3,,,1
62100,'621-Weekday-4-26-09-1110100',1508,,273350,3,,,1,4,,273351,3,,,1
62100,'621-Weekday-7-26-09-1110100',1508,,273352,3,,,1,4,,273353,3,,,1
62100,'621-Weekday-7-26-09-1111100',1536,,273354,3,,,1
62600,'626-Weekday-1-26-09-0001000',1241,,273507,17,,,1,4,,273508,17,,,1
62600,'626-Weekday-1-26-09-1110100',1515,,273510,17,,,1,4,,273511,17,,,1,4,,273509,17,,,1
62600,'626-Weekday-4-26-09-1110100',1515,,273513,17,,,1,4,,273514,17,,,1,4,,273512,17,,,1
62600,'626-Weekday-7-26-09-1110100',1515,,273516,17,,,1,4,,273517,17,,,1,4,,273515,17,,,1
