5101,'051-Weekday-1-26-09-1111100',535,,241119,21,,,1,70,,241120,21,,,1,33,,241142,21,,,1,62,,241130,21,,,1,10,,241143,21,,,1,10,,241121,21,,,1,10,,241144,21,,,1,10,,241122,21,,,1,10,,241145,21,,,1,50,,241123,21,,,1,7,,241154,21,,,1,3,,241146,21,,,1,10,,241124,21,,,1,5,,241155,21,,,1,5,,241105,21,,,1,10,,241125,21,,,1,13,,241147,21,,,1,52,,241148,21,,,1,11,,241118,21,,,1,20,,241149,21,,,1,20,,241106,21,,,1,60,,241126,21,,,1,8,,241156,21,,,1,12,,241150,21,,,1,20,,241107,21,,,1,60,,241108,21,,,1,20,,241151,21,,,1,20,,241127,21,,,1,60,,241109,21,,,1,20,,241152,21,,,1,20,,241110,21,,,1,60,,241128,21,,,1,20,,241153,21,,,1,20,,241111,21,,,1,60,,241129,21,,,1,20,,241140,21,,,1,70,,241112,21,,,1,30,,241113,21,,,1,71,,241114,21,,,1,30,,241115,21,,,1,70,,241116,21,,,1,30,,241141,21,,,1,70,,241132,21,,,1,28,,241133,21,,,1,69,,241134,21,,,1,30,,241135,21,,,1,70,,241136,21,,,1,30,,241137,21,,,1,70,,241138,21,,,1,30,,241139,21,,,1,70,,241117,21,,,1,100,,241131,21,,,1
5101,'051-Weekday-2-26-09-1111100',535,,241171,21,,,1,70,,241172,21,,,1,33,,241194,21,,,1,62,,241182,21,,,1,10,,241195,21,,,1,10,,241173,21,,,1,10,,241196,21,,,1,10,,241174,21,,,1,10,,241197,21,,,1,50,,241175,21,,,1,7,,241206,21,,,1,3,,241198,21,,,1,10,,241176,21,,,1,5,,241207,21,,,1,5,,241157,21,,,1,10,,241177,21,,,1,13,,241199,21,,,1,52,,241200,21,,,1,11,,241170,21,,,1,20,,241201,21,,,1,20,,241158,21,,,1,60,,241178,21,,,1,8,,241208,21,,,1,12,,241202,21,,,1,20,,241159,21,,,1,60,,241160,21,,,1,20,,241203,21,,,1,20,,241179,21,,,1,60,,241161,21,,,1,20,,241204,21,,,1,20,,241162,21,,,1,60,,241180,21,,,1,20,,241205,21,,,1,20,,241163,21,,,1,60,,241181,21,,,1,20,,241192,21,,,1,70,,241164,21,,,1,30,,241165,21,,,1,71,,241166,21,,,1,30,,241167,21,,,1,70,,241168,21,,,1,30,,241193,21,,,1,70,,241184,21,,,1,28,,241185,21,,,1,69,,241186,21,,,1,30,,241187,21,,,1,70,,241188,21,,,1,30,,241189,21,,,1,70,,241190,21,,,1,30,,241191,21,,,1,70,,241169,21,,,1,100,,241183,21,,,1
5101,'051-Weekday-3-26-09-1111100',535,,241223,21,,,1,70,,241224,21,,,1,33,,241246,21,,,1,62,,241234,21,,,1,10,,241247,21,,,1,10,,241225,21,,,1,10,,241248,21,,,1,10,,241226,21,,,1,10,,241249,21,,,1,50,,241227,21,,,1,7,,241258,21,,,1,3,,241250,21,,,1,10,,241228,21,,,1,5,,241259,21,,,1,5,,241209,21,,,1,10,,241229,21,,,1,13,,241251,21,,,1,52,,241252,21,,,1,11,,241222,21,,,1,20,,241253,21,,,1,20,,241210,21,,,1,60,,241230,21,,,1,8,,241260,21,,,1,12,,241254,21,,,1,20,,241211,21,,,1,60,,241212,21,,,1,20,,241255,21,,,1,20,,241231,21,,,1,60,,241213,21,,,1,20,,241256,21,,,1,20,,241214,21,,,1,60,,241232,21,,,1,20,,241257,21,,,1,20,,241215,21,,,1,60,,241233,21,,,1,20,,241244,21,,,1,70,,241216,21,,,1,30,,241217,21,,,1,71,,241218,21,,,1,30,,241219,21,,,1,70,,241220,21,,,1,30,,241245,21,,,1,70,,241236,21,,,1,28,,241237,21,,,1,69,,241238,21,,,1,30,,241239,21,,,1,70,,241240,21,,,1,30,,241241,21,,,1,70,,241242,21,,,1,30,,241243,21,,,1,70,,241221,21,,,1,100,,241235,21,,,1
5101,'051-Weekday-4-26-09-1111100',535,,241275,21,,,1,70,,241276,21,,,1,33,,241298,21,,,1,62,,241286,21,,,1,10,,241299,21,,,1,10,,241277,21,,,1,10,,241300,21,,,1,10,,241278,21,,,1,10,,241301,21,,,1,50,,241279,21,,,1,10,,241302,21,,,1,10,,241280,21,,,1,10,,241261,21,,,1,10,,241281,21,,,1,13,,241303,21,,,1,52,,241304,21,,,1,11,,241274,21,,,1,20,,241305,21,,,1,20,,241262,21,,,1,60,,241282,21,,,1,8,,241310,21,,,1,12,,241306,21,,,1,20,,241263,21,,,1,60,,241264,21,,,1,20,,241307,21,,,1,20,,241283,21,,,1,60,,241265,21,,,1,20,,241308,21,,,1,20,,241266,21,,,1,60,,241284,21,,,1,20,,241309,21,,,1,20,,241267,21,,,1,60,,241285,21,,,1,20,,241296,21,,,1,70,,241268,21,,,1,30,,241269,21,,,1,71,,241270,21,,,1,30,,241271,21,,,1,70,,241272,21,,,1,30,,241297,21,,,1,70,,241288,21,,,1,28,,241289,21,,,1,69,,241290,21,,,1,30,,241291,21,,,1,70,,241292,21,,,1,30,,241293,21,,,1,70,,241294,21,,,1,30,,241295,21,,,1,70,,241273,21,,,1,100,,241287,21,,,1
5101,'051-Weekday-5-26-09-1111100',535,,241325,21,,,1,70,,241326,21,,,1,33,,241348,21,,,1,62,,241336,21,,,1,10,,241349,21,,,1,10,,241327,21,,,1,10,,241350,21,,,1,10,,241328,21,,,1,10,,241351,21,,,1,50,,241329,21,,,1,10,,241352,21,,,1,10,,241330,21,,,1,10,,241311,21,,,1,10,,241331,21,,,1,13,,241353,21,,,1,52,,241354,21,,,1,11,,241324,21,,,1,20,,241355,21,,,1,20,,241312,21,,,1,60,,241332,21,,,1,8,,241360,21,,,1,12,,241356,21,,,1,20,,241313,21,,,1,60,,241314,21,,,1,20,,241357,21,,,1,20,,241333,21,,,1,60,,241315,21,,,1,20,,241358,21,,,1,20,,241316,21,,,1,60,,241334,21,,,1,20,,241359,21,,,1,20,,241317,21,,,1,60,,241335,21,,,1,20,,241346,21,,,1,70,,241318,21,,,1,30,,241319,21,,,1,71,,241320,21,,,1,30,,241321,21,,,1,70,,241322,21,,,1,30,,241347,21,,,1,70,,241338,21,,,1,28,,241339,21,,,1,69,,241340,21,,,1,30,,241341,21,,,1,70,,241342,21,,,1,30,,241343,21,,,1,70,,241344,21,,,1,30,,241345,21,,,1,70,,241323,21,,,1,100,,241337,21,,,1
5101,'051-Weekday-6-26-09-1111100',535,,241375,21,,,1,70,,241376,21,,,1,33,,241398,21,,,1,62,,241386,21,,,1,10,,241399,21,,,1,10,,241377,21,,,1,10,,241400,21,,,1,10,,241378,21,,,1,10,,241401,21,,,1,50,,241379,21,,,1,7,,241410,21,,,1,3,,241402,21,,,1,10,,241380,21,,,1,5,,241411,21,,,1,5,,241361,21,,,1,10,,241381,21,,,1,13,,241403,21,,,1,52,,241404,21,,,1,11,,241374,21,,,1,20,,241405,21,,,1,20,,241362,21,,,1,60,,241382,21,,,1,20,,241406,21,,,1,20,,241363,21,,,1,60,,241364,21,,,1,20,,241407,21,,,1,20,,241383,21,,,1,60,,241365,21,,,1,20,,241408,21,,,1,20,,241366,21,,,1,60,,241384,21,,,1,20,,241409,21,,,1,20,,241367,21,,,1,60,,241385,21,,,1,20,,241396,21,,,1,70,,241368,21,,,1,30,,241369,21,,,1,71,,241370,21,,,1,30,,241371,21,,,1,70,,241372,21,,,1,30,,241397,21,,,1,70,,241388,21,,,1,28,,241389,21,,,1,69,,241390,21,,,1,30,,241391,21,,,1,70,,241392,21,,,1,30,,241393,21,,,1,70,,241394,21,,,1,30,,241395,21,,,1,70,,241373,21,,,1,100,,241387,21,,,1
5101,'051-Weekday-7-26-09-1111100',535,,241426,21,,,1,70,,241427,21,,,1,33,,241449,21,,,1,62,,241437,21,,,1,10,,241450,21,,,1,10,,241428,21,,,1,10,,241451,21,,,1,10,,241429,21,,,1,10,,241452,21,,,1,50,,241430,21,,,1,10,,241453,21,,,1,10,,241431,21,,,1,10,,241412,21,,,1,10,,241432,21,,,1,13,,241454,21,,,1,52,,241455,21,,,1,11,,241425,21,,,1,20,,241456,21,,,1,20,,241413,21,,,1,60,,241433,21,,,1,20,,241457,21,,,1,20,,241414,21,,,1,60,,241415,21,,,1,20,,241458,21,,,1,20,,241434,21,,,1,60,,241416,21,,,1,20,,241459,21,,,1,20,,241417,21,,,1,60,,241435,21,,,1,20,,241460,21,,,1,20,,241418,21,,,1,60,,241436,21,,,1,20,,241447,21,,,1,70,,241419,21,,,1,30,,241420,21,,,1,71,,241421,21,,,1,30,,241422,21,,,1,70,,241423,21,,,1,30,,241448,21,,,1,70,,241439,21,,,1,28,,241440,21,,,1,69,,241441,21,,,1,30,,241442,21,,,1,70,,241443,21,,,1,30,,241444,21,,,1,70,,241445,21,,,1,30,,241446,21,,,1,70,,241424,21,,,1,100,,241438,21,,,1
5101,'051-Saturday-1-26-09-0000010',615,,241461,21,,,1,100,,241462,21,,,1,100,,241463,21,,,1,30,,241464,21,,,1,70,,241465,21,,,1,30,,241466,21,,,1,70,,241467,21,,,1,30,,241468,21,,,1,70,,241469,21,,,1,30,,241470,21,,,1,70,,241471,21,,,1,30,,241472,21,,,1,70,,241473,21,,,1,30,,241474,21,,,1,70,,241475,21,,,1,30,,241476,21,,,1,70,,241477,21,,,1,30,,241478,21,,,1,70,,241479,21,,,1,30,,241480,21,,,1,69,,241481,21,,,1,30,,241482,21,,,1,70,,241483,21,,,1,30,,241484,21,,,1,70,,241485,21,,,1,100,,241486,21,,,1,100,,241487,21,,,1,100,,241488,21,,,1
5101,'051-Sunday-1-26-09-0000001',715,,241508,21,,,1,100,,241509,21,,,1,101,,241510,21,,,1,30,,241513,21,,,1,70,,241489,21,,,1,30,,241490,21,,,1,70,,241491,21,,,1,30,,241492,21,,,1,70,,241493,21,,,1,30,,241494,21,,,1,70,,241495,21,,,1,30,,241496,21,,,1,70,,241497,21,,,1,30,,241498,21,,,1,70,,241499,21,,,1,30,,241500,21,,,1,70,,241501,21,,,1,30,,241502,21,,,1,69,,241503,21,,,1,30,,241504,21,,,1,70,,241505,21,,,1,30,,241506,21,,,1,70,,241507,21,,,1,100,,241511,21,,,1,100,,241512,21,,,1,100,,241514,21,,,1
24014001,'140X-Weekday-1-26-09-1111100',625,,308199,41,,,1,21,,308204,41,,,1,61,,308198,41,,,1,20,,308200,41,,,1,20,,308201,41,,,1,60,,308202,41,,,1,20,,308203,41,,,1,20,,308205,41,,,1
24014001,'140X-Weekday-2-26-09-1111100',625,,308207,41,,,1,21,,308212,41,,,1,61,,308206,41,,,1,20,,308208,41,,,1,20,,308209,41,,,1,60,,308210,41,,,1,20,,308211,41,,,1,20,,308213,41,,,1
24014001,'140X-Weekday-3-26-09-1111100',625,,308215,41,,,1,21,,308220,41,,,1,61,,308214,41,,,1,20,,308216,41,,,1,20,,308217,41,,,1,60,,308218,41,,,1,20,,308219,41,,,1,20,,308221,41,,,1
24014001,'140X-Weekday-4-26-09-1111100',625,,308223,41,,,1,21,,308228,41,,,1,61,,308222,41,,,1,20,,308224,41,,,1,20,,308225,41,,,1,60,,308226,41,,,1,20,,308227,41,,,1,20,,308229,41,,,1
24014001,'140X-Weekday-5-26-09-1111100',625,,308231,41,,,1,21,,308236,41,,,1,61,,308230,41,,,1,20,,308232,41,,,1,20,,308233,41,,,1,60,,308234,41,,,1,20,,308235,41,,,1,20,,308237,41,,,1
24014001,'140X-Weekday-6-26-09-1111100',625,,308239,41,,,1,21,,308244,41,,,1,61,,308238,41,,,1,20,,308240,41,,,1,20,,308241,41,,,1,60,,308242,41,,,1,20,,308243,41,,,1,20,,308245,41,,,1
24014001,'140X-Weekday-7-26-09-1111100',625,,308247,41,,,1,21,,308252,41,,,1,61,,308246,41,,,1,20,,308248,41,,,1,20,,308249,41,,,1,60,,308250,41,,,1,20,,308251,41,,,1,20,,308253,41,,,1
