91601,'916-Weekday-1-26-09-0001000',1220,,298408,15,,,1
91601,'916-Weekday-1-26-09-1110100',1519,,298410,15,,,1,102,,298409,15,,,1
91601,'916-Weekday-1-26-09-1111100',542,,298411,15,,,1,70,,298449,15,,,1,15,,298439,15,,,1,16,,298454,15,,,1,15,,298440,15,,,1,55,,298441,15,,,1,15,,298442,15,,,1,15,,298455,15,,,1,15,,298443,15,,,1,55,,298448,15,,,1,30,,298447,15,,,1,71,,298412,15,,,1,30,,298413,15,,,1,70,,298414,15,,,1,30,,298415,15,,,1,70,,298416,15,,,1,30,,298417,15,,,1,70,,298418,15,,,1,30,,298419,15,,,1,70,,298420,15,,,1,30,,298421,15,,,1,70,,298422,15,,,1,30,,298423,15,,,1,72,,298424,15,,,1,12,,298425,15,,,1,12,,298444,15,,,1,12,,298426,15,,,1,52,,298427,15,,,1,12,,298456,15,,,1,12,,298428,15,,,1,12,,298445,15,,,1,12,,298429,15,,,1,52,,298430,15,,,1,12,,298457,15,,,1,12,,298431,15,,,1,12,,298450,15,,,1,70,,298451,15,,,1,28,,298432,15,,,1,70,,298433,15,,,1,30,,298434,15,,,1,70,,298435,15,,,1,30,,298436,15,,,1,70,,298437,15,,,1,30,,298438,15,,,1,69,,298452,15,,,1,100,,298446,15,,,1,100,,298453,15,,,1
91601,'916-Weekday-3-26-09-1110100',1519,,298506,15,,,1
91601,'916-Weekday-3-26-09-1111100',542,,298507,15,,,1,70,,298545,15,,,1,15,,298535,15,,,1,16,,298550,15,,,1,15,,298536,15,,,1,55,,298537,15,,,1,15,,298538,15,,,1,15,,298551,15,,,1,15,,298539,15,,,1,55,,298544,15,,,1,30,,298543,15,,,1,71,,298508,15,,,1,30,,298509,15,,,1,70,,298510,15,,,1,30,,298511,15,,,1,70,,298512,15,,,1,30,,298513,15,,,1,70,,298514,15,,,1,30,,298515,15,,,1,70,,298516,15,,,1,30,,298517,15,,,1,70,,298518,15,,,1,30,,298519,15,,,1,72,,298520,15,,,1,12,,298521,15,,,1,12,,298540,15,,,1,12,,298522,15,,,1,52,,298523,15,,,1,12,,298552,15,,,1,12,,298524,15,,,1,12,,298541,15,,,1,12,,298525,15,,,1,52,,298526,15,,,1,12,,298553,15,,,1,12,,298527,15,,,1,12,,298546,15,,,1,70,,298547,15,,,1,28,,298528,15,,,1,70,,298529,15,,,1,30,,298530,15,,,1,70,,298531,15,,,1,30,,298532,15,,,1,70,,298533,15,,,1,30,,298534,15,,,1,69,,298548,15,,,1,100,,298542,15,,,1,100,,298549,15,,,1
91601,'916-Weekday-4-26-09-1111100',542,,298554,15,,,1,70,,298592,15,,,1,15,,298582,15,,,1,16,,298597,15,,,1,15,,298583,15,,,1,55,,298584,15,,,1,15,,298585,15,,,1,15,,298598,15,,,1,15,,298586,15,,,1,55,,298591,15,,,1,30,,298590,15,,,1,71,,298555,15,,,1,30,,298556,15,,,1,70,,298557,15,,,1,30,,298558,15,,,1,70,,298559,15,,,1,30,,298560,15,,,1,70,,298561,15,,,1,30,,298562,15,,,1,70,,298563,15,,,1,30,,298564,15,,,1,70,,298565,15,,,1,30,,298566,15,,,1,72,,298567,15,,,1,12,,298568,15,,,1,12,,298587,15,,,1,12,,298569,15,,,1,52,,298570,15,,,1,12,,298599,15,,,1,12,,298571,15,,,1,12,,298588,15,,,1,12,,298572,15,,,1,52,,298573,15,,,1,12,,298600,15,,,1,12,,298574,15,,,1,12,,298593,15,,,1,70,,298594,15,,,1,28,,298575,15,,,1,70,,298576,15,,,1,30,,298577,15,,,1,70,,298578,15,,,1,30,,298579,15,,,1,70,,298580,15,,,1,30,,298581,15,,,1,69,,298595,15,,,1,100,,298589,15,,,1,100,,298596,15,,,1
91601,'916-Weekday-5-26-09-1111100',542,,298601,15,,,1,70,,298639,15,,,1,15,,298629,15,,,1,16,,298644,15,,,1,15,,298630,15,,,1,55,,298631,15,,,1,15,,298632,15,,,1,15,,298645,15,,,1,15,,298633,15,,,1,55,,298638,15,,,1,30,,298637,15,,,1,71,,298602,15,,,1,30,,298603,15,,,1,70,,298604,15,,,1,30,,298605,15,,,1,70,,298606,15,,,1,30,,298607,15,,,1,70,,298608,15,,,1,30,,298609,15,,,1,70,,298610,15,,,1,30,,298611,15,,,1,70,,298612,15,,,1,30,,298613,15,,,1,72,,298614,15,,,1,12,,298615,15,,,1,12,,298634,15,,,1,12,,298616,15,,,1,52,,298617,15,,,1,12,,298646,15,,,1,12,,298618,15,,,1,12,,298635,15,,,1,12,,298619,15,,,1,52,,298620,15,,,1,12,,298647,15,,,1,12,,298621,15,,,1,12,,298640,15,,,1,70,,298641,15,,,1,28,,298622,15,,,1,70,,298623,15,,,1,30,,298624,15,,,1,70,,298625,15,,,1,30,,298626,15,,,1,70,,298627,15,,,1,30,,298628,15,,,1,69,,298642,15,,,1,100,,298636,15,,,1,100,,298643,15,,,1
91601,'916-Weekday-6-26-09-1110100',1519,,298649,15,,,1,102,,298648,15,,,1
91601,'916-Weekday-6-26-09-1111100',542,,298650,15,,,1,70,,298688,15,,,1,15,,298678,15,,,1,16,,298693,15,,,1,15,,298679,15,,,1,55,,298680,15,,,1,15,,298681,15,,,1,15,,298694,15,,,1,15,,298682,15,,,1,55,,298687,15,,,1,30,,298686,15,,,1,71,,298651,15,,,1,30,,298652,15,,,1,70,,298653,15,,,1,30,,298654,15,,,1,70,,298655,15,,,1,30,,298656,15,,,1,70,,298657,15,,,1,30,,298658,15,,,1,70,,298659,15,,,1,30,,298660,15,,,1,70,,298661,15,,,1,30,,298662,15,,,1,72,,298663,15,,,1,12,,298664,15,,,1,12,,298683,15,,,1,12,,298665,15,,,1,52,,298666,15,,,1,12,,298695,15,,,1,12,,298667,15,,,1,12,,298684,15,,,1,12,,298668,15,,,1,52,,298669,15,,,1,12,,298696,15,,,1,12,,298670,15,,,1,12,,298689,15,,,1,70,,298690,15,,,1,28,,298671,15,,,1,70,,298672,15,,,1,30,,298673,15,,,1,70,,298674,15,,,1,30,,298675,15,,,1,70,,298676,15,,,1,30,,298677,15,,,1,69,,298691,15,,,1,100,,298685,15,,,1,100,,298692,15,,,1
91601,'916-Weekday-7-26-09-1111100',542,,298697,15,,,1,70,,298735,15,,,1,15,,298725,15,,,1,16,,298740,15,,,1,15,,298726,15,,,1,55,,298727,15,,,1,15,,298728,15,,,1,15,,298741,15,,,1,15,,298729,15,,,1,55,,298734,15,,,1,30,,298733,15,,,1,71,,298698,15,,,1,30,,298699,15,,,1,70,,298700,15,,,1,30,,298701,15,,,1,70,,298702,15,,,1,30,,298703,15,,,1,70,,298704,15,,,1,30,,298705,15,,,1,70,,298706,15,,,1,30,,298707,15,,,1,70,,298708,15,,,1,30,,298709,15,,,1,72,,298710,15,,,1,12,,298711,15,,,1,12,,298730,15,,,1,12,,298712,15,,,1,52,,298713,15,,,1,12,,298742,15,,,1,12,,298714,15,,,1,12,,298731,15,,,1,12,,298715,15,,,1,52,,298716,15,,,1,12,,298743,15,,,1,12,,298717,15,,,1,12,,298736,15,,,1,70,,298737,15,,,1,28,,298718,15,,,1,70,,298719,15,,,1,30,,298720,15,,,1,70,,298721,15,,,1,30,,298722,15,,,1,70,,298723,15,,,1,30,,298724,15,,,1,69,,298738,15,,,1,100,,298732,15,,,1,100,,298739,15,,,1
91601,'916-Saturday-1-26-09-0000010',645,,298744,15,,,1,100,,298745,15,,,1,70,,298746,15,,,1,30,,298747,15,,,1,72,,298748,15,,,1,32,,298749,15,,,1,72,,298750,15,,,1,30,,298751,15,,,1,70,,298752,15,,,1,30,,298753,15,,,1,70,,298754,15,,,1,30,,298755,15,,,1,70,,298756,15,,,1,30,,298757,15,,,1,70,,298758,15,,,1,30,,298759,15,,,1,70,,298760,15,,,1,30,,298761,15,,,1,70,,298762,15,,,1,30,,298763,15,,,1,70,,298764,15,,,1,30,,298765,15,,,1,70,,298772,15,,,1,30,,298773,15,,,1,65,,298766,15,,,1,100,,298767,15,,,1,100,,298768,15,,,1,100,,298769,15,,,1,100,,298770,15,,,1,100,,298771,15,,,1
91601,'916-Sunday-1-26-09-0000001',645,,298774,15,,,1,100,,298775,15,,,1,100,,298776,15,,,1,100,,298798,15,,,1,101,,298777,15,,,1,70,,298778,15,,,1,30,,298779,15,,,1,70,,298780,15,,,1,30,,298781,15,,,1,70,,298782,15,,,1,30,,298783,15,,,1,70,,298784,15,,,1,30,,298785,15,,,1,70,,298786,15,,,1,30,,298787,15,,,1,70,,298788,15,,,1,30,,298789,15,,,1,70,,298799,15,,,1,26,,298800,15,,,1,68,,298790,15,,,1,30,,298791,15,,,1,70,,298792,15,,,1,37,,298793,15,,,1,100,,298794,15,,,1,100,,298795,15,,,1,100,,298796,15,,,1,100,,298797,15,,,1
