61501,'615-Weekday-1-26-09-0001000',1237,,273288,10,,,1
61501,'615-Weekday-1-26-09-1110100',1541,,273289,10,,,1
61501,'615-Weekday-4-26-09-1110100',1541,,273290,10,,,1
61501,'615-Weekday-7-26-09-1110100',1541,,273291,10,,,1
62500,'625-Weekday-1-26-09-1110100',1534,,273501,38,,,1
62500,'625-Weekday-4-26-09-1110100',1534,,273502,38,,,1
62500,'625-Weekday-7-26-09-1110100',1534,,273503,38,,,1
24014000,'140X-Weekday-1-26-09-1111100',1538,,308142,37,,,1,21,,308143,37,,,1,62,,308144,37,,,1,21,,308145,37,,,1,60,,308146,37,,,1,19,,308147,37,,,1,16,,308148,37,,,1,15,,308149,37,,,1
24014000,'140X-Weekday-3-26-09-1111100',1538,,308158,37,,,1,21,,308159,37,,,1,62,,308160,37,,,1,21,,308161,37,,,1,60,,308162,37,,,1,19,,308163,37,,,1,16,,308164,37,,,1,15,,308165,37,,,1
24014000,'140X-Weekday-4-26-09-1111100',1538,,308166,37,,,1,21,,308167,37,,,1,62,,308168,37,,,1,21,,308169,37,,,1,60,,308170,37,,,1,19,,308171,37,,,1,16,,308172,37,,,1,15,,308173,37,,,1
24014000,'140X-Weekday-5-26-09-1111100',1538,,308174,37,,,1,21,,308175,37,,,1,62,,308176,37,,,1,21,,308177,37,,,1,60,,308178,37,,,1,19,,308179,37,,,1,16,,308180,37,,,1,15,,308181,37,,,1
24014000,'140X-Weekday-6-26-09-1111100',1538,,308182,37,,,1,21,,308183,37,,,1,62,,308184,37,,,1,21,,308185,37,,,1,60,,308186,37,,,1,19,,308187,37,,,1,16,,308188,37,,,1,15,,308189,37,,,1
24014000,'140X-Weekday-7-26-09-1111100',1538,,308190,37,,,1,21,,308191,37,,,1,62,,308192,37,,,1,21,,308193,37,,,1,60,,308194,37,,,1,19,,308195,37,,,1,16,,308196,37,,,1,15,,308197,37,,,1
