91500,'915-Weekday-1-26-09-1111100',533,,297212,5,,,1,70,,297213,5,,,1,31,,297255,5,,,1,12,,297214,5,,,1,12,,297253,5,,,1,52,,297257,5,,,1,12,,297215,5,,,1,12,,297216,5,,,1,12,,297217,5,,,1,12,,297218,5,,,1,52,,297258,5,,,1,12,,297219,5,,,1,11,,297254,5,,,1,70,,297220,5,,,1,30,,297221,5,,,1,70,,297222,5,,,1,30,,297223,5,,,1,70,,297224,5,,,1,30,,297225,5,,,1,70,,297226,5,,,1,30,,297227,5,,,1,70,,297228,5,,,1,30,,297229,5,,,1,70,,297230,5,,,1,30,,297231,5,,,1,71,,297232,5,,,1,16,,297233,5,,,1,15,,297234,5,,,1,15,,297235,5,,,1,55,,297236,5,,,1,15,,297237,5,,,1,15,,297238,5,,,1,15,,297239,5,,,1,55,,297240,5,,,1,15,,297241,5,,,1,14,,297250,5,,,1,70,,297242,5,,,1,28,,297243,5,,,1,70,,297244,5,,,1,30,,297245,5,,,1,70,,297246,5,,,1,30,,297247,5,,,1,70,,297248,5,,,1,30,,297249,5,,,1,69,,297256,5,,,1,100,,297251,5,,,1,100,,297252,5,,,1
91500,'915-Weekday-2-26-09-1111100',533,,297259,5,,,1,70,,297260,5,,,1,31,,297302,5,,,1,12,,297261,5,,,1,12,,297300,5,,,1,52,,297304,5,,,1,12,,297262,5,,,1,12,,297263,5,,,1,12,,297264,5,,,1,12,,297265,5,,,1,52,,297305,5,,,1,12,,297266,5,,,1,11,,297301,5,,,1,70,,297267,5,,,1,30,,297268,5,,,1,70,,297269,5,,,1,30,,297270,5,,,1,70,,297271,5,,,1,30,,297272,5,,,1,70,,297273,5,,,1,30,,297274,5,,,1,70,,297275,5,,,1,30,,297276,5,,,1,70,,297277,5,,,1,30,,297278,5,,,1,71,,297279,5,,,1,16,,297280,5,,,1,15,,297281,5,,,1,15,,297282,5,,,1,55,,297283,5,,,1,15,,297284,5,,,1,15,,297285,5,,,1,15,,297286,5,,,1,55,,297287,5,,,1,15,,297288,5,,,1,14,,297297,5,,,1,70,,297289,5,,,1,28,,297290,5,,,1,70,,297291,5,,,1,30,,297292,5,,,1,70,,297293,5,,,1,30,,297294,5,,,1,70,,297295,5,,,1,30,,297296,5,,,1,69,,297303,5,,,1,100,,297298,5,,,1,100,,297299,5,,,1
91500,'915-Weekday-3-26-09-1111100',533,,297306,5,,,1,70,,297307,5,,,1,31,,297349,5,,,1,12,,297308,5,,,1,12,,297347,5,,,1,52,,297351,5,,,1,12,,297309,5,,,1,12,,297310,5,,,1,12,,297311,5,,,1,12,,297312,5,,,1,52,,297352,5,,,1,12,,297313,5,,,1,11,,297348,5,,,1,70,,297314,5,,,1,30,,297315,5,,,1,70,,297316,5,,,1,30,,297317,5,,,1,70,,297318,5,,,1,30,,297319,5,,,1,70,,297320,5,,,1,30,,297321,5,,,1,70,,297322,5,,,1,30,,297323,5,,,1,70,,297324,5,,,1,30,,297325,5,,,1,71,,297326,5,,,1,16,,297327,5,,,1,15,,297328,5,,,1,15,,297329,5,,,1,55,,297330,5,,,1,15,,297331,5,,,1,15,,297332,5,,,1,15,,297333,5,,,1,55,,297334,5,,,1,15,,297335,5,,,1,14,,297344,5,,,1,70,,297336,5,,,1,28,,297337,5,,,1,70,,297338,5,,,1,30,,297339,5,,,1,70,,297340,5,,,1,30,,297341,5,,,1,70,,297342,5,,,1,30,,297343,5,,,1,69,,297350,5,,,1,100,,297345,5,,,1,100,,297346,5,,,1
91500,'915-Weekday-4-26-09-1111100',533,,297353,5,,,1,70,,297354,5,,,1,31,,297396,5,,,1,12,,297355,5,,,1,12,,297394,5,,,1,52,,297398,5,,,1,12,,297356,5,,,1,12,,297357,5,,,1,12,,297358,5,,,1,12,,297359,5,,,1,52,,297399,5,,,1,12,,297360,5,,,1,11,,297395,5,,,1,70,,297361,5,,,1,30,,297362,5,,,1,70,,297363,5,,,1,30,,297364,5,,,1,70,,297365,5,,,1,30,,297366,5,,,1,70,,297367,5,,,1,30,,297368,5,,,1,70,,297369,5,,,1,30,,297370,5,,,1,70,,297371,5,,,1,30,,297372,5,,,1,71,,297373,5,,,1,16,,297374,5,,,1,15,,297375,5,,,1,15,,297376,5,,,1,55,,297377,5,,,1,15,,297378,5,,,1,15,,297379,5,,,1,15,,297380,5,,,1,55,,297381,5,,,1,15,,297382,5,,,1,14,,297391,5,,,1,70,,297383,5,,,1,28,,297384,5,,,1,70,,297385,5,,,1,30,,297386,5,,,1,70,,297387,5,,,1,30,,297388,5,,,1,70,,297389,5,,,1,30,,297390,5,,,1,69,,297397,5,,,1,100,,297392,5,,,1,100,,297393,5,,,1
91500,'915-Weekday-5-26-09-1111100',533,,297400,5,,,1,70,,297401,5,,,1,31,,297443,5,,,1,12,,297402,5,,,1,12,,297441,5,,,1,52,,297445,5,,,1,12,,297403,5,,,1,12,,297404,5,,,1,12,,297405,5,,,1,12,,297406,5,,,1,52,,297446,5,,,1,12,,297407,5,,,1,11,,297442,5,,,1,70,,297408,5,,,1,30,,297409,5,,,1,70,,297410,5,,,1,30,,297411,5,,,1,70,,297412,5,,,1,30,,297413,5,,,1,70,,297414,5,,,1,30,,297415,5,,,1,70,,297416,5,,,1,30,,297417,5,,,1,70,,297418,5,,,1,30,,297419,5,,,1,71,,297420,5,,,1,16,,297421,5,,,1,15,,297422,5,,,1,15,,297423,5,,,1,55,,297424,5,,,1,15,,297425,5,,,1,15,,297426,5,,,1,15,,297427,5,,,1,55,,297428,5,,,1,15,,297429,5,,,1,14,,297438,5,,,1,70,,297430,5,,,1,28,,297431,5,,,1,70,,297432,5,,,1,30,,297433,5,,,1,70,,297434,5,,,1,30,,297435,5,,,1,70,,297436,5,,,1,30,,297437,5,,,1,69,,297444,5,,,1,100,,297439,5,,,1,100,,297440,5,,,1
91500,'915-Weekday-6-26-09-1111100',533,,297447,5,,,1,70,,297448,5,,,1,31,,297490,5,,,1,12,,297449,5,,,1,12,,297488,5,,,1,52,,297492,5,,,1,12,,297450,5,,,1,12,,297451,5,,,1,12,,297452,5,,,1,12,,297453,5,,,1,52,,297493,5,,,1,12,,297454,5,,,1,11,,297489,5,,,1,70,,297455,5,,,1,30,,297456,5,,,1,70,,297457,5,,,1,30,,297458,5,,,1,70,,297459,5,,,1,30,,297460,5,,,1,70,,297461,5,,,1,30,,297462,5,,,1,70,,297463,5,,,1,30,,297464,5,,,1,70,,297465,5,,,1,30,,297466,5,,,1,71,,297467,5,,,1,16,,297468,5,,,1,15,,297469,5,,,1,15,,297470,5,,,1,55,,297471,5,,,1,15,,297472,5,,,1,15,,297473,5,,,1,15,,297474,5,,,1,55,,297475,5,,,1,15,,297476,5,,,1,14,,297485,5,,,1,70,,297477,5,,,1,28,,297478,5,,,1,70,,297479,5,,,1,30,,297480,5,,,1,70,,297481,5,,,1,30,,297482,5,,,1,70,,297483,5,,,1,30,,297484,5,,,1,69,,297491,5,,,1,100,,297486,5,,,1,100,,297487,5,,,1
91500,'915-Weekday-7-26-09-1111100',533,,297494,5,,,1,70,,297495,5,,,1,31,,297537,5,,,1,12,,297496,5,,,1,12,,297535,5,,,1,52,,297539,5,,,1,12,,297497,5,,,1,12,,297498,5,,,1,12,,297499,5,,,1,12,,297500,5,,,1,52,,297540,5,,,1,12,,297501,5,,,1,11,,297536,5,,,1,70,,297502,5,,,1,30,,297503,5,,,1,70,,297504,5,,,1,30,,297505,5,,,1,70,,297506,5,,,1,30,,297507,5,,,1,70,,297508,5,,,1,30,,297509,5,,,1,70,,297510,5,,,1,30,,297511,5,,,1,70,,297512,5,,,1,30,,297513,5,,,1,71,,297514,5,,,1,16,,297515,5,,,1,15,,297516,5,,,1,15,,297517,5,,,1,55,,297518,5,,,1,15,,297519,5,,,1,15,,297520,5,,,1,15,,297521,5,,,1,55,,297522,5,,,1,15,,297523,5,,,1,14,,297532,5,,,1,70,,297524,5,,,1,28,,297525,5,,,1,70,,297526,5,,,1,30,,297527,5,,,1,70,,297528,5,,,1,30,,297529,5,,,1,70,,297530,5,,,1,30,,297531,5,,,1,69,,297538,5,,,1,100,,297533,5,,,1,100,,297534,5,,,1
91500,'915-Saturday-1-26-09-0000010',551,,297541,5,,,1,100,,297542,5,,,1,100,,297543,5,,,1,70,,297544,5,,,1,30,,297545,5,,,1,71,,297546,5,,,1,30,,297547,5,,,1,70,,297548,5,,,1,30,,297549,5,,,1,70,,297550,5,,,1,30,,297551,5,,,1,70,,297552,5,,,1,30,,297553,5,,,1,70,,297554,5,,,1,30,,297555,5,,,1,70,,297556,5,,,1,30,,297557,5,,,1,70,,297558,5,,,1,30,,297559,5,,,1,70,,297560,5,,,1,30,,297561,5,,,1,70,,297562,5,,,1,30,,297563,5,,,1,70,,297564,5,,,1,30,,297565,5,,,1,70,,297566,5,,,1,30,,297567,5,,,1,70,,297568,5,,,1,30,,297569,5,,,1,70,,297570,5,,,1,30,,297571,5,,,1,100,,297572,5,,,1,100,,297573,5,,,1
91500,'915-Sunday-1-26-09-0000001',619,,297593,5,,,1,100,,297580,5,,,1,100,,297579,5,,,1,103,,297578,5,,,1,101,,297577,5,,,1,34,,297576,5,,,1,70,,297575,5,,,1,30,,297574,5,,,1,71,,297581,5,,,1,30,,297582,5,,,1,70,,297583,5,,,1,30,,297584,5,,,1,70,,297585,5,,,1,30,,297586,5,,,1,70,,297587,5,,,1,30,,297588,5,,,1,70,,297589,5,,,1,30,,297590,5,,,1,68,,297591,5,,,1,30,,297592,5,,,1,72,,297594,5,,,1,30,,297595,5,,,1,70,,297596,5,,,1,30,,297597,5,,,1,68,,297598,5,,,1,30,,297599,5,,,1,70,,297600,5,,,1,96,,297601,5,,,1,100,,297602,5,,,1,100,,297603,5,,,1
92500,'925-Weekday-1-26-09-1111100',810,,302960,5,,,1,101,,302958,5,,,1,100,,302955,5,,,1,100,,302959,5,,,1,100,,302953,5,,,1,100,,302957,5,,,1,100,,302954,5,,,1,100,,302956,5,,,1
92500,'925-Weekday-2-26-09-1111100',810,,302968,5,,,1,101,,302966,5,,,1,100,,302963,5,,,1,100,,302967,5,,,1,100,,302961,5,,,1,100,,302965,5,,,1,100,,302962,5,,,1,100,,302964,5,,,1
92500,'925-Weekday-3-26-09-1111100',810,,302976,5,,,1,101,,302974,5,,,1,100,,302971,5,,,1,100,,302975,5,,,1,100,,302969,5,,,1,100,,302973,5,,,1,100,,302970,5,,,1,100,,302972,5,,,1
92500,'925-Weekday-4-26-09-1111100',810,,302984,5,,,1,101,,302982,5,,,1,100,,302979,5,,,1,100,,302983,5,,,1,100,,302977,5,,,1,100,,302981,5,,,1,100,,302978,5,,,1,100,,302980,5,,,1
92500,'925-Weekday-5-26-09-1111100',810,,302992,5,,,1,101,,302990,5,,,1,100,,302987,5,,,1,100,,302991,5,,,1,100,,302985,5,,,1,100,,302989,5,,,1,100,,302986,5,,,1,100,,302988,5,,,1
92500,'925-Weekday-6-26-09-1111100',810,,303000,5,,,1,101,,302998,5,,,1,100,,302995,5,,,1,100,,302999,5,,,1,100,,302993,5,,,1,100,,302997,5,,,1,100,,302994,5,,,1,100,,302996,5,,,1
92500,'925-Weekday-7-26-09-1111100',810,,303008,5,,,1,101,,303006,5,,,1,100,,303003,5,,,1,100,,303007,5,,,1,100,,303001,5,,,1,100,,303005,5,,,1,100,,303002,5,,,1,100,,303004,5,,,1
