5601,'056-Weekday-1-26-09-1111100',533,,245596,44,,,1,70,,245597,44,,,1,15,,245598,44,,,1,16,,245599,44,,,1,18,,245600,44,,,1,57,,245601,44,,,1,16,,245602,44,,,1,15,,245603,44,,,1,15,,245595,44,,,1,54,,245669,5,0,58,1,1,,245605,44,,,1,15,,245607,44,,,1,15,,245609,44,,,1,15,,245611,44,,,1,54,,245613,44,,,1,16,,245615,44,,,1,15,,245616,44,,,1,15,,245617,44,,,1,55,,245618,44,,,1,15,,245619,44,,,1,15,,245620,44,,,1,15,,245621,44,,,1,55,,245622,44,,,1,15,,245623,44,,,1,15,,245624,44,,,1,15,,245625,44,,,1,55,,245626,44,,,1,15,,245627,44,,,1,15,,245628,44,,,1,15,,245629,44,,,1,55,,245630,44,,,1,15,,245631,44,,,1,15,,245632,44,,,1,15,,245633,44,,,1,55,,245634,44,,,1,15,,245635,44,,,1,15,,245636,44,,,1,15,,245637,44,,,1,57,,245638,44,,,1,18,,245639,44,,,1,14,,245640,44,,,1,13,,245641,44,,,1,52,,245642,44,,,1,12,,245643,44,,,1,12,,245644,44,,,1,12,,245645,44,,,1,12,,245646,44,,,1,52,,245647,44,,,1,12,,245648,44,,,1,12,,245649,44,,,1,12,,245650,44,,,1,12,,245651,44,,,1,52,,245652,44,,,1,12,,245653,44,,,1,11,,245654,44,,,1,10,,245655,44,,,1,16,,245656,44,,,1,60,,245657,44,,,1,20,,245658,44,,,1,20,,245659,44,,,1,60,,245660,44,,,1,20,,245661,44,,,1,20,,245662,44,,,1,60,,245671,44,,,1,20,,245672,44,,,1,20,,245673,44,,,1,57,,245674,44,,,1,17,,245675,44,,,1,19,,245663,44,,,1,100,,245664,44,,,1,100,,245665,44,,,1
5601,'056-Weekday-2-26-09-1111100',533,,245677,44,,,1,70,,245678,44,,,1,15,,245679,44,,,1,16,,245680,44,,,1,18,,245681,44,,,1,57,,245682,44,,,1,16,,245683,44,,,1,15,,245684,44,,,1,15,,245676,44,,,1,54,,245750,5,0,58,1,1,,245686,44,,,1,15,,245688,44,,,1,15,,245690,44,,,1,15,,245692,44,,,1,54,,245694,44,,,1,16,,245696,44,,,1,15,,245697,44,,,1,15,,245698,44,,,1,55,,245699,44,,,1,15,,245700,44,,,1,15,,245701,44,,,1,15,,245702,44,,,1,55,,245703,44,,,1,15,,245704,44,,,1,15,,245705,44,,,1,15,,245706,44,,,1,55,,245707,44,,,1,15,,245708,44,,,1,15,,245709,44,,,1,15,,245710,44,,,1,55,,245711,44,,,1,15,,245712,44,,,1,15,,245713,44,,,1,15,,245714,44,,,1,55,,245715,44,,,1,15,,245716,44,,,1,15,,245717,44,,,1,15,,245718,44,,,1,57,,245719,44,,,1,18,,245720,44,,,1,14,,245721,44,,,1,13,,245722,44,,,1,52,,245723,44,,,1,12,,245724,44,,,1,12,,245725,44,,,1,12,,245726,44,,,1,12,,245727,44,,,1,52,,245728,44,,,1,12,,245729,44,,,1,12,,245730,44,,,1,12,,245731,44,,,1,12,,245732,44,,,1,52,,245733,44,,,1,12,,245734,44,,,1,11,,245735,44,,,1,10,,245736,44,,,1,16,,245737,44,,,1,60,,245738,44,,,1,20,,245739,44,,,1,20,,245740,44,,,1,60,,245741,44,,,1,20,,245742,44,,,1,20,,245743,44,,,1,60,,245752,44,,,1,20,,245753,44,,,1,20,,245754,44,,,1,57,,245755,44,,,1,17,,245756,44,,,1,19,,245744,44,,,1,100,,245745,44,,,1,100,,245746,44,,,1
5601,'056-Weekday-3-26-09-1111100',533,,245758,44,,,1,70,,245759,44,,,1,15,,245760,44,,,1,16,,245761,44,,,1,18,,245762,44,,,1,57,,245763,44,,,1,16,,245764,44,,,1,15,,245765,44,,,1,15,,245757,44,,,1,55,,245767,44,,,1,15,,245769,44,,,1,15,,245771,44,,,1,15,,245773,44,,,1,54,,245775,44,,,1,16,,245777,44,,,1,15,,245778,44,,,1,15,,245779,44,,,1,55,,245780,44,,,1,15,,245781,44,,,1,15,,245782,44,,,1,15,,245783,44,,,1,55,,245784,44,,,1,15,,245785,44,,,1,15,,245786,44,,,1,15,,245787,44,,,1,55,,245788,44,,,1,15,,245789,44,,,1,15,,245790,44,,,1,15,,245791,44,,,1,55,,245792,44,,,1,15,,245793,44,,,1,15,,245794,44,,,1,15,,245795,44,,,1,55,,245796,44,,,1,15,,245797,44,,,1,15,,245798,44,,,1,15,,245799,44,,,1,57,,245800,44,,,1,18,,245801,44,,,1,14,,245802,44,,,1,13,,245803,44,,,1,52,,245804,44,,,1,12,,245805,44,,,1,12,,245806,44,,,1,12,,245807,44,,,1,12,,245808,44,,,1,52,,245809,44,,,1,12,,245810,44,,,1,12,,245811,44,,,1,12,,245812,44,,,1,12,,245813,44,,,1,52,,245814,44,,,1,12,,245815,44,,,1,11,,245816,44,,,1,10,,245817,44,,,1,16,,245818,44,,,1,60,,245819,44,,,1,20,,245820,44,,,1,20,,245821,44,,,1,60,,245822,44,,,1,20,,245823,44,,,1,20,,245824,44,,,1,60,,245832,44,,,1,20,,245833,44,,,1,20,,245834,44,,,1,57,,245835,44,,,1,17,,245836,44,,,1,19,,245825,44,,,1,100,,245826,44,,,1,100,,245827,44,,,1
5601,'056-Weekday-4-26-09-1111100',533,,245838,44,,,1,70,,245839,44,,,1,15,,245840,44,,,1,16,,245841,44,,,1,18,,245842,44,,,1,57,,245843,44,,,1,16,,245844,44,,,1,15,,245845,44,,,1,15,,245837,44,,,1,55,,245847,44,,,1,15,,245849,44,,,1,15,,245851,44,,,1,15,,245853,44,,,1,54,,245855,44,,,1,16,,245857,44,,,1,15,,245858,44,,,1,15,,245859,44,,,1,55,,245860,44,,,1,15,,245861,44,,,1,15,,245862,44,,,1,15,,245863,44,,,1,55,,245864,44,,,1,15,,245865,44,,,1,15,,245866,44,,,1,15,,245867,44,,,1,55,,245868,44,,,1,15,,245869,44,,,1,15,,245870,44,,,1,15,,245871,44,,,1,55,,245872,44,,,1,15,,245873,44,,,1,15,,245874,44,,,1,15,,245875,44,,,1,55,,245876,44,,,1,15,,245877,44,,,1,15,,245878,44,,,1,15,,245879,44,,,1,57,,245880,44,,,1,18,,245881,44,,,1,14,,245882,44,,,1,13,,245883,44,,,1,52,,245884,44,,,1,12,,245885,44,,,1,12,,245886,44,,,1,12,,245887,44,,,1,12,,245888,44,,,1,52,,245889,44,,,1,12,,245890,44,,,1,12,,245891,44,,,1,12,,245892,44,,,1,12,,245893,44,,,1,52,,245894,44,,,1,12,,245895,44,,,1,11,,245896,44,,,1,10,,245897,44,,,1,16,,245898,44,,,1,60,,245899,44,,,1,20,,245900,44,,,1,20,,245901,44,,,1,60,,245902,44,,,1,20,,245903,44,,,1,20,,245904,44,,,1,60,,245912,44,,,1,20,,245913,44,,,1,20,,245914,44,,,1,57,,245915,44,,,1,17,,245916,44,,,1,19,,245905,44,,,1,100,,245906,44,,,1,100,,245907,44,,,1
5601,'056-Weekday-5-26-09-1111100',533,,245918,44,,,1,70,,245919,44,,,1,15,,245920,44,,,1,16,,245921,44,,,1,18,,245922,44,,,1,57,,245923,44,,,1,16,,245924,44,,,1,15,,245925,44,,,1,15,,245917,44,,,1,55,,245927,44,,,1,15,,245929,44,,,1,15,,245931,44,,,1,15,,245933,44,,,1,54,,245935,44,,,1,16,,245937,44,,,1,15,,245938,44,,,1,15,,245939,44,,,1,55,,245940,44,,,1,15,,245941,44,,,1,15,,245942,44,,,1,15,,245943,44,,,1,55,,245944,44,,,1,15,,245945,44,,,1,15,,245946,44,,,1,15,,245947,44,,,1,55,,245948,44,,,1,15,,245949,44,,,1,15,,245950,44,,,1,15,,245951,44,,,1,55,,245952,44,,,1,15,,245953,44,,,1,15,,245954,44,,,1,15,,245955,44,,,1,55,,245956,44,,,1,15,,245957,44,,,1,15,,245958,44,,,1,15,,245959,44,,,1,57,,245960,44,,,1,18,,245961,44,,,1,14,,245962,44,,,1,13,,245963,44,,,1,52,,245964,44,,,1,12,,245965,44,,,1,12,,245966,44,,,1,12,,245967,44,,,1,12,,245968,44,,,1,52,,245969,44,,,1,12,,245970,44,,,1,12,,245971,44,,,1,12,,245972,44,,,1,12,,245973,44,,,1,52,,245974,44,,,1,12,,245975,44,,,1,11,,245976,44,,,1,10,,245977,44,,,1,16,,245978,44,,,1,60,,245979,44,,,1,20,,245980,44,,,1,20,,245981,44,,,1,60,,245982,44,,,1,20,,245983,44,,,1,20,,245984,44,,,1,60,,245992,44,,,1,20,,245993,44,,,1,20,,245994,44,,,1,57,,245995,44,,,1,17,,245996,44,,,1,19,,245985,44,,,1,100,,245986,44,,,1,100,,245987,44,,,1
5601,'056-Weekday-6-26-09-1111100',533,,245998,44,,,1,70,,245999,44,,,1,15,,246000,44,,,1,16,,246001,44,,,1,18,,246002,44,,,1,57,,246003,44,,,1,16,,246004,44,,,1,15,,246005,44,,,1,15,,245997,44,,,1,54,,246071,5,0,58,1,1,,246007,44,,,1,15,,246009,44,,,1,15,,246011,44,,,1,15,,246013,44,,,1,54,,246015,44,,,1,16,,246017,44,,,1,15,,246018,44,,,1,15,,246019,44,,,1,55,,246020,44,,,1,15,,246021,44,,,1,15,,246022,44,,,1,15,,246023,44,,,1,55,,246024,44,,,1,15,,246025,44,,,1,15,,246026,44,,,1,15,,246027,44,,,1,55,,246028,44,,,1,15,,246029,44,,,1,15,,246030,44,,,1,15,,246031,44,,,1,55,,246032,44,,,1,15,,246033,44,,,1,15,,246034,44,,,1,15,,246035,44,,,1,55,,246036,44,,,1,15,,246037,44,,,1,15,,246038,44,,,1,15,,246039,44,,,1,57,,246040,44,,,1,18,,246041,44,,,1,14,,246042,44,,,1,13,,246043,44,,,1,52,,246044,44,,,1,12,,246045,44,,,1,12,,246046,44,,,1,12,,246047,44,,,1,12,,246048,44,,,1,52,,246049,44,,,1,12,,246050,44,,,1,12,,246051,44,,,1,12,,246052,44,,,1,12,,246053,44,,,1,52,,246054,44,,,1,12,,246055,44,,,1,11,,246056,44,,,1,10,,246057,44,,,1,16,,246058,44,,,1,60,,246059,44,,,1,20,,246060,44,,,1,20,,246061,44,,,1,60,,246062,44,,,1,20,,246063,44,,,1,20,,246064,44,,,1,60,,246073,44,,,1,20,,246074,44,,,1,20,,246075,44,,,1,57,,246076,44,,,1,17,,246077,44,,,1,19,,246065,44,,,1,100,,246066,44,,,1,100,,246067,44,,,1
5601,'056-Weekday-7-26-09-1111100',533,,246079,44,,,1,70,,246080,44,,,1,15,,246081,44,,,1,16,,246082,44,,,1,18,,246083,44,,,1,57,,246084,44,,,1,16,,246085,44,,,1,15,,246086,44,,,1,15,,246078,44,,,1,55,,246088,44,,,1,15,,246090,44,,,1,15,,246092,44,,,1,15,,246094,44,,,1,54,,246096,44,,,1,16,,246098,44,,,1,15,,246099,44,,,1,15,,246100,44,,,1,55,,246101,44,,,1,15,,246102,44,,,1,15,,246103,44,,,1,15,,246104,44,,,1,55,,246105,44,,,1,15,,246106,44,,,1,15,,246107,44,,,1,15,,246108,44,,,1,55,,246109,44,,,1,15,,246110,44,,,1,15,,246111,44,,,1,15,,246112,44,,,1,55,,246113,44,,,1,15,,246114,44,,,1,15,,246115,44,,,1,15,,246116,44,,,1,55,,246117,44,,,1,15,,246118,44,,,1,15,,246119,44,,,1,15,,246120,44,,,1,57,,246121,44,,,1,18,,246122,44,,,1,14,,246123,44,,,1,13,,246124,44,,,1,52,,246125,44,,,1,12,,246126,44,,,1,12,,246127,44,,,1,12,,246128,44,,,1,12,,246129,44,,,1,52,,246130,44,,,1,12,,246131,44,,,1,12,,246132,44,,,1,12,,246133,44,,,1,12,,246134,44,,,1,52,,246135,44,,,1,12,,246136,44,,,1,11,,246137,44,,,1,10,,246138,44,,,1,16,,246139,44,,,1,60,,246140,44,,,1,20,,246141,44,,,1,20,,246142,44,,,1,60,,246143,44,,,1,20,,246144,44,,,1,20,,246145,44,,,1,60,,246153,44,,,1,20,,246154,44,,,1,20,,246155,44,,,1,57,,246156,44,,,1,17,,246157,44,,,1,19,,246146,44,,,1,100,,246147,44,,,1,100,,246148,44,,,1
5601,'056-Saturday-1-26-09-0000010',555,,246203,44,,,1,70,,246158,44,,,1,30,,246204,44,,,1,70,,246159,44,,,1,30,,246205,44,,,1,70,,246160,44,,,1,15,,246161,44,,,1,15,,246206,44,,,1,57,,246162,44,,,1,19,,246163,44,,,1,17,,246164,44,,,1,55,,246207,44,,,1,15,,246165,44,,,1,15,,246166,44,,,1,15,,246167,44,,,1,55,,246208,44,,,1,15,,246168,44,,,1,15,,246169,44,,,1,15,,246170,44,,,1,55,,246209,44,,,1,15,,246171,44,,,1,15,,246172,44,,,1,15,,246173,44,,,1,55,,246210,44,,,1,15,,246174,44,,,1,15,,246175,44,,,1,15,,246176,44,,,1,55,,246211,44,,,1,15,,246177,44,,,1,15,,246178,44,,,1,15,,246179,44,,,1,55,,246212,44,,,1,15,,246180,44,,,1,15,,246181,44,,,1,15,,246182,44,,,1,55,,246213,44,,,1,15,,246191,44,,,1,15,,246192,44,,,1,15,,246193,44,,,1,55,,246214,44,,,1,13,,246194,44,,,1,12,,246195,44,,,1,14,,246196,44,,,1,15,,246215,44,,,1,55,,246197,44,,,1,15,,246198,44,,,1,15,,246199,44,,,1,15,,246216,44,,,1,55,,246200,44,,,1,15,,246201,44,,,1,20,,246202,44,,,1,60,,246188,44,,,1,20,,246183,44,,,1,20,,246217,44,,,1,60,,246189,44,,,1,20,,246184,44,,,1,20,,246218,44,,,1,60,,246190,44,,,1,20,,246185,44,,,1,20,,246219,44,,,1,70,,246220,44,,,1,30,,246186,44,,,1,70,,246221,44,,,1,30,,246187,44,,,1
5601,'056-Sunday-1-26-09-0000001',606,,246255,44,,,1,30,,246222,44,,,1,70,,246256,44,,,1,30,,246223,44,,,1,70,,246257,44,,,1,30,,246224,44,,,1,15,,246253,44,,,1,56,,246258,44,,,1,18,,246225,44,,,1,17,,246254,44,,,1,15,,246259,44,,,1,55,,246226,44,,,1,15,,246227,44,,,1,15,,246260,44,,,1,15,,246228,44,,,1,55,,246229,44,,,1,15,,246261,44,,,1,15,,246230,44,,,1,15,,246231,44,,,1,55,,246262,44,,,1,15,,246232,44,,,1,15,,246233,44,,,1,15,,246263,44,,,1,55,,246234,44,,,1,15,,246235,44,,,1,15,,246264,44,,,1,15,,246236,44,,,1,55,,246237,44,,,1,15,,246265,44,,,1,15,,246238,44,,,1,15,,246239,44,,,1,55,,246266,44,,,1,15,,246240,44,,,1,15,,246241,44,,,1,15,,246267,44,,,1,55,,246242,44,,,1,15,,246243,44,,,1,15,,246268,44,,,1,15,,246244,44,,,1,53,,246274,44,,,1,13,,246275,44,,,1,13,,246276,44,,,1,15,,246277,44,,,1,55,,246278,44,,,1,15,,246279,44,,,1,15,,246280,44,,,1,15,,246281,44,,,1,54,,246282,44,,,1,16,,246283,44,,,1,15,,246284,44,,,1,20,,246250,44,,,1,60,,246269,44,,,1,20,,246245,44,,,1,20,,246251,44,,,1,60,,246270,44,,,1,20,,246246,44,,,1,20,,246252,44,,,1,60,,246271,44,,,1,20,,246247,44,,,1,70,,246272,44,,,1,30,,246248,44,,,1,70,,246273,44,,,1,30,,246249,44,,,1
68200,'682-Weekday-1-26-09-1111100',743,,274062,5,0,53 54,1,5,,274063,5,,,1,62,,274064,5,,,1
68200,'682-Weekday-4-26-09-1111100',743,,274065,5,0,53 54,1,5,,274066,5,,,1,62,,274067,5,,,1
68200,'682-Weekday-7-26-09-1111100',743,,274068,5,0,53 54,1,5,,274069,5,,,1,62,,274070,5,,,1
