501,'005-Weekday-1-26-09-1111100',502,,232699,5,,,1,15,,232700,5,,,1,15,,232701,5,,,1,15,,232702,5,,,1,55,,232703,5,,,1,15,,232704,5,,,1,15,,232705,5,,,1,15,,232774,5,,,1,55,,232706,5,,,1,15,,232707,5,,,1,15,,232708,5,,,1,15,,232709,5,,,1,55,,232710,5,,,1,15,,232711,5,,,1,15,,232712,5,,,1,15,,232713,5,,,1,56,,232714,5,,,1,17,,232715,5,,,1,15,,232716,5,,,1,15,,232717,5,,,1,55,,232718,5,,,1,15,,232720,5,,,1,15,,232721,5,,,1,15,,232722,5,,,1,55,,232723,5,,,1,15,,232724,5,,,1,15,,232725,5,,,1,15,,232719,5,,,1,55,,232726,5,,,1,15,,232727,5,,,1,15,,232728,5,,,1,15,,232729,5,,,1,55,,232730,5,,,1,15,,232731,5,,,1,15,,232732,5,,,1,15,,232733,5,,,1,55,,232734,5,,,1,15,,232735,5,,,1,15,,232736,5,,,1,14,,232776,5,,,1,51,,232737,5,,,1,15,,232738,5,,,1,15,,232739,5,,,1,15,,232740,5,,,1,55,,232741,5,,,1,14,,232742,5,,,1,14,,232743,5,,,1,15,,232744,5,,,1,15,,232745,5,,,1,55,,232746,5,,,1,15,,232747,5,,,1,15,,232748,5,,,1,15,,232749,5,,,1,55,,232750,5,,,1,15,,232751,5,,,1,16,,232752,5,,,1,15,,232753,5,,,1,55,,232754,5,,,1,15,,232755,5,,,1,15,,232757,5,,,1,15,,232758,5,,,1,55,,232759,5,,,1,15,,232756,5,,,1,15,,232760,5,,,1,15,,232761,5,,,1,55,,232762,5,,,1,15,,232763,5,,,1,15,,232764,5,,,1,57,,232765,5,,,1,18,,232766,5,,,1,20,,232767,5,,,1,61,,232768,5,,,1,20,,232769,5,,,1,20,,232770,5,,,1,60,,232771,5,,,1,20,,232772,5,,,1,20,,232773,5,,,1,60,,232775,5,,,1
501,'005-Weekday-3-26-09-1111100',502,,232943,5,,,1,15,,232944,5,,,1,15,,232945,5,,,1,15,,232946,5,,,1,55,,232947,5,,,1,15,,232948,5,,,1,15,,232949,5,,,1,15,,233018,5,,,1,55,,232950,5,,,1,15,,232951,5,,,1,15,,232952,5,,,1,15,,232953,5,,,1,55,,232954,5,,,1,15,,232955,5,,,1,15,,232956,5,,,1,15,,232957,5,,,1,56,,232958,5,,,1,17,,232959,5,,,1,15,,232960,5,,,1,15,,232961,5,,,1,55,,232962,5,,,1,15,,232964,5,,,1,15,,232965,5,,,1,15,,232966,5,,,1,55,,232967,5,,,1,15,,232968,5,,,1,15,,232969,5,,,1,15,,232963,5,,,1,55,,232970,5,,,1,15,,232971,5,,,1,15,,232972,5,,,1,15,,232973,5,,,1,55,,232974,5,,,1,15,,232975,5,,,1,15,,232976,5,,,1,15,,232977,5,,,1,55,,232978,5,,,1,15,,232979,5,,,1,15,,232980,5,,,1,14,,233020,5,,,1,51,,232981,5,,,1,15,,232982,5,,,1,15,,232983,5,,,1,15,,232984,5,,,1,55,,232985,5,,,1,14,,232986,5,,,1,14,,232987,5,,,1,15,,232988,5,,,1,15,,232989,5,,,1,55,,232990,5,,,1,15,,232991,5,,,1,15,,232992,5,,,1,15,,232993,5,,,1,55,,232994,5,,,1,15,,232995,5,,,1,16,,232996,5,,,1,15,,232997,5,,,1,55,,232998,5,,,1,15,,232999,5,,,1,15,,233001,5,,,1,15,,233002,5,,,1,55,,233003,5,,,1,15,,233000,5,,,1,15,,233004,5,,,1,15,,233005,5,,,1,55,,233006,5,,,1,15,,233007,5,,,1,15,,233008,5,,,1,57,,233009,5,,,1,18,,233010,5,,,1,20,,233011,5,,,1,61,,233012,5,,,1,20,,233013,5,,,1,20,,233014,5,,,1,60,,233015,5,,,1,20,,233016,5,,,1,20,,233017,5,,,1,60,,233019,5,,,1
501,'005-Weekday-4-26-09-1111100',502,,233065,5,,,1,15,,233066,5,,,1,15,,233067,5,,,1,15,,233068,5,,,1,55,,233069,5,,,1,15,,233070,5,,,1,15,,233071,5,,,1,15,,233140,5,,,1,55,,233072,5,,,1,15,,233073,5,,,1,15,,233074,5,,,1,15,,233075,5,,,1,55,,233076,5,,,1,15,,233077,5,,,1,15,,233078,5,,,1,15,,233079,5,,,1,56,,233080,5,,,1,17,,233081,5,,,1,15,,233082,5,,,1,15,,233083,5,,,1,55,,233084,5,,,1,15,,233086,5,,,1,15,,233087,5,,,1,15,,233088,5,,,1,55,,233089,5,,,1,15,,233090,5,,,1,15,,233091,5,,,1,15,,233085,5,,,1,55,,233092,5,,,1,15,,233093,5,,,1,15,,233094,5,,,1,15,,233095,5,,,1,55,,233096,5,,,1,15,,233097,5,,,1,15,,233098,5,,,1,15,,233099,5,,,1,55,,233100,5,,,1,15,,233101,5,,,1,15,,233102,5,,,1,14,,233142,5,,,1,51,,233103,5,,,1,15,,233104,5,,,1,15,,233105,5,,,1,15,,233106,5,,,1,55,,233107,5,,,1,14,,233108,5,,,1,14,,233109,5,,,1,15,,233110,5,,,1,15,,233111,5,,,1,55,,233112,5,,,1,15,,233113,5,,,1,15,,233114,5,,,1,15,,233115,5,,,1,55,,233116,5,,,1,15,,233117,5,,,1,16,,233118,5,,,1,15,,233119,5,,,1,55,,233120,5,,,1,15,,233121,5,,,1,15,,233123,5,,,1,15,,233124,5,,,1,55,,233125,5,,,1,15,,233122,5,,,1,15,,233126,5,,,1,15,,233127,5,,,1,55,,233128,5,,,1,15,,233129,5,,,1,15,,233130,5,,,1,57,,233131,5,,,1,18,,233132,5,,,1,20,,233133,5,,,1,61,,233134,5,,,1,20,,233135,5,,,1,20,,233136,5,,,1,60,,233137,5,,,1,20,,233138,5,,,1,20,,233139,5,,,1,60,,233141,5,,,1
501,'005-Weekday-5-26-09-1111100',502,,233187,5,,,1,15,,233188,5,,,1,15,,233189,5,,,1,15,,233190,5,,,1,55,,233191,5,,,1,15,,233192,5,,,1,15,,233193,5,,,1,15,,233262,5,,,1,55,,233194,5,,,1,15,,233195,5,,,1,15,,233196,5,,,1,15,,233197,5,,,1,55,,233198,5,,,1,15,,233199,5,,,1,15,,233200,5,,,1,15,,233201,5,,,1,56,,233202,5,,,1,17,,233203,5,,,1,15,,233204,5,,,1,15,,233205,5,,,1,55,,233206,5,,,1,15,,233208,5,,,1,15,,233209,5,,,1,15,,233210,5,,,1,55,,233211,5,,,1,15,,233212,5,,,1,15,,233213,5,,,1,15,,233207,5,,,1,55,,233214,5,,,1,15,,233215,5,,,1,15,,233216,5,,,1,15,,233217,5,,,1,55,,233218,5,,,1,15,,233219,5,,,1,15,,233220,5,,,1,15,,233221,5,,,1,55,,233222,5,,,1,15,,233223,5,,,1,15,,233224,5,,,1,14,,233264,5,,,1,51,,233225,5,,,1,15,,233226,5,,,1,15,,233227,5,,,1,15,,233228,5,,,1,55,,233229,5,,,1,14,,233230,5,,,1,14,,233231,5,,,1,15,,233232,5,,,1,15,,233233,5,,,1,55,,233234,5,,,1,15,,233235,5,,,1,15,,233236,5,,,1,15,,233237,5,,,1,55,,233238,5,,,1,15,,233239,5,,,1,16,,233240,5,,,1,15,,233241,5,,,1,55,,233242,5,,,1,15,,233243,5,,,1,15,,233245,5,,,1,15,,233246,5,,,1,55,,233247,5,,,1,15,,233244,5,,,1,15,,233248,5,,,1,15,,233249,5,,,1,55,,233250,5,,,1,15,,233251,5,,,1,15,,233252,5,,,1,57,,233253,5,,,1,18,,233254,5,,,1,20,,233255,5,,,1,61,,233256,5,,,1,20,,233257,5,,,1,20,,233258,5,,,1,60,,233259,5,,,1,20,,233260,5,,,1,20,,233261,5,,,1,60,,233263,5,,,1
501,'005-Weekday-6-26-09-1111100',502,,233309,5,,,1,15,,233310,5,,,1,15,,233311,5,,,1,15,,233312,5,,,1,55,,233313,5,,,1,15,,233314,5,,,1,15,,233315,5,,,1,15,,233384,5,,,1,55,,233316,5,,,1,15,,233317,5,,,1,15,,233318,5,,,1,15,,233319,5,,,1,55,,233320,5,,,1,15,,233321,5,,,1,15,,233322,5,,,1,15,,233323,5,,,1,56,,233324,5,,,1,17,,233325,5,,,1,15,,233326,5,,,1,15,,233327,5,,,1,55,,233328,5,,,1,15,,233330,5,,,1,15,,233331,5,,,1,15,,233332,5,,,1,55,,233333,5,,,1,15,,233334,5,,,1,15,,233335,5,,,1,15,,233329,5,,,1,55,,233336,5,,,1,15,,233337,5,,,1,15,,233338,5,,,1,15,,233339,5,,,1,55,,233340,5,,,1,15,,233341,5,,,1,15,,233342,5,,,1,15,,233343,5,,,1,55,,233344,5,,,1,15,,233345,5,,,1,15,,233346,5,,,1,14,,233386,5,,,1,51,,233347,5,,,1,15,,233348,5,,,1,15,,233349,5,,,1,15,,233350,5,,,1,55,,233351,5,,,1,14,,233352,5,,,1,14,,233353,5,,,1,15,,233354,5,,,1,15,,233355,5,,,1,55,,233356,5,,,1,15,,233357,5,,,1,15,,233358,5,,,1,15,,233359,5,,,1,55,,233360,5,,,1,15,,233361,5,,,1,16,,233362,5,,,1,15,,233363,5,,,1,55,,233364,5,,,1,15,,233365,5,,,1,15,,233367,5,,,1,15,,233368,5,,,1,55,,233369,5,,,1,15,,233366,5,,,1,15,,233370,5,,,1,15,,233371,5,,,1,55,,233372,5,,,1,15,,233373,5,,,1,15,,233374,5,,,1,57,,233375,5,,,1,18,,233376,5,,,1,20,,233377,5,,,1,61,,233378,5,,,1,20,,233379,5,,,1,20,,233380,5,,,1,60,,233381,5,,,1,20,,233382,5,,,1,20,,233383,5,,,1,60,,233385,5,,,1
501,'005-Weekday-7-26-09-1111100',502,,233431,5,,,1,15,,233432,5,,,1,15,,233433,5,,,1,15,,233434,5,,,1,55,,233435,5,,,1,15,,233436,5,,,1,15,,233437,5,,,1,15,,233506,5,,,1,55,,233438,5,,,1,15,,233439,5,,,1,15,,233440,5,,,1,15,,233441,5,,,1,55,,233442,5,,,1,15,,233443,5,,,1,15,,233444,5,,,1,15,,233445,5,,,1,56,,233446,5,,,1,17,,233447,5,,,1,15,,233448,5,,,1,15,,233449,5,,,1,55,,233450,5,,,1,15,,233452,5,,,1,15,,233453,5,,,1,15,,233454,5,,,1,55,,233455,5,,,1,15,,233456,5,,,1,15,,233457,5,,,1,15,,233451,5,,,1,55,,233458,5,,,1,15,,233459,5,,,1,15,,233460,5,,,1,15,,233461,5,,,1,55,,233462,5,,,1,15,,233463,5,,,1,15,,233464,5,,,1,15,,233465,5,,,1,55,,233466,5,,,1,15,,233467,5,,,1,15,,233468,5,,,1,14,,233508,5,,,1,51,,233469,5,,,1,15,,233470,5,,,1,15,,233471,5,,,1,15,,233472,5,,,1,55,,233473,5,,,1,14,,233474,5,,,1,14,,233475,5,,,1,15,,233476,5,,,1,15,,233477,5,,,1,55,,233478,5,,,1,15,,233479,5,,,1,15,,233480,5,,,1,15,,233481,5,,,1,55,,233482,5,,,1,15,,233483,5,,,1,16,,233484,5,,,1,15,,233485,5,,,1,55,,233486,5,,,1,15,,233487,5,,,1,15,,233489,5,,,1,15,,233490,5,,,1,55,,233491,5,,,1,15,,233488,5,,,1,15,,233492,5,,,1,15,,233493,5,,,1,55,,233494,5,,,1,15,,233495,5,,,1,15,,233496,5,,,1,57,,233497,5,,,1,18,,233498,5,,,1,20,,233499,5,,,1,61,,233500,5,,,1,20,,233501,5,,,1,20,,233502,5,,,1,60,,233503,5,,,1,20,,233504,5,,,1,20,,233505,5,,,1,60,,233507,5,,,1
501,'005-Saturday-1-26-09-0000010',540,,233553,5,,,1,60,,233554,5,,,1,20,,233555,5,,,1,20,,233557,5,,,1,60,,233558,5,,,1,20,,233559,5,,,1,20,,233556,5,,,1,13,,233560,5,,,1,55,,233561,5,,,1,15,,233562,5,,,1,15,,233563,5,,,1,15,,233564,5,,,1,53,,233565,5,,,1,15,,233566,5,,,1,15,,233567,5,,,1,15,,233568,5,,,1,55,,233569,5,,,1,15,,233570,5,,,1,15,,233571,5,,,1,15,,233572,5,,,1,55,,233573,5,,,1,15,,233574,5,,,1,15,,233575,5,,,1,15,,233576,5,,,1,55,,233577,5,,,1,15,,233578,5,,,1,15,,233579,5,,,1,15,,233580,5,,,1,55,,233581,5,,,1,15,,233582,5,,,1,15,,233583,5,,,1,15,,233584,5,,,1,55,,233585,5,,,1,15,,233586,5,,,1,15,,233587,5,,,1,15,,233588,5,,,1,55,,233589,5,,,1,15,,233590,5,,,1,15,,233591,5,,,1,15,,233593,5,,,1,55,,233594,5,,,1,15,,233595,5,,,1,15,,233592,5,,,1,15,,233596,5,,,1,56,,233597,5,,,1,15,,233598,5,,,1,15,,233599,5,,,1,15,,233600,5,,,1,55,,233601,5,,,1,15,,233602,5,,,1,15,,233603,5,,,1,15,,233604,5,,,1,55,,233605,5,,,1,15,,233606,5,,,1,15,,233607,5,,,1,15,,233608,5,,,1,55,,233609,5,,,1,15,,233610,5,,,1,15,,233611,5,,,1,15,,233612,5,,,1,55,,233613,5,,,1,15,,233614,5,,,1,15,,233615,5,,,1,15,,233616,5,,,1,55,,233617,5,,,1,18,,233618,5,,,1,20,,233619,5,,,1,60,,233620,5,,,1,20,,233621,5,,,1,20,,233622,5,,,1,58,,233623,5,,,1,20,,233624,5,,,1,20,,233625,5,,,1
501,'005-Sunday-1-26-09-0000001',541,,233691,5,,,1,60,,233690,5,,,1,20,,233689,5,,,1,20,,233626,5,,,1,60,,233627,5,,,1,20,,233628,5,,,1,20,,233629,5,,,1,60,,233630,5,,,1,20,,233631,5,,,1,20,,233632,5,,,1,59,,233633,5,,,1,19,,233634,5,,,1,20,,233635,5,,,1,20,,233636,5,,,1,60,,233637,5,,,1,19,,233638,5,,,1,16,,233639,5,,,1,55,,233640,5,,,1,15,,233641,5,,,1,15,,233642,5,,,1,15,,233643,5,,,1,54,,233644,5,,,1,15,,233645,5,,,1,15,,233646,5,,,1,15,,233647,5,,,1,55,,233648,5,,,1,15,,233649,5,,,1,15,,233650,5,,,1,15,,233651,5,,,1,55,,233652,5,,,1,15,,233653,5,,,1,15,,233655,5,,,1,15,,233656,5,,,1,55,,233654,5,,,1,15,,233657,5,,,1,15,,233658,5,,,1,15,,233659,5,,,1,55,,233660,5,,,1,15,,233661,5,,,1,15,,233662,5,,,1,16,,233663,5,,,1,55,,233664,5,,,1,15,,233665,5,,,1,15,,233666,5,,,1,15,,233667,5,,,1,55,,233668,5,,,1,15,,233669,5,,,1,15,,233670,5,,,1,15,,233671,5,,,1,55,,233672,5,,,1,14,,233673,5,,,1,20,,233674,5,,,1,60,,233675,5,,,1,20,,233681,5,,,1,20,,233682,5,,,1,60,,233683,5,,,1,20,,233684,5,,,1,20,,233685,5,,,1,60,,233686,5,,,1,27,,233687,5,,,1,20,,233688,5,,,1,60,,233676,5,,,1,20,,233677,5,,,1,24,,233678,5,,,1,60,,233679,5,,,1,20,,233680,5,,,1
801,'008-Weekday-1-26-09-1111100',505,,237383,26,,,1,20,,237384,26,,,1,20,,237385,26,,,1,60,,237386,26,,,1,20,,237387,26,,,1,23,,237388,26,,,1,52,,237458,26,,,1,12,,237457,26,,,1,12,,237389,26,,,1,12,,237459,26,,,1,12,,237390,26,,,1,52,,237391,26,,,1,12,,237455,26,,,1,12,,237392,26,,,1,12,,237460,26,,,1,12,,237393,26,,,1,52,,237394,26,,,1,12,,237395,26,,,1,12,,237396,26,,,1,15,,237397,26,,,1,15,,237398,26,,,1,55,,237399,26,,,1,15,,237400,26,,,1,15,,237401,26,,,1,15,,237402,26,,,1,55,,237403,26,,,1,15,,237404,26,,,1,15,,237405,26,,,1,15,,237406,26,,,1,57,,237407,26,,,1,17,,237408,26,,,1,15,,237409,26,,,1,15,,237410,26,,,1,55,,237411,26,,,1,15,,237412,26,,,1,15,,237413,26,,,1,15,,237414,26,,,1,55,,237415,26,,,1,12,,237416,26,,,1,12,,237417,26,,,1,12,,237418,26,,,1,53,,237419,26,,,1,14,,237420,26,,,1,13,,237421,26,,,1,12,,237422,26,,,1,12,,237423,26,,,1,52,,237424,26,,,1,11,,237425,26,,,1,12,,237426,26,,,1,12,,237427,26,,,1,12,,237428,26,,,1,52,,237429,26,,,1,12,,237430,26,,,1,15,,237431,26,,,1,15,,237432,26,,,1,55,,237433,26,,,1,15,,237434,26,,,1,14,,237435,26,,,1,13,,237436,26,,,1,14,,237437,26,,,1,55,,237438,26,,,1,15,,237439,26,,,1,15,,237440,26,,,1,15,,237441,26,,,1,55,,237442,26,,,1,15,,237443,26,,,1,15,,237444,26,,,1,15,,237445,26,,,1,55,,237446,26,,,1,15,,237447,26,,,1,15,,237448,26,,,1,14,,237449,26,,,1,59,,237456,26,,,1,20,,237450,26,,,1,20,,237451,26,,,1,60,,237452,26,,,1,20,,237453,26,,,1,20,,237454,26,,,1,56,,237377,26,,,1,30,,237378,26,,,1,70,,237379,26,,,1,30,,237380,26,,,1,70,,237381,26,,,1,30,,237382,26,,,1
801,'008-Weekday-3-26-09-1111100',505,,237551,26,,,1,20,,237552,26,,,1,20,,237553,26,,,1,60,,237554,26,,,1,20,,237555,26,,,1,23,,237556,26,,,1,52,,237626,26,,,1,12,,237625,26,,,1,12,,237557,26,,,1,12,,237627,26,,,1,12,,237558,26,,,1,52,,237559,26,,,1,12,,237623,26,,,1,12,,237560,26,,,1,12,,237628,26,,,1,12,,237561,26,,,1,52,,237562,26,,,1,12,,237563,26,,,1,12,,237564,26,,,1,15,,237565,26,,,1,15,,237566,26,,,1,55,,237567,26,,,1,15,,237568,26,,,1,15,,237569,26,,,1,15,,237570,26,,,1,55,,237571,26,,,1,15,,237572,26,,,1,15,,237573,26,,,1,15,,237574,26,,,1,57,,237575,26,,,1,17,,237576,26,,,1,15,,237577,26,,,1,15,,237578,26,,,1,55,,237579,26,,,1,15,,237580,26,,,1,15,,237581,26,,,1,15,,237582,26,,,1,55,,237583,26,,,1,12,,237584,26,,,1,12,,237585,26,,,1,12,,237586,26,,,1,53,,237587,26,,,1,14,,237588,26,,,1,13,,237589,26,,,1,12,,237590,26,,,1,12,,237591,26,,,1,52,,237592,26,,,1,11,,237593,26,,,1,12,,237594,26,,,1,12,,237595,26,,,1,12,,237596,26,,,1,52,,237597,26,,,1,12,,237598,26,,,1,15,,237599,26,,,1,15,,237600,26,,,1,55,,237601,26,,,1,15,,237602,26,,,1,14,,237603,26,,,1,13,,237604,26,,,1,14,,237605,26,,,1,55,,237606,26,,,1,15,,237607,26,,,1,15,,237608,26,,,1,15,,237609,26,,,1,55,,237610,26,,,1,15,,237611,26,,,1,15,,237612,26,,,1,15,,237613,26,,,1,55,,237614,26,,,1,15,,237615,26,,,1,15,,237616,26,,,1,14,,237617,26,,,1,59,,237624,26,,,1,20,,237618,26,,,1,20,,237619,26,,,1,60,,237620,26,,,1,20,,237621,26,,,1,20,,237622,26,,,1,56,,237545,26,,,1,30,,237546,26,,,1,70,,237547,26,,,1,30,,237548,26,,,1,70,,237549,26,,,1,30,,237550,26,,,1
801,'008-Weekday-4-26-09-1111100',505,,237635,26,,,1,20,,237636,26,,,1,20,,237637,26,,,1,60,,237638,26,,,1,20,,237639,26,,,1,23,,237640,26,,,1,52,,237710,26,,,1,12,,237709,26,,,1,12,,237641,26,,,1,12,,237711,26,,,1,12,,237642,26,,,1,52,,237643,26,,,1,12,,237707,26,,,1,12,,237644,26,,,1,12,,237712,26,,,1,12,,237645,26,,,1,52,,237646,26,,,1,12,,237647,26,,,1,12,,237648,26,,,1,15,,237649,26,,,1,15,,237650,26,,,1,55,,237651,26,,,1,15,,237652,26,,,1,15,,237653,26,,,1,15,,237654,26,,,1,55,,237655,26,,,1,15,,237656,26,,,1,15,,237657,26,,,1,15,,237658,26,,,1,57,,237659,26,,,1,17,,237660,26,,,1,15,,237661,26,,,1,15,,237662,26,,,1,55,,237663,26,,,1,15,,237664,26,,,1,15,,237665,26,,,1,15,,237666,26,,,1,55,,237667,26,,,1,12,,237668,26,,,1,12,,237669,26,,,1,12,,237670,26,,,1,53,,237671,26,,,1,14,,237672,26,,,1,13,,237673,26,,,1,12,,237674,26,,,1,12,,237675,26,,,1,52,,237676,26,,,1,11,,237677,26,,,1,12,,237678,26,,,1,12,,237679,26,,,1,12,,237680,26,,,1,52,,237681,26,,,1,12,,237682,26,,,1,15,,237683,26,,,1,15,,237684,26,,,1,55,,237685,26,,,1,15,,237686,26,,,1,14,,237687,26,,,1,13,,237688,26,,,1,14,,237689,26,,,1,55,,237690,26,,,1,15,,237691,26,,,1,15,,237692,26,,,1,15,,237693,26,,,1,55,,237694,26,,,1,15,,237695,26,,,1,15,,237696,26,,,1,15,,237697,26,,,1,55,,237698,26,,,1,15,,237699,26,,,1,15,,237700,26,,,1,14,,237701,26,,,1,59,,237708,26,,,1,20,,237702,26,,,1,20,,237703,26,,,1,60,,237704,26,,,1,20,,237705,26,,,1,20,,237706,26,,,1,56,,237629,26,,,1,30,,237630,26,,,1,70,,237631,26,,,1,30,,237632,26,,,1,70,,237633,26,,,1,30,,237634,26,,,1
801,'008-Weekday-5-26-09-1111100',505,,237719,26,,,1,20,,237720,26,,,1,20,,237721,26,,,1,60,,237722,26,,,1,20,,237723,26,,,1,23,,237724,26,,,1,52,,237794,26,,,1,12,,237793,26,,,1,12,,237725,26,,,1,12,,237795,26,,,1,12,,237726,26,,,1,52,,237727,26,,,1,12,,237791,26,,,1,12,,237728,26,,,1,12,,237796,26,,,1,12,,237729,26,,,1,52,,237730,26,,,1,12,,237731,26,,,1,12,,237732,26,,,1,15,,237733,26,,,1,15,,237734,26,,,1,55,,237735,26,,,1,15,,237736,26,,,1,15,,237737,26,,,1,15,,237738,26,,,1,55,,237739,26,,,1,15,,237740,26,,,1,15,,237741,26,,,1,15,,237742,26,,,1,57,,237743,26,,,1,17,,237744,26,,,1,15,,237745,26,,,1,15,,237746,26,,,1,55,,237747,26,,,1,15,,237748,26,,,1,15,,237749,26,,,1,15,,237750,26,,,1,55,,237751,26,,,1,12,,237752,26,,,1,12,,237753,26,,,1,12,,237754,26,,,1,53,,237755,26,,,1,14,,237756,26,,,1,13,,237757,26,,,1,12,,237758,26,,,1,12,,237759,26,,,1,52,,237760,26,,,1,11,,237761,26,,,1,12,,237762,26,,,1,12,,237763,26,,,1,12,,237764,26,,,1,52,,237765,26,,,1,12,,237766,26,,,1,15,,237767,26,,,1,15,,237768,26,,,1,55,,237769,26,,,1,15,,237770,26,,,1,14,,237771,26,,,1,13,,237772,26,,,1,14,,237773,26,,,1,55,,237774,26,,,1,15,,237775,26,,,1,15,,237776,26,,,1,15,,237777,26,,,1,55,,237778,26,,,1,15,,237779,26,,,1,15,,237780,26,,,1,15,,237781,26,,,1,55,,237782,26,,,1,15,,237783,26,,,1,15,,237784,26,,,1,14,,237785,26,,,1,59,,237792,26,,,1,20,,237786,26,,,1,20,,237787,26,,,1,60,,237788,26,,,1,20,,237789,26,,,1,20,,237790,26,,,1,56,,237713,26,,,1,30,,237714,26,,,1,70,,237715,26,,,1,30,,237716,26,,,1,70,,237717,26,,,1,30,,237718,26,,,1
801,'008-Weekday-6-26-09-1111100',505,,237803,26,,,1,20,,237804,26,,,1,20,,237805,26,,,1,60,,237806,26,,,1,20,,237807,26,,,1,23,,237808,26,,,1,52,,237878,26,,,1,12,,237877,26,,,1,12,,237809,26,,,1,12,,237879,26,,,1,12,,237810,26,,,1,52,,237811,26,,,1,12,,237875,26,,,1,12,,237812,26,,,1,12,,237880,26,,,1,12,,237813,26,,,1,52,,237814,26,,,1,12,,237815,26,,,1,12,,237816,26,,,1,15,,237817,26,,,1,15,,237818,26,,,1,55,,237819,26,,,1,15,,237820,26,,,1,15,,237821,26,,,1,15,,237822,26,,,1,55,,237823,26,,,1,15,,237824,26,,,1,15,,237825,26,,,1,15,,237826,26,,,1,57,,237827,26,,,1,17,,237828,26,,,1,15,,237829,26,,,1,15,,237830,26,,,1,55,,237831,26,,,1,15,,237832,26,,,1,15,,237833,26,,,1,15,,237834,26,,,1,55,,237835,26,,,1,12,,237836,26,,,1,12,,237837,26,,,1,12,,237838,26,,,1,53,,237839,26,,,1,14,,237840,26,,,1,13,,237841,26,,,1,12,,237842,26,,,1,12,,237843,26,,,1,52,,237844,26,,,1,11,,237845,26,,,1,12,,237846,26,,,1,12,,237847,26,,,1,12,,237848,26,,,1,52,,237849,26,,,1,12,,237850,26,,,1,15,,237851,26,,,1,15,,237852,26,,,1,55,,237853,26,,,1,15,,237854,26,,,1,14,,237855,26,,,1,13,,237856,26,,,1,14,,237857,26,,,1,55,,237858,26,,,1,15,,237859,26,,,1,15,,237860,26,,,1,15,,237861,26,,,1,55,,237862,26,,,1,15,,237863,26,,,1,15,,237864,26,,,1,15,,237865,26,,,1,55,,237866,26,,,1,15,,237867,26,,,1,15,,237868,26,,,1,14,,237869,26,,,1,59,,237876,26,,,1,20,,237870,26,,,1,20,,237871,26,,,1,60,,237872,26,,,1,20,,237873,26,,,1,20,,237874,26,,,1,56,,237797,26,,,1,30,,237798,26,,,1,70,,237799,26,,,1,30,,237800,26,,,1,70,,237801,26,,,1,30,,237802,26,,,1
801,'008-Weekday-7-26-09-1111100',505,,237887,26,,,1,20,,237888,26,,,1,20,,237889,26,,,1,60,,237890,26,,,1,20,,237891,26,,,1,23,,237892,26,,,1,52,,237962,26,,,1,12,,237961,26,,,1,12,,237893,26,,,1,12,,237963,26,,,1,12,,237894,26,,,1,52,,237895,26,,,1,12,,237959,26,,,1,12,,237896,26,,,1,12,,237964,26,,,1,12,,237897,26,,,1,52,,237898,26,,,1,12,,237899,26,,,1,12,,237900,26,,,1,15,,237901,26,,,1,15,,237902,26,,,1,55,,237903,26,,,1,15,,237904,26,,,1,15,,237905,26,,,1,15,,237906,26,,,1,55,,237907,26,,,1,15,,237908,26,,,1,15,,237909,26,,,1,15,,237910,26,,,1,57,,237911,26,,,1,17,,237912,26,,,1,15,,237913,26,,,1,15,,237914,26,,,1,55,,237915,26,,,1,15,,237916,26,,,1,15,,237917,26,,,1,15,,237918,26,,,1,55,,237919,26,,,1,12,,237920,26,,,1,12,,237921,26,,,1,12,,237922,26,,,1,53,,237923,26,,,1,14,,237924,26,,,1,13,,237925,26,,,1,12,,237926,26,,,1,12,,237927,26,,,1,52,,237928,26,,,1,11,,237929,26,,,1,12,,237930,26,,,1,12,,237931,26,,,1,12,,237932,26,,,1,52,,237933,26,,,1,12,,237934,26,,,1,15,,237935,26,,,1,15,,237936,26,,,1,55,,237937,26,,,1,15,,237938,26,,,1,14,,237939,26,,,1,13,,237940,26,,,1,14,,237941,26,,,1,55,,237942,26,,,1,15,,237943,26,,,1,15,,237944,26,,,1,15,,237945,26,,,1,55,,237946,26,,,1,15,,237947,26,,,1,15,,237948,26,,,1,15,,237949,26,,,1,55,,237950,26,,,1,15,,237951,26,,,1,15,,237952,26,,,1,14,,237953,26,,,1,59,,237960,26,,,1,20,,237954,26,,,1,20,,237955,26,,,1,60,,237956,26,,,1,20,,237957,26,,,1,20,,237958,26,,,1,56,,237881,26,,,1,30,,237882,26,,,1,70,,237883,26,,,1,30,,237884,26,,,1,70,,237885,26,,,1,30,,237886,26,,,1
801,'008-Saturday-1-26-09-0000010',539,,237965,26,,,1,20,,237966,26,,,1,60,,237967,26,,,1,20,,237968,26,,,1,20,,237969,26,,,1,60,,237970,26,,,1,20,,237971,26,,,1,20,,237972,26,,,1,60,,237973,26,,,1,19,,237974,26,,,1,15,,237975,26,,,1,57,,237976,26,,,1,16,,237977,26,,,1,15,,237978,26,,,1,15,,237979,26,,,1,55,,237980,26,,,1,15,,237981,26,,,1,15,,237982,26,,,1,15,,237983,26,,,1,55,,237984,26,,,1,15,,237985,26,,,1,15,,237986,26,,,1,15,,237987,26,,,1,55,,237988,26,,,1,15,,237989,26,,,1,15,,237990,26,,,1,15,,237991,26,,,1,55,,237992,26,,,1,15,,237993,26,,,1,15,,237994,26,,,1,15,,237995,26,,,1,55,,237996,26,,,1,15,,237997,26,,,1,15,,237998,26,,,1,15,,237999,26,,,1,55,,238000,26,,,1,15,,238001,26,,,1,15,,238002,26,,,1,15,,238003,26,,,1,55,,238004,26,,,1,15,,238005,26,,,1,16,,238006,26,,,1,16,,238007,26,,,1,53,,238008,26,,,1,17,,238009,26,,,1,16,,238010,26,,,1,56,,238011,26,,,1,16,,238012,26,,,1,15,,238013,26,,,1,15,,238014,26,,,1,55,,238015,26,,,1,15,,238017,26,,,1,15,,238018,26,,,1,15,,238019,26,,,1,55,,238016,26,,,1,15,,238020,26,,,1,15,,238021,26,,,1,15,,238022,26,,,1,55,,238023,26,,,1,15,,238025,26,,,1,15,,238026,26,,,1,15,,238027,26,,,1,55,,238024,26,,,1,21,,238028,26,,,1,21,,238029,26,,,1,61,,238030,26,,,1,20,,238031,26,,,1,20,,238032,26,,,1,66,,238033,26,,,1,30,,238034,26,,,1,70,,238035,26,,,1,30,,238036,26,,,1,70,,238037,26,,,1,30,,238038,26,,,1
801,'008-Sunday-1-26-09-0000001',550,,238039,26,,,1,60,,238040,26,,,1,20,,238041,26,,,1,20,,238042,26,,,1,60,,238043,26,,,1,20,,238044,26,,,1,20,,238045,26,,,1,60,,238046,26,,,1,20,,238047,26,,,1,17,,238048,26,,,1,56,,238049,26,,,1,16,,238050,26,,,1,15,,238051,26,,,1,15,,238052,26,,,1,55,,238101,26,,,1,15,,238053,26,,,1,15,,238054,26,,,1,15,,238055,26,,,1,55,,238056,26,,,1,15,,238057,26,,,1,15,,238058,26,,,1,15,,238059,26,,,1,55,,238060,26,,,1,15,,238061,26,,,1,15,,238062,26,,,1,15,,238063,26,,,1,55,,238064,26,,,1,15,,238065,26,,,1,15,,238066,26,,,1,15,,238067,26,,,1,55,,238068,26,,,1,15,,238069,26,,,1,15,,238070,26,,,1,15,,238071,26,,,1,55,,238072,26,,,1,15,,238073,26,,,1,15,,238074,26,,,1,15,,238075,26,,,1,55,,238076,26,,,1,15,,238077,26,,,1,16,,238078,26,,,1,14,,238079,26,,,1,54,,238080,26,,,1,15,,238081,26,,,1,16,,238082,26,,,1,15,,238083,26,,,1,55,,238084,26,,,1,15,,238085,26,,,1,15,,238086,26,,,1,15,,238087,26,,,1,54,,238088,26,,,1,15,,238089,26,,,1,16,,238110,26,,,1,20,,238109,26,,,1,60,,238108,26,,,1,20,,238107,26,,,1,20,,238103,26,,,1,60,,238106,26,,,1,20,,238105,26,,,1,20,,238104,26,,,1,61,,238090,26,,,1,20,,238091,26,,,1,20,,238092,26,,,1,60,,238100,26,,,1,20,,238093,26,,,1,17,,238094,26,,,1,60,,238102,26,,,1,30,,238095,26,,,1,70,,238096,26,,,1,30,,238097,26,,,1,70,,238098,26,,,1,30,,238099,26,,,1
