24012000,'120X-Weekday-1-26-09-1111100',634,,307411,19,4,,1,21,,307412,19,4,,1,60,,307416,19,4,,1,20,,307440,19,4,,1,20,,307400,19,4,,1,60,,307401,19,4,,1,20,,307413,19,4,,1,20,,307402,19,4,,1,59,,307437,19,4,,1,21,,307439,19,4,,1,20,,307417,19,4,,1,60,,307418,19,4,,1,20,,307419,19,4,,1,20,,307420,19,4,,1,60,,307421,19,4,,1,20,,307422,19,4,,1,20,,307423,19,4,,1,60,,307424,19,4,,1,20,,307425,19,4,,1,20,,307426,19,4,,1,60,,307427,19,4,,1,20,,307428,19,4,,1,20,,307429,19,4,,1,60,,307430,19,4,,1,20,,307431,19,4,,1,20,,307432,19,4,,1,67,,307433,19,4,,1,30,,307434,19,4,,1,63,,307441,19,4,,1,21,,307414,19,4,,1,10,,307435,19,4,,1,10,,307403,19,4,,1,47,,307404,19,4,,1,8,,307405,19,4,,1,8,,307406,19,4,,1,8,,307407,19,4,,1,8,,307436,19,4,,1,10,,307408,19,4,,1,60,,307409,19,4,,1,20,,307410,19,4,,1,20,,307415,19,4,,1,60,,307438,19,4,,1
24012000,'120X-Weekday-3-26-09-1111100',634,,307495,19,4,,1,21,,307496,19,4,,1,60,,307500,19,4,,1,20,,307524,19,4,,1,20,,307484,19,4,,1,60,,307485,19,4,,1,20,,307497,19,4,,1,20,,307486,19,4,,1,59,,307521,19,4,,1,21,,307523,19,4,,1,20,,307501,19,4,,1,60,,307502,19,4,,1,20,,307503,19,4,,1,20,,307504,19,4,,1,60,,307505,19,4,,1,20,,307506,19,4,,1,20,,307507,19,4,,1,60,,307508,19,4,,1,20,,307509,19,4,,1,20,,307510,19,4,,1,60,,307511,19,4,,1,20,,307512,19,4,,1,20,,307513,19,4,,1,60,,307514,19,4,,1,20,,307515,19,4,,1,20,,307516,19,4,,1,67,,307517,19,4,,1,30,,307518,19,4,,1,63,,307525,19,4,,1,21,,307498,19,4,,1,10,,307519,19,4,,1,10,,307487,19,4,,1,47,,307488,19,4,,1,8,,307489,19,4,,1,8,,307490,19,4,,1,8,,307491,19,4,,1,8,,307520,19,4,,1,10,,307492,19,4,,1,60,,307493,19,4,,1,20,,307494,19,4,,1,20,,307499,19,4,,1,60,,307522,19,4,,1
24012000,'120X-Weekday-4-26-09-1111100',634,,307537,19,4,,1,21,,307538,19,4,,1,60,,307542,19,4,,1,20,,307566,19,4,,1,20,,307526,19,4,,1,60,,307527,19,4,,1,20,,307539,19,4,,1,20,,307528,19,4,,1,59,,307563,19,4,,1,21,,307565,19,4,,1,20,,307543,19,4,,1,60,,307544,19,4,,1,20,,307545,19,4,,1,20,,307546,19,4,,1,60,,307547,19,4,,1,20,,307548,19,4,,1,20,,307549,19,4,,1,60,,307550,19,4,,1,20,,307551,19,4,,1,20,,307552,19,4,,1,60,,307553,19,4,,1,20,,307554,19,4,,1,20,,307555,19,4,,1,60,,307556,19,4,,1,20,,307557,19,4,,1,20,,307558,19,4,,1,67,,307559,19,4,,1,30,,307560,19,4,,1,63,,307567,19,4,,1,21,,307540,19,4,,1,10,,307561,19,4,,1,10,,307529,19,4,,1,47,,307530,19,4,,1,8,,307531,19,4,,1,8,,307532,19,4,,1,8,,307533,19,4,,1,8,,307562,19,4,,1,10,,307534,19,4,,1,60,,307535,19,4,,1,20,,307536,19,4,,1,20,,307541,19,4,,1,60,,307564,19,4,,1
24012000,'120X-Weekday-5-26-09-1111100',634,,307579,19,4,,1,21,,307580,19,4,,1,60,,307584,19,4,,1,20,,307608,19,4,,1,20,,307568,19,4,,1,60,,307569,19,4,,1,20,,307581,19,4,,1,20,,307570,19,4,,1,59,,307605,19,4,,1,21,,307607,19,4,,1,20,,307585,19,4,,1,60,,307586,19,4,,1,20,,307587,19,4,,1,20,,307588,19,4,,1,60,,307589,19,4,,1,20,,307590,19,4,,1,20,,307591,19,4,,1,60,,307592,19,4,,1,20,,307593,19,4,,1,20,,307594,19,4,,1,60,,307595,19,4,,1,20,,307596,19,4,,1,20,,307597,19,4,,1,60,,307598,19,4,,1,20,,307599,19,4,,1,20,,307600,19,4,,1,67,,307601,19,4,,1,30,,307602,19,4,,1,63,,307609,19,4,,1,21,,307582,19,4,,1,10,,307603,19,4,,1,10,,307571,19,4,,1,47,,307572,19,4,,1,8,,307573,19,4,,1,8,,307574,19,4,,1,8,,307575,19,4,,1,8,,307604,19,4,,1,10,,307576,19,4,,1,60,,307577,19,4,,1,20,,307578,19,4,,1,20,,307583,19,4,,1,60,,307606,19,4,,1
24012000,'120X-Weekday-6-26-09-1111100',634,,307621,19,4,,1,21,,307622,19,4,,1,60,,307626,19,4,,1,20,,307650,19,4,,1,20,,307610,19,4,,1,60,,307611,19,4,,1,20,,307623,19,4,,1,20,,307612,19,4,,1,59,,307647,19,4,,1,21,,307649,19,4,,1,20,,307627,19,4,,1,60,,307628,19,4,,1,20,,307629,19,4,,1,20,,307630,19,4,,1,60,,307631,19,4,,1,20,,307632,19,4,,1,20,,307633,19,4,,1,60,,307634,19,4,,1,20,,307635,19,4,,1,20,,307636,19,4,,1,60,,307637,19,4,,1,20,,307638,19,4,,1,20,,307639,19,4,,1,60,,307640,19,4,,1,20,,307641,19,4,,1,20,,307642,19,4,,1,67,,307643,19,4,,1,30,,307644,19,4,,1,63,,307651,19,4,,1,21,,307624,19,4,,1,10,,307645,19,4,,1,10,,307613,19,4,,1,47,,307614,19,4,,1,8,,307615,19,4,,1,8,,307616,19,4,,1,8,,307617,19,4,,1,8,,307646,19,4,,1,10,,307618,19,4,,1,60,,307619,19,4,,1,20,,307620,19,4,,1,20,,307625,19,4,,1,60,,307648,19,4,,1
24012000,'120X-Weekday-7-26-09-1111100',634,,307663,19,4,,1,21,,307664,19,4,,1,60,,307668,19,4,,1,20,,307692,19,4,,1,20,,307652,19,4,,1,60,,307653,19,4,,1,20,,307665,19,4,,1,20,,307654,19,4,,1,59,,307689,19,4,,1,21,,307691,19,4,,1,20,,307669,19,4,,1,60,,307670,19,4,,1,20,,307671,19,4,,1,20,,307672,19,4,,1,60,,307673,19,4,,1,20,,307674,19,4,,1,20,,307675,19,4,,1,60,,307676,19,4,,1,20,,307677,19,4,,1,20,,307678,19,4,,1,60,,307679,19,4,,1,20,,307680,19,4,,1,20,,307681,19,4,,1,60,,307682,19,4,,1,20,,307683,19,4,,1,20,,307684,19,4,,1,67,,307685,19,4,,1,30,,307686,19,4,,1,63,,307693,19,4,,1,21,,307666,19,4,,1,10,,307687,19,4,,1,10,,307655,19,4,,1,47,,307656,19,4,,1,8,,307657,19,4,,1,8,,307658,19,4,,1,8,,307659,19,4,,1,8,,307688,19,4,,1,10,,307660,19,4,,1,60,,307661,19,4,,1,20,,307662,19,4,,1,20,,307667,19,4,,1,60,,307690,19,4,,1
24012001,'120X-Weekday-1-26-09-1111100',530,,307728,1,,,1,20,,307729,1,,,1,60,,307694,1,,,1,20,,307702,1,,,1,10,,307695,1,,,1,10,,307696,1,,,1,50,,307737,1,,,1,10,,307730,1,,,1,10,,307697,1,,,1,10,,307698,1,,,1,10,,307699,1,,,1,10,,307700,1,,,1,50,,307734,1,,,1,10,,307731,1,,,1,10,,307701,1,,,1,10,,307735,1,,,1,20,,307703,1,,,1,60,,307704,1,,,1,20,,307705,1,,,1,20,,307706,1,,,1,60,,307707,1,,,1,20,,307708,1,,,1,20,,307709,1,,,1,60,,307710,1,,,1,20,,307711,1,,,1,20,,307712,1,,,1,60,,307713,1,,,1,20,,307714,1,,,1,20,,307715,1,,,1,60,,307716,1,,,1,20,,307717,1,,,1,20,,307718,1,,,1,60,,307719,1,,,1,20,,307720,1,,,1,20,,307721,1,,,1,60,,307722,1,,,1,20,,307733,1,,,1,20,,307732,1,,,1,60,,307723,1,,,1,20,,307724,1,,,1,20,,307736,1,,,1,60,,307725,1,,,1,20,,307726,1,,,1,20,,307727,1,,,1
24012001,'120X-Weekday-3-26-09-1111100',530,,307816,1,,,1,20,,307817,1,,,1,60,,307782,1,,,1,20,,307790,1,,,1,10,,307783,1,,,1,10,,307784,1,,,1,50,,307825,1,,,1,10,,307818,1,,,1,10,,307785,1,,,1,10,,307786,1,,,1,10,,307787,1,,,1,10,,307788,1,,,1,50,,307822,1,,,1,10,,307819,1,,,1,10,,307789,1,,,1,10,,307823,1,,,1,20,,307791,1,,,1,60,,307792,1,,,1,20,,307793,1,,,1,20,,307794,1,,,1,60,,307795,1,,,1,20,,307796,1,,,1,20,,307797,1,,,1,60,,307798,1,,,1,20,,307799,1,,,1,20,,307800,1,,,1,60,,307801,1,,,1,20,,307802,1,,,1,20,,307803,1,,,1,60,,307804,1,,,1,20,,307805,1,,,1,20,,307806,1,,,1,60,,307807,1,,,1,20,,307808,1,,,1,20,,307809,1,,,1,60,,307810,1,,,1,20,,307821,1,,,1,20,,307820,1,,,1,60,,307811,1,,,1,20,,307812,1,,,1,20,,307824,1,,,1,60,,307813,1,,,1,20,,307814,1,,,1,20,,307815,1,,,1
24012001,'120X-Weekday-4-26-09-1111100',530,,307860,1,,,1,20,,307861,1,,,1,60,,307826,1,,,1,20,,307834,1,,,1,10,,307827,1,,,1,10,,307828,1,,,1,50,,307869,1,,,1,10,,307862,1,,,1,10,,307829,1,,,1,10,,307830,1,,,1,10,,307831,1,,,1,10,,307832,1,,,1,50,,307866,1,,,1,10,,307863,1,,,1,10,,307833,1,,,1,10,,307867,1,,,1,20,,307835,1,,,1,60,,307836,1,,,1,20,,307837,1,,,1,20,,307838,1,,,1,60,,307839,1,,,1,20,,307840,1,,,1,20,,307841,1,,,1,60,,307842,1,,,1,20,,307843,1,,,1,20,,307844,1,,,1,60,,307845,1,,,1,20,,307846,1,,,1,20,,307847,1,,,1,60,,307848,1,,,1,20,,307849,1,,,1,20,,307850,1,,,1,60,,307851,1,,,1,20,,307852,1,,,1,20,,307853,1,,,1,60,,307854,1,,,1,20,,307865,1,,,1,20,,307864,1,,,1,60,,307855,1,,,1,20,,307856,1,,,1,20,,307868,1,,,1,60,,307857,1,,,1,20,,307858,1,,,1,20,,307859,1,,,1
24012001,'120X-Weekday-5-26-09-1111100',530,,307904,1,,,1,20,,307905,1,,,1,60,,307870,1,,,1,20,,307878,1,,,1,10,,307871,1,,,1,10,,307872,1,,,1,50,,307913,1,,,1,10,,307906,1,,,1,10,,307873,1,,,1,10,,307874,1,,,1,10,,307875,1,,,1,10,,307876,1,,,1,50,,307910,1,,,1,10,,307907,1,,,1,10,,307877,1,,,1,10,,307911,1,,,1,20,,307879,1,,,1,60,,307880,1,,,1,20,,307881,1,,,1,20,,307882,1,,,1,60,,307883,1,,,1,20,,307884,1,,,1,20,,307885,1,,,1,60,,307886,1,,,1,20,,307887,1,,,1,20,,307888,1,,,1,60,,307889,1,,,1,20,,307890,1,,,1,20,,307891,1,,,1,60,,307892,1,,,1,20,,307893,1,,,1,20,,307894,1,,,1,60,,307895,1,,,1,20,,307896,1,,,1,20,,307897,1,,,1,60,,307898,1,,,1,20,,307909,1,,,1,20,,307908,1,,,1,60,,307899,1,,,1,20,,307900,1,,,1,20,,307912,1,,,1,60,,307901,1,,,1,20,,307902,1,,,1,20,,307903,1,,,1
24012001,'120X-Weekday-6-26-09-1111100',530,,307948,1,,,1,20,,307949,1,,,1,60,,307914,1,,,1,20,,307922,1,,,1,10,,307915,1,,,1,10,,307916,1,,,1,50,,307957,1,,,1,10,,307950,1,,,1,10,,307917,1,,,1,10,,307918,1,,,1,10,,307919,1,,,1,10,,307920,1,,,1,50,,307954,1,,,1,10,,307951,1,,,1,10,,307921,1,,,1,10,,307955,1,,,1,20,,307923,1,,,1,60,,307924,1,,,1,20,,307925,1,,,1,20,,307926,1,,,1,60,,307927,1,,,1,20,,307928,1,,,1,20,,307929,1,,,1,60,,307930,1,,,1,20,,307931,1,,,1,20,,307932,1,,,1,60,,307933,1,,,1,20,,307934,1,,,1,20,,307935,1,,,1,60,,307936,1,,,1,20,,307937,1,,,1,20,,307938,1,,,1,60,,307939,1,,,1,20,,307940,1,,,1,20,,307941,1,,,1,60,,307942,1,,,1,20,,307953,1,,,1,20,,307952,1,,,1,60,,307943,1,,,1,20,,307944,1,,,1,20,,307956,1,,,1,60,,307945,1,,,1,20,,307946,1,,,1,20,,307947,1,,,1
24012001,'120X-Weekday-7-26-09-1111100',530,,307992,1,,,1,20,,307993,1,,,1,60,,307958,1,,,1,20,,307966,1,,,1,10,,307959,1,,,1,10,,307960,1,,,1,50,,308001,1,,,1,10,,307994,1,,,1,10,,307961,1,,,1,10,,307962,1,,,1,10,,307963,1,,,1,10,,307964,1,,,1,50,,307998,1,,,1,10,,307995,1,,,1,10,,307965,1,,,1,10,,307999,1,,,1,20,,307967,1,,,1,60,,307968,1,,,1,20,,307969,1,,,1,20,,307970,1,,,1,60,,307971,1,,,1,20,,307972,1,,,1,20,,307973,1,,,1,60,,307974,1,,,1,20,,307975,1,,,1,20,,307976,1,,,1,60,,307977,1,,,1,20,,307978,1,,,1,20,,307979,1,,,1,60,,307980,1,,,1,20,,307981,1,,,1,20,,307982,1,,,1,60,,307983,1,,,1,20,,307984,1,,,1,20,,307985,1,,,1,60,,307986,1,,,1,20,,307997,1,,,1,20,,307996,1,,,1,60,,307987,1,,,1,20,,307988,1,,,1,20,,308000,1,,,1,60,,307989,1,,,1,20,,307990,1,,,1,20,,307991,1,,,1
