68400,'684-Weekday-1-26-09-1111100',1528,,274113,6,0,29 30,1,5,,274114,6,,,1
68400,'684-Weekday-7-26-09-1111100',1528,,274121,6,0,29 30,1,5,,274122,6,,,1
90500,'905-Weekday-1-26-09-1111100',541,,293621,7,,,1,70,,293622,7,,,1,30,,293623,7,,,1,71,,293624,7,,,1,30,,293625,7,,,1,70,,293626,7,,,1,30,,293627,7,,,1,597,,293628,7,,,1,70,,293629,7,,,1,32,,293630,7,,,1,70,,293631,7,,,1,30,,293632,7,,,1,70,,293633,7,,,1,30,,293634,7,,,1
90500,'905-Weekday-3-26-09-1111100',541,,293649,7,,,1,70,,293650,7,,,1,30,,293651,7,,,1,71,,293652,7,,,1,30,,293653,7,,,1,70,,293654,7,,,1,30,,293655,7,,,1,597,,293656,7,,,1,70,,293657,7,,,1,32,,293658,7,,,1,70,,293659,7,,,1,30,,293660,7,,,1,70,,293661,7,,,1,30,,293662,7,,,1
90500,'905-Weekday-4-26-09-1111100',541,,293663,7,,,1,70,,293664,7,,,1,30,,293665,7,,,1,71,,293666,7,,,1,30,,293667,7,,,1,70,,293668,7,,,1,30,,293669,7,,,1,597,,293670,7,,,1,70,,293671,7,,,1,32,,293672,7,,,1,70,,293673,7,,,1,30,,293674,7,,,1,70,,293675,7,,,1,30,,293676,7,,,1
90500,'905-Weekday-5-26-09-1111100',541,,293677,7,,,1,70,,293678,7,,,1,30,,293679,7,,,1,71,,293680,7,,,1,30,,293681,7,,,1,70,,293682,7,,,1,30,,293683,7,,,1,597,,293684,7,,,1,70,,293685,7,,,1,32,,293686,7,,,1,70,,293687,7,,,1,30,,293688,7,,,1,70,,293689,7,,,1,30,,293690,7,,,1
90500,'905-Weekday-6-26-09-1111100',541,,293691,7,,,1,70,,293692,7,,,1,30,,293693,7,,,1,71,,293694,7,,,1,30,,293695,7,,,1,70,,293696,7,,,1,30,,293697,7,,,1,597,,293698,7,,,1,70,,293699,7,,,1,32,,293700,7,,,1,70,,293701,7,,,1,30,,293702,7,,,1,70,,293703,7,,,1,30,,293704,7,,,1
90500,'905-Weekday-7-26-09-1111100',541,,293705,7,,,1,70,,293706,7,,,1,30,,293707,7,,,1,71,,293708,7,,,1,30,,293709,7,,,1,70,,293710,7,,,1,30,,293711,7,,,1,597,,293712,7,,,1,70,,293713,7,,,1,32,,293714,7,,,1,70,,293715,7,,,1,30,,293716,7,,,1,70,,293717,7,,,1,30,,293718,7,,,1
90601,'906-Weekday-1-26-09-1111100',619,,293929,7,,,1,30,,293930,7,,,1,70,,293931,7,,,1,30,,293932,7,,,1,70,,293933,7,,,1,30,,293934,7,,,1,670,,293935,7,,,1,30,,293936,7,,,1,70,,293937,7,,,1,30,,293938,7,,,1,70,,293939,7,,,1,30,,293940,7,,,1
90601,'906-Weekday-3-26-09-1111100',619,,293953,7,,,1,30,,293954,7,,,1,70,,293955,7,,,1,30,,293956,7,,,1,70,,293957,7,,,1,30,,293958,7,,,1,670,,293959,7,,,1,30,,293960,7,,,1,70,,293961,7,,,1,30,,293962,7,,,1,70,,293963,7,,,1,30,,293964,7,,,1
90601,'906-Weekday-4-26-09-1111100',619,,293965,7,,,1,30,,293966,7,,,1,70,,293967,7,,,1,30,,293968,7,,,1,70,,293969,7,,,1,30,,293970,7,,,1,670,,293971,7,,,1,30,,293972,7,,,1,70,,293973,7,,,1,30,,293974,7,,,1,70,,293975,7,,,1,30,,293976,7,,,1
90601,'906-Weekday-5-26-09-1111100',619,,293977,7,,,1,30,,293978,7,,,1,70,,293979,7,,,1,30,,293980,7,,,1,70,,293981,7,,,1,30,,293982,7,,,1,670,,293983,7,,,1,30,,293984,7,,,1,70,,293985,7,,,1,30,,293986,7,,,1,70,,293987,7,,,1,30,,293988,7,,,1
90601,'906-Weekday-6-26-09-1111100',619,,293989,7,,,1,30,,293990,7,,,1,70,,293991,7,,,1,30,,293992,7,,,1,70,,293993,7,,,1,30,,293994,7,,,1,670,,293995,7,,,1,30,,293996,7,,,1,70,,293997,7,,,1,30,,293998,7,,,1,70,,293999,7,,,1,30,,294000,7,,,1
90601,'906-Weekday-7-26-09-1111100',619,,294001,7,,,1,30,,294002,7,,,1,70,,294003,7,,,1,30,,294004,7,,,1,70,,294005,7,,,1,30,,294006,7,,,1,670,,294007,7,,,1,30,,294008,7,,,1,70,,294009,7,,,1,30,,294010,7,,,1,70,,294011,7,,,1,30,,294012,7,,,1
