71701,'717-Weekday-1-26-09-1111100',530,,313146,32,,,1,70,,313147,32,,,1,30,,313145,32,,,1,76,,313148,32,,,1,14,,313187,17,,,1,16,,313149,32,,,1,6,,313186,17,,,1,64,,313150,32,,,1,25,,313188,17,,,1,5,,313151,32,,,1,70,,313152,32,,,1,27,,313181,32,,,1,69,,313166,32,,,1,30,,313167,32,,,1,70,,313168,32,,,1,30,,313169,32,,,1,70,,313170,32,,,1,30,,313171,32,,,1,70,,313172,32,,,1,30,,313173,32,,,1,70,,313174,32,,,1,30,,313175,32,,,1,70,,313183,32,,,1,25,,313184,32,,,1,15,,313163,32,,,1,15,,313180,32,,,1,55,,313176,32,,,1,15,,313165,32,,,1,15,,313164,32,,,1,15,,313162,32,,,1,55,,313161,32,,,1,15,,313160,32,,,1,15,,313177,32,,,1,15,,313185,32,,,1,55,,313182,32,,,1,21,,313178,32,,,1,26,,313159,32,,,1,70,,313158,32,,,1,30,,313157,32,,,1,70,,313156,32,,,1,30,,313155,32,,,1,70,,313154,32,,,1,30,,313153,32,,,1,68,,313179,32,,,1
71701,'717-Weekday-3-26-09-1111100',530,,284052,32,,,1,70,,284053,32,,,1,30,,284051,32,,,1,76,,284054,32,,,1,14,,284092,17,,,1,16,,284055,32,,,1,70,,284056,32,,,1,30,,284057,32,,,1,70,,284058,32,,,1,27,,284087,32,,,1,69,,284072,32,,,1,30,,284073,32,,,1,70,,284074,32,,,1,30,,284075,32,,,1,70,,284076,32,,,1,30,,284077,32,,,1,70,,284078,32,,,1,30,,284079,32,,,1,70,,284080,32,,,1,30,,284081,32,,,1,70,,284089,32,,,1,25,,284090,32,,,1,15,,284069,32,,,1,15,,284086,32,,,1,55,,284082,32,,,1,15,,284071,32,,,1,15,,284070,32,,,1,15,,284068,32,,,1,55,,284067,32,,,1,15,,284066,32,,,1,15,,284083,32,,,1,15,,284091,32,,,1,55,,284088,32,,,1,21,,284084,32,,,1,26,,284065,32,,,1,70,,284064,32,,,1,30,,284063,32,,,1,70,,284062,32,,,1,30,,284061,32,,,1,70,,284060,32,,,1,30,,284059,32,,,1,68,,284085,32,,,1
71701,'717-Weekday-4-26-09-1111100',530,,284094,32,,,1,70,,284095,32,,,1,30,,284093,32,,,1,76,,284096,32,,,1,30,,284097,32,,,1,70,,284098,32,,,1,30,,284099,32,,,1,70,,284100,32,,,1,27,,284129,32,,,1,69,,284114,32,,,1,30,,284115,32,,,1,70,,284116,32,,,1,30,,284117,32,,,1,70,,284118,32,,,1,30,,284119,32,,,1,70,,284120,32,,,1,30,,284121,32,,,1,70,,284122,32,,,1,30,,284123,32,,,1,70,,284131,32,,,1,25,,284132,32,,,1,15,,284111,32,,,1,15,,284128,32,,,1,55,,284124,32,,,1,15,,284113,32,,,1,15,,284112,32,,,1,15,,284110,32,,,1,55,,284109,32,,,1,15,,284108,32,,,1,15,,284125,32,,,1,15,,284133,32,,,1,55,,284130,32,,,1,21,,284126,32,,,1,26,,284107,32,,,1,70,,284106,32,,,1,30,,284105,32,,,1,70,,284104,32,,,1,30,,284103,32,,,1,70,,284102,32,,,1,30,,284101,32,,,1,68,,284127,32,,,1
71701,'717-Weekday-5-26-09-1111100',530,,284135,32,,,1,70,,284136,32,,,1,30,,284134,32,,,1,76,,284137,32,,,1,30,,284138,32,,,1,70,,284139,32,,,1,30,,284140,32,,,1,70,,284141,32,,,1,27,,284170,32,,,1,69,,284155,32,,,1,30,,284156,32,,,1,70,,284157,32,,,1,30,,284158,32,,,1,70,,284159,32,,,1,30,,284160,32,,,1,70,,284161,32,,,1,30,,284162,32,,,1,70,,284163,32,,,1,30,,284164,32,,,1,70,,284172,32,,,1,25,,284173,32,,,1,15,,284152,32,,,1,15,,284169,32,,,1,55,,284165,32,,,1,15,,284154,32,,,1,15,,284153,32,,,1,15,,284151,32,,,1,55,,284150,32,,,1,15,,284149,32,,,1,15,,284166,32,,,1,15,,284174,32,,,1,55,,284171,32,,,1,21,,284167,32,,,1,26,,284148,32,,,1,70,,284147,32,,,1,30,,284146,32,,,1,70,,284145,32,,,1,30,,284144,32,,,1,70,,284143,32,,,1,30,,284142,32,,,1,68,,284168,32,,,1
71701,'717-Weekday-6-26-09-1111100',530,,284176,32,,,1,70,,284177,32,,,1,30,,284175,32,,,1,76,,284178,32,,,1,14,,284217,17,,,1,16,,284179,32,,,1,6,,284216,17,,,1,64,,284180,32,,,1,25,,284218,17,,,1,5,,284181,32,,,1,70,,284182,32,,,1,27,,284211,32,,,1,69,,284196,32,,,1,30,,284197,32,,,1,70,,284198,32,,,1,30,,284199,32,,,1,70,,284200,32,,,1,30,,284201,32,,,1,70,,284202,32,,,1,30,,284203,32,,,1,70,,284204,32,,,1,30,,284205,32,,,1,70,,284213,32,,,1,25,,284214,32,,,1,15,,284193,32,,,1,15,,284210,32,,,1,55,,284206,32,,,1,15,,284195,32,,,1,15,,284194,32,,,1,15,,284192,32,,,1,55,,284191,32,,,1,15,,284190,32,,,1,15,,284207,32,,,1,15,,284215,32,,,1,55,,284212,32,,,1,21,,284208,32,,,1,26,,284189,32,,,1,70,,284188,32,,,1,30,,284187,32,,,1,70,,284186,32,,,1,30,,284185,32,,,1,70,,284184,32,,,1,30,,284183,32,,,1,68,,284209,32,,,1
71701,'717-Weekday-7-26-09-1111100',530,,284220,32,,,1,70,,284221,32,,,1,30,,284219,32,,,1,76,,284222,32,,,1,30,,284223,32,,,1,70,,284224,32,,,1,30,,284225,32,,,1,70,,284226,32,,,1,27,,284255,32,,,1,69,,284240,32,,,1,30,,284241,32,,,1,70,,284242,32,,,1,30,,284243,32,,,1,70,,284244,32,,,1,30,,284245,32,,,1,70,,284246,32,,,1,30,,284247,32,,,1,70,,284248,32,,,1,30,,284249,32,,,1,70,,284257,32,,,1,25,,284258,32,,,1,15,,284237,32,,,1,15,,284254,32,,,1,55,,284250,32,,,1,15,,284239,32,,,1,15,,284238,32,,,1,15,,284236,32,,,1,55,,284235,32,,,1,15,,284234,32,,,1,15,,284251,32,,,1,15,,284259,32,,,1,55,,284256,32,,,1,21,,284252,32,,,1,26,,284233,32,,,1,70,,284232,32,,,1,30,,284231,32,,,1,70,,284230,32,,,1,30,,284229,32,,,1,70,,284228,32,,,1,30,,284227,32,,,1,68,,284253,32,,,1
71701,'717-Weekday-8-26-09-0000100',951,,311940,17,,,1
71701,'717-Weekday-8-26-09-1111100',530,,311942,32,,,1,70,,311943,32,,,1,30,,311941,32,,,1,76,,311944,32,,,1,14,,311983,17,,,1,16,,311945,32,,,1,6,,311982,17,,,1,64,,311946,32,,,1,25,,311984,17,,,1,5,,311947,32,,,1,70,,311948,32,,,1,27,,311977,32,,,1,69,,311962,32,,,1,30,,311963,32,,,1,70,,311964,32,,,1,30,,311965,32,,,1,70,,311966,32,,,1,30,,311967,32,,,1,70,,311968,32,,,1,30,,311969,32,,,1,70,,311970,32,,,1,30,,311971,32,,,1,70,,311979,32,,,1,25,,311980,32,,,1,15,,311959,32,,,1,15,,311976,32,,,1,55,,311972,32,,,1,15,,311961,32,,,1,15,,311960,32,,,1,15,,311958,32,,,1,55,,311957,32,,,1,15,,311956,32,,,1,15,,311973,32,,,1,15,,311981,32,,,1,55,,311978,32,,,1,21,,311974,32,,,1,26,,311955,32,,,1,70,,311954,32,,,1,30,,311953,32,,,1,70,,311952,32,,,1,30,,311951,32,,,1,70,,311950,32,,,1,30,,311949,32,,,1,68,,311975,32,,,1
71701,'717-Weekday-9-26-09-0000100',942,,312044,17,,,1
71701,'717-Weekday-9-26-09-1111000',822,,313189,17,,,1
71701,'717-Weekday-9-26-09-1111100',530,,312046,32,,,1,70,,312047,32,,,1,30,,312045,32,,,1,76,,312048,32,,,1,14,,312087,17,,,1,16,,312049,32,,,1,6,,312086,17,,,1,64,,312050,32,,,1,25,,312088,17,,,1,5,,312051,32,,,1,70,,312052,32,,,1,27,,312081,32,,,1,69,,312066,32,,,1,30,,312067,32,,,1,70,,312068,32,,,1,30,,312069,32,,,1,70,,312070,32,,,1,30,,312071,32,,,1,70,,312072,32,,,1,30,,312073,32,,,1,70,,312074,32,,,1,30,,312075,32,,,1,70,,312083,32,,,1,25,,312084,32,,,1,15,,312063,32,,,1,15,,312080,32,,,1,55,,312076,32,,,1,15,,312065,32,,,1,15,,312064,32,,,1,15,,312062,32,,,1,55,,312061,32,,,1,15,,312060,32,,,1,15,,312077,32,,,1,15,,312085,32,,,1,55,,312082,32,,,1,21,,312078,32,,,1,26,,312059,32,,,1,70,,312058,32,,,1,30,,312057,32,,,1,70,,312056,32,,,1,30,,312055,32,,,1,70,,312054,32,,,1,30,,312053,32,,,1,68,,312079,32,,,1
71701,'717-Saturday-1-26-09-0000010',825,,284260,32,,,1,30,,284261,32,,,1,76,,284262,32,,,1,70,,284263,32,,,1,30,,284264,32,,,1,70,,284265,32,,,1,30,,284266,32,,,1,70,,284267,32,,,1,30,,284268,32,,,1,70,,284269,32,,,1,30,,284270,32,,,1,70,,284271,32,,,1,30,,284272,32,,,1,70,,284273,32,,,1,30,,284274,32,,,1,70,,284275,32,,,1,30,,284276,32,,,1,70,,284277,32,,,1,29,,284278,32,,,1,70,,284279,32,,,1,30,,284280,32,,,1,70,,284281,32,,,1
71701,'717-Sunday-1-26-09-0000001',1025,,284282,32,,,1,30,,284283,32,,,1,70,,284284,32,,,1,30,,284285,32,,,1,70,,284286,32,,,1,30,,284287,32,,,1,70,,284288,32,,,1,30,,284289,32,,,1,70,,284290,32,,,1,30,,284291,32,,,1,70,,284292,32,,,1,30,,284293,32,,,1,70,,284294,32,,,1,30,,284295,32,,,1,71,,284296,32,,,1,30,,284297,32,,,1,70,,284298,32,,,1,30,,284299,32,,,1
