11300,'113-Weekday-1-26-09-1111100',537,,254255,27,,,1,70,,254256,27,,,1,31,,254293,27,,,1,18,,254258,27,,,1,55,,254299,27,,,1,15,,254259,27,,,1,15,,254260,27,,,1,15,,254261,27,,,1,55,,254262,27,,,1,15,,254264,27,,,1,15,,254263,27,,,1,15,,254257,27,,,1,55,,254300,27,,,1,27,,254265,27,,,1,70,,254266,27,,,1,30,,254267,27,,,1,70,,254268,27,,,1,30,,254269,27,,,1,70,,254270,27,,,1,30,,254271,27,,,1,70,,254272,27,,,1,30,,254273,27,,,1,70,,254274,27,,,1,30,,254275,27,,,1,70,,254276,27,,,1,16,,254277,27,,,1,15,,254301,27,,,1,15,,254278,27,,,1,55,,254279,27,,,1,15,,254280,27,,,1,15,,254281,27,,,1,15,,254283,27,,,1,55,,254282,27,,,1,15,,254284,27,,,1,23,,254302,27,,,1,63,,254285,27,,,1,29,,254286,27,,,1,69,,254287,27,,,1,30,,254288,27,,,1,70,,254289,27,,,1,30,,254290,27,,,1,70,,254291,27,,,1,30,,254292,27,,,1,69,,254294,27,,,1,29,,254295,27,,,1,70,,254296,27,,,1,30,,254297,27,,,1,70,,254298,27,,,1
11300,'113-Weekday-3-26-09-1111100',537,,254351,27,,,1,70,,254352,27,,,1,31,,254389,27,,,1,18,,254354,27,,,1,55,,254395,27,,,1,15,,254355,27,,,1,15,,254356,27,,,1,15,,254357,27,,,1,55,,254358,27,,,1,15,,254360,27,,,1,15,,254359,27,,,1,15,,254353,27,,,1,55,,254396,27,,,1,27,,254361,27,,,1,70,,254362,27,,,1,30,,254363,27,,,1,70,,254364,27,,,1,30,,254365,27,,,1,70,,254366,27,,,1,30,,254367,27,,,1,70,,254368,27,,,1,30,,254369,27,,,1,70,,254370,27,,,1,30,,254371,27,,,1,70,,254372,27,,,1,16,,254373,27,,,1,15,,254397,27,,,1,15,,254374,27,,,1,55,,254375,27,,,1,15,,254376,27,,,1,15,,254377,27,,,1,15,,254379,27,,,1,55,,254378,27,,,1,15,,254380,27,,,1,23,,254398,27,,,1,63,,254381,27,,,1,29,,254382,27,,,1,69,,254383,27,,,1,30,,254384,27,,,1,70,,254385,27,,,1,30,,254386,27,,,1,70,,254387,27,,,1,30,,254388,27,,,1,69,,254390,27,,,1,29,,254391,27,,,1,70,,254392,27,,,1,30,,254393,27,,,1,70,,254394,27,,,1
11300,'113-Weekday-4-26-09-1111100',537,,254399,27,,,1,70,,254400,27,,,1,31,,254437,27,,,1,18,,254402,27,,,1,55,,254443,27,,,1,15,,254403,27,,,1,15,,254404,27,,,1,15,,254405,27,,,1,55,,254406,27,,,1,15,,254408,27,,,1,15,,254407,27,,,1,15,,254401,27,,,1,55,,254444,27,,,1,27,,254409,27,,,1,70,,254410,27,,,1,30,,254411,27,,,1,70,,254412,27,,,1,30,,254413,27,,,1,70,,254414,27,,,1,30,,254415,27,,,1,70,,254416,27,,,1,30,,254417,27,,,1,70,,254418,27,,,1,30,,254419,27,,,1,70,,254420,27,,,1,16,,254421,27,,,1,15,,254445,27,,,1,15,,254422,27,,,1,55,,254423,27,,,1,15,,254424,27,,,1,15,,254425,27,,,1,15,,254427,27,,,1,55,,254426,27,,,1,15,,254428,27,,,1,23,,254446,27,,,1,63,,254429,27,,,1,29,,254430,27,,,1,69,,254431,27,,,1,30,,254432,27,,,1,70,,254433,27,,,1,30,,254434,27,,,1,70,,254435,27,,,1,30,,254436,27,,,1,69,,254438,27,,,1,29,,254439,27,,,1,70,,254440,27,,,1,30,,254441,27,,,1,70,,254442,27,,,1
11300,'113-Weekday-5-26-09-1111100',537,,254447,27,,,1,70,,254448,27,,,1,31,,254485,27,,,1,18,,254450,27,,,1,55,,254491,27,,,1,15,,254451,27,,,1,15,,254452,27,,,1,15,,254453,27,,,1,55,,254454,27,,,1,15,,254456,27,,,1,15,,254455,27,,,1,15,,254449,27,,,1,55,,254492,27,,,1,27,,254457,27,,,1,70,,254458,27,,,1,30,,254459,27,,,1,70,,254460,27,,,1,30,,254461,27,,,1,70,,254462,27,,,1,30,,254463,27,,,1,70,,254464,27,,,1,30,,254465,27,,,1,70,,254466,27,,,1,30,,254467,27,,,1,70,,254468,27,,,1,16,,254469,27,,,1,15,,254493,27,,,1,15,,254470,27,,,1,55,,254471,27,,,1,15,,254472,27,,,1,15,,254473,27,,,1,15,,254475,27,,,1,55,,254474,27,,,1,15,,254476,27,,,1,23,,254494,27,,,1,63,,254477,27,,,1,29,,254478,27,,,1,69,,254479,27,,,1,30,,254480,27,,,1,70,,254481,27,,,1,30,,254482,27,,,1,70,,254483,27,,,1,30,,254484,27,,,1,69,,254486,27,,,1,29,,254487,27,,,1,70,,254488,27,,,1,30,,254489,27,,,1,70,,254490,27,,,1
11300,'113-Weekday-6-26-09-1111100',537,,254495,27,,,1,70,,254496,27,,,1,31,,254533,27,,,1,18,,254498,27,,,1,55,,254539,27,,,1,15,,254499,27,,,1,15,,254500,27,,,1,15,,254501,27,,,1,55,,254502,27,,,1,15,,254504,27,,,1,15,,254503,27,,,1,15,,254497,27,,,1,55,,254540,27,,,1,27,,254505,27,,,1,70,,254506,27,,,1,30,,254507,27,,,1,70,,254508,27,,,1,30,,254509,27,,,1,70,,254510,27,,,1,30,,254511,27,,,1,70,,254512,27,,,1,30,,254513,27,,,1,70,,254514,27,,,1,30,,254515,27,,,1,70,,254516,27,,,1,16,,254517,27,,,1,15,,254541,27,,,1,15,,254518,27,,,1,55,,254519,27,,,1,15,,254520,27,,,1,15,,254521,27,,,1,15,,254523,27,,,1,55,,254522,27,,,1,15,,254524,27,,,1,23,,254542,27,,,1,63,,254525,27,,,1,29,,254526,27,,,1,69,,254527,27,,,1,30,,254528,27,,,1,70,,254529,27,,,1,30,,254530,27,,,1,70,,254531,27,,,1,30,,254532,27,,,1,69,,254534,27,,,1,29,,254535,27,,,1,70,,254536,27,,,1,30,,254537,27,,,1,70,,254538,27,,,1
11300,'113-Weekday-7-26-09-1111100',537,,254543,27,,,1,70,,254544,27,,,1,31,,254581,27,,,1,18,,254546,27,,,1,55,,254587,27,,,1,15,,254547,27,,,1,15,,254548,27,,,1,15,,254549,27,,,1,55,,254550,27,,,1,15,,254552,27,,,1,15,,254551,27,,,1,15,,254545,27,,,1,55,,254588,27,,,1,27,,254553,27,,,1,70,,254554,27,,,1,30,,254555,27,,,1,70,,254556,27,,,1,30,,254557,27,,,1,70,,254558,27,,,1,30,,254559,27,,,1,70,,254560,27,,,1,30,,254561,27,,,1,70,,254562,27,,,1,30,,254563,27,,,1,70,,254564,27,,,1,16,,254565,27,,,1,15,,254589,27,,,1,15,,254566,27,,,1,55,,254567,27,,,1,15,,254568,27,,,1,15,,254569,27,,,1,15,,254571,27,,,1,55,,254570,27,,,1,15,,254572,27,,,1,23,,254590,27,,,1,63,,254573,27,,,1,29,,254574,27,,,1,69,,254575,27,,,1,30,,254576,27,,,1,70,,254577,27,,,1,30,,254578,27,,,1,70,,254579,27,,,1,30,,254580,27,,,1,69,,254582,27,,,1,29,,254583,27,,,1,70,,254584,27,,,1,30,,254585,27,,,1,70,,254586,27,,,1
11300,'113-Saturday-1-26-09-0000010',612,,254591,27,,,1,30,,254592,27,,,1,70,,254593,27,,,1,30,,254594,27,,,1,70,,254595,27,,,1,30,,254596,27,,,1,73,,254597,27,,,1,30,,254598,27,,,1,70,,254599,27,,,1,30,,254600,27,,,1,70,,254601,27,,,1,30,,254602,27,,,1,70,,254603,27,,,1,30,,254604,27,,,1,70,,254605,27,,,1,30,,254606,27,,,1,70,,254607,27,,,1,30,,254608,27,,,1,70,,254609,27,,,1,30,,254610,27,,,1,70,,254611,27,,,1,30,,254612,27,,,1,68,,254613,27,,,1,30,,254614,27,,,1,70,,254615,27,,,1,30,,254616,27,,,1,70,,254617,27,,,1,30,,254618,27,,,1,69,,254619,27,,,1,30,,254620,27,,,1,70,,254621,27,,,1,30,,254622,27,,,1,100,,254623,27,,,1,100,,254624,27,,,1
11300,'113-Sunday-1-26-09-0000001',611,,254625,27,,,1,30,,254626,27,,,1,70,,254627,27,,,1,30,,254628,27,,,1,70,,254629,27,,,1,30,,254630,27,,,1,71,,254631,27,,,1,31,,254632,27,,,1,70,,254633,27,,,1,30,,254634,27,,,1,70,,254635,27,,,1,30,,254636,27,,,1,70,,254637,27,,,1,30,,254639,27,,,1,70,,254640,27,,,1,30,,254641,27,,,1,70,,254638,27,,,1,30,,254642,27,,,1,70,,254643,27,,,1,30,,254644,27,,,1,70,,254645,27,,,1,30,,254646,27,,,1,68,,254647,27,,,1,30,,254648,27,,,1,70,,254649,27,,,1,30,,254650,27,,,1,70,,254651,27,,,1,30,,254652,27,,,1,70,,254653,27,,,1,30,,254654,27,,,1,68,,254655,27,,,1,30,,254656,27,,,1,100,,254657,27,,,1,100,,254658,27,,,1
62801,'628-Weekday-1-26-09-1111100',825,,273539,26,4,,1
62801,'628-Weekday-7-26-09-1111100',825,,273541,26,4,,1
