65000,'650-Weekday-1-26-09-1111100',746,,273676,3,,,1,2,,273677,3,,,1
65000,'650-Weekday-7-26-09-1111100',746,,273680,3,,,1,2,,273681,3,,,1
70300,'703-Weekday-1-26-09-1111100',531,,275731,3,,,1,70,,275732,3,,,1,30,,275775,3,,,1,12,,275735,3,,,1,12,,275733,3,,,1,52,,275734,3,,,1,12,,275760,3,,,1,12,,275776,3,,,1,12,,275769,3,,,1,6,,275777,3,,,1,6,,275770,3,,,1,52,,275771,3,,,1,12,,275772,3,,,1,12,,275773,3,,,1,12,,275774,3,,,1,60,,275736,3,,,1,20,,275737,3,,,1,20,,275738,3,,,1,60,,275739,3,,,1,20,,275740,3,,,1,20,,275741,3,,,1,60,,275742,3,,,1,20,,275743,3,,,1,20,,275744,3,,,1,60,,275745,3,,,1,20,,275746,3,,,1,20,,275747,3,,,1,60,,275748,3,,,1,20,,275749,3,,,1,20,,275750,3,,,1,60,,275751,3,,,1,20,,275759,3,,,1,30,,275752,3,,,1,70,,275753,3,,,1,30,,275754,3,,,1,70,,275755,3,,,1,30,,275756,3,,,1,70,,275757,3,,,1,30,,275762,3,,,1,67,,275761,3,,,1,28,,275758,3,,,1,68,,275763,3,,,1,30,,275764,3,,,1,70,,275765,3,,,1,30,,275766,3,,,1,70,,275767,3,,,1,30,,275768,3,,,1
70300,'703-Weekday-3-26-09-1111100',531,,275825,3,,,1,70,,275826,3,,,1,30,,275869,3,,,1,12,,275829,3,,,1,12,,275827,3,,,1,52,,275828,3,,,1,12,,275854,3,,,1,12,,275870,3,,,1,12,,275863,3,,,1,12,,275864,3,,,1,52,,275865,3,,,1,12,,275866,3,,,1,12,,275867,3,,,1,12,,275868,3,,,1,60,,275830,3,,,1,20,,275831,3,,,1,20,,275832,3,,,1,60,,275833,3,,,1,20,,275834,3,,,1,20,,275835,3,,,1,60,,275836,3,,,1,20,,275837,3,,,1,20,,275838,3,,,1,60,,275839,3,,,1,20,,275840,3,,,1,20,,275841,3,,,1,60,,275842,3,,,1,20,,275843,3,,,1,20,,275844,3,,,1,60,,275845,3,,,1,20,,275853,3,,,1,30,,275846,3,,,1,70,,275847,3,,,1,30,,275848,3,,,1,70,,275849,3,,,1,30,,275850,3,,,1,70,,275851,3,,,1,30,,275856,3,,,1,67,,275855,3,,,1,28,,275852,3,,,1,68,,275857,3,,,1,30,,275858,3,,,1,70,,275859,3,,,1,30,,275860,3,,,1,70,,275861,3,,,1,30,,275862,3,,,1
70300,'703-Weekday-4-26-09-1111100',531,,275871,3,,,1,70,,275872,3,,,1,30,,275915,3,,,1,12,,275875,3,,,1,12,,275873,3,,,1,52,,275874,3,,,1,12,,275900,3,,,1,12,,275916,3,,,1,12,,275909,3,,,1,12,,275910,3,,,1,52,,275911,3,,,1,12,,275912,3,,,1,12,,275913,3,,,1,12,,275914,3,,,1,60,,275876,3,,,1,20,,275877,3,,,1,20,,275878,3,,,1,60,,275879,3,,,1,20,,275880,3,,,1,20,,275881,3,,,1,60,,275882,3,,,1,20,,275883,3,,,1,20,,275884,3,,,1,60,,275885,3,,,1,20,,275886,3,,,1,20,,275887,3,,,1,60,,275888,3,,,1,20,,275889,3,,,1,20,,275890,3,,,1,60,,275891,3,,,1,20,,275899,3,,,1,30,,275892,3,,,1,70,,275893,3,,,1,30,,275894,3,,,1,70,,275895,3,,,1,30,,275896,3,,,1,70,,275897,3,,,1,30,,275902,3,,,1,67,,275901,3,,,1,28,,275898,3,,,1,68,,275903,3,,,1,30,,275904,3,,,1,70,,275905,3,,,1,30,,275906,3,,,1,70,,275907,3,,,1,30,,275908,3,,,1
70300,'703-Weekday-5-26-09-1111100',531,,275917,3,,,1,70,,275918,3,,,1,30,,275961,3,,,1,12,,275921,3,,,1,12,,275919,3,,,1,52,,275920,3,,,1,12,,275946,3,,,1,12,,275962,3,,,1,12,,275955,3,,,1,12,,275956,3,,,1,52,,275957,3,,,1,12,,275958,3,,,1,12,,275959,3,,,1,12,,275960,3,,,1,60,,275922,3,,,1,20,,275923,3,,,1,20,,275924,3,,,1,60,,275925,3,,,1,20,,275926,3,,,1,20,,275927,3,,,1,60,,275928,3,,,1,20,,275929,3,,,1,20,,275930,3,,,1,60,,275931,3,,,1,20,,275932,3,,,1,20,,275933,3,,,1,60,,275934,3,,,1,20,,275935,3,,,1,20,,275936,3,,,1,60,,275937,3,,,1,20,,275945,3,,,1,30,,275938,3,,,1,70,,275939,3,,,1,30,,275940,3,,,1,70,,275941,3,,,1,30,,275942,3,,,1,70,,275943,3,,,1,30,,275948,3,,,1,67,,275947,3,,,1,28,,275944,3,,,1,68,,275949,3,,,1,30,,275950,3,,,1,70,,275951,3,,,1,30,,275952,3,,,1,70,,275953,3,,,1,30,,275954,3,,,1
70300,'703-Weekday-6-26-09-1111100',531,,275963,3,,,1,70,,275964,3,,,1,30,,276007,3,,,1,12,,275967,3,,,1,12,,275965,3,,,1,52,,275966,3,,,1,12,,275992,3,,,1,12,,276008,3,,,1,12,,276001,3,,,1,6,,276009,3,,,1,6,,276002,3,,,1,52,,276003,3,,,1,12,,276004,3,,,1,12,,276005,3,,,1,12,,276006,3,,,1,60,,275968,3,,,1,20,,275969,3,,,1,20,,275970,3,,,1,60,,275971,3,,,1,20,,275972,3,,,1,20,,275973,3,,,1,60,,275974,3,,,1,20,,275975,3,,,1,20,,275976,3,,,1,60,,275977,3,,,1,20,,275978,3,,,1,20,,275979,3,,,1,60,,275980,3,,,1,20,,275981,3,,,1,20,,275982,3,,,1,60,,275983,3,,,1,20,,275991,3,,,1,30,,275984,3,,,1,70,,275985,3,,,1,30,,275986,3,,,1,70,,275987,3,,,1,30,,275988,3,,,1,70,,275989,3,,,1,30,,275994,3,,,1,67,,275993,3,,,1,28,,275990,3,,,1,68,,275995,3,,,1,30,,275996,3,,,1,70,,275997,3,,,1,30,,275998,3,,,1,70,,275999,3,,,1,30,,276000,3,,,1
70300,'703-Weekday-7-26-09-1111100',531,,276010,3,,,1,70,,276011,3,,,1,30,,276054,3,,,1,12,,276014,3,,,1,12,,276012,3,,,1,52,,276013,3,,,1,12,,276039,3,,,1,12,,276055,3,,,1,12,,276048,3,,,1,12,,276049,3,,,1,52,,276050,3,,,1,12,,276051,3,,,1,12,,276052,3,,,1,12,,276053,3,,,1,60,,276015,3,,,1,20,,276016,3,,,1,20,,276017,3,,,1,60,,276018,3,,,1,20,,276019,3,,,1,20,,276020,3,,,1,60,,276021,3,,,1,20,,276022,3,,,1,20,,276023,3,,,1,60,,276024,3,,,1,20,,276025,3,,,1,20,,276026,3,,,1,60,,276027,3,,,1,20,,276028,3,,,1,20,,276029,3,,,1,60,,276030,3,,,1,20,,276038,3,,,1,30,,276031,3,,,1,70,,276032,3,,,1,30,,276033,3,,,1,70,,276034,3,,,1,30,,276035,3,,,1,70,,276036,3,,,1,30,,276041,3,,,1,67,,276040,3,,,1,28,,276037,3,,,1,68,,276042,3,,,1,30,,276043,3,,,1,70,,276044,3,,,1,30,,276045,3,,,1,70,,276046,3,,,1,30,,276047,3,,,1
70300,'703-Saturday-1-26-09-0000010',805,,276056,3,,,1,30,,276067,3,,,1,70,,276057,3,,,1,30,,276068,3,,,1,70,,276058,3,,,1,30,,276069,3,,,1,70,,276059,3,,,1,30,,276070,3,,,1,70,,276060,3,,,1,30,,276071,3,,,1,70,,276061,3,,,1,30,,276072,3,,,1,70,,276062,3,,,1,30,,276073,3,,,1,70,,276063,3,,,1,30,,276074,3,,,1,70,,276064,3,,,1,30,,276075,3,,,1,70,,276065,3,,,1,30,,276076,3,,,1,70,,276066,3,,,1,30,,276077,3,,,1
70300,'703-Sunday-1-26-09-0000001',1027,,276095,3,,,1,30,,276086,3,,,1,70,,276078,3,,,1,30,,276087,3,,,1,70,,276088,3,,,1,30,,276079,3,,,1,70,,276080,3,,,1,30,,276089,3,,,1,70,,276081,3,,,1,30,,276090,3,,,1,70,,276091,3,,,1,30,,276082,3,,,1,70,,276083,3,,,1,30,,276092,3,,,1,70,,276084,3,,,1,30,,276093,3,,,1,70,,276094,3,,,1,30,,276085,3,,,1
72400,'724-Weekday-1-26-09-1111100',601,,288504,3,,,1,30,,288505,3,,,1,70,,288506,3,,,1,30,,288507,3,,,1,70,,288508,3,,,1,30,,288509,3,,,1,670,,288510,3,,,1,30,,288511,3,,,1,70,,288512,3,,,1,30,,288513,3,,,1,70,,288514,3,,,1,30,,288515,3,,,1
72400,'724-Weekday-3-26-09-1111100',601,,288528,3,,,1,30,,288529,3,,,1,70,,288530,3,,,1,30,,288531,3,,,1,70,,288532,3,,,1,30,,288533,3,,,1,670,,288534,3,,,1,30,,288535,3,,,1,70,,288536,3,,,1,30,,288537,3,,,1,70,,288538,3,,,1,30,,288539,3,,,1
72400,'724-Weekday-4-26-09-1111100',601,,288540,3,,,1,30,,288541,3,,,1,70,,288542,3,,,1,30,,288543,3,,,1,70,,288544,3,,,1,30,,288545,3,,,1,670,,288546,3,,,1,30,,288547,3,,,1,70,,288548,3,,,1,30,,288549,3,,,1,70,,288550,3,,,1,30,,288551,3,,,1
72400,'724-Weekday-5-26-09-1111100',601,,288552,3,,,1,30,,288553,3,,,1,70,,288554,3,,,1,30,,288555,3,,,1,70,,288556,3,,,1,30,,288557,3,,,1,670,,288558,3,,,1,30,,288559,3,,,1,70,,288560,3,,,1,30,,288561,3,,,1,70,,288562,3,,,1,30,,288563,3,,,1
72400,'724-Weekday-6-26-09-1111100',601,,288564,3,,,1,30,,288565,3,,,1,70,,288566,3,,,1,30,,288567,3,,,1,70,,288568,3,,,1,30,,288569,3,,,1,670,,288570,3,,,1,30,,288571,3,,,1,70,,288572,3,,,1,30,,288573,3,,,1,70,,288574,3,,,1,30,,288575,3,,,1
72400,'724-Weekday-7-26-09-1111100',601,,288576,3,,,1,30,,288577,3,,,1,70,,288578,3,,,1,30,,288579,3,,,1,70,,288580,3,,,1,30,,288581,3,,,1,670,,288582,3,,,1,30,,288583,3,,,1,70,,288584,3,,,1,30,,288585,3,,,1,70,,288586,3,,,1,30,,288587,3,,,1
