5101,'051-Weekday-1-26-06-1111100',542,,166756,31,,,1,70,,166757,31,,,1,37,,166768,31,,,1,62,,166767,31,,,1,20,,166758,31,,,1,20,,166759,31,,,1,60,,166760,31,,,1,20,,166761,31,,,1,20,,166762,31,,,1,56,,166741,31,,,1,26,,166755,31,,,1,70,,166742,31,,,1,30,,166763,31,,,1,70,,166743,31,,,1,30,,166744,31,,,1,70,,166764,31,,,1,30,,166745,31,,,1,70,,166746,31,,,1,30,,166765,31,,,1,70,,166747,31,,,1,30,,166766,31,,,1,70,,166748,31,,,1,31,,166749,31,,,1,72,,166750,31,,,1,30,,166751,31,,,1,70,,166752,31,,,1,30,,166753,31,,,1,70,,166770,31,,,1,29,,166771,31,,,1,66,,166772,31,,,1,30,,166773,31,,,1,70,,166774,31,,,1,30,,166775,31,,,1,70,,166776,31,,,1,30,,166777,31,,,1,70,,166754,31,,,1,100,,166769,31,,,1
5101,'051-Weekday-2-26-06-1111100',542,,191492,31,,,1,70,,191493,31,,,1,37,,191504,31,,,1,62,,191503,31,,,1,20,,191494,31,,,1,20,,191495,31,,,1,60,,191496,31,,,1,20,,191497,31,,,1,20,,191498,31,,,1,56,,191477,31,,,1,26,,191491,31,,,1,70,,191478,31,,,1,30,,191499,31,,,1,70,,191479,31,,,1,30,,191480,31,,,1,70,,191500,31,,,1,30,,191481,31,,,1,70,,191482,31,,,1,30,,191501,31,,,1,70,,191483,31,,,1,30,,191502,31,,,1,70,,191484,31,,,1,31,,191485,31,,,1,72,,191486,31,,,1,30,,191487,31,,,1,70,,191488,31,,,1,30,,191489,31,,,1,70,,191506,31,,,1,29,,191507,31,,,1,66,,191508,31,,,1,30,,191509,31,,,1,70,,191510,31,,,1,30,,191511,31,,,1,70,,191512,31,,,1,30,,191513,31,,,1,70,,191490,31,,,1,100,,191505,31,,,1
5101,'051-Saturday-1-26-06-0000010',622,,166778,31,,,1,100,,166779,31,,,1,100,,166780,31,,,1,30,,166781,31,,,1,71,,166782,31,,,1,30,,166783,31,,,1,70,,166784,31,,,1,30,,166785,31,,,1,70,,166786,31,,,1,30,,166787,31,,,1,70,,166788,31,,,1,30,,166789,31,,,1,70,,166790,31,,,1,30,,166791,31,,,1,70,,166792,31,,,1,30,,166793,31,,,1,70,,166794,31,,,1,30,,166795,31,,,1,70,,166796,31,,,1,30,,166797,31,,,1,68,,166798,31,,,1,30,,166799,31,,,1,70,,166800,31,,,1,30,,166801,31,,,1,70,,166802,31,,,1,100,,166803,31,,,1,100,,166804,31,,,1,100,,166805,31,,,1
5101,'051-Saturday-2-26-06-0000010',622,,208263,31,,,1,100,,208264,31,,,1,100,,208265,31,,,1,30,,208266,31,,,1,71,,208267,31,,,1,30,,208268,31,,,1,70,,208269,31,,,1,30,,208270,31,,,1,70,,208271,31,,,1,30,,208272,31,,,1,70,,208273,31,,,1,30,,208274,31,,,1,70,,208275,31,,,1,30,,208276,31,,,1,70,,208277,31,,,1,30,,208278,31,,,1,70,,208279,31,,,1,30,,208280,31,,,1,70,,208281,31,,,1,30,,208282,31,,,1,68,,208283,31,,,1,30,,208284,31,,,1,70,,208285,31,,,1,30,,208286,31,,,1,70,,208287,31,,,1,100,,208288,31,,,1,100,,208289,31,,,1,100,,208290,31,,,1
5101,'051-Sunday-2-26-06-0000001',722,,191533,31,,,1,100,,191534,31,,,1,102,,191535,31,,,1,30,,191538,31,,,1,70,,191514,31,,,1,30,,191515,31,,,1,70,,191516,31,,,1,30,,191517,31,,,1,70,,191518,31,,,1,30,,191519,31,,,1,70,,191520,31,,,1,30,,191521,31,,,1,70,,191522,31,,,1,30,,191523,31,,,1,70,,191524,31,,,1,30,,191525,31,,,1,70,,191526,31,,,1,30,,191527,31,,,1,68,,191528,31,,,1,30,,191529,31,,,1,70,,191530,31,,,1,30,,191531,31,,,1,70,,191532,31,,,1,100,,191536,31,,,1,100,,191537,31,,,1,100,,191539,31,,,1
5101,'051-Sunday-3-26-06-0000001',722,,208310,31,,,1,100,,208311,31,,,1,102,,208312,31,,,1,30,,208315,31,,,1,70,,208291,31,,,1,30,,208292,31,,,1,70,,208293,31,,,1,30,,208294,31,,,1,70,,208295,31,,,1,30,,208296,31,,,1,70,,208297,31,,,1,30,,208298,31,,,1,70,,208299,31,,,1,30,,208300,31,,,1,70,,208301,31,,,1,30,,208302,31,,,1,70,,208303,31,,,1,30,,208304,31,,,1,68,,208305,31,,,1,30,,208306,31,,,1,70,,208307,31,,,1,30,,208308,31,,,1,70,,208309,31,,,1,100,,208313,31,,,1,100,,208314,31,,,1,100,,208316,31,,,1
5101,'051-Sunday-6-26-06-0000001',722,,208336,31,,,1,100,,208337,31,,,1,102,,208338,31,,,1,30,,208341,31,,,1,70,,208317,31,,,1,30,,208318,31,,,1,70,,208319,31,,,1,30,,208320,31,,,1,70,,208321,31,,,1,30,,208322,31,,,1,70,,208323,31,,,1,30,,208324,31,,,1,70,,208325,31,,,1,30,,208326,31,,,1,70,,208327,31,,,1,30,,208328,31,,,1,70,,208329,31,,,1,30,,208330,31,,,1,68,,208331,31,,,1,30,,208332,31,,,1,70,,208333,31,,,1,30,,208334,31,,,1,70,,208335,31,,,1,100,,208339,31,,,1,100,,208340,31,,,1,100,,208342,31,,,1
5101,'051-Sunday-7-26-06-0000001',722,,208362,31,,,1,100,,208363,31,,,1,102,,208364,31,,,1,30,,208367,31,,,1,70,,208343,31,,,1,30,,208344,31,,,1,70,,208345,31,,,1,30,,208346,31,,,1,70,,208347,31,,,1,30,,208348,31,,,1,70,,208349,31,,,1,30,,208350,31,,,1,70,,208351,31,,,1,30,,208352,31,,,1,70,,208353,31,,,1,30,,208354,31,,,1,70,,208355,31,,,1,30,,208356,31,,,1,68,,208357,31,,,1,30,,208358,31,,,1,70,,208359,31,,,1,30,,208360,31,,,1,70,,208361,31,,,1,100,,208365,31,,,1,100,,208366,31,,,1,100,,208368,31,,,1
90901,'909-Weekday-1-26-06-1111100',546,,184000,2,,,1,70,,184032,2,,,1,31,,184001,2,,,1,70,,184002,2,,,1,30,,184003,2,,,1,70,,184004,2,,,1,21,,184033,2,,,1,70,,184005,2,,,1,30,,184006,2,,,1,70,,184007,2,,,1,30,,184008,2,,,1,70,,184009,2,,,1,30,,184010,2,,,1,70,,184011,2,,,1,30,,184012,2,,,1,70,,184013,2,,,1,30,,184014,2,,,1,70,,184015,2,,,1,29,,184016,2,,,1,70,,184017,2,,,1,30,,184018,2,,,1,70,,184019,2,,,1,30,,184020,2,,,1,70,,184021,2,,,1,30,,184022,2,,,1,72,,184023,2,,,1,30,,184024,2,,,1,70,,184025,2,,,1,30,,184026,2,,,1,70,,184027,2,,,1,30,,184028,2,,,1,70,,184029,2,,,1,28,,184034,2,,,1,100,,184030,2,,,1,100,,184031,2,,,1
90901,'909-Weekday-2-26-06-1111100',546,,200937,2,,,1,70,,200969,2,,,1,31,,200938,2,,,1,70,,200939,2,,,1,30,,200940,2,,,1,70,,200941,2,,,1,21,,200970,2,,,1,70,,200942,2,,,1,30,,200943,2,,,1,70,,200944,2,,,1,30,,200945,2,,,1,70,,200946,2,,,1,30,,200947,2,,,1,70,,200948,2,,,1,30,,200949,2,,,1,70,,200950,2,,,1,30,,200951,2,,,1,70,,200952,2,,,1,29,,200953,2,,,1,70,,200954,2,,,1,30,,200955,2,,,1,70,,200956,2,,,1,30,,200957,2,,,1,70,,200958,2,,,1,30,,200959,2,,,1,72,,200960,2,,,1,30,,200961,2,,,1,70,,200962,2,,,1,30,,200963,2,,,1,70,,200964,2,,,1,30,,200965,2,,,1,70,,200966,2,,,1,28,,200971,2,,,1,100,,200967,2,,,1,100,,200968,2,,,1
90901,'909-Saturday-1-26-06-0000010',710,,184035,2,,,1,100,,184036,2,,,1,30,,184037,2,,,1,71,,184038,2,,,1,30,,184039,2,,,1,70,,184040,2,,,1,30,,184041,2,,,1,70,,184042,2,,,1,30,,184043,2,,,1,70,,184044,2,,,1,30,,184045,2,,,1,70,,184046,2,,,1,30,,184047,2,,,1,70,,184048,2,,,1,30,,184049,2,,,1,70,,184050,2,,,1,30,,184051,2,,,1,70,,184052,2,,,1,30,,184053,2,,,1,72,,184054,2,,,1,30,,184055,2,,,1,70,,184056,2,,,1,30,,184057,2,,,1,70,,184058,2,,,1,100,,184059,2,,,1,100,,184060,2,,,1,100,,184061,2,,,1
90901,'909-Saturday-2-26-06-0000010',710,,223148,2,,,1,100,,223149,2,,,1,30,,223150,2,,,1,71,,223151,2,,,1,30,,223152,2,,,1,70,,223153,2,,,1,30,,223154,2,,,1,70,,223155,2,,,1,30,,223156,2,,,1,70,,223157,2,,,1,30,,223158,2,,,1,70,,223159,2,,,1,30,,223160,2,,,1,70,,223161,2,,,1,30,,223162,2,,,1,70,,223163,2,,,1,30,,223164,2,,,1,70,,223165,2,,,1,30,,223166,2,,,1,72,,223167,2,,,1,30,,223168,2,,,1,70,,223169,2,,,1,30,,223170,2,,,1,70,,223171,2,,,1,100,,223172,2,,,1,100,,223173,2,,,1,100,,223174,2,,,1
90901,'909-Sunday-2-26-06-0000001',612,,200972,2,,,1,100,,200973,2,,,1,100,,200974,2,,,1,101,,200975,2,,,1,100,,200976,2,,,1,30,,200977,2,,,1,70,,200978,2,,,1,30,,200979,2,,,1,70,,200980,2,,,1,30,,200981,2,,,1,70,,200982,2,,,1,30,,200983,2,,,1,70,,200984,2,,,1,30,,200985,2,,,1,70,,200986,2,,,1,30,,200987,2,,,1,70,,200988,2,,,1,30,,200989,2,,,1,70,,200990,2,,,1,30,,200991,2,,,1,70,,200992,2,,,1,30,,200993,2,,,1,70,,200995,2,,,1,100,,200994,2,,,1
90901,'909-Sunday-3-26-06-0000001',612,,223175,2,,,1,100,,223176,2,,,1,100,,223177,2,,,1,101,,223178,2,,,1,100,,223179,2,,,1,30,,223180,2,,,1,70,,223181,2,,,1,30,,223182,2,,,1,70,,223183,2,,,1,30,,223184,2,,,1,70,,223185,2,,,1,30,,223186,2,,,1,70,,223187,2,,,1,30,,223188,2,,,1,70,,223189,2,,,1,30,,223190,2,,,1,70,,223191,2,,,1,30,,223192,2,,,1,70,,223193,2,,,1,30,,223194,2,,,1,70,,223195,2,,,1,30,,223196,2,,,1,70,,223198,2,,,1,100,,223197,2,,,1
90901,'909-Sunday-6-26-06-0000001',612,,223199,2,,,1,100,,223200,2,,,1,100,,223201,2,,,1,101,,223202,2,,,1,100,,223203,2,,,1,30,,223204,2,,,1,70,,223205,2,,,1,30,,223206,2,,,1,70,,223207,2,,,1,30,,223208,2,,,1,70,,223209,2,,,1,30,,223210,2,,,1,70,,223211,2,,,1,30,,223212,2,,,1,70,,223213,2,,,1,30,,223214,2,,,1,70,,223215,2,,,1,30,,223216,2,,,1,70,,223217,2,,,1,30,,223218,2,,,1,70,,223219,2,,,1,30,,223220,2,,,1,70,,223222,2,,,1,100,,223221,2,,,1
90901,'909-Sunday-7-26-06-0000001',612,,223223,2,,,1,100,,223224,2,,,1,100,,223225,2,,,1,101,,223226,2,,,1,100,,223227,2,,,1,30,,223228,2,,,1,70,,223229,2,,,1,30,,223230,2,,,1,70,,223231,2,,,1,30,,223232,2,,,1,70,,223233,2,,,1,30,,223234,2,,,1,70,,223235,2,,,1,30,,223236,2,,,1,70,,223237,2,,,1,30,,223238,2,,,1,70,,223239,2,,,1,30,,223240,2,,,1,70,,223241,2,,,1,30,,223242,2,,,1,70,,223243,2,,,1,30,,223244,2,,,1,70,,223246,2,,,1,100,,223245,2,,,1
