5200,'052-Weekday-1-26-09-1111100',526,,241515,18,,,1,30,,241556,18,,,1,70,,241557,18,,,1,74,,241558,18,,,1,20,,241559,18,,,1,15,,241541,18,,,1,15,,241519,18,,,1,55,,241522,18,,,1,15,,241537,18,,,1,15,,241518,18,,,1,15,,241524,18,,,1,60,,241561,18,,,1,27,,241536,18,,,1,70,,241554,18,,,1,30,,241516,18,,,1,70,,241520,18,,,1,30,,241555,18,,,1,70,,241534,18,,,1,30,,241517,18,,,1,70,,241533,18,,,1,30,,241551,18,,,1,70,,241544,18,,,1,31,,241543,18,,,1,65,,241552,18,,,1,17,,241547,18,,,1,16,,241542,18,,,1,15,,241528,18,,,1,54,,241553,18,,,1,15,,241549,18,,,1,12,,241540,18,,,1,13,,241548,18,,,1,55,,241546,18,,,1,15,,241527,18,,,1,15,,241545,18,,,1,70,,241538,18,,,1,29,,241526,18,,,1,28,,241521,18,,,1,70,,241523,18,,,1,30,,241550,18,,,1,70,,241530,18,,,1,30,,241532,18,,,1,70,,241539,18,,,1,30,,241525,18,,,1,69,,241535,18,,,1,100,,241529,18,,,1,100,,241531,18,,,1
5200,'052-Weekday-2-26-09-1111100',526,,241562,18,,,1,30,,241603,18,,,1,70,,241604,18,,,1,74,,241605,18,,,1,20,,241606,18,,,1,15,,241588,18,,,1,15,,241566,18,,,1,55,,241569,18,,,1,15,,241584,18,,,1,15,,241565,18,,,1,15,,241571,18,,,1,60,,241608,18,,,1,27,,241583,18,,,1,70,,241601,18,,,1,30,,241563,18,,,1,70,,241567,18,,,1,30,,241602,18,,,1,70,,241581,18,,,1,30,,241564,18,,,1,70,,241580,18,,,1,30,,241598,18,,,1,70,,241591,18,,,1,31,,241590,18,,,1,65,,241599,18,,,1,17,,241594,18,,,1,16,,241589,18,,,1,15,,241575,18,,,1,54,,241600,18,,,1,15,,241596,18,,,1,12,,241587,18,,,1,13,,241595,18,,,1,55,,241593,18,,,1,15,,241574,18,,,1,15,,241592,18,,,1,70,,241585,18,,,1,29,,241573,18,,,1,28,,241568,18,,,1,70,,241570,18,,,1,30,,241597,18,,,1,70,,241577,18,,,1,30,,241579,18,,,1,70,,241586,18,,,1,30,,241572,18,,,1,69,,241582,18,,,1,100,,241576,18,,,1,100,,241578,18,,,1
5200,'052-Weekday-3-26-09-1111100',526,,241609,18,,,1,30,,241650,18,,,1,70,,241651,18,,,1,74,,241652,18,,,1,20,,241653,18,,,1,15,,241635,18,,,1,15,,241613,18,,,1,55,,241616,18,,,1,15,,241631,18,,,1,15,,241612,18,,,1,15,,241618,18,,,1,60,,241654,18,,,1,27,,241630,18,,,1,70,,241648,18,,,1,30,,241610,18,,,1,70,,241614,18,,,1,30,,241649,18,,,1,70,,241628,18,,,1,30,,241611,18,,,1,70,,241627,18,,,1,30,,241645,18,,,1,70,,241638,18,,,1,31,,241637,18,,,1,65,,241646,18,,,1,17,,241641,18,,,1,16,,241636,18,,,1,15,,241622,18,,,1,54,,241647,18,,,1,15,,241643,18,,,1,12,,241634,18,,,1,13,,241642,18,,,1,55,,241640,18,,,1,15,,241621,18,,,1,15,,241639,18,,,1,70,,241632,18,,,1,29,,241620,18,,,1,28,,241615,18,,,1,70,,241617,18,,,1,30,,241644,18,,,1,70,,241624,18,,,1,30,,241626,18,,,1,70,,241633,18,,,1,30,,241619,18,,,1,69,,241629,18,,,1,100,,241623,18,,,1,100,,241625,18,,,1
5200,'052-Weekday-4-26-09-1111100',526,,241655,18,,,1,30,,241696,18,,,1,70,,241697,18,,,1,74,,241698,18,,,1,20,,241699,18,,,1,15,,241681,18,,,1,15,,241659,18,,,1,55,,241662,18,,,1,15,,241677,18,,,1,15,,241658,18,,,1,15,,241664,18,,,1,60,,241700,18,,,1,27,,241676,18,,,1,70,,241694,18,,,1,30,,241656,18,,,1,70,,241660,18,,,1,30,,241695,18,,,1,70,,241674,18,,,1,30,,241657,18,,,1,70,,241673,18,,,1,30,,241691,18,,,1,70,,241684,18,,,1,31,,241683,18,,,1,65,,241692,18,,,1,17,,241687,18,,,1,16,,241682,18,,,1,15,,241668,18,,,1,54,,241693,18,,,1,15,,241689,18,,,1,12,,241680,18,,,1,13,,241688,18,,,1,55,,241686,18,,,1,15,,241667,18,,,1,15,,241685,18,,,1,70,,241678,18,,,1,29,,241666,18,,,1,28,,241661,18,,,1,70,,241663,18,,,1,30,,241690,18,,,1,70,,241670,18,,,1,30,,241672,18,,,1,70,,241679,18,,,1,30,,241665,18,,,1,69,,241675,18,,,1,100,,241669,18,,,1,100,,241671,18,,,1
5200,'052-Weekday-5-26-09-1111100',526,,241701,18,,,1,30,,241742,18,,,1,70,,241743,18,,,1,74,,241744,18,,,1,20,,241745,18,,,1,15,,241727,18,,,1,15,,241705,18,,,1,55,,241708,18,,,1,15,,241723,18,,,1,15,,241704,18,,,1,15,,241710,18,,,1,60,,241746,18,,,1,27,,241722,18,,,1,70,,241740,18,,,1,30,,241702,18,,,1,70,,241706,18,,,1,30,,241741,18,,,1,70,,241720,18,,,1,30,,241703,18,,,1,70,,241719,18,,,1,30,,241737,18,,,1,70,,241730,18,,,1,31,,241729,18,,,1,65,,241738,18,,,1,17,,241733,18,,,1,16,,241728,18,,,1,15,,241714,18,,,1,54,,241739,18,,,1,15,,241735,18,,,1,12,,241726,18,,,1,13,,241734,18,,,1,55,,241732,18,,,1,15,,241713,18,,,1,15,,241731,18,,,1,70,,241724,18,,,1,29,,241712,18,,,1,28,,241707,18,,,1,70,,241709,18,,,1,30,,241736,18,,,1,70,,241716,18,,,1,30,,241718,18,,,1,70,,241725,18,,,1,30,,241711,18,,,1,69,,241721,18,,,1,100,,241715,18,,,1,100,,241717,18,,,1
5200,'052-Weekday-6-26-09-1111100',526,,241747,18,,,1,30,,241788,18,,,1,70,,241789,18,,,1,74,,241790,18,,,1,20,,241791,18,,,1,15,,241773,18,,,1,15,,241751,18,,,1,55,,241754,18,,,1,15,,241769,18,,,1,15,,241750,18,,,1,15,,241756,18,,,1,60,,241793,18,,,1,27,,241768,18,,,1,70,,241786,18,,,1,30,,241748,18,,,1,70,,241752,18,,,1,30,,241787,18,,,1,70,,241766,18,,,1,30,,241749,18,,,1,70,,241765,18,,,1,30,,241783,18,,,1,70,,241776,18,,,1,31,,241775,18,,,1,65,,241784,18,,,1,17,,241779,18,,,1,16,,241774,18,,,1,15,,241760,18,,,1,54,,241785,18,,,1,15,,241781,18,,,1,12,,241772,18,,,1,13,,241780,18,,,1,55,,241778,18,,,1,15,,241759,18,,,1,15,,241777,18,,,1,70,,241770,18,,,1,29,,241758,18,,,1,28,,241753,18,,,1,70,,241755,18,,,1,30,,241782,18,,,1,70,,241762,18,,,1,30,,241764,18,,,1,70,,241771,18,,,1,30,,241757,18,,,1,69,,241767,18,,,1,100,,241761,18,,,1,100,,241763,18,,,1
5200,'052-Weekday-7-26-09-1111100',526,,241794,18,,,1,30,,241835,18,,,1,70,,241836,18,,,1,74,,241837,18,,,1,20,,241838,18,,,1,15,,241820,18,,,1,15,,241798,18,,,1,55,,241801,18,,,1,15,,241816,18,,,1,15,,241797,18,,,1,15,,241803,18,,,1,60,,241839,18,,,1,27,,241815,18,,,1,70,,241833,18,,,1,30,,241795,18,,,1,70,,241799,18,,,1,30,,241834,18,,,1,70,,241813,18,,,1,30,,241796,18,,,1,70,,241812,18,,,1,30,,241830,18,,,1,70,,241823,18,,,1,31,,241822,18,,,1,65,,241831,18,,,1,17,,241826,18,,,1,16,,241821,18,,,1,15,,241807,18,,,1,54,,241832,18,,,1,15,,241828,18,,,1,12,,241819,18,,,1,13,,241827,18,,,1,55,,241825,18,,,1,15,,241806,18,,,1,15,,241824,18,,,1,70,,241817,18,,,1,29,,241805,18,,,1,28,,241800,18,,,1,70,,241802,18,,,1,30,,241829,18,,,1,70,,241809,18,,,1,30,,241811,18,,,1,70,,241818,18,,,1,30,,241804,18,,,1,69,,241814,18,,,1,100,,241808,18,,,1,100,,241810,18,,,1
5200,'052-Saturday-1-26-09-0000010',636,,241840,18,,,1,100,,241841,18,,,1,82,,241842,18,,,1,22,,241843,18,,,1,69,,241844,18,,,1,32,,241845,18,,,1,70,,241846,18,,,1,30,,241847,18,,,1,70,,241848,18,,,1,30,,241849,18,,,1,70,,241850,18,,,1,30,,241851,18,,,1,70,,241852,18,,,1,30,,241853,18,,,1,70,,241854,18,,,1,30,,241855,18,,,1,70,,241857,18,,,1,30,,241858,18,,,1,70,,241859,18,,,1,30,,241856,18,,,1,74,,241860,18,,,1,29,,241861,18,,,1,70,,241862,18,,,1,30,,241863,18,,,1,70,,241864,18,,,1,30,,241865,18,,,1,95,,241866,18,,,1,100,,241867,18,,,1,100,,241868,18,,,1,100,,241869,18,,,1
5200,'052-Sunday-1-26-09-0000001',738,,241870,18,,,1,100,,241871,18,,,1,102,,241872,18,,,1,100,,241873,18,,,1,70,,241874,18,,,1,30,,241876,18,,,1,70,,241877,18,,,1,30,,241878,18,,,1,70,,241875,18,,,1,30,,241879,18,,,1,70,,241881,18,,,1,30,,241882,18,,,1,70,,241883,18,,,1,30,,241880,18,,,1,70,,241884,18,,,1,30,,241885,18,,,1,72,,241886,18,,,1,30,,241887,18,,,1,70,,241888,18,,,1,30,,241889,18,,,1,70,,241893,18,,,1,30,,241890,18,,,1,100,,241891,18,,,1,100,,241892,18,,,1,100,,241894,18,,,1
90100,'901-Weekday-1-26-09-1111100',502,,290128,3,,,1,20,,290129,3,,,1,20,,290056,3,,,1,9,,290057,3,,,1,50,,290058,3,,,1,10,,290059,3,,,1,10,,290060,3,,,1,11,,290061,3,,,1,10,,290062,3,,,1,10,,290063,3,,,1,50,,290064,3,,,1,10,,290065,3,,,1,10,,290066,3,,,1,10,,290067,3,,,1,10,,290068,3,,,1,10,,290069,3,,,1,50,,290070,3,,,1,10,,290071,3,,,1,10,,290072,3,,,1,10,,290073,3,,,1,15,,290074,3,,,1,54,,290075,3,,,1,15,,290076,3,,,1,15,,290077,3,,,1,15,,290078,3,,,1,55,,290079,3,,,1,15,,290080,3,,,1,15,,290081,3,,,1,15,,290082,3,,,1,55,,290083,3,,,1,15,,290084,3,,,1,15,,290085,3,,,1,15,,290086,3,,,1,55,,290087,3,,,1,15,,290088,3,,,1,15,,290089,3,,,1,15,,290090,3,,,1,55,,290091,3,,,1,15,,290092,3,,,1,15,,290093,3,,,1,15,,290094,3,,,1,55,,290095,3,,,1,15,,290096,3,,,1,15,,290097,3,,,1,15,,290098,3,,,1,56,,290099,3,,,1,15,,290100,3,,,1,15,,290101,3,,,1,15,,290102,3,,,1,55,,290103,3,,,1,15,,290104,3,,,1,15,,290105,3,,,1,15,,290106,3,,,1,55,,290107,3,,,1,15,,290108,3,,,1,15,,290109,3,,,1,20,,290110,3,,,1,60,,290111,3,,,1,19,,290112,3,,,1,20,,290113,3,,,1,60,,290114,3,,,1,20,,290115,3,,,1,20,,290116,3,,,1,60,,290117,3,,,1,20,,290055,3,,,1,20,,290118,3,,,1,60,,290119,3,,,1,20,,290120,3,,,1,20,,290121,3,,,1,70,,290122,3,,,1,30,,290123,3,,,1,70,,290124,3,,,1,30,,290125,3,,,1,70,,290126,3,,,1,30,,290127,3,,,1
90100,'901-Weekday-2-26-09-1111100',502,,290203,3,,,1,20,,290204,3,,,1,20,,290131,3,,,1,9,,290132,3,,,1,50,,290133,3,,,1,10,,290134,3,,,1,10,,290135,3,,,1,11,,290136,3,,,1,10,,290137,3,,,1,10,,290138,3,,,1,50,,290139,3,,,1,10,,290140,3,,,1,10,,290141,3,,,1,10,,290142,3,,,1,10,,290143,3,,,1,10,,290144,3,,,1,50,,290145,3,,,1,10,,290146,3,,,1,10,,290147,3,,,1,10,,290148,3,,,1,15,,290149,3,,,1,54,,290150,3,,,1,15,,290151,3,,,1,15,,290152,3,,,1,15,,290153,3,,,1,55,,290154,3,,,1,15,,290155,3,,,1,15,,290156,3,,,1,15,,290157,3,,,1,55,,290158,3,,,1,15,,290159,3,,,1,15,,290160,3,,,1,15,,290161,3,,,1,55,,290162,3,,,1,15,,290163,3,,,1,15,,290164,3,,,1,15,,290165,3,,,1,55,,290166,3,,,1,15,,290167,3,,,1,15,,290168,3,,,1,15,,290169,3,,,1,55,,290170,3,,,1,15,,290171,3,,,1,15,,290172,3,,,1,15,,290173,3,,,1,56,,290174,3,,,1,15,,290175,3,,,1,15,,290176,3,,,1,15,,290177,3,,,1,55,,290178,3,,,1,15,,290179,3,,,1,15,,290180,3,,,1,15,,290181,3,,,1,55,,290182,3,,,1,15,,290183,3,,,1,15,,290184,3,,,1,20,,290185,3,,,1,60,,290186,3,,,1,19,,290187,3,,,1,20,,290188,3,,,1,60,,290189,3,,,1,20,,290190,3,,,1,20,,290191,3,,,1,60,,290192,3,,,1,20,,290130,3,,,1,20,,290193,3,,,1,60,,290194,3,,,1,20,,290195,3,,,1,20,,290196,3,,,1,70,,290197,3,,,1,30,,290198,3,,,1,70,,290199,3,,,1,30,,290200,3,,,1,70,,290201,3,,,1,30,,290202,3,,,1
90100,'901-Weekday-3-26-09-1111100',502,,290279,3,,,1,20,,290280,3,,,1,20,,290207,3,,,1,9,,290208,3,,,1,50,,290209,3,,,1,10,,290210,3,,,1,10,,290211,3,,,1,11,,290212,3,,,1,10,,290213,3,,,1,10,,290214,3,,,1,50,,290215,3,,,1,10,,290216,3,,,1,10,,290217,3,,,1,10,,290218,3,,,1,10,,290219,3,,,1,10,,290220,3,,,1,50,,290221,3,,,1,10,,290222,3,,,1,10,,290223,3,,,1,10,,290224,3,,,1,15,,290225,3,,,1,54,,290226,3,,,1,15,,290227,3,,,1,15,,290228,3,,,1,15,,290229,3,,,1,55,,290230,3,,,1,15,,290231,3,,,1,15,,290232,3,,,1,15,,290233,3,,,1,55,,290234,3,,,1,15,,290235,3,,,1,15,,290236,3,,,1,15,,290237,3,,,1,55,,290238,3,,,1,15,,290239,3,,,1,15,,290240,3,,,1,15,,290241,3,,,1,55,,290242,3,,,1,15,,290243,3,,,1,15,,290244,3,,,1,15,,290245,3,,,1,55,,290246,3,,,1,15,,290247,3,,,1,15,,290248,3,,,1,15,,290249,3,,,1,56,,290250,3,,,1,15,,290251,3,,,1,15,,290252,3,,,1,15,,290253,3,,,1,55,,290254,3,,,1,15,,290255,3,,,1,15,,290256,3,,,1,15,,290257,3,,,1,55,,290258,3,,,1,15,,290259,3,,,1,15,,290260,3,,,1,20,,290261,3,,,1,60,,290262,3,,,1,19,,290263,3,,,1,20,,290264,3,,,1,60,,290265,3,,,1,20,,290266,3,,,1,20,,290267,3,,,1,60,,290268,3,,,1,20,,290206,3,,,1,20,,290269,3,,,1,60,,290270,3,,,1,20,,290271,3,,,1,20,,290272,3,,,1,70,,290273,3,,,1,30,,290274,3,,,1,70,,290275,3,,,1,30,,290276,3,,,1,70,,290277,3,,,1,30,,290278,3,,,1
90100,'901-Weekday-4-26-09-1111100',502,,290354,3,,,1,20,,290355,3,,,1,20,,290282,3,,,1,9,,290283,3,,,1,50,,290284,3,,,1,10,,290285,3,,,1,10,,290286,3,,,1,11,,290287,3,,,1,10,,290288,3,,,1,10,,290289,3,,,1,50,,290290,3,,,1,10,,290291,3,,,1,10,,290292,3,,,1,10,,290293,3,,,1,10,,290294,3,,,1,10,,290295,3,,,1,50,,290296,3,,,1,10,,290297,3,,,1,10,,290298,3,,,1,10,,290299,3,,,1,15,,290300,3,,,1,54,,290301,3,,,1,15,,290302,3,,,1,15,,290303,3,,,1,15,,290304,3,,,1,55,,290305,3,,,1,15,,290306,3,,,1,15,,290307,3,,,1,15,,290308,3,,,1,55,,290309,3,,,1,15,,290310,3,,,1,15,,290311,3,,,1,15,,290312,3,,,1,55,,290313,3,,,1,15,,290314,3,,,1,15,,290315,3,,,1,15,,290316,3,,,1,55,,290317,3,,,1,15,,290318,3,,,1,15,,290319,3,,,1,15,,290320,3,,,1,55,,290321,3,,,1,15,,290322,3,,,1,15,,290323,3,,,1,15,,290324,3,,,1,56,,290325,3,,,1,15,,290326,3,,,1,15,,290327,3,,,1,15,,290328,3,,,1,55,,290329,3,,,1,15,,290330,3,,,1,15,,290331,3,,,1,15,,290332,3,,,1,55,,290333,3,,,1,15,,290334,3,,,1,15,,290335,3,,,1,20,,290336,3,,,1,60,,290337,3,,,1,19,,290338,3,,,1,20,,290339,3,,,1,60,,290340,3,,,1,20,,290341,3,,,1,20,,290342,3,,,1,60,,290343,3,,,1,20,,290281,3,,,1,20,,290344,3,,,1,60,,290345,3,,,1,20,,290346,3,,,1,20,,290347,3,,,1,70,,290348,3,,,1,30,,290349,3,,,1,70,,290350,3,,,1,30,,290351,3,,,1,70,,290352,3,,,1,30,,290353,3,,,1
90100,'901-Weekday-5-26-09-1111100',502,,290429,3,,,1,20,,290430,3,,,1,20,,290357,3,,,1,9,,290358,3,,,1,50,,290359,3,,,1,10,,290360,3,,,1,10,,290361,3,,,1,11,,290362,3,,,1,10,,290363,3,,,1,10,,290364,3,,,1,50,,290365,3,,,1,10,,290366,3,,,1,10,,290367,3,,,1,10,,290368,3,,,1,10,,290369,3,,,1,10,,290370,3,,,1,50,,290371,3,,,1,10,,290372,3,,,1,10,,290373,3,,,1,10,,290374,3,,,1,15,,290375,3,,,1,54,,290376,3,,,1,15,,290377,3,,,1,15,,290378,3,,,1,15,,290379,3,,,1,55,,290380,3,,,1,15,,290381,3,,,1,15,,290382,3,,,1,15,,290383,3,,,1,55,,290384,3,,,1,15,,290385,3,,,1,15,,290386,3,,,1,15,,290387,3,,,1,55,,290388,3,,,1,15,,290389,3,,,1,15,,290390,3,,,1,15,,290391,3,,,1,55,,290392,3,,,1,15,,290393,3,,,1,15,,290394,3,,,1,15,,290395,3,,,1,55,,290396,3,,,1,15,,290397,3,,,1,15,,290398,3,,,1,15,,290399,3,,,1,56,,290400,3,,,1,15,,290401,3,,,1,15,,290402,3,,,1,15,,290403,3,,,1,55,,290404,3,,,1,15,,290405,3,,,1,15,,290406,3,,,1,15,,290407,3,,,1,55,,290408,3,,,1,15,,290409,3,,,1,15,,290410,3,,,1,20,,290411,3,,,1,60,,290412,3,,,1,19,,290413,3,,,1,20,,290414,3,,,1,60,,290415,3,,,1,20,,290416,3,,,1,20,,290417,3,,,1,60,,290418,3,,,1,20,,290356,3,,,1,20,,290419,3,,,1,60,,290420,3,,,1,20,,290421,3,,,1,20,,290422,3,,,1,70,,290423,3,,,1,30,,290424,3,,,1,70,,290425,3,,,1,30,,290426,3,,,1,70,,290427,3,,,1,30,,290428,3,,,1
90100,'901-Weekday-6-26-09-1111100',502,,290505,3,,,1,20,,290506,3,,,1,20,,290433,3,,,1,9,,290434,3,,,1,50,,290435,3,,,1,10,,290436,3,,,1,10,,290437,3,,,1,11,,290438,3,,,1,10,,290439,3,,,1,10,,290440,3,,,1,50,,290441,3,,,1,10,,290442,3,,,1,10,,290443,3,,,1,10,,290444,3,,,1,10,,290445,3,,,1,10,,290446,3,,,1,50,,290447,3,,,1,10,,290448,3,,,1,10,,290449,3,,,1,10,,290450,3,,,1,15,,290451,3,,,1,54,,290452,3,,,1,15,,290453,3,,,1,15,,290454,3,,,1,15,,290455,3,,,1,55,,290456,3,,,1,15,,290457,3,,,1,15,,290458,3,,,1,15,,290459,3,,,1,55,,290460,3,,,1,15,,290461,3,,,1,15,,290462,3,,,1,15,,290463,3,,,1,55,,290464,3,,,1,15,,290465,3,,,1,15,,290466,3,,,1,15,,290467,3,,,1,55,,290468,3,,,1,15,,290469,3,,,1,15,,290470,3,,,1,15,,290471,3,,,1,55,,290472,3,,,1,15,,290473,3,,,1,15,,290474,3,,,1,15,,290475,3,,,1,56,,290476,3,,,1,15,,290477,3,,,1,15,,290478,3,,,1,15,,290479,3,,,1,55,,290480,3,,,1,15,,290481,3,,,1,15,,290482,3,,,1,15,,290483,3,,,1,55,,290484,3,,,1,15,,290485,3,,,1,15,,290486,3,,,1,20,,290487,3,,,1,60,,290488,3,,,1,19,,290489,3,,,1,20,,290490,3,,,1,60,,290491,3,,,1,20,,290492,3,,,1,20,,290493,3,,,1,60,,290494,3,,,1,20,,290432,3,,,1,20,,290495,3,,,1,60,,290496,3,,,1,20,,290497,3,,,1,20,,290498,3,,,1,70,,290499,3,,,1,30,,290500,3,,,1,70,,290501,3,,,1,30,,290502,3,,,1,70,,290503,3,,,1,30,,290504,3,,,1
90100,'901-Weekday-7-26-09-1111100',502,,290580,3,,,1,20,,290581,3,,,1,20,,290508,3,,,1,9,,290509,3,,,1,50,,290510,3,,,1,10,,290511,3,,,1,10,,290512,3,,,1,11,,290513,3,,,1,10,,290514,3,,,1,10,,290515,3,,,1,50,,290516,3,,,1,10,,290517,3,,,1,10,,290518,3,,,1,10,,290519,3,,,1,10,,290520,3,,,1,10,,290521,3,,,1,50,,290522,3,,,1,10,,290523,3,,,1,10,,290524,3,,,1,10,,290525,3,,,1,15,,290526,3,,,1,54,,290527,3,,,1,15,,290528,3,,,1,15,,290529,3,,,1,15,,290530,3,,,1,55,,290531,3,,,1,15,,290532,3,,,1,15,,290533,3,,,1,15,,290534,3,,,1,55,,290535,3,,,1,15,,290536,3,,,1,15,,290537,3,,,1,15,,290538,3,,,1,55,,290539,3,,,1,15,,290540,3,,,1,15,,290541,3,,,1,15,,290542,3,,,1,55,,290543,3,,,1,15,,290544,3,,,1,15,,290545,3,,,1,15,,290546,3,,,1,55,,290547,3,,,1,15,,290548,3,,,1,15,,290549,3,,,1,15,,290550,3,,,1,56,,290551,3,,,1,15,,290552,3,,,1,15,,290553,3,,,1,15,,290554,3,,,1,55,,290555,3,,,1,15,,290556,3,,,1,15,,290557,3,,,1,15,,290558,3,,,1,55,,290559,3,,,1,15,,290560,3,,,1,15,,290561,3,,,1,20,,290562,3,,,1,60,,290563,3,,,1,19,,290564,3,,,1,20,,290565,3,,,1,60,,290566,3,,,1,20,,290567,3,,,1,20,,290568,3,,,1,60,,290569,3,,,1,20,,290507,3,,,1,20,,290570,3,,,1,60,,290571,3,,,1,20,,290572,3,,,1,20,,290573,3,,,1,70,,290574,3,,,1,30,,290575,3,,,1,70,,290576,3,,,1,30,,290577,3,,,1,70,,290578,3,,,1,30,,290579,3,,,1
90100,'901-Saturday-1-26-09-0000010',528,,290582,3,,,1,30,,290583,3,,,1,70,,290584,3,,,1,30,,290585,3,,,1,70,,290586,3,,,1,30,,290587,3,,,1,60,,290588,3,,,1,20,,290589,3,,,1,20,,290590,3,,,1,60,,290591,3,,,1,20,,290592,3,,,1,63,,290593,3,,,1,20,,290594,3,,,1,20,,290595,3,,,1,60,,290596,3,,,1,20,,290597,3,,,1,20,,290598,3,,,1,60,,290599,3,,,1,20,,290600,3,,,1,20,,290601,3,,,1,60,,290602,3,,,1,20,,290603,3,,,1,20,,290604,3,,,1,60,,290605,3,,,1,20,,290606,3,,,1,20,,290607,3,,,1,60,,290608,3,,,1,20,,290609,3,,,1,20,,290610,3,,,1,60,,290611,3,,,1,20,,290612,3,,,1,20,,290613,3,,,1,60,,290614,3,,,1,20,,290615,3,,,1,20,,290616,3,,,1,60,,290617,3,,,1,20,,290618,3,,,1,20,,290619,3,,,1,66,,290620,3,,,1,30,,290621,3,,,1,70,,290622,3,,,1,30,,290623,3,,,1,70,,290624,3,,,1,30,,290625,3,,,1,70,,290626,3,,,1,30,,290627,3,,,1,70,,290628,3,,,1,30,,290629,3,,,1,70,,290630,3,,,1
90100,'901-Sunday-1-26-09-0000001',547,,290631,3,,,1,100,,290632,3,,,1,100,,290633,3,,,1,100,,290634,3,,,1,70,,290635,3,,,1,30,,290636,3,,,1,70,,290637,3,,,1,30,,290638,3,,,1,70,,290639,3,,,1,30,,290640,3,,,1,70,,290641,3,,,1,30,,290642,3,,,1,70,,290643,3,,,1,30,,290644,3,,,1,70,,290645,3,,,1,30,,290646,3,,,1,70,,290647,3,,,1,30,,290648,3,,,1,70,,290649,3,,,1,30,,290650,3,,,1,70,,290651,3,,,1,30,,290652,3,,,1,70,,290653,3,,,1,30,,290654,3,,,1,70,,290655,3,,,1,30,,290656,3,,,1,70,,290657,3,,,1,30,,290658,3,,,1,100,,290659,3,,,1,100,,290660,3,,,1,100,,290661,3,,,1
90300,'903-Weekday-1-26-09-1111100',511,,292080,3,,,1,30,,292081,3,,,1,70,,292082,3,,,1,21,,292083,3,,,1,23,,292084,3,,,1,62,,292085,3,,,1,20,,292086,3,,,1,20,,292087,3,,,1,60,,292088,3,,,1,20,,292089,3,,,1,20,,292090,3,,,1,60,,292091,3,,,1,19,,292092,3,,,1,20,,292093,3,,,1,60,,292094,3,,,1,20,,292095,3,,,1,20,,292096,3,,,1,60,,292097,3,,,1,20,,292098,3,,,1,20,,292099,3,,,1,60,,292100,3,,,1,20,,292101,3,,,1,20,,292102,3,,,1,60,,292103,3,,,1,20,,292104,3,,,1,20,,292105,3,,,1,60,,292106,3,,,1,20,,292107,3,,,1,20,,292108,3,,,1,56,,292109,3,,,1,17,,292110,3,,,1,15,,292111,3,,,1,15,,292112,3,,,1,55,,292113,3,,,1,15,,292114,3,,,1,15,,292115,3,,,1,15,,292116,3,,,1,55,,292120,3,,,1,15,,292121,3,,,1,23,,292117,3,,,1,64,,292118,3,,,1,23,,292119,3,,,1,65,,292128,3,,,1,30,,292129,3,,,1,70,,292124,3,,,1,30,,292125,3,,,1,70,,292126,3,,,1,100,,292127,3,,,1,100,,292123,3,,,1,100,,292122,3,,,1,100,,292130,3,,,1
90300,'903-Weekday-2-26-09-1111100',511,,292131,3,,,1,30,,292132,3,,,1,70,,292133,3,,,1,21,,292134,3,,,1,23,,292135,3,,,1,62,,292136,3,,,1,20,,292137,3,,,1,20,,292138,3,,,1,60,,292139,3,,,1,20,,292140,3,,,1,20,,292141,3,,,1,60,,292142,3,,,1,19,,292143,3,,,1,20,,292144,3,,,1,60,,292145,3,,,1,20,,292146,3,,,1,20,,292147,3,,,1,60,,292148,3,,,1,20,,292149,3,,,1,20,,292150,3,,,1,60,,292151,3,,,1,20,,292152,3,,,1,20,,292153,3,,,1,60,,292154,3,,,1,20,,292155,3,,,1,20,,292156,3,,,1,60,,292157,3,,,1,20,,292158,3,,,1,20,,292159,3,,,1,56,,292160,3,,,1,17,,292161,3,,,1,15,,292162,3,,,1,15,,292163,3,,,1,55,,292164,3,,,1,15,,292165,3,,,1,15,,292166,3,,,1,15,,292167,3,,,1,55,,292171,3,,,1,15,,292172,3,,,1,23,,292168,3,,,1,64,,292169,3,,,1,23,,292170,3,,,1,65,,292179,3,,,1,30,,292180,3,,,1,70,,292175,3,,,1,30,,292176,3,,,1,70,,292177,3,,,1,100,,292178,3,,,1,100,,292174,3,,,1,100,,292173,3,,,1,100,,292181,3,,,1
90300,'903-Weekday-3-26-09-1111100',511,,292182,3,,,1,30,,292183,3,,,1,70,,292184,3,,,1,21,,292185,3,,,1,23,,292186,3,,,1,62,,292187,3,,,1,20,,292188,3,,,1,20,,292189,3,,,1,60,,292190,3,,,1,20,,292191,3,,,1,20,,292192,3,,,1,60,,292193,3,,,1,19,,292194,3,,,1,20,,292195,3,,,1,60,,292196,3,,,1,20,,292197,3,,,1,20,,292198,3,,,1,60,,292199,3,,,1,20,,292200,3,,,1,20,,292201,3,,,1,60,,292202,3,,,1,20,,292203,3,,,1,20,,292204,3,,,1,60,,292205,3,,,1,20,,292206,3,,,1,20,,292207,3,,,1,60,,292208,3,,,1,20,,292209,3,,,1,20,,292210,3,,,1,56,,292211,3,,,1,17,,292212,3,,,1,15,,292213,3,,,1,15,,292214,3,,,1,55,,292215,3,,,1,15,,292216,3,,,1,15,,292217,3,,,1,15,,292218,3,,,1,55,,292222,3,,,1,15,,292223,3,,,1,23,,292219,3,,,1,64,,292220,3,,,1,23,,292221,3,,,1,65,,292230,3,,,1,30,,292231,3,,,1,70,,292226,3,,,1,30,,292227,3,,,1,70,,292228,3,,,1,100,,292229,3,,,1,100,,292225,3,,,1,100,,292224,3,,,1,100,,292232,3,,,1
90300,'903-Weekday-4-26-09-1111100',511,,292233,3,,,1,30,,292234,3,,,1,70,,292235,3,,,1,21,,292236,3,,,1,23,,292237,3,,,1,62,,292238,3,,,1,20,,292239,3,,,1,20,,292240,3,,,1,60,,292241,3,,,1,20,,292242,3,,,1,20,,292243,3,,,1,60,,292244,3,,,1,19,,292245,3,,,1,20,,292246,3,,,1,60,,292247,3,,,1,20,,292248,3,,,1,20,,292249,3,,,1,60,,292250,3,,,1,20,,292251,3,,,1,20,,292252,3,,,1,60,,292253,3,,,1,20,,292254,3,,,1,20,,292255,3,,,1,60,,292256,3,,,1,20,,292257,3,,,1,20,,292258,3,,,1,60,,292259,3,,,1,20,,292260,3,,,1,20,,292261,3,,,1,56,,292262,3,,,1,17,,292263,3,,,1,15,,292264,3,,,1,15,,292265,3,,,1,55,,292266,3,,,1,15,,292267,3,,,1,15,,292268,3,,,1,15,,292269,3,,,1,55,,292273,3,,,1,15,,292274,3,,,1,23,,292270,3,,,1,64,,292271,3,,,1,23,,292272,3,,,1,65,,292281,3,,,1,30,,292282,3,,,1,70,,292277,3,,,1,30,,292278,3,,,1,70,,292279,3,,,1,100,,292280,3,,,1,100,,292276,3,,,1,100,,292275,3,,,1,100,,292283,3,,,1
90300,'903-Weekday-5-26-09-1111100',511,,292284,3,,,1,30,,292285,3,,,1,70,,292286,3,,,1,21,,292287,3,,,1,23,,292288,3,,,1,62,,292289,3,,,1,20,,292290,3,,,1,20,,292291,3,,,1,60,,292292,3,,,1,20,,292293,3,,,1,20,,292294,3,,,1,60,,292295,3,,,1,19,,292296,3,,,1,20,,292297,3,,,1,60,,292298,3,,,1,20,,292299,3,,,1,20,,292300,3,,,1,60,,292301,3,,,1,20,,292302,3,,,1,20,,292303,3,,,1,60,,292304,3,,,1,20,,292305,3,,,1,20,,292306,3,,,1,60,,292307,3,,,1,20,,292308,3,,,1,20,,292309,3,,,1,60,,292310,3,,,1,20,,292311,3,,,1,20,,292312,3,,,1,56,,292313,3,,,1,17,,292314,3,,,1,15,,292315,3,,,1,15,,292316,3,,,1,55,,292317,3,,,1,15,,292318,3,,,1,15,,292319,3,,,1,15,,292320,3,,,1,55,,292324,3,,,1,15,,292325,3,,,1,23,,292321,3,,,1,64,,292322,3,,,1,23,,292323,3,,,1,65,,292332,3,,,1,30,,292333,3,,,1,70,,292328,3,,,1,30,,292329,3,,,1,70,,292330,3,,,1,100,,292331,3,,,1,100,,292327,3,,,1,100,,292326,3,,,1,100,,292334,3,,,1
90300,'903-Weekday-6-26-09-1111100',511,,292335,3,,,1,30,,292336,3,,,1,70,,292337,3,,,1,21,,292338,3,,,1,23,,292339,3,,,1,62,,292340,3,,,1,20,,292341,3,,,1,20,,292342,3,,,1,60,,292343,3,,,1,20,,292344,3,,,1,20,,292345,3,,,1,60,,292346,3,,,1,19,,292347,3,,,1,20,,292348,3,,,1,60,,292349,3,,,1,20,,292350,3,,,1,20,,292351,3,,,1,60,,292352,3,,,1,20,,292353,3,,,1,20,,292354,3,,,1,60,,292355,3,,,1,20,,292356,3,,,1,20,,292357,3,,,1,60,,292358,3,,,1,20,,292359,3,,,1,20,,292360,3,,,1,60,,292361,3,,,1,20,,292362,3,,,1,20,,292363,3,,,1,56,,292364,3,,,1,17,,292365,3,,,1,15,,292366,3,,,1,15,,292367,3,,,1,55,,292368,3,,,1,15,,292369,3,,,1,15,,292370,3,,,1,15,,292371,3,,,1,55,,292375,3,,,1,15,,292376,3,,,1,23,,292372,3,,,1,64,,292373,3,,,1,23,,292374,3,,,1,65,,292383,3,,,1,30,,292384,3,,,1,70,,292379,3,,,1,30,,292380,3,,,1,70,,292381,3,,,1,100,,292382,3,,,1,100,,292378,3,,,1,100,,292377,3,,,1,100,,292385,3,,,1
90300,'903-Weekday-7-26-09-1111100',511,,292386,3,,,1,30,,292387,3,,,1,70,,292388,3,,,1,21,,292389,3,,,1,23,,292390,3,,,1,62,,292391,3,,,1,20,,292392,3,,,1,20,,292393,3,,,1,60,,292394,3,,,1,20,,292395,3,,,1,20,,292396,3,,,1,60,,292397,3,,,1,19,,292398,3,,,1,20,,292399,3,,,1,60,,292400,3,,,1,20,,292401,3,,,1,20,,292402,3,,,1,60,,292403,3,,,1,20,,292404,3,,,1,20,,292405,3,,,1,60,,292406,3,,,1,20,,292407,3,,,1,20,,292408,3,,,1,60,,292409,3,,,1,20,,292410,3,,,1,20,,292411,3,,,1,60,,292412,3,,,1,20,,292413,3,,,1,20,,292414,3,,,1,56,,292415,3,,,1,17,,292416,3,,,1,15,,292417,3,,,1,15,,292418,3,,,1,55,,292419,3,,,1,15,,292420,3,,,1,15,,292421,3,,,1,15,,292422,3,,,1,55,,292426,3,,,1,15,,292427,3,,,1,23,,292423,3,,,1,64,,292424,3,,,1,23,,292425,3,,,1,65,,292434,3,,,1,30,,292435,3,,,1,70,,292430,3,,,1,30,,292431,3,,,1,70,,292432,3,,,1,100,,292433,3,,,1,100,,292429,3,,,1,100,,292428,3,,,1,100,,292436,3,,,1
90300,'903-Saturday-1-26-09-0000010',545,,292446,3,,,1,100,,292447,3,,,1,89,,292445,3,,,1,70,,292448,3,,,1,20,,292449,3,,,1,20,,292442,3,,,1,58,,292450,3,,,1,20,,292451,3,,,1,20,,292452,3,,,1,60,,292453,3,,,1,20,,292454,3,,,1,20,,292455,3,,,1,60,,292456,3,,,1,20,,292457,3,,,1,20,,292458,3,,,1,60,,292459,3,,,1,20,,292460,3,,,1,20,,292461,3,,,1,60,,292462,3,,,1,20,,292463,3,,,1,20,,292464,3,,,1,60,,292465,3,,,1,20,,292466,3,,,1,20,,292467,3,,,1,60,,292468,3,,,1,20,,292469,3,,,1,20,,292470,3,,,1,60,,292471,3,,,1,20,,292472,3,,,1,20,,292473,3,,,1,62,,292474,3,,,1,20,,292475,3,,,1,20,,292440,3,,,1,60,,292437,3,,,1,20,,292441,3,,,1,20,,292443,3,,,1,60,,292444,3,,,1,30,,292476,3,,,1,70,,292477,3,,,1,30,,292478,3,,,1,70,,292438,3,,,1,30,,292439,3,,,1,100,,292479,3,,,1,100,,292480,3,,,1
90300,'903-Sunday-1-26-09-0000001',602,,292483,3,,,1,56,,292484,3,,,1,100,,292485,3,,,1,98,,292486,3,,,1,70,,292487,3,,,1,30,,292488,3,,,1,70,,292489,3,,,1,30,,292490,3,,,1,70,,292491,3,,,1,30,,292492,3,,,1,70,,292493,3,,,1,30,,292494,3,,,1,70,,292495,3,,,1,30,,292496,3,,,1,70,,292497,3,,,1,30,,292498,3,,,1,70,,292499,3,,,1,30,,292500,3,,,1,70,,292501,3,,,1,30,,292502,3,,,1,70,,292503,3,,,1,30,,292504,3,,,1,70,,292505,3,,,1,30,,292506,3,,,1,70,,292507,3,,,1,30,,292508,3,,,1,70,,292509,3,,,1,30,,292510,3,,,1,70,,292511,3,,,1,32,,292512,3,,,1,142,,292481,3,,,1,100,,292482,3,,,1
