51800,'518-Weekday-1-26-09-1111100',535,,268357,19,,,1,70,,268358,19,,,1,31,,268392,19,,,1,17,,268359,19,,,1,52,,268360,19,,,1,12,,268394,19,,,1,12,,268361,19,,,1,3,,268405,19,,,1,15,,268362,19,,,1,12,,268363,19,,,1,52,,268364,19,,,1,12,,268395,19,,,1,12,,268365,19,,,1,12,,268366,19,,,1,12,,268403,19,,,1,52,,268406,19,,,1,27,,268398,19,,,1,70,,268367,19,,,1,30,,268368,19,,,1,70,,268369,19,,,1,30,,268370,19,,,1,70,,268371,19,,,1,30,,268372,19,,,1,70,,268373,19,,,1,30,,268374,19,,,1,70,,268375,19,,,1,30,,268376,19,,,1,72,,268399,19,,,1,22,,268377,19,,,1,12,,268378,19,,,1,12,,268379,19,,,1,52,,268396,19,,,1,12,,268380,19,,,1,12,,268381,19,,,1,12,,268382,19,,,1,12,,268383,19,,,1,52,,268397,19,,,1,12,,268384,19,,,1,12,,268385,19,,,1,12,,268407,19,,,1,12,,268408,19,,,1,52,,268409,19,,,1,12,,268404,19,,,1,23,,268386,19,,,1,65,,268387,19,,,1,30,,268388,19,,,1,70,,268389,19,,,1,30,,268400,19,,,1,70,,268401,19,,,1,30,,268402,19,,,1,69,,268393,19,,,1,43,,268391,19,,,1,100,,268390,19,,,1
51800,'518-Weekday-3-26-09-1111100',535,,268463,19,,,1,70,,268464,19,,,1,31,,268498,19,,,1,17,,268465,19,,,1,52,,268466,19,,,1,12,,268500,19,,,1,12,,268467,19,,,1,3,,268511,19,,,1,15,,268468,19,,,1,12,,268469,19,,,1,52,,268470,19,,,1,12,,268501,19,,,1,12,,268471,19,,,1,12,,268472,19,,,1,12,,268509,19,,,1,52,,268512,19,,,1,27,,268504,19,,,1,70,,268473,19,,,1,30,,268474,19,,,1,70,,268475,19,,,1,30,,268476,19,,,1,70,,268477,19,,,1,30,,268478,19,,,1,70,,268479,19,,,1,30,,268480,19,,,1,70,,268481,19,,,1,30,,268482,19,,,1,72,,268505,19,,,1,22,,268483,19,,,1,12,,268484,19,,,1,12,,268485,19,,,1,52,,268502,19,,,1,12,,268486,19,,,1,12,,268487,19,,,1,12,,268488,19,,,1,12,,268489,19,,,1,52,,268503,19,,,1,12,,268490,19,,,1,12,,268491,19,,,1,12,,268513,19,,,1,12,,268514,19,,,1,52,,268515,19,,,1,12,,268510,19,,,1,23,,268492,19,,,1,65,,268493,19,,,1,30,,268494,19,,,1,70,,268495,19,,,1,30,,268506,19,,,1,70,,268507,19,,,1,30,,268508,19,,,1,69,,268499,19,,,1,43,,268497,19,,,1,100,,268496,19,,,1
51800,'518-Weekday-4-26-09-1111100',535,,268516,19,,,1,70,,268517,19,,,1,31,,268551,19,,,1,17,,268518,19,,,1,52,,268519,19,,,1,12,,268553,19,,,1,12,,268520,19,,,1,18,,268521,19,,,1,12,,268522,19,,,1,52,,268523,19,,,1,12,,268554,19,,,1,12,,268524,19,,,1,12,,268525,19,,,1,12,,268562,19,,,1,52,,268564,19,,,1,27,,268557,19,,,1,70,,268526,19,,,1,30,,268527,19,,,1,70,,268528,19,,,1,30,,268529,19,,,1,70,,268530,19,,,1,30,,268531,19,,,1,70,,268532,19,,,1,30,,268533,19,,,1,70,,268534,19,,,1,30,,268535,19,,,1,72,,268558,19,,,1,22,,268536,19,,,1,12,,268537,19,,,1,12,,268538,19,,,1,52,,268555,19,,,1,12,,268539,19,,,1,12,,268540,19,,,1,12,,268541,19,,,1,12,,268542,19,,,1,52,,268556,19,,,1,12,,268543,19,,,1,12,,268544,19,,,1,12,,268565,19,,,1,12,,268566,19,,,1,52,,268567,19,,,1,12,,268563,19,,,1,23,,268545,19,,,1,65,,268546,19,,,1,30,,268547,19,,,1,70,,268548,19,,,1,30,,268559,19,,,1,70,,268560,19,,,1,30,,268561,19,,,1,69,,268552,19,,,1,43,,268550,19,,,1,100,,268549,19,,,1
51800,'518-Weekday-5-26-09-1111100',535,,268568,19,,,1,70,,268569,19,,,1,31,,268603,19,,,1,17,,268570,19,,,1,52,,268571,19,,,1,12,,268605,19,,,1,12,,268572,19,,,1,18,,268573,19,,,1,12,,268574,19,,,1,52,,268575,19,,,1,12,,268606,19,,,1,12,,268576,19,,,1,12,,268577,19,,,1,12,,268614,19,,,1,52,,268616,19,,,1,27,,268609,19,,,1,70,,268578,19,,,1,30,,268579,19,,,1,70,,268580,19,,,1,30,,268581,19,,,1,70,,268582,19,,,1,30,,268583,19,,,1,70,,268584,19,,,1,30,,268585,19,,,1,70,,268586,19,,,1,30,,268587,19,,,1,72,,268610,19,,,1,22,,268588,19,,,1,12,,268589,19,,,1,12,,268590,19,,,1,52,,268607,19,,,1,12,,268591,19,,,1,12,,268592,19,,,1,12,,268593,19,,,1,12,,268594,19,,,1,52,,268608,19,,,1,12,,268595,19,,,1,12,,268596,19,,,1,12,,268617,19,,,1,12,,268618,19,,,1,52,,268619,19,,,1,12,,268615,19,,,1,23,,268597,19,,,1,65,,268598,19,,,1,30,,268599,19,,,1,70,,268600,19,,,1,30,,268611,19,,,1,70,,268612,19,,,1,30,,268613,19,,,1,69,,268604,19,,,1,43,,268602,19,,,1,100,,268601,19,,,1
51800,'518-Weekday-6-26-09-1111100',535,,268620,19,,,1,70,,268621,19,,,1,31,,268655,19,,,1,17,,268622,19,,,1,52,,268623,19,,,1,12,,268657,19,,,1,12,,268624,19,,,1,3,,268668,19,,,1,15,,268625,19,,,1,12,,268626,19,,,1,52,,268627,19,,,1,12,,268658,19,,,1,12,,268628,19,,,1,12,,268629,19,,,1,12,,268666,19,,,1,52,,268669,19,,,1,27,,268661,19,,,1,70,,268630,19,,,1,30,,268631,19,,,1,70,,268632,19,,,1,30,,268633,19,,,1,70,,268634,19,,,1,30,,268635,19,,,1,70,,268636,19,,,1,30,,268637,19,,,1,70,,268638,19,,,1,30,,268639,19,,,1,72,,268662,19,,,1,22,,268640,19,,,1,12,,268641,19,,,1,12,,268642,19,,,1,52,,268659,19,,,1,12,,268643,19,,,1,12,,268644,19,,,1,12,,268645,19,,,1,12,,268646,19,,,1,52,,268660,19,,,1,12,,268647,19,,,1,12,,268648,19,,,1,12,,268670,19,,,1,12,,268671,19,,,1,52,,268672,19,,,1,12,,268667,19,,,1,23,,268649,19,,,1,65,,268650,19,,,1,30,,268651,19,,,1,70,,268652,19,,,1,30,,268663,19,,,1,70,,268664,19,,,1,30,,268665,19,,,1,69,,268656,19,,,1,43,,268654,19,,,1,100,,268653,19,,,1
51800,'518-Weekday-7-26-09-1111100',535,,268673,19,,,1,70,,268674,19,,,1,31,,268708,19,,,1,17,,268675,19,,,1,52,,268676,19,,,1,12,,268710,19,,,1,12,,268677,19,,,1,18,,268678,19,,,1,12,,268679,19,,,1,52,,268680,19,,,1,12,,268711,19,,,1,12,,268681,19,,,1,12,,268682,19,,,1,12,,268719,19,,,1,52,,268721,19,,,1,27,,268714,19,,,1,70,,268683,19,,,1,30,,268684,19,,,1,70,,268685,19,,,1,30,,268686,19,,,1,70,,268687,19,,,1,30,,268688,19,,,1,70,,268689,19,,,1,30,,268690,19,,,1,70,,268691,19,,,1,30,,268692,19,,,1,72,,268715,19,,,1,22,,268693,19,,,1,12,,268694,19,,,1,12,,268695,19,,,1,52,,268712,19,,,1,12,,268696,19,,,1,12,,268697,19,,,1,12,,268698,19,,,1,12,,268699,19,,,1,52,,268713,19,,,1,12,,268700,19,,,1,12,,268701,19,,,1,12,,268722,19,,,1,12,,268723,19,,,1,52,,268724,19,,,1,12,,268720,19,,,1,23,,268702,19,,,1,65,,268703,19,,,1,30,,268704,19,,,1,70,,268705,19,,,1,30,,268716,19,,,1,70,,268717,19,,,1,30,,268718,19,,,1,69,,268709,19,,,1,43,,268707,19,,,1,100,,268706,19,,,1
51800,'518-Saturday-1-26-09-0000010',633,,268726,19,,,1,100,,268727,19,,,1,100,,268728,19,,,1,70,,268729,19,,,1,33,,268730,19,,,1,72,,268731,19,,,1,30,,268732,19,,,1,70,,268733,19,,,1,30,,268734,19,,,1,70,,268735,19,,,1,30,,268736,19,,,1,70,,268737,19,,,1,30,,268738,19,,,1,70,,268739,19,,,1,30,,268740,19,,,1,70,,268741,19,,,1,30,,268742,19,,,1,70,,268743,19,,,1,30,,268744,19,,,1,70,,268745,19,,,1,29,,268746,19,,,1,69,,268747,19,,,1,30,,268748,19,,,1,70,,268749,19,,,1,30,,268725,19,,,1,70,,268755,19,,,1,30,,268750,19,,,1,70,,268756,19,,,1,30,,268751,19,,,1,70,,268757,19,,,1,30,,268752,19,,,1,100,,268753,19,,,1,100,,268754,19,,,1
51800,'518-Sunday-1-26-09-0000001',633,,268779,19,,,1,100,,268780,19,,,1,100,,268781,19,,,1,103,,268782,19,,,1,85,,268758,19,,,1,30,,268759,19,,,1,70,,268760,19,,,1,30,,268761,19,,,1,70,,268762,19,,,1,30,,268763,19,,,1,70,,268764,19,,,1,30,,268765,19,,,1,70,,268766,19,,,1,30,,268767,19,,,1,70,,268768,19,,,1,30,,268769,19,,,1,70,,268770,19,,,1,30,,268771,19,,,1,68,,268772,19,,,1,30,,268773,19,,,1,70,,268774,19,,,1,30,,268775,19,,,1,85,,268776,19,,,1,100,,268777,19,,,1,100,,268778,19,,,1,100,,268783,19,,,1,100,,268784,19,,,1
63801,'638-Weekday-1-26-09-0001000',1240,,273637,4,,,1
63801,'638-Weekday-1-26-09-1110100',1532,,273638,4,,,1
63801,'638-Weekday-1-26-09-1111100',1556,,273639,4,,,1
63801,'638-Weekday-4-26-09-1110100',1532,,273641,4,,,1
63801,'638-Weekday-7-26-09-1110100',1532,,273642,4,,,1
63801,'638-Weekday-7-26-09-1111100',1556,,273643,4,,,1
