51200,'512-Weekday-1-26-09-1111100',627,,264922,33,0,19 20,1,31,,264925,33,0,19 20,1,60,,264926,33,0,19 20,1,20,,264957,33,0,19 20,1,20,,264923,33,0,19 20,1,60,,264924,33,0,19 20,1,30,,264927,33,0,19 20,1,70,,264928,33,0,19 20,1,29,,264929,33,0,19 20,1,70,,264930,33,0,19 20,1,30,,264931,33,0,19 20,1,70,,264932,33,0,19 20,1,30,,264933,33,0,19 20,1,70,,264934,33,0,19 20,1,30,,264935,33,0,19 20,1,70,,264936,33,0,19 20,1,30,,264937,33,0,19 20,1,70,,264938,33,0,19 20,1,30,,264939,33,0,19 20,1,72,,264940,33,0,19 20,1,22,,264941,33,0,19 20,1,60,,264958,33,0,19 20,1,20,,264942,33,0,19 20,1,20,,264943,33,0,19 20,1,60,,264959,33,0,19 20,1,20,,264944,33,0,19 20,1,30,,264945,33,0,19 20,1,70,,264946,33,0,19 20,1,27,,264947,33,0,19 20,1,69,,264948,33,0,19 20,1,30,,264949,33,0,19 20,1,70,,264950,33,0,19 20,1,30,,264951,33,0,19 20,1,70,,264952,33,0,19 20,1,30,,264953,33,0,19 20,1,68,,264954,33,0,19 20,1,99,,264955,33,0,19 20,1,100,,264956,33,0,19 20,1
51200,'512-Weekday-2-26-09-1111100',627,,264960,33,0,19 20,1,31,,264963,33,0,19 20,1,60,,264964,33,0,19 20,1,20,,264995,33,0,19 20,1,20,,264961,33,0,19 20,1,60,,264962,33,0,19 20,1,30,,264965,33,0,19 20,1,70,,264966,33,0,19 20,1,29,,264967,33,0,19 20,1,70,,264968,33,0,19 20,1,30,,264969,33,0,19 20,1,70,,264970,33,0,19 20,1,30,,264971,33,0,19 20,1,70,,264972,33,0,19 20,1,30,,264973,33,0,19 20,1,70,,264974,33,0,19 20,1,30,,264975,33,0,19 20,1,70,,264976,33,0,19 20,1,30,,264977,33,0,19 20,1,72,,264978,33,0,19 20,1,22,,264979,33,0,19 20,1,60,,264996,33,0,19 20,1,20,,264980,33,0,19 20,1,20,,264981,33,0,19 20,1,60,,264997,33,0,19 20,1,20,,264982,33,0,19 20,1,30,,264983,33,0,19 20,1,70,,264984,33,0,19 20,1,27,,264985,33,0,19 20,1,69,,264986,33,0,19 20,1,30,,264987,33,0,19 20,1,70,,264988,33,0,19 20,1,30,,264989,33,0,19 20,1,70,,264990,33,0,19 20,1,30,,264991,33,0,19 20,1,68,,264992,33,0,19 20,1,99,,264993,33,0,19 20,1,100,,264994,33,0,19 20,1
51200,'512-Weekday-3-26-09-1111100',627,,264998,33,0,19 20,1,31,,265001,33,0,19 20,1,60,,265002,33,0,19 20,1,20,,265033,33,0,19 20,1,20,,264999,33,0,19 20,1,60,,265000,33,0,19 20,1,30,,265003,33,0,19 20,1,70,,265004,33,0,19 20,1,29,,265005,33,0,19 20,1,70,,265006,33,0,19 20,1,30,,265007,33,0,19 20,1,70,,265008,33,0,19 20,1,30,,265009,33,0,19 20,1,70,,265010,33,0,19 20,1,30,,265011,33,0,19 20,1,70,,265012,33,0,19 20,1,30,,265013,33,0,19 20,1,70,,265014,33,0,19 20,1,30,,265015,33,0,19 20,1,72,,265016,33,0,19 20,1,22,,265017,33,0,19 20,1,60,,265034,33,0,19 20,1,20,,265018,33,0,19 20,1,20,,265019,33,0,19 20,1,60,,265035,33,0,19 20,1,20,,265020,33,0,19 20,1,30,,265021,33,0,19 20,1,70,,265022,33,0,19 20,1,27,,265023,33,0,19 20,1,69,,265024,33,0,19 20,1,30,,265025,33,0,19 20,1,70,,265026,33,0,19 20,1,30,,265027,33,0,19 20,1,70,,265028,33,0,19 20,1,30,,265029,33,0,19 20,1,68,,265030,33,0,19 20,1,99,,265031,33,0,19 20,1,100,,265032,33,0,19 20,1
51200,'512-Weekday-4-26-09-1111100',627,,265036,33,0,19 20,1,31,,265039,33,0,19 20,1,60,,265040,33,0,19 20,1,20,,265071,33,0,19 20,1,20,,265037,33,0,19 20,1,60,,265038,33,0,19 20,1,30,,265041,33,0,19 20,1,70,,265042,33,0,19 20,1,29,,265043,33,0,19 20,1,70,,265044,33,0,19 20,1,30,,265045,33,0,19 20,1,70,,265046,33,0,19 20,1,30,,265047,33,0,19 20,1,70,,265048,33,0,19 20,1,30,,265049,33,0,19 20,1,70,,265050,33,0,19 20,1,30,,265051,33,0,19 20,1,70,,265052,33,0,19 20,1,30,,265053,33,0,19 20,1,72,,265054,33,0,19 20,1,22,,265055,33,0,19 20,1,60,,265072,33,0,19 20,1,20,,265056,33,0,19 20,1,20,,265057,33,0,19 20,1,60,,265073,33,0,19 20,1,20,,265058,33,0,19 20,1,30,,265059,33,0,19 20,1,70,,265060,33,0,19 20,1,27,,265061,33,0,19 20,1,69,,265062,33,0,19 20,1,30,,265063,33,0,19 20,1,70,,265064,33,0,19 20,1,30,,265065,33,0,19 20,1,70,,265066,33,0,19 20,1,30,,265067,33,0,19 20,1,68,,265068,33,0,19 20,1,99,,265069,33,0,19 20,1,100,,265070,33,0,19 20,1
51200,'512-Weekday-5-26-09-1111100',627,,265074,33,0,19 20,1,31,,265077,33,0,19 20,1,60,,265078,33,0,19 20,1,20,,265109,33,0,19 20,1,20,,265075,33,0,19 20,1,60,,265076,33,0,19 20,1,30,,265079,33,0,19 20,1,70,,265080,33,0,19 20,1,29,,265081,33,0,19 20,1,70,,265082,33,0,19 20,1,30,,265083,33,0,19 20,1,70,,265084,33,0,19 20,1,30,,265085,33,0,19 20,1,70,,265086,33,0,19 20,1,30,,265087,33,0,19 20,1,70,,265088,33,0,19 20,1,30,,265089,33,0,19 20,1,70,,265090,33,0,19 20,1,30,,265091,33,0,19 20,1,72,,265092,33,0,19 20,1,22,,265093,33,0,19 20,1,60,,265110,33,0,19 20,1,20,,265094,33,0,19 20,1,20,,265095,33,0,19 20,1,60,,265111,33,0,19 20,1,20,,265096,33,0,19 20,1,30,,265097,33,0,19 20,1,70,,265098,33,0,19 20,1,27,,265099,33,0,19 20,1,69,,265100,33,0,19 20,1,30,,265101,33,0,19 20,1,70,,265102,33,0,19 20,1,30,,265103,33,0,19 20,1,70,,265104,33,0,19 20,1,30,,265105,33,0,19 20,1,68,,265106,33,0,19 20,1,99,,265107,33,0,19 20,1,100,,265108,33,0,19 20,1
51200,'512-Weekday-6-26-09-1111100',627,,265112,33,0,19 20,1,31,,265115,33,0,19 20,1,60,,265116,33,0,19 20,1,20,,265147,33,0,19 20,1,20,,265113,33,0,19 20,1,60,,265114,33,0,19 20,1,30,,265117,33,0,19 20,1,70,,265118,33,0,19 20,1,29,,265119,33,0,19 20,1,70,,265120,33,0,19 20,1,30,,265121,33,0,19 20,1,70,,265122,33,0,19 20,1,30,,265123,33,0,19 20,1,70,,265124,33,0,19 20,1,30,,265125,33,0,19 20,1,70,,265126,33,0,19 20,1,30,,265127,33,0,19 20,1,70,,265128,33,0,19 20,1,30,,265129,33,0,19 20,1,72,,265130,33,0,19 20,1,22,,265131,33,0,19 20,1,60,,265148,33,0,19 20,1,20,,265132,33,0,19 20,1,20,,265133,33,0,19 20,1,60,,265149,33,0,19 20,1,20,,265134,33,0,19 20,1,30,,265135,33,0,19 20,1,70,,265136,33,0,19 20,1,27,,265137,33,0,19 20,1,69,,265138,33,0,19 20,1,30,,265139,33,0,19 20,1,70,,265140,33,0,19 20,1,30,,265141,33,0,19 20,1,70,,265142,33,0,19 20,1,30,,265143,33,0,19 20,1,68,,265144,33,0,19 20,1,99,,265145,33,0,19 20,1,100,,265146,33,0,19 20,1
51200,'512-Weekday-7-26-09-1111100',627,,265150,33,0,19 20,1,31,,265153,33,0,19 20,1,60,,265154,33,0,19 20,1,20,,265185,33,0,19 20,1,20,,265151,33,0,19 20,1,60,,265152,33,0,19 20,1,30,,265155,33,0,19 20,1,70,,265156,33,0,19 20,1,29,,265157,33,0,19 20,1,70,,265158,33,0,19 20,1,30,,265159,33,0,19 20,1,70,,265160,33,0,19 20,1,30,,265161,33,0,19 20,1,70,,265162,33,0,19 20,1,30,,265163,33,0,19 20,1,70,,265164,33,0,19 20,1,30,,265165,33,0,19 20,1,70,,265166,33,0,19 20,1,30,,265167,33,0,19 20,1,72,,265168,33,0,19 20,1,22,,265169,33,0,19 20,1,60,,265186,33,0,19 20,1,20,,265170,33,0,19 20,1,20,,265171,33,0,19 20,1,60,,265187,33,0,19 20,1,20,,265172,33,0,19 20,1,30,,265173,33,0,19 20,1,70,,265174,33,0,19 20,1,27,,265175,33,0,19 20,1,69,,265176,33,0,19 20,1,30,,265177,33,0,19 20,1,70,,265178,33,0,19 20,1,30,,265179,33,0,19 20,1,70,,265180,33,0,19 20,1,30,,265181,33,0,19 20,1,68,,265182,33,0,19 20,1,99,,265183,33,0,19 20,1,100,,265184,33,0,19 20,1
51200,'512-Saturday-1-26-09-0000010',629,,265188,33,0,19 20,1,100,,265189,33,0,19 20,1,100,,265190,33,0,19 20,1,30,,265191,33,0,19 20,1,73,,265192,33,0,19 20,1,72,,265193,33,0,19 20,1,32,,265194,33,0,19 20,1,72,,265195,33,0,19 20,1,30,,265196,33,0,19 20,1,70,,265197,33,0,19 20,1,30,,265198,33,0,19 20,1,70,,265199,33,0,19 20,1,30,,265200,33,0,19 20,1,70,,265201,33,0,19 20,1,30,,265202,33,0,19 20,1,70,,265203,33,0,19 20,1,30,,265204,33,0,19 20,1,70,,265205,33,0,19 20,1,30,,265206,33,0,19 20,1,68,,265207,33,0,19 20,1,28,,265208,33,0,19 20,1,69,,265209,33,0,19 20,1,30,,265210,33,0,19 20,1,69,,265211,33,0,19 20,1,30,,265212,33,0,19 20,1,98,,265213,33,0,19 20,1,100,,265214,33,0,19 20,1,100,,265215,33,0,19 20,1,100,,265216,33,0,19 20,1,104,,265217,33,0,19 20,1
51200,'512-Sunday-1-26-09-0000001',629,,265218,33,0,19 20,1,85,,265241,33,0,19 20,1,45,,265219,33,0,19 20,1,85,,265220,33,0,19 20,1,88,,265221,33,0,19 20,1,85,,265222,33,0,19 20,1,34,,265247,33,0,19 20,1,70,,265223,33,0,19 20,1,30,,265224,33,0,19 20,1,70,,265225,33,0,19 20,1,30,,265226,33,0,19 20,1,70,,265227,33,0,19 20,1,30,,265228,33,0,19 20,1,70,,265229,33,0,19 20,1,30,,265230,33,0,19 20,1,70,,265231,33,0,19 20,1,30,,265232,33,0,19 20,1,70,,265233,33,0,19 20,1,30,,265234,33,0,19 20,1,67,,265235,33,0,19 20,1,27,,265236,33,0,19 20,1,68,,265237,33,0,19 20,1,30,,265238,33,0,19 20,1,70,,265239,33,0,19 20,1,30,,265240,33,0,19 20,1,85,,265242,33,0,19 20,1,100,,265243,33,0,19 20,1,100,,265244,33,0,19 20,1,100,,265245,33,0,19 20,1,100,,265246,33,0,19 20,1
63800,'638-Weekday-1-26-09-0000100',955,,273624,30,,,1,3,,273623,30,,,1
63800,'638-Weekday-1-26-09-1111000',831,,273626,30,,,1,2,,273625,30,,,1
63800,'638-Weekday-1-26-09-1111100',758,,273627,30,,,1,43,,273628,30,,,1
63800,'638-Weekday-3-26-09-1111000',831,,273630,30,,,1,2,,273629,30,,,1
63800,'638-Weekday-4-26-09-1111100',758,,273631,30,,,1,43,,273632,30,,,1
63800,'638-Weekday-7-26-09-1111000',831,,273634,30,,,1,2,,273633,30,,,1
63800,'638-Weekday-7-26-09-1111100',758,,273635,30,,,1,43,,273636,30,,,1
