65200,'652-Weekday-1-26-09-1111100',808,,273694,11,,,1,15,,273695,11,,,1,1,,273696,11,,,1
65200,'652-Weekday-7-26-09-1111100',808,,273700,11,,,1,15,,273701,11,,,1,1,,273702,11,,,1
65600,'656-Weekday-1-26-09-1111100',1525,,273730,5,,,1,2,,273731,5,,,1
65600,'656-Weekday-7-26-09-1111100',1525,,273734,5,,,1,2,,273735,5,,,1
65601,'656-Weekday-1-26-09-1111100',820,,273736,24,,,1,5,,273737,24,,,1
65601,'656-Weekday-7-26-09-1111100',820,,273740,24,,,1,5,,273741,24,,,1
70100,'701-Weekday-1-26-09-1111100',543,,274149,13,,,1,69,,274150,13,,,1,33,,274151,13,,,1,55,,274152,13,,,1,15,,274153,13,,,1,15,,274154,13,,,1,15,,274155,13,,,1,55,,274156,13,,,1,15,,274157,13,,,1,15,,274158,13,,,1,15,,274159,13,,,1,71,,274161,13,,,1,30,,274163,13,,,1,70,,274165,13,,,1,30,,274167,13,,,1,70,,274169,13,,,1,30,,274171,13,,,1,70,,274173,13,,,1,30,,274175,13,,,1,70,,274177,13,,,1,30,,274179,13,,,1,70,,274181,13,,,1,14,,274182,13,,,1,15,,274183,13,,,1,57,,274184,13,,,1,14,,274185,13,,,1,16,,274186,13,,,1,15,,274187,13,,,1,55,,274188,13,,,1,14,,274189,13,,,1,16,,274190,13,,,1,15,,274191,13,,,1,55,,274192,13,,,1,30,,274193,13,,,1,69,,274194,13,,,1,30,,274195,13,,,1,69,,274196,13,,,1,30,,274197,13,,,1,70,,274198,13,,,1,30,,274199,13,,,1,70,,274200,13,,,1,30,,274201,13,,,1,70,,274202,13,,,1,59,,274203,13,,,1
70100,'701-Weekday-4-26-09-1111100',543,,274261,13,,,1,69,,274262,13,,,1,33,,274263,13,,,1,55,,274264,13,,,1,15,,274265,13,,,1,15,,274266,13,,,1,15,,274267,13,,,1,55,,274268,13,,,1,15,,274269,13,,,1,15,,274270,13,,,1,15,,274271,13,,,1,71,,274273,13,,,1,30,,274275,13,,,1,70,,274277,13,,,1,30,,274279,13,,,1,70,,274281,13,,,1,30,,274283,13,,,1,70,,274285,13,,,1,30,,274287,13,,,1,70,,274289,13,,,1,30,,274291,13,,,1,70,,274293,13,,,1,14,,274294,13,,,1,15,,274295,13,,,1,57,,274296,13,,,1,14,,274297,13,,,1,16,,274298,13,,,1,15,,274299,13,,,1,55,,274300,13,,,1,14,,274301,13,,,1,16,,274302,13,,,1,15,,274303,13,,,1,55,,274304,13,,,1,30,,274305,13,,,1,69,,274306,13,,,1,30,,274307,13,,,1,69,,274308,13,,,1,30,,274309,13,,,1,70,,274310,13,,,1,30,,274311,13,,,1,70,,274312,13,,,1,30,,274313,13,,,1,70,,274314,13,,,1,59,,274315,13,,,1
70100,'701-Weekday-5-26-09-1111100',543,,274317,13,,,1,69,,274318,13,,,1,33,,274319,13,,,1,55,,274320,13,,,1,15,,274321,13,,,1,15,,274322,13,,,1,15,,274323,13,,,1,55,,274324,13,,,1,15,,274325,13,,,1,15,,274326,13,,,1,15,,274327,13,,,1,71,,274329,13,,,1,30,,274331,13,,,1,70,,274333,13,,,1,30,,274335,13,,,1,70,,274337,13,,,1,30,,274339,13,,,1,70,,274341,13,,,1,30,,274343,13,,,1,70,,274345,13,,,1,30,,274347,13,,,1,70,,274349,13,,,1,14,,274350,13,,,1,15,,274351,13,,,1,57,,274352,13,,,1,14,,274353,13,,,1,16,,274354,13,,,1,15,,274355,13,,,1,55,,274356,13,,,1,14,,274357,13,,,1,16,,274358,13,,,1,15,,274359,13,,,1,55,,274360,13,,,1,30,,274361,13,,,1,69,,274362,13,,,1,30,,274363,13,,,1,69,,274364,13,,,1,30,,274365,13,,,1,70,,274366,13,,,1,30,,274367,13,,,1,70,,274368,13,,,1,30,,274369,13,,,1,70,,274370,13,,,1,59,,274371,13,,,1
70100,'701-Weekday-6-26-09-1111100',543,,274373,13,,,1,69,,274374,13,,,1,33,,274375,13,,,1,55,,274376,13,,,1,15,,274377,13,,,1,15,,274378,13,,,1,15,,274379,13,,,1,55,,274380,13,,,1,15,,274381,13,,,1,15,,274382,13,,,1,15,,274383,13,,,1,71,,274385,13,,,1,30,,274387,13,,,1,70,,274389,13,,,1,30,,274391,13,,,1,70,,274393,13,,,1,30,,274395,13,,,1,70,,274397,13,,,1,30,,274399,13,,,1,70,,274401,13,,,1,30,,274403,13,,,1,70,,274405,13,,,1,14,,274406,13,,,1,15,,274407,13,,,1,57,,274408,13,,,1,14,,274409,13,,,1,16,,274410,13,,,1,15,,274411,13,,,1,55,,274412,13,,,1,14,,274413,13,,,1,16,,274414,13,,,1,15,,274415,13,,,1,55,,274416,13,,,1,30,,274417,13,,,1,69,,274418,13,,,1,30,,274419,13,,,1,69,,274420,13,,,1,30,,274421,13,,,1,70,,274422,13,,,1,30,,274423,13,,,1,70,,274424,13,,,1,30,,274425,13,,,1,70,,274426,13,,,1,59,,274427,13,,,1
70100,'701-Weekday-7-26-09-1111100',543,,274429,13,,,1,69,,274430,13,,,1,33,,274431,13,,,1,55,,274432,13,,,1,15,,274433,13,,,1,15,,274434,13,,,1,15,,274435,13,,,1,55,,274436,13,,,1,15,,274437,13,,,1,15,,274438,13,,,1,15,,274439,13,,,1,71,,274441,13,,,1,30,,274443,13,,,1,70,,274445,13,,,1,30,,274447,13,,,1,70,,274449,13,,,1,30,,274451,13,,,1,70,,274453,13,,,1,30,,274455,13,,,1,70,,274457,13,,,1,30,,274459,13,,,1,70,,274461,13,,,1,14,,274462,13,,,1,15,,274463,13,,,1,57,,274464,13,,,1,14,,274465,13,,,1,16,,274466,13,,,1,15,,274467,13,,,1,55,,274468,13,,,1,14,,274469,13,,,1,16,,274470,13,,,1,15,,274471,13,,,1,55,,274472,13,,,1,30,,274473,13,,,1,69,,274474,13,,,1,30,,274475,13,,,1,69,,274476,13,,,1,30,,274477,13,,,1,70,,274478,13,,,1,30,,274479,13,,,1,70,,274480,13,,,1,30,,274481,13,,,1,70,,274482,13,,,1,59,,274483,13,,,1
70100,'701-Weekday-8-26-09-1111100',543,,274485,13,,,1,69,,274486,13,,,1,33,,274487,13,,,1,55,,274488,13,,,1,15,,274489,13,,,1,15,,274490,13,,,1,15,,274491,13,,,1,55,,274492,13,,,1,15,,274493,13,,,1,15,,274494,13,,,1,15,,274495,13,,,1,71,,274497,13,,,1,30,,274499,13,,,1,70,,274501,13,,,1,30,,274503,13,,,1,70,,274505,13,,,1,30,,274507,13,,,1,70,,274509,13,,,1,30,,274511,13,,,1,70,,274513,13,,,1,30,,274515,13,,,1,70,,274517,13,,,1,14,,274518,13,,,1,15,,274519,13,,,1,57,,274520,13,,,1,14,,274521,13,,,1,16,,274522,13,,,1,15,,274523,13,,,1,55,,274524,13,,,1,14,,274525,13,,,1,16,,274526,13,,,1,15,,274527,13,,,1,55,,274528,13,,,1,30,,274529,13,,,1,69,,274530,13,,,1,30,,274531,13,,,1,69,,274532,13,,,1,30,,274533,13,,,1,70,,274534,13,,,1,30,,274535,13,,,1,70,,274536,13,,,1,30,,274537,13,,,1,70,,274538,13,,,1,59,,274539,13,,,1
70100,'701-Saturday-1-26-09-0000010',728,,274541,13,,,1,97,,274542,13,,,1,25,,274543,13,,,1,70,,274544,13,,,1,30,,274545,13,,,1,70,,274546,13,,,1,30,,274547,13,,,1,70,,274548,13,,,1,30,,274549,13,,,1,70,,274550,13,,,1,30,,274551,13,,,1,70,,274552,13,,,1,30,,274553,13,,,1,70,,274554,13,,,1,30,,274555,13,,,1,70,,274556,13,,,1,30,,274557,13,,,1,70,,274558,13,,,1,32,,274559,13,,,1,71,,274560,13,,,1,30,,274561,13,,,1,70,,274562,13,,,1,30,,274563,13,,,1,73,,274564,13,,,1,100,,274565,13,,,1,100,,274566,13,,,1,100,,274567,13,,,1,100,,274569,13,,,1
70100,'701-Sunday-1-26-09-0000001',815,,274572,13,,,1,98,,274573,13,,,1,100,,274574,13,,,1,30,,274575,13,,,1,70,,274576,13,,,1,30,,274577,13,,,1,70,,274578,13,,,1,30,,274579,13,,,1,70,,274580,13,,,1,30,,274581,13,,,1,70,,274582,13,,,1,30,,274583,13,,,1,70,,274584,13,,,1,30,,274585,13,,,1,70,,274586,13,,,1,27,,274587,13,,,1,75,,274588,13,,,1,30,,274589,13,,,1,70,,274590,13,,,1,30,,274591,13,,,1,70,,274592,13,,,1,100,,274593,13,,,1,100,,274594,13,,,1,100,,274595,13,,,1
