11100,'111-Weekday-1-26-09-1111100',910,,253536,15,,,1,100,,253537,15,,,1,100,,253538,15,,,1,100,,253539,15,,,1,100,,253540,15,,,1,100,,253541,15,,,1,101,,253542,15,,,1
11100,'111-Weekday-2-26-09-1111100',910,,253543,15,,,1,100,,253544,15,,,1,100,,253545,15,,,1,100,,253546,15,,,1,100,,253547,15,,,1,100,,253548,15,,,1,101,,253549,15,,,1
11100,'111-Weekday-3-26-09-1111100',910,,253550,15,,,1,100,,253551,15,,,1,100,,253552,15,,,1,100,,253553,15,,,1,100,,253554,15,,,1,100,,253555,15,,,1,101,,253556,15,,,1
11100,'111-Weekday-4-26-09-1111100',910,,253557,15,,,1,100,,253558,15,,,1,100,,253559,15,,,1,100,,253560,15,,,1,100,,253561,15,,,1,100,,253562,15,,,1,101,,253563,15,,,1
11100,'111-Weekday-5-26-09-1111100',910,,253564,15,,,1,100,,253565,15,,,1,100,,253566,15,,,1,100,,253567,15,,,1,100,,253568,15,,,1,100,,253569,15,,,1,101,,253570,15,,,1
11100,'111-Weekday-6-26-09-1111100',910,,253571,15,,,1,100,,253572,15,,,1,100,,253573,15,,,1,100,,253574,15,,,1,100,,253575,15,,,1,100,,253576,15,,,1,101,,253577,15,,,1
11100,'111-Weekday-7-26-09-1111100',910,,253578,15,,,1,100,,253579,15,,,1,100,,253580,15,,,1,100,,253581,15,,,1,100,,253582,15,,,1,100,,253583,15,,,1,101,,253584,15,,,1
11100,'111-Saturday-1-26-09-0000010',910,,253590,15,0,34,1,100,,253591,15,0,34,1,100,,253587,15,0,34,1,100,,253588,15,0,34,1,100,,253589,15,0,34,1,100,,253585,15,0,34,1,100,,253586,15,0,34,1
11101,'111-Weekday-1-26-09-1111100',1007,,253592,47,,,1,100,,253593,47,,,1,100,,253594,47,,,1,100,,253595,47,,,1,100,,253596,47,,,1,100,,253597,47,,,1,100,,253598,47,,,1
11101,'111-Weekday-2-26-09-1111100',1007,,253599,47,,,1,100,,253600,47,,,1,100,,253601,47,,,1,100,,253602,47,,,1,100,,253603,47,,,1,100,,253604,47,,,1,100,,253605,47,,,1
11101,'111-Weekday-3-26-09-1111100',1007,,253606,47,,,1,100,,253607,47,,,1,100,,253608,47,,,1,100,,253609,47,,,1,100,,253610,47,,,1,100,,253611,47,,,1,100,,253612,47,,,1
11101,'111-Weekday-4-26-09-1111100',1007,,253613,47,,,1,100,,253614,47,,,1,100,,253615,47,,,1,100,,253616,47,,,1,100,,253617,47,,,1,100,,253618,47,,,1,100,,253619,47,,,1
11101,'111-Weekday-5-26-09-1111100',1007,,253620,47,,,1,100,,253621,47,,,1,100,,253622,47,,,1,100,,253623,47,,,1,100,,253624,47,,,1,100,,253625,47,,,1,100,,253626,47,,,1
11101,'111-Weekday-6-26-09-1111100',1007,,253627,47,,,1,100,,253628,47,,,1,100,,253629,47,,,1,100,,253630,47,,,1,100,,253631,47,,,1,100,,253632,47,,,1,100,,253633,47,,,1
11101,'111-Weekday-7-26-09-1111100',1007,,253634,47,,,1,100,,253635,47,,,1,100,,253636,47,,,1,100,,253637,47,,,1,100,,253638,47,,,1,100,,253639,47,,,1,100,,253640,47,,,1
11101,'111-Saturday-1-26-09-0000010',950,,253641,40,,,1,100,,253643,40,,,1,100,,253644,40,,,1,100,,253645,40,,,1,100,,253646,40,,,1,100,,253647,40,,,1,100,,253642,40,,,1
