400,'004-Weekday-1-26-06-1111100',500,,162094,2,,,1,16,,162095,37,,,1,15,,162096,37,,,1,15,,162097,37,,,1,55,,162098,37,,,1,15,,162131,37,,,1,16,,162132,37,,,1,22,,162133,37,,,1,59,,162169,37,,,1,14,,162170,37,,,1,12,,162140,37,,,1,12,,162168,37,,,1,52,,162167,37,,,1,12,,162166,37,,,1,12,,162165,37,,,1,12,,162187,37,,,1,12,,162186,37,,,1,51,,162188,37,,,1,9,,162155,37,,,1,11,,162141,37,,,1,11,,162190,37,,,1,12,,162142,37,,,1,12,,162130,37,,,1,52,,162099,37,,,1,12,,162100,37,,,1,12,,162101,37,,,1,12,,162102,37,,,1,12,,162103,37,,,1,52,,162104,37,,,1,12,,162105,37,,,1,12,,162106,37,,,1,12,,162107,37,,,1,12,,162108,37,,,1,52,,162109,37,,,1,12,,162110,37,,,1,12,,162134,37,,,1,12,,162135,37,,,1,12,,162136,37,,,1,52,,162137,37,,,1,12,,162138,37,,,1,12,,162139,37,,,1,12,,162158,37,,,1,12,,162159,37,,,1,52,,162160,37,,,1,12,,162161,37,,,1,12,,162162,37,,,1,12,,162163,37,,,1,12,,162164,37,,,1,49,,162171,37,,,1,11,,162172,37,,,1,10,,162173,37,,,1,10,,162174,37,,,1,10,,162175,37,,,1,10,,162176,37,,,1,50,,162177,37,,,1,10,,162178,37,,,1,10,,162179,37,,,1,10,,162180,37,,,1,10,,162181,37,,,1,10,,162182,37,,,1,50,,162183,37,,,1,10,,162184,37,,,1,10,,162185,37,,,1,10,,162143,37,,,1,10,,162144,37,,,1,10,,162156,37,,,1,51,,162157,37,,,1,12,,162145,37,,,1,14,,162129,37,,,1,12,,162146,37,,,1,13,,162147,37,,,1,51,,162148,37,,,1,15,,162149,37,,,1,15,,162150,37,,,1,15,,162151,37,,,1,55,,162152,37,,,1,15,,162153,37,,,1,15,,162111,37,,,1,15,,162154,37,,,1,55,,162112,37,,,1,15,,162113,37,,,1,15,,162114,37,,,1,15,,162115,37,,,1,54,,162116,37,,,1,11,,162117,37,,,1,14,,162118,37,,,1,19,,162119,37,,,1,60,,162120,37,,,1,20,,162121,37,,,1,20,,162122,37,,,1,59,,162189,37,,,1,19,,162123,37,,,1,27,,162124,37,,,1,70,,162125,37,,,1,30,,162126,37,,,1,70,,162127,37,,,1,30,,162128,37,,,1
400,'004-Weekday-2-26-06-1111100',500,,189426,2,,,1,16,,189427,37,,,1,15,,189428,37,,,1,15,,189429,37,,,1,55,,189430,37,,,1,15,,189463,37,,,1,16,,189464,37,,,1,22,,189465,37,,,1,59,,189501,37,,,1,14,,189502,37,,,1,12,,189472,37,,,1,12,,189500,37,,,1,52,,189499,37,,,1,12,,189498,37,,,1,12,,189497,37,,,1,12,,189519,37,,,1,12,,189518,37,,,1,51,,189520,37,,,1,9,,189487,37,,,1,11,,189473,37,,,1,11,,189522,37,,,1,12,,189474,37,,,1,12,,189462,37,,,1,52,,189431,37,,,1,12,,189432,37,,,1,12,,189433,37,,,1,12,,189434,37,,,1,12,,189435,37,,,1,52,,189436,37,,,1,12,,189437,37,,,1,12,,189438,37,,,1,12,,189439,37,,,1,12,,189440,37,,,1,52,,189441,37,,,1,12,,189442,37,,,1,12,,189466,37,,,1,12,,189467,37,,,1,12,,189468,37,,,1,52,,189469,37,,,1,12,,189470,37,,,1,12,,189471,37,,,1,12,,189490,37,,,1,12,,189491,37,,,1,52,,189492,37,,,1,12,,189493,37,,,1,12,,189494,37,,,1,12,,189495,37,,,1,12,,189496,37,,,1,49,,189503,37,,,1,11,,189504,37,,,1,10,,189505,37,,,1,10,,189506,37,,,1,10,,189507,37,,,1,10,,189508,37,,,1,50,,189509,37,,,1,10,,189510,37,,,1,10,,189511,37,,,1,10,,189512,37,,,1,10,,189513,37,,,1,10,,189514,37,,,1,50,,189515,37,,,1,10,,189516,37,,,1,10,,189517,37,,,1,10,,189475,37,,,1,10,,189476,37,,,1,10,,189488,37,,,1,51,,189489,37,,,1,12,,189477,37,,,1,14,,189461,37,,,1,12,,189478,37,,,1,13,,189479,37,,,1,51,,189480,37,,,1,15,,189481,37,,,1,15,,189482,37,,,1,15,,189483,37,,,1,55,,189484,37,,,1,15,,189485,37,,,1,15,,189443,37,,,1,15,,189486,37,,,1,55,,189444,37,,,1,15,,189445,37,,,1,15,,189446,37,,,1,15,,189447,37,,,1,54,,189448,37,,,1,11,,189449,37,,,1,14,,189450,37,,,1,19,,189451,37,,,1,60,,189452,37,,,1,20,,189453,37,,,1,20,,189454,37,,,1,59,,189521,37,,,1,19,,189455,37,,,1,27,,189456,37,,,1,70,,189457,37,,,1,30,,189458,37,,,1,70,,189459,37,,,1,30,,189460,37,,,1
400,'004-Saturday-1-26-06-0000010',554,,162303,37,,,1,60,,162192,37,,,1,20,,162193,37,,,1,20,,162194,37,,,1,60,,162195,37,,,1,20,,162196,37,,,1,20,,162197,37,,,1,60,,162198,37,,,1,15,,162199,37,,,1,15,,162200,37,,,1,15,,162201,37,,,1,56,,162202,37,,,1,17,,162203,37,,,1,19,,162204,37,,,1,55,,162205,37,,,1,15,,162206,37,,,1,15,,162207,37,,,1,15,,162208,37,,,1,55,,162209,37,,,1,15,,162210,37,,,1,15,,162211,37,,,1,15,,162212,37,,,1,55,,162213,37,,,1,15,,162214,37,,,1,15,,162215,37,,,1,15,,162216,37,,,1,55,,162217,37,,,1,15,,162218,37,,,1,15,,162220,37,,,1,15,,162222,37,,,1,55,,162224,37,,,1,15,,162226,37,,,1,15,,162228,37,,,1,15,,162230,37,,,1,55,,162232,37,,,1,15,,162234,37,,,1,8,,162235,30,4,,1,7,,162236,37,,,1,15,,162238,37,,,1,55,,162240,37,,,1,15,,162242,37,,,1,15,,162244,37,,,1,15,,162246,37,,,1,55,,162248,37,,,1,15,,162250,37,,,1,14,,162252,37,,,1,14,,162255,37,,,1,55,,162191,37,,,1,15,,162254,37,,,1,15,,162259,37,,,1,15,,162261,37,,,1,55,,162263,37,,,1,15,,162265,37,,,1,15,,162267,37,,,1,15,,162269,37,,,1,55,,162271,37,,,1,15,,162273,37,,,1,15,,162275,37,,,1,8,,162276,30,4,,1,7,,162277,37,,,1,6,,162278,30,4,,1,49,,162279,37,,,1,6,,162280,30,4,,1,9,,162281,37,,,1,6,,162282,30,4,,1,9,,162283,37,,,1,6,,162284,30,4,,1,9,,162285,37,,,1,6,,162286,30,4,,1,49,,162287,37,,,1,6,,162288,30,4,,1,9,,162290,37,,,1,15,,162291,37,,,1,15,,162292,37,,,1,60,,162289,37,,,1,20,,162293,37,,,1,20,,162294,37,,,1,58,,162295,37,,,1,19,,162296,37,,,1,28,,162297,37,,,1,70,,162298,37,,,1,30,,162299,37,,,1,70,,162300,37,,,1,30,,162301,37,,,1,70,,162302,37,,,1
800,'008-Weekday-1-26-06-1111100',511,,165002,2,,,1,20,,165003,2,,,1,20,,165000,1,,,1,60,,165001,1,,,1,20,,165070,1,,,1,15,,165072,2,,,1,55,,165069,1,,,1,15,,165004,1,,,1,15,,165005,1,,,1,15,,165006,1,,,1,55,,165007,1,,,1,15,,165071,2,,,1,15,,165008,1,,,1,15,,165009,1,,,1,55,,165074,1,,,1,15,,165010,1,,,1,15,,165011,1,,,1,15,,165012,1,,,1,55,,165013,1,,,1,15,,165014,1,,,1,15,,165015,1,,,1,15,,165016,1,,,1,55,,165017,1,,,1,15,,165018,1,,,1,15,,165019,1,,,1,15,,165020,1,,,1,55,,165021,1,,,1,15,,165022,1,,,1,15,,165023,1,,,1,15,,165024,1,,,1,55,,165025,1,,,1,15,,165026,2,,,1,15,,165027,1,,,1,15,,165028,1,,,1,12,,165073,2,,,1,52,,165029,1,,,1,12,,165030,2,,,1,12,,165031,1,,,1,12,,165032,1,,,1,6,,165075,2,,,1,6,,165033,2,,,1,52,,165034,1,,,1,12,,165035,1,,,1,12,,165036,1,,,1,12,,165037,1,,,1,12,,165038,2,,,1,52,,165039,1,,,1,12,,165040,1,,,1,12,,165041,1,,,1,12,,165042,1,,,1,12,,165043,1,,,1,55,,165044,1,,,1,15,,165045,1,,,1,15,,165046,1,,,1,15,,165047,1,,,1,55,,165048,1,,,1,15,,165049,1,,,1,15,,165050,1,,,1,15,,165051,2,,,1,55,,165052,1,,,1,15,,165053,1,,,1,15,,165054,1,,,1,15,,165055,1,,,1,55,,165056,1,,,1,15,,165057,1,,,1,15,,165058,1,,,1,15,,165059,1,,,1,55,,165060,1,,,1,15,,165061,1,,,1,15,,165062,1,,,1,60,,165063,1,,,1,20,,165064,1,,,1,20,,165065,1,,,1,60,,165066,1,,,1,20,,165067,1,,,1,20,,165068,1,,,1,68,,164994,1,,,1,30,,164995,1,,,1,70,,164996,2,,,1,30,,164997,2,,,1,70,,164998,1,,,1,30,,164999,1,,,1
800,'008-Weekday-4-26-06-1111100',511,,190674,2,,,1,20,,190675,2,,,1,20,,190672,1,,,1,60,,190673,1,,,1,20,,190742,1,,,1,15,,190744,2,,,1,55,,190741,1,,,1,15,,190676,1,,,1,15,,190677,1,,,1,15,,190678,1,,,1,55,,190679,1,,,1,15,,190743,2,,,1,15,,190680,1,,,1,15,,190681,1,,,1,55,,190746,1,,,1,15,,190682,1,,,1,15,,190683,1,,,1,15,,190684,1,,,1,55,,190685,1,,,1,15,,190686,1,,,1,15,,190687,1,,,1,15,,190688,1,,,1,55,,190689,1,,,1,15,,190690,1,,,1,15,,190691,1,,,1,15,,190692,1,,,1,55,,190693,1,,,1,15,,190694,1,,,1,15,,190695,1,,,1,15,,190696,1,,,1,55,,190697,1,,,1,15,,190698,2,,,1,15,,190699,1,,,1,15,,190700,1,,,1,12,,190745,2,,,1,52,,190701,1,,,1,12,,190702,2,,,1,12,,190703,1,,,1,12,,190704,1,,,1,6,,190747,2,,,1,6,,190705,2,,,1,52,,190706,1,,,1,12,,190707,1,,,1,12,,190708,1,,,1,12,,190709,1,,,1,12,,190710,2,,,1,52,,190711,1,,,1,12,,190712,1,,,1,12,,190713,1,,,1,12,,190714,1,,,1,12,,190715,1,,,1,55,,190716,1,,,1,15,,190717,1,,,1,15,,190718,1,,,1,15,,190719,1,,,1,55,,190720,1,,,1,15,,190721,1,,,1,15,,190722,1,,,1,15,,190723,2,,,1,55,,190724,1,,,1,15,,190725,1,,,1,15,,190726,1,,,1,15,,190727,1,,,1,55,,190728,1,,,1,15,,190729,1,,,1,15,,190730,1,,,1,15,,190731,1,,,1,55,,190732,1,,,1,15,,190733,1,,,1,15,,190734,1,,,1,60,,190735,1,,,1,20,,190736,1,,,1,20,,190737,1,,,1,60,,190738,1,,,1,20,,190739,1,,,1,20,,190740,1,,,1,68,,190666,1,,,1,30,,190667,1,,,1,70,,190668,2,,,1,30,,190669,2,,,1,70,,190670,1,,,1,30,,190671,1,,,1
800,'008-Saturday-1-26-06-0000010',527,,165159,2,,,1,20,,165160,2,,,1,60,,165161,2,,,1,20,,165162,1,,,1,20,,165163,1,,,1,60,,165164,1,,,1,20,,165165,1,,,1,20,,165231,1,,,1,60,,165232,1,,,1,18,,165166,2,,,1,16,,165167,1,,,1,14,,165169,1,,,1,55,,165170,1,,,1,16,,165171,2,,,1,14,,165168,1,,,1,15,,165172,1,,,1,57,,165173,1,,,1,16,,165174,1,,,1,15,,165175,1,,,1,15,,165176,1,,,1,56,,165177,1,,,1,16,,165178,1,,,1,13,,165179,1,,,1,16,,165180,1,,,1,55,,165181,1,,,1,15,,165182,1,,,1,15,,165183,1,,,1,56,,165184,1,,,1,14,,165185,1,,,1,15,,165186,1,,,1,15,,165187,1,,,1,15,,165188,1,,,1,55,,165189,1,,,1,15,,165190,1,,,1,15,,165191,1,,,1,15,,165192,1,,,1,55,,165193,1,,,1,15,,165194,1,,,1,15,,165195,1,,,1,15,,165196,1,,,1,55,,165197,2,,,1,15,,165198,1,,,1,15,,165199,1,,,1,15,,165200,1,,,1,55,,165201,1,,,1,15,,165202,1,,,1,16,,165203,1,,,1,55,,165205,1,,,1,15,,165206,1,,,1,14,,165207,1,,,1,15,,165204,2,,,1,15,,165208,1,,,1,55,,165209,2,,,1,16,,165210,2,,,1,14,,165211,2,,,1,15,,165212,1,,,1,55,,165213,1,,,1,15,,165214,1,,,1,15,,165215,1,,,1,15,,165216,1,,,1,56,,165217,1,,,1,14,,165218,1,,,1,15,,165219,1,,,1,15,,165230,1,,,1,60,,165220,1,,,1,20,,165221,1,,,1,20,,165222,1,,,1,60,,165223,1,,,1,20,,165224,1,,,1,70,,165225,1,,,1,30,,165226,1,,,1,70,,165227,1,,,1,30,,165228,2,,,1,70,,165229,1,,,1,30,,165233,1,,,1
801,'008-Weekday-1-26-06-1111100',546,,165532,75,4,,1,60,,165533,75,4,,1,20,,165534,75,4,,1,26,,165535,75,4,,1,67,,165536,75,4,,1,19,,165537,75,4,,1,16,,165607,75,4,,1,55,,165606,75,4,,1,15,,165538,75,4,,1,15,,165539,75,4,,1,15,,165540,75,4,,1,55,,165604,75,4,,1,15,,165541,75,4,,1,15,,165542,75,4,,1,15,,165543,75,4,,1,55,,165544,75,4,,1,15,,165545,75,4,,1,15,,165546,75,4,,1,15,,165547,75,4,,1,55,,165548,75,4,,1,15,,165549,75,4,,1,15,,165550,75,4,,1,15,,165551,75,4,,1,55,,165552,75,4,,1,15,,165553,75,4,,1,15,,165554,75,4,,1,15,,165555,75,4,,1,55,,165556,75,4,,1,15,,165557,75,4,,1,15,,165558,75,4,,1,15,,165559,75,4,,1,55,,165560,75,4,,1,15,,165561,75,4,,1,15,,165562,75,4,,1,15,,165563,75,4,,1,55,,165564,75,4,,1,14,,165565,75,4,,1,14,,165566,75,4,,1,14,,165567,75,4,,1,54,,165568,75,4,,1,14,,165569,75,4,,1,13,,165570,75,4,,1,12,,165571,75,4,,1,12,,165572,75,4,,1,52,,165573,75,4,,1,12,,165574,75,4,,1,12,,165575,75,4,,1,12,,165576,75,4,,1,12,,165577,75,4,,1,52,,165578,75,4,,1,12,,165579,75,4,,1,14,,165580,75,4,,1,13,,165581,75,4,,1,12,,165582,75,4,,1,51,,165583,75,4,,1,11,,165584,75,4,,1,12,,165585,75,4,,1,14,,165586,75,4,,1,55,,165587,75,4,,1,15,,165588,75,4,,1,15,,165589,75,4,,1,15,,165590,75,4,,1,55,,165591,75,4,,1,15,,165592,75,4,,1,15,,165593,75,4,,1,15,,165594,75,4,,1,55,,165595,75,4,,1,12,,165596,75,4,,1,13,,165597,75,4,,1,12,,165598,75,4,,1,18,,165605,75,4,,1,60,,165599,75,4,,1,20,,165600,75,4,,1,20,,165601,75,4,,1,58,,165602,75,4,,1,18,,165603,75,4,,1,15,,165526,75,4,,1,70,,165527,75,4,,1,30,,165528,75,4,,1,70,,165529,75,4,,1,30,,165530,75,4,,1,70,,165531,75,4,,1
801,'008-Weekday-4-26-06-1111100',546,,190825,75,4,,1,60,,190826,75,4,,1,20,,190827,75,4,,1,26,,190828,75,4,,1,67,,190829,75,4,,1,19,,190830,75,4,,1,16,,190900,75,4,,1,55,,190899,75,4,,1,15,,190831,75,4,,1,15,,190832,75,4,,1,15,,190833,75,4,,1,55,,190897,75,4,,1,15,,190834,75,4,,1,15,,190835,75,4,,1,15,,190836,75,4,,1,55,,190837,75,4,,1,15,,190838,75,4,,1,15,,190839,75,4,,1,15,,190840,75,4,,1,55,,190841,75,4,,1,15,,190842,75,4,,1,15,,190843,75,4,,1,15,,190844,75,4,,1,55,,190845,75,4,,1,15,,190846,75,4,,1,15,,190847,75,4,,1,15,,190848,75,4,,1,55,,190849,75,4,,1,15,,190850,75,4,,1,15,,190851,75,4,,1,15,,190852,75,4,,1,55,,190853,75,4,,1,15,,190854,75,4,,1,15,,190855,75,4,,1,15,,190856,75,4,,1,55,,190857,75,4,,1,14,,190858,75,4,,1,14,,190859,75,4,,1,14,,190860,75,4,,1,54,,190861,75,4,,1,14,,190862,75,4,,1,13,,190863,75,4,,1,12,,190864,75,4,,1,12,,190865,75,4,,1,52,,190866,75,4,,1,12,,190867,75,4,,1,12,,190868,75,4,,1,12,,190869,75,4,,1,12,,190870,75,4,,1,52,,190871,75,4,,1,12,,190872,75,4,,1,14,,190873,75,4,,1,13,,190874,75,4,,1,12,,190875,75,4,,1,51,,190876,75,4,,1,11,,190877,75,4,,1,12,,190878,75,4,,1,14,,190879,75,4,,1,55,,190880,75,4,,1,15,,190881,75,4,,1,15,,190882,75,4,,1,15,,190883,75,4,,1,55,,190884,75,4,,1,15,,190885,75,4,,1,15,,190886,75,4,,1,15,,190887,75,4,,1,55,,190888,75,4,,1,12,,190889,75,4,,1,13,,190890,75,4,,1,12,,190891,75,4,,1,18,,190898,75,4,,1,60,,190892,75,4,,1,20,,190893,75,4,,1,20,,190894,75,4,,1,58,,190895,75,4,,1,18,,190896,75,4,,1,15,,190819,75,4,,1,70,,190820,75,4,,1,30,,190821,75,4,,1,70,,190822,75,4,,1,30,,190823,75,4,,1,70,,190824,75,4,,1
801,'008-Saturday-1-26-06-0000010',620,,165690,75,4,,1,20,,165691,75,4,,1,60,,165692,75,4,,1,20,,165693,75,4,,1,20,,165694,75,4,,1,60,,165695,75,4,,1,20,,165696,75,4,,1,20,,165697,75,4,,1,60,,165698,75,4,,1,24,,165699,75,4,,1,19,,165700,75,4,,1,58,,165701,75,4,,1,16,,165702,75,4,,1,15,,165703,75,4,,1,15,,165704,75,4,,1,55,,165705,75,4,,1,15,,165706,75,4,,1,15,,165707,75,4,,1,15,,165708,75,4,,1,55,,165709,75,4,,1,15,,165710,75,4,,1,15,,165711,75,4,,1,15,,165712,75,4,,1,55,,165713,75,4,,1,15,,165714,75,4,,1,15,,165715,75,4,,1,15,,165716,75,4,,1,55,,165717,75,4,,1,15,,165718,75,4,,1,15,,165719,75,4,,1,15,,165720,75,4,,1,55,,165721,75,4,,1,15,,165722,75,4,,1,15,,165723,75,4,,1,15,,165724,75,4,,1,55,,165725,75,4,,1,15,,165726,75,4,,1,15,,165727,75,4,,1,15,,165728,75,4,,1,55,,165729,75,4,,1,14,,165730,75,4,,1,15,,165731,75,4,,1,14,,165732,75,4,,1,13,,165733,75,4,,1,57,,165734,75,4,,1,16,,165735,75,4,,1,16,,165736,75,4,,1,56,,165737,75,4,,1,15,,165738,75,4,,1,15,,165739,75,4,,1,15,,165740,75,4,,1,55,,165742,75,4,,1,15,,165743,75,4,,1,15,,165744,75,4,,1,15,,165741,75,4,,1,55,,165745,75,4,,1,15,,165746,75,4,,1,15,,165747,75,4,,1,15,,165748,75,4,,1,55,,165750,75,4,,1,15,,165751,75,4,,1,15,,165752,75,4,,1,15,,165749,75,4,,1,61,,165753,75,4,,1,21,,165754,75,4,,1,21,,165755,75,4,,1,60,,165756,75,4,,1,20,,165757,75,4,,1,26,,165758,75,4,,1,70,,165759,75,4,,1,30,,165760,75,4,,1,70,,165761,75,4,,1,30,,165762,75,4,,1,70,,165763,75,4,,1
5100,'051-Weekday-1-26-06-1111100',529,,166677,2,,,1,30,,166650,2,,,1,70,,166651,1,,,1,26,,166680,2,,,1,70,,166665,2,,,1,30,,166652,1,,,1,70,,166674,2,,,1,30,,166673,1,,,1,70,,166672,1,,,1,30,,166671,1,,,1,70,,166670,1,,,1,30,,166681,1,,,1,70,,166669,1,,,1,30,,166682,1,,,1,70,,166683,1,,,1,30,,166684,1,,,1,70,,166685,1,,,1,30,,166686,1,,,1,70,,166666,1,,,1,20,,166653,2,,,1,60,,166679,2,,,1,20,,166654,1,,,1,20,,166667,2,,,1,60,,166655,1,,,1,20,,166668,1,,,1,20,,166675,2,,,1,60,,166678,1,,,1,20,,166656,1,,,1,30,,166657,1,,,1,70,,166658,1,,,1,30,,166659,1,,,1,70,,166676,1,,,1,30,,166660,1,,,1,70,,166661,1,,,1,30,,166662,1,,,1,70,,166663,1,,,1,30,,166687,1,,,1,100,,166664,1,,,1
5100,'051-Weekday-2-26-06-1111100',529,,191440,2,,,1,30,,191413,2,,,1,70,,191414,1,,,1,26,,191443,2,,,1,70,,191428,2,,,1,30,,191415,1,,,1,70,,191437,2,,,1,30,,191436,1,,,1,70,,191435,1,,,1,30,,191434,1,,,1,70,,191433,1,,,1,30,,191444,1,,,1,70,,191432,1,,,1,30,,191445,1,,,1,70,,191446,1,,,1,30,,191447,1,,,1,70,,191448,1,,,1,30,,191449,1,,,1,70,,191429,1,,,1,20,,191416,2,,,1,60,,191442,2,,,1,20,,191417,1,,,1,20,,191430,2,,,1,60,,191418,1,,,1,20,,191431,1,,,1,20,,191438,2,,,1,60,,191441,1,,,1,20,,191419,1,,,1,30,,191420,1,,,1,70,,191421,1,,,1,30,,191422,1,,,1,70,,191439,1,,,1,30,,191423,1,,,1,70,,191424,1,,,1,30,,191425,1,,,1,70,,191426,1,,,1,30,,191450,1,,,1,100,,191427,1,,,1
5100,'051-Saturday-1-26-06-0000010',639,,166711,1,,,1,99,,166688,1,,,1,100,,166689,2,,,1,71,,166690,1,,,1,32,,166691,1,,,1,70,,166692,1,,,1,30,,166693,1,,,1,70,,166695,2,,,1,30,,166696,2,,,1,70,,166697,1,,,1,30,,166694,1,,,1,70,,166698,1,,,1,30,,166699,1,,,1,70,,166700,1,,,1,30,,166702,1,,,1,70,,166703,1,,,1,30,,166704,1,,,1,70,,166701,1,,,1,30,,166705,1,,,1,70,,166706,1,,,1,30,,166707,1,,,1,70,,166708,1,,,1,30,,166709,1,,,1,70,,166710,1,,,1,100,,166712,2,,,1,100,,166713,1,,,1,100,,166714,1,,,1
5101,'051-Weekday-1-26-06-1111100',555,,166756,42,4,,1,70,,166757,42,4,,1,80,,166768,42,4,,1,22,,166767,42,4,,1,20,,166758,42,4,,1,60,,166759,42,4,,1,20,,166760,42,4,,1,20,,166761,42,4,,1,59,,166762,42,4,,1,15,,166741,42,4,,1,26,,166755,42,4,,1,70,,166742,42,4,,1,30,,166763,42,4,,1,70,,166743,42,4,,1,30,,166744,42,4,,1,70,,166764,42,4,,1,30,,166745,42,4,,1,70,,166746,42,4,,1,30,,166765,42,4,,1,70,,166747,42,4,,1,30,,166766,42,4,,1,70,,166748,42,4,,1,32,,166749,42,4,,1,72,,166750,42,4,,1,30,,166751,42,4,,1,70,,166752,42,4,,1,30,,166753,42,4,,1,70,,166770,42,4,,1,27,,166771,42,4,,1,66,,166772,42,4,,1,30,,166773,42,4,,1,70,,166774,42,4,,1,30,,166775,42,4,,1,70,,166776,42,4,,1,30,,166777,42,4,,1,69,,166754,42,4,,1,100,,166769,42,4,,1
5101,'051-Weekday-2-26-06-1111100',555,,191492,42,4,,1,70,,191493,42,4,,1,80,,191504,42,4,,1,22,,191503,42,4,,1,20,,191494,42,4,,1,60,,191495,42,4,,1,20,,191496,42,4,,1,20,,191497,42,4,,1,59,,191498,42,4,,1,15,,191477,42,4,,1,26,,191491,42,4,,1,70,,191478,42,4,,1,30,,191499,42,4,,1,70,,191479,42,4,,1,30,,191480,42,4,,1,70,,191500,42,4,,1,30,,191481,42,4,,1,70,,191482,42,4,,1,30,,191501,42,4,,1,70,,191483,42,4,,1,30,,191502,42,4,,1,70,,191484,42,4,,1,32,,191485,42,4,,1,72,,191486,42,4,,1,30,,191487,42,4,,1,70,,191488,42,4,,1,30,,191489,42,4,,1,70,,191506,42,4,,1,27,,191507,42,4,,1,66,,191508,42,4,,1,30,,191509,42,4,,1,70,,191510,42,4,,1,30,,191511,42,4,,1,70,,191512,42,4,,1,30,,191513,42,4,,1,69,,191490,42,4,,1,100,,191505,42,4,,1
5101,'051-Saturday-1-26-06-0000010',635,,166778,42,4,,1,100,,166779,42,4,,1,100,,166780,42,4,,1,70,,166781,42,4,,1,32,,166782,42,4,,1,70,,166783,42,4,,1,30,,166784,42,4,,1,70,,166785,42,4,,1,30,,166786,42,4,,1,70,,166787,42,4,,1,30,,166788,42,4,,1,70,,166789,42,4,,1,30,,166790,42,4,,1,70,,166791,42,4,,1,30,,166792,42,4,,1,70,,166793,42,4,,1,30,,166794,42,4,,1,70,,166795,42,4,,1,30,,166796,42,4,,1,70,,166797,42,4,,1,27,,166798,42,4,,1,70,,166799,42,4,,1,30,,166800,42,4,,1,70,,166801,42,4,,1,30,,166802,42,4,,1,100,,166803,42,4,,1,100,,166804,42,4,,1,100,,166805,42,4,,1
90200,'902-Weekday-1-26-06-1111100',531,,182966,2,,,1,70,,182967,1,,,1,30,,182968,1,,,1,70,,182969,2,,,1,30,,182970,1,,,1,70,,182971,1,,,1,30,,182972,1,,,1,70,,182973,1,,,1,30,,182974,1,,,1,24,,182975,1,,,1,60,,182976,1,,,1,20,,182977,1,,,1,20,,182978,2,,,1,60,,182979,1,,,1,20,,182980,1,,,1,20,,182981,2,,,1,60,,182982,2,,,1,20,,182983,1,,,1,20,,182984,1,,,1,60,,182985,1,,,1,20,,182986,1,,,1,20,,182987,1,,,1,60,,182988,2,,,1,16,,182989,1,,,1,15,,182990,1,,,1,55,,182991,1,,,1,15,,182992,2,,,1,15,,182993,1,,,1,15,,182994,2,,,1,55,,182995,1,,,1,15,,182996,2,,,1,15,,182997,1,,,1,15,,182998,2,,,1,55,,182999,1,,,1,15,,183000,2,,,1,17,,183001,1,,,1,21,,183002,1,,,1,70,,183003,1,,,1,30,,183004,1,,,1,70,,183005,1,,,1,30,,183006,1,,,1,70,,183007,1,,,1,30,,183008,1,,,1,70,,183009,1,,,1,81,,183010,1,,,1,100,,183011,2,,,1
90200,'902-Weekday-2-26-06-1111100',531,,200249,2,,,1,70,,200250,1,,,1,30,,200251,1,,,1,70,,200252,2,,,1,30,,200253,1,,,1,70,,200254,1,,,1,30,,200255,1,,,1,70,,200256,1,,,1,30,,200257,1,,,1,24,,200258,1,,,1,60,,200259,1,,,1,20,,200260,1,,,1,20,,200261,2,,,1,60,,200262,1,,,1,20,,200263,1,,,1,20,,200264,2,,,1,60,,200265,2,,,1,20,,200266,1,,,1,20,,200267,1,,,1,60,,200268,1,,,1,20,,200269,1,,,1,20,,200270,1,,,1,60,,200271,2,,,1,16,,200272,1,,,1,15,,200273,1,,,1,55,,200274,1,,,1,15,,200275,2,,,1,15,,200276,1,,,1,15,,200277,2,,,1,55,,200278,1,,,1,15,,200279,2,,,1,15,,200280,1,,,1,15,,200281,2,,,1,55,,200282,1,,,1,15,,200283,2,,,1,17,,200284,1,,,1,21,,200285,1,,,1,70,,200286,1,,,1,30,,200287,1,,,1,70,,200288,1,,,1,30,,200289,1,,,1,70,,200290,1,,,1,30,,200291,1,,,1,70,,200292,1,,,1,81,,200293,1,,,1,100,,200294,2,,,1
90200,'902-Saturday-1-26-06-0000010',549,,183012,2,,,1,100,,183013,1,,,1,100,,183014,1,,,1,77,,183015,2,,,1,30,,183016,2,,,1,70,,183017,1,,,1,30,,183018,1,,,1,70,,183019,1,,,1,30,,183020,1,,,1,70,,183021,1,,,1,30,,183022,1,,,1,70,,183023,2,,,1,30,,183024,1,,,1,70,,183025,1,,,1,30,,183026,1,,,1,70,,183027,1,,,1,30,,183028,1,,,1,70,,183029,1,,,1,30,,183030,1,,,1,70,,183031,1,,,1,30,,183032,1,,,1,73,,183038,1,,,1,30,,183039,1,,,1,70,,183040,1,,,1,100,,183033,1,,,1,100,,183034,1,,,1,100,,183035,1,,,1,100,,183036,1,,,1,100,,183037,1,,,1
90201,'902-Weekday-1-26-06-1111100',544,,183069,26,4,,1,70,,183071,26,4,,1,35,,183072,26,4,,1,73,,183073,26,4,,1,30,,183074,26,4,,1,57,,183076,26,4,,1,15,,183077,26,4,,1,15,,183078,26,4,,1,15,,183079,26,4,,1,56,,183080,26,4,,1,16,,183081,26,4,,1,15,,183082,26,4,,1,15,,183083,26,4,,1,60,,183084,26,4,,1,20,,183085,26,4,,1,20,,183086,26,4,,1,60,,183087,26,4,,1,20,,183088,26,4,,1,20,,183089,26,4,,1,60,,183090,26,4,,1,20,,183091,26,4,,1,20,,183092,26,4,,1,60,,183093,26,4,,1,20,,183094,26,4,,1,20,,183095,26,4,,1,60,,183096,26,4,,1,20,,183097,26,4,,1,20,,183098,26,4,,1,70,,183099,26,4,,1,31,,183100,26,4,,1,70,,183101,26,4,,1,30,,183102,26,4,,1,70,,183103,26,4,,1,30,,183104,26,4,,1,70,,183105,26,4,,1,23,,183106,26,4,,1,69,,183107,26,4,,1,30,,183108,26,4,,1,70,,183109,26,4,,1,30,,183110,26,4,,1,70,,183111,26,4,,1,30,,183070,26,4,,1,68,,183112,26,4,,1,98,,183075,26,4,,1
90201,'902-Weekday-2-26-06-1111100',544,,200323,26,4,,1,70,,200325,26,4,,1,35,,200326,26,4,,1,73,,200327,26,4,,1,30,,200328,26,4,,1,57,,200330,26,4,,1,15,,200331,26,4,,1,15,,200332,26,4,,1,15,,200333,26,4,,1,56,,200334,26,4,,1,16,,200335,26,4,,1,15,,200336,26,4,,1,15,,200337,26,4,,1,60,,200338,26,4,,1,20,,200339,26,4,,1,20,,200340,26,4,,1,60,,200341,26,4,,1,20,,200342,26,4,,1,20,,200343,26,4,,1,60,,200344,26,4,,1,20,,200345,26,4,,1,20,,200346,26,4,,1,60,,200347,26,4,,1,20,,200348,26,4,,1,20,,200349,26,4,,1,60,,200350,26,4,,1,20,,200351,26,4,,1,20,,200352,26,4,,1,70,,200353,26,4,,1,31,,200354,26,4,,1,70,,200355,26,4,,1,30,,200356,26,4,,1,70,,200357,26,4,,1,30,,200358,26,4,,1,70,,200359,26,4,,1,23,,200360,26,4,,1,69,,200361,26,4,,1,30,,200362,26,4,,1,70,,200363,26,4,,1,30,,200364,26,4,,1,70,,200365,26,4,,1,30,,200324,26,4,,1,68,,200366,26,4,,1,98,,200329,26,4,,1
90201,'902-Saturday-1-26-06-0000010',632,,183113,26,4,,1,100,,183114,26,4,,1,100,,183115,26,4,,1,78,,183116,26,4,,1,37,,183117,26,4,,1,71,,183118,26,4,,1,30,,183119,26,4,,1,70,,183120,26,4,,1,30,,183121,26,4,,1,70,,183122,26,4,,1,30,,183123,26,4,,1,70,,183124,26,4,,1,30,,183125,26,4,,1,70,,183126,26,4,,1,30,,183127,26,4,,1,70,,183128,26,4,,1,30,,183129,26,4,,1,70,,183130,26,4,,1,30,,183131,26,4,,1,70,,183132,26,4,,1,28,,183133,26,4,,1,73,,183134,26,4,,1,30,,183135,26,4,,1,70,,183136,26,4,,1,100,,183137,26,4,,1,100,,183138,26,4,,1,100,,183139,26,4,,1,100,,183140,26,4,,1,100,,183141,26,4,,1
