401,'004-Weekday-1-26-06-1111100',512,,162473,43,,,1,15,,162379,43,,,1,15,,162380,43,,,1,15,,162381,43,,,1,56,,162382,43,,,1,16,,162383,43,,,1,21,,162420,43,,,1,61,,162419,43,,,1,13,,162418,43,,,1,12,,162470,43,,,1,12,,162471,43,,,1,52,,162463,43,,,1,12,,162464,43,,,1,12,,162465,43,,,1,12,,162466,43,,,1,12,,162467,43,,,1,52,,162468,43,,,1,12,,162469,43,,,1,13,,162417,43,,,1,11,,162453,43,,,1,12,,162416,43,,,1,52,,162415,43,,,1,12,,162449,43,,,1,12,,162450,43,,,1,12,,162384,43,,,1,12,,162385,43,,,1,53,,162386,43,,,1,12,,162387,43,,,1,13,,162388,43,,,1,13,,162389,43,,,1,12,,162390,43,,,1,52,,162391,43,,,1,12,,162392,43,,,1,12,,162393,43,,,1,12,,162394,43,,,1,12,,162395,43,,,1,52,,162421,43,,,1,12,,162422,43,,,1,12,,162423,43,,,1,12,,162424,43,,,1,12,,162425,43,,,1,52,,162457,43,,,1,12,,162458,43,,,1,12,,162459,43,,,1,12,,162460,43,,,1,12,,162461,43,,,1,54,,162462,43,,,1,13,,162456,43,,,1,12,,162426,43,,,1,14,,162472,43,,,1,9,,162427,43,,,1,48,,162428,43,,,1,10,,162429,43,,,1,10,,162430,43,,,1,10,,162431,43,,,1,10,,162432,43,,,1,10,,162433,43,,,1,50,,162434,43,,,1,10,,162435,43,,,1,10,,162436,43,,,1,10,,162437,43,,,1,10,,162438,43,,,1,10,,162439,43,,,1,50,,162440,43,,,1,10,,162454,43,,,1,12,,162455,43,,,1,12,,162441,43,,,1,13,,162442,43,,,1,52,,162443,43,,,1,12,,162444,43,,,1,15,,162445,43,,,1,15,,162446,43,,,1,15,,162447,43,,,1,55,,162448,43,,,1,15,,162451,43,,,1,15,,162452,43,,,1,15,,162396,43,,,1,55,,162397,43,,,1,15,,162399,43,,,1,15,,162400,43,,,1,15,,162401,43,,,1,52,,162398,43,,,1,13,,162402,43,,,1,14,,162403,43,,,1,20,,162404,43,,,1,60,,162405,43,,,1,20,,162406,43,,,1,20,,162407,43,,,1,58,,162408,43,,,1,19,,162409,43,,,1,69,,162410,43,,,1,30,,162411,43,,,1,70,,162412,43,,,1,30,,162413,43,,,1,70,,162414,43,,,1
401,'004-Weekday-2-26-06-1111100',512,,189692,43,,,1,15,,189598,43,,,1,15,,189599,43,,,1,15,,189600,43,,,1,56,,189601,43,,,1,16,,189602,43,,,1,21,,189639,43,,,1,61,,189638,43,,,1,13,,189637,43,,,1,12,,189689,43,,,1,12,,189690,43,,,1,52,,189682,43,,,1,12,,189683,43,,,1,12,,189684,43,,,1,12,,189685,43,,,1,12,,189686,43,,,1,52,,189687,43,,,1,12,,189688,43,,,1,13,,189636,43,,,1,11,,189672,43,,,1,12,,189635,43,,,1,52,,189634,43,,,1,12,,189668,43,,,1,12,,189669,43,,,1,12,,189603,43,,,1,12,,189604,43,,,1,53,,189605,43,,,1,12,,189606,43,,,1,13,,189607,43,,,1,13,,189608,43,,,1,12,,189609,43,,,1,52,,189610,43,,,1,12,,189611,43,,,1,12,,189612,43,,,1,12,,189613,43,,,1,12,,189614,43,,,1,52,,189640,43,,,1,12,,189641,43,,,1,12,,189642,43,,,1,12,,189643,43,,,1,12,,189644,43,,,1,52,,189676,43,,,1,12,,189677,43,,,1,12,,189678,43,,,1,12,,189679,43,,,1,12,,189680,43,,,1,54,,189681,43,,,1,13,,189675,43,,,1,12,,189645,43,,,1,14,,189691,43,,,1,9,,189646,43,,,1,48,,189647,43,,,1,10,,189648,43,,,1,10,,189649,43,,,1,10,,189650,43,,,1,10,,189651,43,,,1,10,,189652,43,,,1,50,,189653,43,,,1,10,,189654,43,,,1,10,,189655,43,,,1,10,,189656,43,,,1,10,,189657,43,,,1,10,,189658,43,,,1,50,,189659,43,,,1,10,,189673,43,,,1,12,,189674,43,,,1,12,,189660,43,,,1,13,,189661,43,,,1,52,,189662,43,,,1,12,,189663,43,,,1,15,,189664,43,,,1,15,,189665,43,,,1,15,,189666,43,,,1,55,,189667,43,,,1,15,,189670,43,,,1,15,,189671,43,,,1,15,,189615,43,,,1,55,,189616,43,,,1,15,,189618,43,,,1,15,,189619,43,,,1,15,,189620,43,,,1,52,,189617,43,,,1,13,,189621,43,,,1,14,,189622,43,,,1,20,,189623,43,,,1,60,,189624,43,,,1,20,,189625,43,,,1,20,,189626,43,,,1,58,,189627,43,,,1,19,,189628,43,,,1,69,,189629,43,,,1,30,,189630,43,,,1,70,,189631,43,,,1,30,,189632,43,,,1,70,,189633,43,,,1
401,'004-Saturday-1-26-06-0000010',548,,162475,43,,,1,60,,162476,43,,,1,20,,162477,43,,,1,20,,162478,43,,,1,60,,162479,43,,,1,20,,162480,43,,,1,20,,162481,43,,,1,60,,162482,43,,,1,20,,162483,43,,,1,15,,162484,43,,,1,16,,162485,43,,,1,58,,162486,43,,,1,24,,162487,43,,,1,15,,162488,43,,,1,55,,162489,43,,,1,15,,162490,43,,,1,15,,162491,43,,,1,15,,162492,43,,,1,55,,162494,43,,,1,15,,162493,43,,,1,15,,162496,43,,,1,15,,162497,43,,,1,55,,162499,43,,,1,8,,162498,5,0,44 7 42,1,7,,162500,43,,,1,8,,162495,5,0,44 7 42,1,7,,162502,43,,,1,8,,162501,5,0,44 7 42,1,7,,162504,43,,,1,48,,162503,5,0,44 7 42,1,7,,162506,43,,,1,7,,162505,5,0,44 7 42,1,8,,162508,43,,,1,9,,162507,5,0,44 7 42,1,6,,162510,43,,,1,9,,162509,5,0,44 7 42,1,6,,162512,43,,,1,49,,162511,5,0,44 7 42,1,6,,162514,43,,,1,9,,162513,5,0,44 7 42,1,6,,162516,43,,,1,9,,162515,5,0,44 7 42,1,6,,162518,43,,,1,9,,162517,5,0,44 7 42,1,6,,162520,43,,,1,49,,162519,5,0,44 7 42,1,6,,162522,43,,,1,9,,162521,5,0,44 7 42,1,6,,162525,43,,,1,9,,162523,4,0,44 7 42,1,6,,162527,43,,,1,9,,162526,5,0,44 7 42,1,6,,162528,43,,,1,49,,162524,5,0,44 7 42,1,6,,162531,43,,,1,9,,162529,5,0,44 7 42,1,6,,162533,43,,,1,9,,162532,5,0,44 7 42,1,6,,162534,43,,,1,9,,162530,5,0,44 7 42,1,6,,162536,43,,,1,49,,162535,5,0,44 7 42,1,6,,162538,43,,,1,9,,162537,5,0,44 7 42,1,6,,162540,43,,,1,9,,162539,5,0,44 7 42,1,6,,162542,43,,,1,9,,162541,5,0,44 7 42,1,7,,162544,43,,,1,48,,162543,5,0,44 7 42,1,7,,162546,43,,,1,8,,162545,5,0,44 7 42,1,7,,162474,43,,,1,8,,162547,5,0,44 7 42,1,7,,162548,43,,,1,8,,162583,5,0,44 7 42,1,8,,162550,43,,,1,47,,162549,5,0,44 7 42,1,8,,162552,43,,,1,7,,162551,5,0,44 7 42,1,8,,162554,43,,,1,7,,162553,5,0,44 7 42,1,8,,162556,43,,,1,7,,162555,5,0,44 7 42,1,8,,162558,43,,,1,47,,162557,5,0,44 7 42,1,8,,162560,43,,,1,7,,162559,5,0,44 7 42,1,8,,162562,43,,,1,7,,162561,5,0,44 7 42,1,9,,162563,43,,,1,15,,162564,43,,,1,55,,162565,43,,,1,15,,162566,43,,,1,15,,162567,43,,,1,15,,162568,43,,,1,55,,162569,43,,,1,15,,162570,43,,,1,15,,162571,43,,,1,58,,162572,43,,,1,20,,162573,43,,,1,20,,162574,43,,,1,59,,162575,43,,,1,16,,162576,43,,,1,18,,162577,43,,,1,20,,162578,43,,,1,70,,162579,43,,,1,30,,162584,43,,,1,70,,162580,43,,,1,30,,162581,43,,,1,70,,162582,43,,,1
401,'004-Saturday-2-26-06-0000010',548,,205060,43,,,1,60,,205061,43,,,1,20,,205062,43,,,1,20,,205063,43,,,1,60,,205064,43,,,1,20,,205065,43,,,1,20,,205066,43,,,1,60,,205067,43,,,1,20,,205068,43,,,1,15,,205069,43,,,1,16,,205070,43,,,1,58,,205071,43,,,1,24,,205072,43,,,1,15,,205073,43,,,1,55,,205074,43,,,1,15,,205075,43,,,1,15,,205076,43,,,1,15,,205077,43,,,1,55,,205079,43,,,1,15,,205078,43,,,1,15,,205081,43,,,1,15,,205082,43,,,1,55,,205084,43,,,1,8,,205083,5,0,44 7 42,1,7,,205085,43,,,1,8,,205080,5,0,44 7 42,1,7,,205087,43,,,1,8,,205086,5,0,44 7 42,1,7,,205089,43,,,1,48,,205088,5,0,44 7 42,1,7,,205091,43,,,1,7,,205090,5,0,44 7 42,1,8,,205093,43,,,1,9,,205092,5,0,44 7 42,1,6,,205095,43,,,1,9,,205094,5,0,44 7 42,1,6,,205097,43,,,1,49,,205096,5,0,44 7 42,1,6,,205099,43,,,1,9,,205098,5,0,44 7 42,1,6,,205101,43,,,1,9,,205100,5,0,44 7 42,1,6,,205103,43,,,1,9,,205102,5,0,44 7 42,1,6,,205105,43,,,1,49,,205104,5,0,44 7 42,1,6,,205107,43,,,1,9,,205106,5,0,44 7 42,1,6,,205110,43,,,1,9,,205108,4,0,44 7 42,1,6,,205112,43,,,1,9,,205111,5,0,44 7 42,1,6,,205113,43,,,1,49,,205109,5,0,44 7 42,1,6,,205116,43,,,1,9,,205114,5,0,44 7 42,1,6,,205118,43,,,1,9,,205117,5,0,44 7 42,1,6,,205119,43,,,1,9,,205115,5,0,44 7 42,1,6,,205121,43,,,1,49,,205120,5,0,44 7 42,1,6,,205123,43,,,1,9,,205122,5,0,44 7 42,1,6,,205125,43,,,1,9,,205124,5,0,44 7 42,1,6,,205127,43,,,1,9,,205126,5,0,44 7 42,1,7,,205129,43,,,1,48,,205128,5,0,44 7 42,1,7,,205131,43,,,1,8,,205130,5,0,44 7 42,1,7,,205059,43,,,1,8,,205132,5,0,44 7 42,1,7,,205133,43,,,1,8,,205168,5,0,44 7 42,1,8,,205135,43,,,1,47,,205134,5,0,44 7 42,1,8,,205137,43,,,1,7,,205136,5,0,44 7 42,1,8,,205139,43,,,1,7,,205138,5,0,44 7 42,1,8,,205141,43,,,1,7,,205140,5,0,44 7 42,1,8,,205143,43,,,1,47,,205142,5,0,44 7 42,1,8,,205145,43,,,1,7,,205144,5,0,44 7 42,1,8,,205147,43,,,1,7,,205146,5,0,44 7 42,1,9,,205148,43,,,1,15,,205149,43,,,1,55,,205150,43,,,1,15,,205151,43,,,1,15,,205152,43,,,1,15,,205153,43,,,1,55,,205154,43,,,1,15,,205155,43,,,1,15,,205156,43,,,1,58,,205157,43,,,1,20,,205158,43,,,1,20,,205159,43,,,1,59,,205160,43,,,1,16,,205161,43,,,1,18,,205162,43,,,1,20,,205163,43,,,1,70,,205164,43,,,1,30,,205169,43,,,1,70,,205165,43,,,1,30,,205166,43,,,1,70,,205167,43,,,1
401,'004-Sunday-2-26-06-0000001',558,,189693,43,,,1,60,,189694,43,,,1,20,,189695,43,,,1,20,,189696,43,,,1,60,,189697,43,,,1,20,,189698,43,,,1,20,,189699,43,,,1,60,,189700,43,,,1,20,,189701,43,,,1,21,,189702,43,,,1,65,,189703,43,,,1,21,,189704,43,,,1,60,,189705,43,,,1,15,,189706,43,,,1,15,,189766,43,,,1,15,,189707,43,,,1,55,,189708,43,,,1,15,,189709,43,,,1,15,,189710,43,,,1,15,,189711,43,,,1,55,,189712,43,,,1,15,,189713,43,,,1,15,,189714,43,,,1,15,,189715,43,,,1,55,,189716,43,,,1,15,,189717,43,,,1,15,,189718,43,,,1,15,,189719,43,,,1,55,,189720,43,,,1,15,,189721,43,,,1,15,,189722,43,,,1,15,,189723,43,,,1,55,,189724,43,,,1,15,,189725,43,,,1,15,,189726,43,,,1,15,,189727,43,,,1,55,,189728,43,,,1,15,,189729,43,,,1,15,,189730,43,,,1,15,,189731,43,,,1,51,,189732,43,,,1,15,,189733,43,,,1,14,,189734,43,,,1,15,,189735,43,,,1,55,,189736,43,,,1,15,,189737,43,,,1,15,,189738,43,,,1,15,,189739,43,,,1,55,,189740,43,,,1,15,,189741,43,,,1,15,,189742,43,,,1,15,,189743,43,,,1,55,,189744,43,,,1,15,,189745,43,,,1,15,,189746,43,,,1,15,,189747,43,,,1,55,,189748,43,,,1,15,,189749,43,,,1,15,,189750,43,,,1,15,,189751,43,,,1,55,,189752,43,,,1,15,,189753,43,,,1,15,,189765,43,,,1,16,,189755,43,,,1,60,,189756,43,,,1,23,,189757,43,,,1,20,,189754,43,,,1,58,,189758,43,,,1,16,,189759,43,,,1,24,,189760,43,,,1,71,,189761,43,,,1,29,,189762,43,,,1,70,,189763,43,,,1,30,,189764,43,,,1,70,,189767,43,,,1
401,'004-Sunday-3-26-06-0000001',558,,205170,43,,,1,60,,205171,43,,,1,20,,205172,43,,,1,20,,205173,43,,,1,60,,205174,43,,,1,20,,205175,43,,,1,20,,205176,43,,,1,60,,205177,43,,,1,20,,205178,43,,,1,21,,205179,43,,,1,65,,205180,43,,,1,21,,205181,43,,,1,60,,205182,43,,,1,15,,205183,43,,,1,15,,205243,43,,,1,15,,205184,43,,,1,55,,205185,43,,,1,15,,205186,43,,,1,15,,205187,43,,,1,15,,205188,43,,,1,55,,205189,43,,,1,15,,205190,43,,,1,15,,205191,43,,,1,15,,205192,43,,,1,55,,205193,43,,,1,15,,205194,43,,,1,15,,205195,43,,,1,15,,205196,43,,,1,55,,205197,43,,,1,15,,205198,43,,,1,15,,205199,43,,,1,15,,205200,43,,,1,55,,205201,43,,,1,15,,205202,43,,,1,15,,205203,43,,,1,15,,205204,43,,,1,55,,205205,43,,,1,15,,205206,43,,,1,15,,205207,43,,,1,15,,205208,43,,,1,51,,205209,43,,,1,15,,205210,43,,,1,14,,205211,43,,,1,15,,205212,43,,,1,55,,205213,43,,,1,15,,205214,43,,,1,15,,205215,43,,,1,15,,205216,43,,,1,55,,205217,43,,,1,15,,205218,43,,,1,15,,205219,43,,,1,15,,205220,43,,,1,55,,205221,43,,,1,15,,205222,43,,,1,15,,205223,43,,,1,15,,205224,43,,,1,55,,205225,43,,,1,15,,205226,43,,,1,15,,205227,43,,,1,15,,205228,43,,,1,55,,205229,43,,,1,15,,205230,43,,,1,15,,205242,43,,,1,16,,205232,43,,,1,60,,205233,43,,,1,23,,205234,43,,,1,20,,205231,43,,,1,58,,205235,43,,,1,16,,205236,43,,,1,24,,205237,43,,,1,71,,205238,43,,,1,29,,205239,43,,,1,70,,205240,43,,,1,30,,205241,43,,,1,70,,205244,43,,,1
401,'004-Sunday-6-26-06-0000001',558,,205245,43,,,1,60,,205246,43,,,1,20,,205247,43,,,1,20,,205248,43,,,1,60,,205249,43,,,1,20,,205250,43,,,1,20,,205251,43,,,1,60,,205252,43,,,1,20,,205253,43,,,1,21,,205254,43,,,1,65,,205255,43,,,1,21,,205256,43,,,1,60,,205257,43,,,1,15,,205258,43,,,1,15,,205318,43,,,1,15,,205259,43,,,1,55,,205260,43,,,1,15,,205261,43,,,1,15,,205262,43,,,1,15,,205263,43,,,1,55,,205264,43,,,1,15,,205265,43,,,1,15,,205266,43,,,1,15,,205267,43,,,1,55,,205268,43,,,1,15,,205269,43,,,1,15,,205270,43,,,1,15,,205271,43,,,1,55,,205272,43,,,1,15,,205273,43,,,1,15,,205274,43,,,1,15,,205275,43,,,1,55,,205276,43,,,1,15,,205277,43,,,1,15,,205278,43,,,1,15,,205279,43,,,1,55,,205280,43,,,1,15,,205281,43,,,1,15,,205282,43,,,1,15,,205283,43,,,1,51,,205284,43,,,1,15,,205285,43,,,1,14,,205286,43,,,1,15,,205287,43,,,1,55,,205288,43,,,1,15,,205289,43,,,1,15,,205290,43,,,1,15,,205291,43,,,1,55,,205292,43,,,1,15,,205293,43,,,1,15,,205294,43,,,1,15,,205295,43,,,1,55,,205296,43,,,1,15,,205297,43,,,1,15,,205298,43,,,1,15,,205299,43,,,1,55,,205300,43,,,1,15,,205301,43,,,1,15,,205302,43,,,1,15,,205303,43,,,1,55,,205304,43,,,1,15,,205305,43,,,1,15,,205317,43,,,1,16,,205307,43,,,1,60,,205308,43,,,1,23,,205309,43,,,1,20,,205306,43,,,1,58,,205310,43,,,1,16,,205311,43,,,1,24,,205312,43,,,1,71,,205313,43,,,1,29,,205314,43,,,1,70,,205315,43,,,1,30,,205316,43,,,1,70,,205319,43,,,1
401,'004-Sunday-7-26-06-0000001',558,,205320,43,,,1,60,,205321,43,,,1,20,,205322,43,,,1,20,,205323,43,,,1,60,,205324,43,,,1,20,,205325,43,,,1,20,,205326,43,,,1,60,,205327,43,,,1,20,,205328,43,,,1,21,,205329,43,,,1,65,,205330,43,,,1,21,,205331,43,,,1,60,,205332,43,,,1,15,,205333,43,,,1,15,,205393,43,,,1,15,,205334,43,,,1,55,,205335,43,,,1,15,,205336,43,,,1,15,,205337,43,,,1,15,,205338,43,,,1,55,,205339,43,,,1,15,,205340,43,,,1,15,,205341,43,,,1,15,,205342,43,,,1,55,,205343,43,,,1,15,,205344,43,,,1,15,,205345,43,,,1,15,,205346,43,,,1,55,,205347,43,,,1,15,,205348,43,,,1,15,,205349,43,,,1,15,,205350,43,,,1,55,,205351,43,,,1,15,,205352,43,,,1,15,,205353,43,,,1,15,,205354,43,,,1,55,,205355,43,,,1,15,,205356,43,,,1,15,,205357,43,,,1,15,,205358,43,,,1,51,,205359,43,,,1,15,,205360,43,,,1,14,,205361,43,,,1,15,,205362,43,,,1,55,,205363,43,,,1,15,,205364,43,,,1,15,,205365,43,,,1,15,,205366,43,,,1,55,,205367,43,,,1,15,,205368,43,,,1,15,,205369,43,,,1,15,,205370,43,,,1,55,,205371,43,,,1,15,,205372,43,,,1,15,,205373,43,,,1,15,,205374,43,,,1,55,,205375,43,,,1,15,,205376,43,,,1,15,,205377,43,,,1,15,,205378,43,,,1,55,,205379,43,,,1,15,,205380,43,,,1,15,,205392,43,,,1,16,,205382,43,,,1,60,,205383,43,,,1,23,,205384,43,,,1,20,,205381,43,,,1,58,,205385,43,,,1,16,,205386,43,,,1,24,,205387,43,,,1,71,,205388,43,,,1,29,,205389,43,,,1,70,,205390,43,,,1,30,,205391,43,,,1,70,,205394,43,,,1
3101,'031-Weekday-1-26-06-1111100',555,,166649,4,,,1,70,,166622,4,,,1,31,,166623,4,,,1,68,,166624,4,,,1,30,,166625,4,,,1,70,,166626,4,,,1,30,,166627,4,,,1,70,,166628,4,,,1,30,,166629,4,,,1,70,,166630,4,,,1,30,,166631,4,,,1,70,,166632,4,,,1,30,,166633,4,,,1,70,,166634,4,,,1,30,,166635,4,,,1,70,,166636,4,,,1,30,,166637,4,,,1,57,,166638,5,,,1,20,,166639,4,,,1,20,,166640,4,,,1,62,,166641,5,,,1,20,,166642,4,,,1,20,,166643,4,,,1,60,,166644,5,,,1,20,,166645,4,,,1,20,,166646,4,,,1,60,,166647,5,,,1,20,,166648,4,,,1,22,,166619,4,,,1,69,,166620,4,,,1,29,,166616,4,,,1,70,,166617,4,,,1,30,,166618,4,,,1,70,,166615,4,,,1,30,,166614,4,,,1,70,,166621,4,,,1
3101,'031-Weekday-2-26-06-1111100',555,,191412,4,,,1,70,,191385,4,,,1,31,,191386,4,,,1,68,,191387,4,,,1,30,,191388,4,,,1,70,,191389,4,,,1,30,,191390,4,,,1,70,,191391,4,,,1,30,,191392,4,,,1,70,,191393,4,,,1,30,,191394,4,,,1,70,,191395,4,,,1,30,,191396,4,,,1,70,,191397,4,,,1,30,,191398,4,,,1,70,,191399,4,,,1,30,,191400,4,,,1,57,,191401,5,,,1,20,,191402,4,,,1,20,,191403,4,,,1,62,,191404,5,,,1,20,,191405,4,,,1,20,,191406,4,,,1,60,,191407,5,,,1,20,,191408,4,,,1,20,,191409,4,,,1,60,,191410,5,,,1,20,,191411,4,,,1,22,,191382,4,,,1,69,,191383,4,,,1,29,,191379,4,,,1,70,,191380,4,,,1,30,,191381,4,,,1,70,,191378,4,,,1,30,,191377,4,,,1,70,,191384,4,,,1
24092001,'920X-Weekday-1-26-06-1111100',1331,,187980,5,,,1,70,,187981,4,,,1,30,,187982,5,,,1,71,,187983,4,,,1,30,,187984,5,,,1,70,,187979,4,,,1,30,,187985,5,,,1,70,,187986,4,,,1,30,,187987,5,,,1
24092001,'920X-Weekday-2-26-06-1111100',1331,,203577,5,,,1,70,,203578,4,,,1,30,,203579,5,,,1,71,,203580,4,,,1,30,,203581,5,,,1,70,,203576,4,,,1,30,,203582,5,,,1,70,,203583,4,,,1,30,,203584,5,,,1
