10700,'107-Weekday-1-26-09-1111100',521,,250769,1,,,1,30,,250770,1,,,1,70,,250771,1,,,1,15,,250772,1,,,1,15,,250773,1,,,1,55,,250774,1,,,1,15,,250775,1,,,1,15,,250776,1,,,1,15,,250777,1,,,1,55,,250778,1,,,1,17,,250826,1,,,1,18,,250779,1,,,1,60,,250780,1,,,1,20,,250781,1,,,1,20,,250782,1,,,1,60,,250783,1,,,1,20,,250784,1,,,1,20,,250785,1,,,1,60,,250786,1,,,1,20,,250787,1,,,1,20,,250788,1,,,1,60,,250789,1,,,1,20,,250790,1,,,1,20,,250791,1,,,1,60,,250792,1,,,1,20,,250793,1,,,1,20,,250794,1,,,1,60,,250795,1,,,1,20,,250796,1,,,1,20,,250817,1,,,1,10,,250811,1,,,1,50,,250819,1,,,1,10,,250797,1,,,1,10,,250812,1,,,1,2,,250827,1,,,1,8,,250820,1,,,1,10,,250798,1,,,1,10,,250813,1,,,1,50,,250821,1,,,1,10,,250799,1,,,1,10,,250814,1,,,1,10,,250822,1,,,1,10,,250800,1,,,1,10,,250810,1,,,1,50,,250823,1,,,1,10,,250818,1,,,1,20,,250815,1,,,1,20,,250816,1,,,1,60,,250802,1,,,1,30,,250803,1,,,1,70,,250804,1,,,1,30,,250805,1,,,1,70,,250806,1,,,1,30,,250807,1,,,1,70,,250808,1,,,1,30,,250809,1,,,1,70,,250801,1,,,1,100,,250824,1,,,1,100,,250825,1,,,1
10700,'107-Weekday-2-26-09-1111100',521,,250828,1,,,1,30,,250829,1,,,1,70,,250830,1,,,1,15,,250831,1,,,1,15,,250832,1,,,1,55,,250833,1,,,1,15,,250834,1,,,1,15,,250835,1,,,1,15,,250836,1,,,1,55,,250837,1,,,1,17,,250885,1,,,1,18,,250838,1,,,1,60,,250839,1,,,1,20,,250840,1,,,1,20,,250841,1,,,1,60,,250842,1,,,1,20,,250843,1,,,1,20,,250844,1,,,1,60,,250845,1,,,1,20,,250846,1,,,1,20,,250847,1,,,1,60,,250848,1,,,1,20,,250849,1,,,1,20,,250850,1,,,1,60,,250851,1,,,1,20,,250852,1,,,1,20,,250853,1,,,1,60,,250854,1,,,1,20,,250855,1,,,1,20,,250876,1,,,1,10,,250870,1,,,1,50,,250878,1,,,1,10,,250856,1,,,1,10,,250871,1,,,1,2,,250886,1,,,1,8,,250879,1,,,1,10,,250857,1,,,1,10,,250872,1,,,1,50,,250880,1,,,1,10,,250858,1,,,1,10,,250873,1,,,1,10,,250881,1,,,1,10,,250859,1,,,1,10,,250869,1,,,1,50,,250882,1,,,1,10,,250877,1,,,1,20,,250874,1,,,1,20,,250875,1,,,1,60,,250861,1,,,1,30,,250862,1,,,1,70,,250863,1,,,1,30,,250864,1,,,1,70,,250865,1,,,1,30,,250866,1,,,1,70,,250867,1,,,1,30,,250868,1,,,1,70,,250860,1,,,1,100,,250883,1,,,1,100,,250884,1,,,1
10700,'107-Weekday-3-26-09-1111100',521,,250887,1,,,1,30,,250888,1,,,1,70,,250889,1,,,1,15,,250890,1,,,1,15,,250891,1,,,1,55,,250892,1,,,1,15,,250893,1,,,1,15,,250894,1,,,1,15,,250895,1,,,1,55,,250896,1,,,1,17,,250944,1,,,1,18,,250897,1,,,1,60,,250898,1,,,1,20,,250899,1,,,1,20,,250900,1,,,1,60,,250901,1,,,1,20,,250902,1,,,1,20,,250903,1,,,1,60,,250904,1,,,1,20,,250905,1,,,1,20,,250906,1,,,1,60,,250907,1,,,1,20,,250908,1,,,1,20,,250909,1,,,1,60,,250910,1,,,1,20,,250911,1,,,1,20,,250912,1,,,1,60,,250913,1,,,1,20,,250914,1,,,1,20,,250935,1,,,1,10,,250929,1,,,1,50,,250937,1,,,1,10,,250915,1,,,1,10,,250930,1,,,1,2,,250945,1,,,1,8,,250938,1,,,1,10,,250916,1,,,1,10,,250931,1,,,1,50,,250939,1,,,1,10,,250917,1,,,1,10,,250932,1,,,1,10,,250940,1,,,1,10,,250918,1,,,1,10,,250928,1,,,1,50,,250941,1,,,1,10,,250936,1,,,1,20,,250933,1,,,1,20,,250934,1,,,1,60,,250920,1,,,1,30,,250921,1,,,1,70,,250922,1,,,1,30,,250923,1,,,1,70,,250924,1,,,1,30,,250925,1,,,1,70,,250926,1,,,1,30,,250927,1,,,1,70,,250919,1,,,1,100,,250942,1,,,1,100,,250943,1,,,1
10700,'107-Weekday-4-26-09-1111100',521,,250946,1,,,1,30,,250947,1,,,1,70,,250948,1,,,1,15,,250949,1,,,1,15,,250950,1,,,1,55,,250951,1,,,1,15,,250952,1,,,1,15,,250953,1,,,1,15,,250954,1,,,1,55,,250955,1,,,1,17,,251003,1,,,1,18,,250956,1,,,1,60,,250957,1,,,1,20,,250958,1,,,1,20,,250959,1,,,1,60,,250960,1,,,1,20,,250961,1,,,1,20,,250962,1,,,1,60,,250963,1,,,1,20,,250964,1,,,1,20,,250965,1,,,1,60,,250966,1,,,1,20,,250967,1,,,1,20,,250968,1,,,1,60,,250969,1,,,1,20,,250970,1,,,1,20,,250971,1,,,1,60,,250972,1,,,1,20,,250973,1,,,1,20,,250994,1,,,1,10,,250988,1,,,1,50,,250996,1,,,1,10,,250974,1,,,1,10,,250989,1,,,1,10,,250997,1,,,1,10,,250975,1,,,1,10,,250990,1,,,1,50,,250998,1,,,1,10,,250976,1,,,1,10,,250991,1,,,1,10,,250999,1,,,1,10,,250977,1,,,1,10,,250987,1,,,1,50,,251000,1,,,1,10,,250995,1,,,1,20,,250992,1,,,1,20,,250993,1,,,1,60,,250979,1,,,1,30,,250980,1,,,1,70,,250981,1,,,1,30,,250982,1,,,1,70,,250983,1,,,1,30,,250984,1,,,1,70,,250985,1,,,1,30,,250986,1,,,1,70,,250978,1,,,1,100,,251001,1,,,1,100,,251002,1,,,1
10700,'107-Weekday-5-26-09-1111100',521,,251004,1,,,1,30,,251005,1,,,1,70,,251006,1,,,1,15,,251007,1,,,1,15,,251008,1,,,1,55,,251009,1,,,1,15,,251010,1,,,1,15,,251011,1,,,1,15,,251012,1,,,1,55,,251013,1,,,1,17,,251061,1,,,1,18,,251014,1,,,1,60,,251015,1,,,1,20,,251016,1,,,1,20,,251017,1,,,1,60,,251018,1,,,1,20,,251019,1,,,1,20,,251020,1,,,1,60,,251021,1,,,1,20,,251022,1,,,1,20,,251023,1,,,1,60,,251024,1,,,1,20,,251025,1,,,1,20,,251026,1,,,1,60,,251027,1,,,1,20,,251028,1,,,1,20,,251029,1,,,1,60,,251030,1,,,1,20,,251031,1,,,1,20,,251052,1,,,1,10,,251046,1,,,1,50,,251054,1,,,1,10,,251032,1,,,1,10,,251047,1,,,1,10,,251055,1,,,1,10,,251033,1,,,1,10,,251048,1,,,1,50,,251056,1,,,1,10,,251034,1,,,1,10,,251049,1,,,1,10,,251057,1,,,1,10,,251035,1,,,1,10,,251045,1,,,1,50,,251058,1,,,1,10,,251053,1,,,1,20,,251050,1,,,1,20,,251051,1,,,1,60,,251037,1,,,1,30,,251038,1,,,1,70,,251039,1,,,1,30,,251040,1,,,1,70,,251041,1,,,1,30,,251042,1,,,1,70,,251043,1,,,1,30,,251044,1,,,1,70,,251036,1,,,1,100,,251059,1,,,1,100,,251060,1,,,1
10700,'107-Weekday-6-26-09-1111100',521,,251062,1,,,1,30,,251063,1,,,1,70,,251064,1,,,1,15,,251065,1,,,1,15,,251066,1,,,1,55,,251067,1,,,1,15,,251068,1,,,1,15,,251069,1,,,1,15,,251070,1,,,1,55,,251071,1,,,1,17,,251119,1,,,1,18,,251072,1,,,1,60,,251073,1,,,1,20,,251074,1,,,1,20,,251075,1,,,1,60,,251076,1,,,1,20,,251077,1,,,1,20,,251078,1,,,1,60,,251079,1,,,1,20,,251080,1,,,1,20,,251081,1,,,1,60,,251082,1,,,1,20,,251083,1,,,1,20,,251084,1,,,1,60,,251085,1,,,1,20,,251086,1,,,1,20,,251087,1,,,1,60,,251088,1,,,1,20,,251089,1,,,1,20,,251110,1,,,1,10,,251104,1,,,1,50,,251112,1,,,1,10,,251090,1,,,1,10,,251105,1,,,1,2,,251120,1,,,1,8,,251113,1,,,1,10,,251091,1,,,1,10,,251106,1,,,1,50,,251114,1,,,1,10,,251092,1,,,1,10,,251107,1,,,1,10,,251115,1,,,1,10,,251093,1,,,1,10,,251103,1,,,1,50,,251116,1,,,1,10,,251111,1,,,1,20,,251108,1,,,1,20,,251109,1,,,1,60,,251095,1,,,1,30,,251096,1,,,1,70,,251097,1,,,1,30,,251098,1,,,1,70,,251099,1,,,1,30,,251100,1,,,1,70,,251101,1,,,1,30,,251102,1,,,1,70,,251094,1,,,1,100,,251117,1,,,1,100,,251118,1,,,1
10700,'107-Weekday-7-26-09-1111100',521,,251121,1,,,1,30,,251122,1,,,1,70,,251123,1,,,1,15,,251124,1,,,1,15,,251125,1,,,1,55,,251126,1,,,1,15,,251127,1,,,1,15,,251128,1,,,1,15,,251129,1,,,1,55,,251130,1,,,1,17,,251178,1,,,1,18,,251131,1,,,1,60,,251132,1,,,1,20,,251133,1,,,1,20,,251134,1,,,1,60,,251135,1,,,1,20,,251136,1,,,1,20,,251137,1,,,1,60,,251138,1,,,1,20,,251139,1,,,1,20,,251140,1,,,1,60,,251141,1,,,1,20,,251142,1,,,1,20,,251143,1,,,1,60,,251144,1,,,1,20,,251145,1,,,1,20,,251146,1,,,1,60,,251147,1,,,1,20,,251148,1,,,1,20,,251169,1,,,1,10,,251163,1,,,1,50,,251171,1,,,1,10,,251149,1,,,1,10,,251164,1,,,1,10,,251172,1,,,1,10,,251150,1,,,1,10,,251165,1,,,1,50,,251173,1,,,1,10,,251151,1,,,1,10,,251166,1,,,1,10,,251174,1,,,1,10,,251152,1,,,1,10,,251162,1,,,1,50,,251175,1,,,1,10,,251170,1,,,1,20,,251167,1,,,1,20,,251168,1,,,1,60,,251154,1,,,1,30,,251155,1,,,1,70,,251156,1,,,1,30,,251157,1,,,1,70,,251158,1,,,1,30,,251159,1,,,1,70,,251160,1,,,1,30,,251161,1,,,1,70,,251153,1,,,1,100,,251176,1,,,1,100,,251177,1,,,1
10700,'107-Saturday-1-26-09-0000010',612,,251197,1,,,1,100,,251196,1,,,1,100,,251206,1,,,1,28,,251179,1,,,1,70,,251180,1,,,1,30,,251181,1,,,1,70,,251182,1,,,1,30,,251183,1,,,1,70,,251184,1,,,1,30,,251185,1,,,1,70,,251186,1,,,1,30,,251187,1,,,1,70,,251188,1,,,1,30,,251189,1,,,1,70,,251190,1,,,1,30,,251191,1,,,1,70,,251192,1,,,1,30,,251198,1,,,1,71,,251199,1,,,1,31,,251200,1,,,1,70,,251201,1,,,1,30,,251193,1,,,1,70,,251194,1,,,1,30,,251195,1,,,1,70,,251208,1,,,1,100,,251202,1,,,1,100,,251203,1,,,1,100,,251204,1,,,1,100,,251205,1,,,1,100,,251207,1,,,1
10700,'107-Sunday-1-26-09-0000001',559,,251225,1,,,1,100,,251224,1,,,1,100,,251223,1,,,1,100,,251222,1,,,1,100,,251209,1,,,1,70,,251210,1,,,1,30,,251211,1,,,1,70,,251212,1,,,1,30,,251213,1,,,1,70,,251214,1,,,1,30,,251215,1,,,1,70,,251216,1,,,1,30,,251217,1,,,1,70,,251218,1,,,1,30,,251219,1,,,1,70,,251220,1,,,1,30,,251221,1,,,1,70,,251226,1,,,1,71,,251227,1,,,1,30,,251228,1,,,1,70,,251229,1,,,1,30,,251230,1,,,1,70,,251231,1,,,1,100,,251232,1,,,1,100,,251233,1,,,1,100,,251234,1,,,1,100,,251235,1,,,1,100,,251236,1,,,1
10701,'107-Weekday-1-26-09-1111100',601,,251237,47,4,,1,31,,251238,47,4,,1,78,,251239,47,4,,1,10,,251258,47,4,,1,10,,251288,47,4,,1,10,,251240,47,4,,1,10,,251259,47,4,,1,50,,251289,47,4,,1,10,,251241,47,4,,1,9,,251260,47,4,,1,4,,251295,47,4,,1,5,,251290,47,4,,1,10,,251242,47,4,,1,5,,251296,47,4,,1,5,,251243,47,4,,1,10,,251291,47,4,,1,51,,251244,47,4,,1,10,,251292,47,4,,1,12,,251287,47,4,,1,13,,251245,47,4,,1,60,,251246,47,4,,1,20,,251261,47,4,,1,20,,251262,47,4,,1,60,,251263,47,4,,1,20,,251264,47,4,,1,20,,251265,47,4,,1,60,,251266,47,4,,1,20,,251267,47,4,,1,20,,251268,47,4,,1,60,,251269,47,4,,1,20,,251270,47,4,,1,20,,251271,47,4,,1,60,,251272,47,4,,1,20,,251273,47,4,,1,20,,251274,47,4,,1,60,,251275,47,4,,1,24,,251284,47,4,,1,16,,251257,47,4,,1,15,,251276,47,4,,1,55,,251277,47,4,,1,15,,251278,47,4,,1,15,,251247,47,4,,1,15,,251248,47,4,,1,55,,251249,47,4,,1,15,,251250,47,4,,1,15,,251251,47,4,,1,15,,251252,47,4,,1,60,,251285,47,4,,1,19,,251286,47,4,,1,18,,251253,47,4,,1,69,,251280,47,4,,1,30,,251281,47,4,,1,70,,251282,47,4,,1,30,,251283,47,4,,1,70,,251254,47,4,,1,30,,251256,47,4,,1,68,,251255,47,4,,1,30,,251279,47,4,,1,100,,251293,47,4,,1,100,,251294,47,4,,1
10701,'107-Weekday-2-26-09-1111100',601,,251297,47,4,,1,31,,251298,47,4,,1,78,,251299,47,4,,1,10,,251318,47,4,,1,10,,251348,47,4,,1,10,,251300,47,4,,1,10,,251319,47,4,,1,50,,251349,47,4,,1,10,,251301,47,4,,1,9,,251320,47,4,,1,4,,251355,47,4,,1,5,,251350,47,4,,1,10,,251302,47,4,,1,5,,251356,47,4,,1,5,,251303,47,4,,1,10,,251351,47,4,,1,51,,251304,47,4,,1,10,,251352,47,4,,1,12,,251347,47,4,,1,13,,251305,47,4,,1,60,,251306,47,4,,1,20,,251321,47,4,,1,20,,251322,47,4,,1,60,,251323,47,4,,1,20,,251324,47,4,,1,20,,251325,47,4,,1,60,,251326,47,4,,1,20,,251327,47,4,,1,20,,251328,47,4,,1,60,,251329,47,4,,1,20,,251330,47,4,,1,20,,251331,47,4,,1,60,,251332,47,4,,1,20,,251333,47,4,,1,20,,251334,47,4,,1,60,,251335,47,4,,1,24,,251344,47,4,,1,16,,251317,47,4,,1,15,,251336,47,4,,1,55,,251337,47,4,,1,15,,251338,47,4,,1,15,,251307,47,4,,1,15,,251308,47,4,,1,55,,251309,47,4,,1,15,,251310,47,4,,1,15,,251311,47,4,,1,15,,251312,47,4,,1,60,,251345,47,4,,1,19,,251346,47,4,,1,18,,251313,47,4,,1,69,,251340,47,4,,1,30,,251341,47,4,,1,70,,251342,47,4,,1,30,,251343,47,4,,1,70,,251314,47,4,,1,30,,251316,47,4,,1,68,,251315,47,4,,1,30,,251339,47,4,,1,100,,251353,47,4,,1,100,,251354,47,4,,1
10701,'107-Weekday-3-26-09-1111100',601,,251357,47,4,,1,31,,251358,47,4,,1,78,,251359,47,4,,1,10,,251378,47,4,,1,10,,251408,47,4,,1,10,,251360,47,4,,1,10,,251379,47,4,,1,50,,251409,47,4,,1,10,,251361,47,4,,1,9,,251380,47,4,,1,4,,251415,47,4,,1,5,,251410,47,4,,1,10,,251362,47,4,,1,5,,251416,47,4,,1,5,,251363,47,4,,1,10,,251411,47,4,,1,51,,251364,47,4,,1,10,,251412,47,4,,1,12,,251407,47,4,,1,13,,251365,47,4,,1,60,,251366,47,4,,1,20,,251381,47,4,,1,20,,251382,47,4,,1,60,,251383,47,4,,1,20,,251384,47,4,,1,20,,251385,47,4,,1,60,,251386,47,4,,1,20,,251387,47,4,,1,20,,251388,47,4,,1,60,,251389,47,4,,1,20,,251390,47,4,,1,20,,251391,47,4,,1,60,,251392,47,4,,1,20,,251393,47,4,,1,20,,251394,47,4,,1,60,,251395,47,4,,1,24,,251404,47,4,,1,16,,251377,47,4,,1,15,,251396,47,4,,1,55,,251397,47,4,,1,15,,251398,47,4,,1,15,,251367,47,4,,1,15,,251368,47,4,,1,55,,251369,47,4,,1,15,,251370,47,4,,1,15,,251371,47,4,,1,15,,251372,47,4,,1,60,,251405,47,4,,1,19,,251406,47,4,,1,18,,251373,47,4,,1,69,,251400,47,4,,1,30,,251401,47,4,,1,70,,251402,47,4,,1,30,,251403,47,4,,1,70,,251374,47,4,,1,30,,251376,47,4,,1,68,,251375,47,4,,1,30,,251399,47,4,,1,100,,251413,47,4,,1,100,,251414,47,4,,1
10701,'107-Weekday-4-26-09-1111100',601,,251417,47,4,,1,31,,251418,47,4,,1,78,,251419,47,4,,1,10,,251438,47,4,,1,10,,251468,47,4,,1,10,,251420,47,4,,1,10,,251439,47,4,,1,50,,251469,47,4,,1,10,,251421,47,4,,1,9,,251440,47,4,,1,9,,251470,47,4,,1,10,,251422,47,4,,1,10,,251423,47,4,,1,10,,251471,47,4,,1,51,,251424,47,4,,1,10,,251472,47,4,,1,12,,251467,47,4,,1,13,,251425,47,4,,1,60,,251426,47,4,,1,20,,251441,47,4,,1,20,,251442,47,4,,1,60,,251443,47,4,,1,20,,251444,47,4,,1,20,,251445,47,4,,1,60,,251446,47,4,,1,20,,251447,47,4,,1,20,,251448,47,4,,1,60,,251449,47,4,,1,20,,251450,47,4,,1,20,,251451,47,4,,1,60,,251452,47,4,,1,20,,251453,47,4,,1,20,,251454,47,4,,1,60,,251455,47,4,,1,24,,251464,47,4,,1,16,,251437,47,4,,1,15,,251456,47,4,,1,55,,251457,47,4,,1,15,,251458,47,4,,1,15,,251427,47,4,,1,15,,251428,47,4,,1,55,,251429,47,4,,1,15,,251430,47,4,,1,15,,251431,47,4,,1,15,,251432,47,4,,1,60,,251465,47,4,,1,19,,251466,47,4,,1,18,,251433,47,4,,1,69,,251460,47,4,,1,30,,251461,47,4,,1,70,,251462,47,4,,1,30,,251463,47,4,,1,70,,251434,47,4,,1,30,,251436,47,4,,1,68,,251435,47,4,,1,30,,251459,47,4,,1,100,,251473,47,4,,1,100,,251474,47,4,,1
10701,'107-Weekday-5-26-09-1111100',601,,251475,47,4,,1,31,,251476,47,4,,1,78,,251477,47,4,,1,10,,251496,47,4,,1,10,,251526,47,4,,1,10,,251478,47,4,,1,10,,251497,47,4,,1,50,,251527,47,4,,1,10,,251479,47,4,,1,9,,251498,47,4,,1,9,,251528,47,4,,1,10,,251480,47,4,,1,10,,251481,47,4,,1,10,,251529,47,4,,1,51,,251482,47,4,,1,10,,251530,47,4,,1,12,,251525,47,4,,1,13,,251483,47,4,,1,60,,251484,47,4,,1,20,,251499,47,4,,1,20,,251500,47,4,,1,60,,251501,47,4,,1,20,,251502,47,4,,1,20,,251503,47,4,,1,60,,251504,47,4,,1,20,,251505,47,4,,1,20,,251506,47,4,,1,60,,251507,47,4,,1,20,,251508,47,4,,1,20,,251509,47,4,,1,60,,251510,47,4,,1,20,,251511,47,4,,1,20,,251512,47,4,,1,60,,251513,47,4,,1,24,,251522,47,4,,1,16,,251495,47,4,,1,15,,251514,47,4,,1,55,,251515,47,4,,1,15,,251516,47,4,,1,15,,251485,47,4,,1,15,,251486,47,4,,1,55,,251487,47,4,,1,15,,251488,47,4,,1,15,,251489,47,4,,1,15,,251490,47,4,,1,60,,251523,47,4,,1,19,,251524,47,4,,1,18,,251491,47,4,,1,69,,251518,47,4,,1,30,,251519,47,4,,1,70,,251520,47,4,,1,30,,251521,47,4,,1,70,,251492,47,4,,1,30,,251494,47,4,,1,68,,251493,47,4,,1,30,,251517,47,4,,1,100,,251531,47,4,,1,100,,251532,47,4,,1
10701,'107-Weekday-6-26-09-1111100',601,,251533,47,4,,1,31,,251534,47,4,,1,78,,251535,47,4,,1,10,,251554,47,4,,1,10,,251584,47,4,,1,10,,251536,47,4,,1,10,,251555,47,4,,1,50,,251585,47,4,,1,10,,251537,47,4,,1,9,,251556,47,4,,1,4,,251591,47,4,,1,5,,251586,47,4,,1,10,,251538,47,4,,1,5,,251592,47,4,,1,5,,251539,47,4,,1,10,,251587,47,4,,1,51,,251540,47,4,,1,10,,251588,47,4,,1,12,,251583,47,4,,1,13,,251541,47,4,,1,60,,251542,47,4,,1,20,,251557,47,4,,1,20,,251558,47,4,,1,60,,251559,47,4,,1,20,,251560,47,4,,1,20,,251561,47,4,,1,60,,251562,47,4,,1,20,,251563,47,4,,1,20,,251564,47,4,,1,60,,251565,47,4,,1,20,,251566,47,4,,1,20,,251567,47,4,,1,60,,251568,47,4,,1,20,,251569,47,4,,1,20,,251570,47,4,,1,60,,251571,47,4,,1,24,,251580,47,4,,1,16,,251553,47,4,,1,15,,251572,47,4,,1,55,,251573,47,4,,1,15,,251574,47,4,,1,15,,251543,47,4,,1,15,,251544,47,4,,1,55,,251545,47,4,,1,15,,251546,47,4,,1,15,,251547,47,4,,1,15,,251548,47,4,,1,60,,251581,47,4,,1,19,,251582,47,4,,1,18,,251549,47,4,,1,69,,251576,47,4,,1,30,,251577,47,4,,1,70,,251578,47,4,,1,30,,251579,47,4,,1,70,,251550,47,4,,1,30,,251552,47,4,,1,68,,251551,47,4,,1,30,,251575,47,4,,1,100,,251589,47,4,,1,100,,251590,47,4,,1
10701,'107-Weekday-7-26-09-1111100',601,,251593,47,4,,1,31,,251594,47,4,,1,78,,251595,47,4,,1,10,,251614,47,4,,1,10,,251644,47,4,,1,10,,251596,47,4,,1,10,,251615,47,4,,1,50,,251645,47,4,,1,10,,251597,47,4,,1,9,,251616,47,4,,1,9,,251646,47,4,,1,10,,251598,47,4,,1,10,,251599,47,4,,1,10,,251647,47,4,,1,51,,251600,47,4,,1,10,,251648,47,4,,1,12,,251643,47,4,,1,13,,251601,47,4,,1,60,,251602,47,4,,1,20,,251617,47,4,,1,20,,251618,47,4,,1,60,,251619,47,4,,1,20,,251620,47,4,,1,20,,251621,47,4,,1,60,,251622,47,4,,1,20,,251623,47,4,,1,20,,251624,47,4,,1,60,,251625,47,4,,1,20,,251626,47,4,,1,20,,251627,47,4,,1,60,,251628,47,4,,1,20,,251629,47,4,,1,20,,251630,47,4,,1,60,,251631,47,4,,1,24,,251640,47,4,,1,16,,251613,47,4,,1,15,,251632,47,4,,1,55,,251633,47,4,,1,15,,251634,47,4,,1,15,,251603,47,4,,1,15,,251604,47,4,,1,55,,251605,47,4,,1,15,,251606,47,4,,1,15,,251607,47,4,,1,15,,251608,47,4,,1,60,,251641,47,4,,1,19,,251642,47,4,,1,18,,251609,47,4,,1,69,,251636,47,4,,1,30,,251637,47,4,,1,70,,251638,47,4,,1,30,,251639,47,4,,1,70,,251610,47,4,,1,30,,251612,47,4,,1,68,,251611,47,4,,1,30,,251635,47,4,,1,100,,251649,47,4,,1,100,,251650,47,4,,1
10701,'107-Saturday-1-26-09-0000010',624,,251674,47,4,,1,100,,251675,47,4,,1,100,,251676,47,4,,1,30,,251677,47,4,,1,71,,251651,47,4,,1,31,,251654,47,4,,1,70,,251655,47,4,,1,30,,251656,47,4,,1,70,,251657,47,4,,1,30,,251658,47,4,,1,70,,251659,47,4,,1,30,,251660,47,4,,1,72,,251661,47,4,,1,30,,251662,47,4,,1,70,,251663,47,4,,1,30,,251664,47,4,,1,70,,251665,47,4,,1,30,,251666,47,4,,1,70,,251667,47,4,,1,30,,251668,47,4,,1,68,,251652,47,4,,1,28,,251653,47,4,,1,70,,251669,47,4,,1,30,,251678,47,4,,1,70,,251679,47,4,,1,30,,251680,47,4,,1,70,,251681,47,4,,1,100,,251670,47,4,,1,100,,251671,47,4,,1,100,,251672,47,4,,1,100,,251673,47,4,,1
10701,'107-Sunday-1-26-09-0000001',611,,251709,47,4,,1,100,,251702,47,4,,1,100,,251703,47,4,,1,100,,251683,47,4,,1,103,,251682,47,4,,1,100,,251684,47,4,,1,30,,251685,47,4,,1,70,,251686,47,4,,1,30,,251687,47,4,,1,70,,251688,47,4,,1,30,,251689,47,4,,1,70,,251690,47,4,,1,30,,251691,47,4,,1,70,,251692,47,4,,1,30,,251693,47,4,,1,70,,251694,47,4,,1,30,,251695,47,4,,1,70,,251696,47,4,,1,29,,251697,47,4,,1,70,,251698,47,4,,1,30,,251699,47,4,,1,70,,251700,47,4,,1,30,,251701,47,4,,1,70,,251704,47,4,,1,100,,251705,47,4,,1,100,,251706,47,4,,1,100,,251707,47,4,,1,100,,251708,47,4,,1
