700,'007-Weekday-1-26-06-1111100',509,,164426,4,,,1,20,,164427,4,,,1,20,,164428,4,,,1,64,,164496,4,,,1,13,,164429,4,,,1,13,,164497,4,,,1,12,,164430,4,,,1,52,,164498,4,,,1,12,,164431,4,,,1,12,,164499,4,,,1,12,,164432,4,,,1,12,,164500,4,,,1,52,,164501,4,,,1,12,,164433,4,,,1,11,,164510,4,,,1,12,,164509,4,,,1,12,,164434,4,,,1,52,,164491,4,,,1,11,,164435,4,,,1,12,,164436,4,,,1,12,,164437,4,,,1,12,,164438,4,,,1,52,,164492,4,,,1,12,,164439,4,,,1,12,,164440,4,,,1,12,,164441,4,,,1,12,,164442,4,,,1,52,,164493,4,,,1,12,,164443,4,,,1,12,,164444,4,,,1,12,,164445,4,,,1,12,,164446,4,,,1,52,,164490,4,,,1,12,,164447,4,,,1,12,,164448,4,,,1,12,,164449,4,,,1,12,,164450,4,,,1,52,,164489,4,,,1,12,,164451,4,,,1,12,,164452,4,,,1,12,,164453,4,,,1,12,,164454,4,,,1,52,,164488,4,,,1,12,,164455,4,,,1,12,,164456,4,,,1,12,,164457,4,,,1,12,,164502,4,,,1,52,,164458,4,,,1,12,,164503,4,,,1,12,,164459,4,,,1,12,,164460,4,,,1,12,,164504,4,,,1,52,,164505,4,,,1,12,,164461,4,,,1,12,,164506,4,,,1,12,,164462,4,,,1,12,,164507,4,,,1,52,,164463,4,,,1,12,,164464,4,,,1,12,,164494,4,,,1,12,,164495,4,,,1,12,,164465,4,,,1,55,,164466,4,,,1,15,,164467,4,,,1,15,,164468,4,,,1,15,,164469,4,,,1,55,,164470,4,,,1,15,,164471,4,,,1,15,,164472,4,,,1,15,,164473,4,,,1,55,,164474,4,,,1,15,,164475,4,,,1,15,,164476,4,,,1,15,,164477,4,,,1,55,,164478,4,,,1,15,,164479,4,,,1,15,,164480,4,,,1,17,,164508,4,,,1,58,,164511,4,,,1,20,,164481,4,,,1,20,,164482,4,,,1,59,,164483,4,,,1,20,,164484,4,,,1,20,,164485,4,,,1,60,,164486,4,,,1,20,,164487,4,,,1
700,'007-Weekday-2-26-06-1111100',509,,190367,4,,,1,20,,190368,4,,,1,20,,190369,4,,,1,64,,190437,4,,,1,13,,190370,4,,,1,13,,190438,4,,,1,12,,190371,4,,,1,52,,190439,4,,,1,12,,190372,4,,,1,12,,190440,4,,,1,12,,190373,4,,,1,12,,190441,4,,,1,52,,190442,4,,,1,12,,190374,4,,,1,11,,190451,4,,,1,12,,190450,4,,,1,12,,190375,4,,,1,52,,190432,4,,,1,11,,190376,4,,,1,12,,190377,4,,,1,12,,190378,4,,,1,12,,190379,4,,,1,52,,190433,4,,,1,12,,190380,4,,,1,12,,190381,4,,,1,12,,190382,4,,,1,12,,190383,4,,,1,52,,190434,4,,,1,12,,190384,4,,,1,12,,190385,4,,,1,12,,190386,4,,,1,12,,190387,4,,,1,52,,190431,4,,,1,12,,190388,4,,,1,12,,190389,4,,,1,12,,190390,4,,,1,12,,190391,4,,,1,52,,190430,4,,,1,12,,190392,4,,,1,12,,190393,4,,,1,12,,190394,4,,,1,12,,190395,4,,,1,52,,190429,4,,,1,12,,190396,4,,,1,12,,190397,4,,,1,12,,190398,4,,,1,12,,190443,4,,,1,52,,190399,4,,,1,12,,190444,4,,,1,12,,190400,4,,,1,12,,190401,4,,,1,12,,190445,4,,,1,52,,190446,4,,,1,12,,190402,4,,,1,12,,190447,4,,,1,12,,190403,4,,,1,12,,190448,4,,,1,52,,190404,4,,,1,12,,190405,4,,,1,12,,190435,4,,,1,12,,190436,4,,,1,12,,190406,4,,,1,55,,190407,4,,,1,15,,190408,4,,,1,15,,190409,4,,,1,15,,190410,4,,,1,55,,190411,4,,,1,15,,190412,4,,,1,15,,190413,4,,,1,15,,190414,4,,,1,55,,190415,4,,,1,15,,190416,4,,,1,15,,190417,4,,,1,15,,190418,4,,,1,55,,190419,4,,,1,15,,190420,4,,,1,15,,190421,4,,,1,17,,190449,4,,,1,58,,190452,4,,,1,20,,190422,4,,,1,20,,190423,4,,,1,59,,190424,4,,,1,20,,190425,4,,,1,20,,190426,4,,,1,60,,190427,4,,,1,20,,190428,4,,,1
700,'007-Saturday-1-26-06-0000010',515,,164512,4,,,1,20,,164513,4,,,1,20,,164514,4,,,1,60,,164515,4,,,1,20,,164516,4,,,1,20,,164517,4,,,1,60,,164518,4,,,1,20,,164519,4,,,1,20,,164520,4,,,1,55,,164521,4,,,1,15,,164522,4,,,1,15,,164523,4,,,1,15,,164524,4,,,1,55,,164525,4,,,1,15,,164526,4,,,1,15,,164527,4,,,1,15,,164528,4,,,1,55,,164529,4,,,1,15,,164530,4,,,1,15,,164531,4,,,1,15,,164532,4,,,1,55,,164533,4,,,1,15,,164534,4,,,1,15,,164535,4,,,1,15,,164536,4,,,1,55,,164537,4,,,1,15,,164538,4,,,1,15,,164539,4,,,1,15,,164540,4,,,1,55,,164541,4,,,1,15,,164542,4,,,1,15,,164543,4,,,1,15,,164544,4,,,1,55,,164545,4,,,1,15,,164546,4,,,1,15,,164547,4,,,1,15,,164548,4,,,1,55,,164549,4,,,1,15,,164550,4,,,1,15,,164551,4,,,1,15,,164552,4,,,1,55,,164553,4,,,1,15,,164554,4,,,1,15,,164555,4,,,1,15,,164556,4,,,1,55,,164557,4,,,1,15,,164558,4,,,1,15,,164559,4,,,1,15,,164560,4,,,1,55,,164561,4,,,1,15,,164562,4,,,1,15,,164563,4,,,1,15,,164564,4,,,1,60,,164565,4,,,1,20,,164566,4,,,1,20,,164567,4,,,1,60,,164568,4,,,1,20,,164569,4,,,1,20,,164570,4,,,1,60,,164571,4,,,1,20,,164572,4,,,1,20,,164573,4,,,1,60,,164574,4,,,1,20,,164575,4,,,1,20,,164576,4,,,1,60,,164577,4,,,1,20,,164578,4,,,1,20,,164579,4,,,1,60,,164580,4,,,1,20,,164581,4,,,1
700,'007-Saturday-2-26-06-0000010',515,,206454,4,,,1,20,,206455,4,,,1,20,,206456,4,,,1,60,,206457,4,,,1,20,,206458,4,,,1,20,,206459,4,,,1,60,,206460,4,,,1,20,,206461,4,,,1,20,,206462,4,,,1,55,,206463,4,,,1,15,,206464,4,,,1,15,,206465,4,,,1,15,,206466,4,,,1,55,,206467,4,,,1,15,,206468,4,,,1,15,,206469,4,,,1,15,,206470,4,,,1,55,,206471,4,,,1,15,,206472,4,,,1,15,,206473,4,,,1,15,,206474,4,,,1,55,,206475,4,,,1,15,,206476,4,,,1,15,,206477,4,,,1,15,,206478,4,,,1,55,,206479,4,,,1,15,,206480,4,,,1,15,,206481,4,,,1,15,,206482,4,,,1,55,,206483,4,,,1,15,,206484,4,,,1,15,,206485,4,,,1,15,,206486,4,,,1,55,,206487,4,,,1,15,,206488,4,,,1,15,,206489,4,,,1,15,,206490,4,,,1,55,,206491,4,,,1,15,,206492,4,,,1,15,,206493,4,,,1,15,,206494,4,,,1,55,,206495,4,,,1,15,,206496,4,,,1,15,,206497,4,,,1,15,,206498,4,,,1,55,,206499,4,,,1,15,,206500,4,,,1,15,,206501,4,,,1,15,,206502,4,,,1,55,,206503,4,,,1,15,,206504,4,,,1,15,,206505,4,,,1,15,,206506,4,,,1,60,,206507,4,,,1,20,,206508,4,,,1,20,,206509,4,,,1,60,,206510,4,,,1,20,,206511,4,,,1,20,,206512,4,,,1,60,,206513,4,,,1,20,,206514,4,,,1,20,,206515,4,,,1,60,,206516,4,,,1,20,,206517,4,,,1,20,,206518,4,,,1,60,,206519,4,,,1,20,,206520,4,,,1,20,,206521,4,,,1,60,,206522,4,,,1,20,,206523,4,,,1
700,'007-Sunday-3-26-06-0000001',606,,190453,4,,,1,20,,190454,4,,,1,20,,190455,4,,,1,60,,190456,4,,,1,20,,190457,4,,,1,20,,190458,4,,,1,60,,190459,4,,,1,20,,190460,4,,,1,20,,190461,4,,,1,60,,190462,4,,,1,20,,190463,4,,,1,20,,190464,4,,,1,60,,190465,4,,,1,20,,190466,4,,,1,15,,190467,4,,,1,15,,190468,4,,,1,55,,190469,4,,,1,15,,190470,4,,,1,15,,190471,4,,,1,15,,190472,4,,,1,55,,190473,4,,,1,15,,190474,4,,,1,15,,190475,4,,,1,15,,190476,4,,,1,55,,190477,4,,,1,15,,190478,4,,,1,15,,190479,4,,,1,15,,190480,4,,,1,55,,190481,4,,,1,15,,190482,4,,,1,15,,190483,4,,,1,15,,190484,4,,,1,55,,190485,4,,,1,15,,190486,4,,,1,15,,190487,4,,,1,15,,190488,4,,,1,55,,190489,4,,,1,15,,190490,4,,,1,15,,190491,4,,,1,15,,190492,4,,,1,55,,190493,4,,,1,15,,190494,4,,,1,15,,190495,4,,,1,15,,190496,4,,,1,55,,190497,4,,,1,15,,190498,4,,,1,15,,190499,4,,,1,15,,190500,4,,,1,60,,190501,4,,,1,20,,190502,4,,,1,20,,190503,4,,,1,60,,190504,4,,,1,20,,190505,4,,,1,20,,190506,4,,,1,60,,190507,4,,,1,20,,190508,4,,,1,20,,190509,4,,,1,60,,190510,4,,,1,20,,190511,4,,,1,20,,190512,4,,,1,60,,190513,4,,,1,20,,190514,4,,,1,20,,190515,4,,,1
700,'007-Sunday-4-26-06-0000001',606,,206524,4,,,1,20,,206525,4,,,1,20,,206526,4,,,1,60,,206527,4,,,1,20,,206528,4,,,1,20,,206529,4,,,1,60,,206530,4,,,1,20,,206531,4,,,1,20,,206532,4,,,1,60,,206533,4,,,1,20,,206534,4,,,1,20,,206535,4,,,1,60,,206536,4,,,1,20,,206537,4,,,1,15,,206538,4,,,1,15,,206539,4,,,1,55,,206540,4,,,1,15,,206541,4,,,1,15,,206542,4,,,1,15,,206543,4,,,1,55,,206544,4,,,1,15,,206545,4,,,1,15,,206546,4,,,1,15,,206547,4,,,1,55,,206548,4,,,1,15,,206549,4,,,1,15,,206550,4,,,1,15,,206551,4,,,1,55,,206552,4,,,1,15,,206553,4,,,1,15,,206554,4,,,1,15,,206555,4,,,1,55,,206556,4,,,1,15,,206557,4,,,1,15,,206558,4,,,1,15,,206559,4,,,1,55,,206560,4,,,1,15,,206561,4,,,1,15,,206562,4,,,1,15,,206563,4,,,1,55,,206564,4,,,1,15,,206565,4,,,1,15,,206566,4,,,1,15,,206567,4,,,1,55,,206568,4,,,1,15,,206569,4,,,1,15,,206570,4,,,1,15,,206571,4,,,1,60,,206572,4,,,1,20,,206573,4,,,1,20,,206574,4,,,1,60,,206575,4,,,1,20,,206576,4,,,1,20,,206577,4,,,1,60,,206578,4,,,1,20,,206579,4,,,1,20,,206580,4,,,1,60,,206581,4,,,1,20,,206582,4,,,1,20,,206583,4,,,1,60,,206584,4,,,1,20,,206585,4,,,1,20,,206586,4,,,1
700,'007-Sunday-7-26-06-0000001',606,,206587,4,,,1,20,,206588,4,,,1,20,,206589,4,,,1,60,,206590,4,,,1,20,,206591,4,,,1,20,,206592,4,,,1,60,,206593,4,,,1,20,,206594,4,,,1,20,,206595,4,,,1,60,,206596,4,,,1,20,,206597,4,,,1,20,,206598,4,,,1,60,,206599,4,,,1,20,,206600,4,,,1,15,,206601,4,,,1,15,,206602,4,,,1,55,,206603,4,,,1,15,,206604,4,,,1,15,,206605,4,,,1,15,,206606,4,,,1,55,,206607,4,,,1,15,,206608,4,,,1,15,,206609,4,,,1,15,,206610,4,,,1,55,,206611,4,,,1,15,,206612,4,,,1,15,,206613,4,,,1,15,,206614,4,,,1,55,,206615,4,,,1,15,,206616,4,,,1,15,,206617,4,,,1,15,,206618,4,,,1,55,,206619,4,,,1,15,,206620,4,,,1,15,,206621,4,,,1,15,,206622,4,,,1,55,,206623,4,,,1,15,,206624,4,,,1,15,,206625,4,,,1,15,,206626,4,,,1,55,,206627,4,,,1,15,,206628,4,,,1,15,,206629,4,,,1,15,,206630,4,,,1,55,,206631,4,,,1,15,,206632,4,,,1,15,,206633,4,,,1,15,,206634,4,,,1,60,,206635,4,,,1,20,,206636,4,,,1,20,,206637,4,,,1,60,,206638,4,,,1,20,,206639,4,,,1,20,,206640,4,,,1,60,,206641,4,,,1,20,,206642,4,,,1,20,,206643,4,,,1,60,,206644,4,,,1,20,,206645,4,,,1,20,,206646,4,,,1,60,,206647,4,,,1,20,,206648,4,,,1,20,,206649,4,,,1
700,'007-Sunday-8-26-06-0000001',606,,206650,4,,,1,20,,206651,4,,,1,20,,206652,4,,,1,60,,206653,4,,,1,20,,206654,4,,,1,20,,206655,4,,,1,60,,206656,4,,,1,20,,206657,4,,,1,20,,206658,4,,,1,60,,206659,4,,,1,20,,206660,4,,,1,20,,206661,4,,,1,60,,206662,4,,,1,20,,206663,4,,,1,15,,206664,4,,,1,15,,206665,4,,,1,55,,206666,4,,,1,15,,206667,4,,,1,15,,206668,4,,,1,15,,206669,4,,,1,55,,206670,4,,,1,15,,206671,4,,,1,15,,206672,4,,,1,15,,206673,4,,,1,55,,206674,4,,,1,15,,206675,4,,,1,15,,206676,4,,,1,15,,206677,4,,,1,55,,206678,4,,,1,15,,206679,4,,,1,15,,206680,4,,,1,15,,206681,4,,,1,55,,206682,4,,,1,15,,206683,4,,,1,15,,206684,4,,,1,15,,206685,4,,,1,55,,206686,4,,,1,15,,206687,4,,,1,15,,206688,4,,,1,15,,206689,4,,,1,55,,206690,4,,,1,15,,206691,4,,,1,15,,206692,4,,,1,15,,206693,4,,,1,55,,206694,4,,,1,15,,206695,4,,,1,15,,206696,4,,,1,15,,206697,4,,,1,60,,206698,4,,,1,20,,206699,4,,,1,20,,206700,4,,,1,60,,206701,4,,,1,20,,206702,4,,,1,20,,206703,4,,,1,60,,206704,4,,,1,20,,206705,4,,,1,20,,206706,4,,,1,60,,206707,4,,,1,20,,206708,4,,,1,20,,206709,4,,,1,60,,206710,4,,,1,20,,206711,4,,,1,20,,206712,4,,,1
91500,'915-Weekday-1-26-06-1111100',539,,184546,15,,,1,70,,184547,15,,,1,33,,184589,15,,,1,15,,184548,15,,,1,55,,184587,15,,,1,15,,184549,15,,,1,15,,184550,15,,,1,15,,184551,15,,,1,55,,184552,15,,,1,15,,184553,15,,,1,14,,184588,15,,,1,69,,184554,15,,,1,30,,184555,15,,,1,70,,184556,15,,,1,30,,184557,15,,,1,70,,184558,15,,,1,30,,184559,15,,,1,70,,184560,15,,,1,30,,184561,15,,,1,70,,184562,15,,,1,30,,184563,15,,,1,70,,184564,15,,,1,30,,184565,15,,,1,74,,184566,15,,,1,15,,184567,15,,,1,15,,184568,15,,,1,15,,184569,15,,,1,55,,184570,15,,,1,15,,184571,15,,,1,15,,184572,15,,,1,15,,184573,15,,,1,55,,184574,15,,,1,15,,184575,15,,,1,14,,184584,15,,,1,70,,184576,15,,,1,26,,184577,15,,,1,70,,184578,15,,,1,30,,184579,15,,,1,70,,184580,15,,,1,30,,184581,15,,,1,70,,184582,15,,,1,30,,184583,15,,,1,69,,184590,15,,,1,100,,184585,15,,,1,100,,184586,15,,,1
91500,'915-Weekday-6-26-06-1111100',539,,201297,15,,,1,70,,201298,15,,,1,33,,201340,15,,,1,15,,201299,15,,,1,55,,201338,15,,,1,15,,201300,15,,,1,15,,201301,15,,,1,15,,201302,15,,,1,55,,201303,15,,,1,15,,201304,15,,,1,14,,201339,15,,,1,69,,201305,15,,,1,30,,201306,15,,,1,70,,201307,15,,,1,30,,201308,15,,,1,70,,201309,15,,,1,30,,201310,15,,,1,70,,201311,15,,,1,30,,201312,15,,,1,70,,201313,15,,,1,30,,201314,15,,,1,70,,201315,15,,,1,30,,201316,15,,,1,74,,201317,15,,,1,15,,201318,15,,,1,15,,201319,15,,,1,15,,201320,15,,,1,55,,201321,15,,,1,15,,201322,15,,,1,15,,201323,15,,,1,15,,201324,15,,,1,55,,201325,15,,,1,15,,201326,15,,,1,14,,201335,15,,,1,70,,201327,15,,,1,26,,201328,15,,,1,70,,201329,15,,,1,30,,201330,15,,,1,70,,201331,15,,,1,30,,201332,15,,,1,70,,201333,15,,,1,30,,201334,15,,,1,69,,201341,15,,,1,100,,201336,15,,,1,100,,201337,15,,,1
91500,'915-Saturday-1-26-06-0000010',557,,184591,15,,,1,100,,184592,15,,,1,100,,184593,15,,,1,70,,184594,15,,,1,30,,184595,15,,,1,72,,184596,15,,,1,30,,184597,15,,,1,70,,184598,15,,,1,30,,184599,15,,,1,70,,184600,15,,,1,30,,184601,15,,,1,70,,184602,15,,,1,30,,184603,15,,,1,70,,184604,15,,,1,30,,184605,15,,,1,70,,184606,15,,,1,30,,184607,15,,,1,70,,184608,15,,,1,30,,184609,15,,,1,70,,184610,15,,,1,30,,184611,15,,,1,70,,184612,15,,,1,30,,184613,15,,,1,70,,184614,15,,,1,30,,184615,15,,,1,70,,184616,15,,,1,30,,184617,15,,,1,70,,184618,15,,,1,30,,184619,15,,,1,70,,184620,15,,,1,30,,184621,15,,,1,100,,184622,15,,,1,100,,184623,15,,,1
91500,'915-Saturday-3-26-06-0000010',557,,223704,15,,,1,100,,223705,15,,,1,100,,223706,15,,,1,70,,223707,15,,,1,30,,223708,15,,,1,72,,223709,15,,,1,30,,223710,15,,,1,70,,223711,15,,,1,30,,223712,15,,,1,70,,223713,15,,,1,30,,223714,15,,,1,70,,223715,15,,,1,30,,223716,15,,,1,70,,223717,15,,,1,30,,223718,15,,,1,70,,223719,15,,,1,30,,223720,15,,,1,70,,223721,15,,,1,30,,223722,15,,,1,70,,223723,15,,,1,30,,223724,15,,,1,70,,223725,15,,,1,30,,223726,15,,,1,70,,223727,15,,,1,30,,223728,15,,,1,70,,223729,15,,,1,30,,223730,15,,,1,70,,223731,15,,,1,30,,223732,15,,,1,70,,223733,15,,,1,30,,223734,15,,,1,100,,223735,15,,,1,100,,223736,15,,,1
91500,'915-Sunday-2-26-06-0000001',626,,201342,15,,,1,100,,201343,15,,,1,100,,201344,15,,,1,103,,201345,15,,,1,101,,201346,15,,,1,75,,201347,15,,,1,30,,201348,15,,,1,70,,201349,15,,,1,30,,201350,15,,,1,70,,201351,15,,,1,30,,201352,15,,,1,70,,201353,15,,,1,30,,201354,15,,,1,70,,201355,15,,,1,30,,201356,15,,,1,70,,201357,15,,,1,30,,201358,15,,,1,70,,201359,15,,,1,30,,201360,15,,,1,70,,201361,15,,,1,28,,201362,15,,,1,70,,201363,15,,,1,30,,201364,15,,,1,70,,201365,15,,,1,30,,201366,15,,,1,70,,201367,15,,,1,30,,201368,15,,,1,96,,201369,15,,,1,100,,201370,15,,,1,100,,201371,15,,,1
91500,'915-Sunday-3-26-06-0000001',626,,223737,15,,,1,100,,223738,15,,,1,100,,223739,15,,,1,103,,223740,15,,,1,101,,223741,15,,,1,75,,223742,15,,,1,30,,223743,15,,,1,70,,223744,15,,,1,30,,223745,15,,,1,70,,223746,15,,,1,30,,223747,15,,,1,70,,223748,15,,,1,30,,223749,15,,,1,70,,223750,15,,,1,30,,223751,15,,,1,70,,223752,15,,,1,30,,223753,15,,,1,70,,223754,15,,,1,30,,223755,15,,,1,70,,223756,15,,,1,28,,223757,15,,,1,70,,223758,15,,,1,30,,223759,15,,,1,70,,223760,15,,,1,30,,223761,15,,,1,70,,223762,15,,,1,30,,223763,15,,,1,96,,223764,15,,,1,100,,223765,15,,,1,100,,223766,15,,,1
91500,'915-Sunday-6-26-06-0000001',626,,223767,15,,,1,100,,223768,15,,,1,100,,223769,15,,,1,103,,223770,15,,,1,101,,223771,15,,,1,75,,223772,15,,,1,30,,223773,15,,,1,70,,223774,15,,,1,30,,223775,15,,,1,70,,223776,15,,,1,30,,223777,15,,,1,70,,223778,15,,,1,30,,223779,15,,,1,70,,223780,15,,,1,30,,223781,15,,,1,70,,223782,15,,,1,30,,223783,15,,,1,70,,223784,15,,,1,30,,223785,15,,,1,70,,223786,15,,,1,28,,223787,15,,,1,70,,223788,15,,,1,30,,223789,15,,,1,70,,223790,15,,,1,30,,223791,15,,,1,70,,223792,15,,,1,30,,223793,15,,,1,96,,223794,15,,,1,100,,223795,15,,,1,100,,223796,15,,,1
91500,'915-Sunday-7-26-06-0000001',626,,223797,15,,,1,100,,223798,15,,,1,100,,223799,15,,,1,103,,223800,15,,,1,101,,223801,15,,,1,75,,223802,15,,,1,30,,223803,15,,,1,70,,223804,15,,,1,30,,223805,15,,,1,70,,223806,15,,,1,30,,223807,15,,,1,70,,223808,15,,,1,30,,223809,15,,,1,70,,223810,15,,,1,30,,223811,15,,,1,70,,223812,15,,,1,30,,223813,15,,,1,70,,223814,15,,,1,30,,223815,15,,,1,70,,223816,15,,,1,28,,223817,15,,,1,70,,223818,15,,,1,30,,223819,15,,,1,70,,223820,15,,,1,30,,223821,15,,,1,70,,223822,15,,,1,30,,223823,15,,,1,96,,223824,15,,,1,100,,223825,15,,,1,100,,223826,15,,,1
92400,'924-Weekday-1-26-06-1111100',724,,186100,28,,,1,30,,186101,28,,,1,70,,186102,28,,,1,30,,186103,28,,,1,70,,186104,28,,,1,100,,186105,28,,,1,100,,186106,28,,,1,100,,186107,28,,,1,100,,186108,28,,,1,100,,186109,28,,,1,100,,186110,28,,,1,100,,186111,28,,,1,30,,186112,28,,,1,70,,186113,28,,,1,30,,186114,28,,,1,70,,186115,28,,,1,30,,186116,28,,,1
92400,'924-Weekday-2-26-06-1111100',724,,202390,28,,,1,30,,202391,28,,,1,70,,202392,28,,,1,30,,202393,28,,,1,70,,202394,28,,,1,100,,202395,28,,,1,100,,202396,28,,,1,100,,202397,28,,,1,100,,202398,28,,,1,100,,202399,28,,,1,100,,202400,28,,,1,100,,202401,28,,,1,30,,202402,28,,,1,70,,202403,28,,,1,30,,202404,28,,,1,70,,202405,28,,,1,30,,202406,28,,,1
92400,'924-Saturday-1-26-06-0000010',854,,186117,28,,,1,100,,186118,28,,,1,100,,186119,28,,,1,100,,186120,28,,,1,100,,186121,28,,,1,100,,186122,28,,,1,100,,186123,28,,,1,100,,186124,28,,,1,100,,186125,28,,,1,100,,186126,28,,,1,100,,186127,28,,,1
92400,'924-Saturday-2-26-06-0000010',854,,225383,28,,,1,100,,225384,28,,,1,100,,225385,28,,,1,100,,225386,28,,,1,100,,225387,28,,,1,100,,225388,28,,,1,100,,225389,28,,,1,100,,225390,28,,,1,100,,225391,28,,,1,100,,225392,28,,,1,100,,225393,28,,,1
92400,'924-Sunday-2-26-06-0000001',1054,,202407,28,,,1,100,,202408,28,,,1,100,,202409,28,,,1,100,,202410,28,,,1,100,,202411,28,,,1,100,,202412,28,,,1,100,,202413,28,,,1,100,,202414,28,,,1,100,,202415,28,,,1
92400,'924-Sunday-3-26-06-0000001',1054,,225394,28,,,1,100,,225395,28,,,1,100,,225396,28,,,1,100,,225397,28,,,1,100,,225398,28,,,1,100,,225399,28,,,1,100,,225400,28,,,1,100,,225401,28,,,1,100,,225402,28,,,1
92400,'924-Sunday-6-26-06-0000001',1054,,225403,28,,,1,100,,225404,28,,,1,100,,225405,28,,,1,100,,225406,28,,,1,100,,225407,28,,,1,100,,225408,28,,,1,100,,225409,28,,,1,100,,225410,28,,,1,100,,225411,28,,,1
92400,'924-Sunday-7-26-06-0000001',1054,,225412,28,,,1,100,,225413,28,,,1,100,,225414,28,,,1,100,,225415,28,,,1,100,,225416,28,,,1,100,,225417,28,,,1,100,,225418,28,,,1,100,,225419,28,,,1,100,,225420,28,,,1
