65000,'650-Weekday-1-26-09-1111100',759,,273676,26,,,1,42,,273677,26,,,1
65000,'650-Weekday-3-26-09-1111100',759,,273678,26,,,1,42,,273679,26,,,1
65000,'650-Weekday-7-26-09-1111100',759,,273680,26,,,1,42,,273681,26,,,1
72400,'724-Weekday-1-26-09-1111100',612,,288504,26,,,1,32,,288505,26,,,1,70,,288506,26,,,1,30,,288507,26,,,1,70,,288508,26,,,1,30,,288509,26,,,1,668,,288510,26,,,1,30,,288511,26,,,1,70,,288512,26,,,1,30,,288513,26,,,1,70,,288514,26,,,1,30,,288515,26,,,1
72400,'724-Weekday-2-26-09-1111100',612,,288516,26,,,1,32,,288517,26,,,1,70,,288518,26,,,1,30,,288519,26,,,1,70,,288520,26,,,1,30,,288521,26,,,1,668,,288522,26,,,1,30,,288523,26,,,1,70,,288524,26,,,1,30,,288525,26,,,1,70,,288526,26,,,1,30,,288527,26,,,1
72400,'724-Weekday-3-26-09-1111100',612,,288528,26,,,1,32,,288529,26,,,1,70,,288530,26,,,1,30,,288531,26,,,1,70,,288532,26,,,1,30,,288533,26,,,1,668,,288534,26,,,1,30,,288535,26,,,1,70,,288536,26,,,1,30,,288537,26,,,1,70,,288538,26,,,1,30,,288539,26,,,1
72400,'724-Weekday-4-26-09-1111100',612,,288540,26,,,1,32,,288541,26,,,1,70,,288542,26,,,1,30,,288543,26,,,1,70,,288544,26,,,1,30,,288545,26,,,1,668,,288546,26,,,1,30,,288547,26,,,1,70,,288548,26,,,1,30,,288549,26,,,1,70,,288550,26,,,1,30,,288551,26,,,1
72400,'724-Weekday-5-26-09-1111100',612,,288552,26,,,1,32,,288553,26,,,1,70,,288554,26,,,1,30,,288555,26,,,1,70,,288556,26,,,1,30,,288557,26,,,1,668,,288558,26,,,1,30,,288559,26,,,1,70,,288560,26,,,1,30,,288561,26,,,1,70,,288562,26,,,1,30,,288563,26,,,1
72400,'724-Weekday-6-26-09-1111100',612,,288564,26,,,1,32,,288565,26,,,1,70,,288566,26,,,1,30,,288567,26,,,1,70,,288568,26,,,1,30,,288569,26,,,1,668,,288570,26,,,1,30,,288571,26,,,1,70,,288572,26,,,1,30,,288573,26,,,1,70,,288574,26,,,1,30,,288575,26,,,1
72400,'724-Weekday-7-26-09-1111100',612,,288576,26,,,1,32,,288577,26,,,1,70,,288578,26,,,1,30,,288579,26,,,1,70,,288580,26,,,1,30,,288581,26,,,1,668,,288582,26,,,1,30,,288583,26,,,1,70,,288584,26,,,1,30,,288585,26,,,1,70,,288586,26,,,1,30,,288587,26,,,1
