201,'002-Weekday-1-26-06-1111100',451,,161448,9,,,1,60,,161449,9,,,1,26,,161450,9,,,1,20,,161451,9,,,1,54,,161452,9,,,1,12,,161453,9,,,1,13,,161447,9,,,1,12,,161454,9,,,1,52,,161455,9,,,1,12,,161456,9,,,1,12,,161457,9,,,1,12,,161458,9,,,1,12,,161459,9,,,1,52,,161460,9,,,1,12,,161461,9,,,1,12,,161462,9,,,1,12,,161531,9,,,1,12,,161463,9,,,1,54,,161530,9,,,1,15,,161464,9,,,1,15,,161465,9,,,1,15,,161466,9,,,1,55,,161467,9,,,1,15,,161468,9,,,1,15,,161469,9,,,1,15,,161470,9,,,1,55,,161471,9,,,1,15,,161472,9,,,1,15,,161473,9,,,1,15,,161474,9,,,1,55,,161475,9,,,1,15,,161476,9,,,1,15,,161477,9,,,1,15,,161478,9,,,1,55,,161479,9,,,1,15,,161480,9,,,1,15,,161481,9,,,1,15,,161482,9,,,1,55,,161483,9,,,1,15,,161484,9,,,1,15,,161485,9,,,1,14,,161486,9,,,1,11,,161487,9,,,1,53,,161488,9,,,1,12,,161489,9,,,1,12,,161490,9,,,1,12,,161491,9,,,1,13,,161492,9,,,1,54,,161493,9,,,1,12,,161494,9,,,1,12,,161495,9,,,1,15,,161496,9,,,1,55,,161497,9,,,1,15,,161498,9,,,1,15,,161499,9,,,1,15,,161500,9,,,1,55,,161501,9,,,1,15,,161502,9,,,1,14,,161503,9,,,1,16,,161504,9,,,1,59,,161505,9,,,1,18,,161506,9,,,1,15,,161507,9,,,1,15,,161508,9,,,1,55,,161509,9,,,1,15,,161510,9,,,1,15,,161511,9,,,1,15,,161512,9,,,1,55,,161513,9,,,1,15,,161514,9,,,1,15,,161515,9,,,1,15,,161516,9,,,1,54,,161517,9,,,1,14,,161518,9,,,1,13,,161519,9,,,1,60,,161520,9,,,1,20,,161521,9,,,1,20,,161522,9,,,1,19,,161523,9,,,1,68,,161524,9,,,1,30,,161525,9,,,1,70,,161526,28,0,28 41 7 42,1,30,,161527,28,0,28 41 7 42,1,70,,161528,28,0,28 41 7 42,1,30,,161529,28,0,28 41 7 42,1
201,'002-Weekday-2-26-06-1111100',451,,188991,9,,,1,60,,188992,9,,,1,26,,188993,9,,,1,20,,188994,9,,,1,54,,188995,9,,,1,12,,188996,9,,,1,13,,188990,9,,,1,12,,188997,9,,,1,52,,188998,9,,,1,12,,188999,9,,,1,12,,189000,9,,,1,12,,189001,9,,,1,12,,189002,9,,,1,52,,189003,9,,,1,12,,189004,9,,,1,12,,189005,9,,,1,12,,189074,9,,,1,12,,189006,9,,,1,54,,189073,9,,,1,15,,189007,9,,,1,15,,189008,9,,,1,15,,189009,9,,,1,55,,189010,9,,,1,15,,189011,9,,,1,15,,189012,9,,,1,15,,189013,9,,,1,55,,189014,9,,,1,15,,189015,9,,,1,15,,189016,9,,,1,15,,189017,9,,,1,55,,189018,9,,,1,15,,189019,9,,,1,15,,189020,9,,,1,15,,189021,9,,,1,55,,189022,9,,,1,15,,189023,9,,,1,15,,189024,9,,,1,15,,189025,9,,,1,55,,189026,9,,,1,15,,189027,9,,,1,15,,189028,9,,,1,14,,189029,9,,,1,11,,189030,9,,,1,53,,189031,9,,,1,12,,189032,9,,,1,12,,189033,9,,,1,12,,189034,9,,,1,13,,189035,9,,,1,54,,189036,9,,,1,12,,189037,9,,,1,12,,189038,9,,,1,15,,189039,9,,,1,55,,189040,9,,,1,15,,189041,9,,,1,15,,189042,9,,,1,15,,189043,9,,,1,55,,189044,9,,,1,15,,189045,9,,,1,14,,189046,9,,,1,16,,189047,9,,,1,59,,189048,9,,,1,18,,189049,9,,,1,15,,189050,9,,,1,15,,189051,9,,,1,55,,189052,9,,,1,15,,189053,9,,,1,15,,189054,9,,,1,15,,189055,9,,,1,55,,189056,9,,,1,15,,189057,9,,,1,15,,189058,9,,,1,15,,189059,9,,,1,54,,189060,9,,,1,14,,189061,9,,,1,13,,189062,9,,,1,60,,189063,9,,,1,20,,189064,9,,,1,20,,189065,9,,,1,19,,189066,9,,,1,68,,189067,9,,,1,30,,189068,9,,,1,70,,189069,28,0,28 41 7 42,1,30,,189070,28,0,28 41 7 42,1,70,,189071,28,0,28 41 7 42,1,30,,189072,28,0,28 41 7 42,1
201,'002-Saturday-1-26-06-0000010',521,,161607,9,,,1,20,,161533,9,,,1,60,,161532,9,,,1,20,,161534,9,,,1,20,,161535,9,,,1,60,,161536,9,,,1,20,,161537,9,,,1,20,,161538,9,,,1,15,,161539,9,,,1,55,,161540,9,,,1,15,,161541,9,,,1,15,,161542,9,,,1,16,,161543,9,,,1,57,,161544,9,,,1,16,,161545,9,,,1,16,,161546,9,,,1,59,,161547,9,,,1,15,,161548,9,,,1,15,,161549,9,,,1,15,,161550,9,,,1,55,,161551,9,,,1,15,,161552,9,,,1,15,,161553,9,,,1,15,,161554,9,,,1,55,,161555,9,,,1,15,,161556,9,,,1,15,,161557,9,,,1,15,,161558,9,,,1,55,,161559,9,,,1,15,,161560,9,,,1,15,,161561,9,,,1,15,,161562,9,,,1,55,,161563,9,,,1,15,,161564,9,,,1,15,,161565,9,,,1,15,,161567,9,,,1,55,,161568,9,,,1,15,,161569,9,,,1,15,,161566,9,,,1,15,,161570,9,,,1,55,,161571,9,,,1,15,,161572,9,,,1,15,,161573,9,,,1,15,,161574,9,,,1,55,,161575,9,,,1,14,,161576,9,,,1,15,,161577,9,,,1,12,,161578,9,,,1,55,,161579,9,,,1,15,,161580,9,,,1,15,,161581,9,,,1,15,,161582,9,,,1,55,,161583,9,,,1,15,,161584,9,,,1,15,,161585,9,,,1,15,,161586,9,,,1,55,,161587,9,,,1,15,,161588,9,,,1,15,,161589,9,,,1,15,,161590,9,,,1,55,,161591,9,,,1,15,,161592,9,,,1,15,,161593,9,,,1,15,,161594,9,,,1,55,,161595,9,,,1,15,,161596,9,,,1,15,,161597,9,,,1,16,,161598,9,,,1,60,,161599,9,,,1,20,,161600,9,,,1,20,,161602,9,,,1,57,,161608,9,,,1,23,,161609,28,0,28 41 7 42,1,30,,161603,28,0,28 41 7 42,1,70,,161604,28,0,28 41 7 42,1,30,,161601,28,0,28 41 7 42,1,70,,161605,28,0,28 41 7 42,1,30,,161606,28,0,28 41 7 42,1
201,'002-Saturday-2-26-06-0000010',521,,203976,9,,,1,20,,203902,9,,,1,60,,203901,9,,,1,20,,203903,9,,,1,20,,203904,9,,,1,60,,203905,9,,,1,20,,203906,9,,,1,20,,203907,9,,,1,15,,203908,9,,,1,55,,203909,9,,,1,15,,203910,9,,,1,15,,203911,9,,,1,16,,203912,9,,,1,57,,203913,9,,,1,16,,203914,9,,,1,16,,203915,9,,,1,59,,203916,9,,,1,15,,203917,9,,,1,15,,203918,9,,,1,15,,203919,9,,,1,55,,203920,9,,,1,15,,203921,9,,,1,15,,203922,9,,,1,15,,203923,9,,,1,55,,203924,9,,,1,15,,203925,9,,,1,15,,203926,9,,,1,15,,203927,9,,,1,55,,203928,9,,,1,15,,203929,9,,,1,15,,203930,9,,,1,15,,203931,9,,,1,55,,203932,9,,,1,15,,203933,9,,,1,15,,203934,9,,,1,15,,203936,9,,,1,55,,203937,9,,,1,15,,203938,9,,,1,15,,203935,9,,,1,15,,203939,9,,,1,55,,203940,9,,,1,15,,203941,9,,,1,15,,203942,9,,,1,15,,203943,9,,,1,55,,203944,9,,,1,14,,203945,9,,,1,15,,203946,9,,,1,12,,203947,9,,,1,55,,203948,9,,,1,15,,203949,9,,,1,15,,203950,9,,,1,15,,203951,9,,,1,55,,203952,9,,,1,15,,203953,9,,,1,15,,203954,9,,,1,15,,203955,9,,,1,55,,203956,9,,,1,15,,203957,9,,,1,15,,203958,9,,,1,15,,203959,9,,,1,55,,203960,9,,,1,15,,203961,9,,,1,15,,203962,9,,,1,15,,203963,9,,,1,55,,203964,9,,,1,15,,203965,9,,,1,15,,203966,9,,,1,16,,203967,9,,,1,60,,203968,9,,,1,20,,203969,9,,,1,20,,203971,9,,,1,57,,203977,9,,,1,23,,203978,28,0,28 41 7 42,1,30,,203972,28,0,28 41 7 42,1,70,,203973,28,0,28 41 7 42,1,30,,203970,28,0,28 41 7 42,1,70,,203974,28,0,28 41 7 42,1,30,,203975,28,0,28 41 7 42,1
201,'002-Sunday-2-26-06-0000001',547,,189075,9,,,1,60,,189076,9,,,1,16,,189078,9,,,1,20,,189079,9,,,1,60,,189080,9,,,1,20,,189077,9,,,1,20,,189081,9,,,1,60,,189082,9,,,1,20,,189083,9,,,1,20,,189084,9,,,1,61,,189085,9,,,1,20,,189086,9,,,1,20,,189087,9,,,1,60,,189088,9,,,1,24,,189089,9,,,1,20,,189090,9,,,1,55,,189091,9,,,1,15,,189092,9,,,1,15,,189093,9,,,1,15,,189094,9,,,1,55,,189095,9,,,1,15,,189096,9,,,1,15,,189097,9,,,1,15,,189098,9,,,1,55,,189099,9,,,1,15,,189100,9,,,1,15,,189101,9,,,1,15,,189102,9,,,1,55,,189103,9,,,1,15,,189104,9,,,1,15,,189105,9,,,1,15,,189106,9,,,1,55,,189107,9,,,1,15,,189108,9,,,1,15,,189109,9,,,1,15,,189110,9,,,1,55,,189111,9,,,1,15,,189113,9,,,1,15,,189114,9,,,1,15,,189115,9,,,1,55,,189112,9,,,1,15,,189116,9,,,1,13,,189117,9,,,1,15,,189118,9,,,1,55,,189119,9,,,1,15,,189120,9,,,1,15,,189121,9,,,1,15,,189122,9,,,1,55,,189123,9,,,1,15,,189124,9,,,1,15,,189125,9,,,1,15,,189126,9,,,1,55,,189127,9,,,1,15,,189128,9,,,1,15,,189129,9,,,1,15,,189130,9,,,1,55,,189131,9,,,1,15,,189132,9,,,1,15,,189133,9,,,1,15,,189134,9,,,1,57,,189135,9,,,1,15,,189136,9,,,1,15,,189137,9,,,1,20,,189138,9,,,1,60,,189139,9,,,1,20,,189140,9,,,1,68,,189141,9,,,1,26,,189142,28,0,28 41 7 42,1,30,,189143,28,0,28 41 7 42,1,70,,189144,28,0,28 41 7 42,1,30,,189145,28,0,28 41 7 42,1,70,,189146,28,0,28 41 7 42,1,30,,189147,28,0,28 41 7 42,1
201,'002-Sunday-3-26-06-0000001',547,,203979,9,,,1,60,,203980,9,,,1,16,,203982,9,,,1,20,,203983,9,,,1,60,,203984,9,,,1,20,,203981,9,,,1,20,,203985,9,,,1,60,,203986,9,,,1,20,,203987,9,,,1,20,,203988,9,,,1,61,,203989,9,,,1,20,,203990,9,,,1,20,,203991,9,,,1,60,,203992,9,,,1,24,,203993,9,,,1,20,,203994,9,,,1,55,,203995,9,,,1,15,,203996,9,,,1,15,,203997,9,,,1,15,,203998,9,,,1,55,,203999,9,,,1,15,,204000,9,,,1,15,,204001,9,,,1,15,,204002,9,,,1,55,,204003,9,,,1,15,,204004,9,,,1,15,,204005,9,,,1,15,,204006,9,,,1,55,,204007,9,,,1,15,,204008,9,,,1,15,,204009,9,,,1,15,,204010,9,,,1,55,,204011,9,,,1,15,,204012,9,,,1,15,,204013,9,,,1,15,,204014,9,,,1,55,,204015,9,,,1,15,,204017,9,,,1,15,,204018,9,,,1,15,,204019,9,,,1,55,,204016,9,,,1,15,,204020,9,,,1,13,,204021,9,,,1,15,,204022,9,,,1,55,,204023,9,,,1,15,,204024,9,,,1,15,,204025,9,,,1,15,,204026,9,,,1,55,,204027,9,,,1,15,,204028,9,,,1,15,,204029,9,,,1,15,,204030,9,,,1,55,,204031,9,,,1,15,,204032,9,,,1,15,,204033,9,,,1,15,,204034,9,,,1,55,,204035,9,,,1,15,,204036,9,,,1,15,,204037,9,,,1,15,,204038,9,,,1,57,,204039,9,,,1,15,,204040,9,,,1,15,,204041,9,,,1,20,,204042,9,,,1,60,,204043,9,,,1,20,,204044,9,,,1,68,,204045,9,,,1,26,,204046,28,0,28 41 7 42,1,30,,204047,28,0,28 41 7 42,1,70,,204048,28,0,28 41 7 42,1,30,,204049,28,0,28 41 7 42,1,70,,204050,28,0,28 41 7 42,1,30,,204051,28,0,28 41 7 42,1
201,'002-Sunday-6-26-06-0000001',547,,204052,9,,,1,60,,204053,9,,,1,16,,204055,9,,,1,20,,204056,9,,,1,60,,204057,9,,,1,20,,204054,9,,,1,20,,204058,9,,,1,60,,204059,9,,,1,20,,204060,9,,,1,20,,204061,9,,,1,61,,204062,9,,,1,20,,204063,9,,,1,20,,204064,9,,,1,60,,204065,9,,,1,24,,204066,9,,,1,20,,204067,9,,,1,55,,204068,9,,,1,15,,204069,9,,,1,15,,204070,9,,,1,15,,204071,9,,,1,55,,204072,9,,,1,15,,204073,9,,,1,15,,204074,9,,,1,15,,204075,9,,,1,55,,204076,9,,,1,15,,204077,9,,,1,15,,204078,9,,,1,15,,204079,9,,,1,55,,204080,9,,,1,15,,204081,9,,,1,15,,204082,9,,,1,15,,204083,9,,,1,55,,204084,9,,,1,15,,204085,9,,,1,15,,204086,9,,,1,15,,204087,9,,,1,55,,204088,9,,,1,15,,204090,9,,,1,15,,204091,9,,,1,15,,204092,9,,,1,55,,204089,9,,,1,15,,204093,9,,,1,13,,204094,9,,,1,15,,204095,9,,,1,55,,204096,9,,,1,15,,204097,9,,,1,15,,204098,9,,,1,15,,204099,9,,,1,55,,204100,9,,,1,15,,204101,9,,,1,15,,204102,9,,,1,15,,204103,9,,,1,55,,204104,9,,,1,15,,204105,9,,,1,15,,204106,9,,,1,15,,204107,9,,,1,55,,204108,9,,,1,15,,204109,9,,,1,15,,204110,9,,,1,15,,204111,9,,,1,57,,204112,9,,,1,15,,204113,9,,,1,15,,204114,9,,,1,20,,204115,9,,,1,60,,204116,9,,,1,20,,204117,9,,,1,68,,204118,9,,,1,26,,204119,28,0,28 41 7 42,1,30,,204120,28,0,28 41 7 42,1,70,,204121,28,0,28 41 7 42,1,30,,204122,28,0,28 41 7 42,1,70,,204123,28,0,28 41 7 42,1,30,,204124,28,0,28 41 7 42,1
201,'002-Sunday-7-26-06-0000001',547,,204125,9,,,1,60,,204126,9,,,1,16,,204128,9,,,1,20,,204129,9,,,1,60,,204130,9,,,1,20,,204127,9,,,1,20,,204131,9,,,1,60,,204132,9,,,1,20,,204133,9,,,1,20,,204134,9,,,1,61,,204135,9,,,1,20,,204136,9,,,1,20,,204137,9,,,1,60,,204138,9,,,1,24,,204139,9,,,1,20,,204140,9,,,1,55,,204141,9,,,1,15,,204142,9,,,1,15,,204143,9,,,1,15,,204144,9,,,1,55,,204145,9,,,1,15,,204146,9,,,1,15,,204147,9,,,1,15,,204148,9,,,1,55,,204149,9,,,1,15,,204150,9,,,1,15,,204151,9,,,1,15,,204152,9,,,1,55,,204153,9,,,1,15,,204154,9,,,1,15,,204155,9,,,1,15,,204156,9,,,1,55,,204157,9,,,1,15,,204158,9,,,1,15,,204159,9,,,1,15,,204160,9,,,1,55,,204161,9,,,1,15,,204163,9,,,1,15,,204164,9,,,1,15,,204165,9,,,1,55,,204162,9,,,1,15,,204166,9,,,1,13,,204167,9,,,1,15,,204168,9,,,1,55,,204169,9,,,1,15,,204170,9,,,1,15,,204171,9,,,1,15,,204172,9,,,1,55,,204173,9,,,1,15,,204174,9,,,1,15,,204175,9,,,1,15,,204176,9,,,1,55,,204177,9,,,1,15,,204178,9,,,1,15,,204179,9,,,1,15,,204180,9,,,1,55,,204181,9,,,1,15,,204182,9,,,1,15,,204183,9,,,1,15,,204184,9,,,1,57,,204185,9,,,1,15,,204186,9,,,1,15,,204187,9,,,1,20,,204188,9,,,1,60,,204189,9,,,1,20,,204190,9,,,1,68,,204191,9,,,1,26,,204192,28,0,28 41 7 42,1,30,,204193,28,0,28 41 7 42,1,70,,204194,28,0,28 41 7 42,1,30,,204195,28,0,28 41 7 42,1,70,,204196,28,0,28 41 7 42,1,30,,204197,28,0,28 41 7 42,1
501,'005-Weekday-1-26-06-1111100',513,,163264,25,,,1,15,,163265,25,,,1,15,,163266,25,,,1,15,,163267,25,,,1,55,,163268,25,,,1,15,,163269,25,,,1,12,,163342,1,,,1,7,,163270,25,,,1,8,,163343,1,,,1,47,,163339,25,,,1,8,,163344,1,,,1,7,,163271,25,,,1,8,,163345,1,,,1,7,,163272,25,,,1,8,,163346,1,,,1,7,,163273,25,,,1,8,,163347,1,,,1,47,,163274,25,,,1,8,,163348,1,,,1,7,,163275,25,,,1,8,,163349,1,,,1,7,,163276,25,,,1,15,,163277,25,,,1,56,,163278,25,,,1,16,,163279,25,,,1,17,,163280,25,,,1,15,,163281,25,,,1,55,,163282,25,,,1,15,,163283,25,,,1,15,,163285,25,,,1,15,,163286,25,,,1,55,,163287,25,,,1,15,,163288,25,,,1,15,,163289,25,,,1,15,,163290,25,,,1,55,,163284,25,,,1,15,,163291,25,,,1,15,,163292,25,,,1,15,,163293,25,,,1,55,,163294,25,,,1,15,,163295,25,,,1,15,,163296,25,,,1,15,,163297,25,,,1,55,,163298,25,,,1,15,,163299,25,,,1,15,,163300,25,,,1,15,,163301,25,,,1,7,,163360,1,,,1,47,,163341,25,,,1,7,,163350,1,,,1,5,,163302,25,,,1,9,,163351,1,,,1,6,,163303,25,,,1,9,,163352,1,,,1,6,,163304,25,,,1,9,,163353,1,,,1,46,,163305,25,,,1,9,,163354,1,,,1,6,,163306,25,,,1,9,,163355,1,,,1,5,,163307,25,,,1,8,,163356,1,,,1,6,,163308,25,,,1,9,,163357,1,,,1,46,,163309,25,,,1,9,,163358,1,,,1,6,,163310,25,,,1,9,,163359,1,,,1,6,,163311,25,,,1,15,,163312,25,,,1,55,,163313,25,,,1,15,,163314,25,,,1,15,,163315,25,,,1,12,,163316,25,,,1,15,,163317,25,,,1,55,,163318,25,,,1,15,,163319,25,,,1,15,,163320,25,,,1,15,,163322,25,,,1,55,,163323,25,,,1,15,,163324,25,,,1,15,,163321,25,,,1,15,,163325,25,,,1,55,,163326,25,,,1,15,,163327,25,,,1,15,,163328,25,,,1,15,,163329,25,,,1,55,,163330,25,,,1,18,,163331,25,,,1,20,,163332,25,,,1,61,,163333,25,,,1,20,,163334,25,,,1,20,,163335,25,,,1,60,,163336,25,,,1,20,,163337,25,,,1,20,,163338,25,,,1,60,,163340,25,,,1
501,'005-Weekday-4-26-06-1111100',513,,189928,25,,,1,15,,189929,25,,,1,15,,189930,25,,,1,15,,189931,25,,,1,55,,189932,25,,,1,15,,189933,25,,,1,12,,190006,1,,,1,7,,189934,25,,,1,8,,190007,1,,,1,47,,190003,25,,,1,8,,190008,1,,,1,7,,189935,25,,,1,8,,190009,1,,,1,7,,189936,25,,,1,8,,190010,1,,,1,7,,189937,25,,,1,8,,190011,1,,,1,47,,189938,25,,,1,8,,190012,1,,,1,7,,189939,25,,,1,8,,190013,1,,,1,7,,189940,25,,,1,15,,189941,25,,,1,56,,189942,25,,,1,16,,189943,25,,,1,17,,189944,25,,,1,15,,189945,25,,,1,55,,189946,25,,,1,15,,189947,25,,,1,15,,189949,25,,,1,15,,189950,25,,,1,55,,189951,25,,,1,15,,189952,25,,,1,15,,189953,25,,,1,15,,189954,25,,,1,55,,189948,25,,,1,15,,189955,25,,,1,15,,189956,25,,,1,15,,189957,25,,,1,55,,189958,25,,,1,15,,189959,25,,,1,15,,189960,25,,,1,15,,189961,25,,,1,55,,189962,25,,,1,15,,189963,25,,,1,15,,189964,25,,,1,15,,189965,25,,,1,7,,190024,1,,,1,47,,190005,25,,,1,7,,190014,1,,,1,5,,189966,25,,,1,9,,190015,1,,,1,6,,189967,25,,,1,9,,190016,1,,,1,6,,189968,25,,,1,9,,190017,1,,,1,46,,189969,25,,,1,9,,190018,1,,,1,6,,189970,25,,,1,9,,190019,1,,,1,5,,189971,25,,,1,8,,190020,1,,,1,6,,189972,25,,,1,9,,190021,1,,,1,46,,189973,25,,,1,9,,190022,1,,,1,6,,189974,25,,,1,9,,190023,1,,,1,6,,189975,25,,,1,15,,189976,25,,,1,55,,189977,25,,,1,15,,189978,25,,,1,15,,189979,25,,,1,12,,189980,25,,,1,15,,189981,25,,,1,55,,189982,25,,,1,15,,189983,25,,,1,15,,189984,25,,,1,15,,189986,25,,,1,55,,189987,25,,,1,15,,189988,25,,,1,15,,189985,25,,,1,15,,189989,25,,,1,55,,189990,25,,,1,15,,189991,25,,,1,15,,189992,25,,,1,15,,189993,25,,,1,55,,189994,25,,,1,18,,189995,25,,,1,20,,189996,25,,,1,61,,189997,25,,,1,20,,189998,25,,,1,20,,189999,25,,,1,60,,190000,25,,,1,20,,190001,25,,,1,20,,190002,25,,,1,60,,190004,25,,,1
501,'005-Saturday-1-26-06-0000010',551,,163458,25,,,1,60,,163459,25,,,1,20,,163460,25,,,1,20,,163462,25,,,1,60,,163463,25,,,1,20,,163464,25,,,1,20,,163461,25,,,1,53,,163465,25,,,1,15,,163466,25,,,1,15,,163467,25,,,1,15,,163468,25,,,1,57,,163469,25,,,1,15,,163470,25,,,1,15,,163471,25,,,1,15,,163472,25,,,1,55,,163473,25,,,1,15,,163474,25,,,1,15,,163475,25,,,1,15,,163476,25,,,1,55,,163477,25,,,1,15,,163478,25,,,1,15,,163479,25,,,1,15,,163480,25,,,1,55,,163481,25,,,1,15,,163482,25,,,1,15,,163483,25,,,1,15,,163484,25,,,1,55,,163485,25,,,1,15,,163486,25,,,1,15,,163487,25,,,1,15,,163488,25,,,1,55,,163489,25,,,1,15,,163490,25,,,1,15,,163491,25,,,1,15,,163492,25,,,1,55,,163493,25,,,1,15,,163494,25,,,1,15,,163495,25,,,1,15,,163496,25,,,1,55,,163498,25,,,1,15,,163499,25,,,1,15,,163500,25,,,1,15,,163497,25,,,1,54,,163501,25,,,1,15,,163502,25,,,1,15,,163503,25,,,1,15,,163504,25,,,1,55,,163505,25,,,1,15,,163506,25,,,1,15,,163507,25,,,1,15,,163508,25,,,1,55,,163509,25,,,1,15,,163510,25,,,1,15,,163511,25,,,1,15,,163512,25,,,1,55,,163513,25,,,1,15,,163514,25,,,1,15,,163515,25,,,1,15,,163516,25,,,1,55,,163517,25,,,1,15,,163518,25,,,1,15,,163519,25,,,1,15,,163520,25,,,1,55,,163521,25,,,1,15,,163522,25,,,1,18,,163523,25,,,1,20,,163524,25,,,1,60,,163525,25,,,1,20,,163526,25,,,1,20,,163527,25,,,1,58,,163528,25,,,1,20,,163529,25,,,1,20,,163530,25,,,1
501,'005-Saturday-5-26-06-0000010',551,,205659,25,,,1,60,,205660,25,,,1,20,,205661,25,,,1,20,,205663,25,,,1,60,,205664,25,,,1,20,,205665,25,,,1,20,,205662,25,,,1,53,,205666,25,,,1,15,,205667,25,,,1,15,,205668,25,,,1,15,,205669,25,,,1,57,,205670,25,,,1,15,,205671,25,,,1,15,,205672,25,,,1,15,,205673,25,,,1,55,,205674,25,,,1,15,,205675,25,,,1,15,,205676,25,,,1,15,,205677,25,,,1,55,,205678,25,,,1,15,,205679,25,,,1,15,,205680,25,,,1,15,,205681,25,,,1,55,,205682,25,,,1,15,,205683,25,,,1,15,,205684,25,,,1,15,,205685,25,,,1,55,,205686,25,,,1,15,,205687,25,,,1,15,,205688,25,,,1,15,,205689,25,,,1,55,,205690,25,,,1,15,,205691,25,,,1,15,,205692,25,,,1,15,,205693,25,,,1,55,,205694,25,,,1,15,,205695,25,,,1,15,,205696,25,,,1,15,,205697,25,,,1,55,,205699,25,,,1,15,,205700,25,,,1,15,,205701,25,,,1,15,,205698,25,,,1,54,,205702,25,,,1,15,,205703,25,,,1,15,,205704,25,,,1,15,,205705,25,,,1,55,,205706,25,,,1,15,,205707,25,,,1,15,,205708,25,,,1,15,,205709,25,,,1,55,,205710,25,,,1,15,,205711,25,,,1,15,,205712,25,,,1,15,,205713,25,,,1,55,,205714,25,,,1,15,,205715,25,,,1,15,,205716,25,,,1,15,,205717,25,,,1,55,,205718,25,,,1,15,,205719,25,,,1,15,,205720,25,,,1,15,,205721,25,,,1,55,,205722,25,,,1,15,,205723,25,,,1,18,,205724,25,,,1,20,,205725,25,,,1,60,,205726,25,,,1,20,,205727,25,,,1,20,,205728,25,,,1,58,,205729,25,,,1,20,,205730,25,,,1,20,,205731,25,,,1
501,'005-Sunday-10-26-06-0000001',552,,205797,25,,,1,60,,205796,25,,,1,20,,205795,25,,,1,20,,205732,25,,,1,60,,205733,25,,,1,20,,205734,25,,,1,20,,205735,25,,,1,60,,205736,25,,,1,20,,205737,25,,,1,20,,205738,25,,,1,62,,205739,25,,,1,20,,205740,25,,,1,20,,205741,25,,,1,60,,205742,25,,,1,20,,205743,25,,,1,19,,205744,25,,,1,56,,205745,25,,,1,15,,205746,25,,,1,15,,205747,25,,,1,15,,205748,25,,,1,55,,205749,25,,,1,14,,205750,25,,,1,15,,205751,25,,,1,15,,205752,25,,,1,55,,205753,25,,,1,15,,205754,25,,,1,15,,205755,25,,,1,15,,205756,25,,,1,55,,205757,25,,,1,15,,205758,25,,,1,15,,205759,25,,,1,15,,205761,25,,,1,55,,205762,25,,,1,15,,205760,25,,,1,15,,205763,25,,,1,15,,205764,25,,,1,55,,205765,25,,,1,15,,205766,25,,,1,15,,205767,25,,,1,15,,205768,25,,,1,55,,205769,25,,,1,14,,205770,25,,,1,15,,205771,25,,,1,15,,205772,25,,,1,55,,205773,25,,,1,15,,205774,25,,,1,15,,205775,25,,,1,15,,205776,25,,,1,55,,205777,25,,,1,15,,205778,25,,,1,14,,205779,25,,,1,20,,205780,25,,,1,60,,205781,25,,,1,20,,205787,25,,,1,20,,205788,25,,,1,60,,205789,25,,,1,20,,205790,25,,,1,20,,205791,25,,,1,60,,205792,25,,,1,27,,205793,25,,,1,60,,205794,25,,,1,20,,205782,25,,,1,20,,205783,25,,,1,64,,205784,25,,,1,20,,205785,25,,,1,20,,205786,25,,,1
501,'005-Sunday-5-26-06-0000001',552,,190090,25,,,1,60,,190089,25,,,1,20,,190088,25,,,1,20,,190025,25,,,1,60,,190026,25,,,1,20,,190027,25,,,1,20,,190028,25,,,1,60,,190029,25,,,1,20,,190030,25,,,1,20,,190031,25,,,1,62,,190032,25,,,1,20,,190033,25,,,1,20,,190034,25,,,1,60,,190035,25,,,1,20,,190036,25,,,1,19,,190037,25,,,1,56,,190038,25,,,1,15,,190039,25,,,1,15,,190040,25,,,1,15,,190041,25,,,1,55,,190042,25,,,1,14,,190043,25,,,1,15,,190044,25,,,1,15,,190045,25,,,1,55,,190046,25,,,1,15,,190047,25,,,1,15,,190048,25,,,1,15,,190049,25,,,1,55,,190050,25,,,1,15,,190051,25,,,1,15,,190052,25,,,1,15,,190054,25,,,1,55,,190055,25,,,1,15,,190053,25,,,1,15,,190056,25,,,1,15,,190057,25,,,1,55,,190058,25,,,1,15,,190059,25,,,1,15,,190060,25,,,1,15,,190061,25,,,1,55,,190062,25,,,1,14,,190063,25,,,1,15,,190064,25,,,1,15,,190065,25,,,1,55,,190066,25,,,1,15,,190067,25,,,1,15,,190068,25,,,1,15,,190069,25,,,1,55,,190070,25,,,1,15,,190071,25,,,1,14,,190072,25,,,1,20,,190073,25,,,1,60,,190074,25,,,1,20,,190080,25,,,1,20,,190081,25,,,1,60,,190082,25,,,1,20,,190083,25,,,1,20,,190084,25,,,1,60,,190085,25,,,1,27,,190086,25,,,1,60,,190087,25,,,1,20,,190075,25,,,1,20,,190076,25,,,1,64,,190077,25,,,1,20,,190078,25,,,1,20,,190079,25,,,1
501,'005-Sunday-6-26-06-0000001',552,,205863,25,,,1,60,,205862,25,,,1,20,,205861,25,,,1,20,,205798,25,,,1,60,,205799,25,,,1,20,,205800,25,,,1,20,,205801,25,,,1,60,,205802,25,,,1,20,,205803,25,,,1,20,,205804,25,,,1,62,,205805,25,,,1,20,,205806,25,,,1,20,,205807,25,,,1,60,,205808,25,,,1,20,,205809,25,,,1,19,,205810,25,,,1,56,,205811,25,,,1,15,,205812,25,,,1,15,,205813,25,,,1,15,,205814,25,,,1,55,,205815,25,,,1,14,,205816,25,,,1,15,,205817,25,,,1,15,,205818,25,,,1,55,,205819,25,,,1,15,,205820,25,,,1,15,,205821,25,,,1,15,,205822,25,,,1,55,,205823,25,,,1,15,,205824,25,,,1,15,,205825,25,,,1,15,,205827,25,,,1,55,,205828,25,,,1,15,,205826,25,,,1,15,,205829,25,,,1,15,,205830,25,,,1,55,,205831,25,,,1,15,,205832,25,,,1,15,,205833,25,,,1,15,,205834,25,,,1,55,,205835,25,,,1,14,,205836,25,,,1,15,,205837,25,,,1,15,,205838,25,,,1,55,,205839,25,,,1,15,,205840,25,,,1,15,,205841,25,,,1,15,,205842,25,,,1,55,,205843,25,,,1,15,,205844,25,,,1,14,,205845,25,,,1,20,,205846,25,,,1,60,,205847,25,,,1,20,,205853,25,,,1,20,,205854,25,,,1,60,,205855,25,,,1,20,,205856,25,,,1,20,,205857,25,,,1,60,,205858,25,,,1,27,,205859,25,,,1,60,,205860,25,,,1,20,,205848,25,,,1,20,,205849,25,,,1,64,,205850,25,,,1,20,,205851,25,,,1,20,,205852,25,,,1
501,'005-Sunday-9-26-06-0000001',552,,205929,25,,,1,60,,205928,25,,,1,20,,205927,25,,,1,20,,205864,25,,,1,60,,205865,25,,,1,20,,205866,25,,,1,20,,205867,25,,,1,60,,205868,25,,,1,20,,205869,25,,,1,20,,205870,25,,,1,62,,205871,25,,,1,20,,205872,25,,,1,20,,205873,25,,,1,60,,205874,25,,,1,20,,205875,25,,,1,19,,205876,25,,,1,56,,205877,25,,,1,15,,205878,25,,,1,15,,205879,25,,,1,15,,205880,25,,,1,55,,205881,25,,,1,14,,205882,25,,,1,15,,205883,25,,,1,15,,205884,25,,,1,55,,205885,25,,,1,15,,205886,25,,,1,15,,205887,25,,,1,15,,205888,25,,,1,55,,205889,25,,,1,15,,205890,25,,,1,15,,205891,25,,,1,15,,205893,25,,,1,55,,205894,25,,,1,15,,205892,25,,,1,15,,205895,25,,,1,15,,205896,25,,,1,55,,205897,25,,,1,15,,205898,25,,,1,15,,205899,25,,,1,15,,205900,25,,,1,55,,205901,25,,,1,14,,205902,25,,,1,15,,205903,25,,,1,15,,205904,25,,,1,55,,205905,25,,,1,15,,205906,25,,,1,15,,205907,25,,,1,15,,205908,25,,,1,55,,205909,25,,,1,15,,205910,25,,,1,14,,205911,25,,,1,20,,205912,25,,,1,60,,205913,25,,,1,20,,205919,25,,,1,20,,205920,25,,,1,60,,205921,25,,,1,20,,205922,25,,,1,20,,205923,25,,,1,60,,205924,25,,,1,27,,205925,25,,,1,60,,205926,25,,,1,20,,205914,25,,,1,20,,205915,25,,,1,64,,205916,25,,,1,20,,205917,25,,,1,20,,205918,25,,,1
