91701,'917-Weekday-1-26-09-0001000',1518,,299155,36,,,1
91701,'917-Weekday-1-26-09-1111100',519,,299156,36,,,1,30,,299157,36,,,1,70,,299190,36,,,1,31,,299192,36,,,1,70,,299191,36,,,1,30,,299158,36,,,1,70,,299186,36,,,1,30,,299159,36,,,1,70,,299194,36,,,1,30,,299160,36,,,1,70,,299161,36,,,1,30,,299162,36,,,1,70,,299163,36,,,1,30,,299164,36,,,1,70,,299165,36,,,1,30,,299166,36,,,1,70,,299167,36,,,1,30,,299168,36,,,1,70,,299169,36,,,1,30,,299170,36,,,1,77,,299171,36,,,1,15,,299198,36,,,1,15,,299189,36,,,1,55,,299172,36,,,1,15,,299197,36,,,1,15,,299173,36,,,1,15,,299187,36,,,1,55,,299174,36,,,1,15,,299196,36,,,1,15,,299175,36,,,1,15,,299188,36,,,1,55,,299195,36,,,1,15,,299183,36,,,1,25,,299176,36,,,1,69,,299177,36,,,1,30,,299178,36,,,1,70,,299179,36,,,1,30,,299180,36,,,1,70,,299181,36,,,1,30,,299182,36,,,1,68,,299193,36,,,1,100,,299184,36,,,1,100,,299185,36,,,1
91701,'917-Weekday-3-26-09-1111100',519,,299242,36,,,1,30,,299243,36,,,1,70,,299276,36,,,1,31,,299278,36,,,1,70,,299277,36,,,1,30,,299244,36,,,1,70,,299272,36,,,1,30,,299245,36,,,1,70,,299280,36,,,1,30,,299246,36,,,1,70,,299247,36,,,1,30,,299248,36,,,1,70,,299249,36,,,1,30,,299250,36,,,1,70,,299251,36,,,1,30,,299252,36,,,1,70,,299253,36,,,1,30,,299254,36,,,1,70,,299255,36,,,1,30,,299256,36,,,1,77,,299257,36,,,1,15,,299284,36,,,1,15,,299275,36,,,1,55,,299258,36,,,1,15,,299283,36,,,1,15,,299259,36,,,1,15,,299273,36,,,1,55,,299260,36,,,1,15,,299282,36,,,1,15,,299261,36,,,1,15,,299274,36,,,1,55,,299281,36,,,1,15,,299269,36,,,1,25,,299262,36,,,1,69,,299263,36,,,1,30,,299264,36,,,1,70,,299265,36,,,1,30,,299266,36,,,1,70,,299267,36,,,1,30,,299268,36,,,1,68,,299279,36,,,1,100,,299270,36,,,1,100,,299271,36,,,1
91701,'917-Weekday-4-26-09-1111100',519,,299285,36,,,1,30,,299286,36,,,1,70,,299319,36,,,1,31,,299321,36,,,1,70,,299320,36,,,1,30,,299287,36,,,1,70,,299315,36,,,1,30,,299288,36,,,1,70,,299323,36,,,1,30,,299289,36,,,1,70,,299290,36,,,1,30,,299291,36,,,1,70,,299292,36,,,1,30,,299293,36,,,1,70,,299294,36,,,1,30,,299295,36,,,1,70,,299296,36,,,1,30,,299297,36,,,1,70,,299298,36,,,1,30,,299299,36,,,1,77,,299300,36,,,1,15,,299327,36,,,1,15,,299318,36,,,1,55,,299301,36,,,1,15,,299326,36,,,1,15,,299302,36,,,1,15,,299316,36,,,1,55,,299303,36,,,1,15,,299325,36,,,1,15,,299304,36,,,1,15,,299317,36,,,1,55,,299324,36,,,1,15,,299312,36,,,1,25,,299305,36,,,1,69,,299306,36,,,1,30,,299307,36,,,1,70,,299308,36,,,1,30,,299309,36,,,1,70,,299310,36,,,1,30,,299311,36,,,1,68,,299322,36,,,1,100,,299313,36,,,1,100,,299314,36,,,1
91701,'917-Weekday-5-26-09-1111100',519,,299328,36,,,1,30,,299329,36,,,1,70,,299362,36,,,1,31,,299364,36,,,1,70,,299363,36,,,1,30,,299330,36,,,1,70,,299358,36,,,1,30,,299331,36,,,1,70,,299366,36,,,1,30,,299332,36,,,1,70,,299333,36,,,1,30,,299334,36,,,1,70,,299335,36,,,1,30,,299336,36,,,1,70,,299337,36,,,1,30,,299338,36,,,1,70,,299339,36,,,1,30,,299340,36,,,1,70,,299341,36,,,1,30,,299342,36,,,1,77,,299343,36,,,1,15,,299370,36,,,1,15,,299361,36,,,1,55,,299344,36,,,1,15,,299369,36,,,1,15,,299345,36,,,1,15,,299359,36,,,1,55,,299346,36,,,1,15,,299368,36,,,1,15,,299347,36,,,1,15,,299360,36,,,1,55,,299367,36,,,1,15,,299355,36,,,1,25,,299348,36,,,1,69,,299349,36,,,1,30,,299350,36,,,1,70,,299351,36,,,1,30,,299352,36,,,1,70,,299353,36,,,1,30,,299354,36,,,1,68,,299365,36,,,1,100,,299356,36,,,1,100,,299357,36,,,1
91701,'917-Weekday-6-26-09-1111100',519,,299371,36,,,1,30,,299372,36,,,1,70,,299405,36,,,1,31,,299407,36,,,1,70,,299406,36,,,1,30,,299373,36,,,1,70,,299401,36,,,1,30,,299374,36,,,1,70,,299409,36,,,1,30,,299375,36,,,1,70,,299376,36,,,1,30,,299377,36,,,1,70,,299378,36,,,1,30,,299379,36,,,1,70,,299380,36,,,1,30,,299381,36,,,1,70,,299382,36,,,1,30,,299383,36,,,1,70,,299384,36,,,1,30,,299385,36,,,1,77,,299386,36,,,1,15,,299413,36,,,1,15,,299404,36,,,1,55,,299387,36,,,1,15,,299412,36,,,1,15,,299388,36,,,1,15,,299402,36,,,1,55,,299389,36,,,1,15,,299411,36,,,1,15,,299390,36,,,1,15,,299403,36,,,1,55,,299410,36,,,1,15,,299398,36,,,1,25,,299391,36,,,1,69,,299392,36,,,1,30,,299393,36,,,1,70,,299394,36,,,1,30,,299395,36,,,1,70,,299396,36,,,1,30,,299397,36,,,1,68,,299408,36,,,1,100,,299399,36,,,1,100,,299400,36,,,1
91701,'917-Weekday-7-26-09-1111100',519,,299414,36,,,1,30,,299415,36,,,1,70,,299448,36,,,1,31,,299450,36,,,1,70,,299449,36,,,1,30,,299416,36,,,1,70,,299444,36,,,1,30,,299417,36,,,1,70,,299452,36,,,1,30,,299418,36,,,1,70,,299419,36,,,1,30,,299420,36,,,1,70,,299421,36,,,1,30,,299422,36,,,1,70,,299423,36,,,1,30,,299424,36,,,1,70,,299425,36,,,1,30,,299426,36,,,1,70,,299427,36,,,1,30,,299428,36,,,1,77,,299429,36,,,1,15,,299456,36,,,1,15,,299447,36,,,1,55,,299430,36,,,1,15,,299455,36,,,1,15,,299431,36,,,1,15,,299445,36,,,1,55,,299432,36,,,1,15,,299454,36,,,1,15,,299433,36,,,1,15,,299446,36,,,1,55,,299453,36,,,1,15,,299441,36,,,1,25,,299434,36,,,1,69,,299435,36,,,1,30,,299436,36,,,1,70,,299437,36,,,1,30,,299438,36,,,1,70,,299439,36,,,1,30,,299440,36,,,1,68,,299451,36,,,1,100,,299442,36,,,1,100,,299443,36,,,1
91701,'917-Saturday-1-26-09-0000010',643,,299457,36,,,1,100,,299458,36,,,1,70,,299469,36,,,1,30,,299470,36,,,1,72,,299459,36,,,1,31,,299460,36,,,1,70,,299461,36,,,1,30,,299462,36,,,1,70,,299463,36,,,1,30,,299464,36,,,1,70,,299465,36,,,1,32,,299471,36,,,1,70,,299472,36,,,1,30,,299473,36,,,1,70,,299474,36,,,1,30,,299475,36,,,1,70,,299476,36,,,1,30,,299477,36,,,1,70,,299478,36,,,1,30,,299479,36,,,1,70,,299480,36,,,1,30,,299481,36,,,1,70,,299482,36,,,1,30,,299483,36,,,1,70,,299484,36,,,1,100,,299466,36,,,1,100,,299467,36,,,1,100,,299468,36,,,1
91701,'917-Sunday-1-26-09-0000001',640,,299485,36,,,1,100,,299486,36,,,1,100,,299487,36,,,1,103,,299488,36,,,1,103,,299489,36,,,1,70,,299490,36,,,1,30,,299491,36,,,1,70,,299492,36,,,1,30,,299493,36,,,1,70,,299494,36,,,1,30,,299495,36,,,1,70,,299496,36,,,1,30,,299497,36,,,1,70,,299498,36,,,1,30,,299499,36,,,1,70,,299500,36,,,1,30,,299501,36,,,1,69,,299502,36,,,1,31,,299508,36,,,1,70,,299507,36,,,1,30,,299503,36,,,1,70,,299504,36,,,1,30,,299505,36,,,1,100,,299506,36,,,1
92600,'926-Weekday-1-26-09-1111100',606,,303069,29,0,5 6,1,31,,303065,59,0,5 6,1,63,,303066,59,0,5 6,1,23,,303067,59,0,5 6,1,20,,303068,59,0,5 6,1,10,,303070,59,0,5 6,1,50,,303071,59,0,5 6,1,20,,303072,59,0,5 6,1,20,,303073,59,0,5 6,1,59,,303074,59,0,5 6,1,18,,303075,59,0,5 6,1,22,,303076,59,0,5 6,1,64,,303077,59,0,5 6,1,30,,303078,59,0,5 6,1,70,,303079,59,0,5 6,1,30,,303080,59,0,5 6,1,70,,303081,59,0,5 6,1,30,,303082,59,0,5 6,1,70,,303083,59,0,5 6,1,30,,303084,59,0,5 6,1,70,,303085,59,0,5 6,1,30,,303086,59,0,5 6,1,71,,303087,59,0,5 6,1,23,,303088,59,0,5 6,1,22,,303089,59,0,5 6,1,60,,303090,59,0,5 6,1,20,,303091,59,0,5 6,1,20,,303092,59,0,5 6,1,60,,303093,59,0,5 6,1,20,,303094,59,0,5 6,1,20,,303095,59,0,5 6,1,60,,303096,59,0,5 6,1,19,,303097,59,0,5 6,1,18,,303098,59,0,5 6,1,57,,303099,59,0,5 6,1,33,,303100,59,0,5 6,1,70,,303101,59,0,5 6,1,30,,303102,59,0,5 6,1,70,,303103,59,0,5 6,1,30,,303104,59,0,5 6,1,70,,303105,59,0,5 6,1,29,,303106,59,0,5 6,1
92600,'926-Weekday-3-26-09-1111100',606,,303153,29,0,5 6,1,31,,303149,59,0,5 6,1,63,,303150,59,0,5 6,1,23,,303151,59,0,5 6,1,20,,303152,59,0,5 6,1,10,,303154,59,0,5 6,1,50,,303155,59,0,5 6,1,20,,303156,59,0,5 6,1,20,,303157,59,0,5 6,1,59,,303158,59,0,5 6,1,18,,303159,59,0,5 6,1,22,,303160,59,0,5 6,1,64,,303161,59,0,5 6,1,30,,303162,59,0,5 6,1,70,,303163,59,0,5 6,1,30,,303164,59,0,5 6,1,70,,303165,59,0,5 6,1,30,,303166,59,0,5 6,1,70,,303167,59,0,5 6,1,30,,303168,59,0,5 6,1,70,,303169,59,0,5 6,1,30,,303170,59,0,5 6,1,71,,303171,59,0,5 6,1,23,,303172,59,0,5 6,1,22,,303173,59,0,5 6,1,60,,303174,59,0,5 6,1,20,,303175,59,0,5 6,1,20,,303176,59,0,5 6,1,60,,303177,59,0,5 6,1,20,,303178,59,0,5 6,1,20,,303179,59,0,5 6,1,60,,303180,59,0,5 6,1,19,,303181,59,0,5 6,1,18,,303182,59,0,5 6,1,57,,303183,59,0,5 6,1,33,,303184,59,0,5 6,1,70,,303185,59,0,5 6,1,30,,303186,59,0,5 6,1,70,,303187,59,0,5 6,1,30,,303188,59,0,5 6,1,70,,303189,59,0,5 6,1,29,,303190,59,0,5 6,1
92600,'926-Weekday-4-26-09-1111100',606,,303195,29,0,5 6,1,31,,303191,59,0,5 6,1,63,,303192,59,0,5 6,1,23,,303193,59,0,5 6,1,20,,303194,59,0,5 6,1,60,,303196,59,0,5 6,1,20,,303197,59,0,5 6,1,20,,303198,59,0,5 6,1,59,,303199,59,0,5 6,1,18,,303200,59,0,5 6,1,22,,303201,59,0,5 6,1,64,,303202,59,0,5 6,1,30,,303203,59,0,5 6,1,70,,303204,59,0,5 6,1,30,,303205,59,0,5 6,1,70,,303206,59,0,5 6,1,30,,303207,59,0,5 6,1,70,,303208,59,0,5 6,1,30,,303209,59,0,5 6,1,70,,303210,59,0,5 6,1,30,,303211,59,0,5 6,1,71,,303212,59,0,5 6,1,23,,303213,59,0,5 6,1,22,,303214,59,0,5 6,1,60,,303215,59,0,5 6,1,20,,303216,59,0,5 6,1,20,,303217,59,0,5 6,1,60,,303218,59,0,5 6,1,20,,303219,59,0,5 6,1,20,,303220,59,0,5 6,1,60,,303221,59,0,5 6,1,19,,303222,59,0,5 6,1,18,,303223,59,0,5 6,1,57,,303224,59,0,5 6,1,33,,303225,59,0,5 6,1,70,,303226,59,0,5 6,1,30,,303227,59,0,5 6,1,70,,303228,59,0,5 6,1,30,,303229,59,0,5 6,1,70,,303230,59,0,5 6,1,29,,303231,59,0,5 6,1
92600,'926-Weekday-5-26-09-1111100',606,,303236,29,0,5 6,1,31,,303232,59,0,5 6,1,63,,303233,59,0,5 6,1,23,,303234,59,0,5 6,1,20,,303235,59,0,5 6,1,60,,303237,59,0,5 6,1,20,,303238,59,0,5 6,1,20,,303239,59,0,5 6,1,59,,303240,59,0,5 6,1,18,,303241,59,0,5 6,1,22,,303242,59,0,5 6,1,64,,303243,59,0,5 6,1,30,,303244,59,0,5 6,1,70,,303245,59,0,5 6,1,30,,303246,59,0,5 6,1,70,,303247,59,0,5 6,1,30,,303248,59,0,5 6,1,70,,303249,59,0,5 6,1,30,,303250,59,0,5 6,1,70,,303251,59,0,5 6,1,30,,303252,59,0,5 6,1,71,,303253,59,0,5 6,1,23,,303254,59,0,5 6,1,22,,303255,59,0,5 6,1,60,,303256,59,0,5 6,1,20,,303257,59,0,5 6,1,20,,303258,59,0,5 6,1,60,,303259,59,0,5 6,1,20,,303260,59,0,5 6,1,20,,303261,59,0,5 6,1,60,,303262,59,0,5 6,1,19,,303263,59,0,5 6,1,18,,303264,59,0,5 6,1,57,,303265,59,0,5 6,1,33,,303266,59,0,5 6,1,70,,303267,59,0,5 6,1,30,,303268,59,0,5 6,1,70,,303269,59,0,5 6,1,30,,303270,59,0,5 6,1,70,,303271,59,0,5 6,1,29,,303272,59,0,5 6,1
92600,'926-Weekday-6-26-09-1111100',606,,303277,29,0,5 6,1,31,,303273,59,0,5 6,1,63,,303274,59,0,5 6,1,23,,303275,59,0,5 6,1,20,,303276,59,0,5 6,1,10,,303278,59,0,5 6,1,50,,303279,59,0,5 6,1,20,,303280,59,0,5 6,1,20,,303281,59,0,5 6,1,59,,303282,59,0,5 6,1,18,,303283,59,0,5 6,1,22,,303284,59,0,5 6,1,64,,303285,59,0,5 6,1,30,,303286,59,0,5 6,1,70,,303287,59,0,5 6,1,30,,303288,59,0,5 6,1,70,,303289,59,0,5 6,1,30,,303290,59,0,5 6,1,70,,303291,59,0,5 6,1,30,,303292,59,0,5 6,1,70,,303293,59,0,5 6,1,30,,303294,59,0,5 6,1,71,,303295,59,0,5 6,1,23,,303296,59,0,5 6,1,22,,303297,59,0,5 6,1,60,,303298,59,0,5 6,1,20,,303299,59,0,5 6,1,20,,303300,59,0,5 6,1,60,,303301,59,0,5 6,1,20,,303302,59,0,5 6,1,20,,303303,59,0,5 6,1,60,,303304,59,0,5 6,1,19,,303305,59,0,5 6,1,18,,303306,59,0,5 6,1,57,,303307,59,0,5 6,1,33,,303308,59,0,5 6,1,70,,303309,59,0,5 6,1,30,,303310,59,0,5 6,1,70,,303311,59,0,5 6,1,30,,303312,59,0,5 6,1,70,,303313,59,0,5 6,1,29,,303314,59,0,5 6,1
92600,'926-Weekday-7-26-09-1111100',606,,303319,29,0,5 6,1,31,,303315,59,0,5 6,1,63,,303316,59,0,5 6,1,23,,303317,59,0,5 6,1,20,,303318,59,0,5 6,1,60,,303320,59,0,5 6,1,20,,303321,59,0,5 6,1,20,,303322,59,0,5 6,1,59,,303323,59,0,5 6,1,18,,303324,59,0,5 6,1,22,,303325,59,0,5 6,1,64,,303326,59,0,5 6,1,30,,303327,59,0,5 6,1,70,,303328,59,0,5 6,1,30,,303329,59,0,5 6,1,70,,303330,59,0,5 6,1,30,,303331,59,0,5 6,1,70,,303332,59,0,5 6,1,30,,303333,59,0,5 6,1,70,,303334,59,0,5 6,1,30,,303335,59,0,5 6,1,71,,303336,59,0,5 6,1,23,,303337,59,0,5 6,1,22,,303338,59,0,5 6,1,60,,303339,59,0,5 6,1,20,,303340,59,0,5 6,1,20,,303341,59,0,5 6,1,60,,303342,59,0,5 6,1,20,,303343,59,0,5 6,1,20,,303344,59,0,5 6,1,60,,303345,59,0,5 6,1,19,,303346,59,0,5 6,1,18,,303347,59,0,5 6,1,57,,303348,59,0,5 6,1,33,,303349,59,0,5 6,1,70,,303350,59,0,5 6,1,30,,303351,59,0,5 6,1,70,,303352,59,0,5 6,1,30,,303353,59,0,5 6,1,70,,303354,59,0,5 6,1,29,,303355,59,0,5 6,1
92600,'926-Saturday-1-26-09-0000010',833,,303356,59,0,5 6,1,70,,303357,59,0,5 6,1,32,,303358,59,0,5 6,1,70,,303359,59,0,5 6,1,30,,303360,59,0,5 6,1,70,,303361,59,0,5 6,1,30,,303362,59,0,5 6,1,70,,303363,59,0,5 6,1,30,,303364,59,0,5 6,1,70,,303365,59,0,5 6,1,30,,303366,59,0,5 6,1,70,,303367,59,0,5 6,1,30,,303368,59,0,5 6,1,70,,303369,59,0,5 6,1,30,,303370,59,0,5 6,1,70,,303371,59,0,5 6,1,30,,303372,59,0,5 6,1,70,,303373,59,0,5 6,1,28,,303374,59,0,5 6,1,70,,303375,59,0,5 6,1,30,,303376,59,0,5 6,1,70,,303377,59,0,5 6,1,30,,303378,59,0,5 6,1
92600,'926-Sunday-1-26-09-0000001',1037,,303379,59,0,5 6,1,70,,303380,59,0,5 6,1,30,,303381,59,0,5 6,1,70,,303382,59,0,5 6,1,30,,303383,59,0,5 6,1,70,,303384,59,0,5 6,1,30,,303385,59,0,5 6,1,70,,303386,59,0,5 6,1,30,,303387,59,0,5 6,1,71,,303388,59,0,5 6,1,29,,303389,59,0,5 6,1,70,,303390,59,0,5 6,1,30,,303391,59,0,5 6,1,70,,303392,59,0,5 6,1,28,,303393,59,0,5 6,1,70,,303394,59,0,5 6,1,30,,303395,59,0,5 6,1,70,,303396,59,0,5 6,1,30,,303397,59,0,5 6,1
24093000,'930X-Weekday-1-26-09-1111100',613,,311232,27,,,1,30,,311233,27,,,1,12,,311240,27,,,1,52,,311234,27,,,1,12,,311236,27,,,1,12,,311241,27,,,1,12,,311235,27,,,1,12,,311242,27,,,1,52,,311231,27,,,1,12,,311237,27,,,1,12,,311243,27,,,1,12,,311230,27,,,1,12,,311244,27,,,1,52,,311238,27,,,1,12,,311239,27,,,1
24093000,'930X-Weekday-3-26-09-1111100',613,,311262,27,,,1,30,,311263,27,,,1,12,,311270,27,,,1,52,,311264,27,,,1,12,,311266,27,,,1,12,,311271,27,,,1,12,,311265,27,,,1,12,,311272,27,,,1,52,,311261,27,,,1,12,,311267,27,,,1,12,,311273,27,,,1,12,,311260,27,,,1,12,,311274,27,,,1,52,,311268,27,,,1,12,,311269,27,,,1
24093000,'930X-Weekday-4-26-09-1111100',613,,311277,27,,,1,30,,311278,27,,,1,12,,311285,27,,,1,52,,311279,27,,,1,12,,311281,27,,,1,12,,311286,27,,,1,12,,311280,27,,,1,12,,311287,27,,,1,52,,311276,27,,,1,12,,311282,27,,,1,12,,311288,27,,,1,12,,311275,27,,,1,12,,311289,27,,,1,52,,311283,27,,,1,12,,311284,27,,,1
24093000,'930X-Weekday-5-26-09-1111100',613,,311292,27,,,1,30,,311293,27,,,1,12,,311300,27,,,1,52,,311294,27,,,1,12,,311296,27,,,1,12,,311301,27,,,1,12,,311295,27,,,1,12,,311302,27,,,1,52,,311291,27,,,1,12,,311297,27,,,1,12,,311303,27,,,1,12,,311290,27,,,1,12,,311304,27,,,1,52,,311298,27,,,1,12,,311299,27,,,1
24093000,'930X-Weekday-6-26-09-1111100',613,,311307,27,,,1,30,,311308,27,,,1,12,,311315,27,,,1,52,,311309,27,,,1,12,,311311,27,,,1,12,,311316,27,,,1,12,,311310,27,,,1,12,,311317,27,,,1,52,,311306,27,,,1,12,,311312,27,,,1,12,,311318,27,,,1,12,,311305,27,,,1,12,,311319,27,,,1,52,,311313,27,,,1,12,,311314,27,,,1
24093000,'930X-Weekday-7-26-09-1111100',613,,311322,27,,,1,30,,311323,27,,,1,12,,311330,27,,,1,52,,311324,27,,,1,12,,311326,27,,,1,12,,311331,27,,,1,12,,311325,27,,,1,12,,311332,27,,,1,52,,311321,27,,,1,12,,311327,27,,,1,12,,311333,27,,,1,12,,311320,27,,,1,12,,311334,27,,,1,52,,311328,27,,,1,12,,311329,27,,,1
