71501,'715-Weekday-1-26-06-1111100',542,,180446,19,,,1,69,,180447,19,,,1,32,,180448,19,,,1,64,,180449,19,,,1,24,,180450,19,,,1,24,,180451,19,,,1,64,,180452,19,,,1,24,,180453,19,,,1,69,,180454,19,,,1,30,,180455,19,,,1,70,,180456,19,,,1,30,,180457,19,,,1,70,,180458,19,,,1,30,,180459,19,,,1,70,,180460,19,,,1,30,,180461,19,,,1,70,,180462,19,,,1,30,,180463,19,,,1,70,,180464,19,,,1,30,,180465,19,,,1,71,,180466,19,,,1,15,,180467,19,,,1,17,,180468,19,,,1,55,,180469,19,,,1,15,,180470,19,,,1,15,,180471,19,,,1,15,,180472,19,,,1,55,,180473,19,,,1,15,,180474,19,,,1,15,,180475,19,,,1,15,,180476,19,,,1,70,,180477,19,,,1,28,,180478,19,,,1,68,,180479,19,,,1,30,,180480,19,,,1,70,,180481,19,,,1,30,,180482,19,,,1,70,,180483,19,,,1,30,,180484,19,,,1,70,,180485,19,,,1,99,,180486,19,,,1,100,,180487,19,,,1
71501,'715-Weekday-2-26-06-1111100',542,,198750,19,,,1,69,,198751,19,,,1,32,,198752,19,,,1,64,,198753,19,,,1,24,,198754,19,,,1,24,,198755,19,,,1,64,,198756,19,,,1,24,,198757,19,,,1,69,,198758,19,,,1,30,,198759,19,,,1,70,,198760,19,,,1,30,,198761,19,,,1,70,,198762,19,,,1,30,,198763,19,,,1,70,,198764,19,,,1,30,,198765,19,,,1,70,,198766,19,,,1,30,,198767,19,,,1,70,,198768,19,,,1,30,,198769,19,,,1,71,,198770,19,,,1,15,,198771,19,,,1,17,,198772,19,,,1,55,,198773,19,,,1,15,,198774,19,,,1,15,,198775,19,,,1,15,,198776,19,,,1,55,,198777,19,,,1,15,,198778,19,,,1,15,,198779,19,,,1,15,,198780,19,,,1,70,,198781,19,,,1,28,,198782,19,,,1,68,,198783,19,,,1,30,,198784,19,,,1,70,,198785,19,,,1,30,,198786,19,,,1,70,,198787,19,,,1,30,,198788,19,,,1,70,,198789,19,,,1,99,,198790,19,,,1,100,,198791,19,,,1
71501,'715-Saturday-1-26-06-0000010',642,,180488,19,,,1,100,,180489,19,,,1,70,,180490,19,,,1,30,,180491,19,,,1,70,,180492,19,,,1,30,,180493,19,,,1,70,,180494,19,,,1,30,,180495,19,,,1,70,,180496,19,,,1,30,,180497,19,,,1,70,,180498,19,,,1,30,,180499,19,,,1,70,,180500,19,,,1,30,,180501,19,,,1,70,,180502,19,,,1,30,,180503,19,,,1,70,,180504,19,,,1,30,,180505,19,,,1,70,,180506,19,,,1,30,,180507,19,,,1,70,,180508,19,,,1,30,,180509,19,,,1,70,,180510,19,,,1,30,,180511,19,,,1,70,,180512,19,,,1,30,,180513,19,,,1,100,,180514,19,,,1,100,,180515,19,,,1,100,,180516,19,,,1,100,,180517,19,,,1,100,,180518,19,,,1
71501,'715-Saturday-2-26-06-0000010',642,,220099,19,,,1,100,,220100,19,,,1,70,,220101,19,,,1,30,,220102,19,,,1,70,,220103,19,,,1,30,,220104,19,,,1,70,,220105,19,,,1,30,,220106,19,,,1,70,,220107,19,,,1,30,,220108,19,,,1,70,,220109,19,,,1,30,,220110,19,,,1,70,,220111,19,,,1,30,,220112,19,,,1,70,,220113,19,,,1,30,,220114,19,,,1,70,,220115,19,,,1,30,,220116,19,,,1,70,,220117,19,,,1,30,,220118,19,,,1,70,,220119,19,,,1,30,,220120,19,,,1,70,,220121,19,,,1,30,,220122,19,,,1,70,,220123,19,,,1,30,,220124,19,,,1,100,,220125,19,,,1,100,,220126,19,,,1,100,,220127,19,,,1,100,,220128,19,,,1,100,,220129,19,,,1
71501,'715-Sunday-3-26-06-0000001',655,,198792,19,,,1,100,,198793,19,,,1,100,,198794,19,,,1,101,,198795,19,,,1,70,,198796,19,,,1,30,,198797,19,,,1,70,,198798,19,,,1,30,,198799,19,,,1,70,,198800,19,,,1,30,,198801,19,,,1,70,,198802,19,,,1,30,,198803,19,,,1,70,,198804,19,,,1,30,,198805,19,,,1,70,,198806,19,,,1,30,,198807,19,,,1,70,,198808,19,,,1,30,,198809,19,,,1,70,,198810,19,,,1,30,,198811,19,,,1,70,,198812,19,,,1,30,,198813,19,,,1,100,,198814,19,,,1,100,,198815,19,,,1,100,,198816,19,,,1,100,,198817,19,,,1,100,,198818,19,,,1
71501,'715-Sunday-4-26-06-0000001',655,,220130,19,,,1,100,,220131,19,,,1,100,,220132,19,,,1,101,,220133,19,,,1,70,,220134,19,,,1,30,,220135,19,,,1,70,,220136,19,,,1,30,,220137,19,,,1,70,,220138,19,,,1,30,,220139,19,,,1,70,,220140,19,,,1,30,,220141,19,,,1,70,,220142,19,,,1,30,,220143,19,,,1,70,,220144,19,,,1,30,,220145,19,,,1,70,,220146,19,,,1,30,,220147,19,,,1,70,,220148,19,,,1,30,,220149,19,,,1,70,,220150,19,,,1,30,,220151,19,,,1,100,,220152,19,,,1,100,,220153,19,,,1,100,,220154,19,,,1,100,,220155,19,,,1,100,,220156,19,,,1
71501,'715-Sunday-7-26-06-0000001',655,,220157,19,,,1,100,,220158,19,,,1,100,,220159,19,,,1,101,,220160,19,,,1,70,,220161,19,,,1,30,,220162,19,,,1,70,,220163,19,,,1,30,,220164,19,,,1,70,,220165,19,,,1,30,,220166,19,,,1,70,,220167,19,,,1,30,,220168,19,,,1,70,,220169,19,,,1,30,,220170,19,,,1,70,,220171,19,,,1,30,,220172,19,,,1,70,,220173,19,,,1,30,,220174,19,,,1,70,,220175,19,,,1,30,,220176,19,,,1,70,,220177,19,,,1,30,,220178,19,,,1,100,,220179,19,,,1,100,,220180,19,,,1,100,,220181,19,,,1,100,,220182,19,,,1,100,,220183,19,,,1
71501,'715-Sunday-8-26-06-0000001',655,,220184,19,,,1,100,,220185,19,,,1,100,,220186,19,,,1,101,,220187,19,,,1,70,,220188,19,,,1,30,,220189,19,,,1,70,,220190,19,,,1,30,,220191,19,,,1,70,,220192,19,,,1,30,,220193,19,,,1,70,,220194,19,,,1,30,,220195,19,,,1,70,,220196,19,,,1,30,,220197,19,,,1,70,,220198,19,,,1,30,,220199,19,,,1,70,,220200,19,,,1,30,,220201,19,,,1,70,,220202,19,,,1,30,,220203,19,,,1,70,,220204,19,,,1,30,,220205,19,,,1,100,,220206,19,,,1,100,,220207,19,,,1,100,,220208,19,,,1,100,,220209,19,,,1,100,,220210,19,,,1
71601,'716-Weekday-1-26-06-1111100',540,,180698,13,,,1,70,,180699,13,,,1,33,,180700,13,,,1,70,,180701,13,,,1,30,,180702,13,,,1,70,,180730,13,,,1,30,,180731,13,,,1,67,,180703,13,,,1,28,,180704,13,,,1,70,,180705,13,,,1,30,,180706,13,,,1,70,,180707,13,,,1,30,,180708,13,,,1,70,,180709,13,,,1,30,,180710,13,,,1,70,,180711,13,,,1,30,,180712,13,,,1,70,,180713,13,,,1,30,,180714,13,,,1,72,,180715,13,,,1,19,,180716,13,,,1,20,,180718,13,,,1,60,,180717,13,,,1,20,,180732,13,,,1,20,,180733,13,,,1,60,,180734,13,,,1,20,,180735,13,,,1,20,,180736,13,,,1,62,,180729,13,,,1,23,,180719,13,,,1,66,,180720,13,,,1,30,,180721,13,,,1,70,,180722,13,,,1,30,,180723,13,,,1,70,,180724,13,,,1,30,,180725,13,,,1,70,,180726,13,,,1,57,,180727,13,,,1,100,,180728,13,,,1
71601,'716-Weekday-2-26-06-1111100',540,,198884,13,,,1,70,,198885,13,,,1,33,,198886,13,,,1,70,,198887,13,,,1,30,,198888,13,,,1,70,,198916,13,,,1,30,,198917,13,,,1,67,,198889,13,,,1,28,,198890,13,,,1,70,,198891,13,,,1,30,,198892,13,,,1,70,,198893,13,,,1,30,,198894,13,,,1,70,,198895,13,,,1,30,,198896,13,,,1,70,,198897,13,,,1,30,,198898,13,,,1,70,,198899,13,,,1,30,,198900,13,,,1,72,,198901,13,,,1,19,,198902,13,,,1,20,,198904,13,,,1,60,,198903,13,,,1,20,,198918,13,,,1,20,,198919,13,,,1,60,,198920,13,,,1,20,,198921,13,,,1,20,,198922,13,,,1,62,,198915,13,,,1,23,,198905,13,,,1,66,,198906,13,,,1,30,,198907,13,,,1,70,,198908,13,,,1,30,,198909,13,,,1,70,,198910,13,,,1,30,,198911,13,,,1,70,,198912,13,,,1,57,,198913,13,,,1,100,,198914,13,,,1
71601,'716-Saturday-1-26-06-0000010',556,,180737,13,,,1,100,,180738,13,,,1,100,,180739,13,,,1,70,,180740,13,,,1,30,,180741,13,,,1,74,,180742,13,,,1,70,,180743,13,,,1,30,,180744,13,,,1,70,,180745,13,,,1,30,,180746,13,,,1,70,,180747,13,,,1,30,,180748,13,,,1,70,,180749,13,,,1,30,,180750,13,,,1,70,,180751,13,,,1,30,,180752,13,,,1,70,,180753,13,,,1,30,,180754,13,,,1,70,,180755,13,,,1,30,,180756,13,,,1,70,,180757,13,,,1,29,,180758,13,,,1,30,,180759,13,,,1,70,,180760,13,,,1,30,,180761,13,,,1,100,,180762,13,,,1,100,,180763,13,,,1,100,,180764,13,,,1,100,,180765,13,,,1,100,,180766,13,,,1
71601,'716-Saturday-2-26-06-0000010',556,,220322,13,,,1,100,,220323,13,,,1,100,,220324,13,,,1,70,,220325,13,,,1,30,,220326,13,,,1,74,,220327,13,,,1,70,,220328,13,,,1,30,,220329,13,,,1,70,,220330,13,,,1,30,,220331,13,,,1,70,,220332,13,,,1,30,,220333,13,,,1,70,,220334,13,,,1,30,,220335,13,,,1,70,,220336,13,,,1,30,,220337,13,,,1,70,,220338,13,,,1,30,,220339,13,,,1,70,,220340,13,,,1,30,,220341,13,,,1,70,,220342,13,,,1,29,,220343,13,,,1,30,,220344,13,,,1,70,,220345,13,,,1,30,,220346,13,,,1,100,,220347,13,,,1,100,,220348,13,,,1,100,,220349,13,,,1,100,,220350,13,,,1,100,,220351,13,,,1
71601,'716-Sunday-3-26-06-0000001',652,,198923,13,,,1,100,,198924,13,,,1,100,,198925,13,,,1,103,,198926,13,,,1,70,,198927,13,,,1,30,,198928,13,,,1,70,,198929,13,,,1,30,,198930,13,,,1,70,,198931,13,,,1,30,,198932,13,,,1,70,,198933,13,,,1,30,,198934,13,,,1,70,,198935,13,,,1,30,,198936,13,,,1,70,,198937,13,,,1,30,,198938,13,,,1,70,,198939,13,,,1,30,,198940,13,,,1,72,,198941,13,,,1,30,,198942,13,,,1,70,,198943,13,,,1,30,,198944,13,,,1,100,,198945,13,,,1,100,,198946,13,,,1,100,,198947,13,,,1,100,,198948,13,,,1,100,,198949,13,,,1
71601,'716-Sunday-4-26-06-0000001',652,,220352,13,,,1,100,,220353,13,,,1,100,,220354,13,,,1,103,,220355,13,,,1,70,,220356,13,,,1,30,,220357,13,,,1,70,,220358,13,,,1,30,,220359,13,,,1,70,,220360,13,,,1,30,,220361,13,,,1,70,,220362,13,,,1,30,,220363,13,,,1,70,,220364,13,,,1,30,,220365,13,,,1,70,,220366,13,,,1,30,,220367,13,,,1,70,,220368,13,,,1,30,,220369,13,,,1,72,,220370,13,,,1,30,,220371,13,,,1,70,,220372,13,,,1,30,,220373,13,,,1,100,,220374,13,,,1,100,,220375,13,,,1,100,,220376,13,,,1,100,,220377,13,,,1,100,,220378,13,,,1
71601,'716-Sunday-7-26-06-0000001',652,,220379,13,,,1,100,,220380,13,,,1,100,,220381,13,,,1,103,,220382,13,,,1,70,,220383,13,,,1,30,,220384,13,,,1,70,,220385,13,,,1,30,,220386,13,,,1,70,,220387,13,,,1,30,,220388,13,,,1,70,,220389,13,,,1,30,,220390,13,,,1,70,,220391,13,,,1,30,,220392,13,,,1,70,,220393,13,,,1,30,,220394,13,,,1,70,,220395,13,,,1,30,,220396,13,,,1,72,,220397,13,,,1,30,,220398,13,,,1,70,,220399,13,,,1,30,,220400,13,,,1,100,,220401,13,,,1,100,,220402,13,,,1,100,,220403,13,,,1,100,,220404,13,,,1,100,,220405,13,,,1
71601,'716-Sunday-8-26-06-0000001',652,,220406,13,,,1,100,,220407,13,,,1,100,,220408,13,,,1,103,,220409,13,,,1,70,,220410,13,,,1,30,,220411,13,,,1,70,,220412,13,,,1,30,,220413,13,,,1,70,,220414,13,,,1,30,,220415,13,,,1,70,,220416,13,,,1,30,,220417,13,,,1,70,,220418,13,,,1,30,,220419,13,,,1,70,,220420,13,,,1,30,,220421,13,,,1,70,,220422,13,,,1,30,,220423,13,,,1,72,,220424,13,,,1,30,,220425,13,,,1,70,,220426,13,,,1,30,,220427,13,,,1,100,,220428,13,,,1,100,,220429,13,,,1,100,,220430,13,,,1,100,,220431,13,,,1,100,,220432,13,,,1
71701,'717-Weekday-1-26-06-1111100',517,,180899,13,,,1,30,,180900,13,,,1,70,,180898,13,,,1,32,,180901,13,,,1,70,,180902,13,,,1,30,,180903,13,,,1,70,,180904,13,,,1,30,,180905,13,,,1,68,,180920,13,,,1,29,,180921,13,,,1,70,,180922,13,,,1,30,,180923,13,,,1,70,,180924,13,,,1,30,,180925,13,,,1,70,,180926,13,,,1,30,,180927,13,,,1,70,,180928,13,,,1,30,,180929,13,,,1,70,,180930,13,,,1,30,,180931,13,,,1,72,,180913,13,,,1,20,,180917,13,,,1,20,,180932,13,,,1,60,,180919,13,,,1,20,,180918,13,,,1,20,,180916,13,,,1,60,,180914,13,,,1,20,,180915,13,,,1,20,,180933,13,,,1,58,,180934,13,,,1,28,,180912,13,,,1,70,,180911,13,,,1,30,,180910,13,,,1,70,,180909,13,,,1,30,,180908,13,,,1,70,,180907,13,,,1,30,,180906,13,,,1,69,,180935,13,,,1
71701,'717-Weekday-2-26-06-1111100',517,,199005,13,,,1,30,,199006,13,,,1,70,,199004,13,,,1,32,,199007,13,,,1,70,,199008,13,,,1,30,,199009,13,,,1,70,,199010,13,,,1,30,,199011,13,,,1,68,,199026,13,,,1,29,,199027,13,,,1,70,,199028,13,,,1,30,,199029,13,,,1,70,,199030,13,,,1,30,,199031,13,,,1,70,,199032,13,,,1,30,,199033,13,,,1,70,,199034,13,,,1,30,,199035,13,,,1,70,,199036,13,,,1,30,,199037,13,,,1,72,,199019,13,,,1,20,,199023,13,,,1,20,,199038,13,,,1,60,,199025,13,,,1,20,,199024,13,,,1,20,,199022,13,,,1,60,,199020,13,,,1,20,,199021,13,,,1,20,,199039,13,,,1,58,,199040,13,,,1,28,,199018,13,,,1,70,,199017,13,,,1,30,,199016,13,,,1,70,,199015,13,,,1,30,,199014,13,,,1,70,,199013,13,,,1,30,,199012,13,,,1,69,,199041,13,,,1
71701,'717-Saturday-1-26-06-0000010',811,,180936,13,,,1,30,,180937,13,,,1,74,,180938,13,,,1,30,,180939,13,,,1,70,,180940,13,,,1,30,,180941,13,,,1,70,,180942,13,,,1,30,,180943,13,,,1,70,,180944,13,,,1,30,,180945,13,,,1,70,,180946,13,,,1,30,,180947,13,,,1,70,,180948,13,,,1,30,,180949,13,,,1,70,,180950,13,,,1,30,,180951,13,,,1,70,,180952,13,,,1,30,,180953,13,,,1,70,,180954,13,,,1,30,,180955,13,,,1,70,,180956,13,,,1,30,,180957,13,,,1
71701,'717-Saturday-2-26-06-0000010',811,,220509,13,,,1,30,,220510,13,,,1,74,,220511,13,,,1,30,,220512,13,,,1,70,,220513,13,,,1,30,,220514,13,,,1,70,,220515,13,,,1,30,,220516,13,,,1,70,,220517,13,,,1,30,,220518,13,,,1,70,,220519,13,,,1,30,,220520,13,,,1,70,,220521,13,,,1,30,,220522,13,,,1,70,,220523,13,,,1,30,,220524,13,,,1,70,,220525,13,,,1,30,,220526,13,,,1,70,,220527,13,,,1,30,,220528,13,,,1,70,,220529,13,,,1,30,,220530,13,,,1
71701,'717-Sunday-2-26-06-0000001',1010,,199042,13,,,1,30,,199043,13,,,1,70,,199044,13,,,1,30,,199045,13,,,1,70,,199046,13,,,1,30,,199047,13,,,1,70,,199048,13,,,1,30,,199049,13,,,1,70,,199050,13,,,1,30,,199051,13,,,1,70,,199052,13,,,1,30,,199053,13,,,1,70,,199054,13,,,1,30,,199055,13,,,1,72,,199056,13,,,1,30,,199057,13,,,1,70,,199058,13,,,1,30,,199059,13,,,1
71701,'717-Sunday-3-26-06-0000001',1010,,220531,13,,,1,30,,220532,13,,,1,70,,220533,13,,,1,30,,220534,13,,,1,70,,220535,13,,,1,30,,220536,13,,,1,70,,220537,13,,,1,30,,220538,13,,,1,70,,220539,13,,,1,30,,220540,13,,,1,70,,220541,13,,,1,30,,220542,13,,,1,70,,220543,13,,,1,30,,220544,13,,,1,72,,220545,13,,,1,30,,220546,13,,,1,70,,220547,13,,,1,30,,220548,13,,,1
71701,'717-Sunday-6-26-06-0000001',1010,,220549,13,,,1,30,,220550,13,,,1,70,,220551,13,,,1,30,,220552,13,,,1,70,,220553,13,,,1,30,,220554,13,,,1,70,,220555,13,,,1,30,,220556,13,,,1,70,,220557,13,,,1,30,,220558,13,,,1,70,,220559,13,,,1,30,,220560,13,,,1,70,,220561,13,,,1,30,,220562,13,,,1,72,,220563,13,,,1,30,,220564,13,,,1,70,,220565,13,,,1,30,,220566,13,,,1
71701,'717-Sunday-7-26-06-0000001',1010,,220567,13,,,1,30,,220568,13,,,1,70,,220569,13,,,1,30,,220570,13,,,1,70,,220571,13,,,1,30,,220572,13,,,1,70,,220573,13,,,1,30,,220574,13,,,1,70,,220575,13,,,1,30,,220576,13,,,1,70,,220577,13,,,1,30,,220578,13,,,1,70,,220579,13,,,1,30,,220580,13,,,1,72,,220581,13,,,1,30,,220582,13,,,1,70,,220583,13,,,1,30,,220584,13,,,1
