10701,'107-Weekday-1-26-09-1111100',552,,251237,36,,,1,70,,251238,36,,,1,35,,251239,36,,,1,50,,251258,36,,,1,10,,251288,36,,,1,10,,251240,36,,,1,10,,251259,36,,,1,10,,251289,36,,,1,10,,251241,36,,,1,50,,251260,36,,,1,5,,251295,36,,,1,5,,251290,36,,,1,10,,251242,36,,,1,5,,251296,36,,,1,5,,251243,36,,,1,10,,251291,36,,,1,10,,251244,36,,,1,50,,251292,36,,,1,12,,251287,36,,,1,13,,251245,36,,,1,20,,251246,36,,,1,60,,251261,36,,,1,20,,251262,36,,,1,20,,251263,36,,,1,60,,251264,36,,,1,20,,251265,36,,,1,20,,251266,36,,,1,60,,251267,36,,,1,20,,251268,36,,,1,20,,251269,36,,,1,60,,251270,36,,,1,20,,251271,36,,,1,20,,251272,36,,,1,60,,251273,36,,,1,20,,251274,36,,,1,20,,251275,36,,,1,63,,251284,36,,,1,16,,251257,36,,,1,15,,251276,36,,,1,55,,251277,36,,,1,15,,251278,36,,,1,15,,251247,36,,,1,15,,251248,36,,,1,55,,251249,36,,,1,15,,251250,36,,,1,15,,251251,36,,,1,15,,251252,36,,,1,60,,251285,36,,,1,21,,251286,36,,,1,18,,251253,36,,,1,69,,251280,36,,,1,30,,251281,36,,,1,70,,251282,36,,,1,30,,251283,36,,,1,70,,251254,36,,,1,30,,251256,36,,,1,70,,251255,36,,,1,30,,251279,36,,,1,100,,251293,36,,,1,100,,251294,36,,,1
10701,'107-Weekday-3-26-09-1111100',552,,251357,36,,,1,70,,251358,36,,,1,35,,251359,36,,,1,50,,251378,36,,,1,10,,251408,36,,,1,10,,251360,36,,,1,10,,251379,36,,,1,10,,251409,36,,,1,10,,251361,36,,,1,50,,251380,36,,,1,5,,251415,36,,,1,5,,251410,36,,,1,10,,251362,36,,,1,5,,251416,36,,,1,5,,251363,36,,,1,10,,251411,36,,,1,10,,251364,36,,,1,50,,251412,36,,,1,12,,251407,36,,,1,13,,251365,36,,,1,20,,251366,36,,,1,60,,251381,36,,,1,20,,251382,36,,,1,20,,251383,36,,,1,60,,251384,36,,,1,20,,251385,36,,,1,20,,251386,36,,,1,60,,251387,36,,,1,20,,251388,36,,,1,20,,251389,36,,,1,60,,251390,36,,,1,20,,251391,36,,,1,20,,251392,36,,,1,60,,251393,36,,,1,20,,251394,36,,,1,20,,251395,36,,,1,63,,251404,36,,,1,16,,251377,36,,,1,15,,251396,36,,,1,55,,251397,36,,,1,15,,251398,36,,,1,15,,251367,36,,,1,15,,251368,36,,,1,55,,251369,36,,,1,15,,251370,36,,,1,15,,251371,36,,,1,15,,251372,36,,,1,60,,251405,36,,,1,21,,251406,36,,,1,18,,251373,36,,,1,69,,251400,36,,,1,30,,251401,36,,,1,70,,251402,36,,,1,30,,251403,36,,,1,70,,251374,36,,,1,30,,251376,36,,,1,70,,251375,36,,,1,30,,251399,36,,,1,100,,251413,36,,,1,100,,251414,36,,,1
10701,'107-Weekday-4-26-09-1111100',552,,251417,36,,,1,70,,251418,36,,,1,35,,251419,36,,,1,50,,251438,36,,,1,10,,251468,36,,,1,10,,251420,36,,,1,10,,251439,36,,,1,10,,251469,36,,,1,10,,251421,36,,,1,50,,251440,36,,,1,10,,251470,36,,,1,10,,251422,36,,,1,10,,251423,36,,,1,10,,251471,36,,,1,10,,251424,36,,,1,50,,251472,36,,,1,12,,251467,36,,,1,13,,251425,36,,,1,20,,251426,36,,,1,60,,251441,36,,,1,20,,251442,36,,,1,20,,251443,36,,,1,60,,251444,36,,,1,20,,251445,36,,,1,20,,251446,36,,,1,60,,251447,36,,,1,20,,251448,36,,,1,20,,251449,36,,,1,60,,251450,36,,,1,20,,251451,36,,,1,20,,251452,36,,,1,60,,251453,36,,,1,20,,251454,36,,,1,20,,251455,36,,,1,63,,251464,36,,,1,16,,251437,36,,,1,15,,251456,36,,,1,55,,251457,36,,,1,15,,251458,36,,,1,15,,251427,36,,,1,15,,251428,36,,,1,55,,251429,36,,,1,15,,251430,36,,,1,15,,251431,36,,,1,15,,251432,36,,,1,60,,251465,36,,,1,21,,251466,36,,,1,18,,251433,36,,,1,69,,251460,36,,,1,30,,251461,36,,,1,70,,251462,36,,,1,30,,251463,36,,,1,70,,251434,36,,,1,30,,251436,36,,,1,70,,251435,36,,,1,30,,251459,36,,,1,100,,251473,36,,,1,100,,251474,36,,,1
10701,'107-Weekday-5-26-09-1111100',552,,251475,36,,,1,70,,251476,36,,,1,35,,251477,36,,,1,50,,251496,36,,,1,10,,251526,36,,,1,10,,251478,36,,,1,10,,251497,36,,,1,10,,251527,36,,,1,10,,251479,36,,,1,50,,251498,36,,,1,10,,251528,36,,,1,10,,251480,36,,,1,10,,251481,36,,,1,10,,251529,36,,,1,10,,251482,36,,,1,50,,251530,36,,,1,12,,251525,36,,,1,13,,251483,36,,,1,20,,251484,36,,,1,60,,251499,36,,,1,20,,251500,36,,,1,20,,251501,36,,,1,60,,251502,36,,,1,20,,251503,36,,,1,20,,251504,36,,,1,60,,251505,36,,,1,20,,251506,36,,,1,20,,251507,36,,,1,60,,251508,36,,,1,20,,251509,36,,,1,20,,251510,36,,,1,60,,251511,36,,,1,20,,251512,36,,,1,20,,251513,36,,,1,63,,251522,36,,,1,16,,251495,36,,,1,15,,251514,36,,,1,55,,251515,36,,,1,15,,251516,36,,,1,15,,251485,36,,,1,15,,251486,36,,,1,55,,251487,36,,,1,15,,251488,36,,,1,15,,251489,36,,,1,15,,251490,36,,,1,60,,251523,36,,,1,21,,251524,36,,,1,18,,251491,36,,,1,69,,251518,36,,,1,30,,251519,36,,,1,70,,251520,36,,,1,30,,251521,36,,,1,70,,251492,36,,,1,30,,251494,36,,,1,70,,251493,36,,,1,30,,251517,36,,,1,100,,251531,36,,,1,100,,251532,36,,,1
10701,'107-Weekday-6-26-09-1111100',552,,251533,36,,,1,70,,251534,36,,,1,35,,251535,36,,,1,50,,251554,36,,,1,10,,251584,36,,,1,10,,251536,36,,,1,10,,251555,36,,,1,10,,251585,36,,,1,10,,251537,36,,,1,50,,251556,36,,,1,5,,251591,36,,,1,5,,251586,36,,,1,10,,251538,36,,,1,5,,251592,36,,,1,5,,251539,36,,,1,10,,251587,36,,,1,10,,251540,36,,,1,50,,251588,36,,,1,12,,251583,36,,,1,13,,251541,36,,,1,20,,251542,36,,,1,60,,251557,36,,,1,20,,251558,36,,,1,20,,251559,36,,,1,60,,251560,36,,,1,20,,251561,36,,,1,20,,251562,36,,,1,60,,251563,36,,,1,20,,251564,36,,,1,20,,251565,36,,,1,60,,251566,36,,,1,20,,251567,36,,,1,20,,251568,36,,,1,60,,251569,36,,,1,20,,251570,36,,,1,20,,251571,36,,,1,63,,251580,36,,,1,16,,251553,36,,,1,15,,251572,36,,,1,55,,251573,36,,,1,15,,251574,36,,,1,15,,251543,36,,,1,15,,251544,36,,,1,55,,251545,36,,,1,15,,251546,36,,,1,15,,251547,36,,,1,15,,251548,36,,,1,60,,251581,36,,,1,21,,251582,36,,,1,18,,251549,36,,,1,69,,251576,36,,,1,30,,251577,36,,,1,70,,251578,36,,,1,30,,251579,36,,,1,70,,251550,36,,,1,30,,251552,36,,,1,70,,251551,36,,,1,30,,251575,36,,,1,100,,251589,36,,,1,100,,251590,36,,,1
10701,'107-Weekday-7-26-09-1111100',552,,251593,36,,,1,70,,251594,36,,,1,35,,251595,36,,,1,50,,251614,36,,,1,10,,251644,36,,,1,10,,251596,36,,,1,10,,251615,36,,,1,10,,251645,36,,,1,10,,251597,36,,,1,50,,251616,36,,,1,10,,251646,36,,,1,10,,251598,36,,,1,10,,251599,36,,,1,10,,251647,36,,,1,10,,251600,36,,,1,50,,251648,36,,,1,12,,251643,36,,,1,13,,251601,36,,,1,20,,251602,36,,,1,60,,251617,36,,,1,20,,251618,36,,,1,20,,251619,36,,,1,60,,251620,36,,,1,20,,251621,36,,,1,20,,251622,36,,,1,60,,251623,36,,,1,20,,251624,36,,,1,20,,251625,36,,,1,60,,251626,36,,,1,20,,251627,36,,,1,20,,251628,36,,,1,60,,251629,36,,,1,20,,251630,36,,,1,20,,251631,36,,,1,63,,251640,36,,,1,16,,251613,36,,,1,15,,251632,36,,,1,55,,251633,36,,,1,15,,251634,36,,,1,15,,251603,36,,,1,15,,251604,36,,,1,55,,251605,36,,,1,15,,251606,36,,,1,15,,251607,36,,,1,15,,251608,36,,,1,60,,251641,36,,,1,21,,251642,36,,,1,18,,251609,36,,,1,69,,251636,36,,,1,30,,251637,36,,,1,70,,251638,36,,,1,30,,251639,36,,,1,70,,251610,36,,,1,30,,251612,36,,,1,70,,251611,36,,,1,30,,251635,36,,,1,100,,251649,36,,,1,100,,251650,36,,,1
10701,'107-Saturday-1-26-09-0000010',615,,251674,36,,,1,100,,251675,36,,,1,100,,251676,36,,,1,30,,251677,36,,,1,70,,251651,36,,,1,31,,251654,36,,,1,70,,251655,36,,,1,30,,251656,36,,,1,70,,251657,36,,,1,30,,251658,36,,,1,70,,251659,36,,,1,30,,251660,36,,,1,70,,251661,36,,,1,30,,251662,36,,,1,70,,251663,36,,,1,30,,251664,36,,,1,70,,251665,36,,,1,30,,251666,36,,,1,70,,251667,36,,,1,30,,251668,36,,,1,71,,251652,36,,,1,28,,251653,36,,,1,70,,251669,36,,,1,30,,251678,36,,,1,70,,251679,36,,,1,30,,251680,36,,,1,70,,251681,36,,,1,100,,251670,36,,,1,100,,251671,36,,,1,100,,251672,36,,,1,100,,251673,36,,,1
10701,'107-Sunday-1-26-09-0000001',601,,251709,36,,,1,100,,251702,36,,,1,100,,251703,36,,,1,100,,251683,36,,,1,103,,251682,36,,,1,100,,251684,36,,,1,30,,251685,36,,,1,70,,251686,36,,,1,30,,251687,36,,,1,70,,251688,36,,,1,30,,251689,36,,,1,70,,251690,36,,,1,30,,251691,36,,,1,70,,251692,36,,,1,30,,251693,36,,,1,70,,251694,36,,,1,30,,251695,36,,,1,70,,251696,36,,,1,29,,251697,36,,,1,70,,251698,36,,,1,30,,251699,36,,,1,70,,251700,36,,,1,30,,251701,36,,,1,70,,251704,36,,,1,100,,251705,36,,,1,100,,251706,36,,,1,100,,251707,36,,,1,100,,251708,36,,,1
62001,'620-Weekday-1-26-09-1111100',751,,273336,31,0,62 63,1,79,,273337,31,0,62 63,1,5,,273338,31,0,62 63,1
62001,'620-Weekday-4-26-09-1111100',751,,273341,31,0,62 63,1
62001,'620-Weekday-7-26-09-1111100',751,,273342,31,0,62 63,1,79,,273343,31,0,62 63,1,5,,273344,31,0,62 63,1
62101,'621-Weekday-1-26-09-1111100',750,,273355,29,,,1,5,,273356,29,,,1,80,,273357,29,,,1
62101,'621-Weekday-4-26-09-1111100',750,,273359,29,,,1,5,,273360,29,,,1
62101,'621-Weekday-7-26-09-1111100',750,,273361,29,,,1,5,,273362,29,,,1,80,,273363,29,,,1
62601,'626-Weekday-1-26-09-1111100',728,,273518,23,,,1,5,,273519,23,,,1,5,,273520,23,,,1,5,,273521,23,,,1
62601,'626-Weekday-4-26-09-1111100',728,,273522,23,,,1,5,,273523,23,,,1,5,,273524,23,,,1,5,,273525,23,,,1
62601,'626-Weekday-7-26-09-1111100',728,,273526,23,,,1,5,,273527,23,,,1,5,,273528,23,,,1,5,,273529,23,,,1
62801,'628-Weekday-1-26-09-1111100',820,,273539,23,,,1
62801,'628-Weekday-7-26-09-1111100',820,,273541,23,,,1
