11100,'111-Weekday-1-26-06-1111100',938,,171477,39,,,1,100,,171478,39,,,1,100,,171479,39,,,1,100,,171480,39,,,1,100,,171481,39,,,1,100,,171482,39,,,1,101,,171483,39,0,34,1
11100,'111-Weekday-2-26-06-1111100',938,,193555,39,,,1,100,,193556,39,,,1,100,,193557,39,,,1,100,,193558,39,,,1,100,,193559,39,,,1,100,,193560,39,,,1,101,,193561,39,0,34,1
11100,'111-Saturday-1-26-06-0000010',938,,171489,39,0,34,1,100,,171490,39,0,34,1,100,,171486,39,0,34,1,100,,171487,39,0,34,1,100,,171488,39,0,34,1,100,,171484,39,0,34,1,100,,171485,39,0,34,1
11100,'111-Saturday-2-26-06-0000010',938,,212034,39,0,34,1,100,,212035,39,0,34,1,100,,212031,39,0,34,1,100,,212032,39,0,34,1,100,,212033,39,0,34,1,100,,212029,39,0,34,1,100,,212030,39,0,34,1
70100,'701-Weekday-1-26-06-1111100',544,,177764,10,,,1,61,,177765,32,,,1,31,,177766,32,,,1,76,,177767,32,,,1,15,,177768,32,,,1,15,,177769,32,,,1,15,,177770,32,,,1,55,,177771,32,,,1,15,,177772,32,,,1,15,,177773,32,,,1,16,,177774,32,,,1,56,,177775,32,,,1,15,,177776,10,,,1,15,,177777,32,,,1,15,,177778,10,,,1,55,,177779,32,,,1,15,,177780,10,,,1,15,,177781,32,,,1,15,,177782,10,,,1,55,,177783,32,,,1,15,,177784,10,,,1,15,,177785,32,,,1,15,,177786,10,,,1,55,,177787,32,,,1,15,,177788,10,,,1,15,,177789,32,,,1,15,,177790,10,,,1,55,,177791,32,,,1,15,,177792,10,,,1,15,,177793,32,,,1,15,,177794,10,,,1,55,,177795,32,,,1,15,,177796,10,,,1,15,,177797,32,,,1,13,,177798,32,,,1,55,,177799,32,,,1,19,,177800,32,,,1,15,,177801,32,,,1,56,,177802,32,,,1,15,,177803,32,,,1,15,,177804,32,,,1,14,,177805,32,,,1,56,,177806,32,,,1,15,,177807,32,,,1,15,,177808,32,,,1,70,,177809,32,,,1,27,,177810,32,,,1,26,,177811,32,,,1,69,,177812,32,,,1,30,,177813,32,,,1,70,,177814,32,,,1,30,,177815,32,,,1,70,,177816,32,,,1,30,,177817,32,,,1,67,,177818,32,,,1,99,,177819,32,,,1
70100,'701-Weekday-3-26-06-1111100',544,,197262,10,,,1,61,,197263,32,,,1,31,,197264,32,,,1,76,,197265,32,,,1,15,,197266,32,,,1,15,,197267,32,,,1,15,,197268,32,,,1,55,,197269,32,,,1,15,,197270,32,,,1,15,,197271,32,,,1,16,,197272,32,,,1,56,,197273,32,,,1,15,,197274,10,,,1,15,,197275,32,,,1,15,,197276,10,,,1,55,,197277,32,,,1,15,,197278,10,,,1,15,,197279,32,,,1,15,,197280,10,,,1,55,,197281,32,,,1,15,,197282,10,,,1,15,,197283,32,,,1,15,,197284,10,,,1,55,,197285,32,,,1,15,,197286,10,,,1,15,,197287,32,,,1,15,,197288,10,,,1,55,,197289,32,,,1,15,,197290,10,,,1,15,,197291,32,,,1,15,,197292,10,,,1,55,,197293,32,,,1,15,,197294,10,,,1,15,,197295,32,,,1,13,,197296,32,,,1,55,,197297,32,,,1,19,,197298,32,,,1,15,,197299,32,,,1,56,,197300,32,,,1,15,,197301,32,,,1,15,,197302,32,,,1,14,,197303,32,,,1,56,,197304,32,,,1,15,,197305,32,,,1,15,,197306,32,,,1,70,,197307,32,,,1,27,,197308,32,,,1,26,,197309,32,,,1,69,,197310,32,,,1,30,,197311,32,,,1,70,,197312,32,,,1,30,,197313,32,,,1,70,,197314,32,,,1,30,,197315,32,,,1,67,,197316,32,,,1,99,,197317,32,,,1
70100,'701-Saturday-1-26-06-0000010',653,,177820,10,,,1,99,,177821,32,,,1,70,,177848,10,,,1,27,,177822,32,,,1,68,,177823,32,,,1,30,,177824,32,,,1,70,,177825,32,,,1,30,,177826,32,,,1,70,,177827,32,,,1,30,,177828,32,,,1,70,,177829,32,,,1,30,,177830,32,,,1,70,,177831,32,,,1,30,,177832,32,,,1,70,,177833,32,,,1,30,,177834,32,,,1,70,,177835,32,,,1,30,,177836,32,,,1,70,,177837,32,,,1,30,,177838,32,,,1,71,,177839,32,,,1,30,,177840,32,,,1,70,,177841,32,,,1,30,,177842,32,,,1,70,,177843,32,,,1,33,,177844,32,,,1,100,,177845,32,,,1,100,,177846,32,,,1,100,,177847,32,,,1,100,,177849,32,,,1
70100,'701-Saturday-2-26-06-0000010',653,,217841,10,,,1,99,,217842,32,,,1,70,,217869,10,,,1,27,,217843,32,,,1,68,,217844,32,,,1,30,,217845,32,,,1,70,,217846,32,,,1,30,,217847,32,,,1,70,,217848,32,,,1,30,,217849,32,,,1,70,,217850,32,,,1,30,,217851,32,,,1,70,,217852,32,,,1,30,,217853,32,,,1,70,,217854,32,,,1,30,,217855,32,,,1,70,,217856,32,,,1,30,,217857,32,,,1,70,,217858,32,,,1,30,,217859,32,,,1,71,,217860,32,,,1,30,,217861,32,,,1,70,,217862,32,,,1,30,,217863,32,,,1,70,,217864,32,,,1,33,,217865,32,,,1,100,,217866,32,,,1,100,,217867,32,,,1,100,,217868,32,,,1,100,,217870,32,,,1
70100,'701-Sunday-3-26-06-0000001',609,,197318,10,,,1,100,,197319,10,,,1,100,,197345,10,,,1,29,,197320,32,,,1,72,,197346,10,,,1,30,,197321,32,,,1,70,,197347,10,,,1,30,,197322,32,,,1,70,,197323,32,,,1,30,,197324,32,,,1,70,,197325,32,,,1,30,,197326,32,,,1,70,,197327,32,,,1,30,,197328,32,,,1,70,,197329,32,,,1,30,,197330,32,,,1,70,,197331,32,,,1,30,,197332,32,,,1,70,,197333,32,,,1,30,,197334,32,,,1,66,,197335,32,,,1,34,,197336,32,,,1,70,,197337,32,,,1,30,,197338,32,,,1,70,,197339,32,,,1,30,,197340,32,,,1,100,,197341,32,,,1,100,,197342,32,,,1,100,,197343,32,,,1,100,,197344,10,,,1
70100,'701-Sunday-4-26-06-0000001',609,,217871,10,,,1,100,,217872,10,,,1,100,,217898,10,,,1,29,,217873,32,,,1,72,,217899,10,,,1,30,,217874,32,,,1,70,,217900,10,,,1,30,,217875,32,,,1,70,,217876,32,,,1,30,,217877,32,,,1,70,,217878,32,,,1,30,,217879,32,,,1,70,,217880,32,,,1,30,,217881,32,,,1,70,,217882,32,,,1,30,,217883,32,,,1,70,,217884,32,,,1,30,,217885,32,,,1,70,,217886,32,,,1,30,,217887,32,,,1,66,,217888,32,,,1,34,,217889,32,,,1,70,,217890,32,,,1,30,,217891,32,,,1,70,,217892,32,,,1,30,,217893,32,,,1,100,,217894,32,,,1,100,,217895,32,,,1,100,,217896,32,,,1,100,,217897,10,,,1
70100,'701-Sunday-7-26-06-0000001',609,,217901,10,,,1,100,,217902,10,,,1,100,,217928,10,,,1,29,,217903,32,,,1,72,,217929,10,,,1,30,,217904,32,,,1,70,,217930,10,,,1,30,,217905,32,,,1,70,,217906,32,,,1,30,,217907,32,,,1,70,,217908,32,,,1,30,,217909,32,,,1,70,,217910,32,,,1,30,,217911,32,,,1,70,,217912,32,,,1,30,,217913,32,,,1,70,,217914,32,,,1,30,,217915,32,,,1,70,,217916,32,,,1,30,,217917,32,,,1,66,,217918,32,,,1,34,,217919,32,,,1,70,,217920,32,,,1,30,,217921,32,,,1,70,,217922,32,,,1,30,,217923,32,,,1,100,,217924,32,,,1,100,,217925,32,,,1,100,,217926,32,,,1,100,,217927,10,,,1
70100,'701-Sunday-8-26-06-0000001',609,,217931,10,,,1,100,,217932,10,,,1,100,,217958,10,,,1,29,,217933,32,,,1,72,,217959,10,,,1,30,,217934,32,,,1,70,,217960,10,,,1,30,,217935,32,,,1,70,,217936,32,,,1,30,,217937,32,,,1,70,,217938,32,,,1,30,,217939,32,,,1,70,,217940,32,,,1,30,,217941,32,,,1,70,,217942,32,,,1,30,,217943,32,,,1,70,,217944,32,,,1,30,,217945,32,,,1,70,,217946,32,,,1,30,,217947,32,,,1,66,,217948,32,,,1,34,,217949,32,,,1,70,,217950,32,,,1,30,,217951,32,,,1,70,,217952,32,,,1,30,,217953,32,,,1,100,,217954,32,,,1,100,,217955,32,,,1,100,,217956,32,,,1,100,,217957,10,,,1
24012000,'120X-Weekday-1-26-06-1111100',611,,187023,10,,,1,20,,187024,10,,,1,20,,187028,10,,,1,60,,187012,10,,,1,24,,187013,10,,,1,24,,187025,10,,,1,64,,187014,10,,,1,14,,187052,10,,,1,14,,187049,10,,,1,61,,187051,10,,,1,20,,187029,10,,,1,20,,187030,10,,,1,60,,187031,10,,,1,20,,187032,10,,,1,20,,187033,10,,,1,60,,187034,10,,,1,20,,187035,10,,,1,20,,187036,10,,,1,60,,187037,10,,,1,20,,187038,10,,,1,20,,187039,10,,,1,60,,187040,10,,,1,20,,187041,10,,,1,20,,187042,10,,,1,60,,187043,10,,,1,20,,187044,10,,,1,21,,187045,10,,,1,62,,187046,10,,,1,20,,187047,10,,,1,8,,187048,10,,,1,12,,187026,10,,,1,52,,187015,10,,,1,12,,187016,10,,,1,11,,187017,10,,,1,12,,187018,10,,,1,11,,187019,10,,,1,52,,187050,10,,,1,20,,187020,10,,,1,20,,187021,10,,,1,60,,187022,10,,,1,20,,187027,10,,,1,20,,187053,10,,,1
24012000,'120X-Weekday-2-26-06-1111100',611,,202927,10,,,1,20,,202928,10,,,1,20,,202932,10,,,1,60,,202916,10,,,1,24,,202917,10,,,1,24,,202929,10,,,1,64,,202918,10,,,1,14,,202956,10,,,1,14,,202953,10,,,1,61,,202955,10,,,1,20,,202933,10,,,1,20,,202934,10,,,1,60,,202935,10,,,1,20,,202936,10,,,1,20,,202937,10,,,1,60,,202938,10,,,1,20,,202939,10,,,1,20,,202940,10,,,1,60,,202941,10,,,1,20,,202942,10,,,1,20,,202943,10,,,1,60,,202944,10,,,1,20,,202945,10,,,1,20,,202946,10,,,1,60,,202947,10,,,1,20,,202948,10,,,1,21,,202949,10,,,1,62,,202950,10,,,1,20,,202951,10,,,1,8,,202952,10,,,1,12,,202930,10,,,1,52,,202919,10,,,1,12,,202920,10,,,1,11,,202921,10,,,1,12,,202922,10,,,1,11,,202923,10,,,1,52,,202954,10,,,1,20,,202924,10,,,1,20,,202925,10,,,1,60,,202926,10,,,1,20,,202931,10,,,1,20,,202957,10,,,1
24013000,'130X-Weekday-1-26-06-1111100',1454,,187096,11,,,1,60,,187097,11,,,1,20,,187098,11,,,1,20,,187099,11,,,1,60,,187100,11,,,1,20,,187101,11,,,1,20,,187102,11,,,1,60,,187103,11,,,1,20,,187104,11,,,1
24013000,'130X-Weekday-2-26-06-1111100',1454,,203000,11,,,1,60,,203001,11,,,1,20,,203002,11,,,1,20,,203003,11,,,1,60,,203004,11,,,1,20,,203005,11,,,1,20,,203006,11,,,1,60,,203007,11,,,1,20,,203008,11,,,1
24015000,'150X-Weekday-1-26-06-1111100',1455,,187132,11,,,1,60,,187133,11,,,1,20,,187134,11,,,1,20,,187135,11,,,1,60,,187136,11,,,1,20,,187137,11,,,1,20,,187138,11,,,1,60,,187139,11,,,1,20,,187140,11,,,1
24015000,'150X-Weekday-2-26-06-1111100',1455,,203036,11,,,1,60,,203037,11,,,1,20,,203038,11,,,1,20,,203039,11,,,1,60,,203040,11,,,1,20,,203041,11,,,1,20,,203042,11,,,1,60,,203043,11,,,1,20,,203044,11,,,1
