50101,'501-Weekday-1-26-09-0001000',1440,,312928,35,,,1
50101,'501-Weekday-1-26-09-1110100',1531,,312929,35,,,1
50101,'501-Weekday-1-26-09-1111100',621,,312930,35,,,1,33,,312931,35,,,1,76,,312932,35,,,1,15,,312933,35,,,1,55,,312958,35,,,1,15,,312934,35,,,1,15,,312935,35,,,1,15,,312936,35,,,1,55,,312972,35,,,1,15,,312973,35,,,1,15,,312938,35,,,1,72,,312939,35,,,1,34,,312940,35,,,1,74,,312941,35,,,1,34,,312942,35,,,1,74,,312943,35,,,1,34,,312960,35,,,1,74,,312944,35,,,1,74,,312945,35,,,1,34,,312946,35,,,1,75,,312947,35,,,1,23,,312959,35,,,1,15,,312937,35,,,1,55,,312962,35,,,1,17,,312963,35,,,1,15,,312964,35,,,1,15,,312965,35,,,1,55,,312966,35,,,1,15,,312967,35,,,1,15,,312968,35,,,1,15,,312948,35,,,1,55,,312949,35,,,1,15,,312969,35,,,1,14,,312970,35,,,1,25,,312971,35,,,1,66,,312950,35,,,1,31,,312951,35,,,1,71,,312952,35,,,1,31,,312953,35,,,1,71,,312954,35,,,1,31,,312955,35,,,1,68,,312961,35,,,1,100,,312957,35,,,1,100,,312956,35,,,1
50101,'501-Weekday-3-26-09-1111100',621,,261712,35,,,1,33,,261713,35,,,1,76,,261714,35,,,1,15,,261715,35,,,1,55,,261740,35,,,1,15,,261716,35,,,1,15,,261717,35,,,1,15,,261718,35,,,1,55,,261754,35,,,1,15,,261755,35,,,1,15,,261720,35,,,1,72,,261721,35,,,1,34,,261722,35,,,1,74,,261723,35,,,1,34,,261724,35,,,1,74,,261725,35,,,1,34,,261742,35,,,1,74,,261726,35,,,1,74,,261727,35,,,1,34,,261728,35,,,1,75,,261729,35,,,1,23,,261741,35,,,1,15,,261719,35,,,1,55,,261744,35,,,1,17,,261745,35,,,1,15,,261746,35,,,1,15,,261747,35,,,1,55,,261748,35,,,1,15,,261749,35,,,1,15,,261750,35,,,1,15,,261730,35,,,1,55,,261731,35,,,1,15,,261751,35,,,1,14,,261752,35,,,1,25,,261753,35,,,1,66,,261732,35,,,1,31,,261733,35,,,1,71,,261734,35,,,1,31,,261735,35,,,1,71,,261736,35,,,1,31,,261737,35,,,1,68,,261743,35,,,1,100,,261739,35,,,1,100,,261738,35,,,1
50101,'501-Weekday-4-26-09-1111100',621,,261756,35,,,1,33,,261757,35,,,1,76,,261758,35,,,1,15,,261759,35,,,1,55,,261784,35,,,1,15,,261760,35,,,1,15,,261761,35,,,1,15,,261762,35,,,1,55,,261798,35,,,1,15,,261799,35,,,1,15,,261764,35,,,1,72,,261765,35,,,1,34,,261766,35,,,1,74,,261767,35,,,1,34,,261768,35,,,1,74,,261769,35,,,1,34,,261786,35,,,1,74,,261770,35,,,1,74,,261771,35,,,1,34,,261772,35,,,1,75,,261773,35,,,1,23,,261785,35,,,1,15,,261763,35,,,1,55,,261788,35,,,1,17,,261789,35,,,1,15,,261790,35,,,1,15,,261791,35,,,1,55,,261792,35,,,1,15,,261793,35,,,1,15,,261794,35,,,1,15,,261774,35,,,1,55,,261775,35,,,1,15,,261795,35,,,1,14,,261796,35,,,1,25,,261797,35,,,1,66,,261776,35,,,1,31,,261777,35,,,1,71,,261778,35,,,1,31,,261779,35,,,1,71,,261780,35,,,1,31,,261781,35,,,1,68,,261787,35,,,1,100,,261783,35,,,1,100,,261782,35,,,1
50101,'501-Weekday-5-26-09-1111100',621,,261800,35,,,1,33,,261801,35,,,1,76,,261802,35,,,1,15,,261803,35,,,1,55,,261828,35,,,1,15,,261804,35,,,1,15,,261805,35,,,1,15,,261806,35,,,1,55,,261842,35,,,1,15,,261843,35,,,1,15,,261808,35,,,1,72,,261809,35,,,1,34,,261810,35,,,1,74,,261811,35,,,1,34,,261812,35,,,1,74,,261813,35,,,1,34,,261830,35,,,1,74,,261814,35,,,1,74,,261815,35,,,1,34,,261816,35,,,1,75,,261817,35,,,1,23,,261829,35,,,1,15,,261807,35,,,1,55,,261832,35,,,1,17,,261833,35,,,1,15,,261834,35,,,1,15,,261835,35,,,1,55,,261836,35,,,1,15,,261837,35,,,1,15,,261838,35,,,1,15,,261818,35,,,1,55,,261819,35,,,1,15,,261839,35,,,1,14,,261840,35,,,1,25,,261841,35,,,1,66,,261820,35,,,1,31,,261821,35,,,1,71,,261822,35,,,1,31,,261823,35,,,1,71,,261824,35,,,1,31,,261825,35,,,1,68,,261831,35,,,1,100,,261827,35,,,1,100,,261826,35,,,1
50101,'501-Weekday-6-26-09-1110100',1531,,261844,35,,,1
50101,'501-Weekday-6-26-09-1111100',621,,261845,35,,,1,33,,261846,35,,,1,76,,261847,35,,,1,15,,261848,35,,,1,55,,261873,35,,,1,15,,261849,35,,,1,15,,261850,35,,,1,15,,261851,35,,,1,55,,261887,35,,,1,15,,261888,35,,,1,15,,261853,35,,,1,72,,261854,35,,,1,34,,261855,35,,,1,74,,261856,35,,,1,34,,261857,35,,,1,74,,261858,35,,,1,34,,261875,35,,,1,74,,261859,35,,,1,74,,261860,35,,,1,34,,261861,35,,,1,75,,261862,35,,,1,23,,261874,35,,,1,15,,261852,35,,,1,55,,261877,35,,,1,17,,261878,35,,,1,15,,261879,35,,,1,15,,261880,35,,,1,55,,261881,35,,,1,15,,261882,35,,,1,15,,261883,35,,,1,15,,261863,35,,,1,55,,261864,35,,,1,15,,261884,35,,,1,14,,261885,35,,,1,25,,261886,35,,,1,66,,261865,35,,,1,31,,261866,35,,,1,71,,261867,35,,,1,31,,261868,35,,,1,71,,261869,35,,,1,31,,261870,35,,,1,68,,261876,35,,,1,100,,261872,35,,,1,100,,261871,35,,,1
50101,'501-Weekday-7-26-09-1111100',621,,261889,35,,,1,33,,261890,35,,,1,76,,261891,35,,,1,15,,261892,35,,,1,55,,261917,35,,,1,15,,261893,35,,,1,15,,261894,35,,,1,15,,261895,35,,,1,55,,261931,35,,,1,15,,261932,35,,,1,15,,261897,35,,,1,72,,261898,35,,,1,34,,261899,35,,,1,74,,261900,35,,,1,34,,261901,35,,,1,74,,261902,35,,,1,34,,261919,35,,,1,74,,261903,35,,,1,74,,261904,35,,,1,34,,261905,35,,,1,75,,261906,35,,,1,23,,261918,35,,,1,15,,261896,35,,,1,55,,261921,35,,,1,17,,261922,35,,,1,15,,261923,35,,,1,15,,261924,35,,,1,55,,261925,35,,,1,15,,261926,35,,,1,15,,261927,35,,,1,15,,261907,35,,,1,55,,261908,35,,,1,15,,261928,35,,,1,14,,261929,35,,,1,25,,261930,35,,,1,66,,261909,35,,,1,31,,261910,35,,,1,71,,261911,35,,,1,31,,261912,35,,,1,71,,261913,35,,,1,31,,261914,35,,,1,68,,261920,35,,,1,100,,261916,35,,,1,100,,261915,35,,,1
50101,'501-Weekday-9-26-09-0001000',1432,,311732,35,,,1
50101,'501-Weekday-9-26-09-1110100',1531,,311733,35,,,1
50101,'501-Weekday-9-26-09-1111100',621,,311734,35,,,1,33,,311735,35,,,1,76,,311736,35,,,1,15,,311737,35,,,1,55,,311762,35,,,1,15,,311738,35,,,1,15,,311739,35,,,1,15,,311740,35,,,1,55,,311776,35,,,1,15,,311777,35,,,1,15,,311742,35,,,1,72,,311743,35,,,1,34,,311744,35,,,1,74,,311745,35,,,1,34,,311746,35,,,1,74,,311747,35,,,1,34,,311764,35,,,1,74,,311748,35,,,1,74,,311749,35,,,1,34,,311750,35,,,1,75,,311751,35,,,1,23,,311763,35,,,1,15,,311741,35,,,1,55,,311766,35,,,1,17,,311767,35,,,1,15,,311768,35,,,1,15,,311769,35,,,1,55,,311770,35,,,1,15,,311771,35,,,1,15,,311772,35,,,1,15,,311752,35,,,1,55,,311753,35,,,1,15,,311773,35,,,1,14,,311774,35,,,1,25,,311775,35,,,1,66,,311754,35,,,1,31,,311755,35,,,1,71,,311756,35,,,1,31,,311757,35,,,1,71,,311758,35,,,1,31,,311759,35,,,1,68,,311765,35,,,1,100,,311761,35,,,1,100,,311760,35,,,1
50101,'501-Saturday-1-26-09-0000010',650,,261955,35,,,1,100,,261956,35,,,1,70,,261933,35,,,1,30,,261934,35,,,1,72,,261935,35,,,1,32,,261936,35,,,1,72,,261937,35,,,1,32,,261938,35,,,1,72,,261939,35,,,1,72,,261940,35,,,1,32,,261941,35,,,1,72,,261942,35,,,1,32,,261943,35,,,1,72,,261944,35,,,1,32,,261945,35,,,1,72,,261946,35,,,1,32,,261947,35,,,1,72,,261948,35,,,1,32,,261949,35,,,1,72,,261950,35,,,1,32,,261951,35,,,1,72,,261953,35,,,1,32,,261952,35,,,1,72,,261954,35,,,1
50101,'501-Sunday-1-26-09-0000001',658,,261978,35,,,1,100,,261979,35,,,1,100,,261957,35,,,1,101,,261958,35,,,1,70,,261959,35,,,1,30,,261960,35,,,1,70,,261961,35,,,1,30,,261962,35,,,1,70,,261963,35,,,1,30,,261964,35,,,1,70,,261965,35,,,1,30,,261966,35,,,1,70,,261967,35,,,1,30,,261968,35,,,1,70,,261969,35,,,1,30,,261970,35,,,1,70,,261971,35,,,1,30,,261972,35,,,1,70,,261973,35,,,1,30,,261974,35,,,1,70,,261975,35,,,1,30,,261976,35,,,1,70,,261977,35,,,1
65600,'656-Weekday-1-26-09-1111100',1553,,273730,22,,,1,2,,273731,22,,,1
65600,'656-Weekday-7-26-09-1111100',1553,,273734,22,,,1,2,,273735,22,,,1
65601,'656-Weekday-1-26-09-1111100',807,,273736,14,,,1,5,,273737,14,,,1
65601,'656-Weekday-7-26-09-1111100',807,,273740,14,,,1,5,,273741,14,,,1
