5200,'052-Weekday-1-26-06-1111100',624,,166832,56,,,1,76,,166833,56,,,1,34,,166834,56,,,1,22,,166835,56,,,1,60,,166836,56,,,1,20,,166837,56,,,1,20,,166838,56,,,1,62,,166839,56,,,1,21,,166840,56,,,1,70,,166841,56,,,1,30,,166842,56,,,1,70,,166843,56,,,1,30,,166844,56,,,1,70,,166845,56,,,1,30,,166846,56,,,1,70,,166847,56,,,1,30,,166848,56,,,1,70,,166849,56,,,1,32,,166850,56,,,1,82,,166851,56,,,1,29,,166852,56,,,1,57,,166853,56,,,1,15,,166854,56,,,1,12,,166855,56,,,1,11,,166856,56,,,1,12,,166857,56,,,1,53,,166858,56,,,1,13,,166859,56,,,1,15,,166860,56,,,1,15,,166861,56,,,1,55,,166862,56,,,1,29,,166863,56,,,1,63,,166864,56,,,1,28,,166865,56,,,1,70,,166866,56,,,1,30,,166867,56,,,1,70,,166868,56,,,1,30,,166869,56,,,1,29,,166870,56,,,1,67,,166871,56,,,1,29,,166872,56,,,1,100,,166873,56,,,1,100,,166874,56,,,1
5200,'052-Weekday-2-26-06-1111100',624,,191540,56,,,1,76,,191541,56,,,1,34,,191542,56,,,1,22,,191543,56,,,1,60,,191544,56,,,1,20,,191545,56,,,1,20,,191546,56,,,1,62,,191547,56,,,1,21,,191548,56,,,1,70,,191549,56,,,1,30,,191550,56,,,1,70,,191551,56,,,1,30,,191552,56,,,1,70,,191553,56,,,1,30,,191554,56,,,1,70,,191555,56,,,1,30,,191556,56,,,1,70,,191557,56,,,1,32,,191558,56,,,1,82,,191559,56,,,1,29,,191560,56,,,1,57,,191561,56,,,1,15,,191562,56,,,1,12,,191563,56,,,1,11,,191564,56,,,1,12,,191565,56,,,1,53,,191566,56,,,1,13,,191567,56,,,1,15,,191568,56,,,1,15,,191569,56,,,1,55,,191570,56,,,1,29,,191571,56,,,1,63,,191572,56,,,1,28,,191573,56,,,1,70,,191574,56,,,1,30,,191575,56,,,1,70,,191576,56,,,1,30,,191577,56,,,1,29,,191578,56,,,1,67,,191579,56,,,1,29,,191580,56,,,1,100,,191581,56,,,1,100,,191582,56,,,1
5200,'052-Saturday-1-26-06-0000010',706,,166875,56,,,1,100,,166876,56,,,1,42,,166877,56,,,1,63,,166878,56,,,1,31,,166879,56,,,1,72,,166880,56,,,1,30,,166881,56,,,1,70,,166882,56,,,1,30,,166883,56,,,1,70,,166884,56,,,1,30,,166885,56,,,1,70,,166886,56,,,1,30,,166887,56,,,1,70,,166888,56,,,1,30,,166889,56,,,1,70,,166890,56,,,1,30,,166892,56,,,1,70,,166893,56,,,1,30,,166894,56,,,1,70,,166891,56,,,1,33,,166895,56,,,1,69,,166896,56,,,1,30,,166897,56,,,1,70,,166898,56,,,1,30,,166899,56,,,1,70,,166900,56,,,1,95,,166901,56,,,1,100,,166902,56,,,1,100,,166903,56,,,1,100,,166904,56,,,1
5400,'054-Weekday-1-26-06-1111100',527,,167612,47,,,1,30,,167576,47,,,1,56,,167623,47,,,1,14,,167577,47,,,1,17,,167622,47,,,1,56,,167578,47,,,1,16,,167607,47,,,1,15,,167608,47,,,1,15,,167609,47,,,1,56,,167610,47,,,1,15,,167611,47,,,1,15,,167579,47,,,1,71,,167613,47,,,1,27,,167580,47,,,1,71,,167581,47,,,1,30,,167582,47,,,1,70,,167583,47,,,1,30,,167584,47,,,1,70,,167585,47,,,1,30,,167586,47,,,1,70,,167587,47,,,1,30,,167588,47,,,1,70,,167589,47,,,1,30,,167590,47,,,1,71,,167591,47,,,1,30,,167592,47,,,1,15,,167614,47,,,1,56,,167593,47,,,1,17,,167594,47,,,1,16,,167595,47,,,1,15,,167596,47,,,1,7,,167621,47,,,1,48,,167597,47,,,1,15,,167616,47,,,1,14,,167617,47,,,1,15,,167598,47,,,1,57,,167615,47,,,1,26,,167599,47,,,1,67,,167600,47,,,1,30,,167601,47,,,1,70,,167602,47,,,1,30,,167603,47,,,1,70,,167604,47,,,1,30,,167605,47,,,1,70,,167606,47,,,1,28,,167618,47,,,1,100,,167619,47,,,1,100,,167620,47,,,1
5400,'054-Weekday-2-26-06-1111100',527,,191855,47,,,1,30,,191819,47,,,1,56,,191866,47,,,1,14,,191820,47,,,1,17,,191865,47,,,1,56,,191821,47,,,1,16,,191850,47,,,1,15,,191851,47,,,1,15,,191852,47,,,1,56,,191853,47,,,1,15,,191854,47,,,1,15,,191822,47,,,1,71,,191856,47,,,1,27,,191823,47,,,1,71,,191824,47,,,1,30,,191825,47,,,1,70,,191826,47,,,1,30,,191827,47,,,1,70,,191828,47,,,1,30,,191829,47,,,1,70,,191830,47,,,1,30,,191831,47,,,1,70,,191832,47,,,1,30,,191833,47,,,1,71,,191834,47,,,1,30,,191835,47,,,1,15,,191857,47,,,1,56,,191836,47,,,1,17,,191837,47,,,1,16,,191838,47,,,1,15,,191839,47,,,1,7,,191864,47,,,1,48,,191840,47,,,1,15,,191859,47,,,1,14,,191860,47,,,1,15,,191841,47,,,1,57,,191858,47,,,1,26,,191842,47,,,1,67,,191843,47,,,1,30,,191844,47,,,1,70,,191845,47,,,1,30,,191846,47,,,1,70,,191847,47,,,1,30,,191848,47,,,1,70,,191849,47,,,1,28,,191861,47,,,1,100,,191862,47,,,1,100,,191863,47,,,1
5400,'054-Saturday-1-26-06-0000010',624,,167624,47,,,1,30,,167625,47,,,1,70,,167626,47,,,1,30,,167627,47,,,1,70,,167628,47,,,1,30,,167629,47,,,1,62,,167630,47,,,1,21,,167631,47,,,1,20,,167632,47,,,1,60,,167633,47,,,1,20,,167634,47,,,1,20,,167635,47,,,1,60,,167636,47,,,1,20,,167637,47,,,1,20,,167638,47,,,1,60,,167639,47,,,1,20,,167640,47,,,1,20,,167641,47,,,1,60,,167642,47,,,1,20,,167643,47,,,1,20,,167644,47,,,1,60,,167645,47,,,1,20,,167646,47,,,1,20,,167647,47,,,1,60,,167648,47,,,1,20,,167649,47,,,1,20,,167650,47,,,1,60,,167651,47,,,1,20,,167652,47,,,1,20,,167653,47,,,1,60,,167654,47,,,1,22,,167655,47,,,1,20,,167656,47,,,1,60,,167657,47,,,1,20,,167658,47,,,1,20,,167659,47,,,1,60,,167660,47,,,1,20,,167661,47,,,1,20,,167662,47,,,1,60,,167663,47,,,1,20,,167664,47,,,1,20,,167665,47,,,1,60,,167666,47,,,1,20,,167667,47,,,1,20,,167668,47,,,1,70,,167669,47,,,1,100,,167670,47,,,1,100,,167671,47,,,1
10901,'109-Weekday-1-26-06-1111100',557,,171391,66,0,18 14,1,70,,171392,66,0,18 14,1,76,,171393,66,0,18 14,1,26,,171394,66,0,18 14,1,20,,171395,66,0,18 14,1,60,,171396,66,0,18 14,1,20,,171397,66,0,18 14,1,20,,171398,66,0,18 14,1,59,,171399,66,0,18 14,1,24,,171400,66,0,18 14,1,69,,171401,66,0,18 14,1,30,,171402,66,0,18 14,1,70,,171403,66,0,18 14,1,30,,171404,66,0,18 14,1,70,,171405,66,0,18 14,1,30,,171406,66,0,18 14,1,70,,171407,66,0,18 14,1,30,,171408,66,0,18 14,1,70,,171409,66,0,18 14,1,30,,171410,66,0,18 14,1,70,,171411,66,0,18 14,1,33,,171412,66,0,18 14,1,67,,171413,66,0,18 14,1,20,,171414,66,0,18 14,1,20,,171415,66,0,18 14,1,60,,171416,66,0,18 14,1,20,,171417,66,0,18 14,1,20,,171429,66,0,18 14,1,65,,171418,66,0,18 14,1,29,,171419,66,0,18 14,1,66,,171420,66,0,18 14,1,28,,171421,66,0,18 14,1,30,,171422,66,0,18 14,1,70,,171423,66,0,18 14,1,30,,171424,66,0,18 14,1,70,,171425,66,0,18 14,1,30,,171426,66,0,18 14,1,68,,171430,66,0,18 14,1,99,,171427,66,0,18 14,1,100,,171428,66,0,18 14,1
10901,'109-Weekday-2-26-06-1111100',557,,193497,66,0,18 14,1,70,,193498,66,0,18 14,1,76,,193499,66,0,18 14,1,26,,193500,66,0,18 14,1,20,,193501,66,0,18 14,1,60,,193502,66,0,18 14,1,20,,193503,66,0,18 14,1,20,,193504,66,0,18 14,1,59,,193505,66,0,18 14,1,24,,193506,66,0,18 14,1,69,,193507,66,0,18 14,1,30,,193508,66,0,18 14,1,70,,193509,66,0,18 14,1,30,,193510,66,0,18 14,1,70,,193511,66,0,18 14,1,30,,193512,66,0,18 14,1,70,,193513,66,0,18 14,1,30,,193514,66,0,18 14,1,70,,193515,66,0,18 14,1,30,,193516,66,0,18 14,1,70,,193517,66,0,18 14,1,33,,193518,66,0,18 14,1,67,,193519,66,0,18 14,1,20,,193520,66,0,18 14,1,20,,193521,66,0,18 14,1,60,,193522,66,0,18 14,1,20,,193523,66,0,18 14,1,20,,193535,66,0,18 14,1,65,,193524,66,0,18 14,1,29,,193525,66,0,18 14,1,66,,193526,66,0,18 14,1,28,,193527,66,0,18 14,1,30,,193528,66,0,18 14,1,70,,193529,66,0,18 14,1,30,,193530,66,0,18 14,1,70,,193531,66,0,18 14,1,30,,193532,66,0,18 14,1,68,,193536,66,0,18 14,1,99,,193533,66,0,18 14,1,100,,193534,66,0,18 14,1
10901,'109-Saturday-1-26-06-0000010',849,,171431,66,0,18 14,1,71,,171432,66,0,18 14,1,30,,171433,66,0,18 14,1,70,,171434,66,0,18 14,1,30,,171435,66,0,18 14,1,70,,171436,66,0,18 14,1,30,,171437,66,0,18 14,1,70,,171438,66,0,18 14,1,30,,171439,66,0,18 14,1,70,,171440,66,0,18 14,1,30,,171441,66,0,18 14,1,70,,171442,66,0,18 14,1,30,,171443,66,0,18 14,1,70,,171444,66,0,18 14,1,30,,171445,66,0,18 14,1,70,,171446,66,0,18 14,1,30,,171447,66,0,18 14,1,70,,171448,66,0,18 14,1,30,,171449,66,0,18 14,1,70,,171450,66,0,18 14,1,30,,171451,66,0,18 14,1,70,,171452,66,0,18 14,1,30,,171453,66,0,18 14,1,70,,171454,66,0,18 14,1,30,,171455,66,0,18 14,1,70,,171456,66,0,18 14,1,30,,171457,66,0,18 14,1,70,,171458,66,0,18 14,1
90500,'905-Weekday-1-26-06-1111100',606,,183652,41,,,1,31,,183653,41,,,1,72,,183654,41,,,1,31,,183655,41,,,1,70,,183656,41,,,1,30,,183657,41,,,1,70,,183658,41,,,1,597,,183659,41,,,1,31,,183660,41,,,1,72,,183661,41,,,1,30,,183662,41,,,1,70,,183663,41,,,1,30,,183664,41,,,1,70,,183665,41,,,1
90500,'905-Weekday-2-26-06-1111100',606,,200670,41,,,1,31,,200671,41,,,1,72,,200672,41,,,1,31,,200673,41,,,1,70,,200674,41,,,1,30,,200675,41,,,1,70,,200676,41,,,1,597,,200677,41,,,1,31,,200678,41,,,1,72,,200679,41,,,1,30,,200680,41,,,1,70,,200681,41,,,1,30,,200682,41,,,1,70,,200683,41,,,1
