10300,'103-Weekday-1-26-06-1111100',537,,170134,29,,,1,70,,170136,29,,,1,31,,170131,29,,,1,73,,170133,29,,,1,30,,170132,29,,,1,70,,170135,29,,,1,30,,170137,29,,,1,68,,170101,32,,,1,29,,170102,32,,,1,70,,170103,32,,,1,30,,170104,32,,,1,70,,170105,32,,,1,30,,170106,32,,,1,70,,170107,32,,,1,30,,170108,32,,,1,70,,170109,32,,,1,30,,170110,32,,,1,70,,170111,32,,,1,30,,170112,32,,,1,73,,170113,32,,,1,21,,170130,32,0,15 16,1,15,,170125,32,,,1,55,,170118,32,0,15 16,1,15,,170121,32,,,1,15,,170117,32,0,15 16,1,15,,170122,32,,,1,55,,170116,32,0,15 16,1,15,,170123,32,,,1,15,,170115,32,0,15 16,1,15,,170124,32,,,1,55,,170114,32,0,15 16,1,15,,170139,32,,,1,26,,170120,32,,,1,66,,170119,32,,,1,30,,170140,32,,,1,70,,170141,32,,,1,30,,170142,32,,,1,70,,170143,32,,,1,30,,170144,32,,,1,69,,170138,32,,,1,28,,170126,32,,,1,70,,170127,32,,,1,30,,170128,32,,,1,70,,170129,32,,,1
10300,'103-Weekday-2-26-06-1111100',537,,192684,29,,,1,70,,192686,29,,,1,31,,192681,29,,,1,73,,192683,29,,,1,30,,192682,29,,,1,70,,192685,29,,,1,30,,192687,29,,,1,68,,192651,32,,,1,29,,192652,32,,,1,70,,192653,32,,,1,30,,192654,32,,,1,70,,192655,32,,,1,30,,192656,32,,,1,70,,192657,32,,,1,30,,192658,32,,,1,70,,192659,32,,,1,30,,192660,32,,,1,70,,192661,32,,,1,30,,192662,32,,,1,73,,192663,32,,,1,21,,192680,32,0,15 16,1,15,,192675,32,,,1,55,,192668,32,0,15 16,1,15,,192671,32,,,1,15,,192667,32,0,15 16,1,15,,192672,32,,,1,55,,192666,32,0,15 16,1,15,,192673,32,,,1,15,,192665,32,0,15 16,1,15,,192674,32,,,1,55,,192664,32,0,15 16,1,15,,192689,32,,,1,26,,192670,32,,,1,66,,192669,32,,,1,30,,192690,32,,,1,70,,192691,32,,,1,30,,192692,32,,,1,70,,192693,32,,,1,30,,192694,32,,,1,69,,192688,32,,,1,28,,192676,32,,,1,70,,192677,32,,,1,30,,192678,32,,,1,70,,192679,32,,,1
10300,'103-Saturday-1-26-06-0000010',639,,170145,32,,,1,70,,170146,32,,,1,30,,170147,32,,,1,70,,170148,32,,,1,30,,170149,32,,,1,72,,170150,32,,,1,34,,170151,32,,,1,73,,170152,32,,,1,30,,170153,32,,,1,70,,170154,32,,,1,30,,170155,32,,,1,70,,170156,32,,,1,30,,170157,32,,,1,70,,170158,32,,,1,30,,170159,32,,,1,70,,170160,32,,,1,30,,170161,32,,,1,70,,170162,32,,,1,30,,170163,32,,,1,70,,170164,32,,,1,30,,170165,32,,,1,69,,170166,32,,,1,28,,170167,32,,,1,69,,170168,32,,,1,30,,170169,32,,,1,70,,170170,32,,,1,30,,170171,32,,,1,70,,170172,32,,,1,30,,170173,32,,,1,70,,170174,32,,,1,30,,170175,32,,,1,70,,170176,32,,,1,30,,170177,32,,,1,70,,170178,32,,,1,30,,170179,32,,,1,70,,170180,32,,,1,30,,170181,32,,,1
12400,'124-Weekday-1-26-06-1111100',550,,173768,24,,,1,70,,173771,24,,,1,32,,173740,24,,,1,60,,173741,24,,,1,20,,173742,24,,,1,20,,173743,24,,,1,60,,173744,24,,,1,20,,173745,24,,,1,20,,173763,24,,,1,70,,173764,24,,,1,30,,173765,24,,,1,70,,173746,24,,,1,30,,173747,24,,,1,70,,173748,24,,,1,30,,173749,24,,,1,70,,173750,24,,,1,30,,173751,24,,,1,70,,173752,24,,,1,30,,173767,24,,,1,70,,173769,24,,,1,30,,173770,24,,,1,63,,173774,24,,,1,21,,173753,24,,,1,20,,173754,24,,,1,60,,173755,24,,,1,20,,173756,24,,,1,20,,173757,24,,,1,60,,173758,24,,,1,20,,173759,24,,,1,20,,173766,24,,,1,69,,173762,24,,,1,27,,173772,24,,,1,70,,173773,24,,,1,30,,173737,24,,,1,70,,173738,24,,,1,30,,173739,24,,,1,70,,173760,24,,,1,30,,173761,24,,,1
12400,'124-Weekday-2-26-06-1111100',550,,194783,24,,,1,70,,194786,24,,,1,32,,194755,24,,,1,60,,194756,24,,,1,20,,194757,24,,,1,20,,194758,24,,,1,60,,194759,24,,,1,20,,194760,24,,,1,20,,194778,24,,,1,70,,194779,24,,,1,30,,194780,24,,,1,70,,194761,24,,,1,30,,194762,24,,,1,70,,194763,24,,,1,30,,194764,24,,,1,70,,194765,24,,,1,30,,194766,24,,,1,70,,194767,24,,,1,30,,194782,24,,,1,70,,194784,24,,,1,30,,194785,24,,,1,63,,194789,24,,,1,21,,194768,24,,,1,20,,194769,24,,,1,60,,194770,24,,,1,20,,194771,24,,,1,20,,194772,24,,,1,60,,194773,24,,,1,20,,194774,24,,,1,20,,194781,24,,,1,69,,194777,24,,,1,27,,194787,24,,,1,70,,194788,24,,,1,30,,194752,24,,,1,70,,194753,24,,,1,30,,194754,24,,,1,70,,194775,24,,,1,30,,194776,24,,,1
12400,'124-Saturday-1-26-06-0000010',801,,173775,24,,,1,30,,173776,24,,,1,70,,173777,24,,,1,30,,173778,24,,,1,70,,173779,24,,,1,30,,173780,24,,,1,70,,173781,24,,,1,30,,173782,24,,,1,70,,173783,24,,,1,30,,173784,24,,,1,70,,173785,24,,,1,30,,173786,24,,,1,70,,173787,24,,,1,30,,173788,24,,,1,70,,173789,24,,,1,30,,173790,24,,,1,70,,173791,24,,,1,30,,173792,24,,,1,70,,173793,24,,,1,30,,173794,24,,,1,70,,173795,24,,,1,30,,173796,24,,,1,70,,173797,24,,,1
12700,'127-Weekday-1-26-06-1111100',853,,173897,35,,,1,100,,173898,35,,,1,100,,173899,35,,,1,100,,173900,35,,,1,100,,173901,35,,,1,100,,173902,35,,,1,100,,173903,35,,,1,100,,173904,35,,,1,100,,173905,35,,,1
12700,'127-Weekday-2-26-06-1111100',853,,194866,35,,,1,100,,194867,35,,,1,100,,194868,35,,,1,100,,194869,35,,,1,100,,194870,35,,,1,100,,194871,35,,,1,100,,194872,35,,,1,100,,194873,35,,,1,100,,194874,35,,,1
12700,'127-Saturday-1-26-06-0000010',852,,173906,35,,,1,100,,173907,35,,,1,100,,173908,35,,,1,100,,173909,35,,,1,100,,173910,35,,,1,100,,173911,35,,,1,100,,173912,35,,,1,100,,173913,35,,,1,100,,173914,35,,,1
24014000,'140X-Weekday-1-26-06-1111100',1523,,187116,17,,,1,20,,187117,17,,,1,60,,187118,17,,,1,20,,187119,17,,,1,20,,187120,17,,,1,60,,187121,17,,,1,20,,187122,17,,,1,18,,187123,17,,,1
24014000,'140X-Weekday-2-26-06-1111100',1523,,203020,17,,,1,20,,203021,17,,,1,60,,203022,17,,,1,20,,203023,17,,,1,20,,203024,17,,,1,60,,203025,17,,,1,20,,203026,17,,,1,18,,203027,17,,,1
