90701,'907-Weekday-1-26-09-1111100',549,,294367,34,,,1,70,,294368,34,,,1,28,,294369,34,,,1,56,,294370,34,,,1,15,,294371,34,,,1,15,,294372,34,,,1,15,,294373,34,,,1,55,,294374,34,,,1,15,,294375,34,,,1,15,,294376,34,,,1,15,,294377,34,,,1,70,,294378,34,,,1,30,,294379,34,,,1,70,,294380,34,,,1,30,,294381,34,,,1,70,,294382,34,,,1,30,,294383,34,,,1,70,,294384,34,,,1,30,,294385,34,,,1,70,,294386,34,,,1,30,,294387,34,,,1,70,,294388,34,,,1,30,,294389,34,,,1,74,,294390,34,,,1,22,,294391,34,,,1,57,,294392,34,,,1,15,,294393,34,,,1,15,,294394,34,,,1,15,,294395,34,,,1,55,,294396,34,,,1,15,,294397,34,,,1,15,,294398,34,,,1,15,,294399,34,,,1,55,,294400,34,,,1,26,,294401,34,,,1,21,,294402,34,,,1,70,,294403,34,,,1,30,,294404,34,,,1,70,,294405,34,,,1,30,,294406,34,,,1,70,,294407,34,,,1,30,,294408,34,,,1,71,,294409,34,,,1,100,,294410,34,,,1,100,,294411,34,,,1
90701,'907-Weekday-3-26-09-1111100',549,,294457,34,,,1,70,,294458,34,,,1,28,,294459,34,,,1,56,,294460,34,,,1,15,,294461,34,,,1,15,,294462,34,,,1,15,,294463,34,,,1,55,,294464,34,,,1,15,,294465,34,,,1,15,,294466,34,,,1,15,,294467,34,,,1,70,,294468,34,,,1,30,,294469,34,,,1,70,,294470,34,,,1,30,,294471,34,,,1,70,,294472,34,,,1,30,,294473,34,,,1,70,,294474,34,,,1,30,,294475,34,,,1,70,,294476,34,,,1,30,,294477,34,,,1,70,,294478,34,,,1,30,,294479,34,,,1,74,,294480,34,,,1,22,,294481,34,,,1,57,,294482,34,,,1,15,,294483,34,,,1,15,,294484,34,,,1,15,,294485,34,,,1,55,,294486,34,,,1,15,,294487,34,,,1,15,,294488,34,,,1,15,,294489,34,,,1,55,,294490,34,,,1,26,,294491,34,,,1,21,,294492,34,,,1,70,,294493,34,,,1,30,,294494,34,,,1,70,,294495,34,,,1,30,,294496,34,,,1,70,,294497,34,,,1,30,,294498,34,,,1,71,,294499,34,,,1,100,,294500,34,,,1,100,,294501,34,,,1
90701,'907-Weekday-4-26-09-1111100',549,,294502,34,,,1,70,,294503,34,,,1,28,,294504,34,,,1,56,,294505,34,,,1,15,,294506,34,,,1,15,,294507,34,,,1,15,,294508,34,,,1,55,,294509,34,,,1,15,,294510,34,,,1,15,,294511,34,,,1,15,,294512,34,,,1,70,,294513,34,,,1,30,,294514,34,,,1,70,,294515,34,,,1,30,,294516,34,,,1,70,,294517,34,,,1,30,,294518,34,,,1,70,,294519,34,,,1,30,,294520,34,,,1,70,,294521,34,,,1,30,,294522,34,,,1,70,,294523,34,,,1,30,,294524,34,,,1,74,,294525,34,,,1,22,,294526,34,,,1,57,,294527,34,,,1,15,,294528,34,,,1,15,,294529,34,,,1,15,,294530,34,,,1,55,,294531,34,,,1,15,,294532,34,,,1,15,,294533,34,,,1,15,,294534,34,,,1,55,,294535,34,,,1,26,,294536,34,,,1,21,,294537,34,,,1,70,,294538,34,,,1,30,,294539,34,,,1,70,,294540,34,,,1,30,,294541,34,,,1,70,,294542,34,,,1,30,,294543,34,,,1,71,,294544,34,,,1,100,,294545,34,,,1,100,,294546,34,,,1
90701,'907-Weekday-5-26-09-1111100',549,,294547,34,,,1,70,,294548,34,,,1,28,,294549,34,,,1,56,,294550,34,,,1,15,,294551,34,,,1,15,,294552,34,,,1,15,,294553,34,,,1,55,,294554,34,,,1,15,,294555,34,,,1,15,,294556,34,,,1,15,,294557,34,,,1,70,,294558,34,,,1,30,,294559,34,,,1,70,,294560,34,,,1,30,,294561,34,,,1,70,,294562,34,,,1,30,,294563,34,,,1,70,,294564,34,,,1,30,,294565,34,,,1,70,,294566,34,,,1,30,,294567,34,,,1,70,,294568,34,,,1,30,,294569,34,,,1,74,,294570,34,,,1,22,,294571,34,,,1,57,,294572,34,,,1,15,,294573,34,,,1,15,,294574,34,,,1,15,,294575,34,,,1,55,,294576,34,,,1,15,,294577,34,,,1,15,,294578,34,,,1,15,,294579,34,,,1,55,,294580,34,,,1,26,,294581,34,,,1,21,,294582,34,,,1,70,,294583,34,,,1,30,,294584,34,,,1,70,,294585,34,,,1,30,,294586,34,,,1,70,,294587,34,,,1,30,,294588,34,,,1,71,,294589,34,,,1,100,,294590,34,,,1,100,,294591,34,,,1
90701,'907-Weekday-6-26-09-1111100',549,,294592,34,,,1,70,,294593,34,,,1,28,,294594,34,,,1,56,,294595,34,,,1,15,,294596,34,,,1,15,,294597,34,,,1,15,,294598,34,,,1,55,,294599,34,,,1,15,,294600,34,,,1,15,,294601,34,,,1,15,,294602,34,,,1,70,,294603,34,,,1,30,,294604,34,,,1,70,,294605,34,,,1,30,,294606,34,,,1,70,,294607,34,,,1,30,,294608,34,,,1,70,,294609,34,,,1,30,,294610,34,,,1,70,,294611,34,,,1,30,,294612,34,,,1,70,,294613,34,,,1,30,,294614,34,,,1,74,,294615,34,,,1,22,,294616,34,,,1,57,,294617,34,,,1,15,,294618,34,,,1,15,,294619,34,,,1,15,,294620,34,,,1,55,,294621,34,,,1,15,,294622,34,,,1,15,,294623,34,,,1,15,,294624,34,,,1,55,,294625,34,,,1,26,,294626,34,,,1,21,,294627,34,,,1,70,,294628,34,,,1,30,,294629,34,,,1,70,,294630,34,,,1,30,,294631,34,,,1,70,,294632,34,,,1,30,,294633,34,,,1,71,,294634,34,,,1,100,,294635,34,,,1,100,,294636,34,,,1
90701,'907-Weekday-7-26-09-1111100',549,,294637,34,,,1,70,,294638,34,,,1,28,,294639,34,,,1,56,,294640,34,,,1,15,,294641,34,,,1,15,,294642,34,,,1,15,,294643,34,,,1,55,,294644,34,,,1,15,,294645,34,,,1,15,,294646,34,,,1,15,,294647,34,,,1,70,,294648,34,,,1,30,,294649,34,,,1,70,,294650,34,,,1,30,,294651,34,,,1,70,,294652,34,,,1,30,,294653,34,,,1,70,,294654,34,,,1,30,,294655,34,,,1,70,,294656,34,,,1,30,,294657,34,,,1,70,,294658,34,,,1,30,,294659,34,,,1,74,,294660,34,,,1,22,,294661,34,,,1,57,,294662,34,,,1,15,,294663,34,,,1,15,,294664,34,,,1,15,,294665,34,,,1,55,,294666,34,,,1,15,,294667,34,,,1,15,,294668,34,,,1,15,,294669,34,,,1,55,,294670,34,,,1,26,,294671,34,,,1,21,,294672,34,,,1,70,,294673,34,,,1,30,,294674,34,,,1,70,,294675,34,,,1,30,,294676,34,,,1,70,,294677,34,,,1,30,,294678,34,,,1,71,,294679,34,,,1,100,,294680,34,,,1,100,,294681,34,,,1
90701,'907-Saturday-1-26-09-0000010',651,,294682,34,,,1,100,,294683,34,,,1,100,,294684,34,,,1,68,,294685,34,,,1,30,,294686,34,,,1,70,,294687,34,,,1,30,,294688,34,,,1,70,,294689,34,,,1,30,,294690,34,,,1,70,,294691,34,,,1,30,,294692,34,,,1,70,,294693,34,,,1,30,,294694,34,,,1,70,,294695,34,,,1,30,,294696,34,,,1,70,,294697,34,,,1,30,,294698,34,,,1,70,,294699,34,,,1,30,,294700,34,,,1,70,,294701,34,,,1,30,,294702,34,,,1,70,,294703,34,,,1,30,,294704,34,,,1,70,,294705,34,,,1,100,,294706,34,,,1,100,,294707,34,,,1,100,,294708,34,,,1
90701,'907-Sunday-1-26-09-0000001',1052,,294709,34,,,1,70,,294710,34,,,1,30,,294711,34,,,1,70,,294712,34,,,1,30,,294713,34,,,1,70,,294714,34,,,1,30,,294715,34,,,1,70,,294716,34,,,1,30,,294717,34,,,1,70,,294718,34,,,1,30,,294719,34,,,1,70,,294720,34,,,1,30,,294721,34,,,1,70,,294722,34,,,1,30,,294723,34,,,1,70,,294724,34,,,1,30,,294725,34,,,1,70,,294726,34,,,1,30,,294727,34,,,1
91201,'912-Weekday-1-26-09-1111100',535,,295872,10,,,1,70,,295840,10,,,1,31,,295839,10,,,1,70,,295841,10,,,1,30,,295842,10,,,1,70,,295843,10,,,1,30,,295844,10,,,1,70,,295845,10,,,1,30,,295846,10,,,1,70,,295847,10,,,1,30,,295848,10,,,1,70,,295849,10,,,1,30,,295850,10,,,1,70,,295851,10,,,1,30,,295852,10,,,1,70,,295853,10,,,1,30,,295854,10,,,1,70,,295855,10,,,1,30,,295856,10,,,1,70,,295857,10,,,1,30,,295858,10,,,1,72,,295859,10,,,1,30,,295860,10,,,1,68,,295861,10,,,1,30,,295862,10,,,1,70,,295863,10,,,1,29,,295864,10,,,1,70,,295865,10,,,1,30,,295866,10,,,1,70,,295867,10,,,1,30,,295868,10,,,1,70,,295869,10,,,1,30,,295870,10,,,1,70,,295871,10,,,1
91201,'912-Weekday-3-26-09-1111100',535,,295940,10,,,1,70,,295908,10,,,1,31,,295907,10,,,1,70,,295909,10,,,1,30,,295910,10,,,1,70,,295911,10,,,1,30,,295912,10,,,1,70,,295913,10,,,1,30,,295914,10,,,1,70,,295915,10,,,1,30,,295916,10,,,1,70,,295917,10,,,1,30,,295918,10,,,1,70,,295919,10,,,1,30,,295920,10,,,1,70,,295921,10,,,1,30,,295922,10,,,1,70,,295923,10,,,1,30,,295924,10,,,1,70,,295925,10,,,1,30,,295926,10,,,1,72,,295927,10,,,1,30,,295928,10,,,1,68,,295929,10,,,1,30,,295930,10,,,1,70,,295931,10,,,1,29,,295932,10,,,1,70,,295933,10,,,1,30,,295934,10,,,1,70,,295935,10,,,1,30,,295936,10,,,1,70,,295937,10,,,1,30,,295938,10,,,1,70,,295939,10,,,1
91201,'912-Weekday-4-26-09-1111100',535,,295974,10,,,1,70,,295942,10,,,1,31,,295941,10,,,1,70,,295943,10,,,1,30,,295944,10,,,1,70,,295945,10,,,1,30,,295946,10,,,1,70,,295947,10,,,1,30,,295948,10,,,1,70,,295949,10,,,1,30,,295950,10,,,1,70,,295951,10,,,1,30,,295952,10,,,1,70,,295953,10,,,1,30,,295954,10,,,1,70,,295955,10,,,1,30,,295956,10,,,1,70,,295957,10,,,1,30,,295958,10,,,1,70,,295959,10,,,1,30,,295960,10,,,1,72,,295961,10,,,1,30,,295962,10,,,1,68,,295963,10,,,1,30,,295964,10,,,1,70,,295965,10,,,1,29,,295966,10,,,1,70,,295967,10,,,1,30,,295968,10,,,1,70,,295969,10,,,1,30,,295970,10,,,1,70,,295971,10,,,1,30,,295972,10,,,1,70,,295973,10,,,1
91201,'912-Weekday-5-26-09-1111100',535,,296008,10,,,1,70,,295976,10,,,1,31,,295975,10,,,1,70,,295977,10,,,1,30,,295978,10,,,1,70,,295979,10,,,1,30,,295980,10,,,1,70,,295981,10,,,1,30,,295982,10,,,1,70,,295983,10,,,1,30,,295984,10,,,1,70,,295985,10,,,1,30,,295986,10,,,1,70,,295987,10,,,1,30,,295988,10,,,1,70,,295989,10,,,1,30,,295990,10,,,1,70,,295991,10,,,1,30,,295992,10,,,1,70,,295993,10,,,1,30,,295994,10,,,1,72,,295995,10,,,1,30,,295996,10,,,1,68,,295997,10,,,1,30,,295998,10,,,1,70,,295999,10,,,1,29,,296000,10,,,1,70,,296001,10,,,1,30,,296002,10,,,1,70,,296003,10,,,1,30,,296004,10,,,1,70,,296005,10,,,1,30,,296006,10,,,1,70,,296007,10,,,1
91201,'912-Weekday-6-26-09-1111100',535,,296042,10,,,1,70,,296010,10,,,1,31,,296009,10,,,1,70,,296011,10,,,1,30,,296012,10,,,1,70,,296013,10,,,1,30,,296014,10,,,1,70,,296015,10,,,1,30,,296016,10,,,1,70,,296017,10,,,1,30,,296018,10,,,1,70,,296019,10,,,1,30,,296020,10,,,1,70,,296021,10,,,1,30,,296022,10,,,1,70,,296023,10,,,1,30,,296024,10,,,1,70,,296025,10,,,1,30,,296026,10,,,1,70,,296027,10,,,1,30,,296028,10,,,1,72,,296029,10,,,1,30,,296030,10,,,1,68,,296031,10,,,1,30,,296032,10,,,1,70,,296033,10,,,1,29,,296034,10,,,1,70,,296035,10,,,1,30,,296036,10,,,1,70,,296037,10,,,1,30,,296038,10,,,1,70,,296039,10,,,1,30,,296040,10,,,1,70,,296041,10,,,1
91201,'912-Weekday-7-26-09-1111100',535,,296076,10,,,1,70,,296044,10,,,1,31,,296043,10,,,1,70,,296045,10,,,1,30,,296046,10,,,1,70,,296047,10,,,1,30,,296048,10,,,1,70,,296049,10,,,1,30,,296050,10,,,1,70,,296051,10,,,1,30,,296052,10,,,1,70,,296053,10,,,1,30,,296054,10,,,1,70,,296055,10,,,1,30,,296056,10,,,1,70,,296057,10,,,1,30,,296058,10,,,1,70,,296059,10,,,1,30,,296060,10,,,1,70,,296061,10,,,1,30,,296062,10,,,1,72,,296063,10,,,1,30,,296064,10,,,1,68,,296065,10,,,1,30,,296066,10,,,1,70,,296067,10,,,1,29,,296068,10,,,1,70,,296069,10,,,1,30,,296070,10,,,1,70,,296071,10,,,1,30,,296072,10,,,1,70,,296073,10,,,1,30,,296074,10,,,1,70,,296075,10,,,1
91201,'912-Saturday-1-26-09-0000010',809,,296078,10,,,1,30,,296077,10,,,1,71,,296079,10,,,1,27,,296080,10,,,1,70,,296081,10,,,1,30,,296082,10,,,1,70,,296083,10,,,1,30,,296084,10,,,1,70,,296085,10,,,1,30,,296086,10,,,1,70,,296087,10,,,1,30,,296088,10,,,1,70,,296089,10,,,1,30,,296090,10,,,1,70,,296091,10,,,1,30,,296092,10,,,1,70,,296093,10,,,1,30,,296094,10,,,1,71,,296095,10,,,1,31,,296096,10,,,1,70,,296097,10,,,1,30,,296098,10,,,1,70,,296099,10,,,1
91201,'912-Sunday-1-26-09-0000001',1006,,296101,10,,,1,30,,296100,10,,,1,70,,296102,10,,,1,30,,296103,10,,,1,70,,296104,10,,,1,30,,296105,10,,,1,70,,296106,10,,,1,30,,296107,10,,,1,70,,296108,10,,,1,30,,296109,10,,,1,70,,296110,10,,,1,30,,296111,10,,,1,70,,296112,10,,,1,30,,296113,10,,,1,69,,296114,10,,,1,30,,296115,10,,,1,70,,296116,10,,,1,30,,296117,10,,,1,70,,296118,10,,,1
92101,'921-Weekday-1-26-09-1111100',521,,300883,10,,,1,30,,300884,10,,,1,70,,300885,10,,,1,25,,300886,10,,,1,60,,300887,10,,,1,20,,300888,10,,,1,20,,300889,10,,,1,60,,300890,10,,,1,20,,300891,10,,,1,25,,300892,10,,,1,70,,300893,10,,,1,30,,300894,10,,,1,70,,300895,10,,,1,30,,300896,10,,,1,70,,300897,10,,,1,30,,300898,10,,,1,70,,300899,10,,,1,30,,300900,10,,,1,70,,300901,10,,,1,30,,300902,10,,,1,70,,300903,10,,,1,30,,300904,10,,,1,65,,300920,10,,,1,20,,300906,10,,,1,20,,300907,10,,,1,60,,300908,10,,,1,20,,300909,10,,,1,20,,300910,10,,,1,60,,300911,10,,,1,20,,300912,10,,,1,20,,300913,10,,,1,65,,300914,10,,,1,30,,300915,10,,,1,70,,300916,10,,,1,30,,300917,10,,,1,70,,300918,10,,,1,30,,300919,10,,,1,70,,300905,10,,,1,30,,300921,10,,,1,100,,300922,10,,,1
92101,'921-Weekday-3-26-09-1111100',521,,300963,10,,,1,30,,300964,10,,,1,70,,300965,10,,,1,25,,300966,10,,,1,60,,300967,10,,,1,20,,300968,10,,,1,20,,300969,10,,,1,60,,300970,10,,,1,20,,300971,10,,,1,25,,300972,10,,,1,70,,300973,10,,,1,30,,300974,10,,,1,70,,300975,10,,,1,30,,300976,10,,,1,70,,300977,10,,,1,30,,300978,10,,,1,70,,300979,10,,,1,30,,300980,10,,,1,70,,300981,10,,,1,30,,300982,10,,,1,70,,300983,10,,,1,30,,300984,10,,,1,65,,301000,10,,,1,20,,300986,10,,,1,20,,300987,10,,,1,60,,300988,10,,,1,20,,300989,10,,,1,20,,300990,10,,,1,60,,300991,10,,,1,20,,300992,10,,,1,20,,300993,10,,,1,65,,300994,10,,,1,30,,300995,10,,,1,70,,300996,10,,,1,30,,300997,10,,,1,70,,300998,10,,,1,30,,300999,10,,,1,70,,300985,10,,,1,30,,301001,10,,,1,100,,301002,10,,,1
92101,'921-Weekday-4-26-09-1111100',521,,301003,10,,,1,30,,301004,10,,,1,70,,301005,10,,,1,25,,301006,10,,,1,60,,301007,10,,,1,20,,301008,10,,,1,20,,301009,10,,,1,60,,301010,10,,,1,20,,301011,10,,,1,25,,301012,10,,,1,70,,301013,10,,,1,30,,301014,10,,,1,70,,301015,10,,,1,30,,301016,10,,,1,70,,301017,10,,,1,30,,301018,10,,,1,70,,301019,10,,,1,30,,301020,10,,,1,70,,301021,10,,,1,30,,301022,10,,,1,70,,301023,10,,,1,30,,301024,10,,,1,65,,301040,10,,,1,20,,301026,10,,,1,20,,301027,10,,,1,60,,301028,10,,,1,20,,301029,10,,,1,20,,301030,10,,,1,60,,301031,10,,,1,20,,301032,10,,,1,20,,301033,10,,,1,65,,301034,10,,,1,30,,301035,10,,,1,70,,301036,10,,,1,30,,301037,10,,,1,70,,301038,10,,,1,30,,301039,10,,,1,70,,301025,10,,,1,30,,301041,10,,,1,100,,301042,10,,,1
92101,'921-Weekday-5-26-09-1111100',521,,301043,10,,,1,30,,301044,10,,,1,70,,301045,10,,,1,25,,301046,10,,,1,60,,301047,10,,,1,20,,301048,10,,,1,20,,301049,10,,,1,60,,301050,10,,,1,20,,301051,10,,,1,25,,301052,10,,,1,70,,301053,10,,,1,30,,301054,10,,,1,70,,301055,10,,,1,30,,301056,10,,,1,70,,301057,10,,,1,30,,301058,10,,,1,70,,301059,10,,,1,30,,301060,10,,,1,70,,301061,10,,,1,30,,301062,10,,,1,70,,301063,10,,,1,30,,301064,10,,,1,65,,301080,10,,,1,20,,301066,10,,,1,20,,301067,10,,,1,60,,301068,10,,,1,20,,301069,10,,,1,20,,301070,10,,,1,60,,301071,10,,,1,20,,301072,10,,,1,20,,301073,10,,,1,65,,301074,10,,,1,30,,301075,10,,,1,70,,301076,10,,,1,30,,301077,10,,,1,70,,301078,10,,,1,30,,301079,10,,,1,70,,301065,10,,,1,30,,301081,10,,,1,100,,301082,10,,,1
92101,'921-Weekday-6-26-09-1111100',521,,301083,10,,,1,30,,301084,10,,,1,70,,301085,10,,,1,25,,301086,10,,,1,60,,301087,10,,,1,20,,301088,10,,,1,20,,301089,10,,,1,60,,301090,10,,,1,20,,301091,10,,,1,25,,301092,10,,,1,70,,301093,10,,,1,30,,301094,10,,,1,70,,301095,10,,,1,30,,301096,10,,,1,70,,301097,10,,,1,30,,301098,10,,,1,70,,301099,10,,,1,30,,301100,10,,,1,70,,301101,10,,,1,30,,301102,10,,,1,70,,301103,10,,,1,30,,301104,10,,,1,65,,301120,10,,,1,20,,301106,10,,,1,20,,301107,10,,,1,60,,301108,10,,,1,20,,301109,10,,,1,20,,301110,10,,,1,60,,301111,10,,,1,20,,301112,10,,,1,20,,301113,10,,,1,65,,301114,10,,,1,30,,301115,10,,,1,70,,301116,10,,,1,30,,301117,10,,,1,70,,301118,10,,,1,30,,301119,10,,,1,70,,301105,10,,,1,30,,301121,10,,,1,100,,301122,10,,,1
92101,'921-Weekday-7-26-09-1111100',521,,301123,10,,,1,30,,301124,10,,,1,70,,301125,10,,,1,25,,301126,10,,,1,60,,301127,10,,,1,20,,301128,10,,,1,20,,301129,10,,,1,60,,301130,10,,,1,20,,301131,10,,,1,25,,301132,10,,,1,70,,301133,10,,,1,30,,301134,10,,,1,70,,301135,10,,,1,30,,301136,10,,,1,70,,301137,10,,,1,30,,301138,10,,,1,70,,301139,10,,,1,30,,301140,10,,,1,70,,301141,10,,,1,30,,301142,10,,,1,70,,301143,10,,,1,30,,301144,10,,,1,65,,301160,10,,,1,20,,301146,10,,,1,20,,301147,10,,,1,60,,301148,10,,,1,20,,301149,10,,,1,20,,301150,10,,,1,60,,301151,10,,,1,20,,301152,10,,,1,20,,301153,10,,,1,65,,301154,10,,,1,30,,301155,10,,,1,70,,301156,10,,,1,30,,301157,10,,,1,70,,301158,10,,,1,30,,301159,10,,,1,70,,301145,10,,,1,30,,301161,10,,,1,100,,301162,10,,,1
92101,'921-Saturday-1-26-09-0000010',654,,301184,10,,,1,100,,301186,10,,,1,100,,301187,10,,,1,68,,301180,10,,,1,30,,301182,10,,,1,70,,301175,10,,,1,30,,301164,10,,,1,70,,301178,10,,,1,30,,301189,10,,,1,70,,301177,10,,,1,30,,301165,10,,,1,70,,301176,10,,,1,30,,301167,10,,,1,70,,301174,10,,,1,30,,301188,10,,,1,70,,301173,10,,,1,30,,301168,10,,,1,70,,301172,10,,,1,30,,301163,10,,,1,72,,301170,10,,,1,30,,301169,10,,,1,70,,301171,10,,,1,30,,301185,10,,,1,100,,301181,10,,,1,100,,301183,10,,,1,100,,301179,10,,,1,100,,301166,10,,,1
92101,'921-Sunday-1-26-09-0000001',851,,301194,10,,,1,100,,301202,10,,,1,100,,301191,10,,,1,70,,301195,10,,,1,30,,301209,10,,,1,70,,301207,10,,,1,30,,301206,10,,,1,70,,301198,10,,,1,30,,301201,10,,,1,70,,301204,10,,,1,30,,301200,10,,,1,70,,301197,10,,,1,30,,301190,10,,,1,70,,301196,10,,,1,30,,301203,10,,,1,70,,301208,10,,,1,30,,301212,10,,,1,70,,301193,10,,,1,30,,301211,10,,,1,100,,301205,10,,,1,100,,301199,10,,,1,100,,301210,10,,,1,100,,301192,10,,,1
92501,'925-Weekday-1-26-09-1111100',843,,303009,11,,,1,100,,303010,11,,,1,100,,303011,11,,,1,100,,303012,11,,,1,100,,303013,11,,,1,100,,303014,11,,,1,100,,303015,11,,,1,100,,303016,11,,,1
92501,'925-Weekday-3-26-09-1111100',843,,303025,11,,,1,100,,303026,11,,,1,100,,303027,11,,,1,100,,303028,11,,,1,100,,303029,11,,,1,100,,303030,11,,,1,100,,303031,11,,,1,100,,303032,11,,,1
92501,'925-Weekday-4-26-09-1111100',843,,303033,11,,,1,100,,303034,11,,,1,100,,303035,11,,,1,100,,303036,11,,,1,100,,303037,11,,,1,100,,303038,11,,,1,100,,303039,11,,,1,100,,303040,11,,,1
92501,'925-Weekday-5-26-09-1111100',843,,303041,11,,,1,100,,303042,11,,,1,100,,303043,11,,,1,100,,303044,11,,,1,100,,303045,11,,,1,100,,303046,11,,,1,100,,303047,11,,,1,100,,303048,11,,,1
92501,'925-Weekday-6-26-09-1111100',843,,303049,11,,,1,100,,303050,11,,,1,100,,303051,11,,,1,100,,303052,11,,,1,100,,303053,11,,,1,100,,303054,11,,,1,100,,303055,11,,,1,100,,303056,11,,,1
92501,'925-Weekday-7-26-09-1111100',843,,303057,11,,,1,100,,303058,11,,,1,100,,303059,11,,,1,100,,303060,11,,,1,100,,303061,11,,,1,100,,303062,11,,,1,100,,303063,11,,,1,100,,303064,11,,,1
