5101,'051-Weekday-1-26-06-1111100',554,,166756,40,,,1,70,,166757,40,,,1,80,,166768,40,,,1,22,,166767,40,,,1,20,,166758,40,,,1,60,,166759,40,,,1,20,,166760,40,,,1,20,,166761,40,,,1,59,,166762,40,,,1,15,,166741,40,,,1,26,,166755,40,,,1,70,,166742,40,,,1,30,,166763,40,,,1,70,,166743,40,,,1,30,,166744,40,,,1,70,,166764,40,,,1,30,,166745,40,,,1,70,,166746,40,,,1,30,,166765,40,,,1,70,,166747,40,,,1,30,,166766,40,,,1,70,,166748,40,,,1,32,,166749,40,,,1,72,,166750,40,,,1,30,,166751,40,,,1,70,,166752,40,,,1,30,,166753,40,,,1,70,,166770,40,,,1,27,,166771,40,,,1,66,,166772,40,,,1,30,,166773,40,,,1,70,,166774,40,,,1,30,,166775,40,,,1,70,,166776,40,,,1,30,,166777,40,,,1,69,,166754,40,,,1,100,,166769,40,,,1
5101,'051-Weekday-2-26-06-1111100',554,,191492,40,,,1,70,,191493,40,,,1,80,,191504,40,,,1,22,,191503,40,,,1,20,,191494,40,,,1,60,,191495,40,,,1,20,,191496,40,,,1,20,,191497,40,,,1,59,,191498,40,,,1,15,,191477,40,,,1,26,,191491,40,,,1,70,,191478,40,,,1,30,,191499,40,,,1,70,,191479,40,,,1,30,,191480,40,,,1,70,,191500,40,,,1,30,,191481,40,,,1,70,,191482,40,,,1,30,,191501,40,,,1,70,,191483,40,,,1,30,,191502,40,,,1,70,,191484,40,,,1,32,,191485,40,,,1,72,,191486,40,,,1,30,,191487,40,,,1,70,,191488,40,,,1,30,,191489,40,,,1,70,,191506,40,,,1,27,,191507,40,,,1,66,,191508,40,,,1,30,,191509,40,,,1,70,,191510,40,,,1,30,,191511,40,,,1,70,,191512,40,,,1,30,,191513,40,,,1,69,,191490,40,,,1,100,,191505,40,,,1
5101,'051-Saturday-1-26-06-0000010',634,,166778,40,,,1,100,,166779,40,,,1,100,,166780,40,,,1,70,,166781,40,,,1,32,,166782,40,,,1,70,,166783,40,,,1,30,,166784,40,,,1,70,,166785,40,,,1,30,,166786,40,,,1,70,,166787,40,,,1,30,,166788,40,,,1,70,,166789,40,,,1,30,,166790,40,,,1,70,,166791,40,,,1,30,,166792,40,,,1,70,,166793,40,,,1,30,,166794,40,,,1,70,,166795,40,,,1,30,,166796,40,,,1,70,,166797,40,,,1,27,,166798,40,,,1,70,,166799,40,,,1,30,,166800,40,,,1,70,,166801,40,,,1,30,,166802,40,,,1,100,,166803,40,,,1,100,,166804,40,,,1,100,,166805,40,,,1
5101,'051-Saturday-2-26-06-0000010',634,,208263,40,,,1,100,,208264,40,,,1,100,,208265,40,,,1,70,,208266,40,,,1,32,,208267,40,,,1,70,,208268,40,,,1,30,,208269,40,,,1,70,,208270,40,,,1,30,,208271,40,,,1,70,,208272,40,,,1,30,,208273,40,,,1,70,,208274,40,,,1,30,,208275,40,,,1,70,,208276,40,,,1,30,,208277,40,,,1,70,,208278,40,,,1,30,,208279,40,,,1,70,,208280,40,,,1,30,,208281,40,,,1,70,,208282,40,,,1,27,,208283,40,,,1,70,,208284,40,,,1,30,,208285,40,,,1,70,,208286,40,,,1,30,,208287,40,,,1,100,,208288,40,,,1,100,,208289,40,,,1,100,,208290,40,,,1
5101,'051-Sunday-2-26-06-0000001',734,,191533,40,,,1,100,,191534,40,,,1,103,,191535,40,,,1,70,,191538,40,,,1,30,,191514,40,,,1,70,,191515,40,,,1,30,,191516,40,,,1,70,,191517,40,,,1,30,,191518,40,,,1,70,,191519,40,,,1,30,,191520,40,,,1,70,,191521,40,,,1,30,,191522,40,,,1,70,,191523,40,,,1,30,,191524,40,,,1,70,,191525,40,,,1,30,,191526,40,,,1,69,,191527,40,,,1,28,,191528,40,,,1,70,,191529,40,,,1,30,,191530,40,,,1,70,,191531,40,,,1,30,,191532,40,,,1,100,,191536,40,,,1,100,,191537,40,,,1,100,,191539,40,,,1
5101,'051-Sunday-3-26-06-0000001',734,,208310,40,,,1,100,,208311,40,,,1,103,,208312,40,,,1,70,,208315,40,,,1,30,,208291,40,,,1,70,,208292,40,,,1,30,,208293,40,,,1,70,,208294,40,,,1,30,,208295,40,,,1,70,,208296,40,,,1,30,,208297,40,,,1,70,,208298,40,,,1,30,,208299,40,,,1,70,,208300,40,,,1,30,,208301,40,,,1,70,,208302,40,,,1,30,,208303,40,,,1,69,,208304,40,,,1,28,,208305,40,,,1,70,,208306,40,,,1,30,,208307,40,,,1,70,,208308,40,,,1,30,,208309,40,,,1,100,,208313,40,,,1,100,,208314,40,,,1,100,,208316,40,,,1
5101,'051-Sunday-6-26-06-0000001',734,,208336,40,,,1,100,,208337,40,,,1,103,,208338,40,,,1,70,,208341,40,,,1,30,,208317,40,,,1,70,,208318,40,,,1,30,,208319,40,,,1,70,,208320,40,,,1,30,,208321,40,,,1,70,,208322,40,,,1,30,,208323,40,,,1,70,,208324,40,,,1,30,,208325,40,,,1,70,,208326,40,,,1,30,,208327,40,,,1,70,,208328,40,,,1,30,,208329,40,,,1,69,,208330,40,,,1,28,,208331,40,,,1,70,,208332,40,,,1,30,,208333,40,,,1,70,,208334,40,,,1,30,,208335,40,,,1,100,,208339,40,,,1,100,,208340,40,,,1,100,,208342,40,,,1
5101,'051-Sunday-7-26-06-0000001',734,,208362,40,,,1,100,,208363,40,,,1,103,,208364,40,,,1,70,,208367,40,,,1,30,,208343,40,,,1,70,,208344,40,,,1,30,,208345,40,,,1,70,,208346,40,,,1,30,,208347,40,,,1,70,,208348,40,,,1,30,,208349,40,,,1,70,,208350,40,,,1,30,,208351,40,,,1,70,,208352,40,,,1,30,,208353,40,,,1,70,,208354,40,,,1,30,,208355,40,,,1,69,,208356,40,,,1,28,,208357,40,,,1,70,,208358,40,,,1,30,,208359,40,,,1,70,,208360,40,,,1,30,,208361,40,,,1,100,,208365,40,,,1,100,,208366,40,,,1,100,,208368,40,,,1
90201,'902-Weekday-1-26-06-1111100',543,,183069,24,,,1,70,,183071,24,,,1,34,,183072,24,,,1,73,,183073,24,,,1,30,,183074,24,,,1,57,,183076,24,,,1,15,,183077,24,,,1,15,,183078,24,,,1,15,,183079,24,,,1,56,,183080,24,,,1,16,,183081,24,,,1,15,,183082,24,,,1,15,,183083,24,,,1,60,,183084,24,,,1,20,,183085,24,,,1,20,,183086,24,,,1,60,,183087,24,,,1,20,,183088,24,,,1,20,,183089,24,,,1,60,,183090,24,,,1,20,,183091,24,,,1,20,,183092,24,,,1,60,,183093,24,,,1,20,,183094,24,,,1,20,,183095,24,,,1,60,,183096,24,,,1,20,,183097,24,,,1,20,,183098,24,,,1,70,,183099,24,,,1,31,,183100,24,,,1,70,,183101,24,,,1,30,,183102,24,,,1,70,,183103,24,,,1,30,,183104,24,,,1,70,,183105,24,,,1,24,,183106,24,,,1,69,,183107,24,,,1,30,,183108,24,,,1,70,,183109,24,,,1,30,,183110,24,,,1,70,,183111,24,,,1,30,,183070,24,,,1,68,,183112,24,,,1,98,,183075,24,,,1
90201,'902-Weekday-2-26-06-1111100',543,,200323,24,,,1,70,,200325,24,,,1,34,,200326,24,,,1,73,,200327,24,,,1,30,,200328,24,,,1,57,,200330,24,,,1,15,,200331,24,,,1,15,,200332,24,,,1,15,,200333,24,,,1,56,,200334,24,,,1,16,,200335,24,,,1,15,,200336,24,,,1,15,,200337,24,,,1,60,,200338,24,,,1,20,,200339,24,,,1,20,,200340,24,,,1,60,,200341,24,,,1,20,,200342,24,,,1,20,,200343,24,,,1,60,,200344,24,,,1,20,,200345,24,,,1,20,,200346,24,,,1,60,,200347,24,,,1,20,,200348,24,,,1,20,,200349,24,,,1,60,,200350,24,,,1,20,,200351,24,,,1,20,,200352,24,,,1,70,,200353,24,,,1,31,,200354,24,,,1,70,,200355,24,,,1,30,,200356,24,,,1,70,,200357,24,,,1,30,,200358,24,,,1,70,,200359,24,,,1,24,,200360,24,,,1,69,,200361,24,,,1,30,,200362,24,,,1,70,,200363,24,,,1,30,,200364,24,,,1,70,,200365,24,,,1,30,,200324,24,,,1,68,,200366,24,,,1,98,,200329,24,,,1
90201,'902-Saturday-1-26-06-0000010',631,,183113,24,,,1,100,,183114,24,,,1,100,,183115,24,,,1,78,,183116,24,,,1,37,,183117,24,,,1,71,,183118,24,,,1,30,,183119,24,,,1,70,,183120,24,,,1,30,,183121,24,,,1,70,,183122,24,,,1,30,,183123,24,,,1,70,,183124,24,,,1,30,,183125,24,,,1,70,,183126,24,,,1,30,,183127,24,,,1,70,,183128,24,,,1,30,,183129,24,,,1,70,,183130,24,,,1,30,,183131,24,,,1,70,,183132,24,,,1,28,,183133,24,,,1,73,,183134,24,,,1,30,,183135,24,,,1,70,,183136,24,,,1,100,,183137,24,,,1,100,,183138,24,,,1,100,,183139,24,,,1,100,,183140,24,,,1,100,,183141,24,,,1
90201,'902-Saturday-2-26-06-0000010',631,,222307,24,,,1,100,,222308,24,,,1,100,,222309,24,,,1,78,,222310,24,,,1,37,,222311,24,,,1,71,,222312,24,,,1,30,,222313,24,,,1,70,,222314,24,,,1,30,,222315,24,,,1,70,,222316,24,,,1,30,,222317,24,,,1,70,,222318,24,,,1,30,,222319,24,,,1,70,,222320,24,,,1,30,,222321,24,,,1,70,,222322,24,,,1,30,,222323,24,,,1,70,,222324,24,,,1,30,,222325,24,,,1,70,,222326,24,,,1,28,,222327,24,,,1,73,,222328,24,,,1,30,,222329,24,,,1,70,,222330,24,,,1,100,,222331,24,,,1,100,,222332,24,,,1,100,,222333,24,,,1,100,,222334,24,,,1,100,,222335,24,,,1
90201,'902-Sunday-2-26-06-0000001',636,,200367,24,,,1,100,,200368,24,,,1,100,,200369,24,,,1,100,,200370,24,,,1,100,,200371,24,,,1,85,,200372,24,,,1,30,,200373,24,,,1,70,,200374,24,,,1,30,,200375,24,,,1,70,,200376,24,,,1,30,,200377,24,,,1,70,,200378,24,,,1,30,,200379,24,,,1,70,,200380,24,,,1,30,,200381,24,,,1,70,,200382,24,,,1,30,,200383,24,,,1,70,,200384,24,,,1,29,,200385,24,,,1,70,,200386,24,,,1,30,,200387,24,,,1,70,,200388,24,,,1,30,,200389,24,,,1,100,,200390,24,,,1,100,,200391,24,,,1,100,,200392,24,,,1,100,,200393,24,,,1
90201,'902-Sunday-3-26-06-0000001',636,,222336,24,,,1,100,,222337,24,,,1,100,,222338,24,,,1,100,,222339,24,,,1,100,,222340,24,,,1,85,,222341,24,,,1,30,,222342,24,,,1,70,,222343,24,,,1,30,,222344,24,,,1,70,,222345,24,,,1,30,,222346,24,,,1,70,,222347,24,,,1,30,,222348,24,,,1,70,,222349,24,,,1,30,,222350,24,,,1,70,,222351,24,,,1,30,,222352,24,,,1,70,,222353,24,,,1,29,,222354,24,,,1,70,,222355,24,,,1,30,,222356,24,,,1,70,,222357,24,,,1,30,,222358,24,,,1,100,,222359,24,,,1,100,,222360,24,,,1,100,,222361,24,,,1,100,,222362,24,,,1
90201,'902-Sunday-6-26-06-0000001',636,,222363,24,,,1,100,,222364,24,,,1,100,,222365,24,,,1,100,,222366,24,,,1,100,,222367,24,,,1,85,,222368,24,,,1,30,,222369,24,,,1,70,,222370,24,,,1,30,,222371,24,,,1,70,,222372,24,,,1,30,,222373,24,,,1,70,,222374,24,,,1,30,,222375,24,,,1,70,,222376,24,,,1,30,,222377,24,,,1,70,,222378,24,,,1,30,,222379,24,,,1,70,,222380,24,,,1,29,,222381,24,,,1,70,,222382,24,,,1,30,,222383,24,,,1,70,,222384,24,,,1,30,,222385,24,,,1,100,,222386,24,,,1,100,,222387,24,,,1,100,,222388,24,,,1,100,,222389,24,,,1
90201,'902-Sunday-7-26-06-0000001',636,,222390,24,,,1,100,,222391,24,,,1,100,,222392,24,,,1,100,,222393,24,,,1,100,,222394,24,,,1,85,,222395,24,,,1,30,,222396,24,,,1,70,,222397,24,,,1,30,,222398,24,,,1,70,,222399,24,,,1,30,,222400,24,,,1,70,,222401,24,,,1,30,,222402,24,,,1,70,,222403,24,,,1,30,,222404,24,,,1,70,,222405,24,,,1,30,,222406,24,,,1,70,,222407,24,,,1,29,,222408,24,,,1,70,,222409,24,,,1,30,,222410,24,,,1,70,,222411,24,,,1,30,,222412,24,,,1,100,,222413,24,,,1,100,,222414,24,,,1,100,,222415,24,,,1,100,,222416,24,,,1
