91900,'919-Weekday-1-26-06-1111100',553,,185348,23,4,,1,70,,185349,23,4,,1,33,,185350,23,4,,1,55,,185351,23,4,,1,15,,185352,23,4,,1,15,,185353,23,4,,1,15,,185354,23,4,,1,55,,185355,23,4,,1,15,,185356,23,4,,1,15,,185357,23,4,,1,15,,185358,23,4,,1,58,,185359,23,4,,1,20,,185360,23,4,,1,20,,185361,23,4,,1,60,,185362,23,4,,1,20,,185363,23,4,,1,20,,185364,23,4,,1,60,,185365,23,4,,1,20,,185366,23,4,,1,20,,185367,23,4,,1,60,,185368,23,4,,1,20,,185369,23,4,,1,20,,185370,23,4,,1,60,,185371,23,4,,1,20,,185372,23,4,,1,20,,185373,23,4,,1,60,,185374,23,4,,1,20,,185375,23,4,,1,20,,185376,23,4,,1,61,,185377,23,4,,1,21,,185378,23,4,,1,20,,185379,23,4,,1,55,,185380,23,4,,1,15,,185381,23,4,,1,15,,185382,23,4,,1,15,,185383,23,4,,1,55,,185384,23,4,,1,15,,185385,23,4,,1,15,,185386,23,4,,1,15,,185387,23,4,,1,55,,185388,23,4,,1,15,,185389,23,4,,1,27,,185390,23,4,,1,70,,185391,23,4,,1,30,,185392,23,4,,1,70,,185393,23,4,,1,30,,185394,23,4,,1,70,,185395,23,4,,1,30,,185396,23,4,,1
91900,'919-Weekday-2-26-06-1111100',553,,201858,23,4,,1,70,,201859,23,4,,1,33,,201860,23,4,,1,55,,201861,23,4,,1,15,,201862,23,4,,1,15,,201863,23,4,,1,15,,201864,23,4,,1,55,,201865,23,4,,1,15,,201866,23,4,,1,15,,201867,23,4,,1,15,,201868,23,4,,1,58,,201869,23,4,,1,20,,201870,23,4,,1,20,,201871,23,4,,1,60,,201872,23,4,,1,20,,201873,23,4,,1,20,,201874,23,4,,1,60,,201875,23,4,,1,20,,201876,23,4,,1,20,,201877,23,4,,1,60,,201878,23,4,,1,20,,201879,23,4,,1,20,,201880,23,4,,1,60,,201881,23,4,,1,20,,201882,23,4,,1,20,,201883,23,4,,1,60,,201884,23,4,,1,20,,201885,23,4,,1,20,,201886,23,4,,1,61,,201887,23,4,,1,21,,201888,23,4,,1,20,,201889,23,4,,1,55,,201890,23,4,,1,15,,201891,23,4,,1,15,,201892,23,4,,1,15,,201893,23,4,,1,55,,201894,23,4,,1,15,,201895,23,4,,1,15,,201896,23,4,,1,15,,201897,23,4,,1,55,,201898,23,4,,1,15,,201899,23,4,,1,27,,201900,23,4,,1,70,,201901,23,4,,1,30,,201902,23,4,,1,70,,201903,23,4,,1,30,,201904,23,4,,1,70,,201905,23,4,,1,30,,201906,23,4,,1
91900,'919-Saturday-1-26-06-0000010',622,,185397,23,4,,1,100,,185398,23,4,,1,100,,185399,23,4,,1,30,,185400,23,4,,1,72,,185401,23,4,,1,30,,185402,23,4,,1,70,,185403,23,4,,1,30,,185404,23,4,,1,70,,185405,23,4,,1,30,,185406,23,4,,1,70,,185407,23,4,,1,30,,185408,23,4,,1,70,,185409,23,4,,1,30,,185410,23,4,,1,70,,185411,23,4,,1,30,,185412,23,4,,1,70,,185413,23,4,,1,30,,185414,23,4,,1,70,,185415,23,4,,1,30,,185416,23,4,,1,69,,185417,23,4,,1,30,,185418,23,4,,1,70,,185419,23,4,,1,30,,185420,23,4,,1,70,,185421,23,4,,1,100,,185422,23,4,,1,100,,185423,23,4,,1,100,,185424,23,4,,1
91900,'919-Saturday-2-26-06-0000010',622,,224605,23,4,,1,100,,224606,23,4,,1,100,,224607,23,4,,1,30,,224608,23,4,,1,72,,224609,23,4,,1,30,,224610,23,4,,1,70,,224611,23,4,,1,30,,224612,23,4,,1,70,,224613,23,4,,1,30,,224614,23,4,,1,70,,224615,23,4,,1,30,,224616,23,4,,1,70,,224617,23,4,,1,30,,224618,23,4,,1,70,,224619,23,4,,1,30,,224620,23,4,,1,70,,224621,23,4,,1,30,,224622,23,4,,1,70,,224623,23,4,,1,30,,224624,23,4,,1,69,,224625,23,4,,1,30,,224626,23,4,,1,70,,224627,23,4,,1,30,,224628,23,4,,1,70,,224629,23,4,,1,100,,224630,23,4,,1,100,,224631,23,4,,1,100,,224632,23,4,,1
91900,'919-Sunday-2-26-06-0000001',826,,201907,23,4,,1,102,,201908,23,4,,1,100,,201909,23,4,,1,30,,201910,23,4,,1,70,,201911,23,4,,1,30,,201912,23,4,,1,70,,201913,23,4,,1,30,,201914,23,4,,1,70,,201915,23,4,,1,30,,201916,23,4,,1,70,,201917,23,4,,1,30,,201918,23,4,,1,70,,201919,23,4,,1,30,,201920,23,4,,1,70,,201921,23,4,,1,30,,201922,23,4,,1,69,,201923,23,4,,1,30,,201924,23,4,,1,70,,201925,23,4,,1,30,,201926,23,4,,1,70,,201927,23,4,,1,100,,201928,23,4,,1,100,,201929,23,4,,1,100,,201930,23,4,,1
91900,'919-Sunday-3-26-06-0000001',826,,224633,23,4,,1,102,,224634,23,4,,1,100,,224635,23,4,,1,30,,224636,23,4,,1,70,,224637,23,4,,1,30,,224638,23,4,,1,70,,224639,23,4,,1,30,,224640,23,4,,1,70,,224641,23,4,,1,30,,224642,23,4,,1,70,,224643,23,4,,1,30,,224644,23,4,,1,70,,224645,23,4,,1,30,,224646,23,4,,1,70,,224647,23,4,,1,30,,224648,23,4,,1,69,,224649,23,4,,1,30,,224650,23,4,,1,70,,224651,23,4,,1,30,,224652,23,4,,1,70,,224653,23,4,,1,100,,224654,23,4,,1,100,,224655,23,4,,1,100,,224656,23,4,,1
91900,'919-Sunday-6-26-06-0000001',826,,224657,23,4,,1,102,,224658,23,4,,1,100,,224659,23,4,,1,30,,224660,23,4,,1,70,,224661,23,4,,1,30,,224662,23,4,,1,70,,224663,23,4,,1,30,,224664,23,4,,1,70,,224665,23,4,,1,30,,224666,23,4,,1,70,,224667,23,4,,1,30,,224668,23,4,,1,70,,224669,23,4,,1,30,,224670,23,4,,1,70,,224671,23,4,,1,30,,224672,23,4,,1,69,,224673,23,4,,1,30,,224674,23,4,,1,70,,224675,23,4,,1,30,,224676,23,4,,1,70,,224677,23,4,,1,100,,224678,23,4,,1,100,,224679,23,4,,1,100,,224680,23,4,,1
91900,'919-Sunday-7-26-06-0000001',826,,224681,23,4,,1,102,,224682,23,4,,1,100,,224683,23,4,,1,30,,224684,23,4,,1,70,,224685,23,4,,1,30,,224686,23,4,,1,70,,224687,23,4,,1,30,,224688,23,4,,1,70,,224689,23,4,,1,30,,224690,23,4,,1,70,,224691,23,4,,1,30,,224692,23,4,,1,70,,224693,23,4,,1,30,,224694,23,4,,1,70,,224695,23,4,,1,30,,224696,23,4,,1,69,,224697,23,4,,1,30,,224698,23,4,,1,70,,224699,23,4,,1,30,,224700,23,4,,1,70,,224701,23,4,,1,100,,224702,23,4,,1,100,,224703,23,4,,1,100,,224704,23,4,,1
91901,'919-Weekday-1-26-06-1111100',529,,185449,1,,,1,30,,185450,1,,,1,70,,185451,1,,,1,15,,185452,1,,,1,15,,185453,1,,,1,55,,185454,1,,,1,15,,185455,1,,,1,15,,185456,1,,,1,15,,185457,1,,,1,55,,185458,1,,,1,15,,185497,1,,,1,20,,185459,1,,,1,60,,185460,1,,,1,20,,185461,1,,,1,20,,185462,1,,,1,60,,185463,1,,,1,20,,185464,1,,,1,20,,185465,1,,,1,60,,185466,1,,,1,20,,185467,1,,,1,20,,185468,1,,,1,60,,185469,1,,,1,20,,185470,1,,,1,20,,185471,1,,,1,60,,185472,1,,,1,20,,185473,1,,,1,20,,185474,1,,,1,60,,185475,1,,,1,20,,185476,1,,,1,20,,185477,1,,,1,60,,185478,1,,,1,20,,185479,1,,,1,15,,185480,1,,,1,15,,185481,1,,,1,55,,185482,1,,,1,15,,185483,1,,,1,15,,185484,1,,,1,15,,185485,1,,,1,55,,185486,1,,,1,15,,185487,1,,,1,15,,185488,1,,,1,15,,185496,1,,,1,70,,185489,1,,,1,30,,185490,1,,,1,70,,185491,1,,,1,30,,185492,1,,,1,70,,185493,1,,,1,30,,185494,1,,,1,70,,185495,1,,,1
91901,'919-Weekday-2-26-06-1111100',529,,201931,1,,,1,30,,201932,1,,,1,70,,201933,1,,,1,15,,201934,1,,,1,15,,201935,1,,,1,55,,201936,1,,,1,15,,201937,1,,,1,15,,201938,1,,,1,15,,201939,1,,,1,55,,201940,1,,,1,15,,201979,1,,,1,20,,201941,1,,,1,60,,201942,1,,,1,20,,201943,1,,,1,20,,201944,1,,,1,60,,201945,1,,,1,20,,201946,1,,,1,20,,201947,1,,,1,60,,201948,1,,,1,20,,201949,1,,,1,20,,201950,1,,,1,60,,201951,1,,,1,20,,201952,1,,,1,20,,201953,1,,,1,60,,201954,1,,,1,20,,201955,1,,,1,20,,201956,1,,,1,60,,201957,1,,,1,20,,201958,1,,,1,20,,201959,1,,,1,60,,201960,1,,,1,20,,201961,1,,,1,15,,201962,1,,,1,15,,201963,1,,,1,55,,201964,1,,,1,15,,201965,1,,,1,15,,201966,1,,,1,15,,201967,1,,,1,55,,201968,1,,,1,15,,201969,1,,,1,15,,201970,1,,,1,15,,201978,1,,,1,70,,201971,1,,,1,30,,201972,1,,,1,70,,201973,1,,,1,30,,201974,1,,,1,70,,201975,1,,,1,30,,201976,1,,,1,70,,201977,1,,,1
91901,'919-Saturday-1-26-06-0000010',600,,185498,1,,,1,100,,185499,1,,,1,100,,185500,1,,,1,30,,185501,1,,,1,70,,185502,1,,,1,30,,185503,1,,,1,70,,185504,1,,,1,30,,185505,1,,,1,70,,185506,1,,,1,30,,185507,1,,,1,70,,185508,1,,,1,30,,185509,1,,,1,70,,185510,1,,,1,30,,185511,1,,,1,70,,185512,1,,,1,30,,185513,1,,,1,70,,185514,1,,,1,30,,185515,1,,,1,70,,185516,1,,,1,30,,185517,1,,,1,70,,185518,1,,,1,30,,185519,1,,,1,70,,185520,1,,,1,30,,185521,1,,,1,70,,185522,1,,,1,100,,185523,1,,,1,100,,185524,1,,,1,100,,185525,1,,,1
91901,'919-Saturday-2-26-06-0000010',600,,224705,1,,,1,100,,224706,1,,,1,100,,224707,1,,,1,30,,224708,1,,,1,70,,224709,1,,,1,30,,224710,1,,,1,70,,224711,1,,,1,30,,224712,1,,,1,70,,224713,1,,,1,30,,224714,1,,,1,70,,224715,1,,,1,30,,224716,1,,,1,70,,224717,1,,,1,30,,224718,1,,,1,70,,224719,1,,,1,30,,224720,1,,,1,70,,224721,1,,,1,30,,224722,1,,,1,70,,224723,1,,,1,30,,224724,1,,,1,70,,224725,1,,,1,30,,224726,1,,,1,70,,224727,1,,,1,30,,224728,1,,,1,70,,224729,1,,,1,100,,224730,1,,,1,100,,224731,1,,,1,100,,224732,1,,,1
91901,'919-Sunday-2-26-06-0000001',805,,201980,1,,,1,100,,201981,1,,,1,100,,201982,1,,,1,30,,201983,1,,,1,70,,201984,1,,,1,30,,201985,1,,,1,70,,201986,1,,,1,30,,201987,1,,,1,70,,201988,1,,,1,30,,201989,1,,,1,70,,201990,1,,,1,30,,201991,1,,,1,70,,201992,1,,,1,30,,201993,1,,,1,70,,201994,1,,,1,30,,201995,1,,,1,70,,201996,1,,,1,30,,201997,1,,,1,70,,201998,1,,,1,30,,201999,1,,,1,70,,202000,1,,,1,100,,202001,1,,,1,100,,202002,1,,,1,100,,202003,1,,,1
91901,'919-Sunday-3-26-06-0000001',805,,224733,1,,,1,100,,224734,1,,,1,100,,224735,1,,,1,30,,224736,1,,,1,70,,224737,1,,,1,30,,224738,1,,,1,70,,224739,1,,,1,30,,224740,1,,,1,70,,224741,1,,,1,30,,224742,1,,,1,70,,224743,1,,,1,30,,224744,1,,,1,70,,224745,1,,,1,30,,224746,1,,,1,70,,224747,1,,,1,30,,224748,1,,,1,70,,224749,1,,,1,30,,224750,1,,,1,70,,224751,1,,,1,30,,224752,1,,,1,70,,224753,1,,,1,100,,224754,1,,,1,100,,224755,1,,,1,100,,224756,1,,,1
91901,'919-Sunday-6-26-06-0000001',805,,224757,1,,,1,100,,224758,1,,,1,100,,224759,1,,,1,30,,224760,1,,,1,70,,224761,1,,,1,30,,224762,1,,,1,70,,224763,1,,,1,30,,224764,1,,,1,70,,224765,1,,,1,30,,224766,1,,,1,70,,224767,1,,,1,30,,224768,1,,,1,70,,224769,1,,,1,30,,224770,1,,,1,70,,224771,1,,,1,30,,224772,1,,,1,70,,224773,1,,,1,30,,224774,1,,,1,70,,224775,1,,,1,30,,224776,1,,,1,70,,224777,1,,,1,100,,224778,1,,,1,100,,224779,1,,,1,100,,224780,1,,,1
91901,'919-Sunday-7-26-06-0000001',805,,224781,1,,,1,100,,224782,1,,,1,100,,224783,1,,,1,30,,224784,1,,,1,70,,224785,1,,,1,30,,224786,1,,,1,70,,224787,1,,,1,30,,224788,1,,,1,70,,224789,1,,,1,30,,224790,1,,,1,70,,224791,1,,,1,30,,224792,1,,,1,70,,224793,1,,,1,30,,224794,1,,,1,70,,224795,1,,,1,30,,224796,1,,,1,70,,224797,1,,,1,30,,224798,1,,,1,70,,224799,1,,,1,30,,224800,1,,,1,70,,224801,1,,,1,100,,224802,1,,,1,100,,224803,1,,,1,100,,224804,1,,,1
