24093000,'930X-Weekday-1-26-09-1111100',600,,311232,2,,,1,30,,311233,2,,,1,12,,311240,2,,,1,12,,311234,2,,,1,52,,311236,2,,,1,12,,311241,2,,,1,12,,311235,2,,,1,12,,311242,2,,,1,12,,311231,2,,,1,52,,311237,2,,,1,12,,311243,2,,,1,12,,311230,2,,,1,12,,311244,2,,,1,12,,311238,2,,,1,52,,311239,2,,,1
24093000,'930X-Weekday-3-26-09-1111100',600,,311262,2,,,1,30,,311263,2,,,1,12,,311270,2,,,1,12,,311264,2,,,1,52,,311266,2,,,1,12,,311271,2,,,1,12,,311265,2,,,1,12,,311272,2,,,1,12,,311261,2,,,1,52,,311267,2,,,1,12,,311273,2,,,1,12,,311260,2,,,1,12,,311274,2,,,1,12,,311268,2,,,1,52,,311269,2,,,1
24093000,'930X-Weekday-4-26-09-1111100',600,,311277,2,,,1,30,,311278,2,,,1,12,,311285,2,,,1,12,,311279,2,,,1,52,,311281,2,,,1,12,,311286,2,,,1,12,,311280,2,,,1,12,,311287,2,,,1,12,,311276,2,,,1,52,,311282,2,,,1,12,,311288,2,,,1,12,,311275,2,,,1,12,,311289,2,,,1,12,,311283,2,,,1,52,,311284,2,,,1
24093000,'930X-Weekday-5-26-09-1111100',600,,311292,2,,,1,30,,311293,2,,,1,12,,311300,2,,,1,12,,311294,2,,,1,52,,311296,2,,,1,12,,311301,2,,,1,12,,311295,2,,,1,12,,311302,2,,,1,12,,311291,2,,,1,52,,311297,2,,,1,12,,311303,2,,,1,12,,311290,2,,,1,12,,311304,2,,,1,12,,311298,2,,,1,52,,311299,2,,,1
24093000,'930X-Weekday-6-26-09-1111100',600,,311307,2,,,1,30,,311308,2,,,1,12,,311315,2,,,1,12,,311309,2,,,1,52,,311311,2,,,1,12,,311316,2,,,1,12,,311310,2,,,1,12,,311317,2,,,1,12,,311306,2,,,1,52,,311312,2,,,1,12,,311318,2,,,1,12,,311305,2,,,1,12,,311319,2,,,1,12,,311313,2,,,1,52,,311314,2,,,1
24093000,'930X-Weekday-7-26-09-1111100',600,,311322,2,,,1,30,,311323,2,,,1,12,,311330,2,,,1,12,,311324,2,,,1,52,,311326,2,,,1,12,,311331,2,,,1,12,,311325,2,,,1,12,,311332,2,,,1,12,,311321,2,,,1,52,,311327,2,,,1,12,,311333,2,,,1,12,,311320,2,,,1,12,,311334,2,,,1,12,,311328,2,,,1,52,,311329,2,,,1
24093001,'930X-Weekday-1-26-09-1111100',1542,,311335,14,,,1,15,,311336,14,,,1,55,,311343,14,,,1,15,,311337,14,,,1,15,,311338,14,,,1,15,,311339,14,,,1,55,,311344,14,,,1,15,,311340,14,,,1,15,,311341,14,,,1,15,,311342,14,,,1,55,,311345,14,,,1
24093001,'930X-Weekday-3-26-09-1111100',1542,,311357,14,,,1,15,,311358,14,,,1,55,,311365,14,,,1,15,,311359,14,,,1,15,,311360,14,,,1,15,,311361,14,,,1,55,,311366,14,,,1,15,,311362,14,,,1,15,,311363,14,,,1,15,,311364,14,,,1,55,,311367,14,,,1
24093001,'930X-Weekday-4-26-09-1111100',1542,,311368,14,,,1,15,,311369,14,,,1,55,,311376,14,,,1,15,,311370,14,,,1,15,,311371,14,,,1,15,,311372,14,,,1,55,,311377,14,,,1,15,,311373,14,,,1,15,,311374,14,,,1,15,,311375,14,,,1,55,,311378,14,,,1
24093001,'930X-Weekday-5-26-09-1111100',1542,,311379,14,,,1,15,,311380,14,,,1,55,,311387,14,,,1,15,,311381,14,,,1,15,,311382,14,,,1,15,,311383,14,,,1,55,,311388,14,,,1,15,,311384,14,,,1,15,,311385,14,,,1,15,,311386,14,,,1,55,,311389,14,,,1
24093001,'930X-Weekday-6-26-09-1111100',1542,,311390,14,,,1,15,,311391,14,,,1,55,,311398,14,,,1,15,,311392,14,,,1,15,,311393,14,,,1,15,,311394,14,,,1,55,,311399,14,,,1,15,,311395,14,,,1,15,,311396,14,,,1,15,,311397,14,,,1,55,,311400,14,,,1
24093001,'930X-Weekday-7-26-09-1111100',1542,,311401,14,,,1,15,,311402,14,,,1,55,,311409,14,,,1,15,,311403,14,,,1,15,,311404,14,,,1,15,,311405,14,,,1,55,,311410,14,,,1,15,,311406,14,,,1,15,,311407,14,,,1,15,,311408,14,,,1,55,,311411,14,,,1
