91701,'917-Weekday-1-26-09-0001000',1513,,299155,25,,,1
91701,'917-Weekday-1-26-09-1111100',513,,299156,25,,,1,30,,299157,25,,,1,70,,299190,25,,,1,32,,299192,25,,,1,70,,299191,25,,,1,30,,299158,25,,,1,70,,299186,25,,,1,30,,299159,25,,,1,70,,299194,25,,,1,30,,299160,25,,,1,70,,299161,25,,,1,30,,299162,25,,,1,70,,299163,25,,,1,30,,299164,25,,,1,70,,299165,25,,,1,30,,299166,25,,,1,70,,299167,25,,,1,30,,299168,25,,,1,70,,299169,25,,,1,30,,299170,25,,,1,76,,299171,25,,,1,15,,299198,25,,,1,15,,299189,25,,,1,55,,299172,25,,,1,15,,299197,25,,,1,15,,299173,25,,,1,15,,299187,25,,,1,55,,299174,25,,,1,15,,299196,25,,,1,15,,299175,25,,,1,15,,299188,25,,,1,55,,299195,25,,,1,15,,299183,25,,,1,25,,299176,25,,,1,69,,299177,25,,,1,30,,299178,25,,,1,70,,299179,25,,,1,30,,299180,25,,,1,70,,299181,25,,,1,30,,299182,25,,,1,69,,299193,25,,,1,100,,299184,25,,,1,100,,299185,25,,,1
91701,'917-Weekday-3-26-09-1111100',513,,299242,25,,,1,30,,299243,25,,,1,70,,299276,25,,,1,32,,299278,25,,,1,70,,299277,25,,,1,30,,299244,25,,,1,70,,299272,25,,,1,30,,299245,25,,,1,70,,299280,25,,,1,30,,299246,25,,,1,70,,299247,25,,,1,30,,299248,25,,,1,70,,299249,25,,,1,30,,299250,25,,,1,70,,299251,25,,,1,30,,299252,25,,,1,70,,299253,25,,,1,30,,299254,25,,,1,70,,299255,25,,,1,30,,299256,25,,,1,76,,299257,25,,,1,15,,299284,25,,,1,15,,299275,25,,,1,55,,299258,25,,,1,15,,299283,25,,,1,15,,299259,25,,,1,15,,299273,25,,,1,55,,299260,25,,,1,15,,299282,25,,,1,15,,299261,25,,,1,15,,299274,25,,,1,55,,299281,25,,,1,15,,299269,25,,,1,25,,299262,25,,,1,69,,299263,25,,,1,30,,299264,25,,,1,70,,299265,25,,,1,30,,299266,25,,,1,70,,299267,25,,,1,30,,299268,25,,,1,69,,299279,25,,,1,100,,299270,25,,,1,100,,299271,25,,,1
91701,'917-Weekday-4-26-09-1111100',513,,299285,25,,,1,30,,299286,25,,,1,70,,299319,25,,,1,32,,299321,25,,,1,70,,299320,25,,,1,30,,299287,25,,,1,70,,299315,25,,,1,30,,299288,25,,,1,70,,299323,25,,,1,30,,299289,25,,,1,70,,299290,25,,,1,30,,299291,25,,,1,70,,299292,25,,,1,30,,299293,25,,,1,70,,299294,25,,,1,30,,299295,25,,,1,70,,299296,25,,,1,30,,299297,25,,,1,70,,299298,25,,,1,30,,299299,25,,,1,76,,299300,25,,,1,15,,299327,25,,,1,15,,299318,25,,,1,55,,299301,25,,,1,15,,299326,25,,,1,15,,299302,25,,,1,15,,299316,25,,,1,55,,299303,25,,,1,15,,299325,25,,,1,15,,299304,25,,,1,15,,299317,25,,,1,55,,299324,25,,,1,15,,299312,25,,,1,25,,299305,25,,,1,69,,299306,25,,,1,30,,299307,25,,,1,70,,299308,25,,,1,30,,299309,25,,,1,70,,299310,25,,,1,30,,299311,25,,,1,69,,299322,25,,,1,100,,299313,25,,,1,100,,299314,25,,,1
91701,'917-Weekday-5-26-09-1111100',513,,299328,25,,,1,30,,299329,25,,,1,70,,299362,25,,,1,32,,299364,25,,,1,70,,299363,25,,,1,30,,299330,25,,,1,70,,299358,25,,,1,30,,299331,25,,,1,70,,299366,25,,,1,30,,299332,25,,,1,70,,299333,25,,,1,30,,299334,25,,,1,70,,299335,25,,,1,30,,299336,25,,,1,70,,299337,25,,,1,30,,299338,25,,,1,70,,299339,25,,,1,30,,299340,25,,,1,70,,299341,25,,,1,30,,299342,25,,,1,76,,299343,25,,,1,15,,299370,25,,,1,15,,299361,25,,,1,55,,299344,25,,,1,15,,299369,25,,,1,15,,299345,25,,,1,15,,299359,25,,,1,55,,299346,25,,,1,15,,299368,25,,,1,15,,299347,25,,,1,15,,299360,25,,,1,55,,299367,25,,,1,15,,299355,25,,,1,25,,299348,25,,,1,69,,299349,25,,,1,30,,299350,25,,,1,70,,299351,25,,,1,30,,299352,25,,,1,70,,299353,25,,,1,30,,299354,25,,,1,69,,299365,25,,,1,100,,299356,25,,,1,100,,299357,25,,,1
91701,'917-Weekday-6-26-09-1111100',513,,299371,25,,,1,30,,299372,25,,,1,70,,299405,25,,,1,32,,299407,25,,,1,70,,299406,25,,,1,30,,299373,25,,,1,70,,299401,25,,,1,30,,299374,25,,,1,70,,299409,25,,,1,30,,299375,25,,,1,70,,299376,25,,,1,30,,299377,25,,,1,70,,299378,25,,,1,30,,299379,25,,,1,70,,299380,25,,,1,30,,299381,25,,,1,70,,299382,25,,,1,30,,299383,25,,,1,70,,299384,25,,,1,30,,299385,25,,,1,76,,299386,25,,,1,15,,299413,25,,,1,15,,299404,25,,,1,55,,299387,25,,,1,15,,299412,25,,,1,15,,299388,25,,,1,15,,299402,25,,,1,55,,299389,25,,,1,15,,299411,25,,,1,15,,299390,25,,,1,15,,299403,25,,,1,55,,299410,25,,,1,15,,299398,25,,,1,25,,299391,25,,,1,69,,299392,25,,,1,30,,299393,25,,,1,70,,299394,25,,,1,30,,299395,25,,,1,70,,299396,25,,,1,30,,299397,25,,,1,69,,299408,25,,,1,100,,299399,25,,,1,100,,299400,25,,,1
91701,'917-Weekday-7-26-09-1111100',513,,299414,25,,,1,30,,299415,25,,,1,70,,299448,25,,,1,32,,299450,25,,,1,70,,299449,25,,,1,30,,299416,25,,,1,70,,299444,25,,,1,30,,299417,25,,,1,70,,299452,25,,,1,30,,299418,25,,,1,70,,299419,25,,,1,30,,299420,25,,,1,70,,299421,25,,,1,30,,299422,25,,,1,70,,299423,25,,,1,30,,299424,25,,,1,70,,299425,25,,,1,30,,299426,25,,,1,70,,299427,25,,,1,30,,299428,25,,,1,76,,299429,25,,,1,15,,299456,25,,,1,15,,299447,25,,,1,55,,299430,25,,,1,15,,299455,25,,,1,15,,299431,25,,,1,15,,299445,25,,,1,55,,299432,25,,,1,15,,299454,25,,,1,15,,299433,25,,,1,15,,299446,25,,,1,55,,299453,25,,,1,15,,299441,25,,,1,25,,299434,25,,,1,69,,299435,25,,,1,30,,299436,25,,,1,70,,299437,25,,,1,30,,299438,25,,,1,70,,299439,25,,,1,30,,299440,25,,,1,69,,299451,25,,,1,100,,299442,25,,,1,100,,299443,25,,,1
91701,'917-Saturday-1-26-09-0000010',638,,299457,25,,,1,100,,299458,25,,,1,70,,299469,25,,,1,30,,299470,25,,,1,71,,299459,25,,,1,31,,299460,25,,,1,70,,299461,25,,,1,30,,299462,25,,,1,70,,299463,25,,,1,30,,299464,25,,,1,70,,299465,25,,,1,32,,299471,25,,,1,70,,299472,25,,,1,30,,299473,25,,,1,70,,299474,25,,,1,30,,299475,25,,,1,70,,299476,25,,,1,30,,299477,25,,,1,70,,299478,25,,,1,30,,299479,25,,,1,70,,299480,25,,,1,30,,299481,25,,,1,70,,299482,25,,,1,30,,299483,25,,,1,70,,299484,25,,,1,100,,299466,25,,,1,100,,299467,25,,,1,100,,299468,25,,,1
91701,'917-Sunday-1-26-09-0000001',635,,299485,25,,,1,100,,299486,25,,,1,100,,299487,25,,,1,102,,299488,25,,,1,103,,299489,25,,,1,70,,299490,25,,,1,30,,299491,25,,,1,70,,299492,25,,,1,30,,299493,25,,,1,70,,299494,25,,,1,30,,299495,25,,,1,70,,299496,25,,,1,30,,299497,25,,,1,70,,299498,25,,,1,30,,299499,25,,,1,70,,299500,25,,,1,30,,299501,25,,,1,70,,299502,25,,,1,31,,299508,25,,,1,70,,299507,25,,,1,30,,299503,25,,,1,70,,299504,25,,,1,30,,299505,25,,,1,100,,299506,25,,,1
24093000,'930X-Weekday-1-26-09-1111100',609,,311232,16,,,1,30,,311233,16,,,1,12,,311240,16,,,1,52,,311234,16,,,1,12,,311236,16,,,1,12,,311241,16,,,1,12,,311235,16,,,1,12,,311242,16,,,1,52,,311231,16,,,1,12,,311237,16,,,1,12,,311243,16,,,1,12,,311230,16,,,1,12,,311244,16,,,1,52,,311238,16,,,1,12,,311239,16,,,1
24093000,'930X-Weekday-3-26-09-1111100',609,,311262,16,,,1,30,,311263,16,,,1,12,,311270,16,,,1,52,,311264,16,,,1,12,,311266,16,,,1,12,,311271,16,,,1,12,,311265,16,,,1,12,,311272,16,,,1,52,,311261,16,,,1,12,,311267,16,,,1,12,,311273,16,,,1,12,,311260,16,,,1,12,,311274,16,,,1,52,,311268,16,,,1,12,,311269,16,,,1
24093000,'930X-Weekday-4-26-09-1111100',609,,311277,16,,,1,30,,311278,16,,,1,12,,311285,16,,,1,52,,311279,16,,,1,12,,311281,16,,,1,12,,311286,16,,,1,12,,311280,16,,,1,12,,311287,16,,,1,52,,311276,16,,,1,12,,311282,16,,,1,12,,311288,16,,,1,12,,311275,16,,,1,12,,311289,16,,,1,52,,311283,16,,,1,12,,311284,16,,,1
24093000,'930X-Weekday-5-26-09-1111100',609,,311292,16,,,1,30,,311293,16,,,1,12,,311300,16,,,1,52,,311294,16,,,1,12,,311296,16,,,1,12,,311301,16,,,1,12,,311295,16,,,1,12,,311302,16,,,1,52,,311291,16,,,1,12,,311297,16,,,1,12,,311303,16,,,1,12,,311290,16,,,1,12,,311304,16,,,1,52,,311298,16,,,1,12,,311299,16,,,1
24093000,'930X-Weekday-6-26-09-1111100',609,,311307,16,,,1,30,,311308,16,,,1,12,,311315,16,,,1,52,,311309,16,,,1,12,,311311,16,,,1,12,,311316,16,,,1,12,,311310,16,,,1,12,,311317,16,,,1,52,,311306,16,,,1,12,,311312,16,,,1,12,,311318,16,,,1,12,,311305,16,,,1,12,,311319,16,,,1,52,,311313,16,,,1,12,,311314,16,,,1
24093000,'930X-Weekday-7-26-09-1111100',609,,311322,16,,,1,30,,311323,16,,,1,12,,311330,16,,,1,52,,311324,16,,,1,12,,311326,16,,,1,12,,311331,16,,,1,12,,311325,16,,,1,12,,311332,16,,,1,52,,311321,16,,,1,12,,311327,16,,,1,12,,311333,16,,,1,12,,311320,16,,,1,12,,311334,16,,,1,52,,311328,16,,,1,12,,311329,16,,,1
