5400,'054-Weekday-1-26-09-1111100',459,,243120,3,,,1,70,,243121,3,,,1,15,,243122,3,,,1,15,,243123,3,,,1,55,,243124,3,,,1,15,,243125,3,,,1,15,,243126,3,,,1,15,,243127,3,,,1,55,,243128,3,,,1,15,,243129,3,,,1,15,,243130,3,,,1,57,,243131,3,,,1,18,,243132,3,,,1,20,,243133,3,,,1,20,,243134,3,,,1,60,,243135,3,,,1,20,,243136,3,,,1,20,,243137,3,,,1,60,,243138,3,,,1,20,,243139,3,,,1,20,,243140,3,,,1,60,,243141,3,,,1,20,,243142,3,,,1,20,,243143,3,,,1,60,,243144,3,,,1,20,,243145,3,,,1,20,,243146,3,,,1,60,,243147,3,,,1,20,,243148,3,,,1,20,,243149,3,,,1,60,,243150,3,,,1,20,,243151,3,,,1,20,,243152,3,,,1,55,,243153,3,,,1,15,,243154,3,,,1,16,,243155,3,,,1,55,,243156,3,,,1,15,,243157,3,,,1,15,,243158,3,,,1,15,,243159,3,,,1,55,,243160,3,,,1,15,,243161,3,,,1,14,,243162,3,,,1,15,,243163,3,,,1,62,,243164,3,,,1,23,,243165,3,,,1,30,,243166,3,,,1,70,,243167,3,,,1,30,,243168,3,,,1,70,,243169,3,,,1,30,,243170,3,,,1,70,,243171,3,,,1,30,,243172,3,,,1,100,,243173,3,,,1,100,,243174,3,,,1
5400,'054-Weekday-3-26-09-1111100',459,,243230,3,,,1,70,,243231,3,,,1,15,,243232,3,,,1,15,,243233,3,,,1,55,,243234,3,,,1,15,,243235,3,,,1,15,,243236,3,,,1,15,,243237,3,,,1,55,,243238,3,,,1,15,,243239,3,,,1,15,,243240,3,,,1,57,,243241,3,,,1,18,,243242,3,,,1,20,,243243,3,,,1,20,,243244,3,,,1,60,,243245,3,,,1,20,,243246,3,,,1,20,,243247,3,,,1,60,,243248,3,,,1,20,,243249,3,,,1,20,,243250,3,,,1,60,,243251,3,,,1,20,,243252,3,,,1,20,,243253,3,,,1,60,,243254,3,,,1,20,,243255,3,,,1,20,,243256,3,,,1,60,,243257,3,,,1,20,,243258,3,,,1,20,,243259,3,,,1,60,,243260,3,,,1,20,,243261,3,,,1,20,,243262,3,,,1,55,,243263,3,,,1,15,,243264,3,,,1,16,,243265,3,,,1,55,,243266,3,,,1,15,,243267,3,,,1,15,,243268,3,,,1,15,,243269,3,,,1,55,,243270,3,,,1,15,,243271,3,,,1,14,,243272,3,,,1,15,,243273,3,,,1,62,,243274,3,,,1,23,,243275,3,,,1,30,,243276,3,,,1,70,,243277,3,,,1,30,,243278,3,,,1,70,,243279,3,,,1,30,,243280,3,,,1,70,,243281,3,,,1,30,,243282,3,,,1,100,,243283,3,,,1,100,,243284,3,,,1
5400,'054-Weekday-4-26-09-1111100',459,,243285,3,,,1,70,,243286,3,,,1,15,,243287,3,,,1,15,,243288,3,,,1,55,,243289,3,,,1,15,,243290,3,,,1,15,,243291,3,,,1,15,,243292,3,,,1,55,,243293,3,,,1,15,,243294,3,,,1,15,,243295,3,,,1,57,,243296,3,,,1,18,,243297,3,,,1,20,,243298,3,,,1,20,,243299,3,,,1,60,,243300,3,,,1,20,,243301,3,,,1,20,,243302,3,,,1,60,,243303,3,,,1,20,,243304,3,,,1,20,,243305,3,,,1,60,,243306,3,,,1,20,,243307,3,,,1,20,,243308,3,,,1,60,,243309,3,,,1,20,,243310,3,,,1,20,,243311,3,,,1,60,,243312,3,,,1,20,,243313,3,,,1,20,,243314,3,,,1,60,,243315,3,,,1,20,,243316,3,,,1,20,,243317,3,,,1,55,,243318,3,,,1,15,,243319,3,,,1,16,,243320,3,,,1,55,,243321,3,,,1,15,,243322,3,,,1,15,,243323,3,,,1,15,,243324,3,,,1,55,,243325,3,,,1,15,,243326,3,,,1,14,,243327,3,,,1,15,,243328,3,,,1,62,,243329,3,,,1,23,,243330,3,,,1,30,,243331,3,,,1,70,,243332,3,,,1,30,,243333,3,,,1,70,,243334,3,,,1,30,,243335,3,,,1,70,,243336,3,,,1,30,,243337,3,,,1,100,,243338,3,,,1,100,,243339,3,,,1
5400,'054-Weekday-5-26-09-1111100',459,,243340,3,,,1,70,,243341,3,,,1,15,,243342,3,,,1,15,,243343,3,,,1,55,,243344,3,,,1,15,,243345,3,,,1,15,,243346,3,,,1,15,,243347,3,,,1,55,,243348,3,,,1,15,,243349,3,,,1,15,,243350,3,,,1,57,,243351,3,,,1,18,,243352,3,,,1,20,,243353,3,,,1,20,,243354,3,,,1,60,,243355,3,,,1,20,,243356,3,,,1,20,,243357,3,,,1,60,,243358,3,,,1,20,,243359,3,,,1,20,,243360,3,,,1,60,,243361,3,,,1,20,,243362,3,,,1,20,,243363,3,,,1,60,,243364,3,,,1,20,,243365,3,,,1,20,,243366,3,,,1,60,,243367,3,,,1,20,,243368,3,,,1,20,,243369,3,,,1,60,,243370,3,,,1,20,,243371,3,,,1,20,,243372,3,,,1,55,,243373,3,,,1,15,,243374,3,,,1,16,,243375,3,,,1,55,,243376,3,,,1,15,,243377,3,,,1,15,,243378,3,,,1,15,,243379,3,,,1,55,,243380,3,,,1,15,,243381,3,,,1,14,,243382,3,,,1,15,,243383,3,,,1,62,,243384,3,,,1,23,,243385,3,,,1,30,,243386,3,,,1,70,,243387,3,,,1,30,,243388,3,,,1,70,,243389,3,,,1,30,,243390,3,,,1,70,,243391,3,,,1,30,,243392,3,,,1,100,,243393,3,,,1,100,,243394,3,,,1
5400,'054-Weekday-6-26-09-1111100',459,,243395,3,,,1,70,,243396,3,,,1,15,,243397,3,,,1,15,,243398,3,,,1,55,,243399,3,,,1,15,,243400,3,,,1,15,,243401,3,,,1,15,,243402,3,,,1,55,,243403,3,,,1,15,,243404,3,,,1,15,,243405,3,,,1,57,,243406,3,,,1,18,,243407,3,,,1,20,,243408,3,,,1,20,,243409,3,,,1,60,,243410,3,,,1,20,,243411,3,,,1,20,,243412,3,,,1,60,,243413,3,,,1,20,,243414,3,,,1,20,,243415,3,,,1,60,,243416,3,,,1,20,,243417,3,,,1,20,,243418,3,,,1,60,,243419,3,,,1,20,,243420,3,,,1,20,,243421,3,,,1,60,,243422,3,,,1,20,,243423,3,,,1,20,,243424,3,,,1,60,,243425,3,,,1,20,,243426,3,,,1,20,,243427,3,,,1,55,,243428,3,,,1,15,,243429,3,,,1,16,,243430,3,,,1,55,,243431,3,,,1,15,,243432,3,,,1,15,,243433,3,,,1,15,,243434,3,,,1,55,,243435,3,,,1,15,,243436,3,,,1,14,,243437,3,,,1,15,,243438,3,,,1,62,,243439,3,,,1,23,,243440,3,,,1,30,,243441,3,,,1,70,,243442,3,,,1,30,,243443,3,,,1,70,,243444,3,,,1,30,,243445,3,,,1,70,,243446,3,,,1,30,,243447,3,,,1,100,,243448,3,,,1,100,,243449,3,,,1
5400,'054-Weekday-7-26-09-1111100',459,,243450,3,,,1,70,,243451,3,,,1,15,,243452,3,,,1,15,,243453,3,,,1,55,,243454,3,,,1,15,,243455,3,,,1,15,,243456,3,,,1,15,,243457,3,,,1,55,,243458,3,,,1,15,,243459,3,,,1,15,,243460,3,,,1,57,,243461,3,,,1,18,,243462,3,,,1,20,,243463,3,,,1,20,,243464,3,,,1,60,,243465,3,,,1,20,,243466,3,,,1,20,,243467,3,,,1,60,,243468,3,,,1,20,,243469,3,,,1,20,,243470,3,,,1,60,,243471,3,,,1,20,,243472,3,,,1,20,,243473,3,,,1,60,,243474,3,,,1,20,,243475,3,,,1,20,,243476,3,,,1,60,,243477,3,,,1,20,,243478,3,,,1,20,,243479,3,,,1,60,,243480,3,,,1,20,,243481,3,,,1,20,,243482,3,,,1,55,,243483,3,,,1,15,,243484,3,,,1,16,,243485,3,,,1,55,,243486,3,,,1,15,,243487,3,,,1,15,,243488,3,,,1,15,,243489,3,,,1,55,,243490,3,,,1,15,,243491,3,,,1,14,,243492,3,,,1,15,,243493,3,,,1,62,,243494,3,,,1,23,,243495,3,,,1,30,,243496,3,,,1,70,,243497,3,,,1,30,,243498,3,,,1,70,,243499,3,,,1,30,,243500,3,,,1,70,,243501,3,,,1,30,,243502,3,,,1,100,,243503,3,,,1,100,,243504,3,,,1
5400,'054-Saturday-1-26-09-0000010',554,,243505,3,,,1,70,,243506,3,,,1,30,,243507,3,,,1,70,,243508,3,,,1,30,,243509,3,,,1,70,,243510,3,,,1,20,,243511,3,,,1,60,,243512,3,,,1,20,,243513,3,,,1,20,,243514,3,,,1,60,,243515,3,,,1,20,,243516,3,,,1,20,,243517,3,,,1,60,,243518,3,,,1,20,,243519,3,,,1,20,,243520,3,,,1,60,,243521,3,,,1,20,,243522,3,,,1,20,,243523,3,,,1,60,,243524,3,,,1,20,,243525,3,,,1,20,,243526,3,,,1,60,,243527,3,,,1,20,,243528,3,,,1,20,,243529,3,,,1,60,,243530,3,,,1,20,,243531,3,,,1,20,,243532,3,,,1,60,,243533,3,,,1,20,,243534,3,,,1,20,,243535,3,,,1,60,,243536,3,,,1,20,,243537,3,,,1,20,,243538,3,,,1,60,,243539,3,,,1,20,,243540,3,,,1,20,,243541,3,,,1,60,,243542,3,,,1,20,,243543,3,,,1,20,,243544,3,,,1,60,,243545,3,,,1,20,,243546,3,,,1,20,,243547,3,,,1,60,,243548,3,,,1,20,,243549,3,,,1,30,,243550,3,,,1,100,,243551,3,,,1,100,,243552,3,,,1
5400,'054-Sunday-1-26-09-0000001',556,,243595,3,,,1,70,,243596,3,,,1,30,,243553,3,,,1,70,,243554,3,,,1,30,,243555,3,,,1,70,,243556,3,,,1,30,,243557,3,,,1,70,,243558,3,,,1,30,,243559,3,,,1,60,,243560,3,,,1,20,,243561,3,,,1,20,,243562,3,,,1,60,,243563,3,,,1,20,,243564,3,,,1,20,,243565,3,,,1,60,,243566,3,,,1,20,,243567,3,,,1,20,,243568,3,,,1,60,,243569,3,,,1,20,,243570,3,,,1,20,,243571,3,,,1,60,,243572,3,,,1,20,,243573,3,,,1,20,,243574,3,,,1,60,,243575,3,,,1,20,,243576,3,,,1,20,,243577,3,,,1,60,,243578,3,,,1,20,,243579,3,,,1,20,,243580,3,,,1,60,,243581,3,,,1,20,,243582,3,,,1,20,,243583,3,,,1,60,,243584,3,,,1,20,,243585,3,,,1,20,,243586,3,,,1,70,,243587,3,,,1,30,,243588,3,,,1,70,,243589,3,,,1,30,,243590,3,,,1,70,,243591,3,,,1,30,,243592,3,,,1,100,,243593,3,,,1,100,,243594,3,,,1
90600,'906-Weekday-1-26-09-1111100',536,,293831,3,,,1,70,,293832,3,,,1,30,,293833,3,,,1,70,,293834,3,,,1,30,,293835,3,,,1,70,,293836,3,,,1,30,,293837,3,,,1,70,,293838,3,,,1,602,,293839,3,,,1,30,,293840,3,,,1,70,,293841,3,,,1,30,,293842,3,,,1,70,,293843,3,,,1,30,,293844,3,,,1
90600,'906-Weekday-3-26-09-1111100',536,,293859,3,,,1,70,,293860,3,,,1,30,,293861,3,,,1,70,,293862,3,,,1,30,,293863,3,,,1,70,,293864,3,,,1,30,,293865,3,,,1,70,,293866,3,,,1,602,,293867,3,,,1,30,,293868,3,,,1,70,,293869,3,,,1,30,,293870,3,,,1,70,,293871,3,,,1,30,,293872,3,,,1
90600,'906-Weekday-4-26-09-1111100',536,,293873,3,,,1,70,,293874,3,,,1,30,,293875,3,,,1,70,,293876,3,,,1,30,,293877,3,,,1,70,,293878,3,,,1,30,,293879,3,,,1,70,,293880,3,,,1,602,,293881,3,,,1,30,,293882,3,,,1,70,,293883,3,,,1,30,,293884,3,,,1,70,,293885,3,,,1,30,,293886,3,,,1
90600,'906-Weekday-5-26-09-1111100',536,,293887,3,,,1,70,,293888,3,,,1,30,,293889,3,,,1,70,,293890,3,,,1,30,,293891,3,,,1,70,,293892,3,,,1,30,,293893,3,,,1,70,,293894,3,,,1,602,,293895,3,,,1,30,,293896,3,,,1,70,,293897,3,,,1,30,,293898,3,,,1,70,,293899,3,,,1,30,,293900,3,,,1
90600,'906-Weekday-6-26-09-1111100',536,,293901,3,,,1,70,,293902,3,,,1,30,,293903,3,,,1,70,,293904,3,,,1,30,,293905,3,,,1,70,,293906,3,,,1,30,,293907,3,,,1,70,,293908,3,,,1,602,,293909,3,,,1,30,,293910,3,,,1,70,,293911,3,,,1,30,,293912,3,,,1,70,,293913,3,,,1,30,,293914,3,,,1
90600,'906-Weekday-7-26-09-1111100',536,,293915,3,,,1,70,,293916,3,,,1,30,,293917,3,,,1,70,,293918,3,,,1,30,,293919,3,,,1,70,,293920,3,,,1,30,,293921,3,,,1,70,,293922,3,,,1,602,,293923,3,,,1,30,,293924,3,,,1,70,,293925,3,,,1,30,,293926,3,,,1,70,,293927,3,,,1,30,,293928,3,,,1
