10901,'109-Weekday-1-26-09-1111100',523,,253182,3,,,1,30,,253183,3,,,1,70,,253184,3,,,1,23,,253185,3,,,1,55,,253186,3,,,1,15,,253187,3,,,1,15,,253188,3,,,1,15,,253190,3,,,1,55,,253189,3,,,1,15,,253224,3,,,1,16,,253222,3,,,1,21,,253191,3,,,1,70,,253192,3,,,1,30,,253193,3,,,1,70,,253194,3,,,1,30,,253195,3,,,1,70,,253196,3,,,1,30,,253197,3,,,1,70,,253198,3,,,1,30,,253199,3,,,1,70,,253200,3,,,1,30,,253201,3,,,1,70,,253202,3,,,1,30,,253203,3,,,1,64,,253204,3,,,1,15,,253205,3,,,1,15,,253206,3,,,1,55,,253207,3,,,1,15,,253220,3,,,1,15,,253208,3,,,1,15,,253225,3,,,1,55,,253223,3,,,1,22,,253209,3,,,1,30,,253210,3,,,1,70,,253211,3,,,1,29,,253212,3,,,1,70,,253213,3,,,1,30,,253214,3,,,1,70,,253215,3,,,1,30,,253216,3,,,1,70,,253217,3,,,1,30,,253221,3,,,1,100,,253218,3,,,1,100,,253219,3,,,1
10901,'109-Weekday-2-26-09-1111100',523,,253226,3,,,1,30,,253227,3,,,1,70,,253228,3,,,1,23,,253229,3,,,1,55,,253230,3,,,1,15,,253231,3,,,1,15,,253232,3,,,1,15,,253234,3,,,1,55,,253233,3,,,1,15,,253268,3,,,1,16,,253266,3,,,1,21,,253235,3,,,1,70,,253236,3,,,1,30,,253237,3,,,1,70,,253238,3,,,1,30,,253239,3,,,1,70,,253240,3,,,1,30,,253241,3,,,1,70,,253242,3,,,1,30,,253243,3,,,1,70,,253244,3,,,1,30,,253245,3,,,1,70,,253246,3,,,1,30,,253247,3,,,1,64,,253248,3,,,1,15,,253249,3,,,1,15,,253250,3,,,1,55,,253251,3,,,1,15,,253264,3,,,1,15,,253252,3,,,1,15,,253269,3,,,1,55,,253267,3,,,1,22,,253253,3,,,1,30,,253254,3,,,1,70,,253255,3,,,1,29,,253256,3,,,1,70,,253257,3,,,1,30,,253258,3,,,1,70,,253259,3,,,1,30,,253260,3,,,1,70,,253261,3,,,1,30,,253265,3,,,1,100,,253262,3,,,1,100,,253263,3,,,1
10901,'109-Weekday-3-26-09-1111100',523,,253270,3,,,1,30,,253271,3,,,1,70,,253272,3,,,1,23,,253273,3,,,1,55,,253274,3,,,1,15,,253275,3,,,1,15,,253276,3,,,1,15,,253278,3,,,1,55,,253277,3,,,1,15,,253312,3,,,1,16,,253310,3,,,1,21,,253279,3,,,1,70,,253280,3,,,1,30,,253281,3,,,1,70,,253282,3,,,1,30,,253283,3,,,1,70,,253284,3,,,1,30,,253285,3,,,1,70,,253286,3,,,1,30,,253287,3,,,1,70,,253288,3,,,1,30,,253289,3,,,1,70,,253290,3,,,1,30,,253291,3,,,1,64,,253292,3,,,1,15,,253293,3,,,1,15,,253294,3,,,1,55,,253295,3,,,1,15,,253308,3,,,1,15,,253296,3,,,1,15,,253313,3,,,1,55,,253311,3,,,1,22,,253297,3,,,1,30,,253298,3,,,1,70,,253299,3,,,1,29,,253300,3,,,1,70,,253301,3,,,1,30,,253302,3,,,1,70,,253303,3,,,1,30,,253304,3,,,1,70,,253305,3,,,1,30,,253309,3,,,1,100,,253306,3,,,1,100,,253307,3,,,1
10901,'109-Weekday-4-26-09-1111100',523,,253314,3,,,1,30,,253315,3,,,1,70,,253316,3,,,1,23,,253317,3,,,1,55,,253318,3,,,1,15,,253319,3,,,1,15,,253320,3,,,1,15,,253322,3,,,1,55,,253321,3,,,1,15,,253356,3,,,1,16,,253354,3,,,1,21,,253323,3,,,1,70,,253324,3,,,1,30,,253325,3,,,1,70,,253326,3,,,1,30,,253327,3,,,1,70,,253328,3,,,1,30,,253329,3,,,1,70,,253330,3,,,1,30,,253331,3,,,1,70,,253332,3,,,1,30,,253333,3,,,1,70,,253334,3,,,1,30,,253335,3,,,1,64,,253336,3,,,1,15,,253337,3,,,1,15,,253338,3,,,1,55,,253339,3,,,1,15,,253352,3,,,1,15,,253340,3,,,1,15,,253357,3,,,1,55,,253355,3,,,1,22,,253341,3,,,1,30,,253342,3,,,1,70,,253343,3,,,1,29,,253344,3,,,1,70,,253345,3,,,1,30,,253346,3,,,1,70,,253347,3,,,1,30,,253348,3,,,1,70,,253349,3,,,1,30,,253353,3,,,1,100,,253350,3,,,1,100,,253351,3,,,1
10901,'109-Weekday-5-26-09-1111100',523,,253358,3,,,1,30,,253359,3,,,1,70,,253360,3,,,1,23,,253361,3,,,1,55,,253362,3,,,1,15,,253363,3,,,1,15,,253364,3,,,1,15,,253366,3,,,1,55,,253365,3,,,1,15,,253400,3,,,1,16,,253398,3,,,1,21,,253367,3,,,1,70,,253368,3,,,1,30,,253369,3,,,1,70,,253370,3,,,1,30,,253371,3,,,1,70,,253372,3,,,1,30,,253373,3,,,1,70,,253374,3,,,1,30,,253375,3,,,1,70,,253376,3,,,1,30,,253377,3,,,1,70,,253378,3,,,1,30,,253379,3,,,1,64,,253380,3,,,1,15,,253381,3,,,1,15,,253382,3,,,1,55,,253383,3,,,1,15,,253396,3,,,1,15,,253384,3,,,1,15,,253401,3,,,1,55,,253399,3,,,1,22,,253385,3,,,1,30,,253386,3,,,1,70,,253387,3,,,1,29,,253388,3,,,1,70,,253389,3,,,1,30,,253390,3,,,1,70,,253391,3,,,1,30,,253392,3,,,1,70,,253393,3,,,1,30,,253397,3,,,1,100,,253394,3,,,1,100,,253395,3,,,1
10901,'109-Weekday-6-26-09-1111100',523,,253402,3,,,1,30,,253403,3,,,1,70,,253404,3,,,1,23,,253405,3,,,1,55,,253406,3,,,1,15,,253407,3,,,1,15,,253408,3,,,1,15,,253410,3,,,1,55,,253409,3,,,1,15,,253444,3,,,1,16,,253442,3,,,1,21,,253411,3,,,1,70,,253412,3,,,1,30,,253413,3,,,1,70,,253414,3,,,1,30,,253415,3,,,1,70,,253416,3,,,1,30,,253417,3,,,1,70,,253418,3,,,1,30,,253419,3,,,1,70,,253420,3,,,1,30,,253421,3,,,1,70,,253422,3,,,1,30,,253423,3,,,1,64,,253424,3,,,1,15,,253425,3,,,1,15,,253426,3,,,1,55,,253427,3,,,1,15,,253440,3,,,1,15,,253428,3,,,1,15,,253445,3,,,1,55,,253443,3,,,1,22,,253429,3,,,1,30,,253430,3,,,1,70,,253431,3,,,1,29,,253432,3,,,1,70,,253433,3,,,1,30,,253434,3,,,1,70,,253435,3,,,1,30,,253436,3,,,1,70,,253437,3,,,1,30,,253441,3,,,1,100,,253438,3,,,1,100,,253439,3,,,1
10901,'109-Weekday-7-26-09-1111100',523,,253446,3,,,1,30,,253447,3,,,1,70,,253448,3,,,1,23,,253449,3,,,1,55,,253450,3,,,1,15,,253451,3,,,1,15,,253452,3,,,1,15,,253454,3,,,1,55,,253453,3,,,1,15,,253488,3,,,1,16,,253486,3,,,1,21,,253455,3,,,1,70,,253456,3,,,1,30,,253457,3,,,1,70,,253458,3,,,1,30,,253459,3,,,1,70,,253460,3,,,1,30,,253461,3,,,1,70,,253462,3,,,1,30,,253463,3,,,1,70,,253464,3,,,1,30,,253465,3,,,1,70,,253466,3,,,1,30,,253467,3,,,1,64,,253468,3,,,1,15,,253469,3,,,1,15,,253470,3,,,1,55,,253471,3,,,1,15,,253484,3,,,1,15,,253472,3,,,1,15,,253489,3,,,1,55,,253487,3,,,1,22,,253473,3,,,1,30,,253474,3,,,1,70,,253475,3,,,1,29,,253476,3,,,1,70,,253477,3,,,1,30,,253478,3,,,1,70,,253479,3,,,1,30,,253480,3,,,1,70,,253481,3,,,1,30,,253485,3,,,1,100,,253482,3,,,1,100,,253483,3,,,1
10901,'109-Saturday-1-26-09-0000010',815,,253490,3,,,1,30,,253491,3,,,1,70,,253492,3,,,1,30,,253493,3,,,1,70,,253494,3,,,1,30,,253495,3,,,1,70,,253496,3,,,1,30,,253497,3,,,1,70,,253498,3,,,1,30,,253499,3,,,1,70,,253500,3,,,1,30,,253501,3,,,1,70,,253502,3,,,1,30,,253503,3,,,1,70,,253504,3,,,1,30,,253505,3,,,1,70,,253506,3,,,1,30,,253507,3,,,1,70,,253508,3,,,1,30,,253509,3,,,1,70,,253510,3,,,1,30,,253511,3,,,1,70,,253512,3,,,1,30,,253513,3,,,1,70,,253514,3,,,1,30,,253515,3,,,1,70,,253516,3,,,1,30,,253517,3,,,1
10901,'109-Sunday-1-26-09-0000001',1025,,253518,3,,,1,30,,253519,3,,,1,70,,253520,3,,,1,30,,253521,3,,,1,70,,253522,3,,,1,30,,253523,3,,,1,70,,253524,3,,,1,30,,253525,3,,,1,70,,253526,3,,,1,30,,253527,3,,,1,70,,253528,3,,,1,30,,253529,3,,,1,70,,253530,3,,,1,30,,253531,3,,,1,70,,253532,3,,,1,30,,253533,3,,,1,70,,253534,3,,,1,30,,253535,3,,,1
61400,'614-Weekday-1-26-09-0001000',1437,,273272,7,,,1
61400,'614-Weekday-1-26-09-1110100',1512,,273273,7,,,1,25,,273274,7,,,1
61400,'614-Weekday-3-26-09-1110100',1537,,273275,7,,,1
61400,'614-Weekday-4-26-09-1110100',1512,,273276,7,,,1
61400,'614-Weekday-7-26-09-1110100',1512,,273277,7,,,1,25,,273278,7,,,1
