10900,'109-Weekday-1-26-09-1111100',528,,252820,48,,,1,30,,252821,48,,,1,70,,252822,48,,,1,72,,252860,48,,,1,15,,252823,48,,,1,15,,252855,48,,,1,15,,252825,48,,,1,55,,252824,48,,,1,15,,252856,48,,,1,15,,252826,48,,,1,15,,252864,48,,,1,55,,252863,48,,,1,29,,252827,48,,,1,30,,252828,48,,,1,70,,252829,48,,,1,30,,252830,48,,,1,70,,252831,48,,,1,30,,252832,48,,,1,70,,252833,48,,,1,30,,252834,48,,,1,70,,252835,48,,,1,30,,252836,48,,,1,70,,252837,48,,,1,30,,252838,48,,,1,74,,252839,48,,,1,15,,252840,48,,,1,55,,252857,48,,,1,15,,252842,48,,,1,15,,252841,48,,,1,15,,252858,48,,,1,55,,252843,48,,,1,15,,252862,48,,,1,15,,252861,48,,,1,70,,252844,48,,,1,30,,252845,48,,,1,25,,252846,48,,,1,70,,252847,48,,,1,30,,252848,48,,,1,70,,252849,48,,,1,30,,252850,48,,,1,70,,252851,48,,,1,30,,252852,48,,,1,70,,252859,48,,,1,100,,252853,48,,,1,100,,252854,48,,,1
10900,'109-Weekday-3-26-09-1111100',528,,252910,48,,,1,30,,252911,48,,,1,70,,252912,48,,,1,72,,252950,48,,,1,15,,252913,48,,,1,15,,252945,48,,,1,15,,252915,48,,,1,55,,252914,48,,,1,15,,252946,48,,,1,15,,252916,48,,,1,15,,252954,48,,,1,55,,252953,48,,,1,29,,252917,48,,,1,30,,252918,48,,,1,70,,252919,48,,,1,30,,252920,48,,,1,70,,252921,48,,,1,30,,252922,48,,,1,70,,252923,48,,,1,30,,252924,48,,,1,70,,252925,48,,,1,30,,252926,48,,,1,70,,252927,48,,,1,30,,252928,48,,,1,74,,252929,48,,,1,15,,252930,48,,,1,55,,252947,48,,,1,15,,252932,48,,,1,15,,252931,48,,,1,15,,252948,48,,,1,55,,252933,48,,,1,15,,252952,48,,,1,15,,252951,48,,,1,70,,252934,48,,,1,30,,252935,48,,,1,25,,252936,48,,,1,70,,252937,48,,,1,30,,252938,48,,,1,70,,252939,48,,,1,30,,252940,48,,,1,70,,252941,48,,,1,30,,252942,48,,,1,70,,252949,48,,,1,100,,252943,48,,,1,100,,252944,48,,,1
10900,'109-Weekday-4-26-09-1111100',528,,252955,48,,,1,30,,252956,48,,,1,70,,252957,48,,,1,72,,252995,48,,,1,15,,252958,48,,,1,15,,252990,48,,,1,15,,252960,48,,,1,55,,252959,48,,,1,15,,252991,48,,,1,15,,252961,48,,,1,15,,252999,48,,,1,55,,252998,48,,,1,29,,252962,48,,,1,30,,252963,48,,,1,70,,252964,48,,,1,30,,252965,48,,,1,70,,252966,48,,,1,30,,252967,48,,,1,70,,252968,48,,,1,30,,252969,48,,,1,70,,252970,48,,,1,30,,252971,48,,,1,70,,252972,48,,,1,30,,252973,48,,,1,74,,252974,48,,,1,15,,252975,48,,,1,55,,252992,48,,,1,15,,252977,48,,,1,15,,252976,48,,,1,15,,252993,48,,,1,55,,252978,48,,,1,15,,252997,48,,,1,15,,252996,48,,,1,70,,252979,48,,,1,30,,252980,48,,,1,25,,252981,48,,,1,70,,252982,48,,,1,30,,252983,48,,,1,70,,252984,48,,,1,30,,252985,48,,,1,70,,252986,48,,,1,30,,252987,48,,,1,70,,252994,48,,,1,100,,252988,48,,,1,100,,252989,48,,,1
10900,'109-Weekday-5-26-09-1111100',528,,253000,48,,,1,30,,253001,48,,,1,70,,253002,48,,,1,72,,253040,48,,,1,15,,253003,48,,,1,15,,253035,48,,,1,15,,253005,48,,,1,55,,253004,48,,,1,15,,253036,48,,,1,15,,253006,48,,,1,15,,253044,48,,,1,55,,253043,48,,,1,29,,253007,48,,,1,30,,253008,48,,,1,70,,253009,48,,,1,30,,253010,48,,,1,70,,253011,48,,,1,30,,253012,48,,,1,70,,253013,48,,,1,30,,253014,48,,,1,70,,253015,48,,,1,30,,253016,48,,,1,70,,253017,48,,,1,30,,253018,48,,,1,74,,253019,48,,,1,15,,253020,48,,,1,55,,253037,48,,,1,15,,253022,48,,,1,15,,253021,48,,,1,15,,253038,48,,,1,55,,253023,48,,,1,15,,253042,48,,,1,15,,253041,48,,,1,70,,253024,48,,,1,30,,253025,48,,,1,25,,253026,48,,,1,70,,253027,48,,,1,30,,253028,48,,,1,70,,253029,48,,,1,30,,253030,48,,,1,70,,253031,48,,,1,30,,253032,48,,,1,70,,253039,48,,,1,100,,253033,48,,,1,100,,253034,48,,,1
10900,'109-Weekday-6-26-09-1111100',528,,253045,48,,,1,30,,253046,48,,,1,70,,253047,48,,,1,72,,253085,48,,,1,15,,253048,48,,,1,15,,253080,48,,,1,15,,253050,48,,,1,55,,253049,48,,,1,15,,253081,48,,,1,15,,253051,48,,,1,15,,253089,48,,,1,55,,253088,48,,,1,29,,253052,48,,,1,30,,253053,48,,,1,70,,253054,48,,,1,30,,253055,48,,,1,70,,253056,48,,,1,30,,253057,48,,,1,70,,253058,48,,,1,30,,253059,48,,,1,70,,253060,48,,,1,30,,253061,48,,,1,70,,253062,48,,,1,30,,253063,48,,,1,74,,253064,48,,,1,15,,253065,48,,,1,55,,253082,48,,,1,15,,253067,48,,,1,15,,253066,48,,,1,15,,253083,48,,,1,55,,253068,48,,,1,15,,253087,48,,,1,15,,253086,48,,,1,70,,253069,48,,,1,30,,253070,48,,,1,25,,253071,48,,,1,70,,253072,48,,,1,30,,253073,48,,,1,70,,253074,48,,,1,30,,253075,48,,,1,70,,253076,48,,,1,30,,253077,48,,,1,70,,253084,48,,,1,100,,253078,48,,,1,100,,253079,48,,,1
10900,'109-Weekday-7-26-09-1111100',528,,253090,48,,,1,30,,253091,48,,,1,70,,253092,48,,,1,72,,253130,48,,,1,15,,253093,48,,,1,15,,253125,48,,,1,15,,253095,48,,,1,55,,253094,48,,,1,15,,253126,48,,,1,15,,253096,48,,,1,15,,253134,48,,,1,55,,253133,48,,,1,29,,253097,48,,,1,30,,253098,48,,,1,70,,253099,48,,,1,30,,253100,48,,,1,70,,253101,48,,,1,30,,253102,48,,,1,70,,253103,48,,,1,30,,253104,48,,,1,70,,253105,48,,,1,30,,253106,48,,,1,70,,253107,48,,,1,30,,253108,48,,,1,74,,253109,48,,,1,15,,253110,48,,,1,55,,253127,48,,,1,15,,253112,48,,,1,15,,253111,48,,,1,15,,253128,48,,,1,55,,253113,48,,,1,15,,253132,48,,,1,15,,253131,48,,,1,70,,253114,48,,,1,30,,253115,48,,,1,25,,253116,48,,,1,70,,253117,48,,,1,30,,253118,48,,,1,70,,253119,48,,,1,30,,253120,48,,,1,70,,253121,48,,,1,30,,253122,48,,,1,70,,253129,48,,,1,100,,253123,48,,,1,100,,253124,48,,,1
10900,'109-Saturday-1-26-09-0000010',818,,253135,48,,,1,30,,253136,48,,,1,72,,253137,48,,,1,31,,253138,48,,,1,70,,253139,48,,,1,30,,253140,48,,,1,70,,253141,48,,,1,30,,253142,48,,,1,70,,253143,48,,,1,30,,253144,48,,,1,70,,253145,48,,,1,30,,253146,48,,,1,70,,253147,48,,,1,30,,253148,48,,,1,70,,253149,48,,,1,30,,253150,48,,,1,70,,253151,48,,,1,30,,253152,48,,,1,69,,253153,48,,,1,30,,253154,48,,,1,70,,253155,48,,,1,30,,253156,48,,,1,70,,253157,48,,,1,30,,253158,48,,,1,70,,253159,48,,,1,30,,253160,48,,,1,70,,253161,48,,,1,30,,253162,48,,,1,70,,253163,48,,,1
10900,'109-Sunday-1-26-09-0000001',1031,,253164,48,,,1,70,,253165,48,,,1,30,,253166,48,,,1,70,,253167,48,,,1,30,,253168,48,,,1,70,,253169,48,,,1,30,,253170,48,,,1,70,,253171,48,,,1,30,,253172,48,,,1,70,,253173,48,,,1,30,,253174,48,,,1,70,,253175,48,,,1,30,,253176,48,,,1,70,,253177,48,,,1,29,,253178,48,,,1,70,,253179,48,,,1,30,,253180,48,,,1,70,,253181,48,,,1
11201,'112-Weekday-1-26-09-1111100',600,,253952,22,,,1,30,,253953,22,,,1,71,,253982,22,,,1,20,,253989,22,,,1,20,,253972,22,,,1,60,,253973,22,,,1,5,,253988,22,,,1,15,,253969,22,,,1,20,,253986,22,,,1,70,,253985,22,,,1,19,,253954,22,,,1,70,,253955,22,,,1,30,,253974,22,,,1,70,,253975,22,,,1,30,,253976,22,,,1,70,,253977,22,,,1,30,,253978,22,,,1,70,,253979,22,,,1,30,,253980,22,,,1,70,,253981,22,,,1,30,,253971,22,,,1,70,,253970,22,,,1,30,,253956,22,,,1,20,,253957,22,,,1,60,,253983,22,,,1,20,,253958,22,,,1,20,,253959,22,,,1,60,,253984,22,,,1,12,,253968,22,,,1,20,,253987,22,,,1,60,,253960,22,,,1,29,,253961,22,,,1,69,,253962,22,,,1,29,,253963,22,,,1,30,,253964,22,,,1,70,,253965,22,,,1,30,,253966,22,,,1,70,,253967,22,,,1
11201,'112-Weekday-3-26-09-1111100',600,,254027,22,,,1,30,,254028,22,,,1,71,,254057,22,,,1,20,,254064,22,,,1,20,,254047,22,,,1,60,,254048,22,,,1,5,,254063,22,,,1,15,,254044,22,,,1,20,,254061,22,,,1,70,,254060,22,,,1,19,,254029,22,,,1,70,,254030,22,,,1,30,,254049,22,,,1,70,,254050,22,,,1,30,,254051,22,,,1,70,,254052,22,,,1,30,,254053,22,,,1,70,,254054,22,,,1,30,,254055,22,,,1,70,,254056,22,,,1,30,,254046,22,,,1,70,,254045,22,,,1,30,,254031,22,,,1,20,,254032,22,,,1,60,,254058,22,,,1,20,,254033,22,,,1,20,,254034,22,,,1,60,,254059,22,,,1,12,,254043,22,,,1,20,,254062,22,,,1,60,,254035,22,,,1,29,,254036,22,,,1,69,,254037,22,,,1,29,,254038,22,,,1,30,,254039,22,,,1,70,,254040,22,,,1,30,,254041,22,,,1,70,,254042,22,,,1
11201,'112-Weekday-4-26-09-1111100',600,,254065,22,,,1,30,,254066,22,,,1,71,,254095,22,,,1,20,,254101,22,,,1,20,,254085,22,,,1,60,,254086,22,,,1,20,,254082,22,,,1,20,,254099,22,,,1,70,,254098,22,,,1,19,,254067,22,,,1,70,,254068,22,,,1,30,,254087,22,,,1,70,,254088,22,,,1,30,,254089,22,,,1,70,,254090,22,,,1,30,,254091,22,,,1,70,,254092,22,,,1,30,,254093,22,,,1,70,,254094,22,,,1,30,,254084,22,,,1,70,,254083,22,,,1,30,,254069,22,,,1,20,,254070,22,,,1,60,,254096,22,,,1,20,,254071,22,,,1,20,,254072,22,,,1,60,,254097,22,,,1,12,,254081,22,,,1,20,,254100,22,,,1,60,,254073,22,,,1,29,,254074,22,,,1,69,,254075,22,,,1,29,,254076,22,,,1,30,,254077,22,,,1,70,,254078,22,,,1,30,,254079,22,,,1,70,,254080,22,,,1
11201,'112-Weekday-5-26-09-1111100',600,,254102,22,,,1,30,,254103,22,,,1,71,,254132,22,,,1,20,,254138,22,,,1,20,,254122,22,,,1,60,,254123,22,,,1,20,,254119,22,,,1,20,,254136,22,,,1,70,,254135,22,,,1,19,,254104,22,,,1,70,,254105,22,,,1,30,,254124,22,,,1,70,,254125,22,,,1,30,,254126,22,,,1,70,,254127,22,,,1,30,,254128,22,,,1,70,,254129,22,,,1,30,,254130,22,,,1,70,,254131,22,,,1,30,,254121,22,,,1,70,,254120,22,,,1,30,,254106,22,,,1,20,,254107,22,,,1,60,,254133,22,,,1,20,,254108,22,,,1,20,,254109,22,,,1,60,,254134,22,,,1,12,,254118,22,,,1,20,,254137,22,,,1,60,,254110,22,,,1,29,,254111,22,,,1,69,,254112,22,,,1,29,,254113,22,,,1,30,,254114,22,,,1,70,,254115,22,,,1,30,,254116,22,,,1,70,,254117,22,,,1
11201,'112-Weekday-6-26-09-1111100',600,,254139,22,,,1,30,,254140,22,,,1,71,,254169,22,,,1,20,,254176,22,,,1,20,,254159,22,,,1,60,,254160,22,,,1,5,,254175,22,,,1,15,,254156,22,,,1,20,,254173,22,,,1,70,,254172,22,,,1,19,,254141,22,,,1,70,,254142,22,,,1,30,,254161,22,,,1,70,,254162,22,,,1,30,,254163,22,,,1,70,,254164,22,,,1,30,,254165,22,,,1,70,,254166,22,,,1,30,,254167,22,,,1,70,,254168,22,,,1,30,,254158,22,,,1,70,,254157,22,,,1,30,,254143,22,,,1,20,,254144,22,,,1,60,,254170,22,,,1,20,,254145,22,,,1,20,,254146,22,,,1,60,,254171,22,,,1,12,,254155,22,,,1,20,,254174,22,,,1,60,,254147,22,,,1,29,,254148,22,,,1,69,,254149,22,,,1,29,,254150,22,,,1,30,,254151,22,,,1,70,,254152,22,,,1,30,,254153,22,,,1,70,,254154,22,,,1
11201,'112-Weekday-7-26-09-1111100',600,,254177,22,,,1,30,,254178,22,,,1,71,,254207,22,,,1,20,,254213,22,,,1,20,,254197,22,,,1,60,,254198,22,,,1,20,,254194,22,,,1,20,,254211,22,,,1,70,,254210,22,,,1,19,,254179,22,,,1,70,,254180,22,,,1,30,,254199,22,,,1,70,,254200,22,,,1,30,,254201,22,,,1,70,,254202,22,,,1,30,,254203,22,,,1,70,,254204,22,,,1,30,,254205,22,,,1,70,,254206,22,,,1,30,,254196,22,,,1,70,,254195,22,,,1,30,,254181,22,,,1,20,,254182,22,,,1,60,,254208,22,,,1,20,,254183,22,,,1,20,,254184,22,,,1,60,,254209,22,,,1,12,,254193,22,,,1,20,,254212,22,,,1,60,,254185,22,,,1,29,,254186,22,,,1,69,,254187,22,,,1,29,,254188,22,,,1,30,,254189,22,,,1,70,,254190,22,,,1,30,,254191,22,,,1,70,,254192,22,,,1
11201,'112-Saturday-1-26-09-0000010',808,,254214,22,,,1,30,,254215,22,,,1,70,,254216,22,,,1,30,,254217,22,,,1,70,,254218,22,,,1,30,,254219,22,,,1,70,,254220,22,,,1,30,,254221,22,,,1,70,,254222,22,,,1,30,,254223,22,,,1,70,,254224,22,,,1,30,,254225,22,,,1,70,,254226,22,,,1,30,,254227,22,,,1,70,,254228,22,,,1,30,,254229,22,,,1,70,,254230,22,,,1,30,,254231,22,,,1,70,,254232,22,,,1,30,,254233,22,,,1,70,,254234,22,,,1,30,,254235,22,,,1,70,,254236,22,,,1
11201,'112-Sunday-1-26-09-0000001',1013,,254237,22,,,1,30,,254238,22,,,1,70,,254239,22,,,1,30,,254240,22,,,1,70,,254241,22,,,1,30,,254242,22,,,1,70,,254243,22,,,1,30,,254244,22,,,1,70,,254245,22,,,1,30,,254246,22,,,1,70,,254247,22,,,1,30,,254248,22,,,1,70,,254249,22,,,1,30,,254250,22,,,1,70,,254251,22,,,1,29,,254253,22,,,1,70,,254254,22,,,1,30,,254252,22,,,1
