900,'009-Weekday-1-26-06-1111100',2443,,166157,4,0,28 29 30,1,70,,166158,4,0,28 29 30,1,30,,166159,4,0,28 29 30,1,70,,166160,4,0,28 29 30,1,30,,166161,4,0,28 29 30,1
900,'009-Weekday-2-26-06-1111100',2443,,191074,4,0,28 29 30,1,70,,191075,4,0,28 29 30,1,30,,191076,4,0,28 29 30,1,70,,191077,4,0,28 29 30,1,30,,191078,4,0,28 29 30,1
900,'009-Saturday-1-26-06-0000010',2442,,166226,4,0,28 29 30,1,70,,166227,4,0,28 29 30,1,30,,166228,4,0,28 29 30,1,70,,166229,4,0,28 29 30,1,30,,166230,4,0,28 29 30,1
900,'009-Saturday-3-26-06-0000010',2442,,207609,4,0,28 29 30,1,70,,207610,4,0,28 29 30,1,30,,207611,4,0,28 29 30,1,70,,207612,4,0,28 29 30,1,30,,207613,4,0,28 29 30,1
900,'009-Sunday-2-26-06-0000001',2444,,191140,4,0,28 29 30,1,70,,191141,4,0,28 29 30,1,30,,191142,4,0,28 29 30,1,70,,191143,4,0,28 29 30,1,30,,191144,4,0,28 29 30,1
900,'009-Sunday-3-26-06-0000001',2444,,207683,4,0,28 29 30,1,70,,207684,4,0,28 29 30,1,30,,207685,4,0,28 29 30,1,70,,207686,4,0,28 29 30,1,30,,207687,4,0,28 29 30,1
900,'009-Sunday-6-26-06-0000001',2444,,207759,4,0,28 29 30,1,70,,207760,4,0,28 29 30,1,30,,207761,4,0,28 29 30,1,70,,207762,4,0,28 29 30,1,30,,207763,4,0,28 29 30,1
900,'009-Sunday-7-26-06-0000001',2444,,207835,4,0,28 29 30,1,70,,207836,4,0,28 29 30,1,30,,207837,4,0,28 29 30,1,70,,207838,4,0,28 29 30,1,30,,207839,4,0,28 29 30,1
70800,'708-Weekday-1-26-06-1111100',534,,179313,17,,,1,70,,179314,17,,,1,31,,179315,17,,,1,17,,179316,17,,,1,55,,179345,17,,,1,15,,179317,17,,,1,15,,179347,17,,,1,15,,179349,17,,,1,55,,179348,17,,,1,15,,179350,17,,,1,15,,179352,17,,,1,15,,179351,17,,,1,70,,179344,17,,,1,30,,179318,17,,,1,70,,179343,17,,,1,30,,179319,17,,,1,70,,179342,17,,,1,30,,179321,17,,,1,70,,179341,17,,,1,30,,179322,17,,,1,70,,179340,17,,,1,30,,179320,17,,,1,70,,179339,17,,,1,25,,179353,17,,,1,67,,179323,17,,,1,30,,179324,17,,,1,70,,179325,17,,,1,30,,179326,17,,,1,70,,179346,17,,,1,34,,179337,17,,,1,74,,179327,17,,,1,29,,179328,17,,,1,70,,179329,17,,,1,30,,179330,17,,,1,70,,179331,17,,,1,30,,179332,17,,,1,70,,179333,17,,,1,30,,179334,17,,,1,67,,179338,17,,,1,102,,179335,17,,,1,100,,179336,17,,,1
70800,'708-Weekday-2-26-06-1111100',534,,198171,17,,,1,70,,198172,17,,,1,31,,198173,17,,,1,17,,198174,17,,,1,55,,198203,17,,,1,15,,198175,17,,,1,15,,198205,17,,,1,15,,198207,17,,,1,55,,198206,17,,,1,15,,198208,17,,,1,15,,198210,17,,,1,15,,198209,17,,,1,70,,198202,17,,,1,30,,198176,17,,,1,70,,198201,17,,,1,30,,198177,17,,,1,70,,198200,17,,,1,30,,198179,17,,,1,70,,198199,17,,,1,30,,198180,17,,,1,70,,198198,17,,,1,30,,198178,17,,,1,70,,198197,17,,,1,25,,198211,17,,,1,67,,198181,17,,,1,30,,198182,17,,,1,70,,198183,17,,,1,30,,198184,17,,,1,70,,198204,17,,,1,34,,198195,17,,,1,74,,198185,17,,,1,29,,198186,17,,,1,70,,198187,17,,,1,30,,198188,17,,,1,70,,198189,17,,,1,30,,198190,17,,,1,70,,198191,17,,,1,30,,198192,17,,,1,67,,198196,17,,,1,102,,198193,17,,,1,100,,198194,17,,,1
70800,'708-Saturday-1-26-06-0000010',553,,179354,17,,,1,100,,179355,17,,,1,100,,179356,17,,,1,70,,179357,17,,,1,30,,179358,17,,,1,72,,179359,17,,,1,30,,179360,17,,,1,70,,179361,17,,,1,30,,179362,17,,,1,70,,179363,17,,,1,30,,179364,17,,,1,70,,179365,17,,,1,30,,179366,17,,,1,70,,179367,17,,,1,30,,179368,17,,,1,70,,179369,17,,,1,30,,179370,17,,,1,70,,179371,17,,,1,30,,179372,17,,,1,70,,179373,17,,,1,30,,179374,17,,,1,69,,179375,17,,,1,30,,179376,17,,,1,70,,179377,17,,,1,30,,179378,17,,,1,100,,179379,17,,,1,100,,179380,17,,,1,100,,179381,17,,,1,100,,179382,17,,,1,100,,179383,17,,,1
70800,'708-Saturday-2-26-06-0000010',553,,219193,17,,,1,100,,219194,17,,,1,100,,219195,17,,,1,70,,219196,17,,,1,30,,219197,17,,,1,72,,219198,17,,,1,30,,219199,17,,,1,70,,219200,17,,,1,30,,219201,17,,,1,70,,219202,17,,,1,30,,219203,17,,,1,70,,219204,17,,,1,30,,219205,17,,,1,70,,219206,17,,,1,30,,219207,17,,,1,70,,219208,17,,,1,30,,219209,17,,,1,70,,219210,17,,,1,30,,219211,17,,,1,70,,219212,17,,,1,30,,219213,17,,,1,69,,219214,17,,,1,30,,219215,17,,,1,70,,219216,17,,,1,30,,219217,17,,,1,100,,219218,17,,,1,100,,219219,17,,,1,100,,219220,17,,,1,100,,219221,17,,,1,100,,219222,17,,,1
70800,'708-Sunday-3-26-06-0000001',654,,198212,17,,,1,100,,198213,17,,,1,100,,198214,17,,,1,101,,198215,17,,,1,70,,198216,17,,,1,30,,198217,17,,,1,70,,198218,17,,,1,30,,198219,17,,,1,70,,198220,17,,,1,30,,198221,17,,,1,70,,198222,17,,,1,30,,198223,17,,,1,70,,198224,17,,,1,30,,198225,17,,,1,70,,198226,17,,,1,30,,198227,17,,,1,70,,198228,17,,,1,30,,198229,17,,,1,69,,198230,17,,,1,30,,198231,17,,,1,70,,198232,17,,,1,30,,198233,17,,,1,100,,198234,17,,,1,100,,198235,17,,,1,100,,198236,17,,,1,100,,198237,17,,,1
70800,'708-Sunday-4-26-06-0000001',654,,219223,17,,,1,100,,219224,17,,,1,100,,219225,17,,,1,101,,219226,17,,,1,70,,219227,17,,,1,30,,219228,17,,,1,70,,219229,17,,,1,30,,219230,17,,,1,70,,219231,17,,,1,30,,219232,17,,,1,70,,219233,17,,,1,30,,219234,17,,,1,70,,219235,17,,,1,30,,219236,17,,,1,70,,219237,17,,,1,30,,219238,17,,,1,70,,219239,17,,,1,30,,219240,17,,,1,69,,219241,17,,,1,30,,219242,17,,,1,70,,219243,17,,,1,30,,219244,17,,,1,100,,219245,17,,,1,100,,219246,17,,,1,100,,219247,17,,,1,100,,219248,17,,,1
70800,'708-Sunday-7-26-06-0000001',654,,219249,17,,,1,100,,219250,17,,,1,100,,219251,17,,,1,101,,219252,17,,,1,70,,219253,17,,,1,30,,219254,17,,,1,70,,219255,17,,,1,30,,219256,17,,,1,70,,219257,17,,,1,30,,219258,17,,,1,70,,219259,17,,,1,30,,219260,17,,,1,70,,219261,17,,,1,30,,219262,17,,,1,70,,219263,17,,,1,30,,219264,17,,,1,70,,219265,17,,,1,30,,219266,17,,,1,69,,219267,17,,,1,30,,219268,17,,,1,70,,219269,17,,,1,30,,219270,17,,,1,100,,219271,17,,,1,100,,219272,17,,,1,100,,219273,17,,,1,100,,219274,17,,,1
70800,'708-Sunday-8-26-06-0000001',654,,219275,17,,,1,100,,219276,17,,,1,100,,219277,17,,,1,101,,219278,17,,,1,70,,219279,17,,,1,30,,219280,17,,,1,70,,219281,17,,,1,30,,219282,17,,,1,70,,219283,17,,,1,30,,219284,17,,,1,70,,219285,17,,,1,30,,219286,17,,,1,70,,219287,17,,,1,30,,219288,17,,,1,70,,219289,17,,,1,30,,219290,17,,,1,70,,219291,17,,,1,30,,219292,17,,,1,69,,219293,17,,,1,30,,219294,17,,,1,70,,219295,17,,,1,30,,219296,17,,,1,100,,219297,17,,,1,100,,219298,17,,,1,100,,219299,17,,,1,100,,219300,17,,,1
