5300,'053-Weekday-1-26-09-1111100',548,,242316,50,4,,1,70,,242317,50,4,,1,31,,242318,50,4,,1,75,,242319,50,4,,1,18,,242320,50,4,,1,15,,242321,50,4,,1,55,,242322,50,4,,1,15,,242271,50,4,,1,15,,242272,50,4,,1,15,,242315,50,4,,1,55,,242273,50,4,,1,15,,242274,50,4,,1,19,,242313,50,4,,1,59,,242275,50,4,,1,20,,242303,50,4,,1,20,,242307,50,4,,1,60,,242311,50,4,,1,20,,242306,50,4,,1,20,,242314,50,4,,1,60,,242276,50,4,,1,20,,242277,50,4,,1,20,,242278,50,4,,1,60,,242279,50,4,,1,20,,242280,50,4,,1,20,,242281,50,4,,1,60,,242282,50,4,,1,20,,242283,50,4,,1,20,,242284,50,4,,1,60,,242285,50,4,,1,22,,242286,50,4,,1,17,,242304,50,4,,1,57,,242287,50,4,,1,15,,242288,50,4,,1,15,,242289,50,4,,1,15,,242301,50,4,,1,55,,242290,50,4,,1,15,,242291,50,4,,1,15,,242302,50,4,,1,15,,242292,50,4,,1,55,,242312,50,4,,1,15,,242308,50,4,,1,16,,242309,50,4,,1,27,,242310,50,4,,1,63,,242305,50,4,,1,30,,242293,50,4,,1,70,,242294,50,4,,1,30,,242295,50,4,,1,70,,242296,50,4,,1,30,,242297,50,4,,1,70,,242298,50,4,,1,30,,242299,50,4,,1,100,,242300,50,4,,1,100,,242270,50,4,,1
5300,'053-Weekday-3-26-09-1111100',548,,242422,50,4,,1,70,,242423,50,4,,1,31,,242424,50,4,,1,75,,242425,50,4,,1,18,,242426,50,4,,1,15,,242427,50,4,,1,55,,242428,50,4,,1,15,,242377,50,4,,1,15,,242378,50,4,,1,15,,242421,50,4,,1,55,,242379,50,4,,1,15,,242380,50,4,,1,19,,242419,50,4,,1,59,,242381,50,4,,1,20,,242409,50,4,,1,20,,242413,50,4,,1,60,,242417,50,4,,1,20,,242412,50,4,,1,20,,242420,50,4,,1,60,,242382,50,4,,1,20,,242383,50,4,,1,20,,242384,50,4,,1,60,,242385,50,4,,1,20,,242386,50,4,,1,20,,242387,50,4,,1,60,,242388,50,4,,1,20,,242389,50,4,,1,20,,242390,50,4,,1,60,,242391,50,4,,1,22,,242392,50,4,,1,17,,242410,50,4,,1,57,,242393,50,4,,1,15,,242394,50,4,,1,15,,242395,50,4,,1,15,,242407,50,4,,1,55,,242396,50,4,,1,15,,242397,50,4,,1,15,,242408,50,4,,1,15,,242398,50,4,,1,55,,242418,50,4,,1,15,,242414,50,4,,1,16,,242415,50,4,,1,27,,242416,50,4,,1,63,,242411,50,4,,1,30,,242399,50,4,,1,70,,242400,50,4,,1,30,,242401,50,4,,1,70,,242402,50,4,,1,30,,242403,50,4,,1,70,,242404,50,4,,1,30,,242405,50,4,,1,100,,242406,50,4,,1,100,,242376,50,4,,1
5300,'053-Weekday-4-26-09-1111100',548,,242475,50,4,,1,70,,242476,50,4,,1,31,,242477,50,4,,1,75,,242478,50,4,,1,18,,242479,50,4,,1,15,,242480,50,4,,1,55,,242481,50,4,,1,15,,242430,50,4,,1,15,,242431,50,4,,1,15,,242474,50,4,,1,55,,242432,50,4,,1,15,,242433,50,4,,1,19,,242472,50,4,,1,59,,242434,50,4,,1,20,,242462,50,4,,1,20,,242466,50,4,,1,60,,242470,50,4,,1,20,,242465,50,4,,1,20,,242473,50,4,,1,60,,242435,50,4,,1,20,,242436,50,4,,1,20,,242437,50,4,,1,60,,242438,50,4,,1,20,,242439,50,4,,1,20,,242440,50,4,,1,60,,242441,50,4,,1,20,,242442,50,4,,1,20,,242443,50,4,,1,60,,242444,50,4,,1,22,,242445,50,4,,1,17,,242463,50,4,,1,57,,242446,50,4,,1,15,,242447,50,4,,1,15,,242448,50,4,,1,15,,242460,50,4,,1,55,,242449,50,4,,1,15,,242450,50,4,,1,15,,242461,50,4,,1,15,,242451,50,4,,1,55,,242471,50,4,,1,15,,242467,50,4,,1,16,,242468,50,4,,1,27,,242469,50,4,,1,63,,242464,50,4,,1,30,,242452,50,4,,1,70,,242453,50,4,,1,30,,242454,50,4,,1,70,,242455,50,4,,1,30,,242456,50,4,,1,70,,242457,50,4,,1,30,,242458,50,4,,1,100,,242459,50,4,,1,100,,242429,50,4,,1
5300,'053-Weekday-5-26-09-1111100',548,,242528,50,4,,1,70,,242529,50,4,,1,31,,242530,50,4,,1,75,,242531,50,4,,1,18,,242532,50,4,,1,15,,242533,50,4,,1,55,,242534,50,4,,1,15,,242483,50,4,,1,15,,242484,50,4,,1,15,,242527,50,4,,1,55,,242485,50,4,,1,15,,242486,50,4,,1,19,,242525,50,4,,1,59,,242487,50,4,,1,20,,242515,50,4,,1,20,,242519,50,4,,1,60,,242523,50,4,,1,20,,242518,50,4,,1,20,,242526,50,4,,1,60,,242488,50,4,,1,20,,242489,50,4,,1,20,,242490,50,4,,1,60,,242491,50,4,,1,20,,242492,50,4,,1,20,,242493,50,4,,1,60,,242494,50,4,,1,20,,242495,50,4,,1,20,,242496,50,4,,1,60,,242497,50,4,,1,22,,242498,50,4,,1,17,,242516,50,4,,1,57,,242499,50,4,,1,15,,242500,50,4,,1,15,,242501,50,4,,1,15,,242513,50,4,,1,55,,242502,50,4,,1,15,,242503,50,4,,1,15,,242514,50,4,,1,15,,242504,50,4,,1,55,,242524,50,4,,1,15,,242520,50,4,,1,16,,242521,50,4,,1,27,,242522,50,4,,1,63,,242517,50,4,,1,30,,242505,50,4,,1,70,,242506,50,4,,1,30,,242507,50,4,,1,70,,242508,50,4,,1,30,,242509,50,4,,1,70,,242510,50,4,,1,30,,242511,50,4,,1,100,,242512,50,4,,1,100,,242482,50,4,,1
5300,'053-Weekday-6-26-09-1111100',548,,242581,50,4,,1,70,,242582,50,4,,1,31,,242583,50,4,,1,75,,242584,50,4,,1,18,,242585,50,4,,1,15,,242586,50,4,,1,55,,242587,50,4,,1,15,,242536,50,4,,1,15,,242537,50,4,,1,15,,242580,50,4,,1,55,,242538,50,4,,1,15,,242539,50,4,,1,19,,242578,50,4,,1,59,,242540,50,4,,1,20,,242568,50,4,,1,20,,242572,50,4,,1,60,,242576,50,4,,1,20,,242571,50,4,,1,20,,242579,50,4,,1,60,,242541,50,4,,1,20,,242542,50,4,,1,20,,242543,50,4,,1,60,,242544,50,4,,1,20,,242545,50,4,,1,20,,242546,50,4,,1,60,,242547,50,4,,1,20,,242548,50,4,,1,20,,242549,50,4,,1,60,,242550,50,4,,1,22,,242551,50,4,,1,17,,242569,50,4,,1,57,,242552,50,4,,1,15,,242553,50,4,,1,15,,242554,50,4,,1,15,,242566,50,4,,1,55,,242555,50,4,,1,15,,242556,50,4,,1,15,,242567,50,4,,1,15,,242557,50,4,,1,55,,242577,50,4,,1,15,,242573,50,4,,1,16,,242574,50,4,,1,27,,242575,50,4,,1,63,,242570,50,4,,1,30,,242558,50,4,,1,70,,242559,50,4,,1,30,,242560,50,4,,1,70,,242561,50,4,,1,30,,242562,50,4,,1,70,,242563,50,4,,1,30,,242564,50,4,,1,100,,242565,50,4,,1,100,,242535,50,4,,1
5300,'053-Weekday-7-26-09-1111100',548,,242634,50,4,,1,70,,242635,50,4,,1,31,,242636,50,4,,1,75,,242637,50,4,,1,18,,242638,50,4,,1,15,,242639,50,4,,1,55,,242640,50,4,,1,15,,242589,50,4,,1,15,,242590,50,4,,1,15,,242633,50,4,,1,55,,242591,50,4,,1,15,,242592,50,4,,1,19,,242631,50,4,,1,59,,242593,50,4,,1,20,,242621,50,4,,1,20,,242625,50,4,,1,60,,242629,50,4,,1,20,,242624,50,4,,1,20,,242632,50,4,,1,60,,242594,50,4,,1,20,,242595,50,4,,1,20,,242596,50,4,,1,60,,242597,50,4,,1,20,,242598,50,4,,1,20,,242599,50,4,,1,60,,242600,50,4,,1,20,,242601,50,4,,1,20,,242602,50,4,,1,60,,242603,50,4,,1,22,,242604,50,4,,1,17,,242622,50,4,,1,57,,242605,50,4,,1,15,,242606,50,4,,1,15,,242607,50,4,,1,15,,242619,50,4,,1,55,,242608,50,4,,1,15,,242609,50,4,,1,15,,242620,50,4,,1,15,,242610,50,4,,1,55,,242630,50,4,,1,15,,242626,50,4,,1,16,,242627,50,4,,1,27,,242628,50,4,,1,63,,242623,50,4,,1,30,,242611,50,4,,1,70,,242612,50,4,,1,30,,242613,50,4,,1,70,,242614,50,4,,1,30,,242615,50,4,,1,70,,242616,50,4,,1,30,,242617,50,4,,1,100,,242618,50,4,,1,100,,242588,50,4,,1
5300,'053-Saturday-1-26-09-0000010',649,,242641,50,4,,1,100,,242642,50,4,,1,100,,242643,50,4,,1,65,,242671,50,4,,1,27,,242644,50,4,,1,70,,242645,50,4,,1,30,,242646,50,4,,1,70,,242647,50,4,,1,30,,242648,50,4,,1,70,,242649,50,4,,1,30,,242650,50,4,,1,70,,242651,50,4,,1,30,,242652,50,4,,1,70,,242653,50,4,,1,30,,242654,50,4,,1,70,,242655,50,4,,1,30,,242656,50,4,,1,70,,242657,50,4,,1,30,,242658,50,4,,1,69,,242659,50,4,,1,30,,242660,50,4,,1,70,,242661,50,4,,1,30,,242662,50,4,,1,70,,242663,50,4,,1,30,,242664,50,4,,1,70,,242665,50,4,,1,39,,242666,50,4,,1,100,,242667,50,4,,1,100,,242668,50,4,,1,100,,242669,50,4,,1,100,,242670,50,4,,1
5300,'053-Sunday-1-26-09-0000001',751,,242672,50,4,,1,100,,242673,50,4,,1,100,,242674,50,4,,1,100,,242675,50,4,,1,70,,242676,50,4,,1,30,,242677,50,4,,1,70,,242678,50,4,,1,30,,242679,50,4,,1,70,,242680,50,4,,1,30,,242681,50,4,,1,70,,242682,50,4,,1,30,,242683,50,4,,1,70,,242684,50,4,,1,30,,242685,50,4,,1,70,,242686,50,4,,1,30,,242687,50,4,,1,70,,242688,50,4,,1,30,,242689,50,4,,1,70,,242690,50,4,,1,30,,242691,50,4,,1,70,,242692,50,4,,1,30,,242697,50,4,,1,100,,242693,50,4,,1,100,,242694,50,4,,1,100,,242695,50,4,,1,100,,242696,50,4,,1
5301,'053-Weekday-1-26-09-1111100',500,,242740,1,,,1,30,,242698,1,,,1,70,,242699,1,,,1,27,,242729,1,,,1,16,,242700,1,,,1,16,,242701,1,,,1,56,,242727,1,,,1,15,,242702,1,,,1,18,,242736,1,,,1,55,,242737,1,,,1,15,,242732,1,,,1,15,,242744,1,,,1,20,,242745,1,,,1,60,,242728,1,,,1,20,,242703,1,,,1,19,,242746,1,,,1,60,,242704,1,,,1,20,,242705,1,,,1,20,,242747,1,,,1,60,,242706,1,,,1,20,,242707,1,,,1,20,,242748,1,,,1,60,,242708,1,,,1,20,,242709,1,,,1,20,,242749,1,,,1,60,,242710,1,,,1,20,,242711,1,,,1,20,,242741,1,,,1,60,,242712,1,,,1,20,,242713,1,,,1,20,,242742,1,,,1,55,,242714,1,,,1,15,,242715,1,,,1,15,,242716,1,,,1,15,,242730,1,,,1,56,,242717,1,,,1,15,,242718,1,,,1,15,,242731,1,,,1,15,,242719,1,,,1,55,,242733,1,,,1,19,,242738,1,,,1,31,,242739,1,,,1,70,,242734,1,,,1,30,,242720,1,,,1,70,,242721,1,,,1,30,,242722,1,,,1,70,,242723,1,,,1,30,,242724,1,,,1,70,,242725,1,,,1,30,,242743,1,,,1,100,,242726,1,,,1,100,,242735,1,,,1
5301,'053-Weekday-3-26-09-1111100',500,,242844,1,,,1,30,,242802,1,,,1,70,,242803,1,,,1,27,,242833,1,,,1,16,,242804,1,,,1,16,,242805,1,,,1,56,,242831,1,,,1,15,,242806,1,,,1,18,,242840,1,,,1,55,,242841,1,,,1,15,,242836,1,,,1,15,,242848,1,,,1,20,,242849,1,,,1,60,,242832,1,,,1,20,,242807,1,,,1,19,,242850,1,,,1,60,,242808,1,,,1,20,,242809,1,,,1,20,,242851,1,,,1,60,,242810,1,,,1,20,,242811,1,,,1,20,,242852,1,,,1,60,,242812,1,,,1,20,,242813,1,,,1,20,,242853,1,,,1,60,,242814,1,,,1,20,,242815,1,,,1,20,,242845,1,,,1,60,,242816,1,,,1,20,,242817,1,,,1,20,,242846,1,,,1,55,,242818,1,,,1,15,,242819,1,,,1,15,,242820,1,,,1,15,,242834,1,,,1,56,,242821,1,,,1,15,,242822,1,,,1,15,,242835,1,,,1,15,,242823,1,,,1,55,,242837,1,,,1,19,,242842,1,,,1,31,,242843,1,,,1,70,,242838,1,,,1,30,,242824,1,,,1,70,,242825,1,,,1,30,,242826,1,,,1,70,,242827,1,,,1,30,,242828,1,,,1,70,,242829,1,,,1,30,,242847,1,,,1,100,,242830,1,,,1,100,,242839,1,,,1
5301,'053-Weekday-4-26-09-1111100',500,,242896,1,,,1,30,,242854,1,,,1,70,,242855,1,,,1,27,,242885,1,,,1,16,,242856,1,,,1,16,,242857,1,,,1,56,,242883,1,,,1,15,,242858,1,,,1,18,,242892,1,,,1,55,,242893,1,,,1,15,,242888,1,,,1,15,,242900,1,,,1,20,,242901,1,,,1,60,,242884,1,,,1,20,,242859,1,,,1,19,,242902,1,,,1,60,,242860,1,,,1,20,,242861,1,,,1,20,,242903,1,,,1,60,,242862,1,,,1,20,,242863,1,,,1,20,,242904,1,,,1,60,,242864,1,,,1,20,,242865,1,,,1,20,,242905,1,,,1,60,,242866,1,,,1,20,,242867,1,,,1,20,,242897,1,,,1,60,,242868,1,,,1,20,,242869,1,,,1,20,,242898,1,,,1,55,,242870,1,,,1,15,,242871,1,,,1,15,,242872,1,,,1,15,,242886,1,,,1,56,,242873,1,,,1,15,,242874,1,,,1,15,,242887,1,,,1,15,,242875,1,,,1,55,,242889,1,,,1,19,,242894,1,,,1,31,,242895,1,,,1,70,,242890,1,,,1,30,,242876,1,,,1,70,,242877,1,,,1,30,,242878,1,,,1,70,,242879,1,,,1,30,,242880,1,,,1,70,,242881,1,,,1,30,,242899,1,,,1,100,,242882,1,,,1,100,,242891,1,,,1
5301,'053-Weekday-5-26-09-1111100',500,,242948,1,,,1,30,,242906,1,,,1,70,,242907,1,,,1,27,,242937,1,,,1,16,,242908,1,,,1,16,,242909,1,,,1,56,,242935,1,,,1,15,,242910,1,,,1,18,,242944,1,,,1,55,,242945,1,,,1,15,,242940,1,,,1,15,,242952,1,,,1,20,,242953,1,,,1,60,,242936,1,,,1,20,,242911,1,,,1,19,,242954,1,,,1,60,,242912,1,,,1,20,,242913,1,,,1,20,,242955,1,,,1,60,,242914,1,,,1,20,,242915,1,,,1,20,,242956,1,,,1,60,,242916,1,,,1,20,,242917,1,,,1,20,,242957,1,,,1,60,,242918,1,,,1,20,,242919,1,,,1,20,,242949,1,,,1,60,,242920,1,,,1,20,,242921,1,,,1,20,,242950,1,,,1,55,,242922,1,,,1,15,,242923,1,,,1,15,,242924,1,,,1,15,,242938,1,,,1,56,,242925,1,,,1,15,,242926,1,,,1,15,,242939,1,,,1,15,,242927,1,,,1,55,,242941,1,,,1,19,,242946,1,,,1,31,,242947,1,,,1,70,,242942,1,,,1,30,,242928,1,,,1,70,,242929,1,,,1,30,,242930,1,,,1,70,,242931,1,,,1,30,,242932,1,,,1,70,,242933,1,,,1,30,,242951,1,,,1,100,,242934,1,,,1,100,,242943,1,,,1
5301,'053-Weekday-6-26-09-1111100',500,,243000,1,,,1,30,,242958,1,,,1,70,,242959,1,,,1,27,,242989,1,,,1,16,,242960,1,,,1,16,,242961,1,,,1,56,,242987,1,,,1,15,,242962,1,,,1,18,,242996,1,,,1,55,,242997,1,,,1,15,,242992,1,,,1,15,,243004,1,,,1,20,,243005,1,,,1,60,,242988,1,,,1,20,,242963,1,,,1,19,,243006,1,,,1,60,,242964,1,,,1,20,,242965,1,,,1,20,,243007,1,,,1,60,,242966,1,,,1,20,,242967,1,,,1,20,,243008,1,,,1,60,,242968,1,,,1,20,,242969,1,,,1,20,,243009,1,,,1,60,,242970,1,,,1,20,,242971,1,,,1,20,,243001,1,,,1,60,,242972,1,,,1,20,,242973,1,,,1,20,,243002,1,,,1,55,,242974,1,,,1,15,,242975,1,,,1,15,,242976,1,,,1,15,,242990,1,,,1,56,,242977,1,,,1,15,,242978,1,,,1,15,,242991,1,,,1,15,,242979,1,,,1,55,,242993,1,,,1,19,,242998,1,,,1,31,,242999,1,,,1,70,,242994,1,,,1,30,,242980,1,,,1,70,,242981,1,,,1,30,,242982,1,,,1,70,,242983,1,,,1,30,,242984,1,,,1,70,,242985,1,,,1,30,,243003,1,,,1,100,,242986,1,,,1,100,,242995,1,,,1
5301,'053-Weekday-7-26-09-1111100',500,,243052,1,,,1,30,,243010,1,,,1,70,,243011,1,,,1,27,,243041,1,,,1,16,,243012,1,,,1,16,,243013,1,,,1,56,,243039,1,,,1,15,,243014,1,,,1,18,,243048,1,,,1,55,,243049,1,,,1,15,,243044,1,,,1,15,,243056,1,,,1,20,,243057,1,,,1,60,,243040,1,,,1,20,,243015,1,,,1,19,,243058,1,,,1,60,,243016,1,,,1,20,,243017,1,,,1,20,,243059,1,,,1,60,,243018,1,,,1,20,,243019,1,,,1,20,,243060,1,,,1,60,,243020,1,,,1,20,,243021,1,,,1,20,,243061,1,,,1,60,,243022,1,,,1,20,,243023,1,,,1,20,,243053,1,,,1,60,,243024,1,,,1,20,,243025,1,,,1,20,,243054,1,,,1,55,,243026,1,,,1,15,,243027,1,,,1,15,,243028,1,,,1,15,,243042,1,,,1,56,,243029,1,,,1,15,,243030,1,,,1,15,,243043,1,,,1,15,,243031,1,,,1,55,,243045,1,,,1,19,,243050,1,,,1,31,,243051,1,,,1,70,,243046,1,,,1,30,,243032,1,,,1,70,,243033,1,,,1,30,,243034,1,,,1,70,,243035,1,,,1,30,,243036,1,,,1,70,,243037,1,,,1,30,,243055,1,,,1,100,,243038,1,,,1,100,,243047,1,,,1
5301,'053-Saturday-1-26-09-0000010',601,,243062,1,,,1,100,,243063,1,,,1,100,,243064,1,,,1,24,,243092,1,,,1,24,,243065,1,,,1,70,,243066,1,,,1,30,,243067,1,,,1,70,,243068,1,,,1,30,,243069,1,,,1,70,,243070,1,,,1,30,,243071,1,,,1,70,,243072,1,,,1,30,,243073,1,,,1,70,,243074,1,,,1,30,,243075,1,,,1,70,,243076,1,,,1,30,,243077,1,,,1,70,,243078,1,,,1,30,,243079,1,,,1,70,,243080,1,,,1,30,,243081,1,,,1,70,,243082,1,,,1,30,,243083,1,,,1,70,,243084,1,,,1,30,,243085,1,,,1,70,,243090,1,,,1,82,,243086,1,,,1,100,,243087,1,,,1,100,,243088,1,,,1,100,,243089,1,,,1,100,,243091,1,,,1
5301,'053-Sunday-1-26-09-0000001',657,,243093,1,,,1,100,,243094,1,,,1,100,,243114,1,,,1,100,,243095,1,,,1,70,,243116,1,,,1,30,,243096,1,,,1,70,,243117,1,,,1,30,,243115,1,,,1,70,,243118,1,,,1,30,,243108,1,,,1,70,,243119,1,,,1,30,,243107,1,,,1,70,,243113,1,,,1,30,,243106,1,,,1,70,,243112,1,,,1,30,,243105,1,,,1,70,,243111,1,,,1,30,,243104,1,,,1,70,,243110,1,,,1,30,,243103,1,,,1,70,,243109,1,,,1,30,,243102,1,,,1,100,,243097,1,,,1,100,,243098,1,,,1,100,,243099,1,,,1,100,,243100,1,,,1,100,,243101,1,,,1
