5401,'054-Weekday-1-26-09-1111100',541,,243597,50,,,1,70,,243598,50,,,1,16,,243599,50,,,1,15,,243647,50,,,1,64,,243640,50,,,1,18,,243641,50,,,1,17,,243642,50,,,1,59,,243643,50,,,1,17,,243644,50,,,1,15,,243645,50,,,1,16,,243646,50,,,1,58,,243600,50,,,1,21,,243601,50,,,1,20,,243602,50,,,1,61,,243603,50,,,1,19,,243604,50,,,1,19,,243605,50,,,1,60,,243606,50,,,1,20,,243607,50,,,1,20,,243608,50,,,1,60,,243609,50,,,1,20,,243610,50,,,1,20,,243611,50,,,1,60,,243612,50,,,1,20,,243613,50,,,1,20,,243614,50,,,1,60,,243615,50,,,1,20,,243616,50,,,1,20,,243617,50,,,1,61,,243618,50,,,1,21,,243619,50,,,1,22,,243620,50,,,1,57,,243649,50,,,1,16,,243648,50,,,1,19,,243621,50,,,1,61,,243622,50,,,1,17,,243623,50,,,1,16,,243624,50,,,1,15,,243625,50,,,1,54,,243626,50,,,1,13,,243627,50,,,1,13,,243628,50,,,1,13,,243629,50,,,1,66,,243630,50,,,1,31,,243631,50,,,1,71,,243632,50,,,1,30,,243633,50,,,1,70,,243634,50,,,1,30,,243635,50,,,1,69,,243636,50,,,1,29,,243637,50,,,1,100,,243638,50,,,1,100,,243639,50,,,1
5401,'054-Weekday-3-26-09-1111100',541,,243703,50,,,1,70,,243704,50,,,1,16,,243705,50,,,1,15,,243753,50,,,1,64,,243746,50,,,1,18,,243747,50,,,1,17,,243748,50,,,1,59,,243749,50,,,1,17,,243750,50,,,1,15,,243751,50,,,1,16,,243752,50,,,1,58,,243706,50,,,1,21,,243707,50,,,1,20,,243708,50,,,1,61,,243709,50,,,1,19,,243710,50,,,1,19,,243711,50,,,1,60,,243712,50,,,1,20,,243713,50,,,1,20,,243714,50,,,1,60,,243715,50,,,1,20,,243716,50,,,1,20,,243717,50,,,1,60,,243718,50,,,1,20,,243719,50,,,1,20,,243720,50,,,1,60,,243721,50,,,1,20,,243722,50,,,1,20,,243723,50,,,1,61,,243724,50,,,1,21,,243725,50,,,1,22,,243726,50,,,1,57,,243755,50,,,1,16,,243754,50,,,1,19,,243727,50,,,1,61,,243728,50,,,1,17,,243729,50,,,1,16,,243730,50,,,1,15,,243731,50,,,1,54,,243732,50,,,1,13,,243733,50,,,1,13,,243734,50,,,1,13,,243735,50,,,1,66,,243736,50,,,1,31,,243737,50,,,1,71,,243738,50,,,1,30,,243739,50,,,1,70,,243740,50,,,1,30,,243741,50,,,1,69,,243742,50,,,1,29,,243743,50,,,1,100,,243744,50,,,1,100,,243745,50,,,1
5401,'054-Weekday-4-26-09-1111100',541,,243756,50,,,1,70,,243757,50,,,1,16,,243758,50,,,1,15,,243806,50,,,1,64,,243799,50,,,1,18,,243800,50,,,1,17,,243801,50,,,1,59,,243802,50,,,1,17,,243803,50,,,1,15,,243804,50,,,1,16,,243805,50,,,1,58,,243759,50,,,1,21,,243760,50,,,1,20,,243761,50,,,1,61,,243762,50,,,1,19,,243763,50,,,1,19,,243764,50,,,1,60,,243765,50,,,1,20,,243766,50,,,1,20,,243767,50,,,1,60,,243768,50,,,1,20,,243769,50,,,1,20,,243770,50,,,1,60,,243771,50,,,1,20,,243772,50,,,1,20,,243773,50,,,1,60,,243774,50,,,1,20,,243775,50,,,1,20,,243776,50,,,1,61,,243777,50,,,1,21,,243778,50,,,1,22,,243779,50,,,1,57,,243808,50,,,1,16,,243807,50,,,1,19,,243780,50,,,1,61,,243781,50,,,1,17,,243782,50,,,1,16,,243783,50,,,1,15,,243784,50,,,1,54,,243785,50,,,1,13,,243786,50,,,1,13,,243787,50,,,1,13,,243788,50,,,1,66,,243789,50,,,1,31,,243790,50,,,1,71,,243791,50,,,1,30,,243792,50,,,1,70,,243793,50,,,1,30,,243794,50,,,1,69,,243795,50,,,1,29,,243796,50,,,1,100,,243797,50,,,1,100,,243798,50,,,1
5401,'054-Weekday-5-26-09-1111100',541,,243809,50,,,1,70,,243810,50,,,1,16,,243811,50,,,1,15,,243859,50,,,1,64,,243852,50,,,1,18,,243853,50,,,1,17,,243854,50,,,1,59,,243855,50,,,1,17,,243856,50,,,1,15,,243857,50,,,1,16,,243858,50,,,1,58,,243812,50,,,1,21,,243813,50,,,1,20,,243814,50,,,1,61,,243815,50,,,1,19,,243816,50,,,1,19,,243817,50,,,1,60,,243818,50,,,1,20,,243819,50,,,1,20,,243820,50,,,1,60,,243821,50,,,1,20,,243822,50,,,1,20,,243823,50,,,1,60,,243824,50,,,1,20,,243825,50,,,1,20,,243826,50,,,1,60,,243827,50,,,1,20,,243828,50,,,1,20,,243829,50,,,1,61,,243830,50,,,1,21,,243831,50,,,1,22,,243832,50,,,1,57,,243861,50,,,1,16,,243860,50,,,1,19,,243833,50,,,1,61,,243834,50,,,1,17,,243835,50,,,1,16,,243836,50,,,1,15,,243837,50,,,1,54,,243838,50,,,1,13,,243839,50,,,1,13,,243840,50,,,1,13,,243841,50,,,1,66,,243842,50,,,1,31,,243843,50,,,1,71,,243844,50,,,1,30,,243845,50,,,1,70,,243846,50,,,1,30,,243847,50,,,1,69,,243848,50,,,1,29,,243849,50,,,1,100,,243850,50,,,1,100,,243851,50,,,1
5401,'054-Weekday-6-26-09-1111100',541,,243862,50,,,1,70,,243863,50,,,1,16,,243864,50,,,1,15,,243912,50,,,1,64,,243905,50,,,1,18,,243906,50,,,1,17,,243907,50,,,1,59,,243908,50,,,1,17,,243909,50,,,1,15,,243910,50,,,1,16,,243911,50,,,1,58,,243865,50,,,1,21,,243866,50,,,1,20,,243867,50,,,1,61,,243868,50,,,1,19,,243869,50,,,1,19,,243870,50,,,1,60,,243871,50,,,1,20,,243872,50,,,1,20,,243873,50,,,1,60,,243874,50,,,1,20,,243875,50,,,1,20,,243876,50,,,1,60,,243877,50,,,1,20,,243878,50,,,1,20,,243879,50,,,1,60,,243880,50,,,1,20,,243881,50,,,1,20,,243882,50,,,1,61,,243883,50,,,1,21,,243884,50,,,1,22,,243885,50,,,1,57,,243914,50,,,1,16,,243913,50,,,1,19,,243886,50,,,1,61,,243887,50,,,1,17,,243888,50,,,1,16,,243889,50,,,1,15,,243890,50,,,1,54,,243891,50,,,1,13,,243892,50,,,1,13,,243893,50,,,1,13,,243894,50,,,1,66,,243895,50,,,1,31,,243896,50,,,1,71,,243897,50,,,1,30,,243898,50,,,1,70,,243899,50,,,1,30,,243900,50,,,1,69,,243901,50,,,1,29,,243902,50,,,1,100,,243903,50,,,1,100,,243904,50,,,1
5401,'054-Weekday-7-26-09-1111100',541,,243915,50,,,1,70,,243916,50,,,1,16,,243917,50,,,1,15,,243965,50,,,1,64,,243958,50,,,1,18,,243959,50,,,1,17,,243960,50,,,1,59,,243961,50,,,1,17,,243962,50,,,1,15,,243963,50,,,1,16,,243964,50,,,1,58,,243918,50,,,1,21,,243919,50,,,1,20,,243920,50,,,1,61,,243921,50,,,1,19,,243922,50,,,1,19,,243923,50,,,1,60,,243924,50,,,1,20,,243925,50,,,1,20,,243926,50,,,1,60,,243927,50,,,1,20,,243928,50,,,1,20,,243929,50,,,1,60,,243930,50,,,1,20,,243931,50,,,1,20,,243932,50,,,1,60,,243933,50,,,1,20,,243934,50,,,1,20,,243935,50,,,1,61,,243936,50,,,1,21,,243937,50,,,1,22,,243938,50,,,1,57,,243967,50,,,1,16,,243966,50,,,1,19,,243939,50,,,1,61,,243940,50,,,1,17,,243941,50,,,1,16,,243942,50,,,1,15,,243943,50,,,1,54,,243944,50,,,1,13,,243945,50,,,1,13,,243946,50,,,1,13,,243947,50,,,1,66,,243948,50,,,1,31,,243949,50,,,1,71,,243950,50,,,1,30,,243951,50,,,1,70,,243952,50,,,1,30,,243953,50,,,1,69,,243954,50,,,1,29,,243955,50,,,1,100,,243956,50,,,1,100,,243957,50,,,1
5401,'054-Saturday-1-26-09-0000010',640,,243968,50,,,1,70,,243969,50,,,1,30,,243970,50,,,1,70,,243971,50,,,1,30,,243972,50,,,1,64,,243973,50,,,1,24,,243974,50,,,1,24,,243975,50,,,1,60,,243976,50,,,1,20,,243977,50,,,1,20,,243978,50,,,1,60,,243979,50,,,1,20,,243980,50,,,1,20,,243981,50,,,1,60,,243982,50,,,1,20,,243983,50,,,1,20,,243984,50,,,1,60,,243985,50,,,1,20,,243986,50,,,1,20,,243987,50,,,1,60,,243988,50,,,1,20,,243989,50,,,1,20,,243990,50,,,1,60,,243991,50,,,1,20,,243992,50,,,1,20,,243993,50,,,1,60,,243994,50,,,1,20,,243995,50,,,1,20,,243996,50,,,1,60,,243997,50,,,1,21,,243998,50,,,1,21,,243999,50,,,1,60,,244000,50,,,1,20,,244001,50,,,1,20,,244002,50,,,1,60,,244003,50,,,1,20,,244004,50,,,1,20,,244005,50,,,1,60,,244006,50,,,1,20,,244007,50,,,1,20,,244008,50,,,1,60,,244009,50,,,1,20,,244010,50,,,1,20,,244011,50,,,1,60,,244012,50,,,1,30,,244013,50,,,1,100,,244014,50,,,1,100,,244015,50,,,1
5401,'054-Sunday-1-26-09-0000001',642,,244058,50,,,1,70,,244059,50,,,1,30,,244016,50,,,1,70,,244017,50,,,1,30,,244018,50,,,1,70,,244019,50,,,1,33,,244020,50,,,1,70,,244021,50,,,1,30,,244022,50,,,1,60,,244023,50,,,1,20,,244024,50,,,1,20,,244025,50,,,1,60,,244026,50,,,1,20,,244027,50,,,1,20,,244028,50,,,1,60,,244029,50,,,1,20,,244030,50,,,1,20,,244031,50,,,1,60,,244032,50,,,1,20,,244033,50,,,1,20,,244034,50,,,1,60,,244035,50,,,1,20,,244036,50,,,1,20,,244037,50,,,1,60,,244038,50,,,1,20,,244039,50,,,1,20,,244040,50,,,1,60,,244041,50,,,1,20,,244042,50,,,1,21,,244043,50,,,1,60,,244044,50,,,1,20,,244045,50,,,1,20,,244046,50,,,1,60,,244047,50,,,1,20,,244048,50,,,1,20,,244049,50,,,1,70,,244050,50,,,1,30,,244051,50,,,1,70,,244052,50,,,1,30,,244053,50,,,1,70,,244054,50,,,1,30,,244055,50,,,1,100,,244056,50,,,1,100,,244057,50,,,1
90701,'907-Weekday-1-26-09-1111100',545,,294367,29,,,1,70,,294368,29,,,1,28,,294369,29,,,1,16,,294370,29,,,1,55,,294371,29,,,1,15,,294372,29,,,1,15,,294373,29,,,1,15,,294374,29,,,1,55,,294375,29,,,1,15,,294376,29,,,1,15,,294377,29,,,1,70,,294378,29,,,1,30,,294379,29,,,1,70,,294380,29,,,1,30,,294381,29,,,1,70,,294382,29,,,1,30,,294383,29,,,1,70,,294384,29,,,1,30,,294385,29,,,1,70,,294386,29,,,1,30,,294387,29,,,1,70,,294388,29,,,1,30,,294389,29,,,1,72,,294390,29,,,1,22,,294391,29,,,1,17,,294392,29,,,1,55,,294393,29,,,1,15,,294394,29,,,1,15,,294395,29,,,1,15,,294396,29,,,1,55,,294397,29,,,1,15,,294398,29,,,1,15,,294399,29,,,1,15,,294400,29,,,1,67,,294401,29,,,1,22,,294402,29,,,1,70,,294403,29,,,1,30,,294404,29,,,1,70,,294405,29,,,1,30,,294406,29,,,1,70,,294407,29,,,1,30,,294408,29,,,1,72,,294409,29,,,1,100,,294410,29,,,1,100,,294411,29,,,1
90701,'907-Weekday-3-26-09-1111100',545,,294457,29,,,1,70,,294458,29,,,1,28,,294459,29,,,1,16,,294460,29,,,1,55,,294461,29,,,1,15,,294462,29,,,1,15,,294463,29,,,1,15,,294464,29,,,1,55,,294465,29,,,1,15,,294466,29,,,1,15,,294467,29,,,1,70,,294468,29,,,1,30,,294469,29,,,1,70,,294470,29,,,1,30,,294471,29,,,1,70,,294472,29,,,1,30,,294473,29,,,1,70,,294474,29,,,1,30,,294475,29,,,1,70,,294476,29,,,1,30,,294477,29,,,1,70,,294478,29,,,1,30,,294479,29,,,1,72,,294480,29,,,1,22,,294481,29,,,1,17,,294482,29,,,1,55,,294483,29,,,1,15,,294484,29,,,1,15,,294485,29,,,1,15,,294486,29,,,1,55,,294487,29,,,1,15,,294488,29,,,1,15,,294489,29,,,1,15,,294490,29,,,1,67,,294491,29,,,1,22,,294492,29,,,1,70,,294493,29,,,1,30,,294494,29,,,1,70,,294495,29,,,1,30,,294496,29,,,1,70,,294497,29,,,1,30,,294498,29,,,1,72,,294499,29,,,1,100,,294500,29,,,1,100,,294501,29,,,1
90701,'907-Weekday-4-26-09-1111100',545,,294502,29,,,1,70,,294503,29,,,1,28,,294504,29,,,1,16,,294505,29,,,1,55,,294506,29,,,1,15,,294507,29,,,1,15,,294508,29,,,1,15,,294509,29,,,1,55,,294510,29,,,1,15,,294511,29,,,1,15,,294512,29,,,1,70,,294513,29,,,1,30,,294514,29,,,1,70,,294515,29,,,1,30,,294516,29,,,1,70,,294517,29,,,1,30,,294518,29,,,1,70,,294519,29,,,1,30,,294520,29,,,1,70,,294521,29,,,1,30,,294522,29,,,1,70,,294523,29,,,1,30,,294524,29,,,1,72,,294525,29,,,1,22,,294526,29,,,1,17,,294527,29,,,1,55,,294528,29,,,1,15,,294529,29,,,1,15,,294530,29,,,1,15,,294531,29,,,1,55,,294532,29,,,1,15,,294533,29,,,1,15,,294534,29,,,1,15,,294535,29,,,1,67,,294536,29,,,1,22,,294537,29,,,1,70,,294538,29,,,1,30,,294539,29,,,1,70,,294540,29,,,1,30,,294541,29,,,1,70,,294542,29,,,1,30,,294543,29,,,1,72,,294544,29,,,1,100,,294545,29,,,1,100,,294546,29,,,1
90701,'907-Weekday-5-26-09-1111100',545,,294547,29,,,1,70,,294548,29,,,1,28,,294549,29,,,1,16,,294550,29,,,1,55,,294551,29,,,1,15,,294552,29,,,1,15,,294553,29,,,1,15,,294554,29,,,1,55,,294555,29,,,1,15,,294556,29,,,1,15,,294557,29,,,1,70,,294558,29,,,1,30,,294559,29,,,1,70,,294560,29,,,1,30,,294561,29,,,1,70,,294562,29,,,1,30,,294563,29,,,1,70,,294564,29,,,1,30,,294565,29,,,1,70,,294566,29,,,1,30,,294567,29,,,1,70,,294568,29,,,1,30,,294569,29,,,1,72,,294570,29,,,1,22,,294571,29,,,1,17,,294572,29,,,1,55,,294573,29,,,1,15,,294574,29,,,1,15,,294575,29,,,1,15,,294576,29,,,1,55,,294577,29,,,1,15,,294578,29,,,1,15,,294579,29,,,1,15,,294580,29,,,1,67,,294581,29,,,1,22,,294582,29,,,1,70,,294583,29,,,1,30,,294584,29,,,1,70,,294585,29,,,1,30,,294586,29,,,1,70,,294587,29,,,1,30,,294588,29,,,1,72,,294589,29,,,1,100,,294590,29,,,1,100,,294591,29,,,1
90701,'907-Weekday-6-26-09-1111100',545,,294592,29,,,1,70,,294593,29,,,1,28,,294594,29,,,1,16,,294595,29,,,1,55,,294596,29,,,1,15,,294597,29,,,1,15,,294598,29,,,1,15,,294599,29,,,1,55,,294600,29,,,1,15,,294601,29,,,1,15,,294602,29,,,1,70,,294603,29,,,1,30,,294604,29,,,1,70,,294605,29,,,1,30,,294606,29,,,1,70,,294607,29,,,1,30,,294608,29,,,1,70,,294609,29,,,1,30,,294610,29,,,1,70,,294611,29,,,1,30,,294612,29,,,1,70,,294613,29,,,1,30,,294614,29,,,1,72,,294615,29,,,1,22,,294616,29,,,1,17,,294617,29,,,1,55,,294618,29,,,1,15,,294619,29,,,1,15,,294620,29,,,1,15,,294621,29,,,1,55,,294622,29,,,1,15,,294623,29,,,1,15,,294624,29,,,1,15,,294625,29,,,1,67,,294626,29,,,1,22,,294627,29,,,1,70,,294628,29,,,1,30,,294629,29,,,1,70,,294630,29,,,1,30,,294631,29,,,1,70,,294632,29,,,1,30,,294633,29,,,1,72,,294634,29,,,1,100,,294635,29,,,1,100,,294636,29,,,1
90701,'907-Weekday-7-26-09-1111100',545,,294637,29,,,1,70,,294638,29,,,1,28,,294639,29,,,1,16,,294640,29,,,1,55,,294641,29,,,1,15,,294642,29,,,1,15,,294643,29,,,1,15,,294644,29,,,1,55,,294645,29,,,1,15,,294646,29,,,1,15,,294647,29,,,1,70,,294648,29,,,1,30,,294649,29,,,1,70,,294650,29,,,1,30,,294651,29,,,1,70,,294652,29,,,1,30,,294653,29,,,1,70,,294654,29,,,1,30,,294655,29,,,1,70,,294656,29,,,1,30,,294657,29,,,1,70,,294658,29,,,1,30,,294659,29,,,1,72,,294660,29,,,1,22,,294661,29,,,1,17,,294662,29,,,1,55,,294663,29,,,1,15,,294664,29,,,1,15,,294665,29,,,1,15,,294666,29,,,1,55,,294667,29,,,1,15,,294668,29,,,1,15,,294669,29,,,1,15,,294670,29,,,1,67,,294671,29,,,1,22,,294672,29,,,1,70,,294673,29,,,1,30,,294674,29,,,1,70,,294675,29,,,1,30,,294676,29,,,1,70,,294677,29,,,1,30,,294678,29,,,1,72,,294679,29,,,1,100,,294680,29,,,1,100,,294681,29,,,1
90701,'907-Saturday-1-26-09-0000010',647,,294682,29,,,1,100,,294683,29,,,1,100,,294684,29,,,1,67,,294685,29,,,1,30,,294686,29,,,1,70,,294687,29,,,1,30,,294688,29,,,1,70,,294689,29,,,1,30,,294690,29,,,1,70,,294691,29,,,1,30,,294692,29,,,1,70,,294693,29,,,1,30,,294694,29,,,1,70,,294695,29,,,1,30,,294696,29,,,1,70,,294697,29,,,1,30,,294698,29,,,1,70,,294699,29,,,1,30,,294700,29,,,1,71,,294701,29,,,1,30,,294702,29,,,1,70,,294703,29,,,1,30,,294704,29,,,1,70,,294705,29,,,1,100,,294706,29,,,1,100,,294707,29,,,1,100,,294708,29,,,1
90701,'907-Sunday-1-26-09-0000001',1048,,294709,29,,,1,70,,294710,29,,,1,30,,294711,29,,,1,70,,294712,29,,,1,30,,294713,29,,,1,70,,294714,29,,,1,30,,294715,29,,,1,70,,294716,29,,,1,30,,294717,29,,,1,70,,294718,29,,,1,30,,294719,29,,,1,70,,294720,29,,,1,30,,294721,29,,,1,70,,294722,29,,,1,30,,294723,29,,,1,70,,294724,29,,,1,30,,294725,29,,,1,70,,294726,29,,,1,30,,294727,29,,,1
