91701,'917-Weekday-1-26-06-1111100',509,,185054,21,,,1,30,,185055,21,,,1,70,,185088,21,,,1,31,,185090,21,,,1,70,,185089,21,,,1,30,,185056,21,,,1,70,,185084,21,,,1,30,,185057,21,,,1,71,,185092,21,,,1,30,,185058,21,,,1,70,,185059,21,,,1,30,,185060,21,,,1,70,,185061,21,,,1,30,,185062,21,,,1,70,,185063,21,,,1,30,,185064,21,,,1,70,,185065,21,,,1,30,,185066,21,,,1,70,,185067,21,,,1,30,,185068,21,,,1,72,,185069,21,,,1,31,,185087,21,,,1,60,,185070,21,,,1,20,,185071,21,,,1,20,,185085,21,,,1,60,,185072,21,,,1,20,,185073,21,,,1,20,,185086,21,,,1,70,,185081,21,,,1,28,,185074,21,,,1,69,,185075,21,,,1,30,,185076,21,,,1,70,,185077,21,,,1,30,,185078,21,,,1,70,,185079,21,,,1,30,,185080,21,,,1,69,,185091,21,,,1,100,,185082,21,,,1,100,,185083,21,,,1
91701,'917-Weekday-5-26-06-1111100',509,,201652,21,,,1,30,,201653,21,,,1,70,,201686,21,,,1,31,,201688,21,,,1,70,,201687,21,,,1,30,,201654,21,,,1,70,,201682,21,,,1,30,,201655,21,,,1,71,,201690,21,,,1,30,,201656,21,,,1,70,,201657,21,,,1,30,,201658,21,,,1,70,,201659,21,,,1,30,,201660,21,,,1,70,,201661,21,,,1,30,,201662,21,,,1,70,,201663,21,,,1,30,,201664,21,,,1,70,,201665,21,,,1,30,,201666,21,,,1,72,,201667,21,,,1,31,,201685,21,,,1,60,,201668,21,,,1,20,,201669,21,,,1,20,,201683,21,,,1,60,,201670,21,,,1,20,,201671,21,,,1,20,,201684,21,,,1,70,,201679,21,,,1,28,,201672,21,,,1,69,,201673,21,,,1,30,,201674,21,,,1,70,,201675,21,,,1,30,,201676,21,,,1,70,,201677,21,,,1,30,,201678,21,,,1,69,,201689,21,,,1,100,,201680,21,,,1,100,,201681,21,,,1
91701,'917-Saturday-1-26-06-0000010',634,,185093,21,,,1,100,,185094,21,,,1,70,,185119,21,,,1,30,,185120,21,,,1,71,,185095,21,,,1,31,,185096,21,,,1,70,,185097,21,,,1,30,,185098,21,,,1,70,,185099,21,,,1,30,,185100,21,,,1,70,,185101,21,,,1,30,,185102,21,,,1,70,,185103,21,,,1,30,,185104,21,,,1,70,,185105,21,,,1,30,,185106,21,,,1,70,,185107,21,,,1,30,,185108,21,,,1,70,,185109,21,,,1,30,,185110,21,,,1,70,,185111,21,,,1,30,,185112,21,,,1,70,,185113,21,,,1,30,,185114,21,,,1,70,,185115,21,,,1,100,,185116,21,,,1,100,,185117,21,,,1,100,,185118,21,,,1
91701,'917-Saturday-2-26-06-0000010',634,,224274,21,,,1,100,,224275,21,,,1,70,,224300,21,,,1,30,,224301,21,,,1,71,,224276,21,,,1,31,,224277,21,,,1,70,,224278,21,,,1,30,,224279,21,,,1,70,,224280,21,,,1,30,,224281,21,,,1,70,,224282,21,,,1,30,,224283,21,,,1,70,,224284,21,,,1,30,,224285,21,,,1,70,,224286,21,,,1,30,,224287,21,,,1,70,,224288,21,,,1,30,,224289,21,,,1,70,,224290,21,,,1,30,,224291,21,,,1,70,,224292,21,,,1,30,,224293,21,,,1,70,,224294,21,,,1,30,,224295,21,,,1,70,,224296,21,,,1,100,,224297,21,,,1,100,,224298,21,,,1,100,,224299,21,,,1
91701,'917-Sunday-2-26-06-0000001',631,,201691,21,,,1,100,,201692,21,,,1,100,,201693,21,,,1,102,,201694,21,,,1,103,,201695,21,,,1,70,,201696,21,,,1,30,,201697,21,,,1,70,,201698,21,,,1,30,,201699,21,,,1,70,,201700,21,,,1,30,,201701,21,,,1,70,,201702,21,,,1,30,,201703,21,,,1,70,,201704,21,,,1,30,,201705,21,,,1,70,,201706,21,,,1,30,,201707,21,,,1,70,,201708,21,,,1,31,,201709,21,,,1,70,,201710,21,,,1,30,,201711,21,,,1,70,,201712,21,,,1,30,,201713,21,,,1,100,,201714,21,,,1
91701,'917-Sunday-3-26-06-0000001',631,,224302,21,,,1,100,,224303,21,,,1,100,,224304,21,,,1,102,,224305,21,,,1,103,,224306,21,,,1,70,,224307,21,,,1,30,,224308,21,,,1,70,,224309,21,,,1,30,,224310,21,,,1,70,,224311,21,,,1,30,,224312,21,,,1,70,,224313,21,,,1,30,,224314,21,,,1,70,,224315,21,,,1,30,,224316,21,,,1,70,,224317,21,,,1,30,,224318,21,,,1,70,,224319,21,,,1,31,,224320,21,,,1,70,,224321,21,,,1,30,,224322,21,,,1,70,,224323,21,,,1,30,,224324,21,,,1,100,,224325,21,,,1
91701,'917-Sunday-6-26-06-0000001',631,,224326,21,,,1,100,,224327,21,,,1,100,,224328,21,,,1,102,,224329,21,,,1,103,,224330,21,,,1,70,,224331,21,,,1,30,,224332,21,,,1,70,,224333,21,,,1,30,,224334,21,,,1,70,,224335,21,,,1,30,,224336,21,,,1,70,,224337,21,,,1,30,,224338,21,,,1,70,,224339,21,,,1,30,,224340,21,,,1,70,,224341,21,,,1,30,,224342,21,,,1,70,,224343,21,,,1,31,,224344,21,,,1,70,,224345,21,,,1,30,,224346,21,,,1,70,,224347,21,,,1,30,,224348,21,,,1,100,,224349,21,,,1
91701,'917-Sunday-7-26-06-0000001',631,,224350,21,,,1,100,,224351,21,,,1,100,,224352,21,,,1,102,,224353,21,,,1,103,,224354,21,,,1,70,,224355,21,,,1,30,,224356,21,,,1,70,,224357,21,,,1,30,,224358,21,,,1,70,,224359,21,,,1,30,,224360,21,,,1,70,,224361,21,,,1,30,,224362,21,,,1,70,,224363,21,,,1,30,,224364,21,,,1,70,,224365,21,,,1,30,,224366,21,,,1,70,,224367,21,,,1,31,,224368,21,,,1,70,,224369,21,,,1,30,,224370,21,,,1,70,,224371,21,,,1,30,,224372,21,,,1,100,,224373,21,,,1
24091000,'910X-Weekday-1-26-06-1111100',549,,187956,5,,,1,70,,187958,5,,,1,15,,187959,5,,,1,15,,187960,5,,,1,55,,187961,5,,,1,15,,187957,5,,,1,15,,187953,5,,,1,15,,187952,5,,,1,55,,187951,5,,,1,15,,187962,5,,,1,15,,187954,5,,,1,15,,187955,5,,,1
24091000,'910X-Weekday-2-26-06-1111100',549,,203553,5,,,1,70,,203555,5,,,1,15,,203556,5,,,1,15,,203557,5,,,1,55,,203558,5,,,1,15,,203554,5,,,1,15,,203550,5,,,1,15,,203549,5,,,1,55,,203548,5,,,1,15,,203559,5,,,1,15,,203551,5,,,1,15,,203552,5,,,1
24091001,'910X-Weekday-1-26-06-1111100',1533,,187963,11,,,1,20,,187964,11,,,1,60,,187969,11,,,1,20,,187965,11,,,1,20,,187966,11,,,1,60,,187970,11,,,1,20,,187967,11,,,1,20,,187968,11,,,1
24091001,'910X-Weekday-2-26-06-1111100',1533,,203560,11,,,1,20,,203561,11,,,1,60,,203566,11,,,1,20,,203562,11,,,1,20,,203563,11,,,1,60,,203567,11,,,1,20,,203564,11,,,1,20,,203565,11,,,1
