91701,'917-Weekday-1-26-09-0001000',1513,,299155,26,,,1
91701,'917-Weekday-1-26-09-1111100',514,,299156,26,,,1,30,,299157,26,,,1,70,,299190,26,,,1,31,,299192,26,,,1,70,,299191,26,,,1,30,,299158,26,,,1,70,,299186,26,,,1,30,,299159,26,,,1,70,,299194,26,,,1,30,,299160,26,,,1,70,,299161,26,,,1,30,,299162,26,,,1,70,,299163,26,,,1,30,,299164,26,,,1,70,,299165,26,,,1,30,,299166,26,,,1,70,,299167,26,,,1,30,,299168,26,,,1,70,,299169,26,,,1,30,,299170,26,,,1,76,,299171,26,,,1,15,,299198,26,,,1,15,,299189,26,,,1,55,,299172,26,,,1,15,,299197,26,,,1,15,,299173,26,,,1,15,,299187,26,,,1,55,,299174,26,,,1,15,,299196,26,,,1,15,,299175,26,,,1,15,,299188,26,,,1,55,,299195,26,,,1,15,,299183,26,,,1,26,,299176,26,,,1,69,,299177,26,,,1,30,,299178,26,,,1,70,,299179,26,,,1,30,,299180,26,,,1,70,,299181,26,,,1,30,,299182,26,,,1,68,,299193,26,,,1,100,,299184,26,,,1,100,,299185,26,,,1
91701,'917-Weekday-3-26-09-1111100',514,,299242,26,,,1,30,,299243,26,,,1,70,,299276,26,,,1,31,,299278,26,,,1,70,,299277,26,,,1,30,,299244,26,,,1,70,,299272,26,,,1,30,,299245,26,,,1,70,,299280,26,,,1,30,,299246,26,,,1,70,,299247,26,,,1,30,,299248,26,,,1,70,,299249,26,,,1,30,,299250,26,,,1,70,,299251,26,,,1,30,,299252,26,,,1,70,,299253,26,,,1,30,,299254,26,,,1,70,,299255,26,,,1,30,,299256,26,,,1,76,,299257,26,,,1,15,,299284,26,,,1,15,,299275,26,,,1,55,,299258,26,,,1,15,,299283,26,,,1,15,,299259,26,,,1,15,,299273,26,,,1,55,,299260,26,,,1,15,,299282,26,,,1,15,,299261,26,,,1,15,,299274,26,,,1,55,,299281,26,,,1,15,,299269,26,,,1,26,,299262,26,,,1,69,,299263,26,,,1,30,,299264,26,,,1,70,,299265,26,,,1,30,,299266,26,,,1,70,,299267,26,,,1,30,,299268,26,,,1,68,,299279,26,,,1,100,,299270,26,,,1,100,,299271,26,,,1
91701,'917-Weekday-4-26-09-1111100',514,,299285,26,,,1,30,,299286,26,,,1,70,,299319,26,,,1,31,,299321,26,,,1,70,,299320,26,,,1,30,,299287,26,,,1,70,,299315,26,,,1,30,,299288,26,,,1,70,,299323,26,,,1,30,,299289,26,,,1,70,,299290,26,,,1,30,,299291,26,,,1,70,,299292,26,,,1,30,,299293,26,,,1,70,,299294,26,,,1,30,,299295,26,,,1,70,,299296,26,,,1,30,,299297,26,,,1,70,,299298,26,,,1,30,,299299,26,,,1,76,,299300,26,,,1,15,,299327,26,,,1,15,,299318,26,,,1,55,,299301,26,,,1,15,,299326,26,,,1,15,,299302,26,,,1,15,,299316,26,,,1,55,,299303,26,,,1,15,,299325,26,,,1,15,,299304,26,,,1,15,,299317,26,,,1,55,,299324,26,,,1,15,,299312,26,,,1,26,,299305,26,,,1,69,,299306,26,,,1,30,,299307,26,,,1,70,,299308,26,,,1,30,,299309,26,,,1,70,,299310,26,,,1,30,,299311,26,,,1,68,,299322,26,,,1,100,,299313,26,,,1,100,,299314,26,,,1
91701,'917-Weekday-5-26-09-1111100',514,,299328,26,,,1,30,,299329,26,,,1,70,,299362,26,,,1,31,,299364,26,,,1,70,,299363,26,,,1,30,,299330,26,,,1,70,,299358,26,,,1,30,,299331,26,,,1,70,,299366,26,,,1,30,,299332,26,,,1,70,,299333,26,,,1,30,,299334,26,,,1,70,,299335,26,,,1,30,,299336,26,,,1,70,,299337,26,,,1,30,,299338,26,,,1,70,,299339,26,,,1,30,,299340,26,,,1,70,,299341,26,,,1,30,,299342,26,,,1,76,,299343,26,,,1,15,,299370,26,,,1,15,,299361,26,,,1,55,,299344,26,,,1,15,,299369,26,,,1,15,,299345,26,,,1,15,,299359,26,,,1,55,,299346,26,,,1,15,,299368,26,,,1,15,,299347,26,,,1,15,,299360,26,,,1,55,,299367,26,,,1,15,,299355,26,,,1,26,,299348,26,,,1,69,,299349,26,,,1,30,,299350,26,,,1,70,,299351,26,,,1,30,,299352,26,,,1,70,,299353,26,,,1,30,,299354,26,,,1,68,,299365,26,,,1,100,,299356,26,,,1,100,,299357,26,,,1
91701,'917-Weekday-6-26-09-1111100',514,,299371,26,,,1,30,,299372,26,,,1,70,,299405,26,,,1,31,,299407,26,,,1,70,,299406,26,,,1,30,,299373,26,,,1,70,,299401,26,,,1,30,,299374,26,,,1,70,,299409,26,,,1,30,,299375,26,,,1,70,,299376,26,,,1,30,,299377,26,,,1,70,,299378,26,,,1,30,,299379,26,,,1,70,,299380,26,,,1,30,,299381,26,,,1,70,,299382,26,,,1,30,,299383,26,,,1,70,,299384,26,,,1,30,,299385,26,,,1,76,,299386,26,,,1,15,,299413,26,,,1,15,,299404,26,,,1,55,,299387,26,,,1,15,,299412,26,,,1,15,,299388,26,,,1,15,,299402,26,,,1,55,,299389,26,,,1,15,,299411,26,,,1,15,,299390,26,,,1,15,,299403,26,,,1,55,,299410,26,,,1,15,,299398,26,,,1,26,,299391,26,,,1,69,,299392,26,,,1,30,,299393,26,,,1,70,,299394,26,,,1,30,,299395,26,,,1,70,,299396,26,,,1,30,,299397,26,,,1,68,,299408,26,,,1,100,,299399,26,,,1,100,,299400,26,,,1
91701,'917-Weekday-7-26-09-1111100',514,,299414,26,,,1,30,,299415,26,,,1,70,,299448,26,,,1,31,,299450,26,,,1,70,,299449,26,,,1,30,,299416,26,,,1,70,,299444,26,,,1,30,,299417,26,,,1,70,,299452,26,,,1,30,,299418,26,,,1,70,,299419,26,,,1,30,,299420,26,,,1,70,,299421,26,,,1,30,,299422,26,,,1,70,,299423,26,,,1,30,,299424,26,,,1,70,,299425,26,,,1,30,,299426,26,,,1,70,,299427,26,,,1,30,,299428,26,,,1,76,,299429,26,,,1,15,,299456,26,,,1,15,,299447,26,,,1,55,,299430,26,,,1,15,,299455,26,,,1,15,,299431,26,,,1,15,,299445,26,,,1,55,,299432,26,,,1,15,,299454,26,,,1,15,,299433,26,,,1,15,,299446,26,,,1,55,,299453,26,,,1,15,,299441,26,,,1,26,,299434,26,,,1,69,,299435,26,,,1,30,,299436,26,,,1,70,,299437,26,,,1,30,,299438,26,,,1,70,,299439,26,,,1,30,,299440,26,,,1,68,,299451,26,,,1,100,,299442,26,,,1,100,,299443,26,,,1
91701,'917-Saturday-1-26-09-0000010',638,,299457,26,,,1,100,,299458,26,,,1,70,,299469,26,,,1,30,,299470,26,,,1,72,,299459,26,,,1,31,,299460,26,,,1,70,,299461,26,,,1,30,,299462,26,,,1,70,,299463,26,,,1,30,,299464,26,,,1,70,,299465,26,,,1,32,,299471,26,,,1,70,,299472,26,,,1,30,,299473,26,,,1,70,,299474,26,,,1,30,,299475,26,,,1,70,,299476,26,,,1,30,,299477,26,,,1,70,,299478,26,,,1,30,,299479,26,,,1,70,,299480,26,,,1,30,,299481,26,,,1,70,,299482,26,,,1,30,,299483,26,,,1,70,,299484,26,,,1,100,,299466,26,,,1,100,,299467,26,,,1,100,,299468,26,,,1
91701,'917-Sunday-1-26-09-0000001',635,,299485,26,,,1,100,,299486,26,,,1,100,,299487,26,,,1,103,,299488,26,,,1,103,,299489,26,,,1,70,,299490,26,,,1,30,,299491,26,,,1,70,,299492,26,,,1,30,,299493,26,,,1,70,,299494,26,,,1,30,,299495,26,,,1,70,,299496,26,,,1,30,,299497,26,,,1,70,,299498,26,,,1,30,,299499,26,,,1,70,,299500,26,,,1,30,,299501,26,,,1,69,,299502,26,,,1,31,,299508,26,,,1,70,,299507,26,,,1,30,,299503,26,,,1,70,,299504,26,,,1,30,,299505,26,,,1,100,,299506,26,,,1
24093000,'930X-Weekday-1-26-09-1111100',610,,311232,17,,,1,30,,311233,17,,,1,12,,311240,17,,,1,52,,311234,17,,,1,12,,311236,17,,,1,12,,311241,17,,,1,12,,311235,17,,,1,12,,311242,17,,,1,52,,311231,17,,,1,12,,311237,17,,,1,12,,311243,17,,,1,12,,311230,17,,,1,12,,311244,17,,,1,52,,311238,17,,,1,12,,311239,17,,,1
24093000,'930X-Weekday-3-26-09-1111100',610,,311262,17,,,1,30,,311263,17,,,1,12,,311270,17,,,1,52,,311264,17,,,1,12,,311266,17,,,1,12,,311271,17,,,1,12,,311265,17,,,1,12,,311272,17,,,1,52,,311261,17,,,1,12,,311267,17,,,1,12,,311273,17,,,1,12,,311260,17,,,1,12,,311274,17,,,1,52,,311268,17,,,1,12,,311269,17,,,1
24093000,'930X-Weekday-4-26-09-1111100',610,,311277,17,,,1,30,,311278,17,,,1,12,,311285,17,,,1,52,,311279,17,,,1,12,,311281,17,,,1,12,,311286,17,,,1,12,,311280,17,,,1,12,,311287,17,,,1,52,,311276,17,,,1,12,,311282,17,,,1,12,,311288,17,,,1,12,,311275,17,,,1,12,,311289,17,,,1,52,,311283,17,,,1,12,,311284,17,,,1
24093000,'930X-Weekday-5-26-09-1111100',610,,311292,17,,,1,30,,311293,17,,,1,12,,311300,17,,,1,52,,311294,17,,,1,12,,311296,17,,,1,12,,311301,17,,,1,12,,311295,17,,,1,12,,311302,17,,,1,52,,311291,17,,,1,12,,311297,17,,,1,12,,311303,17,,,1,12,,311290,17,,,1,12,,311304,17,,,1,52,,311298,17,,,1,12,,311299,17,,,1
24093000,'930X-Weekday-6-26-09-1111100',610,,311307,17,,,1,30,,311308,17,,,1,12,,311315,17,,,1,52,,311309,17,,,1,12,,311311,17,,,1,12,,311316,17,,,1,12,,311310,17,,,1,12,,311317,17,,,1,52,,311306,17,,,1,12,,311312,17,,,1,12,,311318,17,,,1,12,,311305,17,,,1,12,,311319,17,,,1,52,,311313,17,,,1,12,,311314,17,,,1
24093000,'930X-Weekday-7-26-09-1111100',610,,311322,17,,,1,30,,311323,17,,,1,12,,311330,17,,,1,52,,311324,17,,,1,12,,311326,17,,,1,12,,311331,17,,,1,12,,311325,17,,,1,12,,311332,17,,,1,52,,311321,17,,,1,12,,311327,17,,,1,12,,311333,17,,,1,12,,311320,17,,,1,12,,311334,17,,,1,52,,311328,17,,,1,12,,311329,17,,,1
