50100,'501-Weekday-1-26-09-1111100',621,,261287,34,,,1,35,,261288,34,,,1,70,,261320,34,,,1,15,,261289,34,,,1,15,,261317,34,,,1,55,,261290,34,,,1,15,,261323,34,,,1,15,,261291,34,,,1,15,,261324,34,,,1,73,,261293,34,,,1,74,,261294,34,,,1,34,,261295,34,,,1,74,,261296,34,,,1,34,,261297,34,,,1,74,,261298,34,,,1,34,,261299,34,,,1,74,,261300,34,,,1,74,,261301,34,,,1,34,,261322,34,,,1,76,,261321,34,,,1,17,,261318,34,,,1,15,,261302,34,,,1,15,,261303,34,,,1,55,,261304,34,,,1,15,,261319,34,,,1,15,,261306,34,,,1,15,,261305,34,,,1,55,,261308,34,,,1,15,,261325,34,,,1,15,,261326,34,,,1,15,,261327,34,,,1,69,,261309,34,,,1,27,,261310,34,,,1,71,,261311,34,,,1,31,,261312,34,,,1,71,,261313,34,,,1,31,,261314,34,,,1,71,,261315,34,,,1,30,,261316,34,,,1,98,,261307,34,,,1,100,,261292,34,,,1
50100,'501-Weekday-3-26-09-1111100',621,,261369,34,,,1,35,,261370,34,,,1,70,,261402,34,,,1,15,,261371,34,,,1,15,,261399,34,,,1,55,,261372,34,,,1,15,,261405,34,,,1,15,,261373,34,,,1,15,,261406,34,,,1,73,,261375,34,,,1,74,,261376,34,,,1,34,,261377,34,,,1,74,,261378,34,,,1,34,,261379,34,,,1,74,,261380,34,,,1,34,,261381,34,,,1,74,,261382,34,,,1,74,,261383,34,,,1,34,,261404,34,,,1,76,,261403,34,,,1,17,,261400,34,,,1,15,,261384,34,,,1,15,,261385,34,,,1,55,,261386,34,,,1,15,,261401,34,,,1,15,,261388,34,,,1,15,,261387,34,,,1,55,,261390,34,,,1,15,,261407,34,,,1,15,,261408,34,,,1,15,,261409,34,,,1,69,,261391,34,,,1,27,,261392,34,,,1,71,,261393,34,,,1,31,,261394,34,,,1,71,,261395,34,,,1,31,,261396,34,,,1,71,,261397,34,,,1,30,,261398,34,,,1,98,,261389,34,,,1,100,,261374,34,,,1
50100,'501-Weekday-4-26-09-1111100',621,,261410,34,,,1,35,,261411,34,,,1,70,,261443,34,,,1,15,,261412,34,,,1,15,,261440,34,,,1,55,,261413,34,,,1,15,,261446,34,,,1,15,,261414,34,,,1,15,,261447,34,,,1,73,,261416,34,,,1,74,,261417,34,,,1,34,,261418,34,,,1,74,,261419,34,,,1,34,,261420,34,,,1,74,,261421,34,,,1,34,,261422,34,,,1,74,,261423,34,,,1,74,,261424,34,,,1,34,,261445,34,,,1,76,,261444,34,,,1,17,,261441,34,,,1,15,,261425,34,,,1,15,,261426,34,,,1,55,,261427,34,,,1,15,,261442,34,,,1,15,,261429,34,,,1,15,,261428,34,,,1,55,,261431,34,,,1,15,,261448,34,,,1,15,,261449,34,,,1,15,,261450,34,,,1,69,,261432,34,,,1,27,,261433,34,,,1,71,,261434,34,,,1,31,,261435,34,,,1,71,,261436,34,,,1,31,,261437,34,,,1,71,,261438,34,,,1,30,,261439,34,,,1,98,,261430,34,,,1,100,,261415,34,,,1
50100,'501-Weekday-5-26-09-1111100',621,,261451,34,,,1,35,,261452,34,,,1,70,,261484,34,,,1,15,,261453,34,,,1,15,,261481,34,,,1,55,,261454,34,,,1,15,,261487,34,,,1,15,,261455,34,,,1,15,,261488,34,,,1,73,,261457,34,,,1,74,,261458,34,,,1,34,,261459,34,,,1,74,,261460,34,,,1,34,,261461,34,,,1,74,,261462,34,,,1,34,,261463,34,,,1,74,,261464,34,,,1,74,,261465,34,,,1,34,,261486,34,,,1,76,,261485,34,,,1,17,,261482,34,,,1,15,,261466,34,,,1,15,,261467,34,,,1,55,,261468,34,,,1,15,,261483,34,,,1,15,,261470,34,,,1,15,,261469,34,,,1,55,,261472,34,,,1,15,,261489,34,,,1,15,,261490,34,,,1,15,,261491,34,,,1,69,,261473,34,,,1,27,,261474,34,,,1,71,,261475,34,,,1,31,,261476,34,,,1,71,,261477,34,,,1,31,,261478,34,,,1,71,,261479,34,,,1,30,,261480,34,,,1,98,,261471,34,,,1,100,,261456,34,,,1
50100,'501-Weekday-6-26-09-1111100',621,,261492,34,,,1,35,,261493,34,,,1,70,,261525,34,,,1,15,,261494,34,,,1,15,,261522,34,,,1,55,,261495,34,,,1,15,,261528,34,,,1,15,,261496,34,,,1,15,,261529,34,,,1,73,,261498,34,,,1,74,,261499,34,,,1,34,,261500,34,,,1,74,,261501,34,,,1,34,,261502,34,,,1,74,,261503,34,,,1,34,,261504,34,,,1,74,,261505,34,,,1,74,,261506,34,,,1,34,,261527,34,,,1,76,,261526,34,,,1,17,,261523,34,,,1,15,,261507,34,,,1,15,,261508,34,,,1,55,,261509,34,,,1,15,,261524,34,,,1,15,,261511,34,,,1,15,,261510,34,,,1,55,,261513,34,,,1,15,,261530,34,,,1,15,,261531,34,,,1,15,,261532,34,,,1,69,,261514,34,,,1,27,,261515,34,,,1,71,,261516,34,,,1,31,,261517,34,,,1,71,,261518,34,,,1,31,,261519,34,,,1,71,,261520,34,,,1,30,,261521,34,,,1,98,,261512,34,,,1,100,,261497,34,,,1
50100,'501-Weekday-7-26-09-1111100',621,,261533,34,,,1,35,,261534,34,,,1,70,,261566,34,,,1,15,,261535,34,,,1,15,,261563,34,,,1,55,,261536,34,,,1,15,,261569,34,,,1,15,,261537,34,,,1,15,,261570,34,,,1,73,,261539,34,,,1,74,,261540,34,,,1,34,,261541,34,,,1,74,,261542,34,,,1,34,,261543,34,,,1,74,,261544,34,,,1,34,,261545,34,,,1,74,,261546,34,,,1,74,,261547,34,,,1,34,,261568,34,,,1,76,,261567,34,,,1,17,,261564,34,,,1,15,,261548,34,,,1,15,,261549,34,,,1,55,,261550,34,,,1,15,,261565,34,,,1,15,,261552,34,,,1,15,,261551,34,,,1,55,,261554,34,,,1,15,,261571,34,,,1,15,,261572,34,,,1,15,,261573,34,,,1,69,,261555,34,,,1,27,,261556,34,,,1,71,,261557,34,,,1,31,,261558,34,,,1,71,,261559,34,,,1,31,,261560,34,,,1,71,,261561,34,,,1,30,,261562,34,,,1,98,,261553,34,,,1,100,,261538,34,,,1
50100,'501-Saturday-1-26-09-0000010',621,,261596,34,,,1,100,,261597,34,,,1,100,,261574,34,,,1,30,,261575,34,,,1,72,,261576,34,,,1,32,,261577,34,,,1,72,,261578,34,,,1,32,,261579,34,,,1,72,,261580,34,,,1,72,,261581,34,,,1,32,,261582,34,,,1,72,,261583,34,,,1,32,,261584,34,,,1,72,,261585,34,,,1,32,,261586,34,,,1,72,,261587,34,,,1,32,,261588,34,,,1,72,,261589,34,,,1,32,,261590,34,,,1,72,,261591,34,,,1,32,,261592,34,,,1,72,,261593,34,,,1,32,,261594,34,,,1,72,,261595,34,,,1
50100,'501-Sunday-1-26-09-0000001',629,,261598,34,,,1,100,,261599,34,,,1,100,,261600,34,,,1,101,,261601,34,,,1,100,,261602,34,,,1,70,,261603,34,,,1,30,,261604,34,,,1,70,,261605,34,,,1,30,,261606,34,,,1,70,,261607,34,,,1,30,,261608,34,,,1,70,,261609,34,,,1,30,,261610,34,,,1,70,,261611,34,,,1,30,,261612,34,,,1,70,,261613,34,,,1,30,,261614,34,,,1,70,,261615,34,,,1,30,,261616,34,,,1,70,,261617,34,,,1,30,,261618,34,,,1,70,,261619,34,,,1,30,,261620,34,,,1
63000,'630-Weekday-1-26-09-1111100',807,,273542,46,,,1
63000,'630-Weekday-4-26-09-1111100',807,,273544,46,,,1
63000,'630-Weekday-7-26-09-1111100',807,,273545,46,,,1
63100,'631-Weekday-1-26-09-1111100',807,,273550,40,,,1
63100,'631-Weekday-4-26-09-1111100',807,,273552,40,,,1
63100,'631-Weekday-7-26-09-1111100',807,,273553,40,,,1
