801,'008-Weekday-1-26-06-1111100',511,,165532,33,,,1,20,,165533,33,,,1,20,,165534,33,,,1,60,,165535,33,,,1,20,,165536,33,,,1,19,,165537,33,,,1,56,,165607,33,,,1,15,,165606,33,,,1,15,,165538,33,,,1,15,,165539,33,,,1,55,,165540,33,,,1,15,,165604,33,,,1,15,,165541,33,,,1,15,,165542,33,,,1,55,,165543,33,,,1,15,,165544,33,,,1,15,,165545,33,,,1,15,,165546,33,,,1,55,,165547,33,,,1,15,,165548,33,,,1,15,,165549,33,,,1,15,,165550,33,,,1,55,,165551,33,,,1,15,,165552,33,,,1,15,,165553,33,,,1,15,,165554,33,,,1,55,,165555,33,,,1,15,,165556,33,,,1,15,,165557,33,,,1,15,,165558,33,,,1,55,,165559,33,,,1,15,,165560,33,,,1,15,,165561,33,,,1,15,,165562,33,,,1,55,,165563,33,,,1,15,,165564,33,,,1,12,,165565,33,,,1,12,,165566,33,,,1,12,,165567,33,,,1,54,,165568,33,,,1,14,,165569,33,,,1,13,,165570,33,,,1,12,,165571,33,,,1,52,,165572,33,,,1,12,,165573,33,,,1,12,,165574,33,,,1,12,,165575,33,,,1,12,,165576,33,,,1,52,,165577,33,,,1,12,,165578,33,,,1,12,,165579,33,,,1,15,,165580,33,,,1,15,,165581,33,,,1,55,,165582,33,,,1,15,,165583,33,,,1,12,,165584,33,,,1,12,,165585,33,,,1,54,,165586,33,,,1,15,,165587,33,,,1,15,,165588,33,,,1,15,,165589,33,,,1,55,,165590,33,,,1,15,,165591,33,,,1,15,,165592,33,,,1,15,,165593,33,,,1,55,,165594,33,,,1,15,,165595,33,,,1,15,,165596,33,,,1,15,,165597,33,,,1,54,,165598,33,,,1,18,,165605,33,,,1,20,,165599,33,,,1,60,,165600,33,,,1,20,,165601,33,,,1,20,,165602,33,,,1,60,,165603,33,,,1,15,,165526,33,,,1,30,,165527,33,,,1,70,,165528,33,,,1,30,,165529,33,,,1,70,,165530,33,,,1,30,,165531,33,,,1
801,'008-Weekday-4-26-06-1111100',511,,190825,33,,,1,20,,190826,33,,,1,20,,190827,33,,,1,60,,190828,33,,,1,20,,190829,33,,,1,19,,190830,33,,,1,56,,190900,33,,,1,15,,190899,33,,,1,15,,190831,33,,,1,15,,190832,33,,,1,55,,190833,33,,,1,15,,190897,33,,,1,15,,190834,33,,,1,15,,190835,33,,,1,55,,190836,33,,,1,15,,190837,33,,,1,15,,190838,33,,,1,15,,190839,33,,,1,55,,190840,33,,,1,15,,190841,33,,,1,15,,190842,33,,,1,15,,190843,33,,,1,55,,190844,33,,,1,15,,190845,33,,,1,15,,190846,33,,,1,15,,190847,33,,,1,55,,190848,33,,,1,15,,190849,33,,,1,15,,190850,33,,,1,15,,190851,33,,,1,55,,190852,33,,,1,15,,190853,33,,,1,15,,190854,33,,,1,15,,190855,33,,,1,55,,190856,33,,,1,15,,190857,33,,,1,12,,190858,33,,,1,12,,190859,33,,,1,12,,190860,33,,,1,54,,190861,33,,,1,14,,190862,33,,,1,13,,190863,33,,,1,12,,190864,33,,,1,52,,190865,33,,,1,12,,190866,33,,,1,12,,190867,33,,,1,12,,190868,33,,,1,12,,190869,33,,,1,52,,190870,33,,,1,12,,190871,33,,,1,12,,190872,33,,,1,15,,190873,33,,,1,15,,190874,33,,,1,55,,190875,33,,,1,15,,190876,33,,,1,12,,190877,33,,,1,12,,190878,33,,,1,54,,190879,33,,,1,15,,190880,33,,,1,15,,190881,33,,,1,15,,190882,33,,,1,55,,190883,33,,,1,15,,190884,33,,,1,15,,190885,33,,,1,15,,190886,33,,,1,55,,190887,33,,,1,15,,190888,33,,,1,15,,190889,33,,,1,15,,190890,33,,,1,54,,190891,33,,,1,18,,190898,33,,,1,20,,190892,33,,,1,60,,190893,33,,,1,20,,190894,33,,,1,20,,190895,33,,,1,60,,190896,33,,,1,15,,190819,33,,,1,30,,190820,33,,,1,70,,190821,33,,,1,30,,190822,33,,,1,70,,190823,33,,,1,30,,190824,33,,,1
801,'008-Saturday-1-26-06-0000010',545,,165690,33,,,1,60,,165691,33,,,1,20,,165692,33,,,1,20,,165693,33,,,1,60,,165694,33,,,1,20,,165695,33,,,1,20,,165696,33,,,1,60,,165697,33,,,1,20,,165698,33,,,1,19,,165699,33,,,1,15,,165700,33,,,1,58,,165701,33,,,1,16,,165702,33,,,1,15,,165703,33,,,1,55,,165704,33,,,1,15,,165705,33,,,1,15,,165706,33,,,1,15,,165707,33,,,1,55,,165708,33,,,1,15,,165709,33,,,1,15,,165710,33,,,1,15,,165711,33,,,1,55,,165712,33,,,1,15,,165713,33,,,1,15,,165714,33,,,1,15,,165715,33,,,1,55,,165716,33,,,1,15,,165717,33,,,1,15,,165718,33,,,1,15,,165719,33,,,1,55,,165720,33,,,1,15,,165721,33,,,1,15,,165722,33,,,1,15,,165723,33,,,1,55,,165724,33,,,1,15,,165725,33,,,1,15,,165726,33,,,1,15,,165727,33,,,1,55,,165728,33,,,1,15,,165729,33,,,1,15,,165730,33,,,1,16,,165731,33,,,1,55,,165732,33,,,1,13,,165733,33,,,1,17,,165734,33,,,1,16,,165735,33,,,1,56,,165736,33,,,1,16,,165737,33,,,1,15,,165738,33,,,1,15,,165739,33,,,1,55,,165740,33,,,1,15,,165742,33,,,1,15,,165743,33,,,1,15,,165744,33,,,1,55,,165741,33,,,1,15,,165745,33,,,1,15,,165746,33,,,1,15,,165747,33,,,1,55,,165748,33,,,1,15,,165750,33,,,1,15,,165751,33,,,1,15,,165752,33,,,1,55,,165749,33,,,1,21,,165753,33,,,1,21,,165754,33,,,1,61,,165755,33,,,1,20,,165756,33,,,1,20,,165757,33,,,1,66,,165758,33,,,1,30,,165759,33,,,1,70,,165760,33,,,1,30,,165761,33,,,1,70,,165762,33,,,1,30,,165763,33,,,1
801,'008-Saturday-5-26-06-0000010',545,,207258,33,,,1,60,,207259,33,,,1,20,,207260,33,,,1,20,,207261,33,,,1,60,,207262,33,,,1,20,,207263,33,,,1,20,,207264,33,,,1,60,,207265,33,,,1,20,,207266,33,,,1,19,,207267,33,,,1,15,,207268,33,,,1,58,,207269,33,,,1,16,,207270,33,,,1,15,,207271,33,,,1,55,,207272,33,,,1,15,,207273,33,,,1,15,,207274,33,,,1,15,,207275,33,,,1,55,,207276,33,,,1,15,,207277,33,,,1,15,,207278,33,,,1,15,,207279,33,,,1,55,,207280,33,,,1,15,,207281,33,,,1,15,,207282,33,,,1,15,,207283,33,,,1,55,,207284,33,,,1,15,,207285,33,,,1,15,,207286,33,,,1,15,,207287,33,,,1,55,,207288,33,,,1,15,,207289,33,,,1,15,,207290,33,,,1,15,,207291,33,,,1,55,,207292,33,,,1,15,,207293,33,,,1,15,,207294,33,,,1,15,,207295,33,,,1,55,,207296,33,,,1,15,,207297,33,,,1,15,,207298,33,,,1,16,,207299,33,,,1,55,,207300,33,,,1,13,,207301,33,,,1,17,,207302,33,,,1,16,,207303,33,,,1,56,,207304,33,,,1,16,,207305,33,,,1,15,,207306,33,,,1,15,,207307,33,,,1,55,,207308,33,,,1,15,,207310,33,,,1,15,,207311,33,,,1,15,,207312,33,,,1,55,,207309,33,,,1,15,,207313,33,,,1,15,,207314,33,,,1,15,,207315,33,,,1,55,,207316,33,,,1,15,,207318,33,,,1,15,,207319,33,,,1,15,,207320,33,,,1,55,,207317,33,,,1,21,,207321,33,,,1,21,,207322,33,,,1,61,,207323,33,,,1,20,,207324,33,,,1,20,,207325,33,,,1,66,,207326,33,,,1,30,,207327,33,,,1,70,,207328,33,,,1,30,,207329,33,,,1,70,,207330,33,,,1,30,,207331,33,,,1
801,'008-Sunday-4-26-06-0000001',555,,190901,33,,,1,60,,190902,33,,,1,20,,190903,33,,,1,20,,190904,33,,,1,60,,190905,33,,,1,20,,190906,33,,,1,20,,190907,33,,,1,60,,190908,33,,,1,20,,190909,33,,,1,17,,190910,33,,,1,58,,190911,33,,,1,16,,190912,33,,,1,15,,190913,33,,,1,15,,190914,33,,,1,55,,190963,33,,,1,15,,190915,33,,,1,15,,190916,33,,,1,15,,190917,33,,,1,55,,190918,33,,,1,15,,190919,33,,,1,15,,190920,33,,,1,15,,190921,33,,,1,55,,190922,33,,,1,15,,190923,33,,,1,15,,190924,33,,,1,15,,190925,33,,,1,55,,190926,33,,,1,15,,190927,33,,,1,15,,190928,33,,,1,15,,190929,33,,,1,55,,190930,33,,,1,15,,190931,33,,,1,15,,190932,33,,,1,15,,190933,33,,,1,55,,190934,33,,,1,15,,190935,33,,,1,15,,190936,33,,,1,15,,190937,33,,,1,55,,190938,33,,,1,15,,190939,33,,,1,16,,190940,33,,,1,14,,190941,33,,,1,54,,190942,33,,,1,15,,190943,33,,,1,16,,190944,33,,,1,15,,190945,33,,,1,55,,190946,33,,,1,15,,190947,33,,,1,15,,190948,33,,,1,15,,190949,33,,,1,54,,190950,33,,,1,15,,190951,33,,,1,16,,190972,33,,,1,60,,190971,33,,,1,20,,190970,33,,,1,20,,190969,33,,,1,60,,190965,33,,,1,20,,190968,33,,,1,20,,190967,33,,,1,60,,190966,33,,,1,21,,190952,33,,,1,20,,190953,33,,,1,60,,190954,33,,,1,20,,190962,33,,,1,20,,190955,33,,,1,17,,190956,33,,,1,60,,190964,33,,,1,30,,190957,33,,,1,70,,190958,33,,,1,30,,190959,33,,,1,70,,190960,33,,,1,30,,190961,33,,,1
801,'008-Sunday-5-26-06-0000001',555,,207332,33,,,1,60,,207333,33,,,1,20,,207334,33,,,1,20,,207335,33,,,1,60,,207336,33,,,1,20,,207337,33,,,1,20,,207338,33,,,1,60,,207339,33,,,1,20,,207340,33,,,1,17,,207341,33,,,1,58,,207342,33,,,1,16,,207343,33,,,1,15,,207344,33,,,1,15,,207345,33,,,1,55,,207394,33,,,1,15,,207346,33,,,1,15,,207347,33,,,1,15,,207348,33,,,1,55,,207349,33,,,1,15,,207350,33,,,1,15,,207351,33,,,1,15,,207352,33,,,1,55,,207353,33,,,1,15,,207354,33,,,1,15,,207355,33,,,1,15,,207356,33,,,1,55,,207357,33,,,1,15,,207358,33,,,1,15,,207359,33,,,1,15,,207360,33,,,1,55,,207361,33,,,1,15,,207362,33,,,1,15,,207363,33,,,1,15,,207364,33,,,1,55,,207365,33,,,1,15,,207366,33,,,1,15,,207367,33,,,1,15,,207368,33,,,1,55,,207369,33,,,1,15,,207370,33,,,1,16,,207371,33,,,1,14,,207372,33,,,1,54,,207373,33,,,1,15,,207374,33,,,1,16,,207375,33,,,1,15,,207376,33,,,1,55,,207377,33,,,1,15,,207378,33,,,1,15,,207379,33,,,1,15,,207380,33,,,1,54,,207381,33,,,1,15,,207382,33,,,1,16,,207403,33,,,1,60,,207402,33,,,1,20,,207401,33,,,1,20,,207400,33,,,1,60,,207396,33,,,1,20,,207399,33,,,1,20,,207398,33,,,1,60,,207397,33,,,1,21,,207383,33,,,1,20,,207384,33,,,1,60,,207385,33,,,1,20,,207393,33,,,1,20,,207386,33,,,1,17,,207387,33,,,1,60,,207395,33,,,1,30,,207388,33,,,1,70,,207389,33,,,1,30,,207390,33,,,1,70,,207391,33,,,1,30,,207392,33,,,1
801,'008-Sunday-8-26-06-0000001',555,,207404,33,,,1,60,,207405,33,,,1,20,,207406,33,,,1,20,,207407,33,,,1,60,,207408,33,,,1,20,,207409,33,,,1,20,,207410,33,,,1,60,,207411,33,,,1,20,,207412,33,,,1,17,,207413,33,,,1,58,,207414,33,,,1,16,,207415,33,,,1,15,,207416,33,,,1,15,,207417,33,,,1,55,,207466,33,,,1,15,,207418,33,,,1,15,,207419,33,,,1,15,,207420,33,,,1,55,,207421,33,,,1,15,,207422,33,,,1,15,,207423,33,,,1,15,,207424,33,,,1,55,,207425,33,,,1,15,,207426,33,,,1,15,,207427,33,,,1,15,,207428,33,,,1,55,,207429,33,,,1,15,,207430,33,,,1,15,,207431,33,,,1,15,,207432,33,,,1,55,,207433,33,,,1,15,,207434,33,,,1,15,,207435,33,,,1,15,,207436,33,,,1,55,,207437,33,,,1,15,,207438,33,,,1,15,,207439,33,,,1,15,,207440,33,,,1,55,,207441,33,,,1,15,,207442,33,,,1,16,,207443,33,,,1,14,,207444,33,,,1,54,,207445,33,,,1,15,,207446,33,,,1,16,,207447,33,,,1,15,,207448,33,,,1,55,,207449,33,,,1,15,,207450,33,,,1,15,,207451,33,,,1,15,,207452,33,,,1,54,,207453,33,,,1,15,,207454,33,,,1,16,,207475,33,,,1,60,,207474,33,,,1,20,,207473,33,,,1,20,,207472,33,,,1,60,,207468,33,,,1,20,,207471,33,,,1,20,,207470,33,,,1,60,,207469,33,,,1,21,,207455,33,,,1,20,,207456,33,,,1,60,,207457,33,,,1,20,,207465,33,,,1,20,,207458,33,,,1,17,,207459,33,,,1,60,,207467,33,,,1,30,,207460,33,,,1,70,,207461,33,,,1,30,,207462,33,,,1,70,,207463,33,,,1,30,,207464,33,,,1
801,'008-Sunday-9-26-06-0000001',555,,207476,33,,,1,60,,207477,33,,,1,20,,207478,33,,,1,20,,207479,33,,,1,60,,207480,33,,,1,20,,207481,33,,,1,20,,207482,33,,,1,60,,207483,33,,,1,20,,207484,33,,,1,17,,207485,33,,,1,58,,207486,33,,,1,16,,207487,33,,,1,15,,207488,33,,,1,15,,207489,33,,,1,55,,207538,33,,,1,15,,207490,33,,,1,15,,207491,33,,,1,15,,207492,33,,,1,55,,207493,33,,,1,15,,207494,33,,,1,15,,207495,33,,,1,15,,207496,33,,,1,55,,207497,33,,,1,15,,207498,33,,,1,15,,207499,33,,,1,15,,207500,33,,,1,55,,207501,33,,,1,15,,207502,33,,,1,15,,207503,33,,,1,15,,207504,33,,,1,55,,207505,33,,,1,15,,207506,33,,,1,15,,207507,33,,,1,15,,207508,33,,,1,55,,207509,33,,,1,15,,207510,33,,,1,15,,207511,33,,,1,15,,207512,33,,,1,55,,207513,33,,,1,15,,207514,33,,,1,16,,207515,33,,,1,14,,207516,33,,,1,54,,207517,33,,,1,15,,207518,33,,,1,16,,207519,33,,,1,15,,207520,33,,,1,55,,207521,33,,,1,15,,207522,33,,,1,15,,207523,33,,,1,15,,207524,33,,,1,54,,207525,33,,,1,15,,207526,33,,,1,16,,207547,33,,,1,60,,207546,33,,,1,20,,207545,33,,,1,20,,207544,33,,,1,60,,207540,33,,,1,20,,207543,33,,,1,20,,207542,33,,,1,60,,207541,33,,,1,21,,207527,33,,,1,20,,207528,33,,,1,60,,207529,33,,,1,20,,207537,33,,,1,20,,207530,33,,,1,17,,207531,33,,,1,60,,207539,33,,,1,30,,207532,33,,,1,70,,207533,33,,,1,30,,207534,33,,,1,70,,207535,33,,,1,30,,207536,33,,,1
10201,'102-Weekday-1-26-06-1111100',604,,170049,48,,,1,31,,170022,48,,,1,69,,170023,48,,,1,20,,170024,48,,,1,20,,170050,48,,,1,60,,170025,48,,,1,20,,170026,48,,,1,20,,170048,48,,,1,60,,170027,48,,,1,20,,170047,48,,,1,23,,170040,48,,,1,70,,170028,48,,,1,30,,170029,48,,,1,70,,170030,48,,,1,30,,170031,48,,,1,70,,170032,48,,,1,30,,170033,48,,,1,70,,170034,48,,,1,30,,170035,48,,,1,70,,170036,48,,,1,30,,170037,48,,,1,71,,170038,48,,,1,31,,170039,48,,,1,74,,170046,48,,,1,30,,170045,48,,,1,70,,170044,48,,,1,30,,170043,48,,,1,70,,170042,48,,,1,26,,170041,48,,,1,69,,170057,48,,,1,28,,170051,48,,,1,70,,170052,48,,,1,30,,170053,48,,,1,70,,170054,48,,,1,30,,170055,48,,,1,69,,170056,48,,,1
10201,'102-Weekday-2-26-06-1111100',604,,192624,48,,,1,31,,192597,48,,,1,69,,192598,48,,,1,20,,192599,48,,,1,20,,192625,48,,,1,60,,192600,48,,,1,20,,192601,48,,,1,20,,192623,48,,,1,60,,192602,48,,,1,20,,192622,48,,,1,23,,192615,48,,,1,70,,192603,48,,,1,30,,192604,48,,,1,70,,192605,48,,,1,30,,192606,48,,,1,70,,192607,48,,,1,30,,192608,48,,,1,70,,192609,48,,,1,30,,192610,48,,,1,70,,192611,48,,,1,30,,192612,48,,,1,71,,192613,48,,,1,31,,192614,48,,,1,74,,192621,48,,,1,30,,192620,48,,,1,70,,192619,48,,,1,30,,192618,48,,,1,70,,192617,48,,,1,26,,192616,48,,,1,69,,192632,48,,,1,28,,192626,48,,,1,70,,192627,48,,,1,30,,192628,48,,,1,70,,192629,48,,,1,30,,192630,48,,,1,69,,192631,48,,,1
10201,'102-Saturday-1-26-06-0000010',631,,170058,48,,,1,100,,170059,48,,,1,100,,170060,48,,,1,77,,170061,48,,,1,33,,170062,48,,,1,73,,170063,48,,,1,32,,170064,48,,,1,70,,170065,48,,,1,30,,170066,48,,,1,70,,170067,48,,,1,30,,170068,48,,,1,70,,170069,48,,,1,30,,170070,48,,,1,70,,170071,48,,,1,30,,170072,48,,,1,70,,170073,48,,,1,30,,170074,48,,,1,70,,170075,48,,,1,30,,170076,48,,,1,70,,170077,48,,,1,29,,170078,48,,,1,68,,170079,48,,,1,29,,170080,48,,,1,70,,170081,48,,,1,30,,170082,48,,,1
10201,'102-Saturday-2-26-06-0000010',631,,210603,48,,,1,100,,210604,48,,,1,100,,210605,48,,,1,77,,210606,48,,,1,33,,210607,48,,,1,73,,210608,48,,,1,32,,210609,48,,,1,70,,210610,48,,,1,30,,210611,48,,,1,70,,210612,48,,,1,30,,210613,48,,,1,70,,210614,48,,,1,30,,210615,48,,,1,70,,210616,48,,,1,30,,210617,48,,,1,70,,210618,48,,,1,30,,210619,48,,,1,70,,210620,48,,,1,30,,210621,48,,,1,70,,210622,48,,,1,29,,210623,48,,,1,68,,210624,48,,,1,29,,210625,48,,,1,70,,210626,48,,,1,30,,210627,48,,,1
10201,'102-Sunday-2-26-06-0000001',1044,,192633,48,,,1,70,,192634,48,,,1,30,,192635,48,,,1,70,,192636,48,,,1,30,,192637,48,,,1,70,,192638,48,,,1,30,,192639,48,,,1,70,,192640,48,,,1,30,,192641,48,,,1,70,,192642,48,,,1,30,,192643,48,,,1,70,,192644,48,,,1,30,,192645,48,,,1,70,,192646,48,,,1,29,,192647,48,,,1,70,,192648,48,,,1,30,,192649,48,,,1,70,,192650,48,,,1
10201,'102-Sunday-3-26-06-0000001',1044,,210628,48,,,1,70,,210629,48,,,1,30,,210630,48,,,1,70,,210631,48,,,1,30,,210632,48,,,1,70,,210633,48,,,1,30,,210634,48,,,1,70,,210635,48,,,1,30,,210636,48,,,1,70,,210637,48,,,1,30,,210638,48,,,1,70,,210639,48,,,1,30,,210640,48,,,1,70,,210641,48,,,1,29,,210642,48,,,1,70,,210643,48,,,1,30,,210644,48,,,1,70,,210645,48,,,1
10201,'102-Sunday-6-26-06-0000001',1044,,210646,48,,,1,70,,210647,48,,,1,30,,210648,48,,,1,70,,210649,48,,,1,30,,210650,48,,,1,70,,210651,48,,,1,30,,210652,48,,,1,70,,210653,48,,,1,30,,210654,48,,,1,70,,210655,48,,,1,30,,210656,48,,,1,70,,210657,48,,,1,30,,210658,48,,,1,70,,210659,48,,,1,29,,210660,48,,,1,70,,210661,48,,,1,30,,210662,48,,,1,70,,210663,48,,,1
10201,'102-Sunday-7-26-06-0000001',1044,,210664,48,,,1,70,,210665,48,,,1,30,,210666,48,,,1,70,,210667,48,,,1,30,,210668,48,,,1,70,,210669,48,,,1,30,,210670,48,,,1,70,,210671,48,,,1,30,,210672,48,,,1,70,,210673,48,,,1,30,,210674,48,,,1,70,,210675,48,,,1,30,,210676,48,,,1,70,,210677,48,,,1,29,,210678,48,,,1,70,,210679,48,,,1,30,,210680,48,,,1,70,,210681,48,,,1
24011001,'110X-Weekday-1-26-06-1111100',544,,186939,8,,,1,70,,186928,8,,,1,34,,186940,8,,,1,55,,186929,8,,,1,15,,186930,8,,,1,15,,186931,8,,,1,15,,186932,8,,,1,55,,186933,8,,,1,15,,186934,8,,,1,15,,186941,8,,,1,15,,186942,8,,,1,59,,186944,8,,,1,19,,186948,8,,,1,20,,186949,8,,,1,70,,186947,8,,,1,30,,186945,8,,,1,70,,186962,8,,,1,30,,186961,8,,,1,70,,186960,8,,,1,30,,186935,8,,,1,70,,186936,8,,,1,30,,186937,8,,,1,70,,186943,8,,,1,30,,186938,8,,,1,71,,186946,8,,,1,30,,186959,8,,,1,70,,186957,8,,,1,30,,186958,8,,,1,70,,186950,8,,,1,30,,186951,8,,,1,70,,186952,8,,,1,27,,186953,8,,,1,70,,186954,8,,,1,30,,186955,8,,,1,70,,186956,8,,,1
24011001,'110X-Weekday-2-26-06-1111100',544,,202875,8,,,1,70,,202864,8,,,1,34,,202876,8,,,1,55,,202865,8,,,1,15,,202866,8,,,1,15,,202867,8,,,1,15,,202868,8,,,1,55,,202869,8,,,1,15,,202870,8,,,1,15,,202877,8,,,1,15,,202878,8,,,1,59,,202880,8,,,1,19,,202884,8,,,1,20,,202885,8,,,1,70,,202883,8,,,1,30,,202881,8,,,1,70,,202898,8,,,1,30,,202897,8,,,1,70,,202896,8,,,1,30,,202871,8,,,1,70,,202872,8,,,1,30,,202873,8,,,1,70,,202879,8,,,1,30,,202874,8,,,1,71,,202882,8,,,1,30,,202895,8,,,1,70,,202893,8,,,1,30,,202894,8,,,1,70,,202886,8,,,1,30,,202887,8,,,1,70,,202888,8,,,1,27,,202889,8,,,1,70,,202890,8,,,1,30,,202891,8,,,1,70,,202892,8,,,1
24011001,'110X-Saturday-1-26-06-0000010',815,,186963,8,,,1,20,,186964,8,,,1,20,,186965,8,,,1,62,,186966,8,,,1,20,,186967,8,,,1,20,,186968,8,,,1,60,,186969,8,,,1,20,,186970,8,,,1,20,,186971,8,,,1,60,,186972,8,,,1,20,,186973,8,,,1,20,,186974,8,,,1,60,,186975,8,,,1,20,,186976,8,,,1,20,,186977,8,,,1,60,,186978,8,,,1,20,,186979,8,,,1,20,,186980,8,,,1,60,,186981,8,,,1,20,,186982,8,,,1,20,,186983,8,,,1,60,,186984,8,,,1,20,,186985,8,,,1,20,,186986,8,,,1,60,,186987,8,,,1,20,,186988,8,,,1,20,,186989,8,,,1,58,,186990,8,,,1,20,,186991,8,,,1,20,,186992,8,,,1,60,,186993,8,,,1,20,,186994,8,,,1
24011001,'110X-Saturday-2-26-06-0000010',815,,226150,8,,,1,20,,226151,8,,,1,20,,226152,8,,,1,62,,226153,8,,,1,20,,226154,8,,,1,20,,226155,8,,,1,60,,226156,8,,,1,20,,226157,8,,,1,20,,226158,8,,,1,60,,226159,8,,,1,20,,226160,8,,,1,20,,226161,8,,,1,60,,226162,8,,,1,20,,226163,8,,,1,20,,226164,8,,,1,60,,226165,8,,,1,20,,226166,8,,,1,20,,226167,8,,,1,60,,226168,8,,,1,20,,226169,8,,,1,20,,226170,8,,,1,60,,226171,8,,,1,20,,226172,8,,,1,20,,226173,8,,,1,60,,226174,8,,,1,20,,226175,8,,,1,20,,226176,8,,,1,58,,226177,8,,,1,20,,226178,8,,,1,20,,226179,8,,,1,60,,226180,8,,,1,20,,226181,8,,,1
24011001,'110X-Sunday-2-26-06-0000001',1017,,202899,8,,,1,30,,202900,8,,,1,70,,202901,8,,,1,30,,202902,8,,,1,70,,202903,8,,,1,30,,202904,8,,,1,70,,202905,8,,,1,30,,202906,8,,,1,70,,202907,8,,,1,30,,202908,8,,,1,70,,202909,8,,,1,30,,202910,8,,,1,70,,202911,8,,,1,30,,202912,8,,,1,70,,202913,8,,,1,30,,202914,8,,,1,70,,202915,8,,,1
24011001,'110X-Sunday-3-26-06-0000001',1017,,226182,8,,,1,30,,226183,8,,,1,70,,226184,8,,,1,30,,226185,8,,,1,70,,226186,8,,,1,30,,226187,8,,,1,70,,226188,8,,,1,30,,226189,8,,,1,70,,226190,8,,,1,30,,226191,8,,,1,70,,226192,8,,,1,30,,226193,8,,,1,70,,226194,8,,,1,30,,226195,8,,,1,70,,226196,8,,,1,30,,226197,8,,,1,70,,226198,8,,,1
24011001,'110X-Sunday-6-26-06-0000001',1017,,226199,8,,,1,30,,226200,8,,,1,70,,226201,8,,,1,30,,226202,8,,,1,70,,226203,8,,,1,30,,226204,8,,,1,70,,226205,8,,,1,30,,226206,8,,,1,70,,226207,8,,,1,30,,226208,8,,,1,70,,226209,8,,,1,30,,226210,8,,,1,70,,226211,8,,,1,30,,226212,8,,,1,70,,226213,8,,,1,30,,226214,8,,,1,70,,226215,8,,,1
24011001,'110X-Sunday-7-26-06-0000001',1017,,226216,8,,,1,30,,226217,8,,,1,70,,226218,8,,,1,30,,226219,8,,,1,70,,226220,8,,,1,30,,226221,8,,,1,70,,226222,8,,,1,30,,226223,8,,,1,70,,226224,8,,,1,30,,226225,8,,,1,70,,226226,8,,,1,30,,226227,8,,,1,70,,226228,8,,,1,30,,226229,8,,,1,70,,226230,8,,,1,30,,226231,8,,,1,70,,226232,8,,,1
