701,'007-Weekday-1-26-06-1111100',532,,164712,37,,,1,20,,164711,37,,,1,60,,164713,37,,,1,11,,164714,37,,,1,25,,164715,37,,,1,69,,164716,37,,,1,18,,164717,37,,,1,17,,164718,37,,,1,52,,164719,37,,,1,12,,164720,37,,,1,12,,164721,37,,,1,12,,164722,37,,,1,12,,164723,37,,,1,51,,164724,37,,,1,13,,164725,37,,,1,14,,164726,37,,,1,11,,164727,37,,,1,11,,164728,37,,,1,50,,164729,37,,,1,10,,164730,37,,,1,11,,164731,37,,,1,12,,164732,37,,,1,12,,164733,37,,,1,12,,164734,37,,,1,52,,164735,37,,,1,12,,164736,37,,,1,12,,164737,37,,,1,12,,164738,37,,,1,12,,164739,37,,,1,52,,164740,37,,,1,12,,164741,37,,,1,12,,164742,37,,,1,12,,164743,37,,,1,12,,164744,37,,,1,52,,164745,37,,,1,12,,164746,37,,,1,12,,164747,37,,,1,12,,164748,37,,,1,12,,164749,37,,,1,52,,164750,37,,,1,12,,164751,37,,,1,12,,164752,37,,,1,12,,164753,37,,,1,12,,164754,37,,,1,54,,164755,37,,,1,17,,164756,37,,,1,13,,164757,37,,,1,14,,164758,37,,,1,54,,164759,37,,,1,12,,164760,37,,,1,12,,164761,37,,,1,12,,164762,37,,,1,12,,164763,37,,,1,52,,164764,37,,,1,12,,164765,37,,,1,12,,164766,37,,,1,12,,164767,37,,,1,12,,164768,37,,,1,52,,164769,37,,,1,12,,164770,37,,,1,10,,164771,37,,,1,8,,164772,37,,,1,8,,164773,37,,,1,9,,164774,37,,,1,53,,164775,37,,,1,12,,164776,37,,,1,13,,164777,37,,,1,15,,164778,37,,,1,55,,164779,37,,,1,15,,164780,37,,,1,15,,164781,37,,,1,15,,164782,37,,,1,55,,164783,37,,,1,15,,164784,37,,,1,15,,164785,37,,,1,15,,164786,37,,,1,55,,164787,37,,,1,14,,164788,37,,,1,15,,164796,37,,,1,16,,164789,37,,,1,58,,164790,37,,,1,20,,164791,37,,,1,20,,164792,37,,,1,58,,164793,37,,,1,20,,164794,37,,,1,20,,164795,37,,,1
701,'007-Weekday-2-26-06-1111100',532,,190517,37,,,1,20,,190516,37,,,1,60,,190518,37,,,1,11,,190519,37,,,1,25,,190520,37,,,1,69,,190521,37,,,1,18,,190522,37,,,1,17,,190523,37,,,1,52,,190524,37,,,1,12,,190525,37,,,1,12,,190526,37,,,1,12,,190527,37,,,1,12,,190528,37,,,1,51,,190529,37,,,1,13,,190530,37,,,1,14,,190531,37,,,1,11,,190532,37,,,1,11,,190533,37,,,1,50,,190534,37,,,1,10,,190535,37,,,1,11,,190536,37,,,1,12,,190537,37,,,1,12,,190538,37,,,1,12,,190539,37,,,1,52,,190540,37,,,1,12,,190541,37,,,1,12,,190542,37,,,1,12,,190543,37,,,1,12,,190544,37,,,1,52,,190545,37,,,1,12,,190546,37,,,1,12,,190547,37,,,1,12,,190548,37,,,1,12,,190549,37,,,1,52,,190550,37,,,1,12,,190551,37,,,1,12,,190552,37,,,1,12,,190553,37,,,1,12,,190554,37,,,1,52,,190555,37,,,1,12,,190556,37,,,1,12,,190557,37,,,1,12,,190558,37,,,1,12,,190559,37,,,1,54,,190560,37,,,1,17,,190561,37,,,1,13,,190562,37,,,1,14,,190563,37,,,1,54,,190564,37,,,1,12,,190565,37,,,1,12,,190566,37,,,1,12,,190567,37,,,1,12,,190568,37,,,1,52,,190569,37,,,1,12,,190570,37,,,1,12,,190571,37,,,1,12,,190572,37,,,1,12,,190573,37,,,1,52,,190574,37,,,1,12,,190575,37,,,1,10,,190576,37,,,1,8,,190577,37,,,1,8,,190578,37,,,1,9,,190579,37,,,1,53,,190580,37,,,1,12,,190581,37,,,1,13,,190582,37,,,1,15,,190583,37,,,1,55,,190584,37,,,1,15,,190585,37,,,1,15,,190586,37,,,1,15,,190587,37,,,1,55,,190588,37,,,1,15,,190589,37,,,1,15,,190590,37,,,1,15,,190591,37,,,1,55,,190592,37,,,1,14,,190593,37,,,1,15,,190601,37,,,1,16,,190594,37,,,1,58,,190595,37,,,1,20,,190596,37,,,1,20,,190597,37,,,1,58,,190598,37,,,1,20,,190599,37,,,1,20,,190600,37,,,1
701,'007-Saturday-1-26-06-0000010',607,,164864,37,,,1,20,,164798,37,,,1,20,,164799,37,,,1,60,,164800,37,,,1,20,,164801,37,,,1,20,,164802,37,,,1,60,,164803,37,,,1,20,,164804,37,,,1,20,,164805,37,,,1,56,,164806,37,,,1,17,,164807,37,,,1,17,,164808,37,,,1,20,,164809,37,,,1,56,,164810,37,,,1,15,,164811,37,,,1,15,,164812,37,,,1,15,,164813,37,,,1,55,,164814,37,,,1,15,,164815,37,,,1,15,,164816,37,,,1,15,,164817,37,,,1,55,,164818,37,,,1,15,,164819,37,,,1,15,,164820,37,,,1,15,,164821,37,,,1,55,,164822,37,,,1,15,,164823,37,,,1,15,,164824,37,,,1,15,,164825,37,,,1,55,,164826,37,,,1,15,,164827,37,,,1,15,,164828,37,,,1,15,,164829,37,,,1,55,,164830,37,,,1,15,,164831,37,,,1,15,,164832,37,,,1,15,,164833,37,,,1,55,,164834,37,,,1,15,,164835,37,,,1,15,,164836,37,,,1,15,,164837,37,,,1,54,,164838,37,,,1,14,,164839,37,,,1,14,,164840,37,,,1,14,,164841,37,,,1,55,,164842,37,,,1,15,,164843,37,,,1,15,,164844,37,,,1,15,,164845,37,,,1,55,,164846,37,,,1,15,,164847,37,,,1,15,,164848,37,,,1,15,,164849,37,,,1,60,,164850,37,,,1,20,,164851,37,,,1,20,,164852,37,,,1,60,,164853,37,,,1,20,,164854,37,,,1,20,,164855,37,,,1,60,,164856,37,,,1,20,,164857,37,,,1,20,,164858,37,,,1,60,,164859,37,,,1,20,,164860,37,,,1,20,,164861,37,,,1,60,,164862,37,,,1,20,,164863,37,,,1,20,,164797,37,,,1
701,'007-Saturday-2-26-06-0000010',607,,206780,37,,,1,20,,206714,37,,,1,20,,206715,37,,,1,60,,206716,37,,,1,20,,206717,37,,,1,20,,206718,37,,,1,60,,206719,37,,,1,20,,206720,37,,,1,20,,206721,37,,,1,56,,206722,37,,,1,17,,206723,37,,,1,17,,206724,37,,,1,20,,206725,37,,,1,56,,206726,37,,,1,15,,206727,37,,,1,15,,206728,37,,,1,15,,206729,37,,,1,55,,206730,37,,,1,15,,206731,37,,,1,15,,206732,37,,,1,15,,206733,37,,,1,55,,206734,37,,,1,15,,206735,37,,,1,15,,206736,37,,,1,15,,206737,37,,,1,55,,206738,37,,,1,15,,206739,37,,,1,15,,206740,37,,,1,15,,206741,37,,,1,55,,206742,37,,,1,15,,206743,37,,,1,15,,206744,37,,,1,15,,206745,37,,,1,55,,206746,37,,,1,15,,206747,37,,,1,15,,206748,37,,,1,15,,206749,37,,,1,55,,206750,37,,,1,15,,206751,37,,,1,15,,206752,37,,,1,15,,206753,37,,,1,54,,206754,37,,,1,14,,206755,37,,,1,14,,206756,37,,,1,14,,206757,37,,,1,55,,206758,37,,,1,15,,206759,37,,,1,15,,206760,37,,,1,15,,206761,37,,,1,55,,206762,37,,,1,15,,206763,37,,,1,15,,206764,37,,,1,15,,206765,37,,,1,60,,206766,37,,,1,20,,206767,37,,,1,20,,206768,37,,,1,60,,206769,37,,,1,20,,206770,37,,,1,20,,206771,37,,,1,60,,206772,37,,,1,20,,206773,37,,,1,20,,206774,37,,,1,60,,206775,37,,,1,20,,206776,37,,,1,20,,206777,37,,,1,60,,206778,37,,,1,20,,206779,37,,,1,20,,206713,37,,,1
701,'007-Sunday-3-26-06-0000001',627,,190664,37,,,1,30,,190602,37,,,1,60,,190603,37,,,1,20,,190604,37,,,1,20,,190605,37,,,1,60,,190606,37,,,1,20,,190607,37,,,1,20,,190608,37,,,1,62,,190609,37,,,1,24,,190610,37,,,1,62,,190611,37,,,1,20,,190612,37,,,1,20,,190613,37,,,1,60,,190614,37,,,1,20,,190615,37,,,1,15,,190616,37,,,1,15,,190617,37,,,1,55,,190618,37,,,1,15,,190619,37,,,1,15,,190620,37,,,1,15,,190621,37,,,1,55,,190622,37,,,1,15,,190623,37,,,1,15,,190624,37,,,1,15,,190625,37,,,1,55,,190626,37,,,1,15,,190627,37,,,1,15,,190628,37,,,1,15,,190629,37,,,1,55,,190630,37,,,1,15,,190631,37,,,1,15,,190632,37,,,1,15,,190633,37,,,1,55,,190634,37,,,1,15,,190635,37,,,1,15,,190636,37,,,1,15,,190637,37,,,1,54,,190638,37,,,1,14,,190639,37,,,1,14,,190640,37,,,1,15,,190641,37,,,1,55,,190642,37,,,1,15,,190643,37,,,1,15,,190644,37,,,1,15,,190645,37,,,1,55,,190646,37,,,1,15,,190647,37,,,1,15,,190648,37,,,1,15,,190649,37,,,1,60,,190650,37,,,1,20,,190651,37,,,1,20,,190652,37,,,1,60,,190653,37,,,1,20,,190654,37,,,1,20,,190655,37,,,1,60,,190656,37,,,1,20,,190657,37,,,1,20,,190658,37,,,1,60,,190659,37,,,1,20,,190660,37,,,1,20,,190661,37,,,1,60,,190662,37,,,1,20,,190663,37,,,1
701,'007-Sunday-4-26-06-0000001',627,,206843,37,,,1,30,,206781,37,,,1,60,,206782,37,,,1,20,,206783,37,,,1,20,,206784,37,,,1,60,,206785,37,,,1,20,,206786,37,,,1,20,,206787,37,,,1,62,,206788,37,,,1,24,,206789,37,,,1,62,,206790,37,,,1,20,,206791,37,,,1,20,,206792,37,,,1,60,,206793,37,,,1,20,,206794,37,,,1,15,,206795,37,,,1,15,,206796,37,,,1,55,,206797,37,,,1,15,,206798,37,,,1,15,,206799,37,,,1,15,,206800,37,,,1,55,,206801,37,,,1,15,,206802,37,,,1,15,,206803,37,,,1,15,,206804,37,,,1,55,,206805,37,,,1,15,,206806,37,,,1,15,,206807,37,,,1,15,,206808,37,,,1,55,,206809,37,,,1,15,,206810,37,,,1,15,,206811,37,,,1,15,,206812,37,,,1,55,,206813,37,,,1,15,,206814,37,,,1,15,,206815,37,,,1,15,,206816,37,,,1,54,,206817,37,,,1,14,,206818,37,,,1,14,,206819,37,,,1,15,,206820,37,,,1,55,,206821,37,,,1,15,,206822,37,,,1,15,,206823,37,,,1,15,,206824,37,,,1,55,,206825,37,,,1,15,,206826,37,,,1,15,,206827,37,,,1,15,,206828,37,,,1,60,,206829,37,,,1,20,,206830,37,,,1,20,,206831,37,,,1,60,,206832,37,,,1,20,,206833,37,,,1,20,,206834,37,,,1,60,,206835,37,,,1,20,,206836,37,,,1,20,,206837,37,,,1,60,,206838,37,,,1,20,,206839,37,,,1,20,,206840,37,,,1,60,,206841,37,,,1,20,,206842,37,,,1
701,'007-Sunday-7-26-06-0000001',627,,206906,37,,,1,30,,206844,37,,,1,60,,206845,37,,,1,20,,206846,37,,,1,20,,206847,37,,,1,60,,206848,37,,,1,20,,206849,37,,,1,20,,206850,37,,,1,62,,206851,37,,,1,24,,206852,37,,,1,62,,206853,37,,,1,20,,206854,37,,,1,20,,206855,37,,,1,60,,206856,37,,,1,20,,206857,37,,,1,15,,206858,37,,,1,15,,206859,37,,,1,55,,206860,37,,,1,15,,206861,37,,,1,15,,206862,37,,,1,15,,206863,37,,,1,55,,206864,37,,,1,15,,206865,37,,,1,15,,206866,37,,,1,15,,206867,37,,,1,55,,206868,37,,,1,15,,206869,37,,,1,15,,206870,37,,,1,15,,206871,37,,,1,55,,206872,37,,,1,15,,206873,37,,,1,15,,206874,37,,,1,15,,206875,37,,,1,55,,206876,37,,,1,15,,206877,37,,,1,15,,206878,37,,,1,15,,206879,37,,,1,54,,206880,37,,,1,14,,206881,37,,,1,14,,206882,37,,,1,15,,206883,37,,,1,55,,206884,37,,,1,15,,206885,37,,,1,15,,206886,37,,,1,15,,206887,37,,,1,55,,206888,37,,,1,15,,206889,37,,,1,15,,206890,37,,,1,15,,206891,37,,,1,60,,206892,37,,,1,20,,206893,37,,,1,20,,206894,37,,,1,60,,206895,37,,,1,20,,206896,37,,,1,20,,206897,37,,,1,60,,206898,37,,,1,20,,206899,37,,,1,20,,206900,37,,,1,60,,206901,37,,,1,20,,206902,37,,,1,20,,206903,37,,,1,60,,206904,37,,,1,20,,206905,37,,,1
701,'007-Sunday-8-26-06-0000001',627,,206969,37,,,1,30,,206907,37,,,1,60,,206908,37,,,1,20,,206909,37,,,1,20,,206910,37,,,1,60,,206911,37,,,1,20,,206912,37,,,1,20,,206913,37,,,1,62,,206914,37,,,1,24,,206915,37,,,1,62,,206916,37,,,1,20,,206917,37,,,1,20,,206918,37,,,1,60,,206919,37,,,1,20,,206920,37,,,1,15,,206921,37,,,1,15,,206922,37,,,1,55,,206923,37,,,1,15,,206924,37,,,1,15,,206925,37,,,1,15,,206926,37,,,1,55,,206927,37,,,1,15,,206928,37,,,1,15,,206929,37,,,1,15,,206930,37,,,1,55,,206931,37,,,1,15,,206932,37,,,1,15,,206933,37,,,1,15,,206934,37,,,1,55,,206935,37,,,1,15,,206936,37,,,1,15,,206937,37,,,1,15,,206938,37,,,1,55,,206939,37,,,1,15,,206940,37,,,1,15,,206941,37,,,1,15,,206942,37,,,1,54,,206943,37,,,1,14,,206944,37,,,1,14,,206945,37,,,1,15,,206946,37,,,1,55,,206947,37,,,1,15,,206948,37,,,1,15,,206949,37,,,1,15,,206950,37,,,1,55,,206951,37,,,1,15,,206952,37,,,1,15,,206953,37,,,1,15,,206954,37,,,1,60,,206955,37,,,1,20,,206956,37,,,1,20,,206957,37,,,1,60,,206958,37,,,1,20,,206959,37,,,1,20,,206960,37,,,1,60,,206961,37,,,1,20,,206962,37,,,1,20,,206963,37,,,1,60,,206964,37,,,1,20,,206965,37,,,1,20,,206966,37,,,1,60,,206967,37,,,1,20,,206968,37,,,1
91501,'915-Weekday-1-26-06-1111100',535,,184654,8,,,1,70,,184655,8,,,1,31,,184697,8,,,1,15,,184656,8,,,1,55,,184694,8,,,1,15,,184657,8,,,1,15,,184658,8,,,1,15,,184659,8,,,1,55,,184695,8,,,1,15,,184660,8,,,1,18,,184698,8,,,1,65,,184662,8,,,1,30,,184663,8,,,1,70,,184664,8,,,1,30,,184665,8,,,1,70,,184666,8,,,1,30,,184667,8,,,1,70,,184668,8,,,1,30,,184669,8,,,1,70,,184670,8,,,1,30,,184671,8,,,1,70,,184672,8,,,1,30,,184673,8,,,1,71,,184661,8,,,1,15,,184674,8,,,1,15,,184675,8,,,1,15,,184676,8,,,1,55,,184677,8,,,1,15,,184678,8,,,1,15,,184679,8,,,1,15,,184680,8,,,1,55,,184681,8,,,1,15,,184682,8,,,1,15,,184691,8,,,1,70,,184683,8,,,1,29,,184684,8,,,1,70,,184685,8,,,1,30,,184686,8,,,1,70,,184687,8,,,1,30,,184688,8,,,1,70,,184689,8,,,1,30,,184690,8,,,1,69,,184696,8,,,1,100,,184692,8,,,1,100,,184693,8,,,1
91501,'915-Weekday-6-26-06-1111100',535,,201372,8,,,1,70,,201373,8,,,1,31,,201415,8,,,1,15,,201374,8,,,1,55,,201412,8,,,1,15,,201375,8,,,1,15,,201376,8,,,1,15,,201377,8,,,1,55,,201413,8,,,1,15,,201378,8,,,1,18,,201416,8,,,1,65,,201380,8,,,1,30,,201381,8,,,1,70,,201382,8,,,1,30,,201383,8,,,1,70,,201384,8,,,1,30,,201385,8,,,1,70,,201386,8,,,1,30,,201387,8,,,1,70,,201388,8,,,1,30,,201389,8,,,1,70,,201390,8,,,1,30,,201391,8,,,1,71,,201379,8,,,1,15,,201392,8,,,1,15,,201393,8,,,1,15,,201394,8,,,1,55,,201395,8,,,1,15,,201396,8,,,1,15,,201397,8,,,1,15,,201398,8,,,1,55,,201399,8,,,1,15,,201400,8,,,1,15,,201409,8,,,1,70,,201401,8,,,1,29,,201402,8,,,1,70,,201403,8,,,1,30,,201404,8,,,1,70,,201405,8,,,1,30,,201406,8,,,1,70,,201407,8,,,1,30,,201408,8,,,1,69,,201414,8,,,1,100,,201410,8,,,1,100,,201411,8,,,1
91501,'915-Saturday-1-26-06-0000010',610,,184699,8,,,1,100,,184700,8,,,1,100,,184701,8,,,1,30,,184702,8,,,1,73,,184703,8,,,1,33,,184704,8,,,1,70,,184705,8,,,1,30,,184706,8,,,1,70,,184707,8,,,1,30,,184708,8,,,1,70,,184709,8,,,1,30,,184710,8,,,1,70,,184711,8,,,1,30,,184712,8,,,1,70,,184713,8,,,1,30,,184714,8,,,1,70,,184715,8,,,1,30,,184716,8,,,1,70,,184717,8,,,1,30,,184718,8,,,1,69,,184719,8,,,1,29,,184720,8,,,1,70,,184721,8,,,1,30,,184722,8,,,1,70,,184723,8,,,1,30,,184724,8,,,1,70,,184725,8,,,1,30,,184726,8,,,1,70,,184727,8,,,1,30,,184728,8,,,1,70,,184729,8,,,1,100,,184730,8,,,1,100,,184731,8,,,1
91501,'915-Saturday-3-26-06-0000010',610,,223827,8,,,1,100,,223828,8,,,1,100,,223829,8,,,1,30,,223830,8,,,1,73,,223831,8,,,1,33,,223832,8,,,1,70,,223833,8,,,1,30,,223834,8,,,1,70,,223835,8,,,1,30,,223836,8,,,1,70,,223837,8,,,1,30,,223838,8,,,1,70,,223839,8,,,1,30,,223840,8,,,1,70,,223841,8,,,1,30,,223842,8,,,1,70,,223843,8,,,1,30,,223844,8,,,1,70,,223845,8,,,1,30,,223846,8,,,1,69,,223847,8,,,1,29,,223848,8,,,1,70,,223849,8,,,1,30,,223850,8,,,1,70,,223851,8,,,1,30,,223852,8,,,1,70,,223853,8,,,1,30,,223854,8,,,1,70,,223855,8,,,1,30,,223856,8,,,1,70,,223857,8,,,1,100,,223858,8,,,1,100,,223859,8,,,1
91501,'915-Sunday-2-26-06-0000001',601,,201417,8,,,1,100,,201418,8,,,1,100,,201419,8,,,1,101,,201445,8,,,1,100,,201420,8,,,1,34,,201422,8,,,1,70,,201423,8,,,1,30,,201424,8,,,1,70,,201425,8,,,1,30,,201426,8,,,1,70,,201427,8,,,1,30,,201428,8,,,1,70,,201429,8,,,1,30,,201430,8,,,1,70,,201431,8,,,1,30,,201432,8,,,1,70,,201433,8,,,1,30,,201434,8,,,1,70,,201435,8,,,1,30,,201436,8,,,1,70,,201437,8,,,1,30,,201438,8,,,1,70,,201439,8,,,1,30,,201440,8,,,1,70,,201441,8,,,1,30,,201442,8,,,1,70,,201443,8,,,1,96,,201444,8,,,1,100,,201421,8,,,1,100,,201446,8,,,1
91501,'915-Sunday-3-26-06-0000001',601,,223860,8,,,1,100,,223861,8,,,1,100,,223862,8,,,1,101,,223888,8,,,1,100,,223863,8,,,1,34,,223865,8,,,1,70,,223866,8,,,1,30,,223867,8,,,1,70,,223868,8,,,1,30,,223869,8,,,1,70,,223870,8,,,1,30,,223871,8,,,1,70,,223872,8,,,1,30,,223873,8,,,1,70,,223874,8,,,1,30,,223875,8,,,1,70,,223876,8,,,1,30,,223877,8,,,1,70,,223878,8,,,1,30,,223879,8,,,1,70,,223880,8,,,1,30,,223881,8,,,1,70,,223882,8,,,1,30,,223883,8,,,1,70,,223884,8,,,1,30,,223885,8,,,1,70,,223886,8,,,1,96,,223887,8,,,1,100,,223864,8,,,1,100,,223889,8,,,1
91501,'915-Sunday-6-26-06-0000001',601,,223890,8,,,1,100,,223891,8,,,1,100,,223892,8,,,1,101,,223918,8,,,1,100,,223893,8,,,1,34,,223895,8,,,1,70,,223896,8,,,1,30,,223897,8,,,1,70,,223898,8,,,1,30,,223899,8,,,1,70,,223900,8,,,1,30,,223901,8,,,1,70,,223902,8,,,1,30,,223903,8,,,1,70,,223904,8,,,1,30,,223905,8,,,1,70,,223906,8,,,1,30,,223907,8,,,1,70,,223908,8,,,1,30,,223909,8,,,1,70,,223910,8,,,1,30,,223911,8,,,1,70,,223912,8,,,1,30,,223913,8,,,1,70,,223914,8,,,1,30,,223915,8,,,1,70,,223916,8,,,1,96,,223917,8,,,1,100,,223894,8,,,1,100,,223919,8,,,1
91501,'915-Sunday-7-26-06-0000001',601,,223920,8,,,1,100,,223921,8,,,1,100,,223922,8,,,1,101,,223948,8,,,1,100,,223923,8,,,1,34,,223925,8,,,1,70,,223926,8,,,1,30,,223927,8,,,1,70,,223928,8,,,1,30,,223929,8,,,1,70,,223930,8,,,1,30,,223931,8,,,1,70,,223932,8,,,1,30,,223933,8,,,1,70,,223934,8,,,1,30,,223935,8,,,1,70,,223936,8,,,1,30,,223937,8,,,1,70,,223938,8,,,1,30,,223939,8,,,1,70,,223940,8,,,1,30,,223941,8,,,1,70,,223942,8,,,1,30,,223943,8,,,1,70,,223944,8,,,1,30,,223945,8,,,1,70,,223946,8,,,1,96,,223947,8,,,1,100,,223924,8,,,1,100,,223949,8,,,1
