3100,'031-Weekday-1-26-09-1111100',600,,240165,1,,,1,30,,240166,1,,,1,70,,240167,1,,,1,15,,240168,1,,,1,15,,240181,1,,,1,15,,240169,1,,,1,55,,240157,1,,,1,15,,240156,1,,,1,15,,240182,1,,,1,15,,240158,1,,,1,55,,240159,1,,,1,15,,240170,1,,,1,15,,240183,1,,,1,20,,240160,1,,,1,60,,240161,1,,,1,20,,240184,1,,,1,20,,240155,1,,,1,60,,240162,1,,,1,20,,240185,1,,,1,20,,240163,1,,,1,60,,240153,1,,,1,20,,240180,1,,,1,20,,240164,1,,,1,60,,240145,1,,,1,20,,240179,1,,,1,20,,240152,1,,,1,70,,240146,1,,,1,30,,240147,1,,,1,70,,240148,1,,,1,30,,240151,1,,,1,70,,240154,1,,,1,30,,240149,1,,,1,70,,240150,1,,,1,34,,240172,1,,,1,70,,240173,1,,,1,30,,240174,1,,,1,70,,240175,1,,,1,30,,240176,1,,,1,70,,240177,1,,,1,30,,240178,1,,,1,70,,240171,1,,,1
3100,'031-Weekday-2-26-09-1111100',600,,240206,1,,,1,30,,240207,1,,,1,70,,240208,1,,,1,15,,240209,1,,,1,15,,240222,1,,,1,15,,240210,1,,,1,55,,240198,1,,,1,15,,240197,1,,,1,15,,240223,1,,,1,15,,240199,1,,,1,55,,240200,1,,,1,15,,240211,1,,,1,15,,240224,1,,,1,20,,240201,1,,,1,60,,240202,1,,,1,20,,240225,1,,,1,20,,240196,1,,,1,60,,240203,1,,,1,20,,240226,1,,,1,20,,240204,1,,,1,60,,240194,1,,,1,20,,240221,1,,,1,20,,240205,1,,,1,60,,240186,1,,,1,20,,240220,1,,,1,20,,240193,1,,,1,70,,240187,1,,,1,30,,240188,1,,,1,70,,240189,1,,,1,30,,240192,1,,,1,70,,240195,1,,,1,30,,240190,1,,,1,70,,240191,1,,,1,34,,240213,1,,,1,70,,240214,1,,,1,30,,240215,1,,,1,70,,240216,1,,,1,30,,240217,1,,,1,70,,240218,1,,,1,30,,240219,1,,,1,70,,240212,1,,,1
3100,'031-Weekday-3-26-09-1111100',600,,240247,1,,,1,30,,240248,1,,,1,70,,240249,1,,,1,15,,240250,1,,,1,15,,240263,1,,,1,15,,240251,1,,,1,55,,240239,1,,,1,15,,240238,1,,,1,15,,240264,1,,,1,15,,240240,1,,,1,55,,240241,1,,,1,15,,240252,1,,,1,15,,240265,1,,,1,20,,240242,1,,,1,60,,240243,1,,,1,20,,240266,1,,,1,20,,240237,1,,,1,60,,240244,1,,,1,20,,240267,1,,,1,20,,240245,1,,,1,60,,240235,1,,,1,20,,240262,1,,,1,20,,240246,1,,,1,60,,240227,1,,,1,20,,240261,1,,,1,20,,240234,1,,,1,70,,240228,1,,,1,30,,240229,1,,,1,70,,240230,1,,,1,30,,240233,1,,,1,70,,240236,1,,,1,30,,240231,1,,,1,70,,240232,1,,,1,34,,240254,1,,,1,70,,240255,1,,,1,30,,240256,1,,,1,70,,240257,1,,,1,30,,240258,1,,,1,70,,240259,1,,,1,30,,240260,1,,,1,70,,240253,1,,,1
3100,'031-Weekday-4-26-09-1111100',600,,240288,1,,,1,30,,240289,1,,,1,70,,240290,1,,,1,15,,240291,1,,,1,15,,240304,1,,,1,15,,240292,1,,,1,55,,240280,1,,,1,15,,240279,1,,,1,15,,240305,1,,,1,15,,240281,1,,,1,55,,240282,1,,,1,15,,240293,1,,,1,15,,240306,1,,,1,20,,240283,1,,,1,60,,240284,1,,,1,20,,240307,1,,,1,20,,240278,1,,,1,60,,240285,1,,,1,20,,240308,1,,,1,20,,240286,1,,,1,60,,240276,1,,,1,20,,240303,1,,,1,20,,240287,1,,,1,60,,240268,1,,,1,20,,240302,1,,,1,20,,240275,1,,,1,70,,240269,1,,,1,30,,240270,1,,,1,70,,240271,1,,,1,30,,240274,1,,,1,70,,240277,1,,,1,30,,240272,1,,,1,70,,240273,1,,,1,34,,240295,1,,,1,70,,240296,1,,,1,30,,240297,1,,,1,70,,240298,1,,,1,30,,240299,1,,,1,70,,240300,1,,,1,30,,240301,1,,,1,70,,240294,1,,,1
3100,'031-Weekday-5-26-09-1111100',600,,240329,1,,,1,30,,240330,1,,,1,70,,240331,1,,,1,15,,240332,1,,,1,15,,240345,1,,,1,15,,240333,1,,,1,55,,240321,1,,,1,15,,240320,1,,,1,15,,240346,1,,,1,15,,240322,1,,,1,55,,240323,1,,,1,15,,240334,1,,,1,15,,240347,1,,,1,20,,240324,1,,,1,60,,240325,1,,,1,20,,240348,1,,,1,20,,240319,1,,,1,60,,240326,1,,,1,20,,240349,1,,,1,20,,240327,1,,,1,60,,240317,1,,,1,20,,240344,1,,,1,20,,240328,1,,,1,60,,240309,1,,,1,20,,240343,1,,,1,20,,240316,1,,,1,70,,240310,1,,,1,30,,240311,1,,,1,70,,240312,1,,,1,30,,240315,1,,,1,70,,240318,1,,,1,30,,240313,1,,,1,70,,240314,1,,,1,34,,240336,1,,,1,70,,240337,1,,,1,30,,240338,1,,,1,70,,240339,1,,,1,30,,240340,1,,,1,70,,240341,1,,,1,30,,240342,1,,,1,70,,240335,1,,,1
3100,'031-Weekday-6-26-09-1111100',600,,240370,1,,,1,30,,240371,1,,,1,70,,240372,1,,,1,15,,240373,1,,,1,15,,240386,1,,,1,15,,240374,1,,,1,55,,240362,1,,,1,15,,240361,1,,,1,15,,240387,1,,,1,15,,240363,1,,,1,55,,240364,1,,,1,15,,240375,1,,,1,15,,240388,1,,,1,20,,240365,1,,,1,60,,240366,1,,,1,20,,240389,1,,,1,20,,240360,1,,,1,60,,240367,1,,,1,20,,240390,1,,,1,20,,240368,1,,,1,60,,240358,1,,,1,20,,240385,1,,,1,20,,240369,1,,,1,60,,240350,1,,,1,20,,240384,1,,,1,20,,240357,1,,,1,70,,240351,1,,,1,30,,240352,1,,,1,70,,240353,1,,,1,30,,240356,1,,,1,70,,240359,1,,,1,30,,240354,1,,,1,70,,240355,1,,,1,34,,240377,1,,,1,70,,240378,1,,,1,30,,240379,1,,,1,70,,240380,1,,,1,30,,240381,1,,,1,70,,240382,1,,,1,30,,240383,1,,,1,70,,240376,1,,,1
3100,'031-Weekday-7-26-09-1111100',600,,240411,1,,,1,30,,240412,1,,,1,70,,240413,1,,,1,15,,240414,1,,,1,15,,240427,1,,,1,15,,240415,1,,,1,55,,240403,1,,,1,15,,240402,1,,,1,15,,240428,1,,,1,15,,240404,1,,,1,55,,240405,1,,,1,15,,240416,1,,,1,15,,240429,1,,,1,20,,240406,1,,,1,60,,240407,1,,,1,20,,240430,1,,,1,20,,240401,1,,,1,60,,240408,1,,,1,20,,240431,1,,,1,20,,240409,1,,,1,60,,240399,1,,,1,20,,240426,1,,,1,20,,240410,1,,,1,60,,240391,1,,,1,20,,240425,1,,,1,20,,240398,1,,,1,70,,240392,1,,,1,30,,240393,1,,,1,70,,240394,1,,,1,30,,240397,1,,,1,70,,240400,1,,,1,30,,240395,1,,,1,70,,240396,1,,,1,34,,240418,1,,,1,70,,240419,1,,,1,30,,240420,1,,,1,70,,240421,1,,,1,30,,240422,1,,,1,70,,240423,1,,,1,30,,240424,1,,,1,70,,240417,1,,,1
3101,'031-Weekday-1-26-09-1111100',614,,240458,12,4,,1,32,,240440,12,4,,1,72,,240441,12,4,,1,24,,240461,13,4,,1,70,,240442,12,4,,1,30,,240443,12,4,,1,68,,240444,12,4,,1,30,,240474,12,4,,1,60,,240460,12,4,,1,20,,240459,12,4,,1,20,,240445,12,4,,1,60,,240462,12,4,,1,20,,240446,12,4,,1,20,,240447,12,4,,1,60,,240463,12,4,,1,20,,240448,12,4,,1,20,,240449,12,4,,1,60,,240464,12,4,,1,20,,240450,12,4,,1,20,,240451,12,4,,1,60,,240465,12,4,,1,20,,240452,12,4,,1,22,,240466,12,4,,1,15,,240467,13,4,,1,56,,240468,12,4,,1,21,,240453,13,4,,1,15,,240469,12,4,,1,55,,240454,13,4,,1,15,,240470,12,4,,1,15,,240455,13,4,,1,15,,240471,12,4,,1,55,,240456,13,4,,1,15,,240472,12,4,,1,15,,240457,13,4,,1,15,,240473,12,4,,1,71,,240437,12,4,,1,26,,240438,12,4,,1,66,,240434,12,4,,1,30,,240435,12,4,,1,70,,240436,12,4,,1,30,,240433,12,4,,1,70,,240432,12,4,,1,30,,240439,12,4,,1
3101,'031-Weekday-2-26-09-1111100',614,,240501,12,4,,1,32,,240483,12,4,,1,72,,240484,12,4,,1,24,,240504,13,4,,1,70,,240485,12,4,,1,30,,240486,12,4,,1,68,,240487,12,4,,1,30,,240517,12,4,,1,60,,240503,12,4,,1,20,,240502,12,4,,1,20,,240488,12,4,,1,60,,240505,12,4,,1,20,,240489,12,4,,1,20,,240490,12,4,,1,60,,240506,12,4,,1,20,,240491,12,4,,1,20,,240492,12,4,,1,60,,240507,12,4,,1,20,,240493,12,4,,1,20,,240494,12,4,,1,60,,240508,12,4,,1,20,,240495,12,4,,1,22,,240509,12,4,,1,15,,240510,13,4,,1,56,,240511,12,4,,1,21,,240496,13,4,,1,15,,240512,12,4,,1,55,,240497,13,4,,1,15,,240513,12,4,,1,15,,240498,13,4,,1,15,,240514,12,4,,1,55,,240499,13,4,,1,15,,240515,12,4,,1,15,,240500,13,4,,1,15,,240516,12,4,,1,71,,240480,12,4,,1,26,,240481,12,4,,1,66,,240477,12,4,,1,30,,240478,12,4,,1,70,,240479,12,4,,1,30,,240476,12,4,,1,70,,240475,12,4,,1,30,,240482,12,4,,1
3101,'031-Weekday-3-26-09-1111100',614,,240544,12,4,,1,32,,240526,12,4,,1,72,,240527,12,4,,1,24,,240547,13,4,,1,70,,240528,12,4,,1,30,,240529,12,4,,1,68,,240530,12,4,,1,30,,240560,12,4,,1,60,,240546,12,4,,1,20,,240545,12,4,,1,20,,240531,12,4,,1,60,,240548,12,4,,1,20,,240532,12,4,,1,20,,240533,12,4,,1,60,,240549,12,4,,1,20,,240534,12,4,,1,20,,240535,12,4,,1,60,,240550,12,4,,1,20,,240536,12,4,,1,20,,240537,12,4,,1,60,,240551,12,4,,1,20,,240538,12,4,,1,22,,240552,12,4,,1,15,,240553,13,4,,1,56,,240554,12,4,,1,21,,240539,13,4,,1,15,,240555,12,4,,1,55,,240540,13,4,,1,15,,240556,12,4,,1,15,,240541,13,4,,1,15,,240557,12,4,,1,55,,240542,13,4,,1,15,,240558,12,4,,1,15,,240543,13,4,,1,15,,240559,12,4,,1,71,,240523,12,4,,1,26,,240524,12,4,,1,66,,240520,12,4,,1,30,,240521,12,4,,1,70,,240522,12,4,,1,30,,240519,12,4,,1,70,,240518,12,4,,1,30,,240525,12,4,,1
3101,'031-Weekday-4-26-09-1111100',614,,240587,12,4,,1,32,,240569,12,4,,1,72,,240570,12,4,,1,24,,240590,13,4,,1,70,,240571,12,4,,1,30,,240572,12,4,,1,68,,240573,12,4,,1,30,,240603,12,4,,1,60,,240589,12,4,,1,20,,240588,12,4,,1,20,,240574,12,4,,1,60,,240591,12,4,,1,20,,240575,12,4,,1,20,,240576,12,4,,1,60,,240592,12,4,,1,20,,240577,12,4,,1,20,,240578,12,4,,1,60,,240593,12,4,,1,20,,240579,12,4,,1,20,,240580,12,4,,1,60,,240594,12,4,,1,20,,240581,12,4,,1,22,,240595,12,4,,1,15,,240596,13,4,,1,56,,240597,12,4,,1,21,,240582,13,4,,1,15,,240598,12,4,,1,55,,240583,13,4,,1,15,,240599,12,4,,1,15,,240584,13,4,,1,15,,240600,12,4,,1,55,,240585,13,4,,1,15,,240601,12,4,,1,15,,240586,13,4,,1,15,,240602,12,4,,1,71,,240566,12,4,,1,26,,240567,12,4,,1,66,,240563,12,4,,1,30,,240564,12,4,,1,70,,240565,12,4,,1,30,,240562,12,4,,1,70,,240561,12,4,,1,30,,240568,12,4,,1
3101,'031-Weekday-5-26-09-1111100',614,,240630,12,4,,1,32,,240612,12,4,,1,72,,240613,12,4,,1,24,,240633,13,4,,1,70,,240614,12,4,,1,30,,240615,12,4,,1,68,,240616,12,4,,1,30,,240646,12,4,,1,60,,240632,12,4,,1,20,,240631,12,4,,1,20,,240617,12,4,,1,60,,240634,12,4,,1,20,,240618,12,4,,1,20,,240619,12,4,,1,60,,240635,12,4,,1,20,,240620,12,4,,1,20,,240621,12,4,,1,60,,240636,12,4,,1,20,,240622,12,4,,1,20,,240623,12,4,,1,60,,240637,12,4,,1,20,,240624,12,4,,1,22,,240638,12,4,,1,15,,240639,13,4,,1,56,,240640,12,4,,1,21,,240625,13,4,,1,15,,240641,12,4,,1,55,,240626,13,4,,1,15,,240642,12,4,,1,15,,240627,13,4,,1,15,,240643,12,4,,1,55,,240628,13,4,,1,15,,240644,12,4,,1,15,,240629,13,4,,1,15,,240645,12,4,,1,71,,240609,12,4,,1,26,,240610,12,4,,1,66,,240606,12,4,,1,30,,240607,12,4,,1,70,,240608,12,4,,1,30,,240605,12,4,,1,70,,240604,12,4,,1,30,,240611,12,4,,1
3101,'031-Weekday-6-26-09-1111100',614,,240673,12,4,,1,32,,240655,12,4,,1,72,,240656,12,4,,1,24,,240676,13,4,,1,70,,240657,12,4,,1,30,,240658,12,4,,1,68,,240659,12,4,,1,30,,240689,12,4,,1,60,,240675,12,4,,1,20,,240674,12,4,,1,20,,240660,12,4,,1,60,,240677,12,4,,1,20,,240661,12,4,,1,20,,240662,12,4,,1,60,,240678,12,4,,1,20,,240663,12,4,,1,20,,240664,12,4,,1,60,,240679,12,4,,1,20,,240665,12,4,,1,20,,240666,12,4,,1,60,,240680,12,4,,1,20,,240667,12,4,,1,22,,240681,12,4,,1,15,,240682,13,4,,1,56,,240683,12,4,,1,21,,240668,13,4,,1,15,,240684,12,4,,1,55,,240669,13,4,,1,15,,240685,12,4,,1,15,,240670,13,4,,1,15,,240686,12,4,,1,55,,240671,13,4,,1,15,,240687,12,4,,1,15,,240672,13,4,,1,15,,240688,12,4,,1,71,,240652,12,4,,1,26,,240653,12,4,,1,66,,240649,12,4,,1,30,,240650,12,4,,1,70,,240651,12,4,,1,30,,240648,12,4,,1,70,,240647,12,4,,1,30,,240654,12,4,,1
3101,'031-Weekday-7-26-09-1111100',614,,240716,12,4,,1,32,,240698,12,4,,1,72,,240699,12,4,,1,24,,240719,13,4,,1,70,,240700,12,4,,1,30,,240701,12,4,,1,68,,240702,12,4,,1,30,,240732,12,4,,1,60,,240718,12,4,,1,20,,240717,12,4,,1,20,,240703,12,4,,1,60,,240720,12,4,,1,20,,240704,12,4,,1,20,,240705,12,4,,1,60,,240721,12,4,,1,20,,240706,12,4,,1,20,,240707,12,4,,1,60,,240722,12,4,,1,20,,240708,12,4,,1,20,,240709,12,4,,1,60,,240723,12,4,,1,20,,240710,12,4,,1,22,,240724,12,4,,1,15,,240725,13,4,,1,56,,240726,12,4,,1,21,,240711,13,4,,1,15,,240727,12,4,,1,55,,240712,13,4,,1,15,,240728,12,4,,1,15,,240713,13,4,,1,15,,240729,12,4,,1,55,,240714,13,4,,1,15,,240730,12,4,,1,15,,240715,13,4,,1,15,,240731,12,4,,1,71,,240695,12,4,,1,26,,240696,12,4,,1,66,,240692,12,4,,1,30,,240693,12,4,,1,70,,240694,12,4,,1,30,,240691,12,4,,1,70,,240690,12,4,,1,30,,240697,12,4,,1
