10301,'103-Weekday-1-26-06-1111100',550,,170219,30,,,1,70,,170220,30,,,1,18,,170221,13,,,1,15,,170257,30,,,1,55,,170222,13,,,1,15,,170258,30,,,1,15,,170223,13,,,1,15,,170259,30,,,1,55,,170224,13,,,1,15,,170260,30,,,1,15,,170225,13,,,1,13,,170226,30,,,1,69,,170227,30,,,1,30,,170228,30,,,1,70,,170229,30,,,1,30,,170230,30,,,1,70,,170231,30,,,1,30,,170232,30,,,1,70,,170233,30,,,1,30,,170234,30,,,1,70,,170235,30,,,1,30,,170236,30,,,1,70,,170237,30,,,1,30,,170238,30,,,1,63,,170261,30,,,1,24,,170256,30,,,1,70,,170255,30,,,1,30,,170254,30,,,1,70,,170253,30,,,1,30,,170252,30,,,1,70,,170239,30,,,1,28,,170240,30,,,1,69,,170241,30,,,1,30,,170242,30,,,1,70,,170243,30,,,1,30,,170244,30,,,1,70,,170245,30,,,1,30,,170246,30,,,1,69,,170247,30,,,1,29,,170248,30,,,1,73,,170249,30,,,1,30,,170250,30,,,1,70,,170251,30,,,1
10301,'103-Weekday-2-26-06-1111100',550,,192732,30,,,1,70,,192733,30,,,1,18,,192734,13,,,1,15,,192770,30,,,1,55,,192735,13,,,1,15,,192771,30,,,1,15,,192736,13,,,1,15,,192772,30,,,1,55,,192737,13,,,1,15,,192773,30,,,1,15,,192738,13,,,1,13,,192739,30,,,1,69,,192740,30,,,1,30,,192741,30,,,1,70,,192742,30,,,1,30,,192743,30,,,1,70,,192744,30,,,1,30,,192745,30,,,1,70,,192746,30,,,1,30,,192747,30,,,1,70,,192748,30,,,1,30,,192749,30,,,1,70,,192750,30,,,1,30,,192751,30,,,1,63,,192774,30,,,1,24,,192769,30,,,1,70,,192768,30,,,1,30,,192767,30,,,1,70,,192766,30,,,1,30,,192765,30,,,1,70,,192752,30,,,1,28,,192753,30,,,1,69,,192754,30,,,1,30,,192755,30,,,1,70,,192756,30,,,1,30,,192757,30,,,1,70,,192758,30,,,1,30,,192759,30,,,1,69,,192760,30,,,1,29,,192761,30,,,1,73,,192762,30,,,1,30,,192763,30,,,1,70,,192764,30,,,1
10301,'103-Saturday-1-26-06-0000010',623,,170262,30,,,1,30,,170263,30,,,1,70,,170264,30,,,1,30,,170265,30,,,1,70,,170266,30,,,1,30,,170267,30,,,1,70,,170268,30,,,1,30,,170269,30,,,1,70,,170270,30,,,1,30,,170271,30,,,1,70,,170272,30,,,1,30,,170273,30,,,1,70,,170274,30,,,1,30,,170275,30,,,1,70,,170276,30,,,1,30,,170277,30,,,1,70,,170278,30,,,1,30,,170279,30,,,1,70,,170280,30,,,1,30,,170281,30,,,1,70,,170282,30,,,1,30,,170283,30,,,1,71,,170284,30,,,1,30,,170285,30,,,1,70,,170286,30,,,1,30,,170287,30,,,1,70,,170288,30,,,1,30,,170289,30,,,1,70,,170290,30,,,1,30,,170291,30,,,1,70,,170292,30,,,1,30,,170293,30,,,1,70,,170294,30,,,1,30,,170295,30,,,1,70,,170296,30,,,1,30,,170297,30,,,1,70,,170298,30,,,1
10301,'103-Saturday-2-26-06-0000010',623,,210830,30,,,1,30,,210831,30,,,1,70,,210832,30,,,1,30,,210833,30,,,1,70,,210834,30,,,1,30,,210835,30,,,1,70,,210836,30,,,1,30,,210837,30,,,1,70,,210838,30,,,1,30,,210839,30,,,1,70,,210840,30,,,1,30,,210841,30,,,1,70,,210842,30,,,1,30,,210843,30,,,1,70,,210844,30,,,1,30,,210845,30,,,1,70,,210846,30,,,1,30,,210847,30,,,1,70,,210848,30,,,1,30,,210849,30,,,1,70,,210850,30,,,1,30,,210851,30,,,1,71,,210852,30,,,1,30,,210853,30,,,1,70,,210854,30,,,1,30,,210855,30,,,1,70,,210856,30,,,1,30,,210857,30,,,1,70,,210858,30,,,1,30,,210859,30,,,1,70,,210860,30,,,1,30,,210861,30,,,1,70,,210862,30,,,1,30,,210863,30,,,1,70,,210864,30,,,1,30,,210865,30,,,1,70,,210866,30,,,1
10301,'103-Sunday-2-26-06-0000001',617,,192775,30,,,1,30,,192776,30,,,1,70,,192777,30,,,1,30,,192778,30,,,1,70,,192779,30,,,1,30,,192780,30,,,1,68,,192781,30,,,1,33,,192782,30,,,1,70,,192783,30,,,1,30,,192784,30,,,1,70,,192785,30,,,1,30,,192786,30,,,1,70,,192787,30,,,1,30,,192788,30,,,1,70,,192789,30,,,1,30,,192790,30,,,1,70,,192791,30,,,1,30,,192792,30,,,1,70,,192793,30,,,1,30,,192794,30,,,1,70,,192795,30,,,1,30,,192796,30,,,1,70,,192797,30,,,1,30,,192798,30,,,1,70,,192799,30,,,1,30,,192800,30,,,1,70,,192801,30,,,1,30,,192802,30,,,1,70,,192803,30,,,1,30,,192804,30,,,1,70,,192805,30,,,1,30,,192806,30,,,1,70,,192807,30,,,1,30,,192808,30,,,1,70,,192809,30,,,1,30,,192810,30,,,1,70,,192811,30,,,1
10301,'103-Sunday-3-26-06-0000001',617,,210867,30,,,1,30,,210868,30,,,1,70,,210869,30,,,1,30,,210870,30,,,1,70,,210871,30,,,1,30,,210872,30,,,1,68,,210873,30,,,1,33,,210874,30,,,1,70,,210875,30,,,1,30,,210876,30,,,1,70,,210877,30,,,1,30,,210878,30,,,1,70,,210879,30,,,1,30,,210880,30,,,1,70,,210881,30,,,1,30,,210882,30,,,1,70,,210883,30,,,1,30,,210884,30,,,1,70,,210885,30,,,1,30,,210886,30,,,1,70,,210887,30,,,1,30,,210888,30,,,1,70,,210889,30,,,1,30,,210890,30,,,1,70,,210891,30,,,1,30,,210892,30,,,1,70,,210893,30,,,1,30,,210894,30,,,1,70,,210895,30,,,1,30,,210896,30,,,1,70,,210897,30,,,1,30,,210898,30,,,1,70,,210899,30,,,1,30,,210900,30,,,1,70,,210901,30,,,1,30,,210902,30,,,1,70,,210903,30,,,1
10301,'103-Sunday-6-26-06-0000001',617,,210904,30,,,1,30,,210905,30,,,1,70,,210906,30,,,1,30,,210907,30,,,1,70,,210908,30,,,1,30,,210909,30,,,1,68,,210910,30,,,1,33,,210911,30,,,1,70,,210912,30,,,1,30,,210913,30,,,1,70,,210914,30,,,1,30,,210915,30,,,1,70,,210916,30,,,1,30,,210917,30,,,1,70,,210918,30,,,1,30,,210919,30,,,1,70,,210920,30,,,1,30,,210921,30,,,1,70,,210922,30,,,1,30,,210923,30,,,1,70,,210924,30,,,1,30,,210925,30,,,1,70,,210926,30,,,1,30,,210927,30,,,1,70,,210928,30,,,1,30,,210929,30,,,1,70,,210930,30,,,1,30,,210931,30,,,1,70,,210932,30,,,1,30,,210933,30,,,1,70,,210934,30,,,1,30,,210935,30,,,1,70,,210936,30,,,1,30,,210937,30,,,1,70,,210938,30,,,1,30,,210939,30,,,1,70,,210940,30,,,1
10301,'103-Sunday-7-26-06-0000001',617,,210941,30,,,1,30,,210942,30,,,1,70,,210943,30,,,1,30,,210944,30,,,1,70,,210945,30,,,1,30,,210946,30,,,1,68,,210947,30,,,1,33,,210948,30,,,1,70,,210949,30,,,1,30,,210950,30,,,1,70,,210951,30,,,1,30,,210952,30,,,1,70,,210953,30,,,1,30,,210954,30,,,1,70,,210955,30,,,1,30,,210956,30,,,1,70,,210957,30,,,1,30,,210958,30,,,1,70,,210959,30,,,1,30,,210960,30,,,1,70,,210961,30,,,1,30,,210962,30,,,1,70,,210963,30,,,1,30,,210964,30,,,1,70,,210965,30,,,1,30,,210966,30,,,1,70,,210967,30,,,1,30,,210968,30,,,1,70,,210969,30,,,1,30,,210970,30,,,1,70,,210971,30,,,1,30,,210972,30,,,1,70,,210973,30,,,1,30,,210974,30,,,1,70,,210975,30,,,1,30,,210976,30,,,1,70,,210977,30,,,1
10900,'109-Weekday-1-26-06-1111100',511,,171303,14,,,1,30,,171304,14,,,1,70,,171305,14,,,1,31,,171343,14,,,1,60,,171306,14,,,1,20,,171338,14,,,1,20,,171307,14,,,1,60,,171308,14,,,1,20,,171339,14,,,1,20,,171309,14,,,1,70,,171310,14,,,1,30,,171311,14,,,1,70,,171312,14,,,1,30,,171313,14,,,1,70,,171314,14,,,1,30,,171315,14,,,1,70,,171316,14,,,1,30,,171317,14,,,1,70,,171318,14,,,1,30,,171319,14,,,1,70,,171320,14,,,1,30,,171321,14,,,1,72,,171322,14,,,1,20,,171323,14,,,1,20,,171340,14,,,1,60,,171324,14,,,1,20,,171325,14,,,1,20,,171341,14,,,1,60,,171326,14,,,1,30,,171327,14,,,1,70,,171328,14,,,1,27,,171329,14,,,1,70,,171330,14,,,1,30,,171331,14,,,1,70,,171332,14,,,1,30,,171333,14,,,1,70,,171334,14,,,1,30,,171335,14,,,1,70,,171342,14,,,1,100,,171336,14,,,1,100,,171337,14,,,1
10900,'109-Weekday-2-26-06-1111100',511,,193438,14,,,1,30,,193439,14,,,1,70,,193440,14,,,1,31,,193478,14,,,1,60,,193441,14,,,1,20,,193473,14,,,1,20,,193442,14,,,1,60,,193443,14,,,1,20,,193474,14,,,1,20,,193444,14,,,1,70,,193445,14,,,1,30,,193446,14,,,1,70,,193447,14,,,1,30,,193448,14,,,1,70,,193449,14,,,1,30,,193450,14,,,1,70,,193451,14,,,1,30,,193452,14,,,1,70,,193453,14,,,1,30,,193454,14,,,1,70,,193455,14,,,1,30,,193456,14,,,1,72,,193457,14,,,1,20,,193458,14,,,1,20,,193475,14,,,1,60,,193459,14,,,1,20,,193460,14,,,1,20,,193476,14,,,1,60,,193461,14,,,1,30,,193462,14,,,1,70,,193463,14,,,1,27,,193464,14,,,1,70,,193465,14,,,1,30,,193466,14,,,1,70,,193467,14,,,1,30,,193468,14,,,1,70,,193469,14,,,1,30,,193470,14,,,1,70,,193477,14,,,1,100,,193471,14,,,1,100,,193472,14,,,1
10900,'109-Saturday-1-26-06-0000010',803,,171344,14,,,1,30,,171345,14,,,1,70,,171346,14,,,1,31,,171347,14,,,1,70,,171348,14,,,1,30,,171349,14,,,1,70,,171350,14,,,1,30,,171351,14,,,1,70,,171352,14,,,1,30,,171353,14,,,1,70,,171354,14,,,1,30,,171355,14,,,1,70,,171356,14,,,1,30,,171357,14,,,1,70,,171358,14,,,1,30,,171359,14,,,1,70,,171360,14,,,1,30,,171361,14,,,1,69,,171362,14,,,1,30,,171363,14,,,1,70,,171364,14,,,1,30,,171365,14,,,1,70,,171366,14,,,1,30,,171367,14,,,1,70,,171368,14,,,1,30,,171369,14,,,1,70,,171370,14,,,1,30,,171371,14,,,1,70,,171372,14,,,1
10900,'109-Saturday-2-26-06-0000010',803,,211864,14,,,1,30,,211865,14,,,1,70,,211866,14,,,1,31,,211867,14,,,1,70,,211868,14,,,1,30,,211869,14,,,1,70,,211870,14,,,1,30,,211871,14,,,1,70,,211872,14,,,1,30,,211873,14,,,1,70,,211874,14,,,1,30,,211875,14,,,1,70,,211876,14,,,1,30,,211877,14,,,1,70,,211878,14,,,1,30,,211879,14,,,1,70,,211880,14,,,1,30,,211881,14,,,1,69,,211882,14,,,1,30,,211883,14,,,1,70,,211884,14,,,1,30,,211885,14,,,1,70,,211886,14,,,1,30,,211887,14,,,1,70,,211888,14,,,1,30,,211889,14,,,1,70,,211890,14,,,1,30,,211891,14,,,1,70,,211892,14,,,1
10900,'109-Sunday-2-26-06-0000001',1014,,193479,14,,,1,30,,193480,14,,,1,70,,193481,14,,,1,30,,193482,14,,,1,70,,193483,14,,,1,30,,193484,14,,,1,70,,193485,14,,,1,30,,193486,14,,,1,70,,193487,14,,,1,30,,193488,14,,,1,70,,193489,14,,,1,30,,193490,14,,,1,70,,193491,14,,,1,30,,193492,14,,,1,70,,193493,14,,,1,30,,193494,14,,,1,70,,193495,14,,,1,30,,193496,14,,,1
10900,'109-Sunday-3-26-06-0000001',1014,,211893,14,,,1,30,,211894,14,,,1,70,,211895,14,,,1,30,,211896,14,,,1,70,,211897,14,,,1,30,,211898,14,,,1,70,,211899,14,,,1,30,,211900,14,,,1,70,,211901,14,,,1,30,,211902,14,,,1,70,,211903,14,,,1,30,,211904,14,,,1,70,,211905,14,,,1,30,,211906,14,,,1,70,,211907,14,,,1,30,,211908,14,,,1,70,,211909,14,,,1,30,,211910,14,,,1
10900,'109-Sunday-6-26-06-0000001',1014,,211911,14,,,1,30,,211912,14,,,1,70,,211913,14,,,1,30,,211914,14,,,1,70,,211915,14,,,1,30,,211916,14,,,1,70,,211917,14,,,1,30,,211918,14,,,1,70,,211919,14,,,1,30,,211920,14,,,1,70,,211921,14,,,1,30,,211922,14,,,1,70,,211923,14,,,1,30,,211924,14,,,1,70,,211925,14,,,1,30,,211926,14,,,1,70,,211927,14,,,1,30,,211928,14,,,1
10900,'109-Sunday-7-26-06-0000001',1014,,211929,14,,,1,30,,211930,14,,,1,70,,211931,14,,,1,30,,211932,14,,,1,70,,211933,14,,,1,30,,211934,14,,,1,70,,211935,14,,,1,30,,211936,14,,,1,70,,211937,14,,,1,30,,211938,14,,,1,70,,211939,14,,,1,30,,211940,14,,,1,70,,211941,14,,,1,30,,211942,14,,,1,70,,211943,14,,,1,30,,211944,14,,,1,70,,211945,14,,,1,30,,211946,14,,,1
