400,'004-Weekday-1-26-06-1111100',439,,162095,1,,,1,15,,162096,1,,,1,55,,162097,1,,,1,15,,162098,1,,,1,15,,162131,1,,,1,15,,162132,1,,,1,55,,162133,1,,,1,15,,162169,1,,,1,12,,162170,1,,,1,12,,162140,1,,,1,52,,162168,1,,,1,12,,162167,1,,,1,12,,162166,1,,,1,12,,162165,1,,,1,12,,162187,1,,,1,52,,162186,1,,,1,12,,162188,1,,,1,12,,162155,1,,,1,12,,162141,1,,,1,12,,162190,1,,,1,52,,162142,1,,,1,12,,162130,1,,,1,12,,162099,1,,,1,12,,162100,1,,,1,12,,162101,1,,,1,52,,162102,1,,,1,12,,162103,1,,,1,12,,162104,1,,,1,12,,162105,1,,,1,12,,162106,1,,,1,52,,162107,1,,,1,12,,162108,1,,,1,12,,162109,1,,,1,12,,162110,1,,,1,12,,162134,1,,,1,52,,162135,1,,,1,12,,162136,1,,,1,12,,162137,1,,,1,12,,162138,1,,,1,12,,162139,1,,,1,52,,162158,1,,,1,12,,162159,1,,,1,12,,162160,1,,,1,12,,162161,1,,,1,12,,162162,1,,,1,52,,162163,1,,,1,12,,162164,1,,,1,9,,162171,1,,,1,10,,162172,1,,,1,8,,162173,1,,,1,9,,162174,1,,,1,9,,162175,1,,,1,49,,162176,1,,,1,10,,162177,1,,,1,10,,162178,1,,,1,10,,162179,1,,,1,10,,162180,1,,,1,10,,162181,1,,,1,50,,162182,1,,,1,10,,162183,1,,,1,10,,162184,1,,,1,10,,162185,1,,,1,10,,162143,1,,,1,10,,162144,1,,,1,50,,162156,1,,,1,11,,162157,1,,,1,12,,162145,1,,,1,15,,162129,1,,,1,15,,162146,1,,,1,55,,162147,1,,,1,15,,162148,1,,,1,15,,162149,1,,,1,15,,162150,1,,,1,55,,162151,1,,,1,15,,162152,1,,,1,15,,162153,1,,,1,15,,162111,1,,,1,55,,162154,1,,,1,15,,162112,1,,,1,15,,162113,1,,,1,15,,162114,1,,,1,55,,162115,1,,,1,15,,162116,1,,,1,11,,162117,1,,,1,15,,162118,1,,,1,60,,162119,1,,,1,20,,162120,1,,,1,20,,162121,1,,,1,60,,162122,1,,,1,20,,162189,1,,,1,20,,162123,1,,,1,68,,162124,1,,,1,30,,162125,1,,,1,70,,162126,1,,,1,30,,162127,1,,,1,70,,162128,1,,,1
400,'004-Weekday-2-26-06-1111100',439,,189427,1,,,1,15,,189428,1,,,1,55,,189429,1,,,1,15,,189430,1,,,1,15,,189463,1,,,1,15,,189464,1,,,1,55,,189465,1,,,1,15,,189501,1,,,1,12,,189502,1,,,1,12,,189472,1,,,1,52,,189500,1,,,1,12,,189499,1,,,1,12,,189498,1,,,1,12,,189497,1,,,1,12,,189519,1,,,1,52,,189518,1,,,1,12,,189520,1,,,1,12,,189487,1,,,1,12,,189473,1,,,1,12,,189522,1,,,1,52,,189474,1,,,1,12,,189462,1,,,1,12,,189431,1,,,1,12,,189432,1,,,1,12,,189433,1,,,1,52,,189434,1,,,1,12,,189435,1,,,1,12,,189436,1,,,1,12,,189437,1,,,1,12,,189438,1,,,1,52,,189439,1,,,1,12,,189440,1,,,1,12,,189441,1,,,1,12,,189442,1,,,1,12,,189466,1,,,1,52,,189467,1,,,1,12,,189468,1,,,1,12,,189469,1,,,1,12,,189470,1,,,1,12,,189471,1,,,1,52,,189490,1,,,1,12,,189491,1,,,1,12,,189492,1,,,1,12,,189493,1,,,1,12,,189494,1,,,1,52,,189495,1,,,1,12,,189496,1,,,1,9,,189503,1,,,1,10,,189504,1,,,1,8,,189505,1,,,1,9,,189506,1,,,1,9,,189507,1,,,1,49,,189508,1,,,1,10,,189509,1,,,1,10,,189510,1,,,1,10,,189511,1,,,1,10,,189512,1,,,1,10,,189513,1,,,1,50,,189514,1,,,1,10,,189515,1,,,1,10,,189516,1,,,1,10,,189517,1,,,1,10,,189475,1,,,1,10,,189476,1,,,1,50,,189488,1,,,1,11,,189489,1,,,1,12,,189477,1,,,1,15,,189461,1,,,1,15,,189478,1,,,1,55,,189479,1,,,1,15,,189480,1,,,1,15,,189481,1,,,1,15,,189482,1,,,1,55,,189483,1,,,1,15,,189484,1,,,1,15,,189485,1,,,1,15,,189443,1,,,1,55,,189486,1,,,1,15,,189444,1,,,1,15,,189445,1,,,1,15,,189446,1,,,1,55,,189447,1,,,1,15,,189448,1,,,1,11,,189449,1,,,1,15,,189450,1,,,1,60,,189451,1,,,1,20,,189452,1,,,1,20,,189453,1,,,1,60,,189454,1,,,1,20,,189521,1,,,1,20,,189455,1,,,1,68,,189456,1,,,1,30,,189457,1,,,1,70,,189458,1,,,1,30,,189459,1,,,1,70,,189460,1,,,1
400,'004-Saturday-1-26-06-0000010',516,,162303,1,,,1,20,,162192,1,,,1,20,,162193,1,,,1,60,,162194,1,,,1,20,,162195,1,,,1,20,,162196,1,,,1,60,,162197,1,,,1,20,,162198,1,,,1,15,,162199,1,,,1,55,,162200,1,,,1,15,,162201,1,,,1,15,,162202,1,,,1,15,,162203,1,,,1,55,,162204,1,,,1,15,,162205,1,,,1,15,,162206,1,,,1,15,,162207,1,,,1,55,,162208,1,,,1,15,,162209,1,,,1,15,,162210,1,,,1,15,,162211,1,,,1,55,,162212,1,,,1,15,,162213,1,,,1,15,,162214,1,,,1,15,,162215,1,,,1,55,,162216,1,,,1,15,,162217,1,,,1,15,,162218,1,,,1,15,,162220,1,,,1,55,,162222,1,,,1,15,,162224,1,,,1,15,,162226,1,,,1,15,,162228,1,,,1,55,,162230,1,,,1,15,,162232,1,,,1,15,,162234,1,,,1,15,,162236,1,,,1,55,,162238,1,,,1,15,,162240,1,,,1,15,,162242,1,,,1,15,,162244,1,,,1,55,,162246,1,,,1,15,,162248,1,,,1,15,,162250,1,,,1,16,,162252,1,,,1,56,,162255,1,,,1,15,,162191,1,,,1,15,,162254,1,,,1,15,,162259,1,,,1,55,,162261,1,,,1,15,,162263,1,,,1,15,,162265,1,,,1,15,,162267,1,,,1,55,,162269,1,,,1,15,,162271,1,,,1,15,,162273,1,,,1,15,,162275,1,,,1,55,,162277,1,,,1,15,,162279,1,,,1,15,,162281,1,,,1,15,,162283,1,,,1,55,,162285,1,,,1,15,,162287,1,,,1,15,,162290,1,,,1,15,,162291,1,,,1,55,,162292,1,,,1,20,,162289,1,,,1,20,,162293,1,,,1,60,,162294,1,,,1,20,,162295,1,,,1,20,,162296,1,,,1,70,,162297,1,,,1,30,,162298,1,,,1,70,,162299,1,,,1,30,,162300,1,,,1,70,,162301,1,,,1,30,,162302,1,,,1
400,'004-Saturday-2-26-06-0000010',516,,204833,1,,,1,20,,204722,1,,,1,20,,204723,1,,,1,60,,204724,1,,,1,20,,204725,1,,,1,20,,204726,1,,,1,60,,204727,1,,,1,20,,204728,1,,,1,15,,204729,1,,,1,55,,204730,1,,,1,15,,204731,1,,,1,15,,204732,1,,,1,15,,204733,1,,,1,55,,204734,1,,,1,15,,204735,1,,,1,15,,204736,1,,,1,15,,204737,1,,,1,55,,204738,1,,,1,15,,204739,1,,,1,15,,204740,1,,,1,15,,204741,1,,,1,55,,204742,1,,,1,15,,204743,1,,,1,15,,204744,1,,,1,15,,204745,1,,,1,55,,204746,1,,,1,15,,204747,1,,,1,15,,204748,1,,,1,15,,204750,1,,,1,55,,204752,1,,,1,15,,204754,1,,,1,15,,204756,1,,,1,15,,204758,1,,,1,55,,204760,1,,,1,15,,204762,1,,,1,15,,204764,1,,,1,15,,204766,1,,,1,55,,204768,1,,,1,15,,204770,1,,,1,15,,204772,1,,,1,15,,204774,1,,,1,55,,204776,1,,,1,15,,204778,1,,,1,15,,204780,1,,,1,16,,204782,1,,,1,56,,204785,1,,,1,15,,204721,1,,,1,15,,204784,1,,,1,15,,204789,1,,,1,55,,204791,1,,,1,15,,204793,1,,,1,15,,204795,1,,,1,15,,204797,1,,,1,55,,204799,1,,,1,15,,204801,1,,,1,15,,204803,1,,,1,15,,204805,1,,,1,55,,204807,1,,,1,15,,204809,1,,,1,15,,204811,1,,,1,15,,204813,1,,,1,55,,204815,1,,,1,15,,204817,1,,,1,15,,204820,1,,,1,15,,204821,1,,,1,55,,204822,1,,,1,20,,204819,1,,,1,20,,204823,1,,,1,60,,204824,1,,,1,20,,204825,1,,,1,20,,204826,1,,,1,70,,204827,1,,,1,30,,204828,1,,,1,70,,204829,1,,,1,30,,204830,1,,,1,70,,204831,1,,,1,30,,204832,1,,,1
400,'004-Sunday-2-26-06-0000001',525,,189523,1,,,1,20,,189524,1,,,1,60,,189525,1,,,1,20,,189526,1,,,1,20,,189527,1,,,1,60,,189528,1,,,1,20,,189529,1,,,1,20,,189530,1,,,1,59,,189531,1,,,1,18,,189532,1,,,1,15,,189595,1,,,1,15,,189533,1,,,1,55,,189534,1,,,1,18,,189535,1,,,1,15,,189536,1,,,1,15,,189537,1,,,1,55,,189538,1,,,1,15,,189539,1,,,1,15,,189540,1,,,1,15,,189541,1,,,1,55,,189542,1,,,1,15,,189543,1,,,1,15,,189544,1,,,1,15,,189545,1,,,1,55,,189546,1,,,1,15,,189547,1,,,1,15,,189548,1,,,1,15,,189549,1,,,1,55,,189550,1,,,1,15,,189551,1,,,1,15,,189552,1,,,1,15,,189553,1,,,1,55,,189554,1,,,1,15,,189555,1,,,1,15,,189556,1,,,1,15,,189557,1,,,1,55,,189558,1,,,1,15,,189559,1,,,1,15,,189560,1,,,1,15,,189561,1,,,1,55,,189562,1,,,1,16,,189563,1,,,1,16,,189564,1,,,1,14,,189565,1,,,1,53,,189566,1,,,1,15,,189567,1,,,1,15,,189568,1,,,1,15,,189569,1,,,1,55,,189570,1,,,1,15,,189571,1,,,1,15,,189572,1,,,1,15,,189573,1,,,1,55,,189574,1,,,1,15,,189575,1,,,1,15,,189576,1,,,1,15,,189577,1,,,1,55,,189578,1,,,1,15,,189579,1,,,1,15,,189580,1,,,1,15,,189581,1,,,1,55,,189582,1,,,1,15,,189594,1,,,1,15,,189583,1,,,1,20,,189584,1,,,1,60,,189585,1,,,1,20,,189587,1,,,1,20,,189588,1,,,1,60,,189589,1,,,1,30,,189586,1,,,1,70,,189590,1,,,1,30,,189591,1,,,1,70,,189592,1,,,1,30,,189593,1,,,1,70,,189597,1,,,1,30,,189596,1,,,1
400,'004-Sunday-3-26-06-0000001',525,,204834,1,,,1,20,,204835,1,,,1,60,,204836,1,,,1,20,,204837,1,,,1,20,,204838,1,,,1,60,,204839,1,,,1,20,,204840,1,,,1,20,,204841,1,,,1,59,,204842,1,,,1,18,,204843,1,,,1,15,,204906,1,,,1,15,,204844,1,,,1,55,,204845,1,,,1,18,,204846,1,,,1,15,,204847,1,,,1,15,,204848,1,,,1,55,,204849,1,,,1,15,,204850,1,,,1,15,,204851,1,,,1,15,,204852,1,,,1,55,,204853,1,,,1,15,,204854,1,,,1,15,,204855,1,,,1,15,,204856,1,,,1,55,,204857,1,,,1,15,,204858,1,,,1,15,,204859,1,,,1,15,,204860,1,,,1,55,,204861,1,,,1,15,,204862,1,,,1,15,,204863,1,,,1,15,,204864,1,,,1,55,,204865,1,,,1,15,,204866,1,,,1,15,,204867,1,,,1,15,,204868,1,,,1,55,,204869,1,,,1,15,,204870,1,,,1,15,,204871,1,,,1,15,,204872,1,,,1,55,,204873,1,,,1,16,,204874,1,,,1,16,,204875,1,,,1,14,,204876,1,,,1,53,,204877,1,,,1,15,,204878,1,,,1,15,,204879,1,,,1,15,,204880,1,,,1,55,,204881,1,,,1,15,,204882,1,,,1,15,,204883,1,,,1,15,,204884,1,,,1,55,,204885,1,,,1,15,,204886,1,,,1,15,,204887,1,,,1,15,,204888,1,,,1,55,,204889,1,,,1,15,,204890,1,,,1,15,,204891,1,,,1,15,,204892,1,,,1,55,,204893,1,,,1,15,,204905,1,,,1,15,,204894,1,,,1,20,,204895,1,,,1,60,,204896,1,,,1,20,,204898,1,,,1,20,,204899,1,,,1,60,,204900,1,,,1,30,,204897,1,,,1,70,,204901,1,,,1,30,,204902,1,,,1,70,,204903,1,,,1,30,,204904,1,,,1,70,,204908,1,,,1,30,,204907,1,,,1
400,'004-Sunday-6-26-06-0000001',525,,204909,1,,,1,20,,204910,1,,,1,60,,204911,1,,,1,20,,204912,1,,,1,20,,204913,1,,,1,60,,204914,1,,,1,20,,204915,1,,,1,20,,204916,1,,,1,59,,204917,1,,,1,18,,204918,1,,,1,15,,204981,1,,,1,15,,204919,1,,,1,55,,204920,1,,,1,18,,204921,1,,,1,15,,204922,1,,,1,15,,204923,1,,,1,55,,204924,1,,,1,15,,204925,1,,,1,15,,204926,1,,,1,15,,204927,1,,,1,55,,204928,1,,,1,15,,204929,1,,,1,15,,204930,1,,,1,15,,204931,1,,,1,55,,204932,1,,,1,15,,204933,1,,,1,15,,204934,1,,,1,15,,204935,1,,,1,55,,204936,1,,,1,15,,204937,1,,,1,15,,204938,1,,,1,15,,204939,1,,,1,55,,204940,1,,,1,15,,204941,1,,,1,15,,204942,1,,,1,15,,204943,1,,,1,55,,204944,1,,,1,15,,204945,1,,,1,15,,204946,1,,,1,15,,204947,1,,,1,55,,204948,1,,,1,16,,204949,1,,,1,16,,204950,1,,,1,14,,204951,1,,,1,53,,204952,1,,,1,15,,204953,1,,,1,15,,204954,1,,,1,15,,204955,1,,,1,55,,204956,1,,,1,15,,204957,1,,,1,15,,204958,1,,,1,15,,204959,1,,,1,55,,204960,1,,,1,15,,204961,1,,,1,15,,204962,1,,,1,15,,204963,1,,,1,55,,204964,1,,,1,15,,204965,1,,,1,15,,204966,1,,,1,15,,204967,1,,,1,55,,204968,1,,,1,15,,204980,1,,,1,15,,204969,1,,,1,20,,204970,1,,,1,60,,204971,1,,,1,20,,204973,1,,,1,20,,204974,1,,,1,60,,204975,1,,,1,30,,204972,1,,,1,70,,204976,1,,,1,30,,204977,1,,,1,70,,204978,1,,,1,30,,204979,1,,,1,70,,204983,1,,,1,30,,204982,1,,,1
400,'004-Sunday-7-26-06-0000001',525,,204984,1,,,1,20,,204985,1,,,1,60,,204986,1,,,1,20,,204987,1,,,1,20,,204988,1,,,1,60,,204989,1,,,1,20,,204990,1,,,1,20,,204991,1,,,1,59,,204992,1,,,1,18,,204993,1,,,1,15,,205056,1,,,1,15,,204994,1,,,1,55,,204995,1,,,1,18,,204996,1,,,1,15,,204997,1,,,1,15,,204998,1,,,1,55,,204999,1,,,1,15,,205000,1,,,1,15,,205001,1,,,1,15,,205002,1,,,1,55,,205003,1,,,1,15,,205004,1,,,1,15,,205005,1,,,1,15,,205006,1,,,1,55,,205007,1,,,1,15,,205008,1,,,1,15,,205009,1,,,1,15,,205010,1,,,1,55,,205011,1,,,1,15,,205012,1,,,1,15,,205013,1,,,1,15,,205014,1,,,1,55,,205015,1,,,1,15,,205016,1,,,1,15,,205017,1,,,1,15,,205018,1,,,1,55,,205019,1,,,1,15,,205020,1,,,1,15,,205021,1,,,1,15,,205022,1,,,1,55,,205023,1,,,1,16,,205024,1,,,1,16,,205025,1,,,1,14,,205026,1,,,1,53,,205027,1,,,1,15,,205028,1,,,1,15,,205029,1,,,1,15,,205030,1,,,1,55,,205031,1,,,1,15,,205032,1,,,1,15,,205033,1,,,1,15,,205034,1,,,1,55,,205035,1,,,1,15,,205036,1,,,1,15,,205037,1,,,1,15,,205038,1,,,1,55,,205039,1,,,1,15,,205040,1,,,1,15,,205041,1,,,1,15,,205042,1,,,1,55,,205043,1,,,1,15,,205055,1,,,1,15,,205044,1,,,1,20,,205045,1,,,1,60,,205046,1,,,1,20,,205048,1,,,1,20,,205049,1,,,1,60,,205050,1,,,1,30,,205047,1,,,1,70,,205051,1,,,1,30,,205052,1,,,1,70,,205053,1,,,1,30,,205054,1,,,1,70,,205058,1,,,1,30,,205057,1,,,1
401,'004-Weekday-1-26-06-1111100',542,,162473,72,4,,1,15,,162379,72,4,,1,55,,162380,72,4,,1,15,,162381,72,4,,1,20,,162382,72,4,,1,60,,162383,72,4,,1,22,,162420,72,4,,1,21,,162419,72,4,,1,53,,162418,72,4,,1,12,,162470,72,4,,1,12,,162471,72,4,,1,12,,162463,72,4,,1,12,,162464,72,4,,1,52,,162465,72,4,,1,12,,162466,72,4,,1,10,,162467,72,4,,1,12,,162468,72,4,,1,12,,162469,72,4,,1,53,,162417,72,4,,1,11,,162453,72,4,,1,12,,162416,72,4,,1,12,,162415,72,4,,1,12,,162449,72,4,,1,52,,162450,72,4,,1,12,,162384,72,4,,1,13,,162385,72,4,,1,14,,162386,72,4,,1,12,,162387,72,4,,1,53,,162388,72,4,,1,13,,162389,72,4,,1,12,,162390,72,4,,1,12,,162391,72,4,,1,12,,162392,72,4,,1,52,,162393,72,4,,1,12,,162394,72,4,,1,12,,162395,72,4,,1,12,,162421,72,4,,1,12,,162422,72,4,,1,52,,162423,72,4,,1,12,,162424,72,4,,1,12,,162425,72,4,,1,12,,162457,72,4,,1,12,,162458,72,4,,1,54,,162459,72,4,,1,16,,162460,72,4,,1,14,,162461,72,4,,1,19,,162462,72,4,,1,53,,162456,72,4,,1,12,,162426,72,4,,1,14,,162472,72,4,,1,9,,162427,72,4,,1,8,,162428,72,4,,1,50,,162429,72,4,,1,10,,162430,72,4,,1,10,,162431,72,4,,1,10,,162432,72,4,,1,10,,162433,72,4,,1,10,,162434,72,4,,1,50,,162435,72,4,,1,10,,162436,72,4,,1,10,,162437,72,4,,1,8,,162438,72,4,,1,7,,162439,72,4,,1,6,,162440,72,4,,1,8,,162454,72,4,,1,49,,162455,72,4,,1,8,,162441,72,4,,1,13,,162442,72,4,,1,12,,162443,72,4,,1,12,,162444,72,4,,1,55,,162445,72,4,,1,15,,162446,72,4,,1,15,,162447,72,4,,1,15,,162448,72,4,,1,55,,162451,72,4,,1,15,,162452,72,4,,1,15,,162396,72,4,,1,15,,162397,72,4,,1,55,,162399,72,4,,1,13,,162400,72,4,,1,13,,162401,72,4,,1,12,,162398,72,4,,1,13,,162402,72,4,,1,54,,162403,72,4,,1,20,,162404,72,4,,1,20,,162405,72,4,,1,59,,162406,72,4,,1,20,,162407,72,4,,1,18,,162408,72,4,,1,59,,162409,72,4,,1,29,,162410,72,4,,1,70,,162411,72,4,,1,30,,162412,72,4,,1,70,,162413,72,4,,1,30,,162414,72,4,,1
401,'004-Weekday-2-26-06-1111100',542,,189692,72,4,,1,15,,189598,72,4,,1,55,,189599,72,4,,1,15,,189600,72,4,,1,20,,189601,72,4,,1,60,,189602,72,4,,1,22,,189639,72,4,,1,21,,189638,72,4,,1,53,,189637,72,4,,1,12,,189689,72,4,,1,12,,189690,72,4,,1,12,,189682,72,4,,1,12,,189683,72,4,,1,52,,189684,72,4,,1,12,,189685,72,4,,1,10,,189686,72,4,,1,12,,189687,72,4,,1,12,,189688,72,4,,1,53,,189636,72,4,,1,11,,189672,72,4,,1,12,,189635,72,4,,1,12,,189634,72,4,,1,12,,189668,72,4,,1,52,,189669,72,4,,1,12,,189603,72,4,,1,13,,189604,72,4,,1,14,,189605,72,4,,1,12,,189606,72,4,,1,53,,189607,72,4,,1,13,,189608,72,4,,1,12,,189609,72,4,,1,12,,189610,72,4,,1,12,,189611,72,4,,1,52,,189612,72,4,,1,12,,189613,72,4,,1,12,,189614,72,4,,1,12,,189640,72,4,,1,12,,189641,72,4,,1,52,,189642,72,4,,1,12,,189643,72,4,,1,12,,189644,72,4,,1,12,,189676,72,4,,1,12,,189677,72,4,,1,54,,189678,72,4,,1,16,,189679,72,4,,1,14,,189680,72,4,,1,19,,189681,72,4,,1,53,,189675,72,4,,1,12,,189645,72,4,,1,14,,189691,72,4,,1,9,,189646,72,4,,1,8,,189647,72,4,,1,50,,189648,72,4,,1,10,,189649,72,4,,1,10,,189650,72,4,,1,10,,189651,72,4,,1,10,,189652,72,4,,1,10,,189653,72,4,,1,50,,189654,72,4,,1,10,,189655,72,4,,1,10,,189656,72,4,,1,8,,189657,72,4,,1,7,,189658,72,4,,1,6,,189659,72,4,,1,8,,189673,72,4,,1,49,,189674,72,4,,1,8,,189660,72,4,,1,13,,189661,72,4,,1,12,,189662,72,4,,1,12,,189663,72,4,,1,55,,189664,72,4,,1,15,,189665,72,4,,1,15,,189666,72,4,,1,15,,189667,72,4,,1,55,,189670,72,4,,1,15,,189671,72,4,,1,15,,189615,72,4,,1,15,,189616,72,4,,1,55,,189618,72,4,,1,13,,189619,72,4,,1,13,,189620,72,4,,1,12,,189617,72,4,,1,13,,189621,72,4,,1,54,,189622,72,4,,1,20,,189623,72,4,,1,20,,189624,72,4,,1,59,,189625,72,4,,1,20,,189626,72,4,,1,18,,189627,72,4,,1,59,,189628,72,4,,1,29,,189629,72,4,,1,70,,189630,72,4,,1,30,,189631,72,4,,1,70,,189632,72,4,,1,30,,189633,72,4,,1
401,'004-Saturday-1-26-06-0000010',618,,162475,72,4,,1,20,,162476,72,4,,1,20,,162477,72,4,,1,60,,162478,72,4,,1,20,,162479,72,4,,1,20,,162480,72,4,,1,60,,162481,72,4,,1,20,,162482,72,4,,1,20,,162483,72,4,,1,58,,162484,72,4,,1,17,,162485,72,4,,1,19,,162486,72,4,,1,64,,162487,72,4,,1,15,,162488,72,4,,1,15,,162489,72,4,,1,55,,162490,72,4,,1,15,,162491,72,4,,1,15,,162492,72,4,,1,15,,162494,72,4,,1,55,,162493,72,4,,1,15,,162496,72,4,,1,15,,162497,72,4,,1,15,,162499,72,4,,1,55,,162500,72,4,,1,15,,162502,72,4,,1,15,,162504,72,4,,1,15,,162506,72,4,,1,55,,162508,72,4,,1,15,,162510,72,4,,1,15,,162512,72,4,,1,15,,162514,72,4,,1,55,,162516,72,4,,1,15,,162518,72,4,,1,15,,162520,72,4,,1,15,,162522,72,4,,1,55,,162525,72,4,,1,15,,162527,72,4,,1,15,,162528,72,4,,1,15,,162531,72,4,,1,55,,162533,72,4,,1,15,,162534,72,4,,1,14,,162536,72,4,,1,15,,162538,72,4,,1,55,,162540,72,4,,1,15,,162542,72,4,,1,16,,162544,72,4,,1,15,,162546,72,4,,1,55,,162474,72,4,,1,15,,162548,72,4,,1,16,,162550,72,4,,1,15,,162552,72,4,,1,55,,162554,72,4,,1,15,,162556,72,4,,1,15,,162558,72,4,,1,15,,162560,72,4,,1,55,,162562,72,4,,1,16,,162563,72,4,,1,15,,162564,72,4,,1,15,,162565,72,4,,1,55,,162566,72,4,,1,15,,162567,72,4,,1,15,,162568,72,4,,1,15,,162569,72,4,,1,55,,162570,72,4,,1,15,,162571,72,4,,1,18,,162572,72,4,,1,20,,162573,72,4,,1,57,,162574,72,4,,1,17,,162575,72,4,,1,16,,162576,72,4,,1,58,,162577,72,4,,1,20,,162578,72,4,,1,30,,162579,72,4,,1,70,,162584,72,4,,1,30,,162580,72,4,,1,70,,162581,72,4,,1,30,,162582,72,4,,1
401,'004-Saturday-2-26-06-0000010',618,,205060,72,4,,1,20,,205061,72,4,,1,20,,205062,72,4,,1,60,,205063,72,4,,1,20,,205064,72,4,,1,20,,205065,72,4,,1,60,,205066,72,4,,1,20,,205067,72,4,,1,20,,205068,72,4,,1,58,,205069,72,4,,1,17,,205070,72,4,,1,19,,205071,72,4,,1,64,,205072,72,4,,1,15,,205073,72,4,,1,15,,205074,72,4,,1,55,,205075,72,4,,1,15,,205076,72,4,,1,15,,205077,72,4,,1,15,,205079,72,4,,1,55,,205078,72,4,,1,15,,205081,72,4,,1,15,,205082,72,4,,1,15,,205084,72,4,,1,55,,205085,72,4,,1,15,,205087,72,4,,1,15,,205089,72,4,,1,15,,205091,72,4,,1,55,,205093,72,4,,1,15,,205095,72,4,,1,15,,205097,72,4,,1,15,,205099,72,4,,1,55,,205101,72,4,,1,15,,205103,72,4,,1,15,,205105,72,4,,1,15,,205107,72,4,,1,55,,205110,72,4,,1,15,,205112,72,4,,1,15,,205113,72,4,,1,15,,205116,72,4,,1,55,,205118,72,4,,1,15,,205119,72,4,,1,14,,205121,72,4,,1,15,,205123,72,4,,1,55,,205125,72,4,,1,15,,205127,72,4,,1,16,,205129,72,4,,1,15,,205131,72,4,,1,55,,205059,72,4,,1,15,,205133,72,4,,1,16,,205135,72,4,,1,15,,205137,72,4,,1,55,,205139,72,4,,1,15,,205141,72,4,,1,15,,205143,72,4,,1,15,,205145,72,4,,1,55,,205147,72,4,,1,16,,205148,72,4,,1,15,,205149,72,4,,1,15,,205150,72,4,,1,55,,205151,72,4,,1,15,,205152,72,4,,1,15,,205153,72,4,,1,15,,205154,72,4,,1,55,,205155,72,4,,1,15,,205156,72,4,,1,18,,205157,72,4,,1,20,,205158,72,4,,1,57,,205159,72,4,,1,17,,205160,72,4,,1,16,,205161,72,4,,1,58,,205162,72,4,,1,20,,205163,72,4,,1,30,,205164,72,4,,1,70,,205169,72,4,,1,30,,205165,72,4,,1,70,,205166,72,4,,1,30,,205167,72,4,,1
401,'004-Sunday-2-26-06-0000001',628,,189693,72,4,,1,20,,189694,72,4,,1,60,,189695,72,4,,1,20,,189696,72,4,,1,20,,189697,72,4,,1,60,,189698,72,4,,1,20,,189699,72,4,,1,20,,189700,72,4,,1,62,,189701,72,4,,1,23,,189702,72,4,,1,26,,189703,72,4,,1,61,,189704,72,4,,1,20,,189705,72,4,,1,15,,189706,72,4,,1,55,,189766,72,4,,1,15,,189707,72,4,,1,15,,189708,72,4,,1,15,,189709,72,4,,1,55,,189710,72,4,,1,15,,189711,72,4,,1,15,,189712,72,4,,1,15,,189713,72,4,,1,55,,189714,72,4,,1,15,,189715,72,4,,1,15,,189716,72,4,,1,15,,189717,72,4,,1,55,,189718,72,4,,1,15,,189719,72,4,,1,15,,189720,72,4,,1,15,,189721,72,4,,1,55,,189722,72,4,,1,15,,189723,72,4,,1,15,,189724,72,4,,1,15,,189725,72,4,,1,55,,189726,72,4,,1,15,,189727,72,4,,1,15,,189728,72,4,,1,15,,189729,72,4,,1,54,,189730,72,4,,1,15,,189731,72,4,,1,11,,189732,72,4,,1,15,,189733,72,4,,1,54,,189734,72,4,,1,15,,189735,72,4,,1,15,,189736,72,4,,1,15,,189737,72,4,,1,55,,189738,72,4,,1,15,,189739,72,4,,1,15,,189740,72,4,,1,15,,189741,72,4,,1,55,,189742,72,4,,1,15,,189743,72,4,,1,15,,189744,72,4,,1,15,,189745,72,4,,1,55,,189746,72,4,,1,15,,189747,72,4,,1,15,,189748,72,4,,1,15,,189749,72,4,,1,55,,189750,72,4,,1,15,,189751,72,4,,1,15,,189752,72,4,,1,15,,189753,72,4,,1,55,,189765,72,4,,1,16,,189755,72,4,,1,20,,189756,72,4,,1,62,,189757,72,4,,1,17,,189754,72,4,,1,16,,189758,72,4,,1,16,,189759,72,4,,1,64,,189760,72,4,,1,31,,189761,72,4,,1,69,,189762,72,4,,1,30,,189763,72,4,,1,70,,189764,72,4,,1,30,,189767,72,4,,1
401,'004-Sunday-3-26-06-0000001',628,,205170,72,4,,1,20,,205171,72,4,,1,60,,205172,72,4,,1,20,,205173,72,4,,1,20,,205174,72,4,,1,60,,205175,72,4,,1,20,,205176,72,4,,1,20,,205177,72,4,,1,62,,205178,72,4,,1,23,,205179,72,4,,1,26,,205180,72,4,,1,61,,205181,72,4,,1,20,,205182,72,4,,1,15,,205183,72,4,,1,55,,205243,72,4,,1,15,,205184,72,4,,1,15,,205185,72,4,,1,15,,205186,72,4,,1,55,,205187,72,4,,1,15,,205188,72,4,,1,15,,205189,72,4,,1,15,,205190,72,4,,1,55,,205191,72,4,,1,15,,205192,72,4,,1,15,,205193,72,4,,1,15,,205194,72,4,,1,55,,205195,72,4,,1,15,,205196,72,4,,1,15,,205197,72,4,,1,15,,205198,72,4,,1,55,,205199,72,4,,1,15,,205200,72,4,,1,15,,205201,72,4,,1,15,,205202,72,4,,1,55,,205203,72,4,,1,15,,205204,72,4,,1,15,,205205,72,4,,1,15,,205206,72,4,,1,54,,205207,72,4,,1,15,,205208,72,4,,1,11,,205209,72,4,,1,15,,205210,72,4,,1,54,,205211,72,4,,1,15,,205212,72,4,,1,15,,205213,72,4,,1,15,,205214,72,4,,1,55,,205215,72,4,,1,15,,205216,72,4,,1,15,,205217,72,4,,1,15,,205218,72,4,,1,55,,205219,72,4,,1,15,,205220,72,4,,1,15,,205221,72,4,,1,15,,205222,72,4,,1,55,,205223,72,4,,1,15,,205224,72,4,,1,15,,205225,72,4,,1,15,,205226,72,4,,1,55,,205227,72,4,,1,15,,205228,72,4,,1,15,,205229,72,4,,1,15,,205230,72,4,,1,55,,205242,72,4,,1,16,,205232,72,4,,1,20,,205233,72,4,,1,62,,205234,72,4,,1,17,,205231,72,4,,1,16,,205235,72,4,,1,16,,205236,72,4,,1,64,,205237,72,4,,1,31,,205238,72,4,,1,69,,205239,72,4,,1,30,,205240,72,4,,1,70,,205241,72,4,,1,30,,205244,72,4,,1
401,'004-Sunday-6-26-06-0000001',628,,205245,72,4,,1,20,,205246,72,4,,1,60,,205247,72,4,,1,20,,205248,72,4,,1,20,,205249,72,4,,1,60,,205250,72,4,,1,20,,205251,72,4,,1,20,,205252,72,4,,1,62,,205253,72,4,,1,23,,205254,72,4,,1,26,,205255,72,4,,1,61,,205256,72,4,,1,20,,205257,72,4,,1,15,,205258,72,4,,1,55,,205318,72,4,,1,15,,205259,72,4,,1,15,,205260,72,4,,1,15,,205261,72,4,,1,55,,205262,72,4,,1,15,,205263,72,4,,1,15,,205264,72,4,,1,15,,205265,72,4,,1,55,,205266,72,4,,1,15,,205267,72,4,,1,15,,205268,72,4,,1,15,,205269,72,4,,1,55,,205270,72,4,,1,15,,205271,72,4,,1,15,,205272,72,4,,1,15,,205273,72,4,,1,55,,205274,72,4,,1,15,,205275,72,4,,1,15,,205276,72,4,,1,15,,205277,72,4,,1,55,,205278,72,4,,1,15,,205279,72,4,,1,15,,205280,72,4,,1,15,,205281,72,4,,1,54,,205282,72,4,,1,15,,205283,72,4,,1,11,,205284,72,4,,1,15,,205285,72,4,,1,54,,205286,72,4,,1,15,,205287,72,4,,1,15,,205288,72,4,,1,15,,205289,72,4,,1,55,,205290,72,4,,1,15,,205291,72,4,,1,15,,205292,72,4,,1,15,,205293,72,4,,1,55,,205294,72,4,,1,15,,205295,72,4,,1,15,,205296,72,4,,1,15,,205297,72,4,,1,55,,205298,72,4,,1,15,,205299,72,4,,1,15,,205300,72,4,,1,15,,205301,72,4,,1,55,,205302,72,4,,1,15,,205303,72,4,,1,15,,205304,72,4,,1,15,,205305,72,4,,1,55,,205317,72,4,,1,16,,205307,72,4,,1,20,,205308,72,4,,1,62,,205309,72,4,,1,17,,205306,72,4,,1,16,,205310,72,4,,1,16,,205311,72,4,,1,64,,205312,72,4,,1,31,,205313,72,4,,1,69,,205314,72,4,,1,30,,205315,72,4,,1,70,,205316,72,4,,1,30,,205319,72,4,,1
401,'004-Sunday-7-26-06-0000001',628,,205320,72,4,,1,20,,205321,72,4,,1,60,,205322,72,4,,1,20,,205323,72,4,,1,20,,205324,72,4,,1,60,,205325,72,4,,1,20,,205326,72,4,,1,20,,205327,72,4,,1,62,,205328,72,4,,1,23,,205329,72,4,,1,26,,205330,72,4,,1,61,,205331,72,4,,1,20,,205332,72,4,,1,15,,205333,72,4,,1,55,,205393,72,4,,1,15,,205334,72,4,,1,15,,205335,72,4,,1,15,,205336,72,4,,1,55,,205337,72,4,,1,15,,205338,72,4,,1,15,,205339,72,4,,1,15,,205340,72,4,,1,55,,205341,72,4,,1,15,,205342,72,4,,1,15,,205343,72,4,,1,15,,205344,72,4,,1,55,,205345,72,4,,1,15,,205346,72,4,,1,15,,205347,72,4,,1,15,,205348,72,4,,1,55,,205349,72,4,,1,15,,205350,72,4,,1,15,,205351,72,4,,1,15,,205352,72,4,,1,55,,205353,72,4,,1,15,,205354,72,4,,1,15,,205355,72,4,,1,15,,205356,72,4,,1,54,,205357,72,4,,1,15,,205358,72,4,,1,11,,205359,72,4,,1,15,,205360,72,4,,1,54,,205361,72,4,,1,15,,205362,72,4,,1,15,,205363,72,4,,1,15,,205364,72,4,,1,55,,205365,72,4,,1,15,,205366,72,4,,1,15,,205367,72,4,,1,15,,205368,72,4,,1,55,,205369,72,4,,1,15,,205370,72,4,,1,15,,205371,72,4,,1,15,,205372,72,4,,1,55,,205373,72,4,,1,15,,205374,72,4,,1,15,,205375,72,4,,1,15,,205376,72,4,,1,55,,205377,72,4,,1,15,,205378,72,4,,1,15,,205379,72,4,,1,15,,205380,72,4,,1,55,,205392,72,4,,1,16,,205382,72,4,,1,20,,205383,72,4,,1,62,,205384,72,4,,1,17,,205381,72,4,,1,16,,205385,72,4,,1,16,,205386,72,4,,1,64,,205387,72,4,,1,31,,205388,72,4,,1,69,,205389,72,4,,1,30,,205390,72,4,,1,70,,205391,72,4,,1,30,,205394,72,4,,1
