10901,'109-Weekday-1-26-06-1111100',535,,171391,23,0,18 14,1,70,,171392,23,0,18 14,1,31,,171393,23,0,18 14,1,66,,171394,23,0,18 14,1,20,,171395,23,0,18 14,1,20,,171396,23,0,18 14,1,60,,171397,23,0,18 14,1,20,,171398,23,0,18 14,1,20,,171399,23,0,18 14,1,65,,171400,23,0,18 14,1,29,,171401,23,0,18 14,1,70,,171402,23,0,18 14,1,30,,171403,23,0,18 14,1,70,,171404,23,0,18 14,1,30,,171405,23,0,18 14,1,70,,171406,23,0,18 14,1,30,,171407,23,0,18 14,1,70,,171408,23,0,18 14,1,30,,171409,23,0,18 14,1,70,,171410,23,0,18 14,1,30,,171411,23,0,18 14,1,72,,171412,23,0,18 14,1,27,,171413,23,0,18 14,1,20,,171414,23,0,18 14,1,60,,171415,23,0,18 14,1,20,,171416,23,0,18 14,1,20,,171417,23,0,18 14,1,60,,171429,23,0,18 14,1,25,,171418,23,0,18 14,1,70,,171419,23,0,18 14,1,28,,171420,23,0,18 14,1,68,,171421,23,0,18 14,1,30,,171422,23,0,18 14,1,70,,171423,23,0,18 14,1,30,,171424,23,0,18 14,1,70,,171425,23,0,18 14,1,30,,171426,23,0,18 14,1,69,,171430,23,0,18 14,1,99,,171427,23,0,18 14,1,100,,171428,23,0,18 14,1
10901,'109-Weekday-2-26-06-1111100',535,,193497,23,0,18 14,1,70,,193498,23,0,18 14,1,31,,193499,23,0,18 14,1,66,,193500,23,0,18 14,1,20,,193501,23,0,18 14,1,20,,193502,23,0,18 14,1,60,,193503,23,0,18 14,1,20,,193504,23,0,18 14,1,20,,193505,23,0,18 14,1,65,,193506,23,0,18 14,1,29,,193507,23,0,18 14,1,70,,193508,23,0,18 14,1,30,,193509,23,0,18 14,1,70,,193510,23,0,18 14,1,30,,193511,23,0,18 14,1,70,,193512,23,0,18 14,1,30,,193513,23,0,18 14,1,70,,193514,23,0,18 14,1,30,,193515,23,0,18 14,1,70,,193516,23,0,18 14,1,30,,193517,23,0,18 14,1,72,,193518,23,0,18 14,1,27,,193519,23,0,18 14,1,20,,193520,23,0,18 14,1,60,,193521,23,0,18 14,1,20,,193522,23,0,18 14,1,20,,193523,23,0,18 14,1,60,,193535,23,0,18 14,1,25,,193524,23,0,18 14,1,70,,193525,23,0,18 14,1,28,,193526,23,0,18 14,1,68,,193527,23,0,18 14,1,30,,193528,23,0,18 14,1,70,,193529,23,0,18 14,1,30,,193530,23,0,18 14,1,70,,193531,23,0,18 14,1,30,,193532,23,0,18 14,1,69,,193536,23,0,18 14,1,99,,193533,23,0,18 14,1,100,,193534,23,0,18 14,1
10901,'109-Saturday-1-26-06-0000010',827,,171431,23,0,18 14,1,30,,171432,23,0,18 14,1,70,,171433,23,0,18 14,1,30,,171434,23,0,18 14,1,70,,171435,23,0,18 14,1,30,,171436,23,0,18 14,1,70,,171437,23,0,18 14,1,30,,171438,23,0,18 14,1,70,,171439,23,0,18 14,1,30,,171440,23,0,18 14,1,70,,171441,23,0,18 14,1,30,,171442,23,0,18 14,1,70,,171443,23,0,18 14,1,30,,171444,23,0,18 14,1,70,,171445,23,0,18 14,1,30,,171446,23,0,18 14,1,70,,171447,23,0,18 14,1,30,,171448,23,0,18 14,1,70,,171449,23,0,18 14,1,30,,171450,23,0,18 14,1,70,,171451,23,0,18 14,1,30,,171452,23,0,18 14,1,70,,171453,23,0,18 14,1,30,,171454,23,0,18 14,1,70,,171455,23,0,18 14,1,30,,171456,23,0,18 14,1,70,,171457,23,0,18 14,1,30,,171458,23,0,18 14,1
10901,'109-Saturday-2-26-06-0000010',827,,211947,23,0,18 14,1,30,,211948,23,0,18 14,1,70,,211949,23,0,18 14,1,30,,211950,23,0,18 14,1,70,,211951,23,0,18 14,1,30,,211952,23,0,18 14,1,70,,211953,23,0,18 14,1,30,,211954,23,0,18 14,1,70,,211955,23,0,18 14,1,30,,211956,23,0,18 14,1,70,,211957,23,0,18 14,1,30,,211958,23,0,18 14,1,70,,211959,23,0,18 14,1,30,,211960,23,0,18 14,1,70,,211961,23,0,18 14,1,30,,211962,23,0,18 14,1,70,,211963,23,0,18 14,1,30,,211964,23,0,18 14,1,70,,211965,23,0,18 14,1,30,,211966,23,0,18 14,1,70,,211967,23,0,18 14,1,30,,211968,23,0,18 14,1,70,,211969,23,0,18 14,1,30,,211970,23,0,18 14,1,70,,211971,23,0,18 14,1,30,,211972,23,0,18 14,1,70,,211973,23,0,18 14,1,30,,211974,23,0,18 14,1
10901,'109-Sunday-2-26-06-0000001',1037,,193537,23,0,18 14,1,70,,193538,23,0,18 14,1,30,,193539,23,0,18 14,1,70,,193540,23,0,18 14,1,30,,193541,23,0,18 14,1,70,,193542,23,0,18 14,1,30,,193543,23,0,18 14,1,70,,193544,23,0,18 14,1,30,,193545,23,0,18 14,1,70,,193546,23,0,18 14,1,30,,193547,23,0,18 14,1,70,,193548,23,0,18 14,1,30,,193549,23,0,18 14,1,70,,193550,23,0,18 14,1,30,,193551,23,0,18 14,1,70,,193552,23,0,18 14,1,30,,193553,23,0,18 14,1,70,,193554,23,0,18 14,1
10901,'109-Sunday-3-26-06-0000001',1037,,211975,23,0,18 14,1,70,,211976,23,0,18 14,1,30,,211977,23,0,18 14,1,70,,211978,23,0,18 14,1,30,,211979,23,0,18 14,1,70,,211980,23,0,18 14,1,30,,211981,23,0,18 14,1,70,,211982,23,0,18 14,1,30,,211983,23,0,18 14,1,70,,211984,23,0,18 14,1,30,,211985,23,0,18 14,1,70,,211986,23,0,18 14,1,30,,211987,23,0,18 14,1,70,,211988,23,0,18 14,1,30,,211989,23,0,18 14,1,70,,211990,23,0,18 14,1,30,,211991,23,0,18 14,1,70,,211992,23,0,18 14,1
10901,'109-Sunday-6-26-06-0000001',1037,,211993,23,0,18 14,1,70,,211994,23,0,18 14,1,30,,211995,23,0,18 14,1,70,,211996,23,0,18 14,1,30,,211997,23,0,18 14,1,70,,211998,23,0,18 14,1,30,,211999,23,0,18 14,1,70,,212000,23,0,18 14,1,30,,212001,23,0,18 14,1,70,,212002,23,0,18 14,1,30,,212003,23,0,18 14,1,70,,212004,23,0,18 14,1,30,,212005,23,0,18 14,1,70,,212006,23,0,18 14,1,30,,212007,23,0,18 14,1,70,,212008,23,0,18 14,1,30,,212009,23,0,18 14,1,70,,212010,23,0,18 14,1
10901,'109-Sunday-7-26-06-0000001',1037,,212011,23,0,18 14,1,70,,212012,23,0,18 14,1,30,,212013,23,0,18 14,1,70,,212014,23,0,18 14,1,30,,212015,23,0,18 14,1,70,,212016,23,0,18 14,1,30,,212017,23,0,18 14,1,70,,212018,23,0,18 14,1,30,,212019,23,0,18 14,1,70,,212020,23,0,18 14,1,30,,212021,23,0,18 14,1,70,,212022,23,0,18 14,1,30,,212023,23,0,18 14,1,70,,212024,23,0,18 14,1,30,,212025,23,0,18 14,1,70,,212026,23,0,18 14,1,30,,212027,23,0,18 14,1,70,,212028,23,0,18 14,1
24014001,'140X-Weekday-1-26-06-1111100',600,,187125,1,,,1,20,,187130,1,,,1,20,,187124,1,,,1,60,,187126,1,,,1,20,,187127,1,,,1,20,,187128,1,,,1,60,,187129,1,,,1,20,,187131,1,,,1
24014001,'140X-Weekday-2-26-06-1111100',600,,203029,1,,,1,20,,203034,1,,,1,20,,203028,1,,,1,60,,203030,1,,,1,20,,203031,1,,,1,20,,203032,1,,,1,60,,203033,1,,,1,20,,203035,1,,,1
